# %ECSV 1.0
# ---
# datatype:
# - {name: time, datatype: float64}
# - {name: swift_uvot_uvw2, datatype: float64}
# - {name: swift_uvot_uvm2, datatype: float64}
# - {name: swift_uvot_uvw1, datatype: float64}
# - {name: swift_uvot_U, datatype: float64}
# - {name: swift_uvot_B, datatype: float64}
# - {name: swift_uvot_V, datatype: float64}
# - {name: swift_uvot_W, datatype: float64}
# - {name: johnson_U, datatype: float64}
# - {name: johnson_B, datatype: float64}
# - {name: johnson_V, datatype: float64}
# - {name: johnson_R, datatype: float64}
# - {name: johnson_I, datatype: float64}
# - {name: sdss_u, datatype: float64}
# - {name: sdss_g, datatype: float64}
# - {name: sdss_r, datatype: float64}
# - {name: sdss_i, datatype: float64}
# - {name: sdss_z, datatype: float64}
# - {name: PS1_g, datatype: float64}
# - {name: PS1_r, datatype: float64}
# - {name: PS1_i, datatype: float64}
# - {name: PS1_z, datatype: float64}
# - {name: PS1_Y, datatype: float64}
# - {name: PS1_w, datatype: float64}
# - {name: ATLAS_c, datatype: float64}
# - {name: ATLAS_o, datatype: float64}
# - {name: ukirt_J, datatype: float64}
# - {name: ukirt_H, datatype: float64}
# - {name: ukirt_K, datatype: float64}
# - {name: Clear, datatype: float64}
# meta: !!omap
# - comment: [kappa = 10.0, type = villar, mass = 0.027507471329904786, velocity = 0.3433333333333334, theta_obs = 0.0]
# schema: astropy-2.0
time swift_uvot_uvw2 swift_uvot_uvm2 swift_uvot_uvw1 swift_uvot_U swift_uvot_B swift_uvot_V swift_uvot_W johnson_U johnson_B johnson_V johnson_R johnson_I sdss_u sdss_g sdss_r sdss_i sdss_z PS1_g PS1_r PS1_i PS1_z PS1_Y PS1_w ATLAS_c ATLAS_o ukirt_J ukirt_H ukirt_K Clear
0.001 nan nan nan nan nan nan nan nan nan nan nan nan nan nan nan nan nan nan nan nan nan nan nan nan nan nan nan nan nan
0.00103 -3.871 -4.036 -4.153 -4.31 -4.237 -4.067 -4.117 -4.306 -4.234 -4.059 -3.815 -3.493 -4.309 -4.187 -3.934 -3.695 -3.445 -4.178 -3.946 -3.708 -3.524 -3.442 -3.943 -4.091 -3.834 -2.898 -2.421 -1.847 -3.974
0.001061 -4.709 -4.801 -4.846 -4.859 -4.711 -4.485 -4.755 -4.842 -4.708 -4.476 -4.194 -3.838 -4.847 -4.642 -4.327 -4.058 -3.786 -4.628 -4.343 -4.075 -3.876 -3.801 -4.35 -4.52 -4.215 -3.206 -2.712 -2.124 -4.392
0.001094 -5.159 -5.212 -5.225 -5.167 -4.984 -4.732 -5.114 -5.144 -4.981 -4.723 -4.422 -4.05 -5.151 -4.906 -4.562 -4.278 -3.995 -4.89 -4.58 -4.298 -4.094 -4.025 -4.591 -4.773 -4.444 -3.401 -2.898 -2.303 -4.64
0.001127 -5.467 -5.494 -5.487 -5.387 -5.182 -4.914 -5.366 -5.36 -5.178 -4.904 -4.592 -4.211 -5.367 -5.098 -4.737 -4.444 -4.154 -5.082 -4.757 -4.466 -4.26 -4.196 -4.77 -4.958 -4.615 -3.551 -3.042 -2.443 -4.822
0.001161 -5.702 -5.711 -5.691 -5.56 -5.341 -5.061 -5.563 -5.531 -5.337 -5.052 -4.732 -4.344 -5.538 -5.253 -4.88 -4.581 -4.287 -5.237 -4.901 -4.605 -4.397 -4.338 -4.916 -5.108 -4.756 -3.676 -3.165 -2.563 -4.971
0.001196 -5.893 -5.889 -5.859 -5.706 -5.476 -5.188 -5.727 -5.675 -5.472 -5.179 -4.854 -4.461 -5.682 -5.386 -5.004 -4.7 -4.403 -5.369 -5.026 -4.726 -4.516 -4.462 -5.042 -5.237 -4.878 -3.788 -3.273 -2.669 -5.098
0.001232 -6.056 -6.04 -6.003 -5.834 -5.595 -5.302 -5.868 -5.801 -5.592 -5.292 -4.963 -4.566 -5.809 -5.503 -5.114 -4.807 -4.507 -5.486 -5.138 -4.835 -4.624 -4.573 -5.154 -5.352 -4.987 -3.889 -3.372 -2.767 -5.212
0.001269 -6.197 -6.173 -6.131 -5.948 -5.703 -5.405 -5.993 -5.914 -5.7 -5.395 -5.063 -4.663 -5.922 -5.61 -5.215 -4.905 -4.604 -5.593 -5.24 -4.934 -4.723 -4.675 -5.256 -5.456 -5.087 -3.982 -3.465 -2.858 -5.315
0.001308 -6.324 -6.293 -6.246 -6.053 -5.803 -5.501 -6.107 -6.018 -5.799 -5.491 -5.156 -4.754 -6.026 -5.708 -5.31 -4.997 -4.694 -5.691 -5.334 -5.027 -4.816 -4.77 -5.351 -5.553 -5.181 -4.071 -3.552 -2.944 -5.411
0.001347 -6.439 -6.402 -6.351 -6.15 -5.896 -5.591 -6.211 -6.114 -5.892 -5.581 -5.244 -4.84 -6.122 -5.8 -5.398 -5.084 -4.78 -5.783 -5.424 -5.115 -4.904 -4.86 -5.441 -5.643 -5.269 -4.155 -3.635 -3.026 -5.502
0.001388 -6.544 -6.503 -6.449 -6.241 -5.984 -5.676 -6.308 -6.205 -5.98 -5.666 -5.328 -4.922 -6.213 -5.887 -5.483 -5.167 -4.862 -5.87 -5.509 -5.199 -4.987 -4.945 -5.526 -5.729 -5.353 -4.235 -3.714 -3.105 -5.587
0.00143 -6.642 -6.597 -6.541 -6.327 -6.068 -5.758 -6.399 -6.291 -6.064 -5.748 -5.408 -5.001 -6.299 -5.97 -5.563 -5.247 -4.941 -5.953 -5.59 -5.279 -5.067 -5.027 -5.607 -5.812 -5.433 -4.313 -3.791 -3.181 -5.669
0.001473 -6.734 -6.686 -6.628 -6.409 -6.148 -5.836 -6.485 -6.373 -6.144 -5.827 -5.485 -5.077 -6.381 -6.049 -5.641 -5.324 -5.017 -6.033 -5.668 -5.356 -5.145 -5.106 -5.685 -5.89 -5.51 -4.388 -3.866 -3.256 -5.748
0.001518 -6.82 -6.77 -6.71 -6.488 -6.225 -5.912 -6.567 -6.451 -6.221 -5.902 -5.56 -5.151 -6.459 -6.126 -5.716 -5.398 -5.091 -6.109 -5.744 -5.431 -5.219 -5.182 -5.761 -5.967 -5.585 -4.461 -3.939 -3.328 -5.824
0.001564 -6.902 -6.85 -6.789 -6.564 -6.299 -5.986 -6.646 -6.527 -6.296 -5.976 -5.633 -5.223 -6.535 -6.2 -5.789 -5.471 -5.163 -6.184 -5.817 -5.504 -5.292 -5.255 -5.834 -6.04 -5.658 -4.533 -4.01 -3.399 -5.897
0.001611 -6.98 -6.926 -6.865 -6.638 -6.372 -6.057 -6.721 -6.6 -6.368 -6.048 -5.704 -5.294 -6.608 -6.273 -5.861 -5.542 -5.234 -6.256 -5.888 -5.575 -5.363 -5.327 -5.906 -6.112 -5.729 -4.603 -4.08 -3.469 -5.969
0.00166 -7.055 -7.0 -6.938 -6.709 -6.442 -6.127 -6.794 -6.671 -6.439 -6.117 -5.773 -5.363 -6.68 -6.343 -5.93 -5.611 -5.303 -6.326 -5.958 -5.645 -5.433 -5.397 -5.976 -6.182 -5.799 -4.671 -4.148 -3.537 -6.039
0.00171 -7.127 -7.071 -7.008 -6.778 -6.511 -6.196 -6.864 -6.741 -6.507 -6.186 -5.842 -5.431 -6.749 -6.411 -5.999 -5.679 -5.37 -6.395 -6.026 -5.713 -5.501 -5.465 -6.044 -6.251 -5.867 -4.739 -4.216 -3.604 -6.107
0.001761 -7.196 -7.14 -7.077 -6.846 -6.578 -6.263 -6.933 -6.808 -6.575 -6.253 -5.908 -5.498 -6.817 -6.479 -6.065 -5.746 -5.437 -6.462 -6.093 -5.78 -5.568 -5.532 -6.111 -6.318 -5.934 -4.806 -4.282 -3.67 -6.174
0.001815 -7.263 -7.207 -7.143 -6.912 -6.644 -6.329 -6.999 -6.874 -6.641 -6.319 -5.974 -5.563 -6.883 -6.545 -6.131 -5.811 -5.503 -6.528 -6.159 -5.846 -5.633 -5.598 -6.177 -6.384 -5.999 -4.871 -4.348 -3.736 -6.24
0.00187 -7.328 -7.271 -7.208 -6.977 -6.709 -6.393 -7.064 -6.939 -6.705 -6.383 -6.039 -5.628 -6.947 -6.609 -6.196 -5.876 -5.567 -6.593 -6.224 -5.91 -5.698 -5.663 -6.241 -6.448 -6.064 -4.936 -4.412 -3.801 -6.305
0.001926 -7.391 -7.334 -7.271 -7.041 -6.773 -6.457 -7.127 -7.003 -6.769 -6.447 -6.103 -5.692 -7.011 -6.673 -6.26 -5.94 -5.631 -6.657 -6.288 -5.974 -5.762 -5.727 -6.305 -6.512 -6.128 -5.0 -4.476 -3.865 -6.369
0.001984 -7.452 -7.396 -7.333 -7.103 -6.835 -6.52 -7.189 -7.065 -6.832 -6.51 -6.166 -5.755 -7.073 -6.736 -6.323 -6.003 -5.695 -6.719 -6.351 -6.037 -5.825 -5.79 -6.368 -6.575 -6.191 -5.063 -4.54 -3.928 -6.432
0.002044 -7.512 -7.456 -7.394 -7.164 -6.897 -6.582 -7.25 -7.127 -6.894 -6.572 -6.228 -5.818 -7.135 -6.798 -6.385 -6.065 -5.757 -6.781 -6.413 -6.099 -5.887 -5.852 -6.43 -6.637 -6.253 -5.126 -4.603 -3.991 -6.494
0.002106 -7.57 -7.515 -7.453 -7.225 -6.958 -6.643 -7.309 -7.187 -6.954 -6.633 -6.29 -5.879 -7.195 -6.859 -6.446 -6.127 -5.819 -6.842 -6.474 -6.161 -5.949 -5.913 -6.492 -6.698 -6.315 -5.188 -4.665 -4.053 -6.555
0.00217 -7.627 -7.573 -7.511 -7.284 -7.018 -6.704 -7.367 -7.247 -7.015 -6.694 -6.351 -5.941 -7.255 -6.919 -6.507 -6.188 -5.88 -6.902 -6.535 -6.222 -6.01 -5.974 -6.552 -6.759 -6.376 -5.249 -4.727 -4.115 -6.615
0.002236 -7.682 -7.629 -7.568 -7.343 -7.078 -6.764 -7.425 -7.306 -7.074 -6.754 -6.411 -6.001 -7.314 -6.979 -6.568 -6.249 -5.941 -6.962 -6.595 -6.282 -6.07 -6.033 -6.613 -6.819 -6.436 -5.311 -4.788 -4.177 -6.675
0.002303 -7.736 -7.685 -7.625 -7.401 -7.137 -6.823 -7.481 -7.364 -7.133 -6.814 -6.471 -6.062 -7.372 -7.038 -6.627 -6.309 -6.001 -7.021 -6.655 -6.342 -6.13 -6.093 -6.672 -6.878 -6.496 -5.371 -4.849 -4.238 -6.735
0.002373 -7.79 -7.739 -7.68 -7.458 -7.195 -6.882 -7.537 -7.421 -7.191 -6.872 -6.53 -6.121 -7.429 -7.096 -6.686 -6.368 -6.061 -7.079 -6.714 -6.401 -6.189 -6.152 -6.731 -6.937 -6.555 -5.431 -4.909 -4.298 -6.794
0.002445 -7.842 -7.793 -7.735 -7.515 -7.252 -6.941 -7.592 -7.478 -7.249 -6.931 -6.589 -6.181 -7.486 -7.154 -6.745 -6.427 -6.12 -7.137 -6.772 -6.46 -6.248 -6.21 -6.789 -6.995 -6.614 -5.491 -4.969 -4.359 -6.852
0.002519 -7.893 -7.846 -7.788 -7.571 -7.309 -6.998 -7.646 -7.534 -7.306 -6.989 -6.647 -6.24 -7.542 -7.211 -6.803 -6.486 -6.179 -7.194 -6.83 -6.519 -6.307 -6.268 -6.847 -7.052 -6.672 -5.551 -5.029 -4.418 -6.91
0.002595 -7.944 -7.898 -7.841 -7.626 -7.366 -7.056 -7.699 -7.59 -7.362 -7.046 -6.705 -6.298 -7.598 -7.268 -6.861 -6.544 -6.238 -7.251 -6.888 -6.577 -6.365 -6.325 -6.905 -7.11 -6.73 -5.61 -5.088 -4.478 -6.967
0.002673 -7.993 -7.949 -7.894 -7.681 -7.422 -7.113 -7.752 -7.645 -7.418 -7.103 -6.763 -6.356 -7.653 -7.324 -6.918 -6.602 -6.296 -7.308 -6.945 -6.634 -6.422 -6.382 -6.962 -7.166 -6.788 -5.669 -5.147 -4.537 -7.024
0.002754 -8.042 -8.0 -7.945 -7.735 -7.478 -7.169 -7.804 -7.699 -7.474 -7.159 -6.82 -6.414 -7.707 -7.38 -6.975 -6.66 -6.354 -7.363 -7.002 -6.691 -6.48 -6.438 -7.019 -7.223 -6.845 -5.727 -5.206 -4.596 -7.08
0.002837 -8.09 -8.05 -7.996 -7.789 -7.533 -7.225 -7.855 -7.753 -7.529 -7.216 -6.877 -6.472 -7.761 -7.436 -7.032 -6.717 -6.412 -7.419 -7.058 -6.748 -6.537 -6.495 -7.075 -7.279 -6.902 -5.785 -5.265 -4.655 -7.136
0.002923 -8.137 -8.099 -8.047 -7.842 -7.587 -7.281 -7.906 -7.807 -7.584 -7.271 -6.934 -6.529 -7.815 -7.491 -7.088 -6.774 -6.469 -7.474 -7.114 -6.805 -6.593 -6.55 -7.131 -7.334 -6.958 -5.843 -5.323 -4.714 -7.192
0.003012 -8.183 -8.147 -8.096 -7.895 -7.642 -7.337 -7.956 -7.86 -7.638 -7.327 -6.99 -6.586 -7.868 -7.546 -7.144 -6.83 -6.526 -7.529 -7.17 -6.861 -6.65 -6.606 -7.187 -7.389 -7.015 -5.901 -5.381 -4.772 -7.247
0.003103 -8.229 -8.195 -8.146 -7.948 -7.696 -7.392 -8.006 -7.913 -7.692 -7.382 -7.046 -6.642 -7.921 -7.6 -7.2 -6.887 -6.583 -7.583 -7.225 -6.917 -6.706 -6.661 -7.242 -7.444 -7.07 -5.958 -5.439 -4.83 -7.302
0.003196 -8.274 -8.242 -8.194 -8.0 -7.749 -7.447 -8.055 -7.965 -7.746 -7.437 -7.101 -6.699 -7.973 -7.654 -7.255 -6.943 -6.639 -7.637 -7.28 -6.973 -6.761 -6.716 -7.297 -7.499 -7.126 -6.015 -5.496 -4.888 -7.357
0.003293 -8.319 -8.289 -8.243 -8.051 -7.803 -7.501 -8.104 -8.017 -7.799 -7.491 -7.157 -6.755 -8.025 -7.708 -7.31 -6.998 -6.695 -7.691 -7.335 -7.028 -6.817 -6.771 -7.352 -7.553 -7.181 -6.072 -5.554 -4.946 -7.412
0.003393 -8.362 -8.335 -8.29 -8.103 -7.855 -7.555 -8.152 -8.068 -7.852 -7.546 -7.212 -6.811 -8.076 -7.761 -7.365 -7.054 -6.751 -7.744 -7.389 -7.083 -6.872 -6.825 -7.406 -7.607 -7.236 -6.129 -5.611 -5.003 -7.466
0.003495 -8.406 -8.381 -8.337 -8.153 -7.908 -7.609 -8.2 -8.119 -7.904 -7.599 -7.267 -6.866 -8.127 -7.814 -7.419 -7.109 -6.807 -7.797 -7.444 -7.138 -6.927 -6.879 -7.46 -7.66 -7.291 -6.186 -5.668 -5.06 -7.519
0.003601 -8.448 -8.426 -8.384 -8.204 -7.96 -7.663 -8.247 -8.17 -7.957 -7.653 -7.321 -6.922 -8.178 -7.867 -7.473 -7.164 -6.863 -7.85 -7.498 -7.193 -6.982 -6.933 -7.514 -7.714 -7.346 -6.242 -5.724 -5.118 -7.573
0.00371 -8.49 -8.471 -8.43 -8.254 -8.012 -7.716 -8.294 -8.221 -8.009 -7.706 -7.375 -6.977 -8.228 -7.919 -7.527 -7.219 -6.918 -7.902 -7.551 -7.247 -7.036 -6.987 -7.568 -7.767 -7.4 -6.298 -5.781 -5.175 -7.626
0.003822 -8.532 -8.515 -8.476 -8.304 -8.064 -7.769 -8.341 -8.271 -8.06 -7.76 -7.43 -7.032 -8.278 -7.971 -7.581 -7.273 -6.973 -7.954 -7.605 -7.301 -7.091 -7.04 -7.621 -7.82 -7.454 -6.354 -5.837 -5.231 -7.679
0.003938 -8.573 -8.558 -8.522 -8.353 -8.115 -7.822 -8.387 -8.321 -8.112 -7.813 -7.483 -7.087 -8.328 -8.023 -7.635 -7.328 -7.028 -8.006 -7.658 -7.355 -7.145 -7.094 -7.674 -7.872 -7.508 -6.41 -5.894 -5.288 -7.732
0.004057 -8.614 -8.602 -8.567 -8.402 -8.166 -7.875 -8.432 -8.37 -8.163 -7.865 -7.537 -7.141 -8.378 -8.075 -7.688 -7.382 -7.083 -8.058 -7.711 -7.409 -7.199 -7.147 -7.727 -7.924 -7.561 -6.465 -5.95 -5.345 -7.785
0.00418 -8.654 -8.644 -8.611 -8.451 -8.217 -7.927 -8.478 -8.419 -8.214 -7.918 -7.591 -7.196 -8.427 -8.126 -7.741 -7.436 -7.137 -8.109 -7.764 -7.463 -7.253 -7.199 -7.78 -7.976 -7.615 -6.521 -6.006 -5.401 -7.837
0.004306 -8.693 -8.687 -8.655 -8.5 -8.268 -7.979 -8.523 -8.468 -8.264 -7.97 -7.644 -7.25 -8.476 -8.177 -7.794 -7.489 -7.192 -8.16 -7.816 -7.516 -7.306 -7.252 -7.832 -8.028 -7.668 -6.576 -6.062 -5.457 -7.889
0.004436 -8.732 -8.728 -8.699 -8.548 -8.318 -8.031 -8.567 -8.517 -8.315 -8.022 -7.697 -7.304 -8.524 -8.228 -7.847 -7.543 -7.246 -8.211 -7.869 -7.569 -7.36 -7.305 -7.884 -8.08 -7.721 -6.631 -6.117 -5.513 -7.941
0.00457 -8.771 -8.77 -8.742 -8.596 -8.368 -8.083 -8.611 -8.565 -8.365 -8.074 -7.75 -7.358 -8.572 -8.279 -7.899 -7.596 -7.3 -8.262 -7.921 -7.622 -7.413 -7.357 -7.936 -8.131 -7.774 -6.687 -6.173 -5.569 -7.993
0.004709 -8.809 -8.811 -8.785 -8.643 -8.418 -8.135 -8.655 -8.613 -8.415 -8.125 -7.803 -7.412 -8.62 -8.329 -7.951 -7.65 -7.354 -8.312 -7.973 -7.675 -7.466 -7.409 -7.988 -8.182 -7.827 -6.741 -6.228 -5.625 -8.044
0.004851 -8.846 -8.851 -8.828 -8.691 -8.468 -8.186 -8.699 -8.661 -8.464 -8.176 -7.855 -7.465 -8.668 -8.38 -8.004 -7.703 -7.408 -8.363 -8.025 -7.728 -7.519 -7.461 -8.04 -8.233 -7.879 -6.796 -6.284 -5.681 -8.095
0.004998 -8.883 -8.891 -8.87 -8.738 -8.517 -8.237 -8.742 -8.708 -8.514 -8.228 -7.908 -7.519 -8.715 -8.43 -8.055 -7.756 -7.461 -8.413 -8.077 -7.78 -7.572 -7.513 -8.091 -8.284 -7.931 -6.851 -6.339 -5.737 -8.146
0.005149 -8.92 -8.931 -8.912 -8.784 -8.566 -8.288 -8.785 -8.755 -8.563 -8.279 -7.96 -7.572 -8.762 -8.479 -8.107 -7.808 -7.515 -8.463 -8.128 -7.833 -7.624 -7.565 -8.143 -8.335 -7.983 -6.905 -6.394 -5.792 -8.197
0.005305 -8.956 -8.97 -8.954 -8.831 -8.615 -8.339 -8.827 -8.802 -8.612 -8.329 -8.012 -7.625 -8.809 -8.529 -8.159 -7.861 -7.568 -8.512 -8.179 -7.885 -7.677 -7.617 -8.194 -8.385 -8.035 -6.96 -6.449 -5.848 -8.248
0.005465 -8.992 -9.009 -8.995 -8.877 -8.664 -8.389 -8.869 -8.849 -8.66 -8.38 -8.064 -7.678 -8.856 -8.578 -8.21 -7.913 -7.621 -8.562 -8.231 -7.937 -7.729 -7.668 -8.245 -8.435 -8.087 -7.014 -6.504 -5.903 -8.298
0.00563 -9.028 -9.048 -9.035 -8.923 -8.713 -8.44 -8.911 -8.895 -8.709 -8.43 -8.115 -7.731 -8.902 -8.627 -8.261 -7.966 -7.674 -8.611 -8.281 -7.989 -7.781 -7.72 -8.295 -8.485 -8.139 -7.068 -6.559 -5.958 -8.349
0.005801 -9.062 -9.086 -9.076 -8.969 -8.761 -8.49 -8.953 -8.941 -8.757 -8.481 -8.167 -7.784 -8.948 -8.676 -8.312 -8.018 -7.727 -8.66 -8.332 -8.041 -7.834 -7.771 -8.346 -8.535 -8.19 -7.122 -6.613 -6.014 -8.399
0.005976 -9.097 -9.124 -9.116 -9.014 -8.809 -8.54 -8.994 -8.987 -8.805 -8.531 -8.218 -7.837 -8.994 -8.725 -8.363 -8.07 -7.78 -8.709 -8.383 -8.092 -7.886 -7.822 -8.396 -8.584 -8.242 -7.176 -6.668 -6.069 -8.449
0.006157 -9.131 -9.161 -9.156 -9.059 -8.857 -8.59 -9.035 -9.033 -8.853 -8.581 -8.27 -7.889 -9.04 -8.773 -8.414 -8.122 -7.833 -8.757 -8.433 -8.144 -7.937 -7.873 -8.447 -8.634 -8.293 -7.23 -6.722 -6.124 -8.498
0.006343 -9.165 -9.198 -9.195 -9.104 -8.904 -8.64 -9.076 -9.078 -8.901 -8.63 -8.321 -7.941 -9.085 -8.822 -8.465 -8.173 -7.885 -8.806 -8.484 -8.195 -7.989 -7.924 -8.497 -8.683 -8.344 -7.284 -6.777 -6.179 -8.548
0.006535 -9.198 -9.234 -9.234 -9.149 -8.952 -8.689 -9.116 -9.123 -8.948 -8.68 -8.372 -7.994 -9.13 -8.87 -8.515 -8.225 -7.938 -8.854 -8.534 -8.247 -8.041 -7.975 -8.547 -8.732 -8.395 -7.337 -6.831 -6.233 -8.597
0.006732 -9.231 -9.271 -9.273 -9.193 -8.999 -8.738 -9.156 -9.168 -8.995 -8.729 -8.423 -8.046 -9.175 -8.918 -8.565 -8.276 -7.99 -8.902 -8.584 -8.298 -8.092 -8.026 -8.596 -8.781 -8.445 -7.391 -6.885 -6.288 -8.647
0.006936 -9.263 -9.306 -9.311 -9.238 -9.046 -8.788 -9.196 -9.213 -9.042 -8.778 -8.473 -8.098 -9.219 -8.966 -8.615 -8.328 -8.042 -8.95 -8.634 -8.349 -8.144 -8.076 -8.646 -8.83 -8.496 -7.444 -6.939 -6.343 -8.696
0.007146 -9.295 -9.342 -9.349 -9.281 -9.093 -8.837 -9.236 -9.257 -9.089 -8.827 -8.524 -8.15 -9.264 -9.013 -8.665 -8.379 -8.094 -8.997 -8.683 -8.399 -8.195 -8.127 -8.695 -8.878 -8.546 -7.498 -6.993 -6.397 -8.745
0.007362 -9.327 -9.377 -9.387 -9.325 -9.139 -8.885 -9.275 -9.302 -9.136 -8.876 -8.574 -8.201 -9.308 -9.061 -8.715 -8.43 -8.146 -9.045 -8.733 -8.45 -8.246 -8.177 -8.745 -8.927 -8.597 -7.551 -7.047 -6.452 -8.793
0.007585 -9.358 -9.411 -9.425 -9.369 -9.186 -8.934 -9.314 -9.345 -9.182 -8.925 -8.624 -8.253 -9.352 -9.108 -8.765 -8.481 -8.198 -9.092 -8.782 -8.501 -8.297 -8.228 -8.794 -8.975 -8.647 -7.604 -7.101 -6.506 -8.842
0.007814 -9.389 -9.446 -9.462 -9.412 -9.232 -8.983 -9.352 -9.389 -9.229 -8.974 -8.674 -8.304 -9.395 -9.155 -8.814 -8.532 -8.25 -9.139 -8.832 -8.551 -8.348 -8.278 -8.843 -9.023 -8.697 -7.657 -7.155 -6.561 -8.89
0.00805 -9.419 -9.48 -9.498 -9.455 -9.278 -9.031 -9.391 -9.433 -9.275 -9.022 -8.724 -8.356 -9.439 -9.202 -8.864 -8.582 -8.301 -9.186 -8.881 -8.602 -8.399 -8.328 -8.891 -9.071 -8.747 -7.71 -7.208 -6.615 -8.939
0.008294 -9.449 -9.513 -9.535 -9.497 -9.324 -9.079 -9.429 -9.476 -9.321 -9.07 -8.774 -8.407 -9.482 -9.248 -8.913 -8.633 -8.353 -9.233 -8.93 -8.652 -8.45 -8.378 -8.94 -9.118 -8.797 -7.763 -7.262 -6.669 -8.987
0.008545 -9.479 -9.546 -9.571 -9.54 -9.37 -9.127 -9.467 -9.519 -9.366 -9.118 -8.824 -8.458 -9.525 -9.295 -8.962 -8.683 -8.404 -9.28 -8.979 -8.702 -8.5 -8.428 -8.989 -9.166 -8.846 -7.816 -7.316 -6.723 -9.035
0.008803 -9.508 -9.579 -9.607 -9.582 -9.415 -9.175 -9.504 -9.562 -9.412 -9.166 -8.874 -8.509 -9.568 -9.341 -9.011 -8.734 -8.456 -9.326 -9.028 -8.752 -8.551 -8.478 -9.037 -9.213 -8.896 -7.868 -7.369 -6.777 -9.083
0.009069 -9.536 -9.611 -9.642 -9.624 -9.46 -9.223 -9.542 -9.604 -9.457 -9.214 -8.923 -8.56 -9.61 -9.387 -9.06 -8.784 -8.507 -9.372 -9.076 -8.802 -8.601 -8.528 -9.085 -9.261 -8.945 -7.921 -7.422 -6.832 -9.13
0.009344 -9.565 -9.643 -9.677 -9.666 -9.505 -9.27 -9.579 -9.647 -9.502 -9.262 -8.972 -8.611 -9.652 -9.433 -9.109 -8.834 -8.558 -9.419 -9.125 -8.852 -8.651 -8.578 -9.133 -9.308 -8.994 -7.973 -7.476 -6.885 -9.178
0.009626 -9.593 -9.675 -9.712 -9.707 -9.55 -9.318 -9.616 -9.689 -9.547 -9.309 -9.022 -8.662 -9.694 -9.479 -9.157 -8.884 -8.609 -9.465 -9.173 -8.901 -8.702 -8.627 -9.181 -9.354 -9.043 -8.026 -7.529 -6.939 -9.225
0.009917 -9.62 -9.706 -9.746 -9.748 -9.595 -9.365 -9.652 -9.73 -9.592 -9.356 -9.071 -8.713 -9.736 -9.524 -9.205 -8.934 -8.66 -9.51 -9.221 -8.951 -8.752 -8.677 -9.229 -9.401 -9.092 -8.078 -7.582 -6.993 -9.272
0.010217 -9.647 -9.737 -9.78 -9.789 -9.64 -9.412 -9.688 -9.772 -9.636 -9.403 -9.12 -8.763 -9.778 -9.57 -9.254 -8.983 -8.71 -9.556 -9.269 -9.0 -8.802 -8.726 -9.276 -9.448 -9.141 -8.131 -7.635 -7.047 -9.319
0.010526 -9.674 -9.767 -9.814 -9.83 -9.684 -9.459 -9.724 -9.813 -9.68 -9.45 -9.169 -8.814 -9.819 -9.615 -9.302 -9.033 -8.761 -9.601 -9.317 -9.05 -8.852 -8.776 -9.324 -9.494 -9.19 -8.183 -7.688 -7.101 -9.366
0.010845 -9.7 -9.797 -9.848 -9.871 -9.728 -9.506 -9.76 -9.855 -9.725 -9.497 -9.217 -8.864 -9.86 -9.66 -9.35 -9.083 -8.812 -9.647 -9.365 -9.099 -8.902 -8.825 -9.371 -9.54 -9.238 -8.235 -7.741 -7.154 -9.413
0.011173 -9.726 -9.827 -9.881 -9.911 -9.772 -9.553 -9.796 -9.895 -9.768 -9.544 -9.266 -8.914 -9.901 -9.705 -9.398 -9.132 -8.862 -9.692 -9.412 -9.148 -8.951 -8.874 -9.419 -9.586 -9.287 -8.287 -7.794 -7.208 -9.46
0.011511 -9.751 -9.856 -9.913 -9.951 -9.816 -9.599 -9.831 -9.936 -9.812 -9.591 -9.314 -8.964 -9.941 -9.75 -9.445 -9.181 -8.913 -9.736 -9.46 -9.197 -9.001 -8.924 -9.466 -9.632 -9.335 -8.339 -7.847 -7.262 -9.506
0.011859 -9.776 -9.885 -9.946 -9.991 -9.859 -9.645 -9.866 -9.977 -9.856 -9.637 -9.363 -9.014 -9.982 -9.794 -9.493 -9.23 -8.963 -9.781 -9.507 -9.246 -9.051 -8.973 -9.512 -9.678 -9.383 -8.391 -7.9 -7.315 -9.552
0.012217 -9.801 -9.913 -9.978 -10.03 -9.902 -9.692 -9.9 -10.017 -9.899 -9.683 -9.411 -9.064 -10.022 -9.838 -9.54 -9.279 -9.013 -9.826 -9.555 -9.295 -9.1 -9.022 -9.559 -9.724 -9.431 -8.443 -7.953 -7.368 -9.599
0.012587 -9.825 -9.941 -10.01 -10.07 -9.946 -9.738 -9.935 -10.057 -9.942 -9.729 -9.459 -9.114 -10.062 -9.883 -9.588 -9.328 -9.063 -9.87 -9.602 -9.343 -9.149 -9.071 -9.606 -9.769 -9.479 -8.494 -8.005 -7.422 -9.645
0.012968 -9.849 -9.969 -10.041 -10.109 -9.988 -9.783 -9.969 -10.096 -9.985 -9.775 -9.507 -9.164 -10.101 -9.926 -9.635 -9.377 -9.113 -9.914 -9.649 -9.392 -9.199 -9.12 -9.652 -9.814 -9.527 -8.546 -8.058 -7.475 -9.69
0.01336 -9.872 -9.996 -10.072 -10.147 -10.031 -9.829 -10.003 -10.136 -10.028 -9.821 -9.555 -9.213 -10.14 -9.97 -9.682 -9.426 -9.163 -9.958 -9.695 -9.44 -9.248 -9.169 -9.699 -9.859 -9.575 -8.598 -8.11 -7.528 -9.736
0.013764 -9.895 -10.023 -10.103 -10.186 -10.074 -9.875 -10.036 -10.175 -10.071 -9.866 -9.602 -9.263 -10.18 -10.014 -9.729 -9.474 -9.213 -10.002 -9.742 -9.489 -9.297 -9.217 -9.745 -9.904 -9.622 -8.649 -8.163 -7.582 -9.782
0.01418 -9.918 -10.05 -10.133 -10.224 -10.116 -9.92 -10.07 -10.214 -10.113 -9.912 -9.65 -9.312 -10.218 -10.057 -9.776 -9.523 -9.262 -10.046 -9.789 -9.537 -9.346 -9.266 -9.791 -9.949 -9.67 -8.701 -8.215 -7.635 -9.827
0.014609 -9.94 -10.076 -10.163 -10.262 -10.158 -9.965 -10.103 -10.253 -10.155 -9.957 -9.697 -9.362 -10.257 -10.1 -9.822 -9.571 -9.312 -10.089 -9.835 -9.585 -9.395 -9.315 -9.837 -9.994 -9.717 -8.752 -8.267 -7.688 -9.872
0.015051 -9.961 -10.101 -10.193 -10.3 -10.2 -10.01 -10.136 -10.291 -10.197 -10.002 -9.745 -9.411 -10.295 -10.143 -9.869 -9.619 -9.362 -10.133 -9.882 -9.633 -9.444 -9.363 -9.883 -10.038 -9.764 -8.803 -8.32 -7.741 -9.918
0.015506 -9.982 -10.127 -10.222 -10.337 -10.242 -10.055 -10.169 -10.329 -10.239 -10.047 -9.792 -9.46 -10.333 -10.186 -9.915 -9.667 -9.411 -10.176 -9.928 -9.681 -9.492 -9.412 -9.928 -10.083 -9.811 -8.854 -8.372 -7.794 -9.963
0.015975 -10.003 -10.151 -10.251 -10.375 -10.283 -10.1 -10.201 -10.367 -10.28 -10.092 -9.839 -9.509 -10.371 -10.229 -9.961 -9.715 -9.46 -10.219 -9.974 -9.729 -9.541 -9.46 -9.974 -10.127 -9.858 -8.906 -8.424 -7.847 -10.007
0.016458 -10.023 -10.176 -10.28 -10.411 -10.325 -10.145 -10.233 -10.405 -10.322 -10.137 -9.886 -9.558 -10.409 -10.271 -10.007 -9.763 -9.509 -10.262 -10.02 -9.776 -9.59 -9.508 -10.019 -10.171 -9.905 -8.957 -8.476 -7.9 -10.052
0.016956 -10.043 -10.2 -10.308 -10.448 -10.366 -10.189 -10.265 -10.443 -10.363 -10.181 -9.933 -9.607 -10.446 -10.314 -10.053 -9.811 -9.559 -10.304 -10.065 -9.824 -9.638 -9.557 -10.064 -10.214 -9.952 -9.008 -8.528 -7.953 -10.096
0.017469 -10.063 -10.223 -10.336 -10.485 -10.407 -10.234 -10.296 -10.48 -10.404 -10.226 -9.979 -9.655 -10.483 -10.356 -10.099 -9.859 -9.608 -10.347 -10.111 -9.871 -9.686 -9.605 -10.109 -10.258 -9.998 -9.059 -8.58 -8.006 -10.141
0.017997 -10.082 -10.246 -10.364 -10.521 -10.448 -10.278 -10.328 -10.517 -10.445 -10.27 -10.026 -9.704 -10.52 -10.398 -10.145 -9.906 -9.656 -10.389 -10.156 -9.919 -9.735 -9.653 -10.154 -10.301 -10.045 -9.109 -8.632 -8.058 -10.185
0.018541 -10.1 -10.269 -10.391 -10.557 -10.488 -10.322 -10.359 -10.553 -10.485 -10.314 -10.072 -9.753 -10.557 -10.439 -10.19 -9.954 -9.705 -10.431 -10.202 -9.966 -9.783 -9.701 -10.199 -10.345 -10.091 -9.16 -8.684 -8.111 -10.229
0.019102 -10.118 -10.291 -10.418 -10.592 -10.528 -10.365 -10.39 -10.59 -10.525 -10.358 -10.118 -9.801 -10.593 -10.481 -10.235 -10.001 -9.754 -10.473 -10.247 -10.013 -9.831 -9.749 -10.243 -10.388 -10.137 -9.211 -8.736 -8.164 -10.273
0.01968 -10.136 -10.313 -10.444 -10.628 -10.568 -10.409 -10.42 -10.626 -10.565 -10.401 -10.165 -9.849 -10.629 -10.522 -10.281 -10.048 -9.803 -10.515 -10.292 -10.06 -9.879 -9.797 -10.288 -10.431 -10.183 -9.262 -8.787 -8.217 -10.317
0.020275 -10.153 -10.334 -10.47 -10.663 -10.608 -10.453 -10.451 -10.662 -10.605 -10.445 -10.211 -9.898 -10.665 -10.563 -10.326 -10.095 -9.851 -10.556 -10.337 -10.107 -9.927 -9.844 -10.332 -10.473 -10.229 -9.312 -8.839 -8.269 -10.36
0.020888 -10.17 -10.355 -10.496 -10.697 -10.648 -10.496 -10.481 -10.698 -10.645 -10.488 -10.257 -9.946 -10.7 -10.604 -10.371 -10.142 -9.9 -10.598 -10.382 -10.154 -9.974 -9.892 -10.376 -10.516 -10.275 -9.363 -8.891 -8.322 -10.404
0.02152 -10.186 -10.376 -10.522 -10.732 -10.687 -10.539 -10.51 -10.733 -10.685 -10.532 -10.302 -9.994 -10.735 -10.645 -10.415 -10.189 -9.948 -10.639 -10.426 -10.2 -10.022 -9.94 -10.42 -10.558 -10.32 -9.413 -8.942 -8.374 -10.447
0.022171 -10.202 -10.396 -10.547 -10.766 -10.727 -10.582 -10.54 -10.768 -10.724 -10.575 -10.348 -10.042 -10.77 -10.686 -10.46 -10.236 -9.996 -10.68 -10.471 -10.247 -10.07 -9.987 -10.464 -10.601 -10.366 -9.463 -8.994 -8.427 -10.49
0.022841 -10.217 -10.415 -10.571 -10.8 -10.766 -10.625 -10.569 -10.803 -10.763 -10.617 -10.393 -10.089 -10.805 -10.726 -10.504 -10.282 -10.044 -10.72 -10.515 -10.293 -10.117 -10.035 -10.508 -10.643 -10.411 -9.514 -9.045 -8.479 -10.533
0.023532 -10.232 -10.434 -10.595 -10.834 -10.804 -10.667 -10.598 -10.837 -10.802 -10.66 -10.439 -10.137 -10.839 -10.766 -10.549 -10.329 -10.092 -10.761 -10.559 -10.34 -10.165 -10.082 -10.551 -10.685 -10.456 -9.564 -9.097 -8.531 -10.576
0.024244 -10.246 -10.453 -10.619 -10.867 -10.843 -10.71 -10.627 -10.872 -10.84 -10.703 -10.484 -10.185 -10.874 -10.806 -10.593 -10.375 -10.14 -10.801 -10.603 -10.386 -10.212 -10.13 -10.595 -10.726 -10.501 -9.614 -9.148 -8.584 -10.618
0.024977 -10.26 -10.471 -10.643 -10.9 -10.881 -10.752 -10.656 -10.906 -10.879 -10.745 -10.529 -10.232 -10.907 -10.846 -10.637 -10.421 -10.188 -10.841 -10.647 -10.432 -10.259 -10.177 -10.638 -10.768 -10.546 -9.664 -9.199 -8.636 -10.661
0.025733 -10.274 -10.489 -10.666 -10.933 -10.919 -10.794 -10.684 -10.939 -10.917 -10.787 -10.574 -10.279 -10.941 -10.885 -10.681 -10.468 -10.236 -10.881 -10.691 -10.478 -10.306 -10.224 -10.681 -10.809 -10.591 -9.714 -9.25 -8.688 -10.703
0.026511 -10.286 -10.506 -10.688 -10.965 -10.957 -10.836 -10.712 -10.973 -10.955 -10.829 -10.619 -10.327 -10.974 -10.924 -10.725 -10.514 -10.283 -10.921 -10.735 -10.524 -10.353 -10.271 -10.724 -10.85 -10.636 -9.764 -9.302 -8.74 -10.745
0.027313 -10.299 -10.522 -10.71 -10.997 -10.995 -10.878 -10.74 -11.006 -10.992 -10.871 -10.663 -10.374 -11.007 -10.963 -10.768 -10.559 -10.331 -10.961 -10.778 -10.569 -10.4 -10.318 -10.767 -10.891 -10.68 -9.814 -9.353 -8.792 -10.787
0.028139 -10.311 -10.539 -10.732 -11.029 -11.032 -10.919 -10.767 -11.039 -11.03 -10.913 -10.708 -10.421 -11.04 -11.002 -10.812 -10.605 -10.378 -11.0 -10.821 -10.615 -10.447 -10.365 -10.809 -10.932 -10.724 -9.864 -9.404 -8.844 -10.829
0.02899 -10.322 -10.554 -10.754 -11.061 -11.069 -10.961 -10.794 -11.071 -11.067 -10.954 -10.752 -10.468 -11.072 -11.041 -10.855 -10.651 -10.425 -11.039 -10.865 -10.66 -10.494 -10.412 -10.852 -10.972 -10.769 -9.913 -9.455 -8.896 -10.871
0.029867 -10.333 -10.569 -10.775 -11.092 -11.106 -11.002 -10.821 -11.103 -11.104 -10.995 -10.797 -10.515 -11.104 -11.079 -10.898 -10.696 -10.473 -11.078 -10.907 -10.706 -10.54 -10.459 -10.894 -11.013 -10.813 -9.963 -9.506 -8.948 -10.912
0.03077 -10.344 -10.584 -10.795 -11.123 -11.143 -11.043 -10.848 -11.135 -11.14 -11.036 -10.841 -10.561 -11.136 -11.117 -10.941 -10.742 -10.52 -11.117 -10.95 -10.751 -10.587 -10.506 -10.936 -11.053 -10.857 -10.012 -9.556 -9.0 -10.953
0.031701 -10.354 -10.598 -10.815 -11.153 -11.179 -11.084 -10.874 -11.167 -11.177 -11.077 -10.885 -10.608 -11.167 -11.155 -10.983 -10.787 -10.567 -11.155 -10.993 -10.796 -10.633 -10.552 -10.978 -11.093 -10.9 -10.062 -9.607 -9.052 -10.994
0.032659 -10.363 -10.612 -10.835 -11.184 -11.216 -11.124 -10.9 -11.198 -11.213 -11.118 -10.928 -10.654 -11.198 -11.193 -11.026 -10.832 -10.613 -11.194 -11.035 -10.841 -10.679 -10.599 -11.02 -11.133 -10.944 -10.111 -9.658 -9.104 -11.035
0.033647 -10.372 -10.625 -10.854 -11.214 -11.251 -11.165 -10.926 -11.229 -11.249 -11.158 -10.972 -10.701 -11.229 -11.231 -11.068 -10.877 -10.66 -11.232 -11.078 -10.886 -10.725 -10.645 -11.061 -11.172 -10.987 -10.16 -9.709 -9.156 -11.076
0.034665 -10.38 -10.638 -10.873 -11.243 -11.287 -11.205 -10.952 -11.26 -11.285 -11.199 -11.016 -10.747 -11.259 -11.268 -11.111 -10.922 -10.707 -11.269 -11.12 -10.931 -10.771 -10.692 -11.102 -11.212 -11.031 -10.21 -9.759 -9.208 -11.117
0.035713 -10.388 -10.65 -10.892 -11.272 -11.323 -11.245 -10.977 -11.29 -11.32 -11.239 -11.059 -10.793 -11.289 -11.305 -11.153 -10.966 -10.753 -11.307 -11.162 -10.975 -10.817 -10.738 -11.144 -11.251 -11.074 -10.259 -9.81 -9.259 -11.157
0.036793 -10.395 -10.662 -10.91 -11.301 -11.358 -11.285 -11.003 -11.32 -11.355 -11.279 -11.102 -10.839 -11.319 -11.342 -11.195 -11.011 -10.8 -11.344 -11.204 -11.02 -10.863 -10.784 -11.185 -11.29 -11.117 -10.308 -9.86 -9.311 -11.197
0.037906 -10.402 -10.673 -10.927 -11.33 -11.393 -11.324 -11.027 -11.35 -11.39 -11.318 -11.145 -10.885 -11.349 -11.378 -11.236 -11.055 -10.846 -11.382 -11.245 -11.064 -10.909 -10.83 -11.226 -11.329 -11.16 -10.357 -9.911 -9.363 -11.237
0.039052 -10.409 -10.683 -10.945 -11.358 -11.427 -11.364 -11.052 -11.379 -11.425 -11.358 -11.188 -10.931 -11.378 -11.415 -11.278 -11.099 -10.892 -11.418 -11.287 -11.108 -10.954 -10.876 -11.266 -11.367 -11.202 -10.406 -9.961 -9.414 -11.277
0.040234 -10.414 -10.693 -10.961 -11.386 -11.461 -11.403 -11.076 -11.408 -11.459 -11.397 -11.231 -10.976 -11.407 -11.451 -11.319 -11.143 -10.938 -11.455 -11.328 -11.152 -11.0 -10.922 -11.307 -11.405 -11.245 -10.455 -10.011 -9.466 -11.317
0.04145 -10.42 -10.702 -10.977 -11.414 -11.496 -11.442 -11.1 -11.437 -11.493 -11.436 -11.273 -11.022 -11.435 -11.487 -11.361 -11.187 -10.984 -11.492 -11.369 -11.196 -11.045 -10.968 -11.347 -11.444 -11.287 -10.503 -10.062 -9.517 -11.356
0.042704 -10.424 -10.711 -10.993 -11.441 -11.529 -11.481 -11.124 -11.465 -11.527 -11.475 -11.316 -11.067 -11.463 -11.522 -11.402 -11.231 -11.03 -11.528 -11.41 -11.24 -11.091 -11.014 -11.387 -11.481 -11.329 -10.552 -10.112 -9.569 -11.396
0.043996 -10.428 -10.72 -11.009 -11.468 -11.563 -11.519 -11.148 -11.493 -11.561 -11.514 -11.358 -11.113 -11.491 -11.557 -11.442 -11.275 -11.076 -11.564 -11.451 -11.283 -11.136 -11.059 -11.427 -11.519 -11.371 -10.601 -10.162 -9.62 -11.435
0.045326 -10.432 -10.727 -11.023 -11.494 -11.596 -11.558 -11.171 -11.521 -11.594 -11.552 -11.4 -11.158 -11.518 -11.592 -11.483 -11.318 -11.121 -11.6 -11.492 -11.327 -11.181 -11.105 -11.467 -11.557 -11.413 -10.649 -10.212 -9.671 -11.474
0.046697 -10.435 -10.734 -11.038 -11.52 -11.629 -11.596 -11.194 -11.548 -11.627 -11.59 -11.442 -11.203 -11.545 -11.627 -11.524 -11.362 -11.167 -11.635 -11.532 -11.37 -11.226 -11.15 -11.507 -11.594 -11.455 -10.698 -10.262 -9.723 -11.513
0.048109 -10.438 -10.741 -11.052 -11.546 -11.662 -11.634 -11.217 -11.575 -11.66 -11.629 -11.484 -11.248 -11.572 -11.662 -11.564 -11.405 -11.212 -11.67 -11.572 -11.413 -11.27 -11.196 -11.546 -11.631 -11.496 -10.746 -10.312 -9.774 -11.551
0.049564 -10.44 -10.747 -11.065 -11.571 -11.694 -11.671 -11.239 -11.601 -11.692 -11.666 -11.525 -11.292 -11.598 -11.696 -11.604 -11.448 -11.257 -11.705 -11.612 -11.456 -11.315 -11.241 -11.585 -11.668 -11.538 -10.794 -10.362 -9.825 -11.589
0.051063 -10.441 -10.752 -11.078 -11.596 -11.726 -11.709 -11.261 -11.628 -11.725 -11.704 -11.567 -11.337 -11.624 -11.73 -11.644 -11.491 -11.302 -11.74 -11.652 -11.499 -11.36 -11.286 -11.624 -11.704 -11.579 -10.842 -10.411 -9.876 -11.628
0.052608 -10.442 -10.757 -11.091 -11.621 -11.758 -11.746 -11.283 -11.653 -11.756 -11.741 -11.608 -11.382 -11.65 -11.764 -11.683 -11.534 -11.347 -11.774 -11.692 -11.542 -11.404 -11.331 -11.663 -11.74 -11.62 -10.89 -10.461 -9.927 -11.665
0.054199 -10.442 -10.761 -11.102 -11.645 -11.789 -11.783 -11.305 -11.679 -11.788 -11.778 -11.649 -11.426 -11.675 -11.797 -11.723 -11.576 -11.392 -11.809 -11.731 -11.584 -11.448 -11.376 -11.702 -11.776 -11.66 -10.938 -10.511 -9.978 -11.703
0.055838 -10.442 -10.765 -11.114 -11.668 -11.821 -11.82 -11.326 -11.704 -11.819 -11.815 -11.69 -11.47 -11.7 -11.83 -11.762 -11.619 -11.437 -11.843 -11.77 -11.627 -11.492 -11.421 -11.74 -11.812 -11.701 -10.986 -10.56 -10.029 -11.741
0.057527 -10.441 -10.768 -11.125 -11.692 -11.851 -11.856 -11.347 -11.729 -11.85 -11.852 -11.73 -11.514 -11.724 -11.863 -11.801 -11.661 -11.481 -11.876 -11.809 -11.669 -11.536 -11.465 -11.778 -11.848 -11.741 -11.034 -10.61 -10.08 -11.778
0.059267 -10.439 -10.77 -11.135 -11.715 -11.882 -11.893 -11.368 -11.753 -11.881 -11.888 -11.771 -11.558 -11.748 -11.896 -11.84 -11.703 -11.526 -11.91 -11.848 -11.711 -11.58 -11.51 -11.816 -11.883 -11.782 -11.082 -10.659 -10.131 -11.815
0.061059 -10.437 -10.771 -11.145 -11.737 -11.912 -11.929 -11.389 -11.777 -11.911 -11.924 -11.811 -11.602 -11.772 -11.928 -11.879 -11.745 -11.57 -11.943 -11.887 -11.753 -11.624 -11.555 -11.854 -11.918 -11.822 -11.129 -10.709 -10.182 -11.852
0.062906 -10.435 -10.772 -11.155 -11.759 -11.942 -11.964 -11.409 -11.8 -11.941 -11.96 -11.851 -11.646 -11.795 -11.96 -11.917 -11.787 -11.614 -11.975 -11.925 -11.795 -11.668 -11.599 -11.891 -11.953 -11.862 -11.177 -10.758 -10.232 -11.889
0.064808 -10.431 -10.773 -11.164 -11.781 -11.972 -12.0 -11.429 -11.823 -11.971 -11.996 -11.891 -11.689 -11.818 -11.992 -11.955 -11.828 -11.658 -12.008 -11.963 -11.836 -11.711 -11.643 -11.929 -11.988 -11.901 -11.224 -10.807 -10.283 -11.925
0.066769 -10.428 -10.773 -11.172 -11.802 -12.001 -12.035 -11.448 -11.846 -12.0 -12.031 -11.931 -11.732 -11.84 -12.023 -11.993 -11.87 -11.702 -12.04 -12.001 -11.878 -11.754 -11.687 -11.966 -12.022 -11.941 -11.271 -10.856 -10.334 -11.962
0.068788 -10.423 -10.772 -11.18 -11.823 -12.03 -12.07 -11.468 -11.868 -12.029 -12.067 -11.97 -11.776 -11.862 -12.055 -12.031 -11.911 -11.746 -12.072 -12.039 -11.919 -11.797 -11.731 -12.003 -12.056 -11.98 -11.319 -10.906 -10.384 -11.998
0.070868 -10.418 -10.77 -11.187 -11.844 -12.059 -12.105 -11.487 -11.89 -12.058 -12.101 -12.01 -11.819 -11.883 -12.085 -12.069 -11.952 -11.789 -12.104 -12.077 -11.96 -11.84 -11.775 -12.039 -12.09 -12.019 -11.366 -10.955 -10.435 -12.033
0.073012 -10.413 -10.768 -11.194 -11.864 -12.087 -12.14 -11.506 -11.912 -12.086 -12.136 -12.049 -11.862 -11.904 -12.116 -12.106 -11.993 -11.833 -12.135 -12.114 -12.001 -11.883 -11.819 -12.076 -12.123 -12.058 -11.413 -11.003 -10.485 -12.069
0.07522 -10.406 -10.765 -11.2 -11.883 -12.115 -12.174 -11.524 -11.933 -12.114 -12.17 -12.088 -11.904 -11.925 -12.146 -12.143 -12.034 -11.876 -12.166 -12.151 -12.041 -11.926 -11.863 -12.112 -12.156 -12.096 -11.46 -11.052 -10.536 -12.104
0.077495 -10.4 -10.761 -11.206 -11.902 -12.142 -12.208 -11.542 -11.953 -12.142 -12.205 -12.126 -11.947 -11.945 -12.176 -12.18 -12.074 -11.919 -12.197 -12.188 -12.082 -11.969 -11.906 -12.148 -12.189 -12.135 -11.507 -11.101 -10.586 -12.139
0.079839 -10.392 -10.757 -11.211 -11.921 -12.169 -12.241 -11.56 -11.973 -12.169 -12.238 -12.165 -11.99 -11.965 -12.205 -12.217 -12.115 -11.962 -12.228 -12.224 -12.122 -12.011 -11.95 -12.184 -12.222 -12.173 -11.553 -11.15 -10.636 -12.174
0.082253 -10.384 -10.751 -11.215 -11.939 -12.196 -12.275 -11.578 -11.993 -12.196 -12.272 -12.203 -12.032 -11.984 -12.235 -12.253 -12.155 -12.005 -12.258 -12.261 -12.162 -12.053 -11.993 -12.22 -12.254 -12.211 -11.6 -11.198 -10.687 -12.209
0.084741 -10.375 -10.746 -11.219 -11.957 -12.223 -12.308 -11.595 -12.012 -12.222 -12.305 -12.241 -12.074 -12.003 -12.263 -12.289 -12.195 -12.048 -12.288 -12.297 -12.202 -12.095 -12.036 -12.255 -12.287 -12.249 -11.646 -11.247 -10.737 -12.243
0.087304 -10.366 -10.739 -11.223 -11.974 -12.249 -12.341 -11.612 -12.031 -12.249 -12.338 -12.279 -12.116 -12.021 -12.292 -12.325 -12.235 -12.09 -12.317 -12.333 -12.242 -12.137 -12.079 -12.29 -12.318 -12.286 -11.693 -11.295 -10.787 -12.278
0.089944 -10.356 -10.732 -11.225 -11.991 -12.274 -12.373 -11.629 -12.049 -12.274 -12.371 -12.317 -12.158 -12.039 -12.32 -12.361 -12.274 -12.133 -12.346 -12.369 -12.282 -12.179 -12.122 -12.325 -12.35 -12.324 -11.739 -11.344 -10.837 -12.312
0.092665 -10.346 -10.724 -11.228 -12.007 -12.3 -12.406 -11.645 -12.067 -12.3 -12.403 -12.354 -12.199 -12.057 -12.348 -12.396 -12.313 -12.175 -12.375 -12.404 -12.321 -12.221 -12.165 -12.359 -12.381 -12.361 -11.785 -11.392 -10.887 -12.345
0.095467 -10.335 -10.715 -11.229 -12.022 -12.325 -12.437 -11.661 -12.084 -12.325 -12.435 -12.391 -12.241 -12.074 -12.376 -12.431 -12.353 -12.217 -12.404 -12.439 -12.36 -12.262 -12.207 -12.394 -12.412 -12.398 -11.831 -11.44 -10.937 -12.379
0.098355 -10.323 -10.706 -11.23 -12.038 -12.349 -12.469 -11.677 -12.101 -12.349 -12.467 -12.428 -12.282 -12.09 -12.403 -12.466 -12.391 -12.259 -12.432 -12.474 -12.399 -12.303 -12.25 -12.428 -12.443 -12.434 -11.877 -11.488 -10.987 -12.412
0.101329 -10.311 -10.695 -11.231 -12.052 -12.373 -12.5 -11.693 -12.118 -12.374 -12.499 -12.465 -12.323 -12.106 -12.429 -12.501 -12.43 -12.3 -12.46 -12.509 -12.438 -12.345 -12.292 -12.462 -12.473 -12.471 -11.923 -11.536 -11.037 -12.445
0.104394 -10.298 -10.684 -11.23 -12.067 -12.397 -12.531 -11.708 -12.133 -12.398 -12.53 -12.502 -12.364 -12.121 -12.456 -12.535 -12.469 -12.342 -12.487 -12.543 -12.476 -12.385 -12.334 -12.495 -12.503 -12.507 -11.969 -11.584 -11.086 -12.478
0.107551 -10.284 -10.672 -11.23 -12.08 -12.42 -12.562 -11.723 -12.149 -12.421 -12.561 -12.538 -12.405 -12.136 -12.482 -12.569 -12.507 -12.383 -12.514 -12.577 -12.515 -12.426 -12.376 -12.528 -12.533 -12.543 -12.014 -11.632 -11.136 -12.51
0.110804 -10.27 -10.66 -11.228 -12.093 -12.443 -12.592 -11.737 -12.164 -12.444 -12.591 -12.574 -12.445 -12.151 -12.508 -12.603 -12.545 -12.424 -12.541 -12.611 -12.553 -12.467 -12.418 -12.561 -12.562 -12.578 -12.06 -11.68 -11.186 -12.542
0.114155 -10.255 -10.646 -11.226 -12.106 -12.466 -12.622 -11.751 -12.178 -12.467 -12.622 -12.61 -12.486 -12.165 -12.533 -12.637 -12.583 -12.465 -12.567 -12.644 -12.591 -12.507 -12.46 -12.594 -12.591 -12.614 -12.105 -11.728 -11.235 -12.574
0.117608 -10.24 -10.632 -11.223 -12.118 -12.488 -12.652 -11.765 -12.192 -12.489 -12.651 -12.645 -12.526 -12.178 -12.558 -12.67 -12.621 -12.506 -12.593 -12.678 -12.628 -12.547 -12.501 -12.627 -12.619 -12.649 -12.15 -11.775 -11.285 -12.606
0.121165 -10.223 -10.617 -11.22 -12.129 -12.51 -12.682 -11.779 -12.205 -12.511 -12.681 -12.68 -12.566 -12.191 -12.582 -12.703 -12.658 -12.547 -12.619 -12.711 -12.666 -12.587 -12.543 -12.659 -12.648 -12.684 -12.196 -11.823 -11.334 -12.637
0.124829 -10.207 -10.601 -11.216 -12.14 -12.531 -12.711 -11.792 -12.218 -12.532 -12.71 -12.715 -12.606 -12.203 -12.606 -12.735 -12.695 -12.587 -12.644 -12.743 -12.703 -12.627 -12.584 -12.691 -12.676 -12.719 -12.241 -11.87 -11.384 -12.668
0.128605 -10.189 -10.584 -11.211 -12.151 -12.551 -12.739 -11.805 -12.23 -12.553 -12.739 -12.75 -12.645 -12.215 -12.63 -12.768 -12.732 -12.627 -12.669 -12.776 -12.74 -12.667 -12.625 -12.722 -12.703 -12.753 -12.285 -11.918 -11.433 -12.699
0.132494 -10.171 -10.566 -11.206 -12.16 -12.572 -12.768 -11.818 -12.242 -12.573 -12.768 -12.784 -12.684 -12.226 -12.653 -12.8 -12.769 -12.667 -12.694 -12.808 -12.777 -12.706 -12.666 -12.754 -12.731 -12.787 -12.33 -11.965 -11.482 -12.73
0.136502 -10.153 -10.548 -11.2 -12.17 -12.592 -12.796 -11.83 -12.253 -12.593 -12.796 -12.819 -12.724 -12.236 -12.676 -12.832 -12.805 -12.707 -12.718 -12.84 -12.813 -12.745 -12.706 -12.785 -12.758 -12.821 -12.375 -12.012 -11.531 -12.76
0.14063 -10.134 -10.528 -11.193 -12.178 -12.611 -12.823 -11.842 -12.263 -12.613 -12.824 -12.853 -12.763 -12.246 -12.698 -12.863 -12.841 -12.747 -12.741 -12.871 -12.85 -12.784 -12.747 -12.815 -12.784 -12.854 -12.419 -12.059 -11.58 -12.79
0.144883 -10.114 -10.508 -11.185 -12.186 -12.63 -12.85 -11.853 -12.273 -12.632 -12.851 -12.886 -12.801 -12.255 -12.72 -12.894 -12.877 -12.786 -12.765 -12.902 -12.886 -12.823 -12.787 -12.846 -12.81 -12.888 -12.463 -12.106 -11.629 -12.819
0.149265 -10.094 -10.487 -11.177 -12.194 -12.648 -12.877 -11.864 -12.282 -12.651 -12.878 -12.919 -12.84 -12.264 -12.742 -12.925 -12.913 -12.825 -12.787 -12.933 -12.921 -12.862 -12.827 -12.876 -12.836 -12.921 -12.508 -12.153 -11.678 -12.849
0.15378 -10.073 -10.465 -11.168 -12.2 -12.666 -12.904 -11.875 -12.291 -12.669 -12.905 -12.953 -12.878 -12.272 -12.763 -12.955 -12.948 -12.864 -12.81 -12.964 -12.957 -12.9 -12.867 -12.906 -12.862 -12.953 -12.552 -12.199 -11.727 -12.878
0.15843 -10.051 -10.442 -11.159 -12.206 -12.684 -12.93 -11.885 -12.299 -12.686 -12.931 -12.985 -12.916 -12.28 -12.784 -12.985 -12.983 -12.903 -12.832 -12.994 -12.992 -12.938 -12.907 -12.935 -12.887 -12.986 -12.595 -12.246 -11.776 -12.907
0.163222 -10.029 -10.418 -11.148 -12.212 -12.701 -12.955 -11.895 -12.307 -12.703 -12.957 -13.018 -12.954 -12.287 -12.804 -13.015 -13.018 -12.942 -12.853 -13.024 -13.027 -12.976 -12.947 -12.965 -12.911 -13.018 -12.639 -12.292 -11.824 -12.935
0.168159 -10.006 -10.393 -11.137 -12.217 -12.717 -12.981 -11.905 -12.314 -12.72 -12.983 -13.05 -12.992 -12.293 -12.824 -13.045 -13.053 -12.98 -12.874 -13.053 -13.062 -13.014 -12.986 -12.994 -12.935 -13.049 -12.683 -12.339 -11.873 -12.963
0.173245 -9.983 -10.367 -11.126 -12.221 -12.733 -13.005 -11.914 -12.32 -12.736 -13.008 -13.082 -13.029 -12.299 -12.843 -13.074 -13.087 -13.018 -12.895 -13.082 -13.096 -13.051 -13.025 -13.022 -12.959 -13.081 -12.726 -12.385 -11.921 -12.991
0.178484 -9.959 -10.34 -11.113 -12.225 -12.748 -13.03 -11.923 -12.326 -12.752 -13.033 -13.113 -13.066 -12.304 -12.862 -13.102 -13.121 -13.056 -12.915 -13.111 -13.13 -13.089 -13.064 -13.05 -12.983 -13.112 -12.769 -12.431 -11.97 -13.019
0.183882 -9.935 -10.312 -11.1 -12.227 -12.763 -13.054 -11.932 -12.331 -12.767 -13.057 -13.145 -13.103 -12.308 -12.88 -13.131 -13.155 -13.094 -12.935 -13.14 -13.164 -13.126 -13.103 -13.078 -13.006 -13.143 -12.813 -12.477 -12.018 -13.046
0.189444 -9.91 -10.283 -11.086 -12.229 -12.777 -13.078 -11.94 -12.335 -12.781 -13.081 -13.175 -13.14 -12.312 -12.898 -13.159 -13.188 -13.131 -12.954 -13.168 -13.198 -13.162 -13.142 -13.106 -13.028 -13.173 -12.856 -12.523 -12.066 -13.073
0.195173 -9.884 -10.253 -11.071 -12.231 -12.791 -13.101 -11.948 -12.338 -12.795 -13.104 -13.206 -13.176 -12.314 -12.915 -13.186 -13.222 -13.168 -12.973 -13.195 -13.231 -13.199 -13.18 -13.133 -13.05 -13.203 -12.898 -12.569 -12.115 -13.099
0.201076 -9.858 -10.222 -11.055 -12.232 -12.804 -13.123 -11.955 -12.341 -12.809 -13.127 -13.236 -13.212 -12.317 -12.932 -13.214 -13.254 -13.205 -12.991 -13.223 -13.264 -13.235 -13.218 -13.16 -13.072 -13.233 -12.941 -12.614 -12.163 -13.125
0.207158 -9.832 -10.19 -11.039 -12.232 -12.817 -13.146 -11.962 -12.344 -12.822 -13.15 -13.266 -13.248 -12.318 -12.948 -13.24 -13.287 -13.242 -13.009 -13.25 -13.297 -13.271 -13.256 -13.186 -13.093 -13.262 -12.983 -12.66 -12.211 -13.151
0.213423 -9.805 -10.157 -11.022 -12.231 -12.829 -13.167 -11.969 -12.345 -12.834 -13.172 -13.296 -13.284 -12.319 -12.964 -13.267 -13.319 -13.278 -13.027 -13.276 -13.329 -13.307 -13.294 -13.212 -13.114 -13.292 -13.026 -12.705 -12.258 -13.177
0.219878 -9.778 -10.123 -11.004 -12.229 -12.84 -13.189 -11.975 -12.346 -12.846 -13.194 -13.325 -13.319 -12.319 -12.979 -13.293 -13.351 -13.314 -13.043 -13.303 -13.361 -13.342 -13.332 -13.238 -13.135 -13.32 -13.068 -12.75 -12.306 -13.202
0.226528 -9.75 -10.088 -10.985 -12.227 -12.851 -13.21 -11.98 -12.346 -12.857 -13.215 -13.354 -13.354 -12.318 -12.994 -13.319 -13.383 -13.35 -13.06 -13.328 -13.393 -13.377 -13.369 -13.263 -13.155 -13.349 -13.11 -12.796 -12.354 -13.227
0.233379 -9.722 -10.051 -10.965 -12.224 -12.861 -13.23 -11.986 -12.345 -12.867 -13.235 -13.382 -13.389 -12.317 -13.008 -13.344 -13.414 -13.386 -13.075 -13.354 -13.424 -13.412 -13.406 -13.288 -13.174 -13.377 -13.151 -12.841 -12.401 -13.251
0.240437 -9.693 -10.014 -10.945 -12.221 -12.871 -13.25 -11.99 -12.344 -12.877 -13.256 -13.41 -13.424 -12.315 -13.021 -13.369 -13.445 -13.421 -13.091 -13.379 -13.455 -13.447 -13.443 -13.313 -13.193 -13.404 -13.193 -12.885 -12.449 -13.275
0.247709 -9.664 -9.975 -10.923 -12.216 -12.88 -13.269 -11.995 -12.342 -12.886 -13.275 -13.438 -13.458 -12.312 -13.034 -13.393 -13.475 -13.456 -13.105 -13.403 -13.486 -13.481 -13.479 -13.337 -13.211 -13.431 -13.234 -12.93 -12.496 -13.299
0.255201 -9.635 -9.935 -10.901 -12.211 -12.888 -13.288 -11.999 -12.339 -12.895 -13.295 -13.465 -13.492 -12.308 -13.047 -13.417 -13.505 -13.491 -13.119 -13.427 -13.516 -13.515 -13.515 -13.361 -13.229 -13.458 -13.275 -12.975 -12.544 -13.322
0.262919 -9.605 -9.894 -10.878 -12.204 -12.896 -13.307 -12.002 -12.335 -12.903 -13.313 -13.492 -13.525 -12.303 -13.059 -13.44 -13.535 -13.525 -13.133 -13.451 -13.546 -13.549 -13.551 -13.384 -13.247 -13.485 -13.316 -13.019 -12.591 -13.345
0.270871 -9.576 -9.852 -10.854 -12.197 -12.903 -13.324 -12.005 -12.331 -12.91 -13.332 -13.519 -13.559 -12.298 -13.07 -13.463 -13.565 -13.559 -13.146 -13.474 -13.576 -13.583 -13.587 -13.407 -13.264 -13.511 -13.357 -13.063 -12.638 -13.368
0.279064 -9.546 -9.808 -10.829 -12.189 -12.909 -13.342 -12.008 -12.325 -12.917 -13.349 -13.545 -13.592 -12.292 -13.08 -13.486 -13.594 -13.593 -13.158 -13.497 -13.605 -13.616 -13.623 -13.43 -13.28 -13.536 -13.398 -13.107 -12.685 -13.39
0.287504 -9.515 -9.764 -10.803 -12.181 -12.915 -13.358 -12.01 -12.319 -12.923 -13.366 -13.571 -13.624 -12.285 -13.09 -13.508 -13.623 -13.627 -13.17 -13.519 -13.634 -13.648 -13.658 -13.452 -13.296 -13.562 -13.438 -13.151 -12.732 -13.411
0.296199 -9.485 -9.718 -10.776 -12.171 -12.92 -13.375 -12.011 -12.312 -12.928 -13.383 -13.596 -13.657 -12.277 -13.099 -13.53 -13.651 -13.66 -13.181 -13.541 -13.662 -13.681 -13.693 -13.473 -13.311 -13.586 -13.478 -13.195 -12.778 -13.433
0.305157 -9.455 -9.671 -10.749 -12.161 -12.924 -13.39 -12.012 -12.304 -12.933 -13.399 -13.621 -13.689 -12.268 -13.108 -13.551 -13.679 -13.693 -13.192 -13.562 -13.69 -13.713 -13.727 -13.495 -13.326 -13.611 -13.518 -13.239 -12.825 -13.454
0.314387 -9.424 -9.622 -10.72 -12.149 -12.928 -13.405 -12.013 -12.295 -12.937 -13.414 -13.645 -13.72 -12.258 -13.116 -13.571 -13.706 -13.725 -13.202 -13.583 -13.718 -13.745 -13.762 -13.515 -13.34 -13.635 -13.558 -13.282 -12.871 -13.474
0.323895 -9.394 -9.572 -10.691 -12.137 -12.93 -13.42 -12.013 -12.286 -12.94 -13.429 -13.669 -13.752 -12.248 -13.123 -13.591 -13.733 -13.758 -13.211 -13.603 -13.746 -13.776 -13.796 -13.536 -13.354 -13.658 -13.597 -13.326 -12.918 -13.494
0.333691 -9.364 -9.521 -10.66 -12.124 -12.932 -13.433 -12.012 -12.275 -12.942 -13.444 -13.693 -13.783 -12.236 -13.13 -13.611 -13.76 -13.79 -13.22 -13.623 -13.772 -13.807 -13.83 -13.556 -13.367 -13.681 -13.636 -13.369 -12.964 -13.514
0.343783 -9.333 -9.468 -10.629 -12.109 -12.934 -13.447 -12.011 -12.264 -12.944 -13.457 -13.716 -13.813 -12.223 -13.136 -13.63 -13.786 -13.821 -13.228 -13.642 -13.799 -13.838 -13.863 -13.575 -13.379 -13.704 -13.675 -13.412 -13.01 -13.533
0.354181 -9.303 -9.414 -10.596 -12.094 -12.934 -13.459 -12.01 -12.251 -12.945 -13.47 -13.739 -13.844 -12.21 -13.141 -13.648 -13.812 -13.852 -13.235 -13.661 -13.825 -13.869 -13.896 -13.594 -13.391 -13.726 -13.714 -13.454 -13.056 -13.552
0.364893 -9.274 -9.359 -10.563 -12.078 -12.934 -13.471 -12.008 -12.238 -12.945 -13.483 -13.761 -13.873 -12.195 -13.146 -13.666 -13.838 -13.883 -13.242 -13.679 -13.851 -13.899 -13.929 -13.612 -13.402 -13.747 -13.753 -13.497 -13.102 -13.57
0.375929 -9.244 -9.302 -10.528 -12.061 -12.933 -13.483 -12.005 -12.223 -12.944 -13.494 -13.782 -13.903 -12.18 -13.149 -13.684 -13.862 -13.914 -13.248 -13.697 -13.876 -13.928 -13.961 -13.63 -13.413 -13.768 -13.791 -13.539 -13.148 -13.588
0.387298 -9.215 -9.244 -10.493 -12.042 -12.931 -13.493 -12.002 -12.208 -12.943 -13.506 -13.803 -13.932 -12.164 -13.152 -13.701 -13.887 -13.944 -13.253 -13.714 -13.9 -13.957 -13.994 -13.648 -13.423 -13.789 -13.829 -13.582 -13.193 -13.606
0.399012 -9.186 -9.184 -10.456 -12.023 -12.928 -13.503 -11.998 -12.192 -12.941 -13.516 -13.824 -13.961 -12.146 -13.155 -13.717 -13.911 -13.973 -13.258 -13.731 -13.925 -13.986 -14.025 -13.664 -13.432 -13.809 -13.867 -13.624 -13.238 -13.622
0.41108 -9.158 -9.123 -10.419 -12.003 -12.924 -13.512 -11.993 -12.174 -12.937 -13.526 -13.844 -13.989 -12.127 -13.156 -13.732 -13.934 -14.003 -13.262 -13.747 -13.948 -14.015 -14.057 -13.681 -13.441 -13.828 -13.904 -13.666 -13.284 -13.639
0.423513 -9.131 -9.06 -10.38 -11.981 -12.92 -13.521 -11.988 -12.156 -12.933 -13.535 -13.864 -14.017 -12.108 -13.157 -13.747 -13.957 -14.032 -13.265 -13.762 -13.972 -14.043 -14.088 -13.697 -13.449 -13.847 -13.941 -13.707 -13.329 -13.655
0.436321 -9.104 -8.996 -10.341 -11.959 -12.914 -13.529 -11.983 -12.136 -12.929 -13.543 -13.883 -14.044 -12.087 -13.157 -13.762 -13.98 -14.06 -13.267 -13.777 -13.994 -14.07 -14.119 -13.712 -13.456 -13.866 -13.978 -13.749 -13.374 -13.67
0.449518 -9.078 -8.93 -10.3 -11.935 -12.908 -13.536 -11.976 -12.116 -12.923 -13.551 -13.901 -14.072 -12.065 -13.156 -13.776 -14.002 -14.088 -13.269 -13.791 -14.017 -14.098 -14.149 -13.726 -13.463 -13.883 -14.015 -13.79 -13.419 -13.685
0.463113 -9.052 -8.863 -10.258 -11.91 -12.901 -13.542 -11.969 -12.094 -12.916 -13.558 -13.919 -14.098 -12.042 -13.154 -13.789 -14.023 -14.116 -13.269 -13.804 -14.039 -14.124 -14.179 -13.74 -13.468 -13.901 -14.051 -13.831 -13.463 -13.7
0.47712 -9.028 -8.793 -10.215 -11.884 -12.893 -13.548 -11.962 -12.071 -12.908 -13.564 -13.937 -14.124 -12.018 -13.151 -13.801 -14.044 -14.143 -13.269 -13.817 -14.06 -14.151 -14.208 -13.754 -13.474 -13.917 -14.087 -13.871 -13.508 -13.714
0.49155 -9.004 -8.723 -10.171 -11.857 -12.884 -13.553 -11.954 -12.047 -12.9 -13.57 -13.953 -14.15 -11.993 -13.148 -13.813 -14.065 -14.17 -13.269 -13.829 -14.08 -14.176 -14.238 -13.767 -13.478 -13.933 -14.123 -13.912 -13.552 -13.727
0.506416 -8.981 -8.65 -10.126 -11.828 -12.873 -13.557 -11.945 -12.022 -12.89 -13.574 -13.969 -14.175 -11.966 -13.143 -13.824 -14.085 -14.196 -13.267 -13.841 -14.101 -14.202 -14.266 -13.779 -13.482 -13.949 -14.158 -13.952 -13.596 -13.74
0.521733 -8.96 -8.576 -10.079 -11.798 -12.862 -13.56 -11.935 -11.995 -12.88 -13.578 -13.985 -14.2 -11.938 -13.138 -13.834 -14.104 -14.222 -13.264 -13.852 -14.12 -14.227 -14.295 -13.791 -13.484 -13.964 -14.193 -13.992 -13.64 -13.752
0.537512 -8.939 -8.5 -10.032 -11.767 -12.85 -13.562 -11.925 -11.967 -12.868 -13.581 -14.0 -14.224 -11.909 -13.132 -13.844 -14.122 -14.247 -13.261 -13.862 -14.139 -14.251 -14.323 -13.802 -13.486 -13.978 -14.228 -14.032 -13.684 -13.764
0.553769 -8.92 -8.422 -9.983 -11.735 -12.837 -13.564 -11.914 -11.939 -12.856 -13.584 -14.014 -14.248 -11.879 -13.124 -13.853 -14.141 -14.272 -13.257 -13.871 -14.157 -14.275 -14.35 -13.812 -13.488 -13.991 -14.263 -14.072 -13.728 -13.775
0.570517 -8.902 -8.343 -9.933 -11.701 -12.823 -13.564 -11.902 -11.908 -12.842 -13.585 -14.028 -14.271 -11.847 -13.116 -13.861 -14.158 -14.296 -13.252 -13.88 -14.175 -14.298 -14.377 -13.822 -13.488 -14.004 -14.297 -14.111 -13.771 -13.786
0.587772 -8.885 -8.261 -9.882 -11.666 -12.807 -13.564 -11.889 -11.877 -12.828 -13.585 -14.041 -14.294 -11.814 -13.107 -13.868 -14.175 -14.32 -13.245 -13.888 -14.192 -14.321 -14.404 -13.831 -13.488 -14.017 -14.331 -14.15 -13.814 -13.796
0.605549 -8.87 -8.178 -9.83 -11.63 -12.791 -13.563 -11.876 -11.844 -12.812 -13.585 -14.053 -14.316 -11.78 -13.097 -13.875 -14.191 -14.343 -13.238 -13.895 -14.209 -14.343 -14.43 -13.84 -13.486 -14.028 -14.364 -14.189 -13.857 -13.805
0.623863 -8.856 -8.093 -9.777 -11.592 -12.773 -13.561 -11.862 -11.81 -12.795 -13.584 -14.065 -14.338 -11.744 -13.085 -13.881 -14.207 -14.366 -13.231 -13.901 -14.225 -14.365 -14.455 -13.847 -13.484 -14.039 -14.397 -14.227 -13.9 -13.814
0.642731 -8.843 -8.006 -9.722 -11.553 -12.754 -13.558 -11.847 -11.774 -12.777 -13.582 -14.076 -14.359 -11.707 -13.073 -13.886 -14.221 -14.388 -13.222 -13.907 -14.24 -14.386 -14.48 -13.854 -13.481 -14.049 -14.43 -14.266 -13.943 -13.822
0.66217 -8.831 -7.917 -9.666 -11.512 -12.734 -13.554 -11.832 -11.737 -12.758 -13.578 -14.086 -14.379 -11.668 -13.06 -13.89 -14.236 -14.41 -13.212 -13.911 -14.255 -14.407 -14.505 -13.86 -13.477 -14.058 -14.462 -14.304 -13.985 -13.83
0.682197 -8.821 -7.826 -9.609 -11.47 -12.713 -13.549 -11.815 -11.698 -12.737 -13.574 -14.095 -14.399 -11.628 -13.045 -13.893 -14.249 -14.431 -13.201 -13.915 -14.269 -14.427 -14.529 -13.866 -13.472 -14.067 -14.494 -14.341 -14.028 -13.837
0.70283 -8.813 -7.733 -9.55 -11.426 -12.691 -13.543 -11.798 -11.658 -12.716 -13.569 -14.104 -14.419 -11.586 -13.029 -13.896 -14.262 -14.451 -13.189 -13.918 -14.282 -14.446 -14.553 -13.871 -13.466 -14.075 -14.525 -14.379 -14.07 -13.843
0.724086 -8.805 -7.639 -9.49 -11.381 -12.667 -13.536 -11.78 -11.617 -12.693 -13.563 -14.112 -14.437 -11.543 -13.012 -13.897 -14.274 -14.471 -13.176 -13.92 -14.294 -14.465 -14.576 -13.875 -13.459 -14.082 -14.556 -14.416 -14.111 -13.849
0.745986 -8.799 -7.542 -9.429 -11.334 -12.642 -13.528 -11.76 -11.574 -12.669 -13.556 -14.119 -14.455 -11.498 -12.994 -13.898 -14.285 -14.491 -13.162 -13.921 -14.306 -14.483 -14.598 -13.878 -13.452 -14.088 -14.587 -14.452 -14.153 -13.854
0.768548 -8.794 -7.443 -9.366 -11.285 -12.616 -13.519 -11.74 -11.529 -12.643 -13.547 -14.125 -14.473 -11.451 -12.975 -13.897 -14.295 -14.509 -13.147 -13.922 -14.317 -14.5 -14.62 -13.88 -13.443 -14.093 -14.617 -14.489 -14.194 -13.858
0.791792 -8.791 -7.342 -9.303 -11.235 -12.588 -13.508 -11.719 -11.483 -12.617 -13.538 -14.13 -14.489 -11.403 -12.955 -13.896 -14.305 -14.527 -13.13 -13.921 -14.327 -14.517 -14.641 -13.882 -13.433 -14.098 -14.646 -14.525 -14.235 -13.862
0.815739 -8.789 -7.239 -9.237 -11.183 -12.559 -13.497 -11.698 -11.435 -12.589 -13.528 -14.135 -14.506 -11.353 -12.933 -13.893 -14.314 -14.544 -13.113 -13.92 -14.336 -14.533 -14.662 -13.882 -13.422 -14.101 -14.676 -14.56 -14.276 -13.865
0.840411 -8.788 -7.134 -9.171 -11.129 -12.528 -13.484 -11.675 -11.385 -12.559 -13.516 -14.138 -14.521 -11.301 -12.91 -13.89 -14.322 -14.561 -13.095 -13.917 -14.345 -14.549 -14.682 -13.882 -13.41 -14.104 -14.704 -14.596 -14.317 -13.867
0.865828 -8.788 -7.027 -9.103 -11.073 -12.496 -13.47 -11.651 -11.333 -12.528 -13.503 -14.141 -14.535 -11.248 -12.885 -13.886 -14.329 -14.577 -13.075 -13.913 -14.352 -14.563 -14.701 -13.881 -13.396 -14.106 -14.733 -14.631 -14.357 -13.868
0.892015 -8.79 -6.918 -9.033 -11.015 -12.463 -13.455 -11.626 -11.28 -12.496 -13.489 -14.143 -14.549 -11.192 -12.86 -13.88 -14.335 -14.592 -13.054 -13.909 -14.359 -14.577 -14.72 -13.879 -13.382 -14.107 -14.76 -14.665 -14.397 -13.869
0.918993 -8.792 -6.807 -8.962 -10.956 -12.427 -13.439 -11.6 -11.225 -12.462 -13.474 -14.144 -14.563 -11.135 -12.832 -13.874 -14.341 -14.606 -13.032 -13.903 -14.365 -14.59 -14.738 -13.876 -13.366 -14.107 -14.788 -14.7 -14.437 -13.869
0.946787 -8.795 -6.694 -8.89 -10.894 -12.391 -13.421 -11.573 -11.168 -12.426 -13.457 -14.144 -14.575 -11.076 -12.804 -13.866 -14.345 -14.62 -13.009 -13.896 -14.37 -14.602 -14.756 -13.872 -13.349 -14.106 -14.814 -14.733 -14.476 -13.868
0.975422 -8.8 -6.58 -8.816 -10.831 -12.353 -13.402 -11.545 -11.109 -12.389 -13.44 -14.143 -14.586 -11.014 -12.774 -13.857 -14.349 -14.633 -12.984 -13.888 -14.374 -14.614 -14.772 -13.867 -13.331 -14.104 -14.841 -14.767 -14.515 -13.866
1.004923 -8.805 -6.463 -8.741 -10.765 -12.313 -13.382 -11.516 -11.047 -12.351 -13.42 -14.14 -14.597 -10.951 -12.742 -13.847 -14.351 -14.645 -12.958 -13.879 -14.377 -14.625 -14.788 -13.861 -13.312 -14.101 -14.866 -14.8 -14.554 -13.863
1.035317 -8.811 -6.345 -8.664 -10.698 -12.271 -13.36 -11.485 -10.984 -12.31 -13.4 -14.137 -14.607 -10.886 -12.709 -13.835 -14.353 -14.656 -12.931 -13.869 -14.379 -14.634 -14.803 -13.854 -13.291 -14.096 -14.891 -14.832 -14.593 -13.86
1.066629 -8.817 -6.226 -8.586 -10.628 -12.227 -13.337 -11.454 -10.919 -12.268 -13.378 -14.133 -14.616 -10.818 -12.674 -13.823 -14.353 -14.666 -12.902 -13.858 -14.38 -14.643 -14.818 -13.846 -13.269 -14.091 -14.916 -14.865 -14.631 -13.856
1.098888 -8.825 -6.105 -8.506 -10.556 -12.182 -13.312 -11.421 -10.852 -12.224 -13.355 -14.128 -14.624 -10.748 -12.638 -13.809 -14.352 -14.676 -12.872 -13.845 -14.38 -14.651 -14.832 -13.836 -13.246 -14.085 -14.94 -14.896 -14.669 -13.851
1.132124 -8.833 -5.983 -8.424 -10.481 -12.135 -13.286 -11.387 -10.782 -12.179 -13.33 -14.121 -14.631 -10.676 -12.599 -13.794 -14.351 -14.684 -12.841 -13.831 -14.379 -14.659 -14.844 -13.826 -13.221 -14.077 -14.963 -14.927 -14.706 -13.845
1.166364 -8.845 -5.985 -8.429 -10.487 -12.143 -13.295 -11.396 -10.788 -12.186 -13.339 -14.132 -14.643 -10.682 -12.608 -13.804 -14.362 -14.696 -12.85 -13.841 -14.391 -14.671 -14.857 -13.837 -13.23 -14.088 -14.976 -14.941 -14.721 -13.856
1.20164 -8.857 -5.997 -8.442 -10.499 -12.155 -13.308 -11.408 -10.8 -12.199 -13.351 -14.144 -14.656 -10.694 -12.62 -13.816 -14.374 -14.708 -12.862 -13.854 -14.403 -14.683 -14.869 -13.849 -13.243 -14.1 -14.988 -14.954 -14.733 -13.868
1.237983 -8.869 -6.009 -8.453 -10.511 -12.167 -13.32 -11.42 -10.812 -12.211 -13.363 -14.156 -14.668 -10.706 -12.632 -13.828 -14.386 -14.72 -12.874 -13.865 -14.415 -14.695 -14.881 -13.861 -13.255 -14.112 -15.0 -14.966 -14.745 -13.88
1.275425 -8.88 -6.021 -8.465 -10.522 -12.178 -13.331 -11.431 -10.824 -12.222 -13.375 -14.168 -14.679 -10.717 -12.643 -13.84 -14.398 -14.732 -12.886 -13.877 -14.426 -14.706 -14.893 -13.872 -13.266 -14.123 -15.012 -14.977 -14.756 -13.892
1.313999 -8.892 -6.032 -8.476 -10.534 -12.19 -13.342 -11.443 -10.835 -12.233 -13.386 -14.179 -14.69 -10.729 -12.655 -13.851 -14.409 -14.743 -12.897 -13.888 -14.438 -14.718 -14.904 -13.884 -13.277 -14.135 -15.023 -14.988 -14.768 -13.903
1.35374 -8.903 -6.043 -8.487 -10.545 -12.201 -13.353 -11.453 -10.846 -12.244 -13.397 -14.19 -14.701 -10.74 -12.666 -13.862 -14.42 -14.754 -12.908 -13.899 -14.449 -14.728 -14.915 -13.895 -13.288 -14.146 -15.034 -14.999 -14.779 -13.914
1.394683 -8.913 -6.053 -8.498 -10.555 -12.211 -13.364 -11.464 -10.856 -12.255 -13.408 -14.2 -14.712 -10.75 -12.676 -13.872 -14.431 -14.765 -12.918 -13.91 -14.459 -14.739 -14.925 -13.905 -13.299 -14.156 -15.044 -15.01 -14.789 -13.924
1.436864 -8.924 -6.064 -8.508 -10.565 -12.221 -13.374 -11.474 -10.867 -12.265 -13.418 -14.211 -14.722 -10.76 -12.687 -13.883 -14.441 -14.775 -12.929 -13.92 -14.469 -14.749 -14.936 -13.915 -13.309 -14.166 -15.055 -15.02 -14.799 -13.935
1.480321 -8.933 -6.073 -8.518 -10.575 -12.231 -13.384 -11.484 -10.876 -12.275 -13.428 -14.22 -14.732 -10.77 -12.696 -13.892 -14.451 -14.785 -12.938 -13.93 -14.479 -14.759 -14.946 -13.925 -13.319 -14.176 -15.065 -15.03 -14.809 -13.944
1.525092 -8.943 -6.083 -8.527 -10.585 -12.241 -13.393 -11.494 -10.886 -12.284 -13.437 -14.23 -14.742 -10.78 -12.706 -13.902 -14.46 -14.794 -12.948 -13.939 -14.489 -14.769 -14.955 -13.935 -13.328 -14.186 -15.074 -15.039 -14.819 -13.954
1.571218 -8.952 -6.092 -8.536 -10.594 -12.25 -13.403 -11.503 -10.895 -12.294 -13.446 -14.239 -14.751 -10.789 -12.715 -13.911 -14.469 -14.803 -12.957 -13.948 -14.498 -14.778 -14.964 -13.944 -13.338 -14.195 -15.083 -15.049 -14.828 -13.963
1.618738 -8.961 -6.101 -8.545 -10.602 -12.258 -13.411 -11.511 -10.904 -12.302 -13.455 -14.248 -14.759 -10.797 -12.724 -13.92 -14.478 -14.812 -12.966 -13.957 -14.506 -14.786 -14.973 -13.952 -13.346 -14.203 -15.092 -15.057 -14.836 -13.972
1.667696 -8.969 -6.109 -8.553 -10.611 -12.267 -13.419 -11.52 -10.912 -12.31 -13.463 -14.256 -14.767 -10.806 -12.732 -13.928 -14.486 -14.82 -12.974 -13.965 -14.515 -14.795 -14.981 -13.961 -13.354 -14.212 -15.1 -15.065 -14.845 -13.98
1.718134 -8.976 -6.117 -8.561 -10.618 -12.274 -13.427 -11.527 -10.92 -12.318 -13.471 -14.264 -14.775 -10.813 -12.739 -13.936 -14.494 -14.828 -12.982 -13.973 -14.522 -14.802 -14.989 -13.968 -13.362 -14.219 -15.108 -15.073 -14.852 -13.988
1.770098 -8.984 -6.124 -8.568 -10.626 -12.282 -13.434 -11.535 -10.927 -12.325 -13.478 -14.271 -14.782 -10.821 -12.747 -13.943 -14.501 -14.835 -12.989 -13.98 -14.53 -14.81 -14.996 -13.976 -13.369 -14.227 -15.115 -15.08 -14.86 -13.995
1.823633 -8.991 -6.131 -8.575 -10.632 -12.288 -13.441 -11.541 -10.934 -12.332 -13.485 -14.278 -14.789 -10.827 -12.754 -13.95 -14.508 -14.842 -12.996 -13.987 -14.536 -14.816 -15.003 -13.982 -13.376 -14.234 -15.122 -15.087 -14.867 -14.002
1.878788 -8.997 -6.137 -8.581 -10.639 -12.295 -13.447 -11.548 -10.94 -12.338 -13.491 -14.284 -14.796 -10.834 -12.76 -13.956 -14.514 -14.848 -13.002 -13.993 -14.543 -14.823 -15.009 -13.989 -13.382 -14.24 -15.128 -15.093 -14.873 -14.008
1.93561 -9.003 -6.143 -8.587 -10.644 -12.3 -13.453 -11.553 -10.946 -12.344 -13.497 -14.29 -14.801 -10.839 -12.766 -13.962 -14.52 -14.854 -13.008 -13.999 -14.548 -14.828 -15.015 -13.994 -13.388 -14.246 -15.134 -15.099 -14.879 -14.014
1.994152 -9.008 -6.148 -8.592 -10.65 -12.306 -13.458 -11.559 -10.951 -12.349 -13.502 -14.295 -14.806 -10.845 -12.771 -13.967 -14.525 -14.859 -13.013 -14.004 -14.554 -14.834 -15.02 -14.0 -13.393 -14.251 -15.139 -15.104 -14.884 -14.019
2.054463 -9.012 -6.152 -8.597 -10.654 -12.31 -13.463 -11.563 -10.955 -12.354 -13.507 -14.299 -14.811 -10.849 -12.775 -13.971 -14.53 -14.864 -13.017 -14.009 -14.558 -14.838 -15.025 -14.004 -13.398 -14.255 -15.144 -15.109 -14.888 -14.023
2.116599 -9.016 -6.156 -8.601 -10.658 -12.314 -13.467 -11.567 -10.959 -12.358 -13.511 -14.303 -14.815 -10.853 -12.779 -13.975 -14.534 -14.868 -13.021 -14.013 -14.562 -14.842 -15.028 -14.008 -13.402 -14.259 -15.148 -15.113 -14.892 -14.027
2.180614 -9.02 -6.16 -8.604 -10.661 -12.317 -13.47 -11.57 -10.963 -12.361 -13.514 -14.307 -14.818 -10.857 -12.783 -13.979 -14.537 -14.871 -13.025 -14.016 -14.566 -14.845 -15.032 -14.011 -13.405 -14.263 -15.151 -15.116 -14.896 -14.031
2.246566 -9.022 -6.162 -8.607 -10.664 -12.32 -13.473 -11.573 -10.965 -12.364 -13.517 -14.309 -14.821 -10.859 -12.785 -13.981 -14.54 -14.874 -13.027 -14.019 -14.568 -14.848 -15.034 -14.014 -13.408 -14.265 -15.153 -15.119 -14.898 -14.033
2.314511 -9.024 -6.164 -8.609 -10.666 -12.322 -13.475 -11.575 -10.967 -12.366 -13.519 -14.311 -14.823 -10.861 -12.787 -13.983 -14.541 -14.876 -13.029 -14.021 -14.57 -14.85 -15.036 -14.016 -13.41 -14.267 -15.155 -15.121 -14.9 -14.035
2.384512 -9.025 -6.165 -8.61 -10.667 -12.323 -13.476 -11.576 -10.969 -12.367 -13.52 -14.313 -14.824 -10.862 -12.788 -13.985 -14.543 -14.877 -13.03 -14.022 -14.571 -14.851 -15.038 -14.017 -13.411 -14.268 -15.157 -15.122 -14.901 -14.036
2.45663 -9.026 -6.166 -8.61 -10.668 -12.324 -13.476 -11.577 -10.969 -12.367 -13.52 -14.313 -14.825 -10.863 -12.789 -13.985 -14.543 -14.877 -13.031 -14.022 -14.572 -14.852 -15.038 -14.018 -13.411 -14.269 -15.157 -15.122 -14.902 -14.037
2.530929 -9.025 -6.165 -8.61 -10.667 -12.323 -13.476 -11.576 -10.969 -12.367 -13.52 -14.313 -14.824 -10.862 -12.788 -13.985 -14.543 -14.877 -13.03 -14.022 -14.571 -14.851 -15.038 -14.017 -13.411 -14.268 -15.157 -15.122 -14.901 -14.036
2.607475 -9.024 -6.164 -8.609 -10.666 -12.322 -13.475 -11.575 -10.967 -12.366 -13.519 -14.311 -14.823 -10.861 -12.787 -13.983 -14.541 -14.875 -13.029 -14.021 -14.57 -14.85 -15.036 -14.016 -13.41 -14.267 -15.155 -15.121 -14.9 -14.035
2.686337 -9.022 -6.162 -8.606 -10.664 -12.32 -13.473 -11.573 -10.965 -12.364 -13.516 -14.309 -14.821 -10.859 -12.785 -13.981 -14.539 -14.873 -13.027 -14.018 -14.568 -14.848 -15.034 -14.014 -13.408 -14.265 -15.153 -15.119 -14.898 -14.033
2.767583 -9.019 -6.159 -8.603 -10.661 -12.317 -13.469 -11.57 -10.962 -12.36 -13.513 -14.306 -14.817 -10.856 -12.782 -13.978 -14.536 -14.87 -13.024 -14.015 -14.565 -14.845 -15.031 -14.011 -13.404 -14.262 -15.15 -15.115 -14.895 -14.03
2.851287 -9.015 -6.155 -8.599 -10.656 -12.312 -13.465 -11.565 -10.958 -12.356 -13.509 -14.302 -14.813 -10.852 -12.778 -13.974 -14.532 -14.866 -13.02 -14.011 -14.561 -14.84 -15.027 -14.006 -13.4 -14.258 -15.146 -15.111 -14.891 -14.026
2.937522 -9.009 -6.149 -8.594 -10.651 -12.307 -13.46 -11.56 -10.953 -12.351 -13.504 -14.297 -14.808 -10.846 -12.772 -13.969 -14.527 -14.861 -13.014 -14.006 -14.555 -14.835 -15.022 -14.001 -13.395 -14.252 -15.141 -15.106 -14.885 -14.02
3.026365 -9.003 -6.143 -8.588 -10.645 -12.301 -13.454 -11.554 -10.946 -12.345 -13.497 -14.29 -14.802 -10.84 -12.766 -13.962 -14.52 -14.854 -13.008 -14.0 -14.549 -14.829 -15.015 -13.995 -13.389 -14.246 -15.134 -15.1 -14.879 -14.014
3.117896 -8.996 -6.136 -8.58 -10.637 -12.293 -13.446 -11.546 -10.939 -12.337 -13.49 -14.283 -14.794 -10.832 -12.759 -13.955 -14.513 -14.847 -13.001 -13.992 -14.541 -14.821 -15.008 -13.987 -13.381 -14.238 -15.127 -15.092 -14.871 -14.007
3.212194 -8.987 -6.127 -8.571 -10.629 -12.285 -13.437 -11.538 -10.93 -12.328 -13.481 -14.274 -14.785 -10.824 -12.75 -13.946 -14.504 -14.838 -12.992 -13.983 -14.533 -14.813 -14.999 -13.979 -13.372 -14.23 -15.118 -15.083 -14.863 -13.998
3.309345 -8.977 -6.117 -8.561 -10.618 -12.274 -13.427 -11.527 -10.92 -12.318 -13.471 -14.264 -14.775 -10.814 -12.74 -13.936 -14.494 -14.828 -12.982 -13.973 -14.523 -14.802 -14.989 -13.968 -13.362 -14.22 -15.108 -15.073 -14.853 -13.988
3.409434 -8.965 -6.105 -8.55 -10.607 -12.263 -13.416 -11.516 -10.908 -12.307 -13.46 -14.252 -14.764 -10.802 -12.728 -13.924 -14.482 -14.816 -12.97 -13.962 -14.511 -14.791 -14.977 -13.957 -13.351 -14.208 -15.096 -15.062 -14.841 -13.976
3.51255 -8.952 -6.092 -8.537 -10.594 -12.25 -13.403 -11.503 -10.895 -12.294 -13.447 -14.239 -14.751 -10.789 -12.715 -13.911 -14.469 -14.804 -12.957 -13.949 -14.498 -14.778 -14.964 -13.944 -13.338 -14.195 -15.083 -15.049 -14.828 -13.963
3.618785 -8.938 -6.078 -8.522 -10.579 -12.235 -13.388 -11.488 -10.881 -12.279 -13.432 -14.225 -14.736 -10.775 -12.701 -13.897 -14.455 -14.789 -12.943 -13.934 -14.484 -14.763 -14.95 -13.929 -13.323 -14.181 -15.069 -15.034 -14.814 -13.949
3.728232 -8.921 -6.062 -8.506 -10.563 -12.219 -13.372 -11.472 -10.865 -12.263 -13.416 -14.209 -14.72 -10.758 -12.684 -13.881 -14.439 -14.773 -12.927 -13.918 -14.467 -14.747 -14.934 -13.913 -13.307 -14.164 -15.053 -15.018 -14.797 -13.933
3.84099 -8.904 -6.044 -8.488 -10.545 -12.201 -13.354 -11.454 -10.847 -12.245 -13.398 -14.191 -14.702 -10.74 -12.667 -13.863 -14.421 -14.755 -12.909 -13.9 -14.449 -14.729 -14.916 -13.895 -13.289 -14.147 -15.035 -15.0 -14.78 -13.915
3.957158 -8.884 -6.024 -8.468 -10.526 -12.182 -13.334 -11.435 -10.827 -12.225 -13.378 -14.171 -14.683 -10.721 -12.647 -13.843 -14.401 -14.735 -12.889 -13.88 -14.43 -14.71 -14.896 -13.876 -13.269 -14.127 -15.015 -14.98 -14.76 -13.895
4.07684 -8.862 -6.002 -8.447 -10.504 -12.16 -13.313 -11.413 -10.805 -12.204 -13.357 -14.149 -14.661 -10.699 -12.625 -13.821 -14.379 -14.714 -12.867 -13.859 -14.408 -14.688 -14.874 -13.854 -13.248 -14.105 -14.993 -14.959 -14.738 -13.873
4.200141 -8.838 -5.979 -8.423 -10.48 -12.136 -13.289 -11.389 -10.782 -12.18 -13.333 -14.126 -14.637 -10.675 -12.601 -13.798 -14.356 -14.69 -12.844 -13.835 -14.384 -14.664 -14.851 -13.83 -13.224 -14.081 -14.97 -14.935 -14.714 -13.85
4.327172 -8.813 -5.953 -8.397 -10.454 -12.11 -13.263 -11.363 -10.756 -12.154 -13.307 -14.1 -14.611 -10.65 -12.576 -13.772 -14.33 -14.664 -12.818 -13.809 -14.359 -14.638 -14.825 -13.804 -13.198 -14.056 -14.944 -14.909 -14.689 -13.824
4.458044 -8.784 -5.924 -8.369 -10.426 -12.082 -13.235 -11.335 -10.728 -12.126 -13.279 -14.072 -14.583 -10.621 -12.547 -13.744 -14.302 -14.636 -12.79 -13.781 -14.33 -14.61 -14.797 -13.776 -13.17 -14.027 -14.916 -14.881 -14.66 -13.795
4.592874 -8.754 -5.894 -8.338 -10.396 -12.052 -13.204 -11.305 -10.697 -12.096 -13.248 -14.041 -14.553 -10.591 -12.517 -13.713 -14.271 -14.605 -12.759 -13.75 -14.3 -14.58 -14.766 -13.746 -13.14 -13.997 -14.885 -14.851 -14.63 -13.765
4.731783 -8.721 -5.861 -8.305 -10.363 -12.019 -13.171 -11.272 -10.664 -12.062 -13.215 -14.008 -14.519 -10.558 -12.484 -13.68 -14.238 -14.572 -12.726 -13.717 -14.267 -14.547 -14.733 -13.713 -13.106 -13.964 -14.852 -14.817 -14.597 -13.732
4.874892 -8.685 -5.825 -8.27 -10.327 -11.983 -13.136 -11.236 -10.628 -12.027 -13.179 -13.972 -14.484 -10.522 -12.448 -13.644 -14.202 -14.536 -12.69 -13.682 -14.231 -14.511 -14.697 -13.677 -13.071 -13.928 -14.816 -14.782 -14.561 -13.696
5.02233 -8.646 -5.786 -8.231 -10.288 -11.944 -13.097 -11.197 -10.589 -11.988 -13.141 -13.933 -14.445 -10.483 -12.409 -13.605 -14.164 -14.498 -12.651 -13.643 -14.192 -14.472 -14.658 -13.638 -13.032 -13.889 -14.778 -14.743 -14.522 -13.657
5.174227 -8.605 -5.745 -8.189 -10.246 -11.903 -13.055 -11.155 -10.548 -11.946 -13.099 -13.892 -14.403 -10.442 -12.368 -13.564 -14.122 -14.456 -12.61 -13.601 -14.151 -14.43 -14.617 -13.596 -12.99 -13.848 -14.736 -14.701 -14.481 -13.616
5.330718 -8.56 -5.7 -8.144 -10.202 -11.858 -13.01 -11.111 -10.503 -11.901 -13.054 -13.847 -14.358 -10.397 -12.323 -13.519 -14.077 -14.411 -12.565 -13.556 -14.106 -14.386 -14.572 -13.552 -12.945 -13.803 -14.691 -14.656 -14.436 -13.571
5.491942 -8.512 -5.652 -8.096 -10.153 -11.809 -12.962 -11.062 -10.455 -11.853 -13.006 -13.799 -14.31 -10.348 -12.275 -13.471 -14.029 -14.363 -12.517 -13.508 -14.057 -14.337 -14.524 -13.503 -12.897 -13.755 -14.643 -14.608 -14.388 -13.523
5.658042 -8.46 -5.6 -8.044 -10.102 -11.758 -12.91 -11.011 -10.403 -11.801 -12.954 -13.747 -14.259 -10.297 -12.223 -13.419 -13.977 -14.311 -12.465 -13.456 -14.006 -14.286 -14.472 -13.452 -12.845 -13.703 -14.591 -14.556 -14.336 -13.471
5.829166 -8.404 -5.544 -7.989 -10.046 -11.702 -12.855 -10.955 -10.347 -11.746 -12.899 -13.691 -14.203 -10.241 -12.167 -13.363 -13.922 -14.256 -12.409 -13.401 -13.95 -14.23 -14.416 -13.396 -12.79 -13.647 -14.536 -14.501 -14.28 -13.415
6.005465 -8.345 -5.485 -7.929 -9.987 -11.643 -12.795 -10.896 -10.288 -11.686 -12.839 -13.632 -14.144 -10.182 -12.108 -13.304 -13.862 -14.196 -12.35 -13.341 -13.891 -14.171 -14.357 -13.337 -12.73 -13.588 -14.476 -14.441 -14.221 -13.356
6.187096 -8.281 -5.421 -7.866 -9.923 -11.579 -12.732 -10.832 -10.224 -11.623 -12.776 -13.568 -14.08 -10.118 -12.044 -13.24 -13.798 -14.132 -12.286 -13.278 -13.827 -14.107 -14.293 -13.273 -12.667 -13.524 -14.412 -14.378 -14.157 -13.292
6.37422 -8.213 -5.353 -7.798 -9.855 -11.511 -12.664 -10.764 -10.156 -11.555 -12.707 -13.5 -14.012 -10.05 -11.976 -13.172 -13.73 -14.064 -12.218 -13.21 -13.759 -14.039 -14.225 -13.205 -12.599 -13.456 -14.344 -14.31 -14.089 -13.224
6.567004 -8.14 -5.28 -7.725 -9.782 -11.438 -12.591 -10.691 -10.083 -11.482 -12.635 -13.427 -13.939 -9.977 -11.903 -13.099 -13.657 -13.992 -12.145 -13.137 -13.686 -13.966 -14.152 -13.132 -12.526 -13.383 -14.271 -14.237 -14.016 -13.151
6.765619 -8.062 -5.203 -7.647 -9.704 -11.36 -12.513 -10.613 -10.006 -11.404 -12.557 -13.35 -13.861 -9.899 -11.825 -13.022 -13.58 -13.914 -12.068 -13.059 -13.608 -13.888 -14.075 -13.054 -12.448 -13.305 -14.194 -14.159 -13.938 -13.074
6.97024 -7.979 -5.12 -7.564 -9.621 -11.277 -12.43 -10.53 -9.923 -11.321 -12.474 -13.267 -13.778 -9.816 -11.742 -12.939 -13.497 -13.831 -11.985 -12.976 -13.525 -13.805 -13.992 -12.971 -12.365 -13.222 -14.111 -14.076 -13.855 -12.991
7.181051 -7.891 -5.031 -7.476 -9.533 -11.189 -12.342 -10.442 -9.834 -11.233 -12.385 -13.178 -13.69 -9.728 -11.654 -12.85 -13.408 -13.742 -11.896 -12.888 -13.437 -13.717 -13.903 -12.883 -12.277 -13.134 -14.022 -13.988 -13.767 -12.902
7.398237 -7.797 -4.937 -7.381 -9.438 -11.094 -12.247 -10.347 -9.74 -11.138 -12.291 -13.084 -13.595 -9.633 -11.56 -12.756 -13.314 -13.648 -11.802 -12.793 -13.342 -13.622 -13.809 -12.788 -12.182 -13.04 -13.928 -13.893 -13.673 -12.808
7.621991 -7.696 -4.836 -7.281 -9.338 -10.994 -12.147 -10.247 -9.639 -11.038 -12.19 -12.983 -13.495 -9.533 -11.459 -12.655 -13.213 -13.547 -11.701 -12.693 -13.242 -13.522 -13.708 -12.688 -12.082 -12.939 -13.827 -13.793 -13.572 -12.707
7.852513 -7.589 -4.729 -7.173 -9.231 -10.887 -12.039 -10.14 -9.532 -10.931 -12.083 -12.876 -13.388 -9.426 -11.352 -12.548 -13.106 -13.44 -11.594 -12.585 -13.135 -13.415 -13.601 -12.581 -11.975 -12.832 -13.72 -13.686 -13.465 -12.6
8.090007 -7.475 -4.615 -7.059 -9.117 -10.773 -11.925 -10.026 -9.418 -10.816 -11.969 -12.762 -13.274 -9.312 -11.238 -12.434 -12.992 -13.326 -11.48 -12.471 -13.021 -13.301 -13.487 -12.467 -11.86 -12.718 -13.606 -13.571 -13.351 -12.486
8.334684 -7.353 -4.494 -6.938 -8.995 -10.651 -11.804 -9.904 -9.297 -10.695 -11.848 -12.641 -13.152 -9.19 -11.116 -12.313 -12.871 -13.205 -11.359 -12.35 -12.899 -13.179 -13.366 -12.345 -11.739 -12.596 -13.485 -13.45 -13.229 -12.365
8.586761 -7.224 -4.364 -6.809 -8.866 -10.522 -11.675 -9.775 -9.167 -10.566 -11.719 -12.511 -13.023 -9.061 -10.987 -12.183 -12.742 -13.076 -11.229 -12.221 -12.77 -13.05 -13.237 -12.216 -11.61 -12.467 -13.356 -13.321 -13.1 -12.235
8.846461 -7.087 -4.227 -6.672 -8.729 -10.385 -11.538 -9.638 -9.03 -10.429 -11.581 -12.374 -12.886 -8.924 -10.85 -12.046 -12.604 -12.938 -11.092 -12.084 -12.633 -12.913 -13.099 -12.079 -11.473 -12.33 -13.218 -13.184 -12.963 -12.098
9.114017 -6.941 -4.081 -6.526 -8.583 -10.239 -11.392 -9.492 -8.884 -10.283 -11.435 -12.228 -12.74 -8.778 -10.704 -11.9 -12.458 -12.792 -10.946 -11.938 -12.487 -12.767 -12.953 -11.933 -11.327 -12.184 -13.072 -13.038 -12.817 -11.952
9.389664 -6.786 -3.926 -6.37 -8.428 -10.084 -11.236 -9.337 -8.729 -10.127 -11.28 -12.073 -12.584 -8.623 -10.549 -11.745 -12.303 -12.637 -10.791 -11.782 -12.332 -12.612 -12.798 -11.778 -11.171 -12.029 -12.917 -12.882 -12.662 -11.797
9.673648 -6.621 -3.761 -6.205 -8.263 -9.919 -11.071 -9.172 -8.564 -9.962 -11.115 -11.908 -12.42 -8.458 -10.384 -11.58 -12.138 -12.472 -10.626 -11.617 -12.167 -12.447 -12.633 -11.613 -11.006 -11.864 -12.752 -12.717 -12.497 -11.632
9.966221 -6.446 -3.586 -6.03 -8.087 -9.743 -10.896 -8.996 -8.389 -9.787 -10.94 -11.733 -12.244 -8.282 -10.209 -11.405 -11.963 -12.297 -10.451 -11.442 -11.991 -12.271 -12.458 -11.437 -10.831 -11.689 -12.577 -12.542 -12.322 -11.457
10.267642 -6.259 -3.399 -5.844 -7.901 -9.557 -10.71 -8.81 -8.203 -9.601 -10.754 -11.547 -12.058 -8.096 -10.022 -11.219 -11.777 -12.111 -10.264 -11.256 -11.805 -12.085 -12.272 -11.251 -10.645 -11.502 -12.391 -12.356 -12.135 -11.27
10.57818 -6.062 -3.202 -5.646 -7.703 -9.36 -10.512 -8.612 -8.005 -9.403 -10.556 -11.349 -11.86 -7.899 -9.825 -11.021 -11.579 -11.913 -10.067 -11.058 -11.608 -11.887 -12.074 -11.053 -10.447 -11.305 -12.193 -12.158 -11.938 -11.073
10.89811 -5.852 -2.992 -5.436 -7.493 -9.149 -10.302 -8.402 -7.795 -9.193 -10.346 -11.139 -11.65 -7.689 -9.615 -10.811 -11.369 -11.703 -9.857 -10.848 -11.398 -11.677 -11.864 -10.843 -10.237 -11.095 -11.983 -11.948 -11.728 -10.863
11.227716 -5.629 -2.769 -5.213 -7.27 -8.926 -10.079 -8.179 -7.572 -8.97 -10.123 -10.916 -11.427 -7.466 -9.392 -10.588 -11.146 -11.48 -9.634 -10.625 -11.175 -11.454 -11.641 -10.62 -10.014 -10.872 -11.76 -11.725 -11.505 -10.64
11.56729 -5.392 -2.532 -4.976 -7.034 -8.69 -9.842 -7.943 -7.335 -8.733 -9.886 -10.679 -11.19 -7.229 -9.155 -10.351 -10.909 -11.243 -9.397 -10.388 -10.938 -11.218 -11.404 -10.384 -9.777 -10.635 -11.523 -11.488 -11.268 -10.403
11.917135 -5.14 -2.28 -4.725 -6.782 -8.438 -9.591 -7.691 -7.083 -8.482 -9.635 -10.428 -10.939 -6.977 -8.903 -10.1 -10.658 -10.992 -9.145 -10.137 -10.686 -10.966 -11.153 -10.132 -9.526 -10.383 -11.272 -11.237 -11.016 -10.151
12.277561 -4.873 -2.014 -4.458 -6.515 -8.171 -9.324 -7.424 -6.817 -8.215 -9.368 -10.161 -10.672 -6.71 -8.636 -9.833 -10.391 -10.725 -8.879 -9.87 -10.419 -10.699 -10.886 -9.865 -9.259 -10.116 -11.005 -10.97 -10.749 -9.885
12.648887 -4.59 -1.73 -4.175 -6.232 -7.888 -9.041 -7.141 -6.533 -7.932 -9.085 -9.877 -10.389 -6.427 -8.353 -9.549 -10.107 -10.441 -8.595 -9.587 -10.136 -10.416 -10.602 -9.582 -8.976 -9.833 -10.721 -10.687 -10.466 -9.601
13.031444 -4.289 -1.429 -3.874 -5.931 -7.587 -8.74 -6.84 -6.232 -7.631 -8.784 -9.576 -10.088 -6.126 -8.052 -9.248 -9.807 -10.141 -8.294 -9.286 -9.835 -10.115 -10.301 -9.281 -8.675 -9.532 -10.421 -10.386 -10.165 -9.3
13.425571 -3.97 -1.11 -3.555 -5.612 -7.268 -8.421 -6.521 -5.913 -7.312 -8.464 -9.257 -9.769 -5.807 -7.733 -8.929 -9.487 -9.821 -7.975 -8.967 -9.516 -9.796 -9.982 -8.962 -8.356 -9.213 -10.101 -10.067 -9.846 -8.981
13.831619 -3.631 -0.771 -3.216 -5.273 -6.929 -8.082 -6.182 -5.574 -6.973 -8.125 -8.918 -9.43 -5.468 -7.394 -8.59 -9.148 -9.482 -7.636 -8.628 -9.177 -9.457 -9.643 -8.623 -8.017 -8.874 -9.762 -9.728 -9.507 -8.642
14.249947 -3.271 -0.411 -2.856 -4.913 -6.569 -7.722 -5.822 -5.214 -6.613 -7.766 -8.558 -9.07 -5.108 -7.034 -8.23 -8.789 -9.123 -7.276 -8.268 -8.817 -9.097 -9.283 -8.263 -7.657 -8.514 -9.403 -9.368 -9.147 -8.282
14.680926 -2.889 -0.029 -2.474 -4.531 -6.187 -7.34 -5.44 -4.833 -6.231 -7.384 -8.177 -8.688 -4.726 -6.652 -7.849 -8.407 -8.741 -6.895 -7.886 -8.435 -8.715 -8.902 -7.881 -7.275 -8.132 -9.021 -8.986 -8.765 -7.9
15.124941 -2.484 0.376 -2.069 -4.126 -5.782 -6.935 -5.035 -4.427 -5.826 -6.979 -7.771 -8.283 -4.321 -6.247 -7.443 -8.001 -8.335 -6.489 -7.481 -8.03 -8.31 -8.496 -7.476 -6.87 -7.727 -8.615 -8.581 -8.36 -7.495
15.582385 -2.054 0.806 -1.638 -3.696 -5.352 -6.505 -4.605 -3.997 -5.396 -6.548 -7.341 -7.853 -3.891 -5.817 -7.013 -7.571 -7.905 -6.059 -7.05 -7.6 -7.88 -8.066 -7.046 -6.44 -7.297 -8.185 -8.151 -7.93 -7.065
16.053663 -1.597 1.263 -1.182 -3.239 -4.895 -6.048 -4.148 -3.54 -4.939 -6.092 -6.884 -7.396 -3.434 -5.36 -6.556 -7.114 -7.449 -5.602 -6.594 -7.143 -7.423 -7.609 -6.589 -5.983 -6.84 -7.728 -7.694 -7.473 -6.608
16.539195 -1.113 1.747 -0.697 -2.754 -4.41 -5.563 -3.663 -3.056 -4.454 -5.607 -6.4 -6.911 -2.949 -4.876 -6.072 -6.63 -6.964 -5.118 -6.109 -6.658 -6.938 -7.125 -6.104 -5.498 -6.356 -7.244 -7.209 -6.989 -6.124
17.039412 -0.598 2.262 -0.183 -2.24 -3.896 -5.049 -3.149 -2.541 -3.94 -5.093 -5.885 -6.397 -2.435 -4.361 -5.557 -6.115 -6.449 -4.603 -5.595 -6.144 -6.424 -6.61 -5.59 -4.984 -5.841 -6.729 -6.695 -6.474 -5.609
17.554757 -0.052 2.808 0.363 -1.694 -3.35 -4.503 -2.603 -1.995 -3.394 -4.547 -5.339 -5.851 -1.889 -3.815 -5.011 -5.569 -5.903 -4.057 -5.049 -5.598 -5.878 -6.064 -5.044 -4.438 -5.295 -6.183 -6.149 -5.928 -5.063
18.085689 0.527 3.387 0.943 -1.114 -2.77 -3.923 -2.023 -1.416 -2.814 -3.967 -4.76 -5.271 -1.309 -3.236 -4.432 -4.99 -5.324 -3.478 -4.469 -5.018 -5.298 -5.485 -4.464 -3.858 -4.715 -5.604 -5.569 -5.348 -4.484
18.632678 1.143 4.003 1.558 -0.499 -2.155 -3.308 -1.408 -0.8 -2.199 -3.352 -4.144 -4.656 -0.694 -2.62 -3.816 -4.375 -4.709 -2.862 -3.854 -4.403 -4.683 -4.87 -3.849 -3.243 -4.1 -4.989 -4.954 -4.733 -3.868
19.196211 1.796 4.656 2.211 0.154 -1.502 -2.655 -0.755 -0.148 -1.546 -2.699 -3.492 -4.003 -0.041 -1.967 -3.164 -3.722 -4.056 -2.21 -3.201 -3.75 -4.03 -4.217 -3.196 -2.59 -3.447 -4.336 -4.301 -4.08 -3.215
19.776787 2.489 5.349 2.904 0.847 -0.809 -1.962 -0.062 0.545 -0.853 -2.006 -2.799 -3.31 0.652 -1.274 -2.471 -3.029 -3.363 -1.516 -2.508 -3.057 -3.337 -3.524 -2.503 -1.897 -2.754 -3.643 -3.608 -3.387 -2.522
20.374923 3.224 6.084 3.64 1.582 -0.074 -1.226 0.673 1.281 -0.117 -1.27 -2.063 -2.575 1.387 -0.539 -1.735 -2.293 -2.627 -0.781 -1.772 -2.322 -2.602 -2.788 -1.768 -1.161 -2.019 -2.907 -2.872 -2.652 -1.787
20.991149 4.005 6.865 4.42 2.363 0.707 -0.446 1.454 2.062 0.663 -0.49 -1.282 -1.794 2.168 0.242 -0.954 -1.512 -1.846 -0.0 -0.992 -1.541 -1.821 -2.007 -0.987 -0.381 -1.238 -2.126 -2.092 -1.871 -1.006
21.626011 4.834 7.694 5.249 3.192 1.536 0.383 2.283 2.89 1.492 0.339 -0.454 -0.965 2.997 1.071 -0.126 -0.684 -1.018 0.829 -0.163 -0.712 -0.992 -1.179 -0.158 0.448 -0.409 -1.298 -1.263 -1.042 -0.177
22.280075 5.713 8.573 6.129 4.071 2.415 1.263 3.162 3.77 2.372 1.219 0.426 -0.086 3.876 1.95 0.754 0.196 -0.138 1.708 0.717 0.167 -0.113 -0.299 0.721 1.328 0.47 -0.418 -0.383 -0.163 0.702
22.953921 6.647 9.507 7.062 5.005 3.349 2.196 4.096 4.704 3.305 2.152 1.36 0.848 4.81 2.884 1.688 1.13 0.795 2.642 1.65 1.101 0.821 0.635 1.655 2.261 1.404 0.516 0.55 0.771 1.636
23.648147 7.638 10.498 8.053 5.996 4.34 3.187 5.087 5.695 4.296 3.143 2.351 1.839 5.801 3.875 2.679 2.12 1.786 3.633 2.641 2.092 1.812 1.625 2.646 3.252 2.395 1.506 1.541 1.762 2.627
24.363369 8.689 11.549 9.105 7.048 5.392 4.239 6.139 6.746 5.348 4.195 3.402 2.891 6.852 4.926 3.73 3.172 2.838 4.684 3.693 3.143 2.864 2.677 3.698 4.304 3.446 2.558 2.593 2.813 3.678
25.100222 9.806 12.666 10.221 8.164 6.508 5.355 7.255 7.863 6.464 5.311 4.519 4.007 7.969 6.043 4.847 4.288 3.954 5.801 4.809 4.26 3.98 3.794 4.814 5.42 4.563 3.675 3.709 3.93 4.795
25.859362 10.991 13.851 11.406 9.349 7.693 6.54 8.44 9.047 7.649 6.496 5.703 5.192 9.154 7.228 6.031 5.473 5.139 6.986 5.994 5.445 5.165 4.978 5.999 6.605 5.748 4.859 4.894 5.115 5.98
26.64146 12.248 15.108 12.664 10.606 8.95 7.798 9.697 10.305 8.907 7.754 6.961 6.45 10.411 8.485 7.289 6.731 6.397 8.243 7.252 6.702 6.422 6.236 7.256 7.863 7.005 6.117 6.152 6.372 7.237
27.447213 13.583 16.443 13.999 11.941 10.285 9.132 11.032 11.64 10.241 9.089 8.296 7.784 11.746 9.82 8.624 8.066 7.732 9.578 8.587 8.037 7.757 7.571 8.591 9.197 8.34 7.452 7.486 7.707 8.572
28.277335 15.0 17.86 15.415 13.358 11.702 10.549 12.449 13.057 11.658 10.505 9.713 9.201 13.163 11.237 10.041 9.483 9.149 10.995 10.003 9.454 9.174 8.988 10.008 10.614 9.757 8.869 8.903 9.124 9.989
29.132564 16.504 19.364 16.919 14.862 13.206 12.053 13.953 14.561 13.162 12.009 11.217 10.705 14.667 12.741 11.545 10.986 10.652 12.499 11.507 10.958 10.678 10.492 11.512 12.118 11.261 10.372 10.407 10.628 11.493
30.013659 18.1 20.96 18.515 16.458 14.802 13.649 15.549 16.157 14.758 13.605 12.813 12.301 16.263 14.337 13.141 12.583 12.248 14.095 13.103 12.554 12.274 12.088 13.108 13.714 12.857 11.969 12.003 12.224 13.089
30.921401 19.794 22.654 20.209 18.152 16.496 15.343 17.243 17.851 16.452 15.3 14.507 13.995 17.957 16.031 14.835 14.277 13.943 15.789 14.797 14.248 13.968 13.782 14.802 15.408 14.551 13.663 13.697 13.918 14.783
31.856598 21.592 24.452 22.008 19.95 18.294 17.142 19.041 19.649 18.251 17.098 16.305 15.794 19.755 17.829 16.633 16.075 15.741 17.587 16.596 16.046 15.766 15.58 16.6 17.207 16.349 15.461 15.496 15.716 16.581
32.820079 23.501 26.361 23.916 21.859 20.203 19.05 20.95 21.558 20.159 19.006 18.214 17.702 21.664 19.738 18.542 17.984 17.649 19.496 18.504 17.955 17.675 17.489 18.509 19.115 18.258 17.37 17.404 17.625 18.49
33.8127 25.527 28.387 25.942 23.885 22.229 21.076 22.976 23.583 22.185 21.032 20.239 19.728 23.69 21.764 20.567 20.009 19.675 21.521 20.53 19.981 19.701 19.514 20.535 21.141 20.284 19.395 19.43 19.651 20.516
34.835342 27.677 30.537 28.092 26.035 24.379 23.226 25.126 25.734 24.335 23.182 22.39 21.878 25.84 23.914 22.718 22.16 21.825 23.672 22.68 22.131 21.851 21.665 22.685 23.291 22.434 21.546 21.58 21.801 22.666
35.888913 29.959 32.819 30.374 28.317 26.661 25.508 27.408 28.016 26.617 25.465 24.672 24.16 28.122 26.196 25.0 24.442 24.108 25.954 24.962 24.413 24.133 23.947 24.967 25.573 24.716 23.828 23.862 24.083 24.948
36.974349 32.381 35.241 32.797 30.739 29.083 27.931 29.831 30.438 29.04 27.887 27.094 26.583 30.544 28.618 27.422 26.864 26.53 28.376 27.385 26.835 26.556 26.369 27.39 27.996 27.138 26.25 26.285 26.505 27.37
38.092613 34.952 37.812 35.368 33.311 31.655 30.502 32.402 33.009 31.611 30.458 29.665 29.154 33.116 31.189 29.993 29.435 29.101 30.947 29.956 29.407 29.127 28.94 29.961 30.567 29.709 28.821 28.856 29.076 29.941
39.244698 37.681 40.541 38.097 36.04 34.384 33.231 35.131 35.738 34.34 33.187 32.394 31.883 35.844 33.918 32.722 32.164 31.83 33.676 32.685 32.135 31.856 31.669 32.69 33.296 32.438 31.55 31.585 31.805 32.67
40.431627 40.578 43.438 40.993 38.936 37.28 36.127 38.027 38.635 37.236 36.083 35.291 34.779 38.741 36.815 35.619 35.061 34.727 36.573 35.581 35.032 34.752 34.566 35.586 36.192 35.335 34.447 34.481 34.702 35.567
41.654454 43.652 46.512 44.068 42.01 40.354 39.202 41.102 41.709 40.311 39.158 38.365 37.854 41.815 39.889 38.693 38.135 37.801 39.647 38.656 38.106 37.827 37.64 38.66 39.267 38.409 37.521 37.556 37.776 38.641
42.914265 46.915 49.775 47.331 45.274 43.618 42.465 44.365 44.972 43.574 42.421 41.628 41.117 45.079 43.152 41.956 41.398 41.064 42.91 41.919 41.37 41.09 40.903 41.924 42.53 41.673 40.784 40.819 41.04 41.904
44.212178 50.379 53.239 50.794 48.737 47.081 45.928 47.828 48.436 47.037 45.885 45.092 44.58 48.542 46.616 45.42 44.862 44.528 46.374 45.382 44.833 44.553 44.367 45.387 45.993 45.136 44.248 44.282 44.503 45.368
45.549345 54.055 56.915 54.471 52.413 50.757 49.605 51.504 52.112 50.714 49.561 48.768 48.257 52.218 50.292 49.096 48.538 48.204 50.05 49.059 48.509 48.229 48.043 49.063 49.67 48.812 47.924 47.959 48.179 49.044
46.926954 57.957 60.817 58.373 56.315 54.659 53.507 55.406 56.014 54.616 53.463 52.67 52.158 56.12 54.194 52.998 52.44 52.106 53.952 52.961 52.411 52.131 51.945 52.965 53.572 52.714 51.826 51.861 52.081 52.946
48.346227 62.099 64.959 62.514 60.457 58.801 57.648 59.548 60.156 58.757 57.604 56.812 56.3 60.262 58.336 57.14 56.581 56.247 58.094 57.102 56.553 56.273 56.087 57.107 57.713 56.856 55.967 56.002 56.223 57.088
49.808426 66.495 69.354 66.91 64.853 63.197 62.044 63.944 64.551 63.153 62.0 61.207 60.696 64.658 62.732 61.535 60.977 60.643 62.489 61.498 60.949 60.669 60.482 61.503 62.109 61.252 60.363 60.398 60.619 61.483
51.314848 71.16 74.02 71.576 69.518 67.862 66.71 68.609 69.217 67.819 66.666 65.873 65.362 69.323 67.397 66.201 65.643 65.309 67.155 66.164 65.614 65.335 65.148 66.168 66.775 65.917 65.029 65.064 65.284 66.149
52.86683 76.113 78.972 76.528 74.471 72.815 71.662 73.562 74.169 72.771 71.618 70.825 70.314 74.276 72.35 71.153 70.595 70.261 72.107 71.116 70.567 70.287 70.1 71.121 71.727 70.87 69.981 70.016 70.237 71.101
54.465752 81.369 84.229 81.784 79.727 78.071 76.918 78.818 79.426 78.027 76.874 76.082 75.57 79.532 77.606 76.41 75.852 75.518 77.364 76.372 75.823 75.543 75.357 76.377 76.983 76.126 75.238 75.272 75.493 76.358
56.113031 86.948 89.808 87.363 85.306 83.65 82.497 84.397 85.005 83.606 82.454 81.661 81.149 85.111 83.185 81.989 81.431 81.097 82.943 81.951 81.402 81.122 80.936 81.956 82.562 81.705 80.817 80.851 81.072 81.937
57.810132 92.87 95.73 93.285 91.228 89.572 88.419 90.319 90.927 89.528 88.375 87.583 87.071 91.033 89.107 87.911 87.352 87.018 88.865 87.873 87.324 87.044 86.857 87.878 88.484 87.627 86.738 86.773 86.994 87.859
59.55856 99.155 102.015 99.57 97.513 95.857 94.704 96.604 97.212 95.813 94.66 93.868 93.356 97.318 95.392 94.196 93.638 93.304 95.15 94.158 93.609 93.329 93.143 94.163 94.769 93.912 93.024 93.058 93.279 94.144
61.359868 105.826 108.686 106.242 104.184 102.528 101.376 103.275 103.883 102.484 101.332 100.539 100.027 103.989 102.063 100.867 100.309 99.975 101.821 100.83 100.28 100.0 99.814 100.834 101.44 100.583 99.695 99.729 99.95 100.815
63.215655 112.907 115.767 113.322 111.265 109.609 108.456 110.356 110.964 109.565 108.413 107.62 107.108 111.07 109.144 107.948 107.39 107.056 108.902 107.91 107.361 107.081 106.895 107.915 108.521 107.664 106.776 106.81 107.031 107.896
65.127569 120.423 123.283 120.838 118.781 117.125 115.972 117.872 118.48 117.081 115.928 115.135 114.624 118.586 116.66 115.463 114.905 114.571 116.418 115.426 114.877 114.597 114.41 115.431 116.037 115.18 114.291 114.326 114.547 115.412
67.097308 128.4 131.26 128.815 126.758 125.102 123.949 125.849 126.457 125.058 123.905 123.113 122.601 126.563 124.637 123.441 122.882 122.548 124.395 123.403 122.854 122.574 122.388 123.408 124.014 123.157 122.269 122.303 122.524 123.389
69.126621 136.867 139.727 137.282 135.225 133.569 132.416 134.316 134.924 133.525 132.372 131.58 131.068 135.03 133.104 131.908 131.349 131.015 132.862 131.87 131.321 131.041 130.854 131.875 132.481 131.624 130.735 130.77 130.991 131.856
71.217308 145.854 148.713 146.269 144.212 142.556 141.403 143.303 143.91 142.512 141.359 140.566 140.055 144.017 142.091 140.894 140.336 140.002 141.848 140.857 140.308 140.028 139.841 140.862 141.468 140.611 139.722 139.757 139.978 140.842
73.371227 155.392 158.252 155.808 153.75 152.094 150.942 152.841 153.449 152.051 150.898 150.105 149.593 153.555 151.629 150.433 149.875 149.541 151.387 150.396 149.846 149.566 149.38 150.4 151.007 150.149 149.261 149.296 149.516 150.381
75.59029 165.517 168.376 165.932 163.875 162.219 161.066 162.966 163.573 162.175 161.022 160.229 159.718 163.68 161.754 160.557 159.999 159.665 161.511 160.52 159.971 159.691 159.504 160.525 161.131 160.274 159.385 159.42 159.641 160.505
77.876467 176.263 179.123 176.678 174.621 172.965 171.812 173.712 174.319 172.921 171.768 170.975 170.464 174.426 172.5 171.303 170.745 170.411 172.257 171.266 170.717 170.437 170.25 171.271 171.877 171.02 170.131 170.166 170.387 171.252
80.231787 187.668 190.528 188.084 186.027 184.371 183.218 185.118 185.725 184.327 183.174 182.381 181.87 185.832 183.905 182.709 182.151 181.817 183.663 182.672 182.123 181.843 181.656 182.677 183.283 182.425 181.537 181.572 181.793 182.657
82.658343 199.775 202.635 200.19 198.133 196.477 195.324 197.224 197.832 196.433 195.28 194.488 193.976 197.938 196.012 194.816 194.257 193.923 195.77 194.778 194.229 193.949 193.763 194.783 195.389 194.532 193.644 193.678 193.899 194.764
85.158288 212.624 215.484 213.04 210.982 209.326 208.174 210.074 210.681 209.283 208.13 207.337 206.826 210.787 208.861 207.665 207.107 206.773 208.619 207.628 207.078 206.799 206.612 207.632 208.239 207.381 206.493 206.528 206.748 207.613
87.733843 226.263 229.123 226.678 224.621 222.965 221.812 223.712 224.32 222.921 221.769 220.976 220.464 224.426 222.5 221.304 220.746 220.412 222.258 221.266 220.717 220.437 220.251 221.271 221.877 221.02 220.132 220.166 220.387 221.252
90.387293 240.739 243.599 241.154 239.097 237.441 236.288 238.188 238.796 237.397 236.245 235.452 234.94 238.902 236.976 235.78 235.222 234.888 236.734 235.742 235.193 234.913 234.727 235.747 236.353 235.496 234.608 234.642 234.863 235.728
93.120995 256.104 258.964 256.519 254.462 252.806 251.653 253.553 254.161 252.762 251.61 250.817 250.305 254.267 252.341 251.145 250.587 250.253 252.099 251.107 250.558 250.278 250.092 251.112 251.718 250.861 249.973 250.007 250.228 251.093
95.937376 272.412 275.272 272.828 270.771 269.114 267.962 269.862 270.469 269.071 267.918 267.125 266.614 270.575 268.649 267.453 266.895 266.561 268.407 267.416 266.866 266.587 266.4 267.421 268.027 267.169 266.281 266.316 266.536 267.401
98.838937 289.722 292.582 290.138 288.08 286.424 285.272 287.171 287.779 286.381 285.228 284.435 283.923 287.885 285.959 284.763 284.205 283.871 285.717 284.726 284.176 283.896 283.71 284.73 285.337 284.479 283.591 283.626 283.846 284.711
101.828253 308.095 310.955 308.51 306.453 304.797 303.644 305.544 306.152 304.753 303.6 302.808 302.296 306.258 304.332 303.136 302.578 302.243 304.09 303.098 302.549 302.269 302.083 303.103 303.709 302.852 301.964 301.998 302.219 303.084
104.907979 327.596 330.456 328.011 325.954 324.298 323.145 325.045 325.653 324.254 323.101 322.309 321.797 325.759 323.833 322.637 322.078 321.744 323.591 322.599 322.05 321.77 321.583 322.604 323.21 322.353 321.464 321.499 321.72 322.585
108.080849 348.294 351.154 348.709 346.652 344.996 343.843 345.743 346.351 344.952 343.799 343.007 342.495 346.457 344.531 343.335 342.777 342.443 344.289 343.297 342.748 342.468 342.282 343.302 343.908 343.051 342.163 342.197 342.418 343.283
111.349681 370.263 373.123 370.679 368.621 366.965 365.812 367.712 368.32 366.921 365.769 364.976 364.464 368.426 366.5 365.304 364.746 364.412 366.258 365.267 364.717 364.437 364.251 365.271 365.877 365.02 364.132 364.166 364.387 365.252
114.717376 393.581 396.441 393.997 391.939 390.283 389.131 391.03 391.638 390.24 389.087 388.294 387.783 391.744 389.818 388.622 388.064 387.73 389.576 388.585 388.035 387.755 387.569 388.589 389.196 388.338 387.45 387.485 387.705 388.57
118.186925 418.331 421.191 418.747 416.689 415.033 413.881 415.78 416.388 414.99 413.837 413.044 412.533 416.494 414.568 413.372 412.814 412.48 414.326 413.335 412.785 412.505 412.319 413.339 413.946 413.088 412.2 412.235 412.455 413.32
121.761408 444.601 447.461 445.016 442.959 441.303 440.15 442.05 442.658 441.259 440.107 439.314 438.802 442.764 440.838 439.642 439.084 438.75 440.596 439.604 439.055 438.775 438.589 439.609 440.215 439.358 438.47 438.504 438.725 439.59
125.443999 472.484 475.344 472.899 470.842 469.186 468.033 469.933 470.541 469.142 467.989 467.197 466.685 470.647 468.721 467.525 466.966 466.632 468.479 467.487 466.938 466.658 466.472 467.492 468.098 467.241 466.353 466.387 466.608 467.473
129.237967 502.079 504.939 502.494 500.437 498.781 497.628 499.528 500.135 498.737 497.584 496.791 496.28 500.242 498.316 497.119 496.561 496.227 498.073 497.082 496.533 496.253 496.066 497.087 497.693 496.836 495.947 495.982 496.203 497.068
133.146681 533.491 536.351 533.906 531.849 530.193 529.04 530.94 531.548 530.149 528.996 528.204 527.692 531.654 529.728 528.532 527.973 527.639 529.486 528.494 527.945 527.665 527.478 528.499 529.105 528.248 527.359 527.394 527.615 528.48
137.173612 566.832 569.691 567.247 565.19 563.534 562.381 564.281 564.888 563.49 562.337 561.544 561.033 564.995 563.069 561.872 561.314 560.98 562.826 561.835 561.286 561.006 560.819 561.84 562.446 561.589 560.7 560.735 560.956 561.82
141.322334 602.22 605.08 602.635 600.578 598.922 597.769 599.669 600.277 598.878 597.725 596.933 596.421 600.383 598.457 597.261 596.702 596.368 598.215 597.223 596.674 596.394 596.207 597.228 597.834 596.977 596.088 596.123 596.344 597.209
145.596532 639.781 642.641 640.196 638.139 636.483 635.33 637.23 637.838 636.439 635.286 634.494 633.982 637.944 636.018 634.822 634.263 633.929 635.776 634.784 634.235 633.955 633.769 634.789 635.395 634.538 633.65 633.684 633.905 634.77
150.0 679.648 682.508 680.064 678.006 676.35 675.198 677.097 677.705 676.307 675.154 674.361 673.849 677.811 675.885 674.689 674.131 673.797 675.643 674.652 674.102 673.822 673.636 674.656 675.263 674.405 673.517 673.552 673.772 674.637
