# %ECSV 1.0
# ---
# datatype:
# - {name: time, datatype: float64}
# - {name: swift_uvot_uvw2, datatype: float64}
# - {name: swift_uvot_uvm2, datatype: float64}
# - {name: swift_uvot_uvw1, datatype: float64}
# - {name: swift_uvot_U, datatype: float64}
# - {name: swift_uvot_B, datatype: float64}
# - {name: swift_uvot_V, datatype: float64}
# - {name: swift_uvot_W, datatype: float64}
# - {name: johnson_U, datatype: float64}
# - {name: johnson_B, datatype: float64}
# - {name: johnson_V, datatype: float64}
# - {name: johnson_R, datatype: float64}
# - {name: johnson_I, datatype: float64}
# - {name: sdss_u, datatype: float64}
# - {name: sdss_g, datatype: float64}
# - {name: sdss_r, datatype: float64}
# - {name: sdss_i, datatype: float64}
# - {name: sdss_z, datatype: float64}
# - {name: PS1_g, datatype: float64}
# - {name: PS1_r, datatype: float64}
# - {name: PS1_i, datatype: float64}
# - {name: PS1_z, datatype: float64}
# - {name: PS1_Y, datatype: float64}
# - {name: PS1_w, datatype: float64}
# - {name: ATLAS_c, datatype: float64}
# - {name: ATLAS_o, datatype: float64}
# - {name: ukirt_J, datatype: float64}
# - {name: ukirt_H, datatype: float64}
# - {name: ukirt_K, datatype: float64}
# - {name: Clear, datatype: float64}
# meta: !!omap
# - comment: [E = 4.339649880409358e-05, Eta0 = 8.02, GammaB = 12.0, dL = 0.012188, epsb = 6.760829753919819e-06, epse = 0.1, n = 0.03981071705534969,
#     p = 2.15, theta_obs = 0.0, xiN = 1.0, z = 0.0, type = grb, E_kiso = 0.1]
# schema: astropy-2.0
time swift_uvot_uvw2 swift_uvot_uvm2 swift_uvot_uvw1 swift_uvot_U swift_uvot_B swift_uvot_V swift_uvot_W johnson_U johnson_B johnson_V johnson_R johnson_I sdss_u sdss_g sdss_r sdss_i sdss_z PS1_g PS1_r PS1_i PS1_z PS1_Y PS1_w ATLAS_c ATLAS_o ukirt_J ukirt_H ukirt_K Clear
0.01 -3.574 -3.525 -3.6 -3.793 -3.935 -4.074 -3.713 -3.815 -3.937 -4.079 -4.22 -4.368 -3.81 -3.983 -4.154 -4.275 -4.386 -4.046 -4.189 -4.309 -4.408 -4.576 -4.152 -4.057 -4.21 -4.598 -4.767 -4.957 -4.242
0.0102 -3.56 -3.51 -3.585 -3.778 -3.921 -4.06 -3.699 -3.801 -3.923 -4.065 -4.205 -4.354 -3.796 -3.968 -4.14 -4.261 -4.371 -4.032 -4.174 -4.294 -4.393 -4.562 -4.138 -4.043 -4.195 -4.583 -4.753 -4.943 -4.228
0.0105 -3.545 -3.496 -3.571 -3.764 -3.906 -4.045 -3.685 -3.786 -3.909 -4.051 -4.191 -4.34 -3.781 -3.954 -4.126 -4.246 -4.357 -4.018 -4.16 -4.28 -4.379 -4.547 -4.123 -4.028 -4.181 -4.569 -4.738 -4.929 -4.214
0.0107 -3.531 -3.482 -3.557 -3.749 -3.892 -4.031 -3.67 -3.772 -3.894 -4.036 -4.177 -4.325 -3.767 -3.939 -4.111 -4.232 -4.343 -4.003 -4.146 -4.266 -4.365 -4.533 -4.109 -4.014 -4.167 -4.555 -4.724 -4.914 -4.199
0.011 -3.526 -3.476 -3.551 -3.744 -3.887 -4.026 -3.665 -3.767 -3.889 -4.031 -4.171 -4.32 -3.761 -3.934 -4.106 -4.227 -4.337 -3.998 -4.14 -4.26 -4.359 -4.528 -4.104 -4.008 -4.161 -4.549 -4.719 -4.909 -4.194
0.0113 -3.522 -3.473 -3.548 -3.741 -3.883 -4.022 -3.661 -3.763 -3.886 -4.027 -4.168 -4.316 -3.758 -3.931 -4.103 -4.223 -4.334 -3.994 -4.137 -4.257 -4.356 -4.524 -4.1 -4.005 -4.158 -4.546 -4.715 -4.905 -4.19
0.0115 -3.519 -3.47 -3.544 -3.737 -3.88 -4.019 -3.658 -3.76 -3.882 -4.024 -4.165 -4.313 -3.755 -3.927 -4.099 -4.22 -4.33 -3.991 -4.134 -4.253 -4.352 -4.521 -4.097 -4.002 -4.154 -4.542 -4.712 -4.902 -4.187
0.0118 -3.516 -3.466 -3.541 -3.734 -3.876 -4.015 -3.655 -3.756 -3.879 -4.021 -4.161 -4.31 -3.751 -3.924 -4.096 -4.216 -4.327 -3.988 -4.13 -4.25 -4.349 -4.517 -4.093 -3.998 -4.151 -4.539 -4.708 -4.899 -4.184
0.0121 -3.512 -3.463 -3.538 -3.731 -3.873 -4.012 -3.651 -3.753 -3.875 -4.017 -4.158 -4.306 -3.748 -3.92 -4.092 -4.213 -4.324 -3.984 -4.127 -4.247 -4.346 -4.514 -4.09 -3.995 -4.148 -4.536 -4.705 -4.895 -4.18
0.0124 -3.509 -3.459 -3.534 -3.727 -3.87 -4.009 -3.648 -3.75 -3.872 -4.014 -4.154 -4.303 -3.745 -3.917 -4.089 -4.21 -4.32 -3.981 -4.123 -4.243 -4.342 -4.511 -4.087 -3.991 -4.144 -4.532 -4.702 -4.892 -4.177
0.0127 -3.505 -3.456 -3.531 -3.724 -3.866 -4.005 -3.644 -3.746 -3.869 -4.01 -4.151 -4.3 -3.741 -3.914 -4.086 -4.206 -4.317 -3.977 -4.12 -4.24 -4.339 -4.507 -4.083 -3.988 -4.141 -4.529 -4.698 -4.889 -4.174
0.013 -3.502 -3.453 -3.527 -3.72 -3.863 -4.002 -3.641 -3.743 -3.865 -4.007 -4.148 -4.296 -3.738 -3.91 -4.082 -4.203 -4.314 -3.974 -4.117 -4.236 -4.335 -4.504 -4.08 -3.985 -4.137 -4.525 -4.695 -4.885 -4.17
0.0133 -3.499 -3.449 -3.524 -3.717 -3.859 -3.999 -3.638 -3.739 -3.862 -4.004 -4.144 -4.293 -3.734 -3.907 -4.079 -4.199 -4.31 -3.971 -4.113 -4.233 -4.332 -4.5 -4.077 -3.981 -4.134 -4.522 -4.691 -4.882 -4.167
0.0136 -3.495 -3.446 -3.521 -3.714 -3.856 -3.995 -3.634 -3.736 -3.858 -4.0 -4.141 -4.289 -3.731 -3.904 -4.075 -4.196 -4.307 -3.967 -4.11 -4.23 -4.329 -4.497 -4.073 -3.978 -4.131 -4.519 -4.688 -4.878 -4.163
0.014 -3.495 -3.446 -3.521 -3.714 -3.856 -3.995 -3.634 -3.736 -3.859 -4.0 -4.141 -4.289 -3.731 -3.904 -4.076 -4.196 -4.307 -3.967 -4.11 -4.23 -4.329 -4.497 -4.073 -3.978 -4.131 -4.519 -4.688 -4.879 -4.164
0.0143 -3.496 -3.446 -3.521 -3.714 -3.856 -3.996 -3.635 -3.736 -3.859 -4.001 -4.141 -4.29 -3.731 -3.904 -4.076 -4.197 -4.307 -3.968 -4.11 -4.23 -4.329 -4.497 -4.074 -3.978 -4.131 -4.519 -4.688 -4.879 -4.164
0.0146 -3.496 -3.447 -3.521 -3.714 -3.857 -3.996 -3.635 -3.737 -3.859 -4.001 -4.141 -4.29 -3.732 -3.904 -4.076 -4.197 -4.307 -3.968 -4.111 -4.23 -4.329 -4.498 -4.074 -3.979 -4.131 -4.519 -4.689 -4.879 -4.164
0.015 -3.496 -3.447 -3.522 -3.715 -3.857 -3.996 -3.635 -3.737 -3.859 -4.001 -4.142 -4.29 -3.732 -3.905 -4.076 -4.197 -4.308 -3.968 -4.111 -4.231 -4.33 -4.498 -4.074 -3.979 -4.132 -4.52 -4.689 -4.879 -4.164
0.0154 -3.497 -3.447 -3.522 -3.715 -3.857 -3.996 -3.636 -3.737 -3.86 -4.002 -4.142 -4.291 -3.732 -3.905 -4.077 -4.197 -4.308 -3.969 -4.111 -4.231 -4.33 -4.498 -4.074 -3.979 -4.132 -4.52 -4.689 -4.88 -4.165
0.0157 -3.497 -3.447 -3.522 -3.715 -3.858 -3.997 -3.636 -3.738 -3.86 -4.002 -4.142 -4.291 -3.733 -3.905 -4.077 -4.198 -4.308 -3.969 -4.111 -4.231 -4.33 -4.499 -4.075 -3.979 -4.132 -4.52 -4.69 -4.88 -4.165
0.0161 -3.497 -3.448 -3.522 -3.715 -3.858 -3.997 -3.636 -3.738 -3.86 -4.002 -4.143 -4.291 -3.733 -3.905 -4.077 -4.198 -4.309 -3.969 -4.112 -4.232 -4.331 -4.499 -4.075 -3.98 -4.133 -4.521 -4.69 -4.88 -4.165
0.0165 -3.497 -3.448 -3.523 -3.716 -3.858 -3.997 -3.636 -3.738 -3.861 -4.002 -4.143 -4.291 -3.733 -3.906 -4.078 -4.198 -4.309 -3.969 -4.112 -4.232 -4.331 -4.499 -4.075 -3.98 -4.133 -4.521 -4.69 -4.88 -4.165
0.0169 -3.498 -3.448 -3.523 -3.716 -3.858 -3.998 -3.637 -3.738 -3.861 -4.003 -4.143 -4.292 -3.733 -3.906 -4.078 -4.198 -4.309 -3.97 -4.112 -4.232 -4.331 -4.499 -4.076 -3.98 -4.133 -4.521 -4.69 -4.881 -4.166
0.0173 -3.497 -3.447 -3.522 -3.715 -3.857 -3.996 -3.636 -3.737 -3.86 -4.002 -4.142 -4.291 -3.732 -3.905 -4.077 -4.197 -4.308 -3.969 -4.111 -4.231 -4.33 -4.498 -4.074 -3.979 -4.132 -4.52 -4.689 -4.88 -4.165
0.0177 -3.485 -3.435 -3.51 -3.703 -3.845 -3.984 -3.624 -3.725 -3.848 -3.99 -4.13 -4.279 -3.72 -3.893 -4.065 -4.185 -4.296 -3.957 -4.099 -4.219 -4.318 -4.486 -4.062 -3.967 -4.12 -4.508 -4.677 -4.868 -4.153
0.0181 -3.472 -3.423 -3.498 -3.691 -3.833 -3.972 -3.612 -3.713 -3.836 -3.977 -4.118 -4.267 -3.708 -3.881 -4.053 -4.173 -4.284 -3.944 -4.087 -4.207 -4.306 -4.474 -4.05 -3.955 -4.108 -4.496 -4.665 -4.856 -4.141
0.0186 -3.46 -3.411 -3.486 -3.679 -3.821 -3.96 -3.599 -3.701 -3.824 -3.965 -4.106 -4.254 -3.696 -3.869 -4.04 -4.161 -4.272 -3.932 -4.075 -4.195 -4.294 -4.462 -4.038 -3.943 -4.096 -4.484 -4.653 -4.843 -4.128
0.019 -3.448 -3.399 -3.474 -3.667 -3.809 -3.948 -3.587 -3.689 -3.811 -3.953 -4.094 -4.242 -3.684 -3.857 -4.028 -4.149 -4.26 -3.92 -4.063 -4.183 -4.282 -4.45 -4.026 -3.931 -4.084 -4.472 -4.641 -4.831 -4.116
0.0195 -3.436 -3.387 -3.462 -3.655 -3.797 -3.936 -3.575 -3.677 -3.799 -3.941 -4.082 -4.23 -3.672 -3.844 -4.016 -4.137 -4.248 -3.908 -4.051 -4.171 -4.27 -4.438 -4.014 -3.919 -4.072 -4.46 -4.629 -4.819 -4.104
0.02 -3.424 -3.375 -3.449 -3.642 -3.785 -3.924 -3.563 -3.665 -3.787 -3.929 -4.07 -4.218 -3.66 -3.832 -4.004 -4.125 -4.236 -3.896 -4.039 -4.159 -4.258 -4.426 -4.002 -3.907 -4.06 -4.448 -4.617 -4.807 -4.092
0.0204 -3.412 -3.363 -3.437 -3.63 -3.773 -3.912 -3.551 -3.653 -3.775 -3.917 -4.058 -4.206 -3.648 -3.82 -3.992 -4.113 -4.223 -3.884 -4.027 -4.146 -4.245 -4.414 -3.99 -3.895 -4.047 -4.435 -4.605 -4.795 -4.08
0.0209 -3.4 -3.35 -3.425 -3.618 -3.761 -3.9 -3.539 -3.641 -3.763 -3.905 -4.045 -4.194 -3.636 -3.808 -3.98 -4.101 -4.211 -3.872 -4.015 -4.134 -4.233 -4.402 -3.978 -3.883 -4.035 -4.423 -4.593 -4.783 -4.068
0.0214 -3.388 -3.338 -3.413 -3.606 -3.749 -3.888 -3.527 -3.629 -3.751 -3.893 -4.033 -4.182 -3.624 -3.796 -3.968 -4.089 -4.199 -3.86 -4.002 -4.122 -4.221 -4.39 -3.966 -3.871 -4.023 -4.411 -4.581 -4.771 -4.056
0.022 -3.374 -3.325 -3.399 -3.592 -3.735 -3.874 -3.513 -3.615 -3.737 -3.879 -4.02 -4.168 -3.61 -3.782 -3.954 -4.075 -4.186 -3.846 -3.989 -4.108 -4.208 -4.376 -3.952 -3.857 -4.01 -4.397 -4.567 -4.757 -4.042
0.0225 -3.355 -3.306 -3.381 -3.573 -3.716 -3.855 -3.494 -3.596 -3.718 -3.86 -4.001 -4.149 -3.591 -3.763 -3.935 -4.056 -4.167 -3.827 -3.97 -4.09 -4.189 -4.357 -3.933 -3.838 -3.991 -4.379 -4.548 -4.738 -4.023
0.023 -3.336 -3.287 -3.362 -3.555 -3.697 -3.836 -3.475 -3.577 -3.699 -3.841 -3.982 -4.13 -3.572 -3.745 -3.916 -4.037 -4.148 -3.808 -3.951 -4.071 -4.17 -4.338 -3.914 -3.819 -3.972 -4.36 -4.529 -4.719 -4.004
0.0236 -3.317 -3.268 -3.343 -3.536 -3.678 -3.817 -3.456 -3.558 -3.68 -3.822 -3.963 -4.111 -3.553 -3.726 -3.897 -4.018 -4.129 -3.789 -3.932 -4.052 -4.151 -4.319 -3.895 -3.8 -3.953 -4.341 -4.51 -4.7 -3.985
0.0242 -3.298 -3.249 -3.324 -3.517 -3.659 -3.798 -3.437 -3.539 -3.662 -3.803 -3.944 -4.092 -3.534 -3.707 -3.879 -3.999 -4.11 -3.77 -3.913 -4.033 -4.132 -4.3 -3.876 -3.781 -3.934 -4.322 -4.491 -4.681 -3.966
0.0247 -3.279 -3.23 -3.305 -3.498 -3.64 -3.779 -3.419 -3.52 -3.643 -3.784 -3.925 -4.074 -3.515 -3.688 -3.86 -3.98 -4.091 -3.751 -3.894 -4.014 -4.113 -4.281 -3.857 -3.762 -3.915 -4.303 -4.472 -4.663 -3.948
0.0253 -3.261 -3.211 -3.286 -3.479 -3.621 -3.76 -3.4 -3.501 -3.624 -3.766 -3.906 -4.055 -3.496 -3.669 -3.841 -3.961 -4.072 -3.733 -3.875 -3.995 -4.094 -4.262 -3.838 -3.743 -3.896 -4.284 -4.453 -4.644 -3.929
0.0259 -3.242 -3.192 -3.267 -3.46 -3.602 -3.742 -3.381 -3.482 -3.605 -3.747 -3.887 -4.036 -3.477 -3.65 -3.822 -3.942 -4.053 -3.714 -3.856 -3.976 -4.075 -4.243 -3.819 -3.724 -3.877 -4.265 -4.434 -4.625 -3.91
0.0266 -3.223 -3.173 -3.248 -3.441 -3.583 -3.723 -3.362 -3.463 -3.586 -3.728 -3.868 -4.017 -3.458 -3.631 -3.803 -3.924 -4.034 -3.695 -3.837 -3.957 -4.056 -4.224 -3.801 -3.705 -3.858 -4.246 -4.415 -4.606 -3.891
0.0272 -3.204 -3.154 -3.229 -3.422 -3.565 -3.704 -3.343 -3.445 -3.567 -3.709 -3.849 -3.998 -3.439 -3.612 -3.784 -3.905 -4.015 -3.676 -3.818 -3.938 -4.037 -4.206 -3.782 -3.686 -3.839 -4.227 -4.397 -4.587 -3.872
0.0279 -3.184 -3.135 -3.209 -3.402 -3.545 -3.684 -3.323 -3.425 -3.547 -3.689 -3.83 -3.978 -3.42 -3.592 -3.764 -3.885 -3.996 -3.656 -3.799 -3.919 -4.018 -4.186 -3.762 -3.667 -3.82 -4.208 -4.377 -4.567 -3.852
0.0285 -3.163 -3.114 -3.189 -3.382 -3.524 -3.663 -3.302 -3.404 -3.526 -3.668 -3.809 -3.957 -3.399 -3.571 -3.743 -3.864 -3.975 -3.635 -3.778 -3.898 -3.997 -4.165 -3.741 -3.646 -3.799 -4.187 -4.356 -4.546 -3.831
0.0292 -3.142 -3.093 -3.168 -3.361 -3.503 -3.642 -3.281 -3.383 -3.505 -3.647 -3.788 -3.936 -3.378 -3.551 -3.722 -3.843 -3.954 -3.614 -3.757 -3.877 -3.976 -4.144 -3.72 -3.625 -3.778 -4.166 -4.335 -4.525 -3.81
0.0299 -3.121 -3.072 -3.147 -3.34 -3.482 -3.621 -3.26 -3.362 -3.485 -3.626 -3.767 -3.915 -3.357 -3.53 -3.701 -3.822 -3.933 -3.593 -3.736 -3.856 -3.955 -4.123 -3.699 -3.604 -3.757 -4.145 -4.314 -4.504 -3.789
0.0307 -3.1 -3.051 -3.126 -3.319 -3.461 -3.6 -3.24 -3.341 -3.464 -3.605 -3.746 -3.895 -3.336 -3.509 -3.681 -3.801 -3.912 -3.572 -3.715 -3.835 -3.934 -4.102 -3.678 -3.583 -3.736 -4.124 -4.293 -4.484 -3.769
0.0314 -3.08 -3.03 -3.105 -3.298 -3.44 -3.579 -3.219 -3.32 -3.443 -3.585 -3.725 -3.874 -3.315 -3.488 -3.66 -3.78 -3.891 -3.552 -3.694 -3.814 -3.913 -4.081 -3.657 -3.562 -3.715 -4.103 -4.272 -4.463 -3.748
0.0322 -3.059 -3.009 -3.084 -3.277 -3.419 -3.559 -3.198 -3.299 -3.422 -3.564 -3.704 -3.853 -3.294 -3.467 -3.639 -3.759 -3.87 -3.531 -3.673 -3.793 -3.892 -4.06 -3.637 -3.541 -3.694 -4.082 -4.251 -4.442 -3.727
0.0329 -3.038 -2.988 -3.063 -3.256 -3.398 -3.538 -3.177 -3.278 -3.401 -3.543 -3.683 -3.832 -3.273 -3.446 -3.618 -3.739 -3.849 -3.51 -3.652 -3.772 -3.871 -4.039 -3.616 -3.52 -3.673 -4.061 -4.23 -4.421 -3.706
0.0337 -3.017 -2.967 -3.042 -3.235 -3.378 -3.517 -3.156 -3.258 -3.38 -3.522 -3.662 -3.811 -3.253 -3.425 -3.597 -3.718 -3.828 -3.489 -3.631 -3.751 -3.85 -4.019 -3.595 -3.499 -3.652 -4.04 -4.21 -4.4 -3.685
0.0345 -2.996 -2.946 -3.021 -3.214 -3.357 -3.496 -3.135 -3.237 -3.359 -3.501 -3.641 -3.79 -3.232 -3.404 -3.576 -3.697 -3.807 -3.468 -3.611 -3.73 -3.829 -3.998 -3.574 -3.479 -3.631 -4.019 -4.189 -4.379 -3.664
0.0354 -2.97 -2.921 -2.995 -3.188 -3.331 -3.47 -3.109 -3.211 -3.333 -3.475 -3.616 -3.764 -3.206 -3.378 -3.55 -3.671 -3.782 -3.442 -3.585 -3.704 -3.804 -3.972 -3.548 -3.453 -3.606 -3.993 -4.163 -4.353 -3.638
0.0362 -2.94 -2.891 -2.965 -3.158 -3.301 -3.44 -3.079 -3.181 -3.303 -3.445 -3.586 -3.734 -3.176 -3.348 -3.52 -3.641 -3.751 -3.412 -3.555 -3.674 -3.773 -3.942 -3.518 -3.423 -3.575 -3.963 -4.133 -4.323 -3.608
0.0371 -2.91 -2.86 -2.935 -3.128 -3.271 -3.41 -3.049 -3.151 -3.273 -3.415 -3.555 -3.704 -3.146 -3.318 -3.49 -3.611 -3.721 -3.382 -3.525 -3.644 -3.743 -3.912 -3.488 -3.393 -3.545 -3.933 -4.103 -4.293 -3.578
0.038 -2.88 -2.83 -2.905 -3.098 -3.241 -3.38 -3.019 -3.121 -3.243 -3.385 -3.525 -3.674 -3.116 -3.288 -3.46 -3.581 -3.691 -3.352 -3.494 -3.614 -3.713 -3.882 -3.458 -3.363 -3.515 -3.903 -4.073 -4.263 -3.548
0.0389 -2.85 -2.8 -2.875 -3.068 -3.211 -3.35 -2.989 -3.09 -3.213 -3.355 -3.495 -3.644 -3.085 -3.258 -3.43 -3.551 -3.661 -3.322 -3.464 -3.584 -3.683 -3.851 -3.428 -3.332 -3.485 -3.873 -4.043 -4.233 -3.518
0.0398 -2.82 -2.77 -2.845 -3.038 -3.18 -3.32 -2.959 -3.06 -3.183 -3.325 -3.465 -3.614 -3.055 -3.228 -3.4 -3.521 -3.631 -3.292 -3.434 -3.554 -3.653 -3.821 -3.398 -3.302 -3.455 -3.843 -4.012 -4.203 -3.488
0.0408 -2.79 -2.74 -2.815 -3.008 -3.15 -3.289 -2.929 -3.03 -3.153 -3.295 -3.435 -3.584 -3.025 -3.198 -3.37 -3.49 -3.601 -3.262 -3.404 -3.524 -3.623 -3.791 -3.367 -3.272 -3.425 -3.813 -3.982 -4.173 -3.458
0.0418 -2.76 -2.71 -2.785 -2.978 -3.12 -3.259 -2.899 -3.0 -3.123 -3.265 -3.405 -3.554 -2.995 -3.168 -3.34 -3.46 -3.571 -3.232 -3.374 -3.494 -3.593 -3.761 -3.337 -3.242 -3.395 -3.783 -3.952 -4.143 -3.428
0.0428 -2.729 -2.68 -2.755 -2.948 -3.09 -3.229 -2.869 -2.97 -3.093 -3.234 -3.375 -3.524 -2.965 -3.138 -3.31 -3.43 -3.541 -3.201 -3.344 -3.464 -3.563 -3.731 -3.307 -3.212 -3.365 -3.753 -3.922 -4.113 -3.398
0.0438 -2.699 -2.65 -2.725 -2.918 -3.06 -3.199 -2.838 -2.94 -3.063 -3.204 -3.345 -3.493 -2.935 -3.108 -3.279 -3.4 -3.511 -3.171 -3.314 -3.434 -3.533 -3.701 -3.277 -3.182 -3.335 -3.723 -3.892 -4.082 -3.367
0.0449 -2.664 -2.614 -2.689 -2.882 -3.025 -3.164 -2.803 -2.905 -3.027 -3.169 -3.309 -3.458 -2.9 -3.072 -3.244 -3.365 -3.475 -3.136 -3.278 -3.398 -3.497 -3.666 -3.242 -3.147 -3.299 -3.687 -3.857 -4.047 -3.332
0.046 -2.626 -2.576 -2.651 -2.844 -2.987 -3.126 -2.765 -2.867 -2.989 -3.131 -3.271 -3.42 -2.862 -3.034 -3.206 -3.327 -3.437 -3.098 -3.24 -3.36 -3.459 -3.628 -3.204 -3.109 -3.261 -3.649 -3.819 -4.009 -3.294
0.0471 -2.588 -2.538 -2.613 -2.806 -2.949 -3.088 -2.727 -2.829 -2.951 -3.093 -3.233 -3.382 -2.824 -2.996 -3.168 -3.289 -3.399 -3.06 -3.202 -3.322 -3.421 -3.59 -3.166 -3.071 -3.223 -3.611 -3.781 -3.971 -3.256
0.0482 -2.55 -2.5 -2.575 -2.768 -2.911 -3.05 -2.689 -2.791 -2.913 -3.055 -3.195 -3.344 -2.786 -2.958 -3.13 -3.251 -3.361 -3.022 -3.164 -3.284 -3.383 -3.552 -3.128 -3.032 -3.185 -3.573 -3.743 -3.933 -3.218
0.0494 -2.512 -2.462 -2.537 -2.73 -2.873 -3.012 -2.651 -2.753 -2.875 -3.017 -3.157 -3.306 -2.747 -2.92 -3.092 -3.213 -3.323 -2.984 -3.126 -3.246 -3.345 -3.514 -3.09 -2.994 -3.147 -3.535 -3.705 -3.895 -3.18
0.0506 -2.474 -2.424 -2.499 -2.692 -2.835 -2.974 -2.613 -2.715 -2.837 -2.979 -3.119 -3.268 -2.709 -2.882 -3.054 -3.175 -3.285 -2.946 -3.088 -3.208 -3.307 -3.475 -3.052 -2.956 -3.109 -3.497 -3.667 -3.857 -3.142
0.0518 -2.436 -2.386 -2.461 -2.654 -2.797 -2.936 -2.575 -2.676 -2.799 -2.941 -3.081 -3.23 -2.671 -2.844 -3.016 -3.137 -3.247 -2.908 -3.05 -3.17 -3.269 -3.437 -3.014 -2.918 -3.071 -3.459 -3.629 -3.819 -3.104
0.053 -2.398 -2.348 -2.423 -2.616 -2.758 -2.898 -2.537 -2.638 -2.761 -2.903 -3.043 -3.192 -2.633 -2.806 -2.978 -3.099 -3.209 -2.87 -3.012 -3.132 -3.231 -3.399 -2.976 -2.88 -3.033 -3.421 -3.59 -3.781 -3.066
0.0543 -2.36 -2.31 -2.385 -2.578 -2.72 -2.86 -2.499 -2.6 -2.723 -2.865 -3.005 -3.154 -2.595 -2.768 -2.94 -3.061 -3.171 -2.832 -2.974 -3.094 -3.193 -3.361 -2.938 -2.842 -2.995 -3.383 -3.552 -3.743 -3.028
0.0556 -2.322 -2.272 -2.347 -2.54 -2.682 -2.822 -2.461 -2.562 -2.685 -2.827 -2.967 -3.116 -2.557 -2.73 -2.902 -3.023 -3.133 -2.794 -2.936 -3.056 -3.155 -3.323 -2.9 -2.804 -2.957 -3.345 -3.514 -3.705 -2.99
0.057 -2.282 -2.233 -2.308 -2.501 -2.643 -2.782 -2.421 -2.523 -2.645 -2.787 -2.928 -3.076 -2.518 -2.69 -2.862 -2.983 -3.094 -2.754 -2.897 -3.017 -3.116 -3.284 -2.86 -2.765 -2.918 -3.306 -3.475 -3.665 -2.95
0.0584 -2.242 -2.193 -2.268 -2.461 -2.603 -2.742 -2.381 -2.483 -2.606 -2.747 -2.888 -3.036 -2.478 -2.651 -2.823 -2.943 -3.054 -2.714 -2.857 -2.977 -3.076 -3.244 -2.82 -2.725 -2.878 -3.266 -3.435 -3.625 -2.91
0.0598 -2.203 -2.153 -2.228 -2.421 -2.563 -2.702 -2.342 -2.443 -2.566 -2.708 -2.848 -2.997 -2.438 -2.611 -2.783 -2.903 -3.014 -2.675 -2.817 -2.937 -3.036 -3.204 -2.78 -2.685 -2.838 -3.226 -3.395 -3.586 -2.871
0.0612 -2.163 -2.113 -2.188 -2.381 -2.524 -2.663 -2.302 -2.403 -2.526 -2.668 -2.808 -2.957 -2.398 -2.571 -2.743 -2.864 -2.974 -2.635 -2.777 -2.897 -2.996 -3.164 -2.741 -2.645 -2.798 -3.186 -3.356 -3.546 -2.831
0.0627 -2.123 -2.073 -2.148 -2.341 -2.484 -2.623 -2.262 -2.364 -2.486 -2.628 -2.768 -2.917 -2.359 -2.531 -2.703 -2.824 -2.934 -2.595 -2.738 -2.857 -2.956 -3.125 -2.701 -2.606 -2.758 -3.146 -3.316 -3.506 -2.791
0.0642 -2.083 -2.034 -2.109 -2.301 -2.444 -2.583 -2.222 -2.324 -2.446 -2.588 -2.729 -2.877 -2.319 -2.491 -2.663 -2.784 -2.895 -2.555 -2.698 -2.818 -2.917 -3.085 -2.661 -2.566 -2.719 -3.107 -3.276 -3.466 -2.751
0.0657 -2.043 -1.994 -2.069 -2.262 -2.404 -2.543 -2.182 -2.284 -2.406 -2.548 -2.689 -2.837 -2.279 -2.452 -2.623 -2.744 -2.855 -2.515 -2.658 -2.778 -2.877 -3.045 -2.621 -2.526 -2.679 -3.067 -3.236 -3.426 -2.711
0.0673 -2.003 -1.954 -2.029 -2.222 -2.364 -2.503 -2.143 -2.244 -2.367 -2.509 -2.649 -2.798 -2.239 -2.412 -2.584 -2.704 -2.815 -2.476 -2.618 -2.738 -2.837 -3.005 -2.581 -2.486 -2.639 -3.027 -3.196 -3.387 -2.672
0.0689 -1.964 -1.914 -1.989 -2.182 -2.324 -2.464 -2.103 -2.204 -2.327 -2.469 -2.609 -2.758 -2.199 -2.372 -2.544 -2.665 -2.775 -2.436 -2.578 -2.698 -2.797 -2.965 -2.542 -2.446 -2.599 -2.987 -3.156 -3.347 -2.632
0.0706 -1.924 -1.874 -1.949 -2.142 -2.285 -2.424 -2.063 -2.165 -2.287 -2.429 -2.569 -2.718 -2.16 -2.332 -2.504 -2.625 -2.735 -2.396 -2.538 -2.658 -2.757 -2.926 -2.502 -2.407 -2.559 -2.947 -3.117 -3.307 -2.592
0.0723 -1.875 -1.825 -1.9 -2.093 -2.236 -2.375 -2.014 -2.115 -2.238 -2.38 -2.52 -2.669 -2.11 -2.283 -2.455 -2.576 -2.686 -2.347 -2.489 -2.609 -2.708 -2.876 -2.453 -2.357 -2.51 -2.898 -3.068 -3.258 -2.543
0.0741 -1.825 -1.776 -1.851 -2.044 -2.186 -2.325 -1.964 -2.066 -2.188 -2.33 -2.471 -2.619 -2.061 -2.234 -2.405 -2.526 -2.637 -2.297 -2.44 -2.56 -2.659 -2.827 -2.403 -2.308 -2.461 -2.849 -3.018 -3.208 -2.493
0.0758 -1.776 -1.726 -1.801 -1.994 -2.137 -2.276 -1.915 -2.017 -2.139 -2.281 -2.421 -2.57 -2.012 -2.184 -2.356 -2.477 -2.587 -2.248 -2.39 -2.51 -2.609 -2.778 -2.354 -2.259 -2.411 -2.799 -2.969 -3.159 -2.444
0.0777 -1.726 -1.677 -1.752 -1.945 -2.087 -2.226 -1.866 -1.967 -2.09 -2.231 -2.372 -2.521 -1.962 -2.135 -2.307 -2.427 -2.538 -2.198 -2.341 -2.461 -2.56 -2.728 -2.304 -2.209 -2.362 -2.75 -2.919 -3.11 -2.395
0.0795 -1.677 -1.628 -1.702 -1.895 -2.038 -2.177 -1.816 -1.918 -2.04 -2.182 -2.323 -2.471 -1.913 -2.085 -2.257 -2.378 -2.488 -2.149 -2.292 -2.411 -2.51 -2.679 -2.255 -2.16 -2.312 -2.7 -2.87 -3.06 -2.345
0.0815 -1.628 -1.578 -1.653 -1.846 -1.988 -2.127 -1.767 -1.868 -1.991 -2.133 -2.273 -2.422 -1.863 -2.036 -2.208 -2.328 -2.439 -2.1 -2.242 -2.362 -2.461 -2.629 -2.205 -2.11 -2.263 -2.651 -2.82 -3.011 -2.296
0.0834 -1.578 -1.529 -1.604 -1.796 -1.939 -2.078 -1.717 -1.819 -1.941 -2.083 -2.224 -2.372 -1.814 -1.986 -2.158 -2.279 -2.39 -2.05 -2.193 -2.313 -2.412 -2.58 -2.156 -2.061 -2.214 -2.602 -2.771 -2.961 -2.246
0.0854 -1.529 -1.479 -1.554 -1.747 -1.889 -2.029 -1.668 -1.769 -1.892 -2.034 -2.174 -2.323 -1.764 -1.937 -2.109 -2.23 -2.34 -2.001 -2.143 -2.263 -2.362 -2.53 -2.107 -2.011 -2.164 -2.552 -2.721 -2.912 -2.197
0.0875 -1.479 -1.43 -1.505 -1.698 -1.84 -1.979 -1.618 -1.72 -1.842 -1.984 -2.125 -2.273 -1.715 -1.888 -2.059 -2.18 -2.291 -1.951 -2.094 -2.214 -2.313 -2.481 -2.057 -1.962 -2.115 -2.503 -2.672 -2.862 -2.147
0.0896 -1.429 -1.38 -1.454 -1.647 -1.79 -1.929 -1.568 -1.67 -1.792 -1.934 -2.075 -2.223 -1.665 -1.837 -2.009 -2.13 -2.241 -1.901 -2.044 -2.163 -2.262 -2.431 -2.007 -1.912 -2.065 -2.452 -2.622 -2.812 -2.097
0.0918 -1.372 -1.323 -1.398 -1.591 -1.733 -1.872 -1.511 -1.613 -1.735 -1.877 -2.018 -2.166 -1.608 -1.781 -1.952 -2.073 -2.184 -1.844 -1.987 -2.107 -2.206 -2.374 -1.95 -1.855 -2.008 -2.396 -2.565 -2.755 -2.04
0.094 -1.316 -1.266 -1.341 -1.534 -1.676 -1.815 -1.455 -1.556 -1.679 -1.821 -1.961 -2.11 -1.551 -1.724 -1.896 -2.016 -2.127 -1.788 -1.93 -2.05 -2.149 -2.317 -1.893 -1.798 -1.951 -2.339 -2.508 -2.699 -1.984
0.0963 -1.259 -1.209 -1.284 -1.477 -1.62 -1.759 -1.398 -1.5 -1.622 -1.764 -1.904 -2.053 -1.495 -1.667 -1.839 -1.96 -2.07 -1.731 -1.873 -1.993 -2.092 -2.261 -1.837 -1.741 -1.894 -2.282 -2.452 -2.642 -1.927
0.0986 -1.202 -1.153 -1.227 -1.42 -1.563 -1.702 -1.341 -1.443 -1.565 -1.707 -1.848 -1.996 -1.438 -1.61 -1.782 -1.903 -2.014 -1.674 -1.817 -1.936 -2.036 -2.204 -1.78 -1.685 -1.838 -2.225 -2.395 -2.585 -1.87
0.101 -1.145 -1.096 -1.171 -1.364 -1.506 -1.645 -1.284 -1.386 -1.508 -1.65 -1.791 -1.939 -1.381 -1.554 -1.725 -1.846 -1.957 -1.617 -1.76 -1.88 -1.979 -2.147 -1.723 -1.628 -1.781 -2.169 -2.338 -2.528 -1.813
0.1034 -1.089 -1.039 -1.114 -1.307 -1.449 -1.588 -1.228 -1.329 -1.452 -1.594 -1.734 -1.883 -1.324 -1.497 -1.669 -1.789 -1.9 -1.561 -1.703 -1.823 -1.922 -2.09 -1.666 -1.571 -1.724 -2.112 -2.281 -2.472 -1.757
0.1059 -1.032 -0.982 -1.057 -1.25 -1.393 -1.532 -1.171 -1.273 -1.395 -1.537 -1.677 -1.826 -1.268 -1.44 -1.612 -1.733 -1.843 -1.504 -1.646 -1.766 -1.865 -2.034 -1.61 -1.515 -1.667 -2.055 -2.225 -2.415 -1.7
0.1084 -0.975 -0.926 -1.0 -1.193 -1.336 -1.475 -1.114 -1.216 -1.338 -1.48 -1.621 -1.769 -1.211 -1.383 -1.555 -1.676 -1.787 -1.447 -1.59 -1.71 -1.809 -1.977 -1.553 -1.458 -1.611 -1.999 -2.168 -2.358 -1.643
0.1111 -0.918 -0.869 -0.944 -1.137 -1.279 -1.418 -1.057 -1.159 -1.281 -1.423 -1.564 -1.712 -1.154 -1.327 -1.498 -1.619 -1.73 -1.39 -1.533 -1.653 -1.752 -1.92 -1.496 -1.401 -1.554 -1.942 -2.111 -2.301 -1.586
0.1137 -0.862 -0.813 -0.888 -1.081 -1.223 -1.362 -1.001 -1.103 -1.225 -1.367 -1.508 -1.656 -1.098 -1.271 -1.442 -1.563 -1.674 -1.334 -1.477 -1.597 -1.696 -1.864 -1.44 -1.345 -1.498 -1.886 -2.055 -2.245 -1.53
0.1165 -0.808 -0.759 -0.834 -1.027 -1.169 -1.308 -0.947 -1.049 -1.171 -1.313 -1.454 -1.602 -1.044 -1.217 -1.388 -1.509 -1.62 -1.28 -1.423 -1.543 -1.642 -1.81 -1.386 -1.291 -1.444 -1.832 -2.001 -2.191 -1.476
0.1193 -0.754 -0.705 -0.78 -0.973 -1.115 -1.254 -0.893 -0.995 -1.117 -1.259 -1.4 -1.548 -0.99 -1.162 -1.334 -1.455 -1.566 -1.226 -1.369 -1.489 -1.588 -1.756 -1.332 -1.237 -1.39 -1.778 -1.947 -2.137 -1.422
0.1222 -0.7 -0.651 -0.726 -0.918 -1.061 -1.2 -0.839 -0.941 -1.063 -1.205 -1.346 -1.494 -0.936 -1.108 -1.28 -1.401 -1.512 -1.172 -1.315 -1.435 -1.534 -1.702 -1.278 -1.183 -1.336 -1.724 -1.893 -2.083 -1.368
0.1251 -0.646 -0.597 -0.671 -0.864 -1.007 -1.146 -0.785 -0.887 -1.009 -1.151 -1.292 -1.44 -0.882 -1.054 -1.226 -1.347 -1.458 -1.118 -1.261 -1.381 -1.48 -1.648 -1.224 -1.129 -1.282 -1.67 -1.839 -2.029 -1.314
0.1281 -0.592 -0.543 -0.617 -0.81 -0.953 -1.092 -0.731 -0.833 -0.955 -1.097 -1.238 -1.386 -0.828 -1.0 -1.172 -1.293 -1.404 -1.064 -1.207 -1.326 -1.425 -1.594 -1.17 -1.075 -1.228 -1.615 -1.785 -1.975 -1.26
0.1312 -0.538 -0.489 -0.563 -0.756 -0.899 -1.038 -0.677 -0.779 -0.901 -1.043 -1.184 -1.332 -0.774 -0.946 -1.118 -1.239 -1.349 -1.01 -1.153 -1.272 -1.371 -1.54 -1.116 -1.021 -1.173 -1.561 -1.731 -1.921 -1.206
0.1344 -0.484 -0.434 -0.509 -0.702 -0.845 -0.984 -0.623 -0.725 -0.847 -0.989 -1.129 -1.278 -0.72 -0.892 -1.064 -1.185 -1.295 -0.956 -1.099 -1.218 -1.317 -1.486 -1.062 -0.967 -1.119 -1.507 -1.677 -1.867 -1.152
0.1376 -0.43 -0.38 -0.455 -0.648 -0.791 -0.93 -0.569 -0.671 -0.793 -0.935 -1.075 -1.224 -0.666 -0.838 -1.01 -1.131 -1.241 -0.902 -1.045 -1.164 -1.263 -1.432 -1.008 -0.913 -1.065 -1.453 -1.623 -1.813 -1.098
0.141 -0.376 -0.326 -0.401 -0.594 -0.737 -0.876 -0.515 -0.617 -0.739 -0.881 -1.021 -1.17 -0.612 -0.784 -0.956 -1.077 -1.187 -0.848 -0.99 -1.11 -1.209 -1.378 -0.954 -0.859 -1.011 -1.399 -1.569 -1.759 -1.044
0.1444 -0.323 -0.274 -0.348 -0.541 -0.684 -0.823 -0.462 -0.564 -0.686 -0.828 -0.969 -1.117 -0.559 -0.731 -0.903 -1.024 -1.135 -0.795 -0.938 -1.058 -1.157 -1.325 -0.901 -0.806 -0.959 -1.347 -1.516 -1.706 -0.991
0.1478 -0.272 -0.223 -0.298 -0.491 -0.633 -0.772 -0.411 -0.513 -0.635 -0.777 -0.918 -1.066 -0.508 -0.681 -0.852 -0.973 -1.084 -0.744 -0.887 -1.007 -1.106 -1.274 -0.85 -0.755 -0.908 -1.296 -1.465 -1.655 -0.94
0.1514 -0.221 -0.172 -0.247 -0.44 -0.582 -0.721 -0.361 -0.462 -0.585 -0.727 -0.867 -1.016 -0.457 -0.63 -0.802 -0.922 -1.033 -0.694 -0.836 -0.956 -1.055 -1.223 -0.799 -0.704 -0.857 -1.245 -1.414 -1.605 -0.89
0.1551 -0.171 -0.121 -0.196 -0.389 -0.531 -0.671 -0.31 -0.411 -0.534 -0.676 -0.816 -0.965 -0.406 -0.579 -0.751 -0.872 -0.982 -0.643 -0.785 -0.905 -1.004 -1.172 -0.749 -0.653 -0.806 -1.194 -1.363 -1.554 -0.839
0.1588 -0.12 -0.07 -0.145 -0.338 -0.481 -0.62 -0.259 -0.361 -0.483 -0.625 -0.765 -0.914 -0.356 -0.528 -0.7 -0.821 -0.931 -0.592 -0.735 -0.854 -0.953 -1.122 -0.698 -0.603 -0.755 -1.143 -1.313 -1.503 -0.788
0.1626 -0.069 -0.02 -0.095 -0.287 -0.43 -0.569 -0.208 -0.31 -0.432 -0.574 -0.715 -0.863 -0.305 -0.477 -0.649 -0.77 -0.881 -0.541 -0.684 -0.804 -0.903 -1.071 -0.647 -0.552 -0.705 -1.093 -1.262 -1.452 -0.737
0.1666 -0.018 0.031 -0.044 -0.237 -0.379 -0.518 -0.157 -0.259 -0.381 -0.523 -0.664 -0.812 -0.254 -0.427 -0.598 -0.719 -0.83 -0.49 -0.633 -0.753 -0.852 -1.02 -0.596 -0.501 -0.654 -1.042 -1.211 -1.401 -0.686
0.1706 0.032 0.082 0.007 -0.186 -0.328 -0.467 -0.107 -0.208 -0.331 -0.473 -0.613 -0.762 -0.203 -0.376 -0.548 -0.668 -0.779 -0.44 -0.582 -0.702 -0.801 -0.969 -0.545 -0.45 -0.603 -0.991 -1.16 -1.351 -0.636
0.1747 0.083 0.133 0.058 -0.135 -0.277 -0.417 -0.056 -0.157 -0.28 -0.422 -0.562 -0.711 -0.152 -0.325 -0.497 -0.618 -0.728 -0.389 -0.531 -0.651 -0.75 -0.918 -0.495 -0.399 -0.552 -0.94 -1.109 -1.3 -0.585
0.1789 0.134 0.184 0.109 -0.084 -0.227 -0.366 -0.005 -0.107 -0.229 -0.371 -0.511 -0.66 -0.102 -0.274 -0.446 -0.567 -0.677 -0.338 -0.481 -0.6 -0.699 -0.868 -0.444 -0.349 -0.501 -0.889 -1.059 -1.249 -0.534
0.1832 0.188 0.237 0.163 -0.03 -0.173 -0.312 0.049 -0.053 -0.175 -0.317 -0.457 -0.606 -0.048 -0.22 -0.392 -0.513 -0.623 -0.284 -0.427 -0.546 -0.645 -0.814 -0.39 -0.295 -0.447 -0.835 -1.005 -1.195 -0.48
0.1876 0.245 0.294 0.219 0.026 -0.116 -0.255 0.106 0.004 -0.118 -0.26 -0.401 -0.549 0.009 -0.164 -0.335 -0.456 -0.567 -0.227 -0.37 -0.49 -0.589 -0.757 -0.333 -0.238 -0.391 -0.779 -0.948 -1.138 -0.423
0.1922 0.301 0.351 0.276 0.083 -0.059 -0.198 0.162 0.061 -0.062 -0.204 -0.344 -0.493 0.066 -0.107 -0.279 -0.399 -0.51 -0.171 -0.313 -0.433 -0.532 -0.7 -0.276 -0.181 -0.334 -0.722 -0.891 -1.082 -0.367
0.1968 0.358 0.408 0.333 0.14 -0.003 -0.142 0.219 0.117 -0.005 -0.147 -0.287 -0.436 0.122 -0.05 -0.222 -0.343 -0.453 -0.114 -0.256 -0.376 -0.475 -0.644 -0.22 -0.124 -0.277 -0.665 -0.835 -1.025 -0.31
0.2015 0.415 0.464 0.39 0.197 0.054 -0.085 0.276 0.174 0.052 -0.09 -0.231 -0.379 0.179 0.007 -0.165 -0.286 -0.397 -0.057 -0.2 -0.32 -0.419 -0.587 -0.163 -0.068 -0.221 -0.609 -0.778 -0.968 -0.253
0.2064 0.472 0.521 0.446 0.253 0.111 -0.028 0.333 0.231 0.108 -0.033 -0.174 -0.322 0.236 0.063 -0.109 -0.229 -0.34 -0.0 -0.143 -0.263 -0.362 -0.53 -0.106 -0.011 -0.164 -0.552 -0.721 -0.911 -0.196
0.2114 0.528 0.578 0.503 0.31 0.168 0.028 0.389 0.288 0.165 0.023 -0.117 -0.266 0.293 0.12 -0.052 -0.172 -0.283 0.056 -0.086 -0.206 -0.305 -0.473 -0.05 0.046 -0.107 -0.495 -0.664 -0.855 -0.14
0.2165 0.585 0.635 0.56 0.367 0.224 0.085 0.446 0.344 0.222 0.08 -0.06 -0.209 0.349 0.177 0.005 -0.116 -0.226 0.113 -0.03 -0.149 -0.248 -0.417 0.007 0.102 -0.05 -0.438 -0.608 -0.798 -0.083
0.2217 0.642 0.691 0.616 0.423 0.281 0.142 0.503 0.401 0.279 0.137 -0.004 -0.152 0.406 0.233 0.062 -0.059 -0.17 0.17 0.027 -0.093 -0.192 -0.36 0.064 0.159 0.006 -0.382 -0.551 -0.741 -0.026
0.2271 0.699 0.748 0.673 0.48 0.338 0.199 0.559 0.458 0.335 0.193 0.053 -0.096 0.463 0.29 0.118 -0.002 -0.113 0.226 0.084 -0.036 -0.135 -0.303 0.121 0.216 0.063 -0.325 -0.494 -0.685 0.03
0.2325 0.756 0.806 0.731 0.538 0.395 0.256 0.617 0.515 0.393 0.251 0.111 -0.038 0.52 0.348 0.176 0.055 -0.055 0.284 0.142 0.022 -0.077 -0.246 0.178 0.273 0.121 -0.267 -0.437 -0.627 0.088
0.2381 0.814 0.864 0.789 0.596 0.454 0.314 0.675 0.574 0.451 0.309 0.169 0.02 0.579 0.406 0.234 0.113 0.003 0.342 0.2 0.08 -0.019 -0.187 0.236 0.332 0.179 -0.209 -0.378 -0.569 0.146
0.2439 0.872 0.922 0.847 0.654 0.512 0.372 0.733 0.632 0.509 0.367 0.227 0.078 0.637 0.464 0.292 0.172 0.061 0.4 0.258 0.138 0.039 -0.129 0.295 0.39 0.237 -0.151 -0.32 -0.511 0.204
0.2498 0.93 0.98 0.905 0.712 0.57 0.431 0.791 0.69 0.567 0.425 0.285 0.136 0.695 0.522 0.35 0.23 0.119 0.458 0.316 0.196 0.097 -0.071 0.353 0.448 0.295 -0.093 -0.262 -0.453 0.262
0.2558 0.989 1.038 0.963 0.77 0.628 0.489 0.85 0.748 0.625 0.484 0.343 0.195 0.753 0.58 0.408 0.288 0.177 0.517 0.374 0.254 0.155 -0.013 0.411 0.506 0.353 -0.035 -0.204 -0.395 0.32
0.262 1.047 1.096 1.021 0.828 0.686 0.547 0.908 0.806 0.684 0.542 0.401 0.253 0.811 0.638 0.467 0.346 0.235 0.575 0.432 0.312 0.213 0.045 0.469 0.564 0.411 0.023 -0.146 -0.336 0.379
0.2683 1.105 1.154 1.079 0.886 0.744 0.605 0.966 0.864 0.742 0.6 0.459 0.311 0.869 0.697 0.525 0.404 0.293 0.633 0.49 0.37 0.271 0.103 0.527 0.622 0.469 0.081 -0.088 -0.278 0.437
0.2748 1.163 1.212 1.138 0.945 0.802 0.663 1.024 0.922 0.8 0.658 0.517 0.369 0.927 0.755 0.583 0.462 0.351 0.691 0.548 0.428 0.329 0.161 0.585 0.68 0.527 0.139 -0.03 -0.22 0.495
0.2814 1.221 1.27 1.196 1.003 0.86 0.721 1.082 0.98 0.858 0.716 0.576 0.427 0.985 0.813 0.641 0.52 0.41 0.749 0.606 0.487 0.388 0.219 0.643 0.738 0.586 0.198 0.028 -0.162 0.553
0.2882 1.279 1.329 1.254 1.061 0.918 0.779 1.14 1.038 0.916 0.774 0.634 0.485 1.043 0.871 0.699 0.578 0.468 0.807 0.665 0.545 0.446 0.277 0.701 0.796 0.644 0.256 0.086 -0.104 0.611
0.2951 1.339 1.389 1.314 1.121 0.978 0.839 1.2 1.098 0.976 0.834 0.694 0.545 1.104 0.931 0.759 0.638 0.528 0.867 0.725 0.605 0.506 0.338 0.761 0.857 0.704 0.316 0.146 -0.044 0.671
0.3022 1.4 1.449 1.374 1.181 1.039 0.9 1.261 1.159 1.037 0.895 0.754 0.606 1.164 0.991 0.82 0.699 0.588 0.928 0.785 0.665 0.566 0.398 0.822 0.917 0.764 0.376 0.207 0.017 0.732
0.3095 1.46 1.51 1.435 1.242 1.1 0.96 1.321 1.22 1.097 0.955 0.815 0.666 1.225 1.052 0.88 0.759 0.649 0.988 0.846 0.726 0.627 0.459 0.882 0.978 0.825 0.437 0.268 0.077 0.792
0.317 1.521 1.57 1.495 1.302 1.16 1.021 1.382 1.28 1.158 1.016 0.875 0.727 1.285 1.112 0.941 0.82 0.709 1.049 0.906 0.786 0.687 0.519 0.943 1.038 0.885 0.497 0.328 0.138 0.853
0.3247 1.581 1.631 1.556 1.363 1.221 1.081 1.442 1.341 1.218 1.076 0.936 0.787 1.346 1.173 1.001 0.88 0.77 1.109 0.967 0.847 0.748 0.58 1.003 1.099 0.946 0.558 0.389 0.198 0.913
0.3325 1.642 1.691 1.616 1.423 1.281 1.142 1.503 1.401 1.279 1.137 0.996 0.848 1.406 1.234 1.062 0.941 0.83 1.17 1.027 0.907 0.808 0.64 1.064 1.159 1.006 0.618 0.449 0.259 0.974
0.3405 1.702 1.752 1.677 1.484 1.342 1.202 1.563 1.462 1.339 1.197 1.057 0.908 1.467 1.294 1.122 1.002 0.891 1.23 1.088 0.968 0.869 0.701 1.124 1.22 1.067 0.679 0.51 0.319 1.034
0.3487 1.763 1.812 1.737 1.545 1.402 1.263 1.624 1.522 1.4 1.258 1.117 0.969 1.527 1.355 1.183 1.062 0.951 1.291 1.148 1.028 0.929 0.761 1.185 1.28 1.127 0.739 0.57 0.38 1.095
0.3571 1.823 1.873 1.798 1.605 1.463 1.323 1.684 1.583 1.46 1.318 1.178 1.029 1.588 1.415 1.243 1.123 1.012 1.351 1.209 1.089 0.99 0.822 1.246 1.341 1.188 0.8 0.631 0.44 1.155
0.3657 1.884 1.933 1.859 1.666 1.523 1.384 1.745 1.643 1.521 1.379 1.238 1.09 1.648 1.476 1.304 1.183 1.072 1.412 1.269 1.149 1.05 0.882 1.306 1.401 1.248 0.86 0.691 0.501 1.216
0.3746 1.942 1.992 1.917 1.724 1.582 1.442 1.803 1.702 1.579 1.437 1.297 1.148 1.707 1.534 1.362 1.241 1.131 1.47 1.328 1.208 1.109 0.941 1.364 1.46 1.307 0.919 0.75 0.559 1.274
0.3836 2.001 2.05 1.975 1.782 1.64 1.501 1.862 1.76 1.637 1.496 1.355 1.207 1.765 1.592 1.42 1.3 1.189 1.529 1.386 1.266 1.167 0.999 1.423 1.518 1.365 0.977 0.808 0.617 1.332
0.3929 2.059 2.108 2.034 1.841 1.698 1.559 1.92 1.818 1.696 1.554 1.413 1.265 1.823 1.651 1.479 1.358 1.247 1.587 1.444 1.324 1.225 1.057 1.481 1.576 1.423 1.035 0.866 0.676 1.391
0.4023 2.117 2.167 2.092 1.899 1.756 1.617 1.978 1.876 1.754 1.612 1.472 1.323 1.882 1.709 1.537 1.416 1.306 1.645 1.503 1.383 1.284 1.116 1.539 1.635 1.482 1.094 0.924 0.734 1.449
0.412 2.176 2.225 2.15 1.957 1.815 1.676 2.036 1.935 1.812 1.671 1.53 1.381 1.94 1.767 1.595 1.475 1.364 1.704 1.561 1.441 1.342 1.174 1.598 1.693 1.54 1.152 0.983 0.792 1.507
0.422 2.234 2.283 2.208 2.016 1.873 1.734 2.095 1.993 1.871 1.729 1.588 1.44 1.998 1.826 1.654 1.533 1.422 1.762 1.619 1.499 1.4 1.232 1.656 1.751 1.598 1.21 1.041 0.851 1.566
0.4322 2.292 2.342 2.267 2.074 1.931 1.792 2.153 2.051 1.929 1.787 1.647 1.498 2.056 1.884 1.712 1.591 1.481 1.82 1.678 1.558 1.459 1.29 1.714 1.809 1.657 1.269 1.099 0.909 1.624
0.4426 2.351 2.4 2.325 2.132 1.99 1.851 2.211 2.11 1.987 1.845 1.705 1.556 2.115 1.942 1.77 1.65 1.539 1.878 1.736 1.616 1.517 1.349 1.773 1.868 1.715 1.327 1.158 0.967 1.682
0.4533 2.409 2.458 2.383 2.19 2.048 1.909 2.27 2.168 2.046 1.904 1.763 1.615 2.173 2.001 1.829 1.708 1.597 1.937 1.794 1.674 1.575 1.407 1.831 1.926 1.773 1.385 1.216 1.026 1.741
0.4642 2.467 2.516 2.441 2.248 2.106 1.967 2.328 2.226 2.103 1.962 1.821 1.673 2.231 2.058 1.886 1.766 1.655 1.995 1.852 1.732 1.633 1.465 1.889 1.984 1.831 1.443 1.274 1.084 1.799
0.4754 2.52 2.57 2.495 2.302 2.16 2.021 2.381 2.28 2.157 2.015 1.875 1.726 2.285 2.112 1.94 1.82 1.709 2.048 1.906 1.786 1.687 1.519 1.943 2.038 1.885 1.497 1.328 1.137 1.852
0.4869 2.574 2.624 2.549 2.356 2.214 2.074 2.435 2.334 2.211 2.069 1.929 1.78 2.339 2.166 1.994 1.873 1.763 2.102 1.96 1.84 1.741 1.573 1.996 2.092 1.939 1.551 1.382 1.191 1.906
0.4986 2.628 2.678 2.603 2.41 2.267 2.128 2.489 2.387 2.265 2.123 1.983 1.834 2.392 2.22 2.048 1.927 1.817 2.156 2.014 1.894 1.795 1.626 2.05 2.145 1.993 1.605 1.435 1.245 1.96
0.5106 2.682 2.731 2.657 2.464 2.321 2.182 2.543 2.441 2.319 2.177 2.036 1.888 2.446 2.274 2.102 1.981 1.871 2.21 2.067 1.948 1.849 1.68 2.104 2.199 2.047 1.659 1.489 1.299 2.014
0.523 2.736 2.785 2.71 2.518 2.375 2.236 2.597 2.495 2.373 2.231 2.09 1.942 2.5 2.328 2.156 2.035 1.924 2.264 2.121 2.001 1.902 1.734 2.158 2.253 2.1 1.712 1.543 1.353 2.068
0.5356 2.79 2.839 2.764 2.571 2.429 2.29 2.651 2.549 2.427 2.285 2.144 1.996 2.554 2.381 2.21 2.089 1.978 2.318 2.175 2.055 1.956 1.788 2.212 2.307 2.154 1.766 1.597 1.407 2.122
0.5485 2.844 2.893 2.818 2.625 2.483 2.344 2.704 2.603 2.48 2.339 2.198 2.049 2.608 2.435 2.263 2.143 2.032 2.372 2.229 2.109 2.01 1.842 2.266 2.361 2.208 1.82 1.651 1.46 2.175
0.5617 2.897 2.947 2.872 2.679 2.537 2.398 2.758 2.657 2.534 2.392 2.252 2.103 2.662 2.489 2.317 2.197 2.086 2.425 2.283 2.163 2.064 1.896 2.32 2.415 2.262 1.874 1.705 1.514 2.229
0.5753 2.951 3.001 2.926 2.733 2.59 2.451 2.812 2.711 2.588 2.446 2.306 2.157 2.716 2.543 2.371 2.25 2.14 2.479 2.337 2.217 2.118 1.95 2.373 2.469 2.316 1.928 1.758 1.568 2.283
0.5891 3.005 3.055 2.98 2.787 2.644 2.505 2.866 2.765 2.642 2.5 2.36 2.211 2.77 2.597 2.425 2.304 2.194 2.533 2.391 2.271 2.172 2.004 2.427 2.523 2.37 1.982 1.812 1.622 2.337
0.6034 3.06 3.109 3.034 2.841 2.699 2.56 2.921 2.819 2.697 2.555 2.414 2.266 2.824 2.651 2.48 2.359 2.248 2.588 2.445 2.325 2.226 2.058 2.482 2.577 2.424 2.036 1.867 1.677 2.392
0.6179 3.114 3.164 3.089 2.896 2.753 2.614 2.975 2.873 2.751 2.609 2.469 2.32 2.878 2.706 2.534 2.413 2.303 2.642 2.5 2.38 2.281 2.112 2.536 2.631 2.479 2.091 1.921 1.731 2.446
0.6328 3.169 3.218 3.143 2.95 2.808 2.669 3.03 2.928 2.805 2.664 2.523 2.374 2.933 2.76 2.588 2.468 2.357 2.697 2.554 2.434 2.335 2.167 2.591 2.686 2.533 2.145 1.976 1.785 2.5
0.6481 3.223 3.272 3.198 3.005 2.862 2.723 3.084 2.982 2.86 2.718 2.578 2.429 2.987 2.815 2.643 2.522 2.412 2.751 2.608 2.489 2.39 2.221 2.645 2.74 2.588 2.2 2.03 1.84 2.555
0.6637 3.277 3.327 3.252 3.059 2.917 2.778 3.138 3.037 2.914 2.772 2.632 2.483 3.042 2.869 2.697 2.577 2.466 2.805 2.663 2.543 2.444 2.276 2.7 2.795 2.642 2.254 2.085 1.894 2.609
0.6797 3.332 3.381 3.307 3.114 2.971 2.832 3.193 3.091 2.969 2.827 2.686 2.538 3.096 2.924 2.752 2.631 2.52 2.86 2.717 2.597 2.498 2.33 2.754 2.849 2.696 2.308 2.139 1.949 2.664
0.6961 3.386 3.436 3.361 3.168 3.026 2.886 3.247 3.146 3.023 2.881 2.741 2.592 3.151 2.978 2.806 2.686 2.575 2.914 2.772 2.652 2.553 2.385 2.808 2.904 2.751 2.363 2.194 2.003 2.718
0.7129 3.441 3.49 3.415 3.222 3.08 2.941 3.302 3.2 3.078 2.936 2.795 2.647 3.205 3.033 2.861 2.74 2.629 2.969 2.826 2.706 2.607 2.439 2.863 2.958 2.805 2.417 2.248 2.058 2.773
0.7301 3.495 3.545 3.47 3.277 3.134 2.995 3.356 3.255 3.132 2.99 2.85 2.701 3.26 3.087 2.915 2.794 2.684 3.023 2.881 2.761 2.662 2.494 2.917 3.013 2.86 2.472 2.303 2.112 2.827
0.7477 3.549 3.598 3.523 3.33 3.188 3.049 3.41 3.308 3.185 3.044 2.903 2.754 3.313 3.14 2.968 2.848 2.737 3.077 2.934 2.814 2.715 2.547 2.971 3.066 2.913 2.525 2.356 2.165 2.88
0.7658 3.6 3.65 3.575 3.382 3.239 3.1 3.461 3.359 3.237 3.095 2.955 2.806 3.364 3.192 3.02 2.899 2.789 3.128 2.986 2.866 2.767 2.598 3.022 3.118 2.965 2.577 2.407 2.217 2.932
0.7842 3.652 3.701 3.626 3.433 3.291 3.152 3.513 3.411 3.289 3.147 3.006 2.858 3.416 3.244 3.072 2.951 2.84 3.18 3.037 2.917 2.818 2.65 3.074 3.169 3.016 2.628 2.459 2.269 2.984
0.8032 3.703 3.753 3.678 3.485 3.343 3.204 3.564 3.463 3.34 3.198 3.058 2.909 3.468 3.295 3.123 3.003 2.892 3.231 3.089 2.969 2.87 2.702 3.126 3.221 3.068 2.68 2.511 2.32 3.035
0.8225 3.755 3.805 3.73 3.537 3.394 3.255 3.616 3.514 3.392 3.25 3.11 2.961 3.519 3.347 3.175 3.054 2.944 3.283 3.14 3.021 2.922 2.753 3.177 3.272 3.12 2.732 2.562 2.372 3.087
0.8424 3.807 3.856 3.781 3.588 3.446 3.307 3.668 3.566 3.444 3.302 3.161 3.013 3.571 3.398 3.227 3.106 2.995 3.335 3.192 3.072 2.973 2.805 3.229 3.324 3.171 2.783 2.614 2.424 3.139
0.8627 3.858 3.908 3.833 3.64 3.498 3.358 3.719 3.618 3.495 3.353 3.213 3.064 3.623 3.45 3.278 3.157 3.047 3.386 3.244 3.124 3.025 2.857 3.28 3.376 3.223 2.835 2.666 2.475 3.19
0.8835 3.91 3.959 3.885 3.692 3.549 3.41 3.771 3.669 3.547 3.405 3.264 3.116 3.674 3.502 3.33 3.209 3.098 3.438 3.295 3.175 3.076 2.908 3.332 3.427 3.274 2.886 2.717 2.527 3.242
0.9048 3.962 4.011 3.936 3.743 3.601 3.462 3.822 3.721 3.598 3.457 3.316 3.167 3.726 3.553 3.381 3.261 3.15 3.49 3.347 3.227 3.128 2.96 3.384 3.479 3.326 2.938 2.769 2.578 3.293
0.9266 4.013 4.063 3.988 3.795 3.652 3.513 3.874 3.772 3.65 3.508 3.368 3.219 3.777 3.605 3.433 3.312 3.202 3.541 3.399 3.279 3.18 3.011 3.435 3.53 3.378 2.99 2.82 2.63 3.345
0.949 4.064 4.113 4.038 3.845 3.703 3.564 3.924 3.823 3.7 3.559 3.418 3.269 3.828 3.655 3.483 3.363 3.252 3.592 3.449 3.329 3.23 3.062 3.486 3.581 3.428 3.04 2.871 2.68 3.395
0.9719 4.113 4.162 4.088 3.895 3.752 3.613 3.974 3.872 3.75 3.608 3.467 3.319 3.877 3.705 3.533 3.412 3.301 3.641 3.498 3.379 3.279 3.111 3.535 3.63 3.477 3.09 2.92 2.73 3.445
0.9953 4.162 4.212 4.137 3.944 3.802 3.662 4.023 3.922 3.799 3.657 3.517 3.368 3.927 3.754 3.582 3.461 3.351 3.69 3.548 3.428 3.329 3.161 3.584 3.68 3.527 3.139 2.97 2.779 3.494
1.0194 4.212 4.261 4.186 3.993 3.851 3.712 4.073 3.971 3.849 3.707 3.566 3.418 3.976 3.803 3.632 3.511 3.4 3.74 3.597 3.477 3.378 3.21 3.634 3.729 3.576 3.188 3.019 2.829 3.544
1.0439 4.261 4.311 4.236 4.043 3.9 3.761 4.122 4.02 3.898 3.756 3.616 3.467 4.025 3.853 3.681 3.56 3.45 3.789 3.646 3.527 3.428 3.259 3.683 3.778 3.626 3.238 3.068 2.878 3.593
1.0691 4.31 4.36 4.285 4.092 3.95 3.811 4.171 4.07 3.947 3.805 3.665 3.516 4.075 3.902 3.73 3.61 3.499 3.838 3.696 3.576 3.477 3.309 3.733 3.828 3.675 3.287 3.118 2.927 3.642
1.0949 4.36 4.409 4.334 4.141 3.999 3.86 4.221 4.119 3.997 3.855 3.714 3.566 4.124 3.952 3.78 3.659 3.548 3.888 3.745 3.625 3.526 3.358 3.782 3.877 3.724 3.336 3.167 2.977 3.692
1.1213 4.409 4.459 4.384 4.191 4.048 3.909 4.27 4.168 4.046 3.904 3.764 3.615 4.174 4.001 3.829 3.708 3.598 3.937 3.795 3.675 3.576 3.407 3.831 3.927 3.774 3.386 3.216 3.026 3.741
1.1484 4.459 4.508 4.433 4.24 4.098 3.959 4.32 4.218 4.095 3.954 3.813 3.664 4.223 4.05 3.878 3.758 3.647 3.987 3.844 3.724 3.625 3.457 3.881 3.976 3.823 3.435 3.266 3.075 3.79
1.1761 4.508 4.557 4.483 4.29 4.147 4.008 4.369 4.267 4.145 4.003 3.862 3.714 4.272 4.1 3.928 3.807 3.696 4.036 3.893 3.774 3.675 3.506 3.93 4.025 3.872 3.485 3.315 3.125 3.84
1.2044 4.558 4.607 4.532 4.339 4.197 4.058 4.419 4.317 4.195 4.053 3.912 3.764 4.322 4.149 3.978 3.857 3.746 4.086 3.943 3.823 3.724 3.556 3.98 4.075 3.922 3.534 3.365 3.175 3.89
1.2335 4.608 4.657 4.582 4.389 4.247 4.108 4.469 4.367 4.245 4.103 3.962 3.814 4.372 4.199 4.028 3.907 3.796 4.136 3.993 3.873 3.774 3.606 4.03 4.125 3.972 3.584 3.415 3.225 3.94
1.2633 4.658 4.707 4.632 4.439 4.297 4.158 4.519 4.417 4.295 4.153 4.012 3.864 4.422 4.249 4.078 3.957 3.846 4.186 4.043 3.923 3.824 3.656 4.08 4.175 4.022 3.634 3.465 3.275 3.99
1.2937 4.708 4.757 4.682 4.489 4.347 4.208 4.569 4.467 4.345 4.203 4.062 3.914 4.472 4.299 4.128 4.007 3.896 4.236 4.093 3.973 3.874 3.706 4.13 4.225 4.072 3.684 3.515 3.325 4.04
1.3249 4.758 4.807 4.732 4.539 4.397 4.258 4.619 4.517 4.395 4.253 4.112 3.964 4.522 4.35 4.178 4.057 3.946 4.286 4.143 4.023 3.924 3.756 4.18 4.275 4.122 3.734 3.565 3.375 4.09
1.3569 4.808 4.857 4.782 4.589 4.447 4.308 4.669 4.567 4.445 4.303 4.162 4.014 4.572 4.4 4.228 4.107 3.996 4.336 4.193 4.073 3.974 3.806 4.23 4.325 4.172 3.784 3.615 3.425 4.14
1.3896 4.858 4.907 4.832 4.639 4.497 4.358 4.719 4.617 4.495 4.353 4.212 4.064 4.622 4.45 4.278 4.157 4.046 4.386 4.243 4.123 4.024 3.856 4.28 4.375 4.222 3.834 3.665 3.475 4.19
1.4232 4.908 4.957 4.882 4.689 4.547 4.408 4.769 4.667 4.545 4.403 4.262 4.114 4.672 4.5 4.328 4.207 4.096 4.436 4.293 4.173 4.074 3.906 4.33 4.425 4.272 3.884 3.715 3.525 4.24
1.4575 4.958 5.007 4.932 4.739 4.597 4.458 4.819 4.717 4.595 4.453 4.312 4.164 4.722 4.55 4.378 4.257 4.146 4.486 4.343 4.223 4.124 3.956 4.38 4.475 4.322 3.934 3.765 3.575 4.29
1.4927 5.008 5.057 4.982 4.789 4.647 4.508 4.869 4.767 4.645 4.503 4.362 4.214 4.772 4.6 4.428 4.307 4.196 4.536 4.393 4.273 4.174 4.006 4.43 4.525 4.372 3.984 3.815 3.625 4.34
1.5287 5.055 5.105 5.03 4.837 4.694 4.555 4.916 4.814 4.692 4.55 4.41 4.261 4.819 4.647 4.475 4.354 4.244 4.583 4.441 4.321 4.222 4.053 4.477 4.572 4.42 4.032 3.862 3.672 4.387
1.5655 5.102 5.151 5.077 4.884 4.741 4.602 4.963 4.861 4.739 4.597 4.456 4.308 4.866 4.694 4.522 4.401 4.29 4.63 4.487 4.367 4.268 4.1 4.524 4.619 4.466 4.078 3.909 3.719 4.434
1.6033 5.149 5.198 5.123 4.93 4.788 4.649 5.01 4.908 4.786 4.644 4.503 4.355 4.913 4.74 4.569 4.448 4.337 4.677 4.534 4.414 4.315 4.147 4.571 4.666 4.513 4.125 3.956 3.766 4.481
1.642 5.195 5.245 5.17 4.977 4.835 4.696 5.056 4.955 4.832 4.69 4.55 4.401 4.96 4.787 4.615 4.495 4.384 4.723 4.581 4.461 4.362 4.194 4.618 4.713 4.56 4.172 4.003 3.812 4.527
1.6816 5.242 5.292 5.217 5.024 4.881 4.742 5.103 5.001 4.879 4.737 4.597 4.448 5.007 4.834 4.662 4.541 4.431 4.77 4.628 4.508 4.409 4.24 4.664 4.76 4.607 4.219 4.049 3.859 4.574
1.7222 5.289 5.338 5.264 5.071 4.928 4.789 5.15 5.048 4.926 4.784 4.643 4.495 5.053 4.881 4.709 4.588 4.478 4.817 4.674 4.555 4.456 4.287 4.711 4.806 4.654 4.266 4.096 3.906 4.621
1.7637 5.336 5.385 5.31 5.117 4.975 4.836 5.197 5.095 4.973 4.831 4.69 4.542 5.1 4.927 4.756 4.635 4.524 4.864 4.721 4.601 4.502 4.334 4.758 4.853 4.7 4.312 4.143 3.953 4.668
1.8062 5.383 5.432 5.357 5.164 5.022 4.883 5.243 5.142 5.019 4.877 4.737 4.588 5.147 4.974 4.802 4.682 4.571 4.91 4.768 4.648 4.549 4.381 4.805 4.9 4.747 4.359 4.19 3.999 4.714
1.8498 5.429 5.479 5.404 5.211 5.069 4.929 5.29 5.189 5.066 4.924 4.784 4.635 5.194 5.021 4.849 4.728 4.618 4.957 4.815 4.695 4.596 4.428 4.851 4.947 4.794 4.406 4.237 4.046 4.761
1.8944 5.476 5.526 5.451 5.258 5.115 4.976 5.337 5.235 5.113 4.971 4.831 4.682 5.24 5.068 4.896 4.775 4.665 5.004 4.861 4.742 4.643 4.474 4.898 4.993 4.841 4.453 4.283 4.093 4.808
1.9401 5.522 5.571 5.497 5.304 5.161 5.022 5.383 5.281 5.159 5.017 4.877 4.728 5.286 5.114 4.942 4.821 4.711 5.05 4.907 4.788 4.689 4.52 4.944 5.039 4.887 4.499 4.329 4.139 4.854
1.9869 5.568 5.617 5.543 5.35 5.207 5.068 5.429 5.327 5.205 5.063 4.922 4.774 5.332 5.16 4.988 4.867 4.757 5.096 4.953 4.834 4.735 4.566 4.99 5.085 4.933 4.545 4.375 4.185 4.9
2.0349 5.614 5.663 5.589 5.396 5.253 5.114 5.475 5.373 5.251 5.109 4.968 4.82 5.378 5.206 5.034 4.913 4.802 5.142 4.999 4.88 4.78 4.612 5.036 5.131 4.978 4.591 4.421 4.231 4.946
2.084 5.66 5.709 5.634 5.442 5.299 5.16 5.521 5.419 5.297 5.155 5.014 4.866 5.424 5.252 5.08 4.959 4.848 5.188 5.045 4.925 4.826 4.658 5.082 5.177 5.024 4.636 4.467 4.277 4.992
2.1342 5.706 5.755 5.68 5.487 5.345 5.206 5.567 5.465 5.343 5.201 5.06 4.912 5.47 5.298 5.126 5.005 4.894 5.234 5.091 4.971 4.872 4.704 5.128 5.223 5.07 4.682 4.513 4.323 5.038
2.1857 5.752 5.801 5.726 5.533 5.391 5.252 5.613 5.511 5.389 5.247 5.106 4.958 5.516 5.344 5.172 5.051 4.94 5.28 5.137 5.017 4.918 4.75 5.174 5.269 5.116 4.728 4.559 4.369 5.084
2.2384 5.798 5.847 5.772 5.579 5.437 5.298 5.659 5.557 5.435 5.293 5.152 5.004 5.562 5.389 5.218 5.097 4.986 5.326 5.183 5.063 4.964 4.796 5.22 5.315 5.162 4.774 4.605 4.415 5.13
2.2924 5.844 5.893 5.818 5.625 5.483 5.344 5.705 5.603 5.481 5.339 5.198 5.05 5.608 5.435 5.264 5.143 5.032 5.372 5.229 5.109 5.01 4.842 5.266 5.361 5.208 4.82 4.651 4.461 5.176
2.3477 5.89 5.939 5.864 5.671 5.529 5.39 5.751 5.649 5.526 5.385 5.244 5.096 5.654 5.481 5.31 5.189 5.078 5.418 5.275 5.155 5.056 4.888 5.312 5.407 5.254 4.866 4.697 4.507 5.222
2.4044 5.935 5.985 5.91 5.717 5.574 5.435 5.796 5.695 5.572 5.43 5.29 5.141 5.7 5.527 5.355 5.234 5.124 5.463 5.321 5.201 5.102 4.934 5.357 5.453 5.3 4.912 4.742 4.552 5.267
2.4624 5.978 6.027 5.953 5.76 5.617 5.478 5.839 5.737 5.615 5.473 5.332 5.184 5.742 5.57 5.398 5.277 5.167 5.506 5.363 5.244 5.145 4.976 5.4 5.495 5.343 4.955 4.785 4.595 5.31
2.5218 6.021 6.07 5.995 5.802 5.66 5.521 5.882 5.78 5.658 5.516 5.375 5.227 5.785 5.612 5.441 5.32 5.209 5.549 5.406 5.286 5.187 5.019 5.443 5.538 5.385 4.997 4.828 4.638 5.353
2.5826 6.064 6.113 6.038 5.845 5.703 5.564 5.924 5.823 5.7 5.558 5.418 5.269 5.828 5.655 5.483 5.363 5.252 5.591 5.449 5.329 5.23 5.062 5.486 5.581 5.428 5.04 4.871 4.68 5.395
2.6449 6.106 6.156 6.081 5.888 5.746 5.606 5.967 5.866 5.743 5.601 5.461 5.312 5.871 5.698 5.526 5.405 5.295 5.634 5.492 5.372 5.273 5.105 5.528 5.624 5.471 5.083 4.914 4.723 5.438
2.7087 6.149 6.198 6.124 5.931 5.788 5.649 6.01 5.908 5.786 5.644 5.504 5.355 5.913 5.741 5.569 5.448 5.338 5.677 5.534 5.415 5.316 5.147 5.571 5.666 5.514 5.126 4.956 4.766 5.481
2.7741 6.192 6.241 6.166 5.973 5.831 5.692 6.053 5.951 5.829 5.687 5.546 5.398 5.956 5.783 5.612 5.491 5.38 5.72 5.577 5.457 5.358 5.19 5.614 5.709 5.556 5.168 4.999 4.809 5.524
2.841 6.235 6.284 6.209 6.016 5.874 5.735 6.095 5.994 5.871 5.73 5.589 5.44 5.999 5.826 5.654 5.534 5.423 5.763 5.62 5.5 5.401 5.233 5.657 5.752 5.599 5.211 5.042 4.851 5.566
2.9095 6.277 6.327 6.252 6.059 5.917 5.777 6.138 6.037 5.914 5.772 5.632 5.483 6.042 5.869 5.697 5.576 5.466 5.805 5.663 5.543 5.444 5.276 5.699 5.795 5.642 5.254 5.085 4.894 5.609
2.9797 6.32 6.37 6.295 6.102 5.959 5.82 6.181 6.079 5.957 5.815 5.675 5.526 6.084 5.912 5.74 5.619 5.509 5.848 5.705 5.586 5.487 5.318 5.742 5.837 5.685 5.297 5.127 4.937 5.652
3.0516 6.363 6.413 6.338 6.145 6.003 5.863 6.224 6.123 6.0 5.858 5.718 5.569 6.128 5.955 5.783 5.663 5.552 5.891 5.749 5.629 5.53 5.362 5.785 5.881 5.728 5.34 5.171 4.98 5.695
3.1252 6.408 6.458 6.383 6.19 6.047 5.908 6.269 6.167 6.045 5.903 5.763 5.614 6.173 6.0 5.828 5.707 5.597 5.936 5.794 5.674 5.575 5.406 5.83 5.926 5.773 5.385 5.215 5.025 5.74
3.2006 6.453 6.503 6.428 6.235 6.092 5.953 6.314 6.212 6.09 5.948 5.808 5.659 6.217 6.045 5.873 5.752 5.642 5.981 5.838 5.719 5.62 5.451 5.875 5.97 5.818 5.43 5.26 5.07 5.785
3.2778 6.498 6.547 6.473 6.28 6.137 5.998 6.359 6.257 6.135 5.993 5.852 5.704 6.262 6.09 5.918 5.797 5.686 6.026 5.883 5.763 5.664 5.496 5.92 6.015 5.862 5.474 5.305 5.115 5.83
3.3569 6.543 6.592 6.517 6.324 6.182 6.043 6.404 6.302 6.18 6.038 5.897 5.749 6.307 6.134 5.963 5.842 5.731 6.071 5.928 5.808 5.709 5.541 5.965 6.06 5.907 5.519 5.35 5.16 5.875
3.4378 6.588 6.637 6.562 6.369 6.227 6.088 6.449 6.347 6.224 6.083 5.942 5.794 6.352 6.179 6.008 5.887 5.776 6.116 5.973 5.853 5.754 5.586 6.01 6.105 5.952 5.564 5.395 5.205 5.92
3.5208 6.632 6.682 6.607 6.414 6.272 6.133 6.493 6.392 6.269 6.127 5.987 5.838 6.397 6.224 6.052 5.932 5.821 6.16 6.018 5.898 5.799 5.631 6.055 6.15 5.997 5.609 5.44 5.249 5.964
3.6057 6.677 6.727 6.652 6.459 6.317 6.177 6.538 6.437 6.314 6.172 6.032 5.883 6.442 6.269 6.097 5.977 5.866 6.205 6.063 5.943 5.844 5.676 6.099 6.195 6.042 5.654 5.485 5.294 6.009
3.6927 6.722 6.772 6.697 6.504 6.361 6.222 6.583 6.481 6.359 6.217 6.077 5.928 6.487 6.314 6.142 6.021 5.911 6.25 6.108 5.988 5.889 5.72 6.144 6.24 6.087 5.699 5.529 5.339 6.054
3.7818 6.767 6.817 6.742 6.549 6.406 6.267 6.628 6.526 6.404 6.262 6.122 5.973 6.531 6.359 6.187 6.066 5.956 6.295 6.152 6.033 5.934 5.765 6.189 6.284 6.132 5.744 5.574 5.384 6.099
3.873 6.81 6.86 6.785 6.592 6.45 6.311 6.671 6.57 6.447 6.305 6.165 6.016 6.575 6.402 6.23 6.11 5.999 6.338 6.196 6.076 5.977 5.809 6.233 6.328 6.175 5.787 5.618 5.427 6.142
3.9664 6.851 6.901 6.826 6.633 6.491 6.352 6.712 6.611 6.488 6.346 6.206 6.057 6.616 6.443 6.271 6.151 6.04 6.379 6.237 6.117 6.018 5.85 6.274 6.369 6.216 5.828 5.659 5.468 6.183
4.0621 6.892 6.942 6.867 6.674 6.532 6.393 6.753 6.652 6.529 6.387 6.247 6.098 6.657 6.484 6.312 6.192 6.081 6.42 6.278 6.158 6.059 5.891 6.315 6.41 6.257 5.869 5.7 5.509 6.224
4.1601 6.933 6.983 6.908 6.715 6.573 6.434 6.794 6.693 6.57 6.428 6.288 6.139 6.698 6.525 6.353 6.233 6.122 6.461 6.319 6.199 6.1 5.932 6.356 6.451 6.298 5.91 5.741 5.55 6.265
4.2604 6.974 7.024 6.949 6.756 6.614 6.475 6.835 6.734 6.611 6.469 6.329 6.18 6.739 6.566 6.394 6.274 6.163 6.502 6.36 6.24 6.141 5.973 6.397 6.492 6.339 5.951 5.782 5.591 6.306
4.3632 7.015 7.065 6.99 6.797 6.655 6.516 6.876 6.775 6.652 6.51 6.37 6.221 6.78 6.607 6.435 6.315 6.204 6.543 6.401 6.281 6.182 6.014 6.438 6.533 6.38 5.992 5.823 5.632 6.347
4.4685 7.056 7.106 7.031 6.838 6.696 6.557 6.917 6.816 6.693 6.551 6.411 6.262 6.821 6.648 6.476 6.356 6.245 6.584 6.442 6.322 6.223 6.055 6.479 6.574 6.421 6.033 5.864 5.673 6.388
4.5763 7.097 7.147 7.072 6.879 6.737 6.598 6.958 6.857 6.734 6.592 6.452 6.303 6.862 6.689 6.517 6.397 6.286 6.625 6.483 6.363 6.264 6.096 6.52 6.615 6.462 6.074 5.905 5.714 6.429
4.6867 7.138 7.188 7.113 6.92 6.778 6.639 6.999 6.898 6.775 6.633 6.493 6.344 6.903 6.73 6.558 6.438 6.327 6.666 6.524 6.404 6.305 6.137 6.561 6.656 6.503 6.115 5.946 5.755 6.47
4.7997 7.179 7.229 7.154 6.961 6.819 6.68 7.04 6.939 6.816 6.674 6.534 6.385 6.944 6.771 6.599 6.479 6.368 6.707 6.565 6.445 6.346 6.178 6.602 6.697 6.544 6.156 5.987 5.796 6.511
4.9155 7.219 7.269 7.194 7.001 6.858 6.719 7.08 6.978 6.856 6.714 6.574 6.425 6.983 6.811 6.639 6.518 6.408 6.747 6.604 6.485 6.386 6.217 6.641 6.736 6.584 6.196 6.026 5.836 6.551
5.0341 7.258 7.307 7.232 7.039 6.897 6.758 7.118 7.017 6.894 6.752 6.612 6.463 7.022 6.849 6.677 6.557 6.446 6.785 6.643 6.523 6.424 6.256 6.68 6.775 6.622 6.234 6.065 5.874 6.589
5.1555 7.296 7.345 7.271 7.078 6.935 6.796 7.157 7.055 6.933 6.791 6.65 6.502 7.06 6.888 6.716 6.595 6.484 6.824 6.681 6.562 6.462 6.294 6.718 6.813 6.66 6.273 6.103 5.913 6.628
5.2799 7.334 7.384 7.309 7.116 6.974 6.834 7.195 7.094 6.971 6.829 6.689 6.54 7.099 6.926 6.754 6.634 6.523 6.862 6.72 6.6 6.501 6.333 6.757 6.852 6.699 6.311 6.142 5.951 6.666
5.4072 7.373 7.422 7.347 7.154 7.012 6.873 7.234 7.132 7.01 6.868 6.727 6.579 7.137 6.965 6.793 6.672 6.561 6.901 6.758 6.638 6.539 6.371 6.795 6.89 6.737 6.349 6.18 5.99 6.705
5.5377 7.411 7.461 7.386 7.193 7.05 6.911 7.272 7.171 7.048 6.906 6.766 6.617 7.176 7.003 6.831 6.71 6.6 6.939 6.797 6.677 6.578 6.41 6.833 6.929 6.776 6.388 6.219 6.028 6.743
5.6713 7.45 7.499 7.424 7.231 7.089 6.95 7.311 7.209 7.087 6.945 6.804 6.656 7.214 7.041 6.87 6.749 6.638 6.978 6.835 6.715 6.616 6.448 6.872 6.967 6.814 6.426 6.257 6.067 6.782
5.8081 7.488 7.538 7.463 7.27 7.127 6.988 7.349 7.247 7.125 6.983 6.843 6.694 7.252 7.08 6.908 6.787 6.677 7.016 6.874 6.754 6.655 6.486 6.91 7.005 6.853 6.465 6.295 6.105 6.82
5.9482 7.527 7.576 7.501 7.308 7.166 7.027 7.387 7.286 7.163 7.022 6.881 6.732 7.291 7.118 6.946 6.826 6.715 7.055 6.912 6.792 6.693 6.525 6.949 7.044 6.891 6.503 6.334 6.143 6.858
6.0917 7.565 7.614 7.54 7.347 7.204 7.065 7.426 7.324 7.202 7.06 6.919 6.771 7.329 7.157 6.985 6.864 6.754 7.093 6.95 6.831 6.732 6.563 6.987 7.082 6.93 6.542 6.372 6.182 6.897
6.2386 7.606 7.655 7.58 7.388 7.245 7.106 7.467 7.365 7.243 7.101 6.96 6.812 7.37 7.198 7.026 6.905 6.794 7.134 6.991 6.871 6.772 6.604 7.028 7.123 6.97 6.582 6.413 6.223 6.938
6.3891 7.648 7.697 7.622 7.429 7.287 7.148 7.509 7.407 7.285 7.143 7.002 6.854 7.412 7.24 7.068 6.947 6.836 7.176 7.033 6.913 6.814 6.646 7.07 7.165 7.012 6.624 6.455 6.265 6.98
6.5433 7.69 7.739 7.664 7.471 7.329 7.19 7.551 7.449 7.327 7.185 7.044 6.896 7.454 7.282 7.11 6.989 6.878 7.218 7.075 6.955 6.856 6.688 7.112 7.207 7.054 6.666 6.497 6.307 7.022
6.7011 7.732 7.781 7.706 7.513 7.371 7.232 7.593 7.491 7.369 7.227 7.086 6.938 7.496 7.324 7.152 7.031 6.92 7.26 7.117 6.997 6.898 6.73 7.154 7.249 7.096 6.708 6.539 6.349 7.064
6.8627 7.774 7.823 7.748 7.555 7.413 7.274 7.635 7.533 7.411 7.269 7.128 6.98 7.538 7.365 7.194 7.073 6.962 7.302 7.159 7.039 6.94 6.772 7.196 7.291 7.138 6.75 6.581 6.391 7.106
7.0283 7.816 7.865 7.79 7.597 7.455 7.316 7.677 7.575 7.453 7.311 7.17 7.022 7.58 7.407 7.236 7.115 7.004 7.344 7.201 7.081 6.982 6.814 7.238 7.333 7.18 6.792 6.623 6.433 7.148
7.1978 7.858 7.907 7.832 7.639 7.497 7.358 7.719 7.617 7.495 7.353 7.212 7.064 7.622 7.449 7.278 7.157 7.046 7.386 7.243 7.123 7.024 6.856 7.28 7.375 7.222 6.834 6.665 6.475 7.19
7.3715 7.9 7.949 7.874 7.681 7.539 7.4 7.761 7.659 7.537 7.395 7.254 7.106 7.664 7.491 7.32 7.199 7.088 7.428 7.285 7.165 7.066 6.898 7.322 7.417 7.264 6.876 6.707 6.517 7.232
7.5493 7.942 7.991 7.916 7.723 7.581 7.442 7.803 7.701 7.579 7.437 7.296 7.148 7.706 7.533 7.362 7.241 7.13 7.47 7.327 7.207 7.108 6.94 7.364 7.459 7.306 6.918 6.749 6.559 7.274
7.7314 7.984 8.033 7.958 7.765 7.623 7.484 7.845 7.743 7.62 7.479 7.338 7.19 7.748 7.575 7.404 7.283 7.172 7.512 7.369 7.249 7.15 6.982 7.406 7.501 7.348 6.96 6.791 6.601 7.316
7.9179 8.022 8.071 7.996 7.803 7.661 7.522 7.882 7.781 7.658 7.517 7.376 7.227 7.786 7.613 7.441 7.321 7.21 7.55 7.407 7.287 7.188 7.02 7.444 7.539 7.386 6.998 6.829 6.638 7.353
8.1089 8.059 8.108 8.033 7.84 7.698 7.559 7.92 7.818 7.695 7.554 7.413 7.265 7.823 7.65 7.479 7.358 7.247 7.587 7.444 7.324 7.225 7.057 7.481 7.576 7.423 7.035 6.866 6.676 7.391
8.3045 8.096 8.145 8.07 7.877 7.735 7.596 7.957 7.855 7.733 7.591 7.45 7.302 7.86 7.687 7.516 7.395 7.284 7.624 7.481 7.361 7.262 7.094 7.518 7.613 7.46 7.072 6.903 6.713 7.428
8.5049 8.133 8.182 8.107 7.914 7.772 7.633 7.994 7.892 7.77 7.628 7.487 7.339 7.897 7.725 7.553 7.432 7.321 7.661 7.518 7.398 7.299 7.131 7.555 7.65 7.497 7.109 6.94 6.75 7.465
8.71 8.17 8.219 8.145 7.952 7.809 7.67 8.031 7.929 7.807 7.665 7.524 7.376 7.934 7.762 7.59 7.469 7.358 7.698 7.555 7.435 7.336 7.168 7.592 7.687 7.534 7.146 6.977 6.787 7.502
8.9201 8.207 8.256 8.182 7.989 7.846 7.707 8.068 7.966 7.844 7.702 7.561 7.413 7.971 7.799 7.627 7.506 7.396 7.735 7.592 7.473 7.374 7.205 7.629 7.724 7.572 7.184 7.014 6.824 7.539
9.1353 8.244 8.294 8.219 8.026 7.883 7.744 8.105 8.003 7.881 7.739 7.599 7.45 8.008 7.836 7.664 7.543 7.433 7.772 7.629 7.51 7.411 7.242 7.666 7.761 7.609 7.221 7.051 6.861 7.576
9.3557 8.281 8.331 8.256 8.063 7.92 7.781 8.142 8.04 7.918 7.776 7.636 7.487 8.045 7.873 7.701 7.58 7.47 7.809 7.667 7.547 7.448 7.279 7.703 7.798 7.646 7.258 7.088 6.898 7.613
9.5814 8.318 8.368 8.293 8.1 7.957 7.818 8.179 8.077 7.955 7.813 7.673 7.524 8.083 7.91 7.738 7.617 7.507 7.846 7.704 7.584 7.485 7.317 7.74 7.836 7.683 7.295 7.125 6.935 7.65
9.8125 8.355 8.405 8.33 8.137 7.995 7.855 8.216 8.115 7.992 7.85 7.71 7.561 8.12 7.947 7.775 7.654 7.544 7.883 7.741 7.621 7.522 7.354 7.777 7.873 7.72 7.332 7.163 6.972 7.687
10.0492 8.391 8.441 8.366 8.173 8.031 7.891 8.252 8.151 8.028 7.886 7.746 7.597 8.156 7.983 7.811 7.69 7.58 7.919 7.777 7.657 7.558 7.39 7.813 7.909 7.756 7.368 7.199 7.008 7.723
10.2917 8.427 8.477 8.402 8.209 8.066 7.927 8.288 8.186 8.064 7.922 7.782 7.633 8.191 8.019 7.847 7.726 7.616 7.955 7.813 7.693 7.594 7.425 7.849 7.945 7.792 7.404 7.234 7.044 7.759
10.5399 8.463 8.513 8.438 8.245 8.102 7.963 8.324 8.222 8.1 7.958 7.818 7.669 8.227 8.055 7.883 7.762 7.652 7.991 7.849 7.729 7.63 7.461 7.885 7.98 7.828 7.44 7.27 7.08 7.795
10.7942 8.499 8.548 8.474 8.281 8.138 7.999 8.36 8.258 8.136 7.994 7.854 7.705 8.263 8.091 7.919 7.798 7.688 8.027 7.884 7.765 7.666 7.497 7.921 8.016 7.864 7.476 7.306 7.116 7.831
11.0546 8.535 8.584 8.51 8.317 8.174 8.035 8.396 8.294 8.172 8.03 7.889 7.741 8.299 8.127 7.955 7.834 7.723 8.063 7.92 7.801 7.702 7.533 7.957 8.052 7.899 7.512 7.342 7.152 7.867
11.3212 8.571 8.62 8.545 8.353 8.21 8.071 8.432 8.33 8.208 8.066 7.925 7.777 8.335 8.163 7.991 7.87 7.759 8.099 7.956 7.836 7.737 7.569 7.993 8.088 7.935 7.547 7.378 7.188 7.903
11.5943 8.607 8.656 8.581 8.388 8.246 8.107 8.468 8.366 8.244 8.102 7.961 7.813 8.371 8.199 8.027 7.906 7.795 8.135 7.992 7.872 7.773 7.605 8.029 8.124 7.971 7.583 7.414 7.224 7.939
11.874 8.643 8.692 8.617 8.424 8.282 8.143 8.504 8.402 8.28 8.138 7.997 7.849 8.407 8.234 8.063 7.942 7.831 8.171 8.028 7.908 7.809 7.641 8.065 8.16 8.007 7.619 7.45 7.26 7.975
12.1605 8.679 8.728 8.653 8.46 8.318 8.179 8.54 8.438 8.315 8.174 8.033 7.885 8.443 8.27 8.099 7.978 7.867 8.207 8.064 7.944 7.845 7.677 8.101 8.196 8.043 7.655 7.486 7.296 8.011
12.4538 8.715 8.764 8.689 8.496 8.354 8.215 8.576 8.474 8.351 8.21 8.069 7.921 8.479 8.306 8.135 8.014 7.903 8.243 8.1 7.98 7.881 7.713 8.137 8.232 8.079 7.691 7.522 7.332 8.047
12.7542 8.751 8.801 8.726 8.533 8.39 8.251 8.612 8.511 8.388 8.246 8.106 7.957 8.516 8.343 8.171 8.05 7.94 8.279 8.137 8.017 7.918 7.75 8.173 8.269 8.116 7.728 7.558 7.368 8.083
13.0619 8.788 8.837 8.762 8.569 8.427 8.288 8.649 8.547 8.425 8.283 8.142 7.994 8.552 8.38 8.208 8.087 7.976 8.316 8.173 8.053 7.954 7.786 8.21 8.305 8.152 7.764 7.595 7.405 8.12
13.377 8.824 8.874 8.799 8.606 8.464 8.325 8.685 8.584 8.461 8.319 8.179 8.03 8.589 8.416 8.244 8.124 8.013 8.352 8.21 8.09 7.991 7.823 8.247 8.342 8.189 7.801 7.632 7.441 8.156
13.6997 8.861 8.91 8.836 8.643 8.5 8.361 8.722 8.62 8.498 8.356 8.215 8.067 8.625 8.453 8.281 8.16 8.05 8.389 8.246 8.127 8.028 7.859 8.283 8.378 8.226 7.838 7.668 7.478 8.193
14.0302 8.898 8.947 8.872 8.679 8.537 8.398 8.758 8.657 8.534 8.393 8.252 8.103 8.662 8.489 8.317 8.197 8.086 8.426 8.283 8.163 8.064 7.896 8.32 8.415 8.262 7.874 7.705 7.514 8.229
14.3686 8.934 8.984 8.909 8.716 8.573 8.434 8.795 8.693 8.571 8.429 8.289 8.14 8.698 8.526 8.354 8.233 8.123 8.462 8.32 8.2 8.101 7.932 8.356 8.451 8.299 7.911 7.741 7.551 8.266
14.7153 8.971 9.02 8.945 8.752 8.61 8.471 8.832 8.73 8.608 8.466 8.325 8.177 8.735 8.562 8.391 8.27 8.159 8.499 8.356 8.236 8.137 7.969 8.393 8.488 8.335 7.947 7.778 7.588 8.303
15.0702 9.007 9.057 8.982 8.789 8.647 8.507 8.868 8.767 8.644 8.502 8.362 8.213 8.772 8.599 8.427 8.306 8.196 8.535 8.393 8.273 8.174 8.006 8.429 8.525 8.372 7.984 7.815 7.624 8.339
15.4338 9.044 9.093 9.019 8.826 8.683 8.544 8.905 8.803 8.681 8.539 8.398 8.25 8.808 8.636 8.464 8.343 8.232 8.572 8.429 8.309 8.21 8.042 8.466 8.561 8.408 8.02 7.851 7.661 8.376
15.8061 9.08 9.129 9.054 8.861 8.719 8.58 8.941 8.839 8.717 8.575 8.434 8.286 8.844 8.672 8.5 8.379 8.268 8.608 8.465 8.345 8.246 8.078 8.502 8.597 8.444 8.056 7.887 7.697 8.412
16.1874 9.114 9.163 9.088 8.895 8.753 8.614 8.975 8.873 8.751 8.609 8.468 8.32 8.878 8.706 8.534 8.413 8.302 8.642 8.499 8.379 8.28 8.112 8.536 8.631 8.478 8.09 7.921 7.731 8.446
16.5779 9.148 9.197 9.122 8.93 8.787 8.648 9.009 8.907 8.785 8.643 8.502 8.354 8.912 8.74 8.568 8.447 8.336 8.676 8.533 8.413 8.314 8.146 8.57 8.665 8.512 8.124 7.955 7.765 8.48
16.9778 9.182 9.231 9.156 8.964 8.821 8.682 9.043 8.941 8.819 8.677 8.536 8.388 8.946 8.774 8.602 8.481 8.37 8.71 8.567 8.447 8.348 8.18 8.604 8.699 8.546 8.158 7.989 7.799 8.514
17.3873 9.216 9.265 9.191 8.998 8.855 8.716 9.077 8.975 8.853 8.711 8.57 8.422 8.98 8.808 8.636 8.515 8.404 8.744 8.601 8.481 8.382 8.214 8.638 8.733 8.58 8.192 8.023 7.833 8.548
17.8068 9.25 9.299 9.225 9.032 8.889 8.75 9.111 9.009 8.887 8.745 8.604 8.456 9.014 8.842 8.67 8.549 8.438 8.778 8.635 8.515 8.416 8.248 8.672 8.767 8.614 8.226 8.057 7.867 8.582
18.2363 9.284 9.333 9.259 9.066 8.923 8.784 9.145 9.043 8.921 8.779 8.638 8.49 9.048 8.876 8.704 8.583 8.472 8.812 8.669 8.55 8.45 8.282 8.706 8.801 8.648 8.261 8.091 7.901 8.616
18.6762 9.318 9.367 9.293 9.1 8.957 8.818 9.179 9.077 8.955 8.813 8.672 8.524 9.082 8.91 8.738 8.617 8.506 8.846 8.703 8.584 8.484 8.316 8.74 8.835 8.682 8.295 8.125 7.935 8.65
19.1268 9.352 9.401 9.327 9.134 8.991 8.852 9.213 9.111 8.989 8.847 8.706 8.558 9.116 8.944 8.772 8.651 8.541 8.88 8.737 8.618 8.519 8.35 8.774 8.869 8.717 8.329 8.159 7.969 8.684
19.5882 9.386 9.435 9.361 9.168 9.025 8.886 9.247 9.145 9.023 8.881 8.74 8.592 9.15 8.978 8.806 8.685 8.575 8.914 8.771 8.652 8.553 8.384 8.808 8.903 8.751 8.363 8.193 8.003 8.718
20.0607 9.419 9.468 9.393 9.2 9.058 8.919 9.28 9.178 9.056 8.914 8.773 8.625 9.183 9.01 8.839 8.718 8.607 8.947 8.804 8.684 8.585 8.417 8.841 8.936 8.783 8.395 8.226 8.036 8.751
20.5446 9.45 9.499 9.424 9.231 9.089 8.95 9.311 9.209 9.087 8.945 8.804 8.656 9.214 9.041 8.87 8.749 8.638 8.978 8.835 8.715 8.616 8.448 8.872 8.967 8.814 8.426 8.257 8.067 8.782
21.0402 9.481 9.53 9.455 9.262 9.12 8.981 9.342 9.24 9.117 8.976 8.835 8.687 9.245 9.072 8.9 8.78 8.669 9.009 8.866 8.746 8.647 8.479 8.903 8.998 8.845 8.457 8.288 8.097 8.812
21.5478 9.512 9.561 9.486 9.293 9.151 9.012 9.372 9.271 9.148 9.006 8.866 8.717 9.276 9.103 8.931 8.811 8.7 9.039 8.897 8.777 8.678 8.51 8.934 9.029 8.876 8.488 8.319 8.128 8.843
22.0676 9.542 9.592 9.517 9.324 9.182 9.043 9.403 9.302 9.179 9.037 8.897 8.748 9.307 9.134 8.962 8.842 8.731 9.07 8.928 8.808 8.709 8.541 8.965 9.06 8.907 8.519 8.35 8.159 8.874
22.5999 9.573 9.623 9.548 9.355 9.213 9.073 9.434 9.333 9.21 9.068 8.928 8.779 9.338 9.165 8.993 8.873 8.762 9.101 8.959 8.839 8.74 8.572 8.995 9.091 8.938 8.55 8.381 8.19 8.905
23.1451 9.604 9.654 9.579 9.386 9.243 9.104 9.465 9.364 9.241 9.099 8.959 8.81 9.369 9.196 9.024 8.903 8.793 9.132 8.99 8.87 8.771 8.603 9.026 9.122 8.969 8.581 8.411 8.221 8.936
23.7034 9.635 9.685 9.61 9.417 9.274 9.135 9.496 9.394 9.272 9.13 8.99 8.841 9.399 9.227 9.055 8.934 8.824 9.163 9.021 8.901 8.802 8.633 9.057 9.152 9.0 8.612 8.442 8.252 8.967
24.2752 9.666 9.716 9.641 9.448 9.305 9.166 9.527 9.425 9.303 9.161 9.021 8.872 9.43 9.258 9.086 8.965 8.855 9.194 9.051 8.932 8.833 8.664 9.088 9.183 9.031 8.643 8.473 8.283 8.998
24.8608 9.697 9.746 9.672 9.479 9.336 9.197 9.558 9.456 9.334 9.192 9.051 8.903 9.461 9.289 9.117 8.996 8.886 9.225 9.082 8.963 8.864 8.695 9.119 9.214 9.062 8.674 8.504 8.314 9.029
25.4606 9.728 9.777 9.703 9.51 9.367 9.228 9.589 9.487 9.365 9.223 9.082 8.934 9.492 9.32 9.148 9.027 8.917 9.256 9.113 8.994 8.895 8.726 9.15 9.245 9.093 8.705 8.535 8.345 9.06
26.0748 9.759 9.809 9.734 9.541 9.398 9.259 9.62 9.518 9.396 9.254 9.114 8.965 9.523 9.351 9.179 9.058 8.948 9.287 9.144 9.025 8.926 8.757 9.181 9.276 9.124 8.736 8.566 8.376 9.091
26.7038 9.79 9.84 9.765 9.572 9.429 9.29 9.651 9.549 9.427 9.285 9.145 8.996 9.554 9.382 9.21 9.089 8.979 9.318 9.176 9.056 8.957 8.788 9.212 9.307 9.155 8.767 8.597 8.407 9.122
27.3479 9.821 9.871 9.796 9.603 9.461 9.321 9.682 9.581 9.458 9.316 9.176 9.027 9.586 9.413 9.241 9.12 9.01 9.349 9.207 9.087 8.988 8.82 9.243 9.339 9.186 8.798 8.629 8.438 9.153
28.0077 9.852 9.902 9.827 9.634 9.492 9.352 9.713 9.612 9.489 9.347 9.207 9.058 9.617 9.444 9.272 9.152 9.041 9.38 9.238 9.118 9.019 8.851 9.274 9.37 9.217 8.829 8.66 8.469 9.184
28.6833 9.883 9.933 9.858 9.665 9.523 9.384 9.744 9.643 9.52 9.378 9.238 9.089 9.648 9.475 9.303 9.183 9.072 9.411 9.269 9.149 9.05 8.882 9.306 9.401 9.248 8.86 8.691 8.5 9.215
29.3752 9.915 9.964 9.889 9.696 9.554 9.415 9.775 9.674 9.551 9.409 9.269 9.12 9.679 9.506 9.334 9.214 9.103 9.442 9.3 9.18 9.081 8.913 9.337 9.432 9.279 8.891 8.722 8.531 9.246
30.0838 9.946 9.995 9.92 9.727 9.585 9.446 9.807 9.705 9.582 9.441 9.3 9.152 9.71 9.537 9.365 9.245 9.134 9.474 9.331 9.211 9.112 8.944 9.368 9.463 9.31 8.922 8.753 8.563 9.278
30.8096 9.977 10.026 9.951 9.758 9.616 9.477 9.838 9.736 9.614 9.472 9.331 9.183 9.741 9.568 9.397 9.276 9.165 9.505 9.362 9.242 9.143 8.975 9.399 9.494 9.341 8.953 8.784 8.594 9.309
31.5528 10.008 10.057 9.982 9.789 9.647 9.508 9.869 9.767 9.645 9.503 9.362 9.214 9.772 9.6 9.428 9.307 9.196 9.536 9.393 9.273 9.174 9.006 9.43 9.525 9.372 8.984 8.815 8.625 9.34
32.3139 10.049 10.098 10.023 9.83 9.688 9.549 9.909 9.808 9.685 9.544 9.403 9.254 9.813 9.64 9.468 9.348 9.237 9.577 9.434 9.314 9.215 9.047 9.471 9.566 9.413 9.025 8.856 8.665 9.38
33.0935 10.094 10.143 10.068 9.875 9.733 9.594 9.955 9.853 9.731 9.589 9.448 9.3 9.858 9.685 9.514 9.393 9.282 9.622 9.479 9.359 9.26 9.092 9.516 9.611 9.458 9.07 8.901 8.711 9.426
33.8918 10.139 10.188 10.113 9.92 9.778 9.639 10.0 9.898 9.776 9.634 9.493 9.345 9.903 9.731 9.559 9.438 9.327 9.667 9.524 9.404 9.305 9.137 9.561 9.656 9.503 9.115 8.946 8.756 9.471
34.7093 10.184 10.233 10.159 9.966 9.823 9.684 10.045 9.943 9.821 9.679 9.538 9.39 9.948 9.776 9.604 9.483 9.373 9.712 9.569 9.45 9.351 9.182 9.606 9.701 9.549 9.161 8.991 8.801 9.516
35.5466 10.229 10.279 10.204 10.011 9.868 9.729 10.09 9.988 9.866 9.724 9.584 9.435 9.993 9.821 9.649 9.528 9.418 9.757 9.615 9.495 9.396 9.227 9.651 9.746 9.594 9.206 9.036 8.846 9.561
36.4041 10.274 10.324 10.249 10.056 9.914 9.774 10.135 10.034 9.911 9.769 9.629 9.48 10.039 9.866 9.694 9.573 9.463 9.802 9.66 9.54 9.441 9.273 9.696 9.792 9.639 9.251 9.082 8.891 9.606
37.2823 10.319 10.369 10.294 10.101 9.959 9.82 10.18 10.079 9.956 9.814 9.674 9.525 10.084 9.911 9.739 9.619 9.508 9.847 9.705 9.585 9.486 9.318 9.742 9.837 9.684 9.296 9.127 8.936 9.651
38.1817 10.365 10.414 10.339 10.146 10.004 9.865 10.225 10.124 10.001 9.86 9.719 9.57 10.129 9.956 9.784 9.664 9.553 9.893 9.75 9.63 9.531 9.363 9.787 9.882 9.729 9.341 9.172 8.981 9.696
39.1028 10.41 10.459 10.384 10.191 10.049 9.91 10.271 10.169 10.047 9.905 9.764 9.616 10.174 10.001 9.83 9.709 9.598 9.938 9.795 9.675 9.576 9.408 9.832 9.927 9.774 9.386 9.217 9.027 9.742
40.046 10.455 10.504 10.429 10.237 10.094 9.955 10.316 10.214 10.092 9.95 9.809 9.661 10.219 10.047 9.875 9.754 9.643 9.983 9.84 9.72 9.621 9.453 9.877 9.972 9.819 9.431 9.262 9.072 9.787
41.0121 10.522 10.571 10.496 10.303 10.161 10.022 10.383 10.281 10.159 10.017 9.876 9.728 10.286 10.113 9.942 9.821 9.71 10.05 9.907 9.787 9.688 9.52 9.944 10.039 9.886 9.498 9.329 9.139 9.854
42.0014 10.593 10.643 10.568 10.375 10.232 10.093 10.454 10.352 10.23 10.088 9.948 9.799 10.357 10.185 10.013 9.892 9.782 10.121 9.979 9.859 9.76 9.591 10.015 10.11 9.958 9.57 9.4 9.21 9.925
43.0146 10.665 10.714 10.639 10.446 10.304 10.165 10.525 10.424 10.301 10.16 10.019 9.87 10.429 10.256 10.084 9.964 9.853 10.193 10.05 9.93 9.831 9.663 10.087 10.182 10.029 9.641 9.472 9.281 9.996
44.0523 10.736 10.785 10.711 10.518 10.375 10.236 10.597 10.495 10.373 10.231 10.09 9.942 10.5 10.328 10.156 10.035 9.924 10.264 10.121 10.002 9.902 9.734 10.158 10.253 10.1 9.713 9.543 9.353 10.068
45.1149 10.807 10.857 10.782 10.589 10.447 10.307 10.668 10.567 10.444 10.302 10.162 10.013 10.572 10.399 10.227 10.107 9.996 10.335 10.193 10.073 9.974 9.806 10.229 10.325 10.172 9.784 9.615 9.424 10.139
46.2033 10.879 10.928 10.853 10.66 10.518 10.379 10.74 10.638 10.516 10.374 10.233 10.085 10.643 10.47 10.299 10.178 10.067 10.407 10.264 10.144 10.045 9.877 10.301 10.396 10.243 9.855 9.686 9.496 10.211
47.3178 10.95 11.0 10.925 10.732 10.589 10.45 10.811 10.709 10.587 10.445 10.305 10.156 10.714 10.542 10.37 10.249 10.139 10.478 10.336 10.216 10.117 9.948 10.372 10.467 10.315 9.927 9.757 9.567 10.282
48.4593 11.022 11.071 10.996 10.803 10.661 10.522 10.882 10.781 10.658 10.516 10.376 10.227 10.786 10.613 10.441 10.321 10.21 10.549 10.407 10.287 10.188 10.02 10.444 10.539 10.386 9.998 9.829 9.638 10.353
49.6283 11.093 11.142 11.068 10.875 10.732 10.593 10.954 10.852 10.73 10.588 10.447 10.299 10.857 10.685 10.513 10.392 10.281 10.621 10.478 10.358 10.259 10.091 10.515 10.61 10.457 10.069 9.9 9.71 10.425
50.8255 11.164 11.214 11.139 10.946 10.804 10.664 11.025 10.924 10.801 10.659 10.519 10.37 10.929 10.756 10.584 10.463 10.353 10.692 10.55 10.43 10.331 10.163 10.586 10.682 10.529 10.141 9.972 9.781 10.496
52.0515 11.269 11.318 11.244 11.051 10.908 10.769 11.13 11.028 10.906 10.764 10.623 10.475 11.033 10.861 10.689 10.568 10.457 10.797 10.654 10.535 10.435 10.267 10.691 10.786 10.633 10.246 10.076 9.886 10.601
53.3072 11.375 11.424 11.349 11.156 11.014 10.875 11.235 11.134 11.011 10.869 10.729 10.58 11.139 10.966 10.794 10.674 10.563 10.902 10.76 10.64 10.541 10.373 10.797 10.892 10.739 10.351 10.182 9.991 10.706
54.5931 11.48 11.53 11.455 11.262 11.119 10.98 11.341 11.239 11.117 10.975 10.835 10.686 11.244 11.072 10.9 10.779 10.669 11.008 10.866 10.746 10.647 10.478 10.902 10.997 10.845 10.457 10.287 10.097 10.812
55.9101 11.586 11.635 11.56 11.367 11.225 11.086 11.447 11.345 11.223 11.081 10.94 10.792 11.35 11.177 11.006 10.885 10.774 11.114 10.971 10.851 10.752 10.584 11.008 11.103 10.95 10.562 10.393 10.203 10.918
57.2588 11.691 11.741 11.666 11.473 11.331 11.191 11.552 11.451 11.328 11.186 11.046 10.897 11.456 11.283 11.111 10.99 10.88 11.219 11.077 10.957 10.858 10.69 11.113 11.209 11.056 10.668 10.499 10.308 11.023
58.6401 11.797 11.846 11.771 11.579 11.436 11.297 11.658 11.556 11.434 11.292 11.151 11.003 11.561 11.389 11.217 11.096 10.985 11.325 11.182 11.062 10.963 10.795 11.219 11.314 11.161 10.773 10.604 10.414 11.129
60.0546 11.902 11.952 11.877 11.684 11.542 11.403 11.763 11.662 11.539 11.397 11.257 11.108 11.667 11.494 11.322 11.202 11.091 11.43 11.288 11.168 11.069 10.901 11.325 11.42 11.267 10.879 10.71 10.519 11.234
61.5034 12.008 12.058 11.983 11.79 11.647 11.508 11.869 11.767 11.645 11.503 11.363 11.214 11.772 11.6 11.428 11.307 11.197 11.536 11.393 11.274 11.175 11.006 11.43 11.525 11.373 10.985 10.815 10.625 11.34
62.987 12.114 12.163 12.088 11.895 11.753 11.614 11.975 11.873 11.75 11.609 11.468 11.32 11.878 11.705 11.534 11.413 11.302 11.642 11.499 11.379 11.28 11.112 11.536 11.631 11.478 11.09 10.921 10.731 11.446
64.5065 12.227 12.276 12.201 12.009 11.866 11.727 12.088 11.986 11.864 11.722 11.581 11.433 11.991 11.819 11.647 11.526 11.415 11.755 11.612 11.492 11.393 11.225 11.649 11.744 11.591 11.203 11.034 10.844 11.559
66.0626 12.399 12.448 12.373 12.18 12.038 11.899 12.259 12.158 12.035 11.894 11.753 11.604 12.163 11.99 11.818 11.698 11.587 11.927 11.784 11.664 11.565 11.397 11.821 11.916 11.763 11.375 11.206 11.015 11.73
67.6562 12.57 12.62 12.545 12.352 12.209 12.07 12.431 12.329 12.207 12.065 11.925 11.776 12.335 12.162 11.99 11.869 11.759 12.098 11.956 11.836 11.737 11.568 11.992 12.088 11.935 11.547 11.377 11.187 11.902
69.2883 12.742 12.791 12.716 12.524 12.381 12.242 12.603 12.501 12.379 12.237 12.096 11.948 12.506 12.334 12.162 12.041 11.93 12.27 12.127 12.007 11.908 11.74 12.164 12.259 12.106 11.718 11.549 11.359 12.074
70.9597 12.914 12.963 12.888 12.695 12.553 12.414 12.774 12.673 12.55 12.408 12.268 12.119 12.678 12.505 12.333 12.213 12.102 12.441 12.299 12.179 12.08 11.912 12.336 12.431 12.278 11.89 11.721 11.53 12.245
72.6715 13.085 13.135 13.06 12.867 12.724 12.585 12.946 12.844 12.722 12.58 12.44 12.291 12.849 12.677 12.505 12.384 12.274 12.613 12.471 12.351 12.252 12.083 12.507 12.603 12.45 12.062 11.892 11.702 12.417
74.4246 13.257 13.306 13.231 13.039 12.896 12.757 13.118 13.016 12.894 12.752 12.611 12.463 13.021 12.849 12.677 12.556 12.445 12.785 12.642 12.522 12.423 12.255 12.679 12.774 12.621 12.233 12.064 11.874 12.589
76.2199 13.429 13.478 13.403 13.21 13.068 12.929 13.289 13.188 13.065 12.923 12.783 12.634 13.193 13.02 12.848 12.728 12.617 12.956 12.814 12.694 12.595 12.427 12.851 12.946 12.793 12.405 12.236 12.045 12.76
78.0586 13.6 13.65 13.575 13.382 13.239 13.1 13.461 13.359 13.237 13.095 12.955 12.806 13.364 13.192 13.02 12.899 12.789 13.128 12.986 12.866 12.767 12.598 13.022 13.117 12.965 12.577 12.407 12.217 12.932
79.9416 13.772 13.821 13.746 13.553 13.411 13.272 13.633 13.531 13.409 13.267 13.126 12.978 13.536 13.364 13.192 13.071 12.96 13.3 13.157 13.037 12.938 12.77 13.194 13.289 13.136 12.748 12.579 12.389 13.104
81.87 13.986 14.035 13.96 13.767 13.625 13.486 13.847 13.745 13.623 13.481 13.34 13.192 13.75 13.577 13.406 13.285 13.174 13.514 13.371 13.251 13.152 12.984 13.408 13.503 13.35 12.962 12.793 12.603 13.318
83.845 14.321 14.37 14.295 14.102 13.96 13.821 14.182 14.08 13.957 13.816 13.675 13.526 14.085 13.912 13.74 13.62 13.509 13.849 13.706 13.586 13.487 13.319 13.743 13.838 13.685 13.297 13.128 12.937 13.652
85.8676 14.655 14.705 14.63 14.437 14.295 14.156 14.516 14.415 14.292 14.15 14.01 13.861 14.42 14.247 14.075 13.955 13.844 14.183 14.041 13.921 13.822 13.654 14.078 14.173 14.02 13.632 13.463 13.272 13.987
87.939 14.99 15.04 14.965 14.772 14.629 14.49 14.851 14.749 14.627 14.485 14.345 14.196 14.755 14.582 14.41 14.289 14.179 14.518 14.376 14.256 14.157 13.989 14.412 14.508 14.355 13.967 13.797 13.607 14.322
90.0604 15.325 15.375 15.3 15.107 14.964 14.825 15.186 15.084 14.962 14.82 14.68 14.531 15.089 14.917 14.745 14.624 14.514 14.853 14.71 14.591 14.492 14.323 14.747 14.842 14.69 14.302 14.132 13.942 14.657
92.2329 15.66 15.709 15.634 15.442 15.299 15.16 15.521 15.419 15.297 15.155 15.014 14.866 15.424 15.252 15.08 14.959 14.848 15.188 15.045 14.925 14.826 14.658 15.082 15.177 15.024 14.636 14.467 14.277 14.992
94.4579 15.995 16.044 15.969 15.776 15.634 15.495 15.856 15.754 15.632 15.49 15.349 15.201 15.759 15.586 15.415 15.294 15.183 15.523 15.38 15.26 15.161 14.993 15.417 15.512 15.359 14.971 14.802 14.612 15.327
96.7365 16.33 16.379 16.304 16.111 15.969 15.83 16.19 16.089 15.966 15.825 15.684 15.535 16.094 15.921 15.749 15.629 15.518 15.858 15.715 15.595 15.496 15.328 15.752 15.847 15.694 15.306 15.137 14.946 15.661
99.0701 16.664 16.714 16.639 16.446 16.304 16.164 16.525 16.424 16.301 16.159 16.019 15.87 16.429 16.256 16.084 15.964 15.853 16.192 16.05 15.93 15.831 15.663 16.086 16.182 16.029 15.641 15.472 15.281 15.996
101.4599 16.999 17.049 16.974 16.781 16.638 16.499 16.86 16.758 16.636 16.494 16.354 16.205 16.763 16.591 16.419 16.298 16.188 16.527 16.385 16.265 16.166 15.997 16.421 16.517 16.364 15.976 15.806 15.616 16.331
103.9075 17.334 17.383 17.309 17.116 16.973 16.834 17.195 17.093 16.971 16.829 16.689 16.54 17.098 16.926 16.754 16.633 16.523 16.862 16.719 16.6 16.501 16.332 16.756 16.851 16.699 16.311 16.141 15.951 16.666
106.4141 17.669 17.718 17.643 17.451 17.308 17.169 17.53 17.428 17.306 17.164 17.023 16.875 17.433 17.261 17.089 16.968 16.857 17.197 17.054 16.934 16.835 16.667 17.091 17.186 17.033 16.645 16.476 16.286 17.001
108.9811 18.004 18.053 17.978 17.785 17.643 17.504 17.865 17.763 17.641 17.499 17.358 17.21 17.768 17.595 17.424 17.303 17.192 17.532 17.389 17.269 17.17 17.002 17.426 17.521 17.368 16.98 16.811 16.621 17.336
111.6101 18.339 18.388 18.313 18.12 17.978 17.839 18.199 18.098 17.975 17.833 17.693 17.544 18.103 17.93 17.758 17.638 17.527 17.866 17.724 17.604 17.505 17.337 17.761 17.856 17.703 17.315 17.146 16.955 17.67
114.3025 18.673 18.723 18.648 18.455 18.313 18.173 18.534 18.433 18.31 18.168 18.028 17.879 18.438 18.265 18.093 17.972 17.862 18.201 18.059 17.939 17.84 17.672 18.095 18.191 18.038 17.65 17.481 17.29 18.005
117.0598 19.008 19.058 18.983 18.79 18.647 18.508 18.869 18.767 18.645 18.503 18.363 18.214 18.772 18.6 18.428 18.307 18.197 18.536 18.394 18.274 18.175 18.006 18.43 18.525 18.373 17.985 17.815 17.625 18.34
119.8836 19.343 19.392 19.318 19.125 18.982 18.843 19.204 19.102 18.98 18.838 18.697 18.549 19.107 18.935 18.763 18.642 18.532 18.871 18.728 18.609 18.51 18.341 18.765 18.86 18.708 18.32 18.15 17.96 18.675
122.7756 19.678 19.727 19.652 19.459 19.317 19.178 19.539 19.437 19.315 19.173 19.032 18.884 19.442 19.27 19.098 18.977 18.866 19.206 19.063 18.943 18.844 18.676 19.1 19.195 19.042 18.654 18.485 18.295 19.01
125.7373 20.013 20.062 19.987 19.794 19.652 19.513 19.874 19.772 19.649 19.508 19.367 19.219 19.777 19.604 19.433 19.312 19.201 19.541 19.398 19.278 19.179 19.011 19.435 19.53 19.377 18.989 18.82 18.63 19.345
128.7705 20.347 20.397 20.322 20.129 19.987 19.848 20.208 20.107 19.984 19.842 19.702 19.553 20.112 19.939 19.767 19.647 19.536 19.875 19.733 19.613 19.514 19.346 19.77 19.865 19.712 19.324 19.155 18.964 19.679
131.8769 20.682 20.732 20.657 20.464 20.322 20.182 20.543 20.442 20.319 20.177 20.037 19.888 20.447 20.274 20.102 19.981 19.871 20.21 20.068 19.948 19.849 19.681 20.104 20.2 20.047 19.659 19.49 19.299 20.014
135.0582 21.017 21.067 20.992 20.799 20.656 20.517 20.878 20.776 20.654 20.512 20.372 20.223 20.781 20.609 20.437 20.316 20.206 20.545 20.403 20.283 20.184 20.015 20.439 20.534 20.382 19.994 19.824 19.634 20.349
138.3162 21.352 21.401 21.327 21.134 20.991 20.852 21.213 21.111 20.989 20.847 20.706 20.558 21.116 20.944 20.772 20.651 20.54 20.88 20.737 20.618 20.518 20.35 20.774 20.869 20.716 20.329 20.159 19.969 20.684
141.6528 21.687 21.736 21.661 21.468 21.326 21.187 21.548 21.446 21.324 21.182 21.041 20.893 21.451 21.278 21.107 20.986 20.875 21.215 21.072 20.952 20.853 20.685 21.109 21.204 21.051 20.663 20.494 20.304 21.019
145.0699 22.022 22.071 21.996 21.803 21.661 21.522 21.883 21.781 21.658 21.517 21.376 21.228 21.786 21.613 21.441 21.321 21.21 21.55 21.407 21.287 21.188 21.02 21.444 21.539 21.386 20.998 20.829 20.638 21.353
148.5695 22.356 22.406 22.331 22.138 21.996 21.857 22.217 22.116 21.993 21.851 21.711 21.562 22.121 21.948 21.776 21.656 21.545 21.884 21.742 21.622 21.523 21.355 21.779 21.874 21.721 21.333 21.164 20.973 21.688
152.1534 22.691 22.741 22.666 22.473 22.33 22.191 22.552 22.451 22.328 22.186 22.046 21.897 22.456 22.283 22.111 21.99 21.88 22.219 22.077 21.957 21.858 21.69 22.113 22.209 22.056 21.668 21.498 21.308 22.023
155.8238 23.026 23.076 23.001 22.808 22.665 22.526 22.887 22.785 22.663 22.521 22.381 22.232 22.79 22.618 22.446 22.325 22.215 22.554 22.411 22.292 22.193 22.024 22.448 22.543 22.391 22.003 21.833 21.643 22.358
159.5828 23.361 23.41 23.336 23.143 23.0 22.861 23.222 23.12 22.998 22.856 22.715 22.567 23.125 22.953 22.781 22.66 22.549 22.889 22.746 22.626 22.527 22.359 22.783 22.878 22.725 22.337 22.168 21.978 22.693
163.4324 23.696 23.745 23.67 23.477 23.335 23.196 23.557 23.455 23.333 23.191 23.05 22.902 23.46 23.287 23.116 22.995 22.884 23.224 23.081 22.961 22.862 22.694 23.118 23.213 23.06 22.672 22.503 22.313 23.028
167.375 24.031 24.08 24.005 23.812 23.67 23.531 23.891 23.79 23.667 23.526 23.385 23.236 23.795 23.622 23.45 23.33 23.219 23.559 23.416 23.296 23.197 23.029 23.453 23.548 23.395 23.007 22.838 22.647 23.362
171.4126 24.365 24.415 24.34 24.147 24.005 23.866 24.226 24.125 24.002 23.86 23.72 23.571 24.13 23.957 23.785 23.665 23.554 23.893 23.751 23.631 23.532 23.364 23.788 23.883 23.73 23.342 23.173 22.982 23.697
175.5476 24.7 24.75 24.675 24.482 24.339 24.2 24.561 24.459 24.337 24.195 24.055 23.906 24.465 24.292 24.12 23.999 23.889 24.228 24.086 23.966 23.867 23.698 24.122 24.218 24.065 23.677 23.507 23.317 24.032
179.7823 25.035 25.084 25.01 24.817 24.674 24.535 24.896 24.794 24.672 24.53 24.39 24.241 24.799 24.627 24.455 24.334 24.224 24.563 24.42 24.301 24.202 24.033 24.457 24.552 24.4 24.012 23.842 23.652 24.367
184.1193 25.37 25.419 25.344 25.152 25.009 24.87 25.231 25.129 25.007 24.865 24.724 24.576 25.134 24.962 24.79 24.669 24.558 24.898 24.755 24.635 24.536 24.368 24.792 24.887 24.734 24.346 24.177 23.987 24.702
188.5608 25.705 25.754 25.679 25.486 25.344 25.205 25.566 25.464 25.342 25.2 25.059 24.911 25.469 25.296 25.125 25.004 24.893 25.233 25.09 24.97 24.871 24.703 25.127 25.222 25.069 24.681 24.512 24.322 25.037
193.1095 26.04 26.089 26.014 25.821 25.679 25.54 25.9 25.799 25.676 25.534 25.394 25.245 25.804 25.631 25.459 25.339 25.228 25.567 25.425 25.305 25.206 25.038 25.462 25.557 25.404 25.016 24.847 24.656 25.371
197.7679 26.374 26.424 26.349 26.156 26.014 25.874 26.235 26.134 26.011 25.869 25.729 25.58 26.139 25.966 25.794 25.674 25.563 25.902 25.76 25.64 25.541 25.373 25.796 25.892 25.739 25.351 25.182 24.991 25.706
202.5387 26.709 26.759 26.684 26.491 26.348 26.209 26.57 26.468 26.346 26.204 26.064 25.915 26.473 26.301 26.129 26.008 25.898 26.237 26.095 25.975 25.876 25.707 26.131 26.226 26.074 25.686 25.516 25.326 26.041
207.4245 27.044 27.093 27.019 26.826 26.683 26.544 26.905 26.803 26.681 26.539 26.398 26.25 26.808 26.636 26.464 26.343 26.233 26.572 26.429 26.31 26.211 26.042 26.466 26.561 26.409 26.021 25.851 25.661 26.376
212.4283 27.379 27.428 27.353 27.16 27.018 26.879 27.24 27.138 27.016 26.874 26.733 26.585 27.143 26.971 26.799 26.678 26.567 26.907 26.764 26.644 26.545 26.377 26.801 26.896 26.743 26.355 26.186 25.996 26.711
217.5527 27.714 27.763 27.688 27.495 27.353 27.214 27.575 27.473 27.35 27.209 27.068 26.92 27.478 27.305 27.134 27.013 26.902 27.242 27.099 26.979 26.88 26.712 27.136 27.231 27.078 26.69 26.521 26.331 27.046
222.8008 28.048 28.098 28.023 27.83 27.688 27.549 27.909 27.808 27.685 27.543 27.403 27.254 27.813 27.64 27.468 27.348 27.237 27.576 27.434 27.314 27.215 27.047 27.471 27.566 27.413 27.025 26.856 26.665 27.38
228.1754 28.383 28.433 28.358 28.165 28.023 27.883 28.244 28.143 28.02 27.878 27.738 27.589 28.148 27.975 27.803 27.682 27.572 27.911 27.769 27.649 27.55 27.382 27.805 27.901 27.748 27.36 27.191 27.0 27.715
233.6797 28.718 28.768 28.693 28.5 28.357 28.218 28.579 28.477 28.355 28.213 28.073 27.924 28.482 28.31 28.138 28.017 27.907 28.246 28.104 27.984 27.885 27.716 28.14 28.235 28.083 27.695 27.525 27.335 28.05
239.3168 29.053 29.102 29.028 28.835 28.692 28.553 28.914 28.812 28.69 28.548 28.407 28.259 28.817 28.645 28.473 28.352 28.241 28.581 28.438 28.319 28.22 28.051 28.475 28.57 28.417 28.03 27.86 27.67 28.385
245.0899 29.388 29.437 29.362 29.169 29.027 28.888 29.249 29.147 29.025 28.883 28.742 28.594 29.152 28.98 28.808 28.687 28.576 28.916 28.773 28.653 28.554 28.386 28.81 28.905 28.752 28.364 28.195 28.005 28.72
251.0022 29.723 29.772 29.697 29.504 29.362 29.223 29.584 29.482 29.359 29.218 29.077 28.929 29.487 29.314 29.142 29.022 28.911 29.251 29.108 28.988 28.889 28.721 29.145 29.24 29.087 28.699 28.53 28.34 29.055
257.0572 30.057 30.107 30.032 29.839 29.697 29.558 29.918 29.817 29.694 29.552 29.412 29.263 29.822 29.649 29.477 29.357 29.246 29.585 29.443 29.323 29.224 29.056 29.48 29.575 29.422 29.034 28.865 28.674 29.389
263.2582 30.392 30.442 30.367 30.174 30.032 29.892 30.253 30.152 30.029 29.887 29.747 29.598 30.157 29.984 29.812 29.691 29.581 29.92 29.778 29.658 29.559 29.391 29.814 29.91 29.757 29.369 29.2 29.009 29.724
269.6088 30.727 30.777 30.702 30.509 30.366 30.227 30.588 30.486 30.364 30.222 30.082 29.933 30.491 30.319 30.147 30.026 29.916 30.255 30.112 29.993 29.894 29.725 30.149 30.244 30.092 29.704 29.534 29.344 30.059
276.1126 31.062 31.111 31.037 30.844 30.701 30.562 30.923 30.821 30.699 30.557 30.416 30.268 30.826 30.654 30.482 30.361 30.25 30.59 30.447 30.327 30.228 30.06 30.484 30.579 30.426 30.038 29.869 29.679 30.394
282.7734 31.397 31.446 31.371 31.178 31.036 30.897 31.258 31.156 31.034 30.892 30.751 30.603 31.161 30.988 30.817 30.696 30.585 30.925 30.782 30.662 30.563 30.395 30.819 30.914 30.761 30.373 30.204 30.014 30.729
289.5947 31.732 31.781 31.706 31.513 31.371 31.232 31.593 31.491 31.368 31.227 31.086 30.937 31.496 31.323 31.151 31.031 30.92 31.26 31.117 30.997 30.898 30.73 31.154 31.249 31.096 30.708 30.539 30.348 31.063
296.5807 32.066 32.116 32.041 31.848 31.706 31.567 31.927 31.826 31.703 31.561 31.421 31.272 31.831 31.658 31.486 31.366 31.255 31.594 31.452 31.332 31.233 31.065 31.489 31.584 31.431 31.043 30.874 30.683 31.398
303.7351 32.401 32.451 32.376 32.183 32.04 31.901 32.262 32.16 32.038 31.896 31.756 31.607 32.166 31.993 31.821 31.7 31.59 31.929 31.787 31.667 31.568 31.4 31.823 31.919 31.766 31.378 31.208 31.018 31.733
311.0622 32.736 32.786 32.711 32.518 32.375 32.236 32.597 32.495 32.373 32.231 32.091 31.942 32.5 32.328 32.156 32.035 31.925 32.264 32.121 32.002 31.903 31.734 32.158 32.253 32.101 31.713 31.543 31.353 32.068
318.566 33.071 33.12 33.045 32.853 32.71 32.571 32.932 32.83 32.708 32.566 32.425 32.277 32.835 32.663 32.491 32.37 32.259 32.599 32.456 32.336 32.237 32.069 32.493 32.588 32.435 32.047 31.878 31.688 32.403
326.2508 33.406 33.455 33.38 33.187 33.045 32.906 33.267 33.165 33.043 32.901 32.76 32.612 33.17 32.997 32.826 32.705 32.594 32.934 32.791 32.671 32.572 32.404 32.828 32.923 32.77 32.382 32.213 32.023 32.738
334.121 33.741 33.79 33.715 33.522 33.38 33.241 33.601 33.5 33.377 33.236 33.095 32.946 33.505 33.332 33.16 33.04 32.929 33.268 33.126 33.006 32.907 32.739 33.163 33.258 33.105 32.717 32.548 32.357 33.072
342.181 34.075 34.125 34.05 33.857 33.715 33.575 33.936 33.835 33.712 33.57 33.43 33.281 33.84 33.667 33.495 33.375 33.264 33.603 33.461 33.341 33.242 33.074 33.497 33.593 33.44 33.052 32.883 32.692 33.407
350.4355 34.41 34.46 34.385 34.192 34.049 33.91 34.271 34.169 34.047 33.905 33.765 33.616 34.174 34.002 33.83 33.709 33.599 33.938 33.796 33.676 33.577 33.408 33.832 33.928 33.775 33.387 33.217 33.027 33.742
358.8891 34.745 34.794 34.72 34.527 34.384 34.245 34.606 34.504 34.382 34.24 34.1 33.951 34.509 34.337 34.165 34.044 33.934 34.273 34.13 34.011 33.912 33.743 34.167 34.262 34.11 33.722 33.552 33.362 34.077
367.5467 35.08 35.129 35.054 34.861 34.719 34.58 34.941 34.839 34.717 34.575 34.434 34.286 34.844 34.672 34.5 34.379 34.268 34.608 34.465 34.345 34.246 34.078 34.502 34.597 34.444 34.056 33.887 33.697 34.412
376.4131 35.415 35.464 35.389 35.196 35.054 34.915 35.276 35.174 35.052 34.91 34.769 34.621 35.179 35.006 34.835 34.714 34.603 34.943 34.8 34.68 34.581 34.413 34.837 34.932 34.779 34.391 34.222 34.032 34.747
385.4933 35.75 35.799 35.724 35.531 35.389 35.25 35.61 35.509 35.386 35.244 35.104 34.955 35.514 35.341 35.169 35.049 34.938 35.277 35.135 35.015 34.916 34.748 35.172 35.267 35.114 34.726 34.557 34.366 35.081
394.7926 36.084 36.134 36.059 35.866 35.724 35.584 35.945 35.844 35.721 35.579 35.439 35.29 35.849 35.676 35.504 35.383 35.273 35.612 35.47 35.35 35.251 35.083 35.506 35.602 35.449 35.061 34.892 34.701 35.416
404.3163 36.419 36.469 36.394 36.201 36.058 35.919 36.28 36.178 36.056 35.914 35.774 35.625 36.183 36.011 35.839 35.718 35.608 35.947 35.805 35.685 35.586 35.417 35.841 35.936 35.784 35.396 35.226 35.036 35.751
414.0697 36.754 36.803 36.729 36.536 36.393 36.254 36.615 36.513 36.391 36.249 36.108 35.96 36.518 36.346 36.174 36.053 35.943 36.282 36.139 36.02 35.921 35.752 36.176 36.271 36.119 35.731 35.561 35.371 36.086
424.0583 37.089 37.138 37.063 36.87 36.728 36.589 36.95 36.848 36.726 36.584 36.443 36.295 36.853 36.681 36.509 36.388 36.277 36.617 36.474 36.354 36.255 36.087 36.511 36.606 36.453 36.065 35.896 35.706 36.421
434.2879 37.424 37.473 37.398 37.205 37.063 36.924 37.285 37.183 37.06 36.919 36.778 36.63 37.188 37.015 36.844 36.723 36.612 36.952 36.809 36.689 36.59 36.422 36.846 36.941 36.788 36.4 36.231 36.041 36.756
444.7643 37.758 37.808 37.733 37.54 37.398 37.259 37.619 37.518 37.395 37.253 37.113 36.964 37.523 37.35 37.178 37.058 36.947 37.286 37.144 37.024 36.925 36.757 37.181 37.276 37.123 36.735 36.566 36.375 37.09
455.4934 38.093 38.143 38.068 37.875 37.733 37.593 37.954 37.853 37.73 37.588 37.448 37.299 37.858 37.685 37.513 37.392 37.282 37.621 37.479 37.359 37.26 37.092 37.515 37.611 37.458 37.07 36.901 36.71 37.425
466.4814 38.428 38.478 38.403 38.21 38.067 37.928 38.289 38.187 38.065 37.923 37.783 37.634 38.192 38.02 37.848 37.727 37.617 37.956 37.814 37.694 37.595 37.426 37.85 37.945 37.793 37.405 37.235 37.045 37.76
477.7344 38.763 38.812 38.738 38.545 38.402 38.263 38.624 38.522 38.4 38.258 38.117 37.969 38.527 38.355 38.183 38.062 37.951 38.291 38.148 38.029 37.929 37.761 38.185 38.28 38.127 37.74 37.57 37.38 38.095
489.2588 39.098 39.147 39.072 38.879 38.737 38.598 38.959 38.857 38.735 38.593 38.452 38.304 38.862 38.689 38.518 38.397 38.286 38.626 38.483 38.363 38.264 38.096 38.52 38.615 38.462 38.074 37.905 37.715 38.43
501.0613 39.433 39.482 39.407 39.214 39.072 38.933 39.294 39.192 39.069 38.928 38.787 38.639 39.197 39.024 38.852 38.732 38.621 38.961 38.818 38.698 38.599 38.431 38.855 38.95 38.797 38.409 38.24 38.049 38.764
513.1485 39.767 39.817 39.742 39.549 39.407 39.268 39.628 39.527 39.404 39.262 39.122 38.973 39.532 39.359 39.187 39.067 38.956 39.295 39.153 39.033 38.934 38.766 39.19 39.285 39.132 38.744 38.575 38.384 39.099
525.5272 40.102 40.152 40.077 39.884 39.741 39.602 39.963 39.862 39.739 39.597 39.457 39.308 39.867 39.694 39.522 39.401 39.291 39.63 39.488 39.368 39.269 39.101 39.524 39.62 39.467 39.079 38.909 38.719 39.434
538.2046 40.437 40.487 40.412 40.219 40.076 39.937 40.298 40.196 40.074 39.932 39.792 39.643 40.201 40.029 39.857 39.736 39.626 39.965 39.822 39.703 39.604 39.435 39.859 39.954 39.802 39.414 39.244 39.054 39.769
551.1878 40.772 40.821 40.747 40.554 40.411 40.272 40.633 40.531 40.409 40.267 40.126 39.978 40.536 40.364 40.192 40.071 39.96 40.3 40.157 40.037 39.938 39.77 40.194 40.289 40.136 39.748 39.579 39.389 40.104
564.4842 41.107 41.156 41.081 40.888 40.746 40.607 40.968 40.866 40.744 40.602 40.461 40.313 40.871 40.698 40.527 40.406 40.295 40.635 40.492 40.372 40.273 40.105 40.529 40.624 40.471 40.083 39.914 39.724 40.439
578.1013 41.442 41.491 41.416 41.223 41.081 40.942 41.302 41.201 41.078 40.937 40.796 40.647 41.206 41.033 40.861 40.741 40.63 40.97 40.827 40.707 40.608 40.44 40.864 40.959 40.806 40.418 40.249 40.058 40.773
592.0469 41.776 41.826 41.751 41.558 41.416 41.277 41.637 41.536 41.413 41.271 41.131 40.982 41.541 41.368 41.196 41.076 40.965 41.304 41.162 41.042 40.943 40.775 41.199 41.294 41.141 40.753 40.584 40.393 41.108
606.329 42.111 42.161 42.086 41.893 41.75 41.611 41.972 41.87 41.748 41.606 41.466 41.317 41.876 41.703 41.531 41.41 41.3 41.639 41.497 41.377 41.278 41.109 41.533 41.629 41.476 41.088 40.918 40.728 41.443
620.9555 42.446 42.495 42.421 42.228 42.085 41.946 42.307 42.205 42.083 41.941 41.801 41.652 42.21 42.038 41.866 41.745 41.635 41.974 41.831 41.712 41.613 41.444 41.868 41.963 41.811 41.423 41.253 41.063 41.778
635.9349 42.781 42.83 42.755 42.563 42.42 42.281 42.642 42.54 42.418 42.276 42.135 41.987 42.545 42.373 42.201 42.08 41.969 42.309 42.166 42.046 41.947 41.779 42.203 42.298 42.145 41.757 41.588 41.398 42.113
651.2757 43.116 43.165 43.09 42.897 42.755 42.616 42.977 42.875 42.753 42.611 42.47 42.322 42.88 42.707 42.536 42.415 42.304 42.644 42.501 42.381 42.282 42.114 42.538 42.633 42.48 42.092 41.923 41.733 42.448
666.9865 43.451 43.5 43.425 43.232 43.09 42.951 43.311 43.21 43.087 42.945 42.805 42.656 43.215 43.042 42.87 42.75 42.639 42.978 42.836 42.716 42.617 42.449 42.873 42.968 42.815 42.427 42.258 42.067 42.782
683.0763 43.785 43.835 43.76 43.567 43.425 43.285 43.646 43.545 43.422 43.28 43.14 42.991 43.55 43.377 43.205 43.085 42.974 43.313 43.171 43.051 42.952 42.784 43.207 43.303 43.15 42.762 42.593 42.402 43.117
699.5543 44.12 44.17 44.095 43.902 43.759 43.62 43.981 43.879 43.757 43.615 43.475 43.326 43.884 43.712 43.54 43.419 43.309 43.648 43.506 43.386 43.287 43.118 43.542 43.637 43.485 43.097 42.927 42.737 43.452
716.4297 44.455 44.504 44.43 44.237 44.094 43.955 44.316 44.214 44.092 43.95 43.809 43.661 44.219 44.047 43.875 43.754 43.644 43.983 43.84 43.721 43.622 43.453 43.877 43.972 43.82 43.432 43.262 43.072 43.787
733.7123 44.79 44.839 44.764 44.571 44.429 44.29 44.651 44.549 44.427 44.285 44.144 43.996 44.554 44.382 44.21 44.089 43.978 44.318 44.175 44.055 43.956 43.788 44.212 44.307 44.154 43.766 43.597 43.407 44.122
751.4117 45.125 45.174 45.099 44.906 44.764 44.625 44.986 44.884 44.761 44.62 44.479 44.331 44.889 44.716 44.545 44.424 44.313 44.653 44.51 44.39 44.291 44.123 44.547 44.642 44.489 44.101 43.932 43.742 44.457
769.5381 45.459 45.509 45.434 45.241 45.099 44.96 45.32 45.219 45.096 44.954 44.814 44.665 45.224 45.051 44.879 44.759 44.648 44.987 44.845 44.725 44.626 44.458 44.882 44.977 44.824 44.436 44.267 44.076 44.791
788.1018 45.794 45.844 45.769 45.576 45.434 45.294 45.655 45.554 45.431 45.289 45.149 45.0 45.559 45.386 45.214 45.093 44.983 45.322 45.18 45.06 44.961 44.793 45.216 45.312 45.159 44.771 44.602 44.411 45.126
807.1133 46.129 46.179 46.104 45.911 45.768 45.629 45.99 45.888 45.766 45.624 45.484 45.335 45.893 45.721 45.549 45.428 45.318 45.657 45.515 45.395 45.296 45.127 45.551 45.646 45.494 45.106 44.936 44.746 45.461
826.5834 46.464 46.513 46.439 46.246 46.103 45.964 46.325 46.223 46.101 45.959 45.818 45.67 46.228 46.056 45.884 45.763 45.652 45.992 45.849 45.73 45.631 45.462 45.886 45.981 45.828 45.441 45.271 45.081 45.796
846.5232 46.799 46.848 46.773 46.58 46.438 46.299 46.66 46.558 46.436 46.294 46.153 46.005 46.563 46.391 46.219 46.098 45.987 46.327 46.184 46.064 45.965 45.797 46.221 46.316 46.163 45.775 45.606 45.416 46.131
866.944 47.134 47.183 47.108 46.915 46.773 46.634 46.995 46.893 46.77 46.629 46.488 46.34 46.898 46.725 46.553 46.433 46.322 46.662 46.519 46.399 46.3 46.132 46.556 46.651 46.498 46.11 45.941 45.751 46.466
887.8575 47.468 47.518 47.443 47.25 47.108 46.969 47.329 47.228 47.105 46.963 46.823 46.674 47.233 47.06 46.888 46.768 46.657 46.996 46.854 46.734 46.635 46.467 46.891 46.986 46.833 46.445 46.276 46.085 46.8
909.2754 47.803 47.853 47.778 47.585 47.443 47.303 47.664 47.563 47.44 47.298 47.158 47.009 47.568 47.395 47.223 47.102 46.992 47.331 47.189 47.069 46.97 46.802 47.225 47.321 47.168 46.78 46.611 46.42 47.135
931.21 48.138 48.188 48.113 47.92 47.777 47.638 47.999 47.897 47.775 47.633 47.493 47.344 47.902 47.73 47.558 47.437 47.327 47.666 47.523 47.404 47.305 47.136 47.56 47.655 47.503 47.115 46.945 46.755 47.47
953.6737 48.473 48.522 48.448 48.255 48.112 47.973 48.334 48.232 48.11 47.968 47.827 47.679 48.237 48.065 47.893 47.772 47.661 48.001 47.858 47.738 47.639 47.471 47.895 47.99 47.837 47.449 47.28 47.09 47.805
976.6793 48.808 48.857 48.782 48.589 48.447 48.308 48.669 48.567 48.445 48.303 48.162 48.014 48.572 48.399 48.228 48.107 47.996 48.336 48.193 48.073 47.974 47.806 48.23 48.325 48.172 47.784 47.615 47.425 48.14
1000.2399 49.143 49.192 49.117 48.924 48.782 48.643 49.004 48.902 48.779 48.638 48.497 48.348 48.907 48.734 48.562 48.442 48.331 48.671 48.528 48.408 48.309 48.141 48.565 48.66 48.507 48.119 47.95 47.759 48.474
1024.3688 49.477 49.527 49.452 49.259 49.117 48.978 49.338 49.237 49.114 48.972 48.832 48.683 49.242 49.069 48.897 48.777 48.666 49.005 48.863 48.743 48.644 48.476 48.9 48.995 48.842 48.454 48.285 48.094 48.809
1049.0798 49.812 49.862 49.787 49.594 49.451 49.312 49.673 49.571 49.449 49.307 49.167 49.018 49.577 49.404 49.232 49.111 49.001 49.34 49.198 49.078 48.979 48.811 49.234 49.33 49.177 48.789 48.619 48.429 49.144
1074.3869 50.147 50.197 50.122 49.929 49.786 49.647 50.008 49.906 49.784 49.642 49.502 49.353 49.911 49.739 49.567 49.446 49.336 49.675 49.532 49.413 49.314 49.145 49.569 49.664 49.512 49.124 48.954 48.764 49.479
1100.3045 50.482 50.531 50.456 50.264 50.121 49.982 50.343 50.241 50.119 49.977 49.836 49.688 50.246 50.074 49.902 49.781 49.67 50.01 49.867 49.747 49.648 49.48 49.904 49.999 49.846 49.458 49.289 49.099 49.814
1126.8473 50.817 50.866 50.791 50.598 50.456 50.317 50.678 50.576 50.454 50.312 50.171 50.023 50.581 50.408 50.237 50.116 50.005 50.345 50.202 50.082 49.983 49.815 50.239 50.334 50.181 49.793 49.624 49.434 50.149
1154.0304 51.152 51.201 51.126 50.933 50.791 50.652 51.012 50.911 50.788 50.647 50.506 50.357 50.916 50.743 50.571 50.451 50.34 50.679 50.537 50.417 50.318 50.15 50.574 50.669 50.516 50.128 49.959 49.768 50.483
1181.8693 51.486 51.536 51.461 51.268 51.126 50.986 51.347 51.246 51.123 50.981 50.841 50.692 51.251 51.078 50.906 50.786 50.675 51.014 50.872 50.752 50.653 50.485 50.908 51.004 50.851 50.463 50.294 50.103 50.818
1210.3797 51.821 51.871 51.796 51.603 51.46 51.321 51.682 51.58 51.458 51.316 51.176 51.027 51.585 51.413 51.241 51.12 51.01 51.349 51.207 51.087 50.988 50.819 51.243 51.339 51.186 50.798 50.628 50.438 51.153
1239.5778 52.156 52.205 52.131 51.938 51.795 51.656 52.017 51.915 51.793 51.651 51.511 51.362 51.92 51.748 51.576 51.455 51.345 51.684 51.541 51.422 51.323 51.154 51.578 51.673 51.521 51.133 50.963 50.773 51.488
1269.4803 52.491 52.54 52.465 52.272 52.13 51.991 52.352 52.25 52.128 51.986 51.845 51.697 52.255 52.083 51.911 51.79 51.679 52.019 51.876 51.756 51.657 51.489 51.913 52.008 51.855 51.467 51.298 51.108 51.823
1300.1042 52.826 52.875 52.8 52.607 52.465 52.326 52.687 52.585 52.463 52.321 52.18 52.032 52.59 52.417 52.246 52.125 52.014 52.354 52.211 52.091 51.992 51.824 52.248 52.343 52.19 51.802 51.633 51.443 52.158
1331.4668 53.161 53.21 53.135 52.942 52.8 52.661 53.021 52.92 52.797 52.655 52.515 52.366 52.925 52.752 52.58 52.46 52.349 52.688 52.546 52.426 52.327 52.159 52.583 52.678 52.525 52.137 51.968 51.777 52.492
1363.586 53.495 53.545 53.47 53.277 53.135 52.995 53.356 53.255 53.132 52.99 52.85 52.701 53.26 53.087 52.915 52.794 52.684 53.023 52.881 52.761 52.662 52.494 52.917 53.013 52.86 52.472 52.303 52.112 52.827
1396.48 53.83 53.88 53.805 53.612 53.469 53.33 53.691 53.589 53.467 53.325 53.185 53.036 53.594 53.422 53.25 53.129 53.019 53.358 53.216 53.096 52.997 52.828 53.252 53.347 53.195 52.807 52.637 52.447 53.162
1430.1675 54.165 54.214 54.14 53.947 53.804 53.665 54.026 53.924 53.802 53.66 53.519 53.371 53.929 53.757 53.585 53.464 53.354 53.693 53.55 53.431 53.332 53.163 53.587 53.682 53.53 53.142 52.972 52.782 53.497
1464.6676 54.5 54.549 54.474 54.281 54.139 54.0 54.361 54.259 54.137 53.995 53.854 53.706 54.264 54.092 53.92 53.799 53.688 54.028 53.885 53.765 53.666 53.498 53.922 54.017 53.864 53.476 53.307 53.117 53.832
1500.0 54.835 54.884 54.809 54.616 54.474 54.335 54.696 54.594 54.471 54.33 54.189 54.041 54.599 54.426 54.255 54.134 54.023 54.363 54.22 54.1 54.001 53.833 54.257 54.352 54.199 53.811 53.642 53.452 54.167
