# %ECSV 1.0
# ---
# datatype:
# - {name: time, datatype: float64}
# - {name: swift_uvot_uvw2, datatype: float64}
# - {name: swift_uvot_uvm2, datatype: float64}
# - {name: swift_uvot_uvw1, datatype: float64}
# - {name: swift_uvot_U, datatype: float64}
# - {name: swift_uvot_B, datatype: float64}
# - {name: swift_uvot_V, datatype: float64}
# - {name: swift_uvot_W, datatype: float64}
# - {name: johnson_U, datatype: float64}
# - {name: johnson_B, datatype: float64}
# - {name: johnson_V, datatype: float64}
# - {name: johnson_R, datatype: float64}
# - {name: johnson_I, datatype: float64}
# - {name: sdss_u, datatype: float64}
# - {name: sdss_g, datatype: float64}
# - {name: sdss_r, datatype: float64}
# - {name: sdss_i, datatype: float64}
# - {name: sdss_z, datatype: float64}
# - {name: PS1_g, datatype: float64}
# - {name: PS1_r, datatype: float64}
# - {name: PS1_i, datatype: float64}
# - {name: PS1_z, datatype: float64}
# - {name: PS1_Y, datatype: float64}
# - {name: PS1_w, datatype: float64}
# - {name: ATLAS_c, datatype: float64}
# - {name: ATLAS_o, datatype: float64}
# - {name: ukirt_J, datatype: float64}
# - {name: ukirt_H, datatype: float64}
# - {name: ukirt_K, datatype: float64}
# - {name: Clear, datatype: float64}
# meta: !!omap
# - comment: [E = 8.378552168254816e-05, Eta0 = 8.02, GammaB = 12.0, dL = 0.012188, epsb = 6.760829753919819e-06, epse = 0.1, n = 0.000630957344480193,
#     p = 2.15, theta_obs = 0.0, xiN = 1.0, z = 0.0, type = grb, E_kiso = 0.19306977288832505]
# schema: astropy-2.0
time swift_uvot_uvw2 swift_uvot_uvm2 swift_uvot_uvw1 swift_uvot_U swift_uvot_B swift_uvot_V swift_uvot_W johnson_U johnson_B johnson_V johnson_R johnson_I sdss_u sdss_g sdss_r sdss_i sdss_z PS1_g PS1_r PS1_i PS1_z PS1_Y PS1_w ATLAS_c ATLAS_o ukirt_J ukirt_H ukirt_K Clear
0.01 -0.636 -0.586 -0.661 -0.854 -0.996 -1.135 -0.775 -0.876 -0.999 -1.141 -1.281 -1.43 -0.871 -1.044 -1.216 -1.336 -1.447 -1.108 -1.25 -1.37 -1.469 -1.637 -1.213 -1.118 -1.271 -1.659 -1.828 -2.019 -1.304
0.0102 -0.628 -0.579 -0.654 -0.847 -0.989 -1.128 -0.767 -0.869 -0.991 -1.133 -1.274 -1.422 -0.864 -1.036 -1.208 -1.329 -1.44 -1.1 -1.243 -1.363 -1.462 -1.63 -1.206 -1.111 -1.264 -1.652 -1.821 -2.011 -1.296
0.0105 -0.618 -0.568 -0.643 -0.836 -0.978 -1.118 -0.757 -0.858 -0.981 -1.123 -1.263 -1.412 -0.853 -1.026 -1.198 -1.319 -1.429 -1.09 -1.232 -1.352 -1.451 -1.619 -1.196 -1.1 -1.253 -1.641 -1.81 -2.001 -1.286
0.0107 -0.606 -0.556 -0.631 -0.824 -0.966 -1.106 -0.745 -0.846 -0.969 -1.111 -1.251 -1.4 -0.841 -1.014 -1.186 -1.306 -1.417 -1.078 -1.22 -1.34 -1.439 -1.607 -1.184 -1.088 -1.241 -1.629 -1.798 -1.989 -1.274
0.011 -0.594 -0.544 -0.619 -0.812 -0.954 -1.093 -0.733 -0.834 -0.957 -1.099 -1.239 -1.388 -0.829 -1.002 -1.174 -1.294 -1.405 -1.066 -1.208 -1.328 -1.427 -1.595 -1.171 -1.076 -1.229 -1.617 -1.786 -1.977 -1.262
0.0113 -0.581 -0.532 -0.607 -0.8 -0.942 -1.081 -0.721 -0.822 -0.945 -1.087 -1.227 -1.376 -0.817 -0.99 -1.162 -1.282 -1.393 -1.054 -1.196 -1.316 -1.415 -1.583 -1.159 -1.064 -1.217 -1.605 -1.774 -1.965 -1.25
0.0115 -0.569 -0.52 -0.595 -0.788 -0.93 -1.069 -0.708 -0.81 -0.933 -1.074 -1.215 -1.364 -0.805 -0.978 -1.15 -1.27 -1.381 -1.041 -1.184 -1.304 -1.403 -1.571 -1.147 -1.052 -1.205 -1.593 -1.762 -1.953 -1.238
0.0118 -0.557 -0.508 -0.583 -0.776 -0.918 -1.057 -0.696 -0.798 -0.921 -1.062 -1.203 -1.351 -0.793 -0.966 -1.137 -1.258 -1.369 -1.029 -1.172 -1.292 -1.391 -1.559 -1.135 -1.04 -1.193 -1.581 -1.75 -1.94 -1.225
0.0121 -0.545 -0.496 -0.571 -0.764 -0.906 -1.045 -0.684 -0.786 -0.908 -1.05 -1.191 -1.339 -0.781 -0.954 -1.125 -1.246 -1.357 -1.017 -1.16 -1.28 -1.379 -1.547 -1.123 -1.028 -1.181 -1.569 -1.738 -1.928 -1.213
0.0124 -0.533 -0.484 -0.559 -0.752 -0.894 -1.033 -0.672 -0.774 -0.896 -1.038 -1.179 -1.327 -0.769 -0.941 -1.113 -1.234 -1.345 -1.005 -1.148 -1.268 -1.367 -1.535 -1.111 -1.016 -1.169 -1.557 -1.726 -1.916 -1.201
0.0127 -0.521 -0.472 -0.547 -0.739 -0.882 -1.021 -0.66 -0.762 -0.884 -1.026 -1.167 -1.315 -0.757 -0.929 -1.101 -1.222 -1.333 -0.993 -1.136 -1.256 -1.355 -1.523 -1.099 -1.004 -1.157 -1.545 -1.714 -1.904 -1.189
0.013 -0.509 -0.46 -0.534 -0.727 -0.87 -1.009 -0.648 -0.75 -0.872 -1.014 -1.155 -1.303 -0.745 -0.917 -1.089 -1.21 -1.321 -0.981 -1.124 -1.243 -1.343 -1.511 -1.087 -0.992 -1.145 -1.532 -1.702 -1.892 -1.177
0.0133 -0.505 -0.455 -0.53 -0.723 -0.866 -1.005 -0.644 -0.746 -0.868 -1.01 -1.15 -1.299 -0.741 -0.913 -1.085 -1.206 -1.316 -0.977 -1.12 -1.239 -1.338 -1.507 -1.083 -0.988 -1.14 -1.528 -1.698 -1.888 -1.173
0.0136 -0.503 -0.453 -0.528 -0.721 -0.864 -1.003 -0.642 -0.743 -0.866 -1.008 -1.148 -1.297 -0.738 -0.911 -1.083 -1.204 -1.314 -0.975 -1.117 -1.237 -1.336 -1.504 -1.081 -0.985 -1.138 -1.526 -1.696 -1.886 -1.171
0.014 -0.501 -0.451 -0.526 -0.719 -0.861 -1.0 -0.64 -0.741 -0.864 -1.006 -1.146 -1.295 -0.736 -0.909 -1.081 -1.201 -1.312 -0.973 -1.115 -1.235 -1.334 -1.502 -1.078 -0.983 -1.136 -1.524 -1.693 -1.884 -1.169
0.0143 -0.498 -0.449 -0.524 -0.717 -0.859 -0.998 -0.637 -0.739 -0.862 -1.003 -1.144 -1.292 -0.734 -0.907 -1.078 -1.199 -1.31 -0.97 -1.113 -1.233 -1.332 -1.5 -1.076 -0.981 -1.134 -1.522 -1.691 -1.881 -1.166
0.0146 -0.496 -0.447 -0.522 -0.715 -0.857 -0.996 -0.635 -0.737 -0.859 -1.001 -1.142 -1.29 -0.732 -0.904 -1.076 -1.197 -1.308 -0.968 -1.111 -1.231 -1.33 -1.498 -1.074 -0.979 -1.132 -1.52 -1.689 -1.879 -1.164
0.015 -0.494 -0.445 -0.519 -0.712 -0.855 -0.994 -0.633 -0.735 -0.857 -0.999 -1.139 -1.288 -0.73 -0.902 -1.074 -1.195 -1.305 -0.966 -1.109 -1.228 -1.327 -1.496 -1.072 -0.977 -1.129 -1.517 -1.687 -1.877 -1.162
0.0154 -0.492 -0.442 -0.517 -0.71 -0.853 -0.992 -0.631 -0.733 -0.855 -0.997 -1.137 -1.286 -0.727 -0.9 -1.072 -1.193 -1.303 -0.964 -1.106 -1.226 -1.325 -1.494 -1.07 -0.974 -1.127 -1.515 -1.685 -1.875 -1.16
0.0157 -0.49 -0.44 -0.515 -0.708 -0.85 -0.989 -0.629 -0.73 -0.853 -0.995 -1.135 -1.284 -0.725 -0.898 -1.07 -1.19 -1.301 -0.962 -1.104 -1.224 -1.323 -1.491 -1.067 -0.972 -1.125 -1.513 -1.682 -1.873 -1.158
0.0161 -0.487 -0.438 -0.513 -0.706 -0.848 -0.987 -0.626 -0.728 -0.851 -0.992 -1.133 -1.281 -0.723 -0.896 -1.068 -1.188 -1.299 -0.959 -1.102 -1.222 -1.321 -1.489 -1.065 -0.97 -1.123 -1.511 -1.68 -1.87 -1.155
0.0165 -0.485 -0.436 -0.511 -0.704 -0.846 -0.985 -0.624 -0.726 -0.848 -0.99 -1.131 -1.279 -0.721 -0.893 -1.065 -1.186 -1.297 -0.957 -1.1 -1.22 -1.319 -1.487 -1.063 -0.968 -1.121 -1.509 -1.678 -1.868 -1.153
0.0169 -0.501 -0.452 -0.526 -0.719 -0.862 -1.001 -0.64 -0.742 -0.864 -1.006 -1.147 -1.295 -0.737 -0.909 -1.081 -1.202 -1.313 -0.973 -1.116 -1.235 -1.334 -1.503 -1.079 -0.984 -1.136 -1.524 -1.694 -1.884 -1.169
0.0173 -0.518 -0.468 -0.543 -0.736 -0.879 -1.018 -0.657 -0.759 -0.881 -1.023 -1.163 -1.312 -0.754 -0.926 -1.098 -1.219 -1.329 -0.99 -1.132 -1.252 -1.351 -1.52 -1.096 -1.001 -1.153 -1.541 -1.711 -1.901 -1.186
0.0177 -0.535 -0.485 -0.56 -0.753 -0.895 -1.035 -0.674 -0.775 -0.898 -1.04 -1.18 -1.329 -0.77 -0.943 -1.115 -1.235 -1.346 -1.007 -1.149 -1.269 -1.368 -1.536 -1.113 -1.017 -1.17 -1.558 -1.727 -1.918 -1.203
0.0181 -0.551 -0.502 -0.577 -0.77 -0.912 -1.051 -0.691 -0.792 -0.915 -1.056 -1.197 -1.346 -0.787 -0.96 -1.132 -1.252 -1.363 -1.023 -1.166 -1.286 -1.385 -1.553 -1.129 -1.034 -1.187 -1.575 -1.744 -1.935 -1.22
0.0186 -0.568 -0.519 -0.594 -0.787 -0.929 -1.068 -0.707 -0.809 -0.931 -1.073 -1.214 -1.362 -0.804 -0.977 -1.148 -1.269 -1.38 -1.04 -1.183 -1.303 -1.402 -1.57 -1.146 -1.051 -1.204 -1.592 -1.761 -1.951 -1.236
0.019 -0.585 -0.536 -0.61 -0.803 -0.946 -1.085 -0.724 -0.826 -0.948 -1.09 -1.231 -1.379 -0.821 -0.993 -1.165 -1.286 -1.397 -1.057 -1.2 -1.319 -1.419 -1.587 -1.163 -1.068 -1.221 -1.608 -1.778 -1.968 -1.253
0.0195 -0.602 -0.552 -0.627 -0.82 -0.963 -1.102 -0.741 -0.843 -0.965 -1.107 -1.247 -1.396 -0.838 -1.01 -1.182 -1.303 -1.413 -1.074 -1.216 -1.336 -1.435 -1.604 -1.18 -1.085 -1.237 -1.625 -1.795 -1.985 -1.27
0.02 -0.619 -0.569 -0.644 -0.837 -0.979 -1.119 -0.758 -0.859 -0.982 -1.124 -1.264 -1.413 -0.854 -1.027 -1.199 -1.319 -1.43 -1.091 -1.233 -1.353 -1.452 -1.62 -1.197 -1.101 -1.254 -1.642 -1.811 -2.002 -1.287
0.0204 -0.635 -0.586 -0.661 -0.854 -0.996 -1.135 -0.775 -0.876 -0.999 -1.141 -1.281 -1.43 -0.871 -1.044 -1.216 -1.336 -1.447 -1.108 -1.25 -1.37 -1.469 -1.637 -1.213 -1.118 -1.271 -1.659 -1.828 -2.019 -1.304
0.0209 -0.653 -0.603 -0.678 -0.871 -1.013 -1.153 -0.792 -0.893 -1.016 -1.158 -1.298 -1.447 -0.888 -1.061 -1.233 -1.353 -1.464 -1.125 -1.267 -1.387 -1.486 -1.654 -1.231 -1.135 -1.288 -1.676 -1.845 -2.036 -1.321
0.0214 -0.673 -0.624 -0.699 -0.892 -1.034 -1.173 -0.813 -0.914 -1.037 -1.179 -1.319 -1.468 -0.909 -1.082 -1.254 -1.374 -1.485 -1.146 -1.288 -1.408 -1.507 -1.675 -1.251 -1.156 -1.309 -1.697 -1.866 -2.057 -1.342
0.022 -0.694 -0.645 -0.72 -0.913 -1.055 -1.194 -0.833 -0.935 -1.057 -1.199 -1.34 -1.488 -0.93 -1.103 -1.274 -1.395 -1.506 -1.166 -1.309 -1.429 -1.528 -1.696 -1.272 -1.177 -1.33 -1.718 -1.887 -2.077 -1.362
0.0225 -0.715 -0.666 -0.741 -0.933 -1.076 -1.215 -0.854 -0.956 -1.078 -1.22 -1.361 -1.509 -0.951 -1.123 -1.295 -1.416 -1.527 -1.187 -1.33 -1.45 -1.549 -1.717 -1.293 -1.198 -1.351 -1.739 -1.908 -2.098 -1.383
0.023 -0.736 -0.686 -0.761 -0.954 -1.097 -1.236 -0.875 -0.977 -1.099 -1.241 -1.381 -1.53 -0.972 -1.144 -1.316 -1.437 -1.547 -1.208 -1.351 -1.47 -1.569 -1.738 -1.314 -1.219 -1.371 -1.759 -1.929 -2.119 -1.404
0.0236 -0.757 -0.707 -0.782 -0.975 -1.118 -1.257 -0.896 -0.997 -1.12 -1.262 -1.402 -1.551 -0.992 -1.165 -1.337 -1.458 -1.568 -1.229 -1.371 -1.491 -1.59 -1.758 -1.335 -1.239 -1.392 -1.78 -1.95 -2.14 -1.425
0.0242 -0.778 -0.728 -0.803 -0.996 -1.138 -1.277 -0.917 -1.018 -1.141 -1.283 -1.423 -1.572 -1.013 -1.186 -1.358 -1.478 -1.589 -1.25 -1.392 -1.512 -1.611 -1.779 -1.355 -1.26 -1.413 -1.801 -1.97 -2.161 -1.446
0.0247 -0.798 -0.749 -0.824 -1.017 -1.159 -1.298 -0.937 -1.039 -1.162 -1.303 -1.444 -1.592 -1.034 -1.207 -1.379 -1.499 -1.61 -1.27 -1.413 -1.533 -1.632 -1.8 -1.376 -1.281 -1.434 -1.822 -1.991 -2.182 -1.467
0.0253 -0.819 -0.77 -0.845 -1.038 -1.18 -1.319 -0.958 -1.06 -1.182 -1.324 -1.465 -1.613 -1.055 -1.228 -1.399 -1.52 -1.631 -1.291 -1.434 -1.554 -1.653 -1.821 -1.397 -1.302 -1.455 -1.843 -2.012 -2.202 -1.487
0.0259 -0.84 -0.791 -0.865 -1.058 -1.201 -1.34 -0.979 -1.081 -1.203 -1.345 -1.486 -1.634 -1.076 -1.248 -1.42 -1.541 -1.652 -1.312 -1.455 -1.574 -1.674 -1.842 -1.418 -1.323 -1.476 -1.863 -2.033 -2.223 -1.508
0.0266 -0.856 -0.807 -0.882 -1.074 -1.217 -1.356 -0.995 -1.097 -1.219 -1.361 -1.502 -1.65 -1.092 -1.264 -1.436 -1.557 -1.668 -1.328 -1.471 -1.591 -1.69 -1.858 -1.434 -1.339 -1.492 -1.88 -2.049 -2.239 -1.524
0.0272 -0.857 -0.807 -0.882 -1.075 -1.218 -1.357 -0.996 -1.098 -1.22 -1.362 -1.502 -1.651 -1.093 -1.265 -1.437 -1.558 -1.668 -1.329 -1.471 -1.591 -1.69 -1.859 -1.435 -1.34 -1.492 -1.88 -2.05 -2.24 -1.525
0.0279 -0.858 -0.808 -0.883 -1.076 -1.218 -1.357 -0.997 -1.098 -1.221 -1.363 -1.503 -1.652 -1.093 -1.266 -1.438 -1.558 -1.669 -1.33 -1.472 -1.592 -1.691 -1.859 -1.435 -1.34 -1.493 -1.881 -2.05 -2.241 -1.526
0.0285 -0.858 -0.809 -0.884 -1.077 -1.219 -1.358 -0.997 -1.099 -1.221 -1.363 -1.504 -1.652 -1.094 -1.267 -1.438 -1.559 -1.67 -1.33 -1.473 -1.593 -1.692 -1.86 -1.436 -1.341 -1.494 -1.882 -2.051 -2.241 -1.526
0.0292 -0.859 -0.809 -0.884 -1.077 -1.22 -1.359 -0.998 -1.1 -1.222 -1.364 -1.504 -1.653 -1.095 -1.267 -1.439 -1.56 -1.67 -1.331 -1.474 -1.593 -1.692 -1.861 -1.437 -1.342 -1.494 -1.882 -2.052 -2.242 -1.527
0.0299 -0.86 -0.81 -0.885 -1.078 -1.22 -1.359 -0.999 -1.1 -1.223 -1.365 -1.505 -1.654 -1.095 -1.268 -1.44 -1.56 -1.671 -1.332 -1.474 -1.594 -1.693 -1.861 -1.437 -1.342 -1.495 -1.883 -2.052 -2.243 -1.528
0.0307 -0.86 -0.811 -0.886 -1.079 -1.221 -1.36 -0.999 -1.101 -1.223 -1.365 -1.506 -1.654 -1.096 -1.269 -1.44 -1.561 -1.672 -1.332 -1.475 -1.595 -1.694 -1.862 -1.438 -1.343 -1.496 -1.884 -2.053 -2.243 -1.528
0.0314 -0.861 -0.812 -0.886 -1.079 -1.222 -1.361 -1.0 -1.102 -1.224 -1.366 -1.507 -1.655 -1.097 -1.269 -1.441 -1.562 -1.672 -1.333 -1.476 -1.595 -1.694 -1.863 -1.439 -1.344 -1.496 -1.884 -2.054 -2.244 -1.529
0.0322 -0.862 -0.812 -0.887 -1.08 -1.222 -1.362 -1.001 -1.102 -1.225 -1.367 -1.507 -1.656 -1.097 -1.27 -1.442 -1.563 -1.673 -1.334 -1.476 -1.596 -1.695 -1.863 -1.44 -1.344 -1.497 -1.885 -2.054 -2.245 -1.53
0.0329 -0.862 -0.813 -0.888 -1.081 -1.223 -1.362 -1.001 -1.103 -1.226 -1.367 -1.508 -1.656 -1.098 -1.271 -1.443 -1.563 -1.674 -1.334 -1.477 -1.597 -1.696 -1.864 -1.44 -1.345 -1.498 -1.886 -2.055 -2.245 -1.53
0.0337 -0.862 -0.813 -0.887 -1.08 -1.223 -1.362 -1.001 -1.103 -1.225 -1.367 -1.507 -1.656 -1.098 -1.27 -1.442 -1.563 -1.673 -1.334 -1.477 -1.596 -1.695 -1.864 -1.44 -1.345 -1.497 -1.885 -2.055 -2.245 -1.53
0.0345 -0.86 -0.81 -0.885 -1.078 -1.22 -1.36 -0.999 -1.1 -1.223 -1.365 -1.505 -1.654 -1.095 -1.268 -1.44 -1.561 -1.671 -1.332 -1.474 -1.594 -1.693 -1.861 -1.438 -1.342 -1.495 -1.883 -2.052 -2.243 -1.528
0.0354 -0.857 -0.808 -0.883 -1.076 -1.218 -1.357 -0.997 -1.098 -1.221 -1.363 -1.503 -1.652 -1.093 -1.266 -1.438 -1.558 -1.669 -1.33 -1.472 -1.592 -1.691 -1.859 -1.435 -1.34 -1.493 -1.881 -2.05 -2.241 -1.526
0.0362 -0.855 -0.806 -0.881 -1.074 -1.216 -1.355 -0.994 -1.096 -1.218 -1.36 -1.501 -1.649 -1.091 -1.264 -1.435 -1.556 -1.667 -1.327 -1.47 -1.59 -1.689 -1.857 -1.433 -1.338 -1.491 -1.879 -2.048 -2.238 -1.523
0.0371 -0.853 -0.804 -0.878 -1.071 -1.214 -1.353 -0.992 -1.094 -1.216 -1.358 -1.499 -1.647 -1.089 -1.261 -1.433 -1.554 -1.664 -1.325 -1.468 -1.587 -1.686 -1.855 -1.431 -1.336 -1.488 -1.876 -2.046 -2.236 -1.521
0.038 -0.851 -0.801 -0.876 -1.069 -1.212 -1.351 -0.99 -1.091 -1.214 -1.356 -1.496 -1.645 -1.086 -1.259 -1.431 -1.552 -1.662 -1.323 -1.465 -1.585 -1.684 -1.852 -1.429 -1.333 -1.486 -1.874 -2.044 -2.234 -1.519
0.0389 -0.849 -0.799 -0.874 -1.067 -1.209 -1.348 -0.988 -1.089 -1.212 -1.354 -1.494 -1.643 -1.084 -1.257 -1.429 -1.549 -1.66 -1.321 -1.463 -1.583 -1.682 -1.85 -1.426 -1.331 -1.484 -1.872 -2.041 -2.232 -1.517
0.0398 -0.846 -0.797 -0.872 -1.065 -1.207 -1.346 -0.985 -1.087 -1.209 -1.351 -1.492 -1.64 -1.082 -1.255 -1.426 -1.547 -1.658 -1.318 -1.461 -1.581 -1.68 -1.848 -1.424 -1.329 -1.482 -1.87 -2.039 -2.229 -1.514
0.0408 -0.844 -0.795 -0.869 -1.062 -1.205 -1.344 -0.983 -1.085 -1.207 -1.349 -1.49 -1.638 -1.08 -1.252 -1.424 -1.545 -1.655 -1.316 -1.459 -1.578 -1.677 -1.846 -1.422 -1.327 -1.479 -1.867 -2.037 -2.227 -1.512
0.0418 -0.842 -0.792 -0.867 -1.06 -1.203 -1.342 -0.981 -1.083 -1.205 -1.347 -1.487 -1.636 -1.077 -1.25 -1.422 -1.543 -1.653 -1.314 -1.456 -1.576 -1.675 -1.844 -1.42 -1.324 -1.477 -1.865 -2.035 -2.225 -1.51
0.0428 -0.833 -0.784 -0.859 -1.052 -1.194 -1.333 -0.972 -1.074 -1.196 -1.338 -1.479 -1.627 -1.069 -1.242 -1.413 -1.534 -1.645 -1.305 -1.448 -1.568 -1.667 -1.835 -1.411 -1.316 -1.469 -1.857 -2.026 -2.216 -1.501
0.0438 -0.819 -0.769 -0.844 -1.037 -1.18 -1.319 -0.958 -1.06 -1.182 -1.324 -1.464 -1.613 -1.055 -1.227 -1.399 -1.52 -1.63 -1.291 -1.433 -1.553 -1.652 -1.821 -1.397 -1.302 -1.454 -1.842 -2.012 -2.202 -1.487
0.0449 -0.804 -0.755 -0.83 -1.023 -1.165 -1.304 -0.944 -1.045 -1.168 -1.31 -1.45 -1.599 -1.04 -1.213 -1.385 -1.505 -1.616 -1.277 -1.419 -1.539 -1.638 -1.806 -1.382 -1.287 -1.44 -1.828 -1.997 -2.188 -1.473
0.046 -0.79 -0.741 -0.816 -1.008 -1.151 -1.29 -0.929 -1.031 -1.153 -1.295 -1.436 -1.584 -1.026 -1.198 -1.37 -1.491 -1.602 -1.262 -1.405 -1.525 -1.624 -1.792 -1.368 -1.273 -1.426 -1.814 -1.983 -2.173 -1.458
0.0471 -0.776 -0.726 -0.801 -0.994 -1.137 -1.276 -0.915 -1.016 -1.139 -1.281 -1.421 -1.57 -1.011 -1.184 -1.356 -1.477 -1.587 -1.248 -1.39 -1.51 -1.609 -1.777 -1.354 -1.258 -1.411 -1.799 -1.969 -2.159 -1.444
0.0482 -0.761 -0.712 -0.787 -0.98 -1.122 -1.261 -0.9 -1.002 -1.125 -1.266 -1.407 -1.555 -0.997 -1.17 -1.342 -1.462 -1.573 -1.233 -1.376 -1.496 -1.595 -1.763 -1.339 -1.244 -1.397 -1.785 -1.954 -2.145 -1.43
0.0494 -0.747 -0.698 -0.772 -0.965 -1.108 -1.247 -0.886 -0.988 -1.11 -1.252 -1.393 -1.541 -0.983 -1.155 -1.327 -1.448 -1.559 -1.219 -1.362 -1.481 -1.58 -1.749 -1.325 -1.23 -1.382 -1.77 -1.94 -2.13 -1.415
0.0506 -0.733 -0.683 -0.758 -0.951 -1.093 -1.233 -0.872 -0.973 -1.096 -1.238 -1.378 -1.527 -0.968 -1.141 -1.313 -1.433 -1.544 -1.205 -1.347 -1.467 -1.566 -1.734 -1.311 -1.215 -1.368 -1.756 -1.925 -2.116 -1.401
0.0518 -0.718 -0.669 -0.744 -0.937 -1.079 -1.218 -0.857 -0.959 -1.081 -1.223 -1.364 -1.512 -0.954 -1.127 -1.298 -1.419 -1.53 -1.19 -1.333 -1.453 -1.552 -1.72 -1.296 -1.201 -1.354 -1.742 -1.911 -2.101 -1.386
0.053 -0.704 -0.654 -0.729 -0.922 -1.065 -1.204 -0.843 -0.945 -1.067 -1.209 -1.349 -1.498 -0.94 -1.112 -1.284 -1.405 -1.515 -1.176 -1.319 -1.438 -1.537 -1.706 -1.282 -1.187 -1.339 -1.727 -1.897 -2.087 -1.372
0.0543 -0.697 -0.647 -0.722 -0.915 -1.058 -1.197 -0.836 -0.938 -1.06 -1.202 -1.342 -1.491 -0.933 -1.105 -1.277 -1.398 -1.508 -1.169 -1.311 -1.431 -1.53 -1.699 -1.275 -1.18 -1.332 -1.72 -1.89 -2.08 -1.365
0.0556 -0.693 -0.644 -0.719 -0.912 -1.054 -1.193 -0.833 -0.934 -1.057 -1.198 -1.339 -1.488 -0.929 -1.102 -1.274 -1.394 -1.505 -1.166 -1.308 -1.428 -1.527 -1.695 -1.271 -1.176 -1.329 -1.717 -1.886 -2.077 -1.362
0.057 -0.69 -0.641 -0.715 -0.908 -1.051 -1.19 -0.829 -0.931 -1.053 -1.195 -1.336 -1.484 -0.926 -1.098 -1.27 -1.391 -1.502 -1.162 -1.305 -1.424 -1.524 -1.692 -1.268 -1.173 -1.326 -1.713 -1.883 -2.073 -1.358
0.0584 -0.687 -0.637 -0.712 -0.905 -1.047 -1.187 -0.826 -0.927 -1.05 -1.192 -1.332 -1.481 -0.922 -1.095 -1.267 -1.388 -1.498 -1.159 -1.301 -1.421 -1.52 -1.688 -1.265 -1.169 -1.322 -1.71 -1.879 -2.07 -1.355
0.0598 -0.683 -0.634 -0.709 -0.902 -1.044 -1.183 -0.822 -0.924 -1.046 -1.188 -1.329 -1.477 -0.919 -1.092 -1.263 -1.384 -1.495 -1.155 -1.298 -1.418 -1.517 -1.685 -1.261 -1.166 -1.319 -1.707 -1.876 -2.066 -1.351
0.0612 -0.68 -0.63 -0.705 -0.898 -1.041 -1.18 -0.819 -0.921 -1.043 -1.185 -1.325 -1.474 -0.916 -1.088 -1.26 -1.381 -1.491 -1.152 -1.294 -1.414 -1.513 -1.682 -1.258 -1.163 -1.315 -1.703 -1.873 -2.063 -1.348
0.0627 -0.676 -0.627 -0.702 -0.895 -1.037 -1.176 -0.816 -0.917 -1.04 -1.182 -1.322 -1.471 -0.912 -1.085 -1.257 -1.377 -1.488 -1.149 -1.291 -1.411 -1.51 -1.678 -1.254 -1.159 -1.312 -1.7 -1.869 -2.06 -1.345
0.0642 -0.673 -0.624 -0.698 -0.891 -1.034 -1.173 -0.812 -0.914 -1.036 -1.178 -1.319 -1.467 -0.909 -1.081 -1.253 -1.374 -1.485 -1.145 -1.288 -1.408 -1.507 -1.675 -1.251 -1.156 -1.309 -1.697 -1.866 -2.056 -1.341
0.0657 -0.67 -0.62 -0.695 -0.888 -1.03 -1.17 -0.809 -0.91 -1.033 -1.175 -1.315 -1.464 -0.905 -1.078 -1.25 -1.371 -1.481 -1.142 -1.284 -1.404 -1.503 -1.671 -1.248 -1.152 -1.305 -1.693 -1.862 -2.053 -1.338
0.0673 -0.666 -0.617 -0.692 -0.885 -1.027 -1.166 -0.805 -0.907 -1.029 -1.171 -1.312 -1.46 -0.902 -1.075 -1.246 -1.367 -1.478 -1.138 -1.281 -1.401 -1.5 -1.668 -1.244 -1.149 -1.302 -1.69 -1.859 -2.049 -1.334
0.0689 -0.666 -0.616 -0.691 -0.884 -1.027 -1.166 -0.805 -0.907 -1.029 -1.171 -1.311 -1.46 -0.902 -1.074 -1.246 -1.367 -1.477 -1.138 -1.28 -1.4 -1.499 -1.668 -1.244 -1.149 -1.301 -1.689 -1.859 -2.049 -1.334
0.0706 -0.666 -0.617 -0.692 -0.885 -1.027 -1.166 -0.805 -0.907 -1.029 -1.171 -1.312 -1.46 -0.902 -1.074 -1.246 -1.367 -1.478 -1.138 -1.281 -1.401 -1.5 -1.668 -1.244 -1.149 -1.302 -1.69 -1.859 -2.049 -1.334
0.0723 -0.666 -0.617 -0.692 -0.885 -1.027 -1.166 -0.806 -0.907 -1.03 -1.171 -1.312 -1.461 -0.902 -1.075 -1.247 -1.367 -1.478 -1.138 -1.281 -1.401 -1.5 -1.668 -1.244 -1.149 -1.302 -1.69 -1.859 -2.05 -1.335
0.0741 -0.667 -0.617 -0.692 -0.885 -1.028 -1.167 -0.806 -0.907 -1.03 -1.172 -1.312 -1.461 -0.902 -1.075 -1.247 -1.368 -1.478 -1.139 -1.281 -1.401 -1.5 -1.668 -1.245 -1.149 -1.302 -1.69 -1.859 -2.05 -1.335
0.0758 -0.667 -0.618 -0.692 -0.885 -1.028 -1.167 -0.806 -0.908 -1.03 -1.172 -1.313 -1.461 -0.903 -1.075 -1.247 -1.368 -1.478 -1.139 -1.282 -1.401 -1.5 -1.669 -1.245 -1.15 -1.302 -1.69 -1.86 -2.05 -1.335
0.0777 -0.667 -0.618 -0.693 -0.886 -1.028 -1.167 -0.806 -0.908 -1.03 -1.172 -1.313 -1.461 -0.903 -1.076 -1.247 -1.368 -1.479 -1.139 -1.282 -1.402 -1.501 -1.669 -1.245 -1.15 -1.303 -1.691 -1.86 -2.05 -1.335
0.0795 -0.668 -0.618 -0.693 -0.886 -1.028 -1.167 -0.807 -0.908 -1.031 -1.173 -1.313 -1.462 -0.903 -1.076 -1.248 -1.368 -1.479 -1.14 -1.282 -1.402 -1.501 -1.669 -1.245 -1.15 -1.303 -1.691 -1.86 -2.051 -1.336
0.0815 -0.668 -0.618 -0.693 -0.886 -1.029 -1.168 -0.807 -0.909 -1.031 -1.173 -1.313 -1.462 -0.904 -1.076 -1.248 -1.369 -1.479 -1.14 -1.282 -1.402 -1.501 -1.67 -1.246 -1.151 -1.303 -1.691 -1.861 -2.051 -1.336
0.0834 -0.668 -0.619 -0.694 -0.887 -1.029 -1.168 -0.807 -0.909 -1.031 -1.173 -1.314 -1.462 -0.904 -1.076 -1.248 -1.369 -1.48 -1.14 -1.283 -1.403 -1.502 -1.67 -1.246 -1.151 -1.304 -1.692 -1.861 -2.051 -1.336
0.0854 -0.668 -0.619 -0.694 -0.887 -1.029 -1.168 -0.808 -0.909 -1.032 -1.173 -1.314 -1.463 -0.904 -1.077 -1.249 -1.369 -1.48 -1.14 -1.283 -1.403 -1.502 -1.67 -1.246 -1.151 -1.304 -1.692 -1.861 -2.052 -1.337
0.0875 -0.657 -0.608 -0.682 -0.875 -1.018 -1.157 -0.796 -0.898 -1.02 -1.162 -1.302 -1.451 -0.893 -1.065 -1.237 -1.358 -1.468 -1.129 -1.272 -1.391 -1.49 -1.659 -1.235 -1.14 -1.292 -1.68 -1.85 -2.04 -1.325
0.0896 -0.645 -0.595 -0.67 -0.863 -1.006 -1.145 -0.784 -0.886 -1.008 -1.15 -1.29 -1.439 -0.881 -1.053 -1.225 -1.346 -1.456 -1.117 -1.259 -1.379 -1.478 -1.647 -1.223 -1.128 -1.28 -1.668 -1.838 -2.028 -1.313
0.0918 -0.633 -0.583 -0.658 -0.851 -0.994 -1.133 -0.772 -0.874 -0.996 -1.138 -1.278 -1.427 -0.869 -1.041 -1.213 -1.334 -1.444 -1.105 -1.247 -1.367 -1.466 -1.635 -1.211 -1.115 -1.268 -1.656 -1.826 -2.016 -1.301
0.094 -0.621 -0.571 -0.646 -0.839 -0.981 -1.121 -0.76 -0.861 -0.984 -1.126 -1.266 -1.415 -0.856 -1.029 -1.201 -1.322 -1.432 -1.093 -1.235 -1.355 -1.454 -1.622 -1.199 -1.103 -1.256 -1.644 -1.813 -2.004 -1.289
0.0963 -0.609 -0.559 -0.634 -0.827 -0.969 -1.109 -0.748 -0.849 -0.972 -1.114 -1.254 -1.403 -0.844 -1.017 -1.189 -1.309 -1.42 -1.081 -1.223 -1.343 -1.442 -1.61 -1.187 -1.091 -1.244 -1.632 -1.801 -1.992 -1.277
0.0986 -0.597 -0.547 -0.622 -0.815 -0.957 -1.096 -0.736 -0.837 -0.96 -1.102 -1.242 -1.391 -0.832 -1.005 -1.177 -1.297 -1.408 -1.069 -1.211 -1.331 -1.43 -1.598 -1.174 -1.079 -1.232 -1.62 -1.789 -1.98 -1.265
0.101 -0.584 -0.535 -0.61 -0.803 -0.945 -1.084 -0.724 -0.825 -0.948 -1.09 -1.23 -1.379 -0.82 -0.993 -1.165 -1.285 -1.396 -1.057 -1.199 -1.319 -1.418 -1.586 -1.162 -1.067 -1.22 -1.608 -1.777 -1.968 -1.253
0.1034 -0.572 -0.523 -0.598 -0.791 -0.933 -1.072 -0.711 -0.813 -0.936 -1.077 -1.218 -1.366 -0.808 -0.981 -1.153 -1.273 -1.384 -1.044 -1.187 -1.307 -1.406 -1.574 -1.15 -1.055 -1.208 -1.596 -1.765 -1.955 -1.24
0.1059 -0.56 -0.511 -0.586 -0.779 -0.921 -1.06 -0.699 -0.801 -0.923 -1.065 -1.206 -1.354 -0.796 -0.969 -1.14 -1.261 -1.372 -1.032 -1.175 -1.295 -1.394 -1.562 -1.138 -1.043 -1.196 -1.584 -1.753 -1.943 -1.228
0.1084 -0.548 -0.498 -0.573 -0.766 -0.908 -1.047 -0.687 -0.788 -0.911 -1.053 -1.193 -1.342 -0.783 -0.956 -1.128 -1.248 -1.359 -1.02 -1.162 -1.282 -1.381 -1.549 -1.125 -1.03 -1.183 -1.571 -1.74 -1.931 -1.216
0.1111 -0.529 -0.479 -0.554 -0.747 -0.889 -1.029 -0.668 -0.769 -0.892 -1.034 -1.174 -1.323 -0.764 -0.937 -1.109 -1.23 -1.34 -1.001 -1.143 -1.263 -1.362 -1.53 -1.107 -1.011 -1.164 -1.552 -1.721 -1.912 -1.197
0.1137 -0.51 -0.46 -0.535 -0.728 -0.871 -1.01 -0.649 -0.75 -0.873 -1.015 -1.155 -1.304 -0.745 -0.918 -1.09 -1.211 -1.321 -0.982 -1.124 -1.244 -1.343 -1.511 -1.088 -0.992 -1.145 -1.533 -1.703 -1.893 -1.178
0.1165 -0.491 -0.441 -0.516 -0.709 -0.852 -0.991 -0.63 -0.732 -0.854 -0.996 -1.136 -1.285 -0.727 -0.899 -1.071 -1.192 -1.302 -0.963 -1.105 -1.225 -1.324 -1.493 -1.069 -0.974 -1.126 -1.514 -1.684 -1.874 -1.159
0.1193 -0.472 -0.422 -0.497 -0.69 -0.833 -0.972 -0.611 -0.713 -0.835 -0.977 -1.117 -1.266 -0.708 -0.88 -1.052 -1.173 -1.283 -0.944 -1.087 -1.206 -1.305 -1.474 -1.05 -0.955 -1.107 -1.495 -1.665 -1.855 -1.14
0.1222 -0.453 -0.404 -0.478 -0.671 -0.814 -0.953 -0.592 -0.694 -0.816 -0.958 -1.099 -1.247 -0.689 -0.861 -1.033 -1.154 -1.264 -0.925 -1.068 -1.187 -1.286 -1.455 -1.031 -0.936 -1.088 -1.476 -1.646 -1.836 -1.121
0.1251 -0.434 -0.385 -0.459 -0.652 -0.795 -0.934 -0.573 -0.675 -0.797 -0.939 -1.08 -1.228 -0.67 -0.842 -1.014 -1.135 -1.246 -0.906 -1.049 -1.169 -1.268 -1.436 -1.012 -0.917 -1.07 -1.458 -1.627 -1.817 -1.102
0.1281 -0.415 -0.366 -0.441 -0.634 -0.776 -0.915 -0.554 -0.656 -0.778 -0.92 -1.061 -1.209 -0.651 -0.823 -0.995 -1.116 -1.227 -0.887 -1.03 -1.15 -1.249 -1.417 -0.993 -0.898 -1.051 -1.439 -1.608 -1.798 -1.083
0.1312 -0.396 -0.347 -0.422 -0.615 -0.757 -0.896 -0.535 -0.637 -0.759 -0.901 -1.042 -1.19 -0.632 -0.805 -0.976 -1.097 -1.208 -0.868 -1.011 -1.131 -1.23 -1.398 -0.974 -0.879 -1.032 -1.42 -1.589 -1.779 -1.064
0.1344 -0.377 -0.328 -0.403 -0.596 -0.738 -0.877 -0.516 -0.618 -0.74 -0.882 -1.023 -1.171 -0.613 -0.786 -0.957 -1.078 -1.189 -0.849 -0.992 -1.112 -1.211 -1.379 -0.955 -0.86 -1.013 -1.401 -1.57 -1.76 -1.045
0.1376 -0.358 -0.308 -0.383 -0.576 -0.719 -0.858 -0.497 -0.599 -0.721 -0.863 -1.003 -1.152 -0.594 -0.766 -0.938 -1.059 -1.169 -0.83 -0.973 -1.092 -1.191 -1.36 -0.936 -0.841 -0.993 -1.381 -1.551 -1.741 -1.026
0.141 -0.337 -0.288 -0.362 -0.555 -0.698 -0.837 -0.476 -0.578 -0.7 -0.842 -0.983 -1.131 -0.573 -0.745 -0.917 -1.038 -1.148 -0.809 -0.952 -1.071 -1.17 -1.339 -0.915 -0.82 -0.972 -1.36 -1.53 -1.72 -1.005
0.1444 -0.316 -0.267 -0.342 -0.534 -0.677 -0.816 -0.455 -0.557 -0.679 -0.821 -0.962 -1.11 -0.552 -0.724 -0.896 -1.017 -1.128 -0.788 -0.931 -1.051 -1.15 -1.318 -0.894 -0.799 -0.952 -1.34 -1.509 -1.699 -0.984
0.1478 -0.295 -0.246 -0.321 -0.514 -0.656 -0.795 -0.434 -0.536 -0.658 -0.8 -0.941 -1.089 -0.531 -0.703 -0.875 -0.996 -1.107 -0.767 -0.91 -1.03 -1.129 -1.297 -0.873 -0.778 -0.931 -1.319 -1.488 -1.678 -0.963
0.1514 -0.274 -0.225 -0.3 -0.493 -0.635 -0.774 -0.413 -0.515 -0.637 -0.779 -0.92 -1.068 -0.51 -0.683 -0.854 -0.975 -1.086 -0.746 -0.889 -1.009 -1.108 -1.276 -0.852 -0.757 -0.91 -1.298 -1.467 -1.657 -0.942
0.1551 -0.253 -0.204 -0.279 -0.472 -0.614 -0.753 -0.392 -0.494 -0.617 -0.758 -0.899 -1.047 -0.489 -0.662 -0.834 -0.954 -1.065 -0.725 -0.868 -0.988 -1.087 -1.255 -0.831 -0.736 -0.889 -1.277 -1.446 -1.636 -0.921
0.1588 -0.232 -0.183 -0.258 -0.451 -0.593 -0.732 -0.372 -0.473 -0.596 -0.738 -0.878 -1.027 -0.468 -0.641 -0.813 -0.933 -1.044 -0.705 -0.847 -0.967 -1.066 -1.234 -0.81 -0.715 -0.868 -1.256 -1.425 -1.616 -0.901
0.1626 -0.212 -0.162 -0.237 -0.43 -0.572 -0.711 -0.351 -0.452 -0.575 -0.717 -0.857 -1.006 -0.447 -0.62 -0.792 -0.912 -1.023 -0.684 -0.826 -0.946 -1.045 -1.213 -0.789 -0.694 -0.847 -1.235 -1.404 -1.595 -0.88
0.1666 -0.191 -0.141 -0.216 -0.409 -0.551 -0.691 -0.33 -0.431 -0.554 -0.696 -0.836 -0.985 -0.426 -0.599 -0.771 -0.891 -1.002 -0.663 -0.805 -0.925 -1.024 -1.192 -0.769 -0.673 -0.826 -1.214 -1.383 -1.574 -0.859
0.1706 -0.17 -0.12 -0.195 -0.388 -0.531 -0.67 -0.309 -0.41 -0.533 -0.675 -0.815 -0.964 -0.405 -0.578 -0.75 -0.871 -0.981 -0.642 -0.784 -0.904 -1.003 -1.171 -0.748 -0.652 -0.805 -1.193 -1.363 -1.553 -0.838
0.1747 -0.145 -0.096 -0.171 -0.364 -0.506 -0.645 -0.284 -0.386 -0.509 -0.65 -0.791 -0.939 -0.381 -0.554 -0.726 -0.846 -0.957 -0.617 -0.76 -0.88 -0.979 -1.147 -0.723 -0.628 -0.781 -1.169 -1.338 -1.528 -0.813
0.1789 -0.115 -0.066 -0.141 -0.334 -0.476 -0.615 -0.254 -0.356 -0.478 -0.62 -0.761 -0.909 -0.351 -0.524 -0.695 -0.816 -0.927 -0.587 -0.73 -0.85 -0.949 -1.117 -0.693 -0.598 -0.751 -1.139 -1.308 -1.498 -0.783
0.1832 -0.085 -0.036 -0.111 -0.304 -0.446 -0.585 -0.224 -0.326 -0.448 -0.59 -0.731 -0.879 -0.321 -0.494 -0.665 -0.786 -0.897 -0.557 -0.7 -0.82 -0.919 -1.087 -0.663 -0.568 -0.721 -1.109 -1.278 -1.468 -0.753
0.1876 -0.055 -0.006 -0.081 -0.273 -0.416 -0.555 -0.194 -0.296 -0.418 -0.56 -0.701 -0.849 -0.291 -0.463 -0.635 -0.756 -0.867 -0.527 -0.67 -0.79 -0.889 -1.057 -0.633 -0.538 -0.691 -1.079 -1.248 -1.438 -0.723
0.1922 -0.025 0.024 -0.05 -0.243 -0.386 -0.525 -0.164 -0.266 -0.388 -0.53 -0.671 -0.819 -0.261 -0.433 -0.605 -0.726 -0.837 -0.497 -0.64 -0.759 -0.859 -1.027 -0.603 -0.508 -0.661 -1.048 -1.218 -1.408 -0.693
0.1968 0.005 0.054 -0.02 -0.213 -0.356 -0.495 -0.134 -0.236 -0.358 -0.5 -0.64 -0.789 -0.231 -0.403 -0.575 -0.696 -0.806 -0.467 -0.61 -0.729 -0.828 -0.997 -0.573 -0.478 -0.63 -1.018 -1.188 -1.378 -0.663
0.2015 0.035 0.085 0.01 -0.183 -0.326 -0.465 -0.104 -0.206 -0.328 -0.47 -0.61 -0.759 -0.201 -0.373 -0.545 -0.666 -0.776 -0.437 -0.58 -0.699 -0.798 -0.967 -0.543 -0.448 -0.6 -0.988 -1.158 -1.348 -0.633
0.2064 0.065 0.115 0.04 -0.153 -0.296 -0.435 -0.074 -0.176 -0.298 -0.44 -0.58 -0.729 -0.171 -0.343 -0.515 -0.636 -0.746 -0.407 -0.549 -0.669 -0.768 -0.937 -0.513 -0.418 -0.57 -0.958 -1.128 -1.318 -0.603
0.2114 0.095 0.145 0.07 -0.123 -0.266 -0.405 -0.044 -0.145 -0.268 -0.41 -0.55 -0.699 -0.14 -0.313 -0.485 -0.606 -0.716 -0.377 -0.519 -0.639 -0.738 -0.906 -0.483 -0.387 -0.54 -0.928 -1.098 -1.288 -0.573
0.2165 0.125 0.175 0.1 -0.093 -0.235 -0.375 -0.014 -0.115 -0.238 -0.38 -0.52 -0.669 -0.11 -0.283 -0.455 -0.576 -0.686 -0.347 -0.489 -0.609 -0.708 -0.876 -0.453 -0.357 -0.51 -0.898 -1.067 -1.258 -0.543
0.2217 0.16 0.209 0.134 -0.059 -0.201 -0.34 0.02 -0.081 -0.204 -0.345 -0.486 -0.635 -0.076 -0.249 -0.421 -0.541 -0.652 -0.312 -0.455 -0.575 -0.674 -0.842 -0.418 -0.323 -0.476 -0.864 -1.033 -1.224 -0.509
0.2271 0.198 0.247 0.172 -0.021 -0.163 -0.302 0.059 -0.043 -0.166 -0.307 -0.448 -0.597 -0.038 -0.211 -0.383 -0.503 -0.614 -0.274 -0.417 -0.537 -0.636 -0.804 -0.38 -0.285 -0.438 -0.826 -0.995 -1.186 -0.471
0.2325 0.236 0.285 0.21 0.017 -0.125 -0.264 0.097 -0.005 -0.128 -0.269 -0.41 -0.558 -0.0 -0.173 -0.345 -0.465 -0.576 -0.236 -0.379 -0.499 -0.598 -0.766 -0.342 -0.247 -0.4 -0.788 -0.957 -1.148 -0.433
0.2381 0.274 0.323 0.248 0.055 -0.087 -0.226 0.135 0.033 -0.09 -0.231 -0.372 -0.52 0.038 -0.135 -0.307 -0.427 -0.538 -0.198 -0.341 -0.461 -0.56 -0.728 -0.304 -0.209 -0.362 -0.75 -0.919 -1.109 -0.394
0.2439 0.312 0.361 0.286 0.093 -0.049 -0.188 0.173 0.071 -0.052 -0.193 -0.334 -0.482 0.076 -0.097 -0.268 -0.389 -0.5 -0.16 -0.303 -0.423 -0.522 -0.69 -0.266 -0.171 -0.324 -0.712 -0.881 -1.071 -0.356
0.2498 0.35 0.399 0.324 0.131 -0.011 -0.15 0.211 0.109 -0.014 -0.155 -0.296 -0.444 0.114 -0.059 -0.23 -0.351 -0.462 -0.122 -0.265 -0.385 -0.484 -0.652 -0.228 -0.133 -0.286 -0.674 -0.843 -1.033 -0.318
0.2558 0.388 0.437 0.362 0.169 0.027 -0.112 0.249 0.147 0.025 -0.117 -0.258 -0.406 0.152 -0.021 -0.192 -0.313 -0.424 -0.084 -0.227 -0.347 -0.446 -0.614 -0.19 -0.095 -0.248 -0.636 -0.805 -0.995 -0.28
0.262 0.426 0.475 0.4 0.207 0.065 -0.074 0.287 0.185 0.063 -0.079 -0.22 -0.368 0.19 0.017 -0.154 -0.275 -0.386 -0.046 -0.189 -0.309 -0.408 -0.576 -0.152 -0.057 -0.21 -0.598 -0.767 -0.957 -0.242
0.2683 0.464 0.513 0.438 0.245 0.103 -0.036 0.325 0.223 0.101 -0.041 -0.182 -0.33 0.228 0.055 -0.116 -0.237 -0.348 -0.008 -0.151 -0.271 -0.37 -0.538 -0.114 -0.019 -0.172 -0.56 -0.729 -0.919 -0.204
0.2748 0.502 0.551 0.476 0.283 0.141 0.002 0.363 0.261 0.139 -0.003 -0.144 -0.292 0.266 0.093 -0.078 -0.199 -0.31 0.03 -0.113 -0.233 -0.332 -0.5 -0.076 0.019 -0.134 -0.522 -0.691 -0.881 -0.166
0.2814 0.541 0.59 0.516 0.323 0.18 0.041 0.402 0.3 0.178 0.036 -0.105 -0.253 0.305 0.133 -0.039 -0.16 -0.271 0.069 -0.074 -0.193 -0.292 -0.461 -0.037 0.058 -0.095 -0.482 -0.652 -0.842 -0.127
0.2882 0.581 0.63 0.555 0.362 0.22 0.081 0.442 0.34 0.218 0.076 -0.065 -0.213 0.345 0.172 0.001 -0.12 -0.231 0.109 -0.034 -0.154 -0.253 -0.421 0.003 0.098 -0.055 -0.443 -0.612 -0.802 -0.087
0.2951 0.621 0.67 0.595 0.402 0.26 0.121 0.482 0.38 0.257 0.116 -0.025 -0.174 0.385 0.212 0.04 -0.08 -0.191 0.149 0.006 -0.114 -0.213 -0.381 0.043 0.138 -0.015 -0.403 -0.572 -0.763 -0.048
0.3022 0.66 0.71 0.635 0.442 0.3 0.161 0.521 0.42 0.297 0.155 0.015 -0.134 0.425 0.252 0.08 -0.04 -0.151 0.188 0.046 -0.074 -0.173 -0.341 0.083 0.178 0.025 -0.363 -0.532 -0.723 -0.008
0.3095 0.7 0.75 0.675 0.482 0.339 0.2 0.561 0.459 0.337 0.195 0.055 -0.094 0.465 0.292 0.12 -0.001 -0.111 0.228 0.086 -0.034 -0.133 -0.302 0.122 0.218 0.065 -0.323 -0.493 -0.683 0.032
0.317 0.74 0.789 0.715 0.522 0.379 0.24 0.601 0.499 0.377 0.235 0.095 -0.054 0.504 0.332 0.16 0.039 -0.071 0.268 0.125 0.006 -0.093 -0.262 0.162 0.257 0.105 -0.283 -0.453 -0.643 0.072
0.3247 0.78 0.829 0.754 0.561 0.419 0.28 0.641 0.539 0.417 0.275 0.134 -0.014 0.544 0.372 0.2 0.079 -0.032 0.308 0.165 0.045 -0.054 -0.222 0.202 0.297 0.144 -0.244 -0.413 -0.603 0.112
0.3325 0.82 0.869 0.794 0.601 0.459 0.32 0.681 0.579 0.456 0.315 0.174 0.026 0.584 0.411 0.24 0.119 0.008 0.348 0.205 0.085 -0.014 -0.182 0.242 0.337 0.184 -0.204 -0.373 -0.563 0.152
0.3405 0.859 0.909 0.834 0.641 0.499 0.36 0.72 0.619 0.496 0.354 0.214 0.065 0.624 0.451 0.279 0.159 0.048 0.387 0.245 0.125 0.026 -0.142 0.282 0.377 0.224 -0.164 -0.333 -0.524 0.191
0.3487 0.899 0.949 0.874 0.681 0.539 0.399 0.76 0.659 0.536 0.394 0.254 0.105 0.664 0.491 0.319 0.198 0.088 0.427 0.285 0.165 0.066 -0.102 0.321 0.417 0.264 -0.124 -0.293 -0.484 0.231
0.3571 0.947 0.996 0.921 0.729 0.586 0.447 0.808 0.706 0.584 0.442 0.301 0.153 0.711 0.539 0.367 0.246 0.135 0.475 0.332 0.212 0.113 -0.055 0.369 0.464 0.311 -0.077 -0.246 -0.436 0.279
0.3657 0.996 1.046 0.971 0.778 0.636 0.496 0.857 0.756 0.633 0.491 0.351 0.202 0.761 0.588 0.416 0.295 0.185 0.524 0.382 0.262 0.163 -0.005 0.418 0.514 0.361 -0.027 -0.196 -0.387 0.328
0.3746 1.046 1.095 1.02 0.827 0.685 0.546 0.907 0.805 0.683 0.541 0.4 0.252 0.81 0.637 0.466 0.345 0.234 0.574 0.431 0.311 0.212 0.044 0.468 0.563 0.41 0.022 -0.147 -0.337 0.378
0.3836 1.095 1.145 1.07 0.877 0.734 0.595 0.956 0.854 0.732 0.59 0.45 0.301 0.859 0.687 0.515 0.394 0.284 0.623 0.481 0.361 0.262 0.093 0.517 0.612 0.46 0.072 -0.098 -0.288 0.427
0.3929 1.145 1.194 1.119 0.926 0.784 0.645 1.006 0.904 0.781 0.64 0.499 0.351 0.909 0.736 0.564 0.444 0.333 0.673 0.53 0.41 0.311 0.143 0.567 0.662 0.509 0.121 -0.048 -0.238 0.477
0.4023 1.194 1.244 1.169 0.976 0.833 0.694 1.055 0.953 0.831 0.689 0.549 0.4 0.958 0.786 0.614 0.493 0.383 0.722 0.579 0.46 0.361 0.192 0.616 0.711 0.559 0.171 0.001 -0.189 0.526
0.412 1.243 1.293 1.218 1.025 0.883 0.744 1.104 1.003 0.88 0.738 0.598 0.449 1.008 0.835 0.663 0.543 0.432 0.771 0.629 0.509 0.41 0.242 0.666 0.761 0.608 0.22 0.051 -0.14 0.575
0.422 1.293 1.342 1.268 1.075 0.932 0.793 1.154 1.052 0.93 0.788 0.647 0.499 1.057 0.885 0.713 0.592 0.481 0.821 0.678 0.558 0.459 0.291 0.715 0.81 0.657 0.269 0.1 -0.09 0.625
0.4322 1.342 1.392 1.317 1.124 0.982 0.842 1.203 1.102 0.979 0.837 0.697 0.548 1.107 0.934 0.762 0.642 0.531 0.87 0.728 0.608 0.509 0.341 0.764 0.86 0.707 0.319 0.15 -0.041 0.674
0.4426 1.392 1.441 1.366 1.173 1.031 0.892 1.253 1.151 1.029 0.887 0.746 0.598 1.156 0.983 0.812 0.691 0.58 0.92 0.777 0.657 0.558 0.39 0.814 0.909 0.756 0.368 0.199 0.009 0.724
0.4533 1.448 1.498 1.423 1.23 1.087 0.948 1.309 1.207 1.085 0.943 0.803 0.654 1.212 1.04 0.868 0.747 0.637 0.976 0.834 0.714 0.615 0.446 0.87 0.965 0.813 0.425 0.255 0.065 0.78
0.4642 1.505 1.554 1.48 1.287 1.144 1.005 1.366 1.264 1.142 1.0 0.859 0.711 1.269 1.097 0.925 0.804 0.693 1.033 0.89 0.77 0.671 0.503 0.927 1.022 0.869 0.481 0.312 0.122 0.837
0.4754 1.562 1.611 1.536 1.343 1.201 1.062 1.423 1.321 1.199 1.057 0.916 0.768 1.326 1.153 0.982 0.861 0.75 1.09 0.947 0.827 0.728 0.56 0.984 1.079 0.926 0.538 0.369 0.179 0.894
0.4869 1.618 1.668 1.593 1.4 1.258 1.119 1.479 1.378 1.255 1.113 0.973 0.824 1.383 1.21 1.038 0.918 0.807 1.146 1.004 0.884 0.785 0.617 1.041 1.136 0.983 0.595 0.426 0.235 0.95
0.4986 1.675 1.725 1.65 1.457 1.314 1.175 1.536 1.434 1.312 1.17 1.03 0.881 1.439 1.267 1.095 0.974 0.864 1.203 1.061 0.941 0.842 0.673 1.097 1.192 1.04 0.652 0.482 0.292 1.007
0.5106 1.732 1.781 1.707 1.514 1.371 1.232 1.593 1.491 1.369 1.227 1.086 0.938 1.496 1.324 1.152 1.031 0.92 1.26 1.117 0.997 0.898 0.73 1.154 1.249 1.096 0.708 0.539 0.349 1.064
0.523 1.789 1.838 1.763 1.57 1.428 1.289 1.65 1.548 1.425 1.284 1.143 0.995 1.553 1.38 1.209 1.088 0.977 1.317 1.174 1.054 0.955 0.787 1.211 1.306 1.153 0.765 0.596 0.406 1.121
0.5356 1.845 1.895 1.82 1.627 1.485 1.346 1.706 1.605 1.482 1.34 1.2 1.051 1.61 1.437 1.265 1.145 1.034 1.373 1.231 1.111 1.012 0.844 1.268 1.363 1.21 0.822 0.653 0.462 1.177
0.5485 1.902 1.952 1.877 1.684 1.541 1.402 1.763 1.661 1.539 1.397 1.257 1.108 1.666 1.494 1.322 1.201 1.091 1.43 1.288 1.168 1.069 0.9 1.324 1.419 1.267 0.879 0.709 0.519 1.234
0.5617 1.959 2.008 1.933 1.74 1.598 1.459 1.82 1.718 1.595 1.454 1.313 1.165 1.723 1.55 1.378 1.258 1.147 1.487 1.344 1.224 1.125 0.957 1.381 1.476 1.323 0.935 0.766 0.576 1.291
0.5753 2.013 2.062 1.987 1.794 1.652 1.513 1.874 1.772 1.65 1.508 1.367 1.219 1.777 1.604 1.433 1.312 1.201 1.541 1.398 1.278 1.179 1.011 1.435 1.53 1.377 0.989 0.82 0.63 1.345
0.5891 2.067 2.116 2.041 1.848 1.706 1.567 1.928 1.826 1.704 1.562 1.421 1.273 1.831 1.658 1.487 1.366 1.255 1.595 1.452 1.332 1.233 1.065 1.489 1.584 1.431 1.043 0.874 0.684 1.399
0.6034 2.121 2.17 2.095 1.902 1.76 1.621 1.982 1.88 1.758 1.616 1.475 1.327 1.885 1.712 1.541 1.42 1.309 1.649 1.506 1.386 1.287 1.119 1.543 1.638 1.485 1.097 0.928 0.738 1.453
0.6179 2.175 2.224 2.149 1.956 1.814 1.675 2.036 1.934 1.812 1.67 1.529 1.381 1.939 1.767 1.595 1.474 1.363 1.703 1.56 1.44 1.341 1.173 1.597 1.692 1.539 1.151 0.982 0.792 1.507
0.6328 2.229 2.278 2.203 2.011 1.868 1.729 2.09 1.988 1.866 1.724 1.583 1.435 1.993 1.821 1.649 1.528 1.417 1.757 1.614 1.494 1.395 1.227 1.651 1.746 1.593 1.205 1.036 0.846 1.561
0.6481 2.283 2.332 2.258 2.065 1.922 1.783 2.144 2.042 1.92 1.778 1.637 1.489 2.047 1.875 1.703 1.582 1.471 1.811 1.668 1.548 1.449 1.281 1.705 1.8 1.647 1.259 1.09 0.9 1.615
0.6637 2.337 2.386 2.312 2.119 1.976 1.837 2.198 2.096 1.974 1.832 1.691 1.543 2.101 1.929 1.757 1.636 1.525 1.865 1.722 1.603 1.503 1.335 1.759 1.854 1.701 1.314 1.144 0.954 1.669
0.6797 2.391 2.44 2.366 2.173 2.03 1.891 2.252 2.15 2.028 1.886 1.745 1.597 2.155 1.983 1.811 1.69 1.58 1.919 1.776 1.657 1.558 1.389 1.813 1.908 1.756 1.368 1.198 1.008 1.723
0.6961 2.445 2.494 2.42 2.227 2.084 1.945 2.306 2.204 2.082 1.94 1.8 1.651 2.209 2.037 1.865 1.744 1.634 1.973 1.83 1.711 1.612 1.443 1.867 1.962 1.81 1.422 1.252 1.062 1.777
0.7129 2.498 2.548 2.473 2.28 2.138 1.998 2.359 2.258 2.135 1.993 1.853 1.704 2.263 2.09 1.918 1.797 1.687 2.026 1.884 1.764 1.665 1.497 1.92 2.016 1.863 1.475 1.306 1.115 1.83
0.7301 2.549 2.599 2.524 2.331 2.188 2.049 2.41 2.308 2.186 2.044 1.904 1.755 2.313 2.141 1.969 1.848 1.738 2.077 1.935 1.815 1.716 1.547 1.971 2.066 1.914 1.526 1.356 1.166 1.881
0.7477 2.6 2.649 2.575 2.382 2.239 2.1 2.461 2.359 2.237 2.095 1.954 1.806 2.364 2.192 2.02 1.899 1.788 2.128 1.985 1.865 1.766 1.598 2.022 2.117 1.964 1.576 1.407 1.217 1.932
0.7658 2.651 2.7 2.625 2.432 2.29 2.151 2.512 2.41 2.288 2.146 2.005 1.857 2.415 2.242 2.071 1.95 1.839 2.179 2.036 1.916 1.817 1.649 2.073 2.168 2.015 1.627 1.458 1.268 1.983
0.7842 2.702 2.751 2.676 2.483 2.341 2.202 2.562 2.461 2.338 2.196 2.056 1.907 2.466 2.293 2.121 2.001 1.89 2.229 2.087 1.967 1.868 1.7 2.124 2.219 2.066 1.678 1.509 1.318 2.033
0.8032 2.752 2.802 2.727 2.534 2.392 2.252 2.613 2.512 2.389 2.247 2.107 1.958 2.517 2.344 2.172 2.051 1.941 2.28 2.138 2.018 1.919 1.751 2.174 2.27 2.117 1.729 1.56 1.369 2.084
0.8225 2.803 2.853 2.778 2.585 2.442 2.303 2.664 2.562 2.44 2.298 2.158 2.009 2.567 2.395 2.223 2.102 1.992 2.331 2.188 2.069 1.97 1.801 2.225 2.32 2.168 1.78 1.61 1.42 2.135
0.8424 2.854 2.903 2.828 2.636 2.493 2.354 2.715 2.613 2.491 2.349 2.208 2.06 2.618 2.446 2.274 2.153 2.042 2.382 2.239 2.119 2.02 1.852 2.276 2.371 2.218 1.83 1.661 1.471 2.186
0.8627 2.905 2.954 2.879 2.686 2.544 2.405 2.766 2.664 2.542 2.4 2.259 2.111 2.669 2.496 2.325 2.204 2.093 2.433 2.29 2.17 2.071 1.903 2.327 2.422 2.269 1.881 1.712 1.522 2.237
0.8835 2.955 3.005 2.93 2.737 2.595 2.456 2.816 2.715 2.592 2.45 2.31 2.161 2.72 2.547 2.375 2.255 2.144 2.483 2.341 2.221 2.122 1.954 2.378 2.473 2.32 1.932 1.763 1.572 2.287
0.9048 3.009 3.058 2.983 2.79 2.648 2.509 2.869 2.768 2.645 2.503 2.363 2.214 2.773 2.6 2.428 2.308 2.197 2.536 2.394 2.274 2.175 2.007 2.431 2.526 2.373 1.985 1.816 1.625 2.34
0.9266 3.065 3.115 3.04 2.847 2.704 2.565 2.926 2.824 2.702 2.56 2.42 2.271 2.83 2.657 2.485 2.364 2.254 2.593 2.451 2.331 2.232 2.064 2.487 2.583 2.43 2.042 1.872 1.682 2.397
0.949 3.122 3.171 3.097 2.904 2.761 2.622 2.983 2.881 2.759 2.617 2.476 2.328 2.886 2.714 2.542 2.421 2.31 2.65 2.507 2.388 2.288 2.12 2.544 2.639 2.486 2.099 1.929 1.739 2.454
0.9719 3.179 3.228 3.153 2.96 2.818 2.679 3.04 2.938 2.816 2.674 2.533 2.385 2.943 2.77 2.599 2.478 2.367 2.707 2.564 2.444 2.345 2.177 2.601 2.696 2.543 2.155 1.986 1.796 2.511
0.9953 3.235 3.285 3.21 3.017 2.875 2.735 3.096 2.995 2.872 2.73 2.59 2.441 3.0 2.827 2.655 2.535 2.424 2.763 2.621 2.501 2.402 2.234 2.658 2.753 2.6 2.212 2.043 1.852 2.567
1.0194 3.292 3.342 3.267 3.074 2.931 2.792 3.153 3.051 2.929 2.787 2.647 2.498 3.056 2.884 2.712 2.591 2.481 2.82 2.677 2.558 2.459 2.29 2.714 2.809 2.657 2.269 2.099 1.909 2.624
1.0439 3.349 3.398 3.323 3.13 2.988 2.849 3.21 3.108 2.986 2.844 2.703 2.555 3.113 2.941 2.769 2.648 2.537 2.877 2.734 2.614 2.515 2.347 2.771 2.866 2.713 2.325 2.156 1.966 2.681
1.0691 3.406 3.455 3.38 3.187 3.045 2.906 3.266 3.165 3.042 2.9 2.76 2.611 3.17 2.997 2.825 2.705 2.594 2.933 2.791 2.671 2.572 2.404 2.828 2.923 2.77 2.382 2.213 2.022 2.737
1.0949 3.462 3.512 3.437 3.244 3.101 2.962 3.323 3.222 3.099 2.957 2.817 2.668 3.227 3.054 2.882 2.761 2.651 2.99 2.848 2.728 2.629 2.461 2.884 2.98 2.827 2.439 2.269 2.079 2.794
1.1213 3.519 3.568 3.494 3.301 3.158 3.019 3.38 3.278 3.156 3.014 2.873 2.725 3.283 3.111 2.939 2.818 2.707 3.047 2.904 2.785 2.686 2.517 2.941 3.036 2.883 2.496 2.326 2.136 2.851
1.1484 3.576 3.626 3.551 3.358 3.216 3.077 3.437 3.336 3.213 3.071 2.931 2.782 3.341 3.168 2.996 2.876 2.765 3.104 2.962 2.842 2.743 2.575 2.999 3.094 2.941 2.553 2.384 2.193 2.908
1.1761 3.635 3.684 3.609 3.416 3.274 3.135 3.495 3.394 3.271 3.129 2.989 2.84 3.399 3.226 3.054 2.934 2.823 3.162 3.02 2.9 2.801 2.633 3.057 3.152 2.999 2.611 2.442 2.251 2.966
1.2044 3.693 3.742 3.667 3.474 3.332 3.193 3.554 3.452 3.329 3.188 3.047 2.899 3.457 3.284 3.112 2.992 2.881 3.221 3.078 2.958 2.859 2.691 3.115 3.21 3.057 2.669 2.5 2.31 3.025
1.2335 3.751 3.8 3.725 3.532 3.39 3.251 3.612 3.51 3.388 3.246 3.105 2.957 3.515 3.342 3.171 3.05 2.939 3.279 3.136 3.016 2.917 2.749 3.173 3.268 3.115 2.727 2.558 2.368 3.083
1.2633 3.809 3.858 3.783 3.59 3.448 3.309 3.67 3.568 3.446 3.304 3.163 3.015 3.573 3.401 3.229 3.108 2.997 3.337 3.194 3.074 2.975 2.807 3.231 3.326 3.173 2.785 2.616 2.426 3.141
1.2937 3.867 3.916 3.842 3.649 3.506 3.367 3.728 3.626 3.504 3.362 3.221 3.073 3.631 3.459 3.287 3.166 3.055 3.395 3.252 3.133 3.033 2.865 3.289 3.384 3.231 2.844 2.674 2.484 3.199
1.3249 3.925 3.975 3.9 3.707 3.564 3.425 3.786 3.684 3.562 3.42 3.28 3.131 3.689 3.517 3.345 3.224 3.114 3.453 3.31 3.191 3.092 2.923 3.347 3.442 3.29 2.902 2.732 2.542 3.257
1.3569 3.983 4.033 3.958 3.765 3.622 3.483 3.844 3.742 3.62 3.478 3.338 3.189 3.747 3.575 3.403 3.282 3.172 3.511 3.369 3.249 3.15 2.981 3.405 3.5 3.348 2.96 2.79 2.6 3.315
1.3896 4.041 4.091 4.016 3.823 3.681 3.541 3.902 3.801 3.678 3.536 3.396 3.247 3.806 3.633 3.461 3.34 3.23 3.569 3.427 3.307 3.208 3.04 3.463 3.559 3.406 3.018 2.849 2.658 3.373
1.4232 4.099 4.149 4.074 3.881 3.739 3.6 3.96 3.859 3.736 3.594 3.454 3.305 3.864 3.691 3.519 3.399 3.288 3.627 3.485 3.365 3.266 3.098 3.522 3.617 3.464 3.076 2.907 2.716 3.431
1.4575 4.159 4.209 4.134 3.941 3.798 3.659 4.02 3.918 3.796 3.654 3.514 3.365 3.923 3.751 3.579 3.458 3.348 3.687 3.544 3.425 3.326 3.157 3.581 3.676 3.524 3.136 2.966 2.776 3.491
1.4927 4.22 4.269 4.194 4.001 3.859 3.72 4.081 3.979 3.856 3.715 3.574 3.426 3.984 3.811 3.639 3.519 3.408 3.748 3.605 3.485 3.386 3.218 3.642 3.737 3.584 3.196 3.027 2.837 3.552
1.5287 4.28 4.33 4.255 4.062 3.919 3.78 4.141 4.039 3.917 3.775 3.635 3.486 4.044 3.872 3.7 3.579 3.469 3.808 3.666 3.546 3.447 3.278 3.702 3.797 3.645 3.257 3.087 2.897 3.612
1.5655 4.341 4.39 4.315 4.122 3.98 3.841 4.202 4.1 3.977 3.836 3.695 3.547 4.105 3.932 3.761 3.64 3.529 3.869 3.726 3.606 3.507 3.339 3.763 3.858 3.705 3.317 3.148 2.958 3.673
1.6033 4.401 4.451 4.376 4.183 4.04 3.901 4.262 4.16 4.038 3.896 3.756 3.607 4.165 3.993 3.821 3.7 3.59 3.929 3.787 3.667 3.568 3.399 3.823 3.918 3.766 3.378 3.208 3.018 3.733
1.642 4.462 4.511 4.436 4.243 4.101 3.962 4.323 4.221 4.099 3.957 3.816 3.668 4.226 4.053 3.882 3.761 3.65 3.99 3.847 3.727 3.628 3.46 3.884 3.979 3.826 3.438 3.269 3.079 3.794
1.6816 4.522 4.572 4.497 4.304 4.161 4.022 4.383 4.281 4.159 4.017 3.877 3.728 4.287 4.114 3.942 3.821 3.711 4.05 3.908 3.788 3.689 3.52 3.944 4.04 3.887 3.499 3.329 3.139 3.854
1.7222 4.583 4.632 4.557 4.364 4.222 4.083 4.444 4.342 4.22 4.078 3.937 3.789 4.347 4.174 4.003 3.882 3.771 4.111 3.968 3.848 3.749 3.581 4.005 4.1 3.947 3.559 3.39 3.2 3.915
1.7637 4.643 4.693 4.618 4.425 4.282 4.143 4.504 4.403 4.28 4.138 3.998 3.849 4.408 4.235 4.063 3.942 3.832 4.171 4.029 3.909 3.81 3.642 4.065 4.161 4.008 3.62 3.45 3.26 3.975
1.8062 4.704 4.753 4.678 4.485 4.343 4.204 4.565 4.463 4.341 4.199 4.058 3.91 4.468 4.295 4.124 4.003 3.892 4.232 4.089 3.969 3.87 3.702 4.126 4.221 4.068 3.68 3.511 3.321 4.036
1.8498 4.763 4.812 4.737 4.544 4.402 4.263 4.623 4.522 4.399 4.257 4.117 3.968 4.527 4.354 4.182 4.062 3.951 4.29 4.148 4.028 3.929 3.761 4.185 4.28 4.127 3.739 3.57 3.379 4.094
1.8944 4.821 4.87 4.795 4.602 4.46 4.321 4.682 4.58 4.458 4.316 4.175 4.027 4.585 4.413 4.241 4.12 4.009 4.349 4.206 4.086 3.987 3.819 4.243 4.338 4.185 3.797 3.628 3.438 4.153
1.9401 4.879 4.929 4.854 4.661 4.518 4.379 4.74 4.638 4.516 4.374 4.234 4.085 4.643 4.471 4.299 4.178 4.068 4.407 4.265 4.145 4.046 3.877 4.301 4.396 4.244 3.856 3.686 3.496 4.211
1.9869 4.937 4.987 4.912 4.719 4.577 4.438 4.798 4.697 4.574 4.432 4.292 4.143 4.702 4.529 4.357 4.237 4.126 4.465 4.323 4.203 4.104 3.936 4.36 4.455 4.302 3.914 3.745 3.554 4.269
2.0349 4.996 5.045 4.97 4.777 4.635 4.496 4.857 4.755 4.633 4.491 4.35 4.202 4.76 4.587 4.416 4.295 4.184 4.524 4.381 4.261 4.162 3.994 4.418 4.513 4.36 3.972 3.803 3.613 4.328
2.084 5.054 5.104 5.029 4.836 4.693 4.554 4.915 4.813 4.691 4.549 4.409 4.26 4.818 4.646 4.474 4.353 4.243 4.582 4.439 4.32 4.221 4.052 4.476 4.571 4.419 4.031 3.861 3.671 4.386
2.1342 5.112 5.162 5.087 4.894 4.752 4.613 4.973 4.872 4.749 4.607 4.467 4.318 4.877 4.704 4.532 4.412 4.301 4.64 4.498 4.378 4.279 4.111 4.535 4.63 4.477 4.089 3.92 3.729 4.444
2.1857 5.171 5.22 5.145 4.952 4.81 4.671 5.032 4.93 4.808 4.666 4.525 4.377 4.935 4.762 4.591 4.47 4.359 4.699 4.556 4.436 4.337 4.169 4.593 4.688 4.535 4.147 3.978 3.788 4.503
2.2384 5.229 5.278 5.204 5.011 4.868 4.729 5.09 4.988 4.866 4.724 4.584 4.435 4.993 4.821 4.649 4.528 4.418 4.757 4.614 4.495 4.396 4.227 4.651 4.746 4.594 4.206 4.036 3.846 4.561
2.2924 5.287 5.337 5.262 5.069 4.927 4.787 5.148 5.047 4.924 4.782 4.642 4.493 5.052 4.879 4.707 4.587 4.476 4.815 4.673 4.553 4.454 4.286 4.709 4.805 4.652 4.264 4.095 3.904 4.619
2.3477 5.341 5.391 5.316 5.123 4.981 4.842 5.202 5.101 4.978 4.836 4.696 4.547 5.106 4.933 4.761 4.641 4.53 4.869 4.727 4.607 4.508 4.34 4.764 4.859 4.706 4.318 4.149 3.958 4.673
2.4044 5.395 5.445 5.37 5.177 5.034 4.895 5.256 5.155 5.032 4.89 4.75 4.601 5.16 4.987 4.815 4.694 4.584 4.923 4.781 4.661 4.562 4.394 4.817 4.913 4.76 4.372 4.202 4.012 4.727
2.4624 5.449 5.499 5.424 5.231 5.088 4.949 5.31 5.208 5.086 4.944 4.804 4.655 5.213 5.041 4.869 4.748 4.638 4.977 4.834 4.715 4.616 4.447 4.871 4.966 4.814 4.426 4.256 4.066 4.781
2.5218 5.503 5.552 5.478 5.285 5.142 5.003 5.364 5.262 5.14 4.998 4.857 4.709 5.267 5.095 4.923 4.802 4.691 5.031 4.888 4.769 4.669 4.501 4.925 5.02 4.867 4.48 4.31 4.12 4.835
2.5826 5.557 5.606 5.531 5.338 5.196 5.057 5.418 5.316 5.194 5.052 4.911 4.763 5.321 5.148 4.977 4.856 4.745 5.085 4.942 4.822 4.723 4.555 4.979 5.074 4.921 4.533 4.364 4.174 4.889
2.6449 5.611 5.66 5.585 5.392 5.25 5.111 5.472 5.37 5.247 5.106 4.965 4.817 5.375 5.202 5.03 4.91 4.799 5.139 4.996 4.876 4.777 4.609 5.033 5.128 4.975 4.587 4.418 4.228 4.943
2.7087 5.664 5.714 5.639 5.446 5.304 5.165 5.525 5.424 5.301 5.159 5.019 4.87 5.429 5.256 5.084 4.964 4.853 5.192 5.05 4.93 4.831 4.663 5.087 5.182 5.029 4.641 4.472 4.281 4.996
2.7741 5.718 5.768 5.693 5.5 5.358 5.218 5.579 5.478 5.355 5.213 5.073 4.924 5.483 5.31 5.138 5.017 4.907 5.246 5.104 4.984 4.885 4.717 5.14 5.236 5.083 4.695 4.526 4.335 5.05
2.841 5.772 5.822 5.747 5.554 5.411 5.272 5.633 5.531 5.409 5.267 5.127 4.978 5.536 5.364 5.192 5.071 4.961 5.3 5.158 5.038 4.939 4.77 5.194 5.289 5.137 4.749 4.579 4.389 5.104
2.9095 5.826 5.876 5.801 5.608 5.465 5.326 5.687 5.585 5.463 5.321 5.181 5.032 5.59 5.418 5.246 5.125 5.015 5.354 5.211 5.092 4.993 4.824 5.248 5.343 5.191 4.803 4.633 4.443 5.158
2.9797 5.881 5.93 5.855 5.662 5.52 5.381 5.741 5.64 5.517 5.375 5.235 5.086 5.645 5.472 5.3 5.18 5.069 5.408 5.266 5.146 5.047 4.879 5.303 5.398 5.245 4.857 4.688 4.497 5.212
3.0516 5.935 5.984 5.91 5.717 5.574 5.435 5.796 5.694 5.572 5.43 5.289 5.141 5.699 5.527 5.355 5.234 5.123 5.463 5.32 5.201 5.102 4.933 5.357 5.452 5.299 4.912 4.742 4.552 5.267
3.1252 5.989 6.039 5.964 5.771 5.629 5.49 5.85 5.749 5.626 5.484 5.344 5.195 5.754 5.581 5.409 5.289 5.178 5.517 5.375 5.255 5.156 4.988 5.412 5.507 5.354 4.966 4.797 4.606 5.321
3.2006 6.044 6.093 6.018 5.826 5.683 5.544 5.905 5.803 5.681 5.539 5.398 5.25 5.808 5.636 5.464 5.343 5.232 5.572 5.429 5.309 5.21 5.042 5.466 5.561 5.408 5.02 4.851 4.661 5.376
3.2778 6.098 6.148 6.073 5.88 5.738 5.598 5.959 5.858 5.735 5.593 5.453 5.304 5.863 5.69 5.518 5.397 5.287 5.626 5.484 5.364 5.265 5.097 5.52 5.616 5.463 5.075 4.906 4.715 5.43
3.3569 6.153 6.202 6.127 5.934 5.792 5.653 6.014 5.912 5.79 5.648 5.507 5.359 5.917 5.744 5.573 5.452 5.341 5.681 5.538 5.418 5.319 5.151 5.575 5.67 5.517 5.129 4.96 4.77 5.485
3.4378 6.207 6.257 6.182 5.989 5.846 5.707 6.068 5.966 5.844 5.702 5.562 5.413 5.971 5.799 5.627 5.506 5.396 5.735 5.593 5.473 5.374 5.205 5.629 5.725 5.572 5.184 5.014 4.824 5.539
3.5208 6.262 6.311 6.236 6.043 5.901 5.762 6.123 6.021 5.898 5.757 5.616 5.468 6.026 5.853 5.682 5.561 5.45 5.79 5.647 5.527 5.428 5.26 5.684 5.779 5.626 5.238 5.069 4.879 5.594
3.6057 6.316 6.366 6.291 6.098 5.955 5.816 6.177 6.075 5.953 5.811 5.671 5.522 6.08 5.908 5.736 5.615 5.505 5.844 5.701 5.582 5.483 5.314 5.738 5.833 5.681 5.293 5.123 4.933 5.648
3.6927 6.37 6.419 6.344 6.152 6.009 5.87 6.231 6.129 6.007 5.865 5.724 5.576 6.134 5.962 5.79 5.669 5.558 5.898 5.755 5.635 5.536 5.368 5.792 5.887 5.734 5.346 5.177 4.987 5.702
3.7818 6.421 6.471 6.396 6.203 6.061 5.922 6.282 6.181 6.058 5.916 5.776 5.627 6.186 6.013 5.841 5.721 5.61 5.949 5.807 5.687 5.588 5.42 5.844 5.939 5.786 5.398 5.229 5.038 5.753
3.873 6.473 6.523 6.448 6.255 6.112 5.973 6.334 6.232 6.11 5.968 5.828 5.679 6.237 6.065 5.893 5.772 5.662 6.001 5.858 5.739 5.64 5.471 5.895 5.99 5.838 5.45 5.28 5.09 5.805
3.9664 6.525 6.574 6.499 6.306 6.164 6.025 6.386 6.284 6.162 6.02 5.879 5.731 6.289 6.116 5.945 5.824 5.713 6.053 5.91 5.79 5.691 5.523 5.947 6.042 5.889 5.501 5.332 5.142 5.857
4.0621 6.576 6.626 6.551 6.358 6.216 6.076 6.437 6.336 6.213 6.071 5.931 5.782 6.341 6.168 5.996 5.876 5.765 6.104 5.962 5.842 5.743 5.575 5.998 6.094 5.941 5.553 5.384 5.193 5.908
4.1601 6.628 6.677 6.603 6.41 6.267 6.128 6.489 6.387 6.265 6.123 5.982 5.834 6.392 6.22 6.048 5.927 5.816 6.156 6.013 5.894 5.795 5.626 6.05 6.145 5.992 5.605 5.435 5.245 5.96
4.2604 6.68 6.729 6.654 6.461 6.319 6.18 6.541 6.439 6.316 6.175 6.034 5.885 6.444 6.271 6.099 5.979 5.868 6.208 6.065 5.945 5.846 5.678 6.102 6.197 6.044 5.656 5.487 5.296 6.011
4.3632 6.731 6.781 6.706 6.513 6.37 6.231 6.592 6.49 6.368 6.226 6.086 5.937 6.495 6.323 6.151 6.03 5.92 6.259 6.117 5.997 5.898 5.729 6.153 6.249 6.096 5.708 5.538 5.348 6.063
4.4685 6.783 6.832 6.757 6.564 6.422 6.283 6.644 6.542 6.42 6.278 6.137 5.989 6.547 6.375 6.203 6.082 5.971 6.311 6.168 6.048 5.949 5.781 6.205 6.3 6.147 5.759 5.59 5.4 6.115
4.5763 6.834 6.884 6.809 6.616 6.474 6.335 6.695 6.594 6.471 6.329 6.189 6.04 6.599 6.426 6.254 6.134 6.023 6.362 6.22 6.1 6.001 5.833 6.257 6.352 6.199 5.811 5.642 5.451 6.166
4.6867 6.885 6.935 6.86 6.667 6.524 6.385 6.746 6.644 6.522 6.38 6.24 6.091 6.65 6.477 6.305 6.184 6.074 6.413 6.271 6.151 6.052 5.883 6.307 6.403 6.25 5.862 5.692 5.502 6.217
4.7997 6.935 6.984 6.909 6.716 6.574 6.435 6.796 6.694 6.571 6.43 6.289 6.14 6.699 6.526 6.354 6.234 6.123 6.463 6.32 6.2 6.101 5.933 6.357 6.452 6.299 5.911 5.742 5.551 6.266
4.9155 6.984 7.033 6.959 6.766 6.623 6.484 6.845 6.743 6.621 6.479 6.338 6.19 6.748 6.576 6.404 6.283 6.172 6.512 6.369 6.25 6.151 5.982 6.406 6.501 6.348 5.961 5.791 5.601 6.316
5.0341 7.033 7.083 7.008 6.815 6.673 6.533 6.894 6.793 6.67 6.528 6.388 6.239 6.798 6.625 6.453 6.333 6.222 6.561 6.419 6.299 6.2 6.032 6.455 6.551 6.398 6.01 5.841 5.65 6.365
5.1555 7.083 7.132 7.057 6.864 6.722 6.583 6.944 6.842 6.72 6.578 6.437 6.289 6.847 6.674 6.503 6.382 6.271 6.611 6.468 6.348 6.249 6.081 6.505 6.6 6.447 6.059 5.89 5.7 6.415
5.2799 7.132 7.182 7.107 6.914 6.771 6.632 6.993 6.891 6.769 6.627 6.487 6.338 6.896 6.724 6.552 6.431 6.321 6.66 6.517 6.398 6.299 6.13 6.554 6.649 6.497 6.109 5.939 5.749 6.464
5.4072 7.181 7.231 7.156 6.963 6.821 6.682 7.042 6.941 6.818 6.676 6.536 6.387 6.946 6.773 6.601 6.481 6.37 6.709 6.567 6.447 6.348 6.18 6.604 6.699 6.546 6.158 5.989 5.798 6.513
5.5377 7.231 7.28 7.205 7.012 6.87 6.731 7.092 6.99 6.868 6.726 6.585 6.437 6.995 6.823 6.651 6.53 6.419 6.759 6.616 6.496 6.397 6.229 6.653 6.748 6.595 6.207 6.038 5.848 6.563
5.6713 7.28 7.33 7.255 7.062 6.919 6.78 7.141 7.039 6.917 6.775 6.635 6.486 7.045 6.872 6.7 6.579 6.469 6.808 6.666 6.546 6.447 6.278 6.702 6.798 6.645 6.257 6.087 5.897 6.612
5.8081 7.33 7.379 7.304 7.111 6.969 6.83 7.191 7.089 6.966 6.825 6.684 6.536 7.094 6.921 6.749 6.629 6.518 6.858 6.715 6.595 6.496 6.328 6.752 6.847 6.694 6.306 6.137 5.946 6.661
5.9482 7.379 7.429 7.354 7.161 7.019 6.879 7.24 7.139 7.016 6.874 6.734 6.585 7.144 6.971 6.799 6.678 6.568 6.907 6.765 6.645 6.546 6.378 6.801 6.897 6.744 6.356 6.187 5.996 6.711
6.0917 7.429 7.479 7.404 7.211 7.069 6.929 7.29 7.189 7.066 6.924 6.784 6.635 7.194 7.021 6.849 6.728 6.618 6.957 6.815 6.695 6.596 6.428 6.851 6.947 6.794 6.406 6.237 6.046 6.761
6.2386 7.479 7.529 7.454 7.261 7.119 6.979 7.34 7.239 7.116 6.974 6.834 6.685 7.244 7.071 6.899 6.778 6.668 7.007 6.865 6.745 6.646 6.478 6.901 6.997 6.844 6.456 6.287 6.096 6.811
6.3891 7.529 7.579 7.504 7.311 7.169 7.029 7.39 7.289 7.166 7.024 6.884 6.735 7.294 7.121 6.949 6.828 6.718 7.057 6.915 6.795 6.696 6.528 6.951 7.047 6.894 6.506 6.337 6.146 6.861
6.5433 7.579 7.629 7.554 7.361 7.219 7.079 7.44 7.339 7.216 7.074 6.934 6.785 7.344 7.171 6.999 6.878 6.768 7.107 6.965 6.845 6.746 6.578 7.001 7.097 6.944 6.556 6.387 6.196 6.911
6.7011 7.629 7.679 7.604 7.411 7.269 7.129 7.49 7.389 7.266 7.124 6.984 6.835 7.394 7.221 7.049 6.929 6.818 7.157 7.015 6.895 6.796 6.628 7.051 7.147 6.994 6.606 6.437 6.246 6.961
6.8627 7.679 7.729 7.654 7.461 7.319 7.179 7.54 7.439 7.316 7.174 7.034 6.885 7.444 7.271 7.099 6.979 6.868 7.207 7.065 6.945 6.846 6.678 7.101 7.197 7.044 6.656 6.487 6.296 7.011
7.0283 7.729 7.779 7.704 7.511 7.369 7.229 7.59 7.489 7.366 7.224 7.084 6.935 7.494 7.321 7.149 7.029 6.918 7.257 7.115 6.995 6.896 6.728 7.151 7.247 7.094 6.706 6.537 6.346 7.061
7.1978 7.779 7.829 7.754 7.561 7.419 7.279 7.64 7.539 7.416 7.274 7.134 6.985 7.544 7.371 7.199 7.079 6.968 7.307 7.165 7.045 6.946 6.778 7.201 7.297 7.144 6.756 6.587 6.396 7.111
7.3715 7.829 7.879 7.804 7.611 7.469 7.329 7.69 7.589 7.466 7.324 7.184 7.035 7.594 7.421 7.249 7.129 7.018 7.357 7.215 7.095 6.996 6.828 7.251 7.347 7.194 6.806 6.637 6.446 7.161
7.5493 7.877 7.927 7.852 7.659 7.516 7.377 7.738 7.636 7.514 7.372 7.232 7.083 7.642 7.469 7.297 7.176 7.066 7.405 7.263 7.143 7.044 6.875 7.299 7.395 7.242 6.854 6.684 6.494 7.209
7.7314 7.924 7.973 7.899 7.706 7.563 7.424 7.785 7.683 7.561 7.419 7.278 7.13 7.688 7.516 7.344 7.223 7.112 7.452 7.309 7.19 7.091 6.922 7.346 7.441 7.289 6.901 6.731 6.541 7.256
7.9179 7.971 8.02 7.945 7.752 7.61 7.471 7.832 7.73 7.608 7.466 7.325 7.177 7.735 7.562 7.391 7.27 7.159 7.499 7.356 7.236 7.137 6.969 7.393 7.488 7.335 6.947 6.778 6.588 7.303
8.1089 8.018 8.067 7.992 7.799 7.657 7.518 7.878 7.777 7.654 7.512 7.372 7.223 7.782 7.609 7.437 7.317 7.206 7.545 7.403 7.283 7.184 7.016 7.44 7.535 7.382 6.994 6.825 6.634 7.349
8.3045 8.064 8.114 8.039 7.846 7.704 7.564 7.925 7.824 7.701 7.559 7.419 7.27 7.829 7.656 7.484 7.363 7.253 7.592 7.45 7.33 7.231 7.063 7.486 7.582 7.429 7.041 6.872 6.681 7.396
8.5049 8.111 8.16 8.086 7.893 7.75 7.611 7.972 7.87 7.748 7.606 7.466 7.317 7.875 7.703 7.531 7.41 7.3 7.639 7.496 7.377 7.278 7.109 7.533 7.628 7.476 7.088 6.918 6.728 7.443
8.71 8.158 8.207 8.132 7.939 7.797 7.658 8.019 7.917 7.795 7.653 7.512 7.364 7.922 7.75 7.578 7.457 7.346 7.686 7.543 7.423 7.324 7.156 7.58 7.675 7.522 7.134 6.965 6.775 7.49
8.9201 8.205 8.254 8.179 7.986 7.844 7.705 8.065 7.964 7.841 7.7 7.559 7.41 7.969 7.796 7.624 7.504 7.393 7.733 7.59 7.47 7.371 7.203 7.627 7.722 7.569 7.181 7.012 6.821 7.536
9.1353 8.251 8.301 8.226 8.033 7.891 7.751 8.112 8.011 7.888 7.746 7.606 7.457 8.016 7.843 7.671 7.551 7.44 7.779 7.637 7.517 7.418 7.25 7.673 7.769 7.616 7.228 7.059 6.868 7.583
9.3557 8.298 8.348 8.273 8.08 7.937 7.798 8.159 8.057 7.935 7.793 7.653 7.504 8.062 7.89 7.718 7.597 7.487 7.826 7.683 7.564 7.465 7.296 7.72 7.815 7.663 7.275 7.105 6.915 7.63
9.5814 8.344 8.394 8.319 8.126 7.983 7.844 8.205 8.103 7.981 7.839 7.699 7.55 8.109 7.936 7.764 7.643 7.533 7.872 7.73 7.61 7.511 7.342 7.766 7.862 7.709 7.321 7.151 6.961 7.676
9.8125 8.39 8.44 8.365 8.172 8.029 7.89 8.251 8.149 8.027 7.885 7.745 7.596 8.154 7.982 7.81 7.689 7.579 7.918 7.776 7.656 7.557 7.388 7.812 7.907 7.755 7.367 7.197 7.007 7.722
10.0492 8.436 8.486 8.411 8.218 8.075 7.936 8.297 8.195 8.073 7.931 7.791 7.642 8.2 8.028 7.856 7.735 7.625 7.964 7.822 7.702 7.603 7.434 7.858 7.953 7.801 7.413 7.243 7.053 7.768
10.2917 8.482 8.532 8.457 8.264 8.121 7.982 8.343 8.241 8.119 7.977 7.837 7.688 8.246 8.074 7.902 7.781 7.671 8.01 7.867 7.748 7.649 7.48 7.904 7.999 7.847 7.459 7.289 7.099 7.814
10.5399 8.528 8.577 8.503 8.31 8.167 8.028 8.389 8.287 8.165 8.023 7.883 7.734 8.292 8.12 7.948 7.827 7.717 8.056 7.913 7.794 7.695 7.526 7.95 8.045 7.893 7.505 7.335 7.145 7.86
10.7942 8.574 8.623 8.549 8.356 8.213 8.074 8.435 8.333 8.211 8.069 7.928 7.78 8.338 8.166 7.994 7.873 7.762 8.102 7.959 7.84 7.741 7.572 7.996 8.091 7.939 7.551 7.381 7.191 7.906
11.0546 8.62 8.669 8.595 8.402 8.259 8.12 8.481 8.379 8.257 8.115 7.974 7.826 8.384 8.212 8.04 7.919 7.808 8.148 8.005 7.885 7.786 7.618 8.042 8.137 7.984 7.596 7.427 7.237 7.952
11.3212 8.666 8.715 8.64 8.448 8.305 8.166 8.527 8.425 8.303 8.161 8.02 7.872 8.43 8.258 8.086 7.965 7.854 8.194 8.051 7.931 7.832 7.664 8.088 8.183 8.03 7.642 7.473 7.283 7.998
11.5943 8.712 8.761 8.686 8.493 8.351 8.212 8.573 8.471 8.349 8.207 8.066 7.918 8.476 8.304 8.132 8.011 7.9 8.24 8.097 7.977 7.878 7.71 8.134 8.229 8.076 7.688 7.519 7.329 8.044
11.874 8.758 8.807 8.732 8.539 8.397 8.258 8.619 8.517 8.395 8.253 8.112 7.964 8.522 8.349 8.178 8.057 7.946 8.286 8.143 8.023 7.924 7.756 8.18 8.275 8.122 7.734 7.565 7.375 8.09
12.1605 8.801 8.85 8.775 8.582 8.44 8.301 8.662 8.56 8.438 8.296 8.155 8.007 8.565 8.392 8.221 8.1 7.989 8.329 8.186 8.066 7.967 7.799 8.223 8.318 8.165 7.777 7.608 7.418 8.133
12.4538 8.843 8.893 8.818 8.625 8.483 8.344 8.704 8.603 8.48 8.338 8.198 8.049 8.608 8.435 8.263 8.143 8.032 8.371 8.229 8.109 8.01 7.842 8.266 8.361 8.208 7.82 7.651 7.46 8.175
12.7542 8.886 8.936 8.861 8.668 8.525 8.386 8.747 8.645 8.523 8.381 8.241 8.092 8.65 8.478 8.306 8.185 8.075 8.414 8.272 8.152 8.053 7.884 8.308 8.404 8.251 7.863 7.693 7.503 8.218
13.0619 8.929 8.978 8.904 8.711 8.568 8.429 8.79 8.688 8.566 8.424 8.283 8.135 8.693 8.521 8.349 8.228 8.117 8.457 8.314 8.195 8.095 7.927 8.351 8.446 8.293 7.906 7.736 7.546 8.261
13.377 8.972 9.021 8.946 8.753 8.611 8.472 8.833 8.731 8.609 8.467 8.326 8.178 8.736 8.563 8.392 8.271 8.16 8.5 8.357 8.237 8.138 7.97 8.394 8.489 8.336 7.948 7.779 7.589 8.304
13.6997 9.014 9.064 8.989 8.796 8.654 8.515 8.875 8.774 8.651 8.509 8.369 8.22 8.779 8.606 8.434 8.314 8.203 8.542 8.4 8.28 8.181 8.013 8.437 8.532 8.379 7.991 7.822 7.631 8.346
14.0302 9.057 9.107 9.032 8.839 8.696 8.557 8.918 8.816 8.694 8.552 8.412 8.263 8.822 8.649 8.477 8.356 8.246 8.585 8.443 8.323 8.224 8.056 8.479 8.575 8.422 8.034 7.864 7.674 8.389
14.3686 9.1 9.149 9.075 8.882 8.739 8.6 8.961 8.859 8.737 8.595 8.454 8.306 8.864 8.692 8.52 8.399 8.289 8.628 8.485 8.366 8.267 8.098 8.522 8.617 8.465 8.077 7.907 7.717 8.432
14.7153 9.143 9.192 9.117 8.924 8.782 8.643 9.004 8.902 8.78 8.638 8.497 8.349 8.907 8.734 8.563 8.442 8.331 8.671 8.528 8.408 8.309 8.141 8.565 8.66 8.507 8.119 7.95 7.76 8.475
15.0702 9.186 9.235 9.16 8.967 8.825 8.686 9.047 8.945 8.823 8.681 8.54 8.392 8.95 8.777 8.606 8.485 8.374 8.714 8.571 8.451 8.352 8.184 8.608 8.703 8.55 8.162 7.993 7.803 8.518
15.4338 9.231 9.28 9.205 9.012 8.87 8.731 9.091 8.99 8.867 8.726 8.585 8.436 8.995 8.822 8.65 8.53 8.419 8.759 8.616 8.496 8.397 8.229 8.653 8.748 8.595 8.207 8.038 7.847 8.562
15.8061 9.275 9.325 9.25 9.057 8.915 8.776 9.136 9.035 8.912 8.77 8.63 8.481 9.04 8.867 8.695 8.575 8.464 8.803 8.661 8.541 8.442 8.274 8.698 8.793 8.64 8.252 8.083 7.892 8.607
16.1874 9.32 9.37 9.295 9.102 8.96 8.82 9.181 9.08 8.957 8.815 8.675 8.526 9.085 8.912 8.74 8.619 8.509 8.848 8.706 8.586 8.487 8.319 8.742 8.838 8.685 8.297 8.128 7.937 8.652
16.5779 9.365 9.415 9.34 9.147 9.004 8.865 9.226 9.124 9.002 8.86 8.72 8.571 9.129 8.957 8.785 8.664 8.554 8.893 8.751 8.631 8.532 8.363 8.787 8.882 8.73 8.342 8.172 7.982 8.697
16.9778 9.41 9.459 9.385 9.192 9.049 8.91 9.271 9.169 9.047 8.905 8.764 8.616 9.174 9.002 8.83 8.709 8.599 8.938 8.795 8.676 8.577 8.408 8.832 8.927 8.775 8.387 8.217 8.027 8.742
17.3873 9.455 9.504 9.429 9.236 9.094 8.955 9.316 9.214 9.092 8.95 8.809 8.661 9.219 9.047 8.875 8.754 8.643 8.983 8.84 8.72 8.621 8.453 8.877 8.972 8.819 8.431 8.262 8.072 8.787
17.8068 9.5 9.549 9.474 9.281 9.139 9.0 9.361 9.259 9.137 8.995 8.854 8.706 9.264 9.091 8.92 8.799 8.688 9.028 8.885 8.765 8.666 8.498 8.922 9.017 8.864 8.476 8.307 8.117 8.832
18.2363 9.545 9.594 9.519 9.326 9.184 9.045 9.405 9.304 9.181 9.04 8.899 8.75 9.309 9.136 8.964 8.844 8.733 9.073 8.93 8.81 8.711 8.543 8.967 9.062 8.909 8.521 8.352 8.161 8.876
18.6762 9.589 9.639 9.564 9.371 9.229 9.09 9.45 9.349 9.226 9.084 8.944 8.795 9.354 9.181 9.009 8.889 8.778 9.117 8.975 8.855 8.756 8.588 9.012 9.107 8.954 8.566 8.397 8.206 8.921
19.1268 9.633 9.683 9.608 9.415 9.273 9.133 9.494 9.393 9.27 9.128 8.988 8.839 9.398 9.225 9.053 8.933 8.822 9.161 9.019 8.899 8.8 8.632 9.055 9.151 8.998 8.61 8.441 8.25 8.965
19.5882 9.674 9.724 9.649 9.456 9.314 9.174 9.535 9.434 9.311 9.169 9.029 8.88 9.439 9.266 9.094 8.974 8.863 9.202 9.06 8.94 8.841 8.673 9.096 9.192 9.039 8.651 8.482 8.291 9.006
20.0607 9.715 9.765 9.69 9.497 9.355 9.215 9.576 9.475 9.352 9.21 9.07 8.921 9.48 9.307 9.135 9.015 8.904 9.243 9.101 8.981 8.882 8.714 9.137 9.233 9.08 8.692 8.523 8.332 9.047
20.5446 9.756 9.806 9.731 9.538 9.396 9.256 9.617 9.516 9.393 9.251 9.111 8.962 9.521 9.348 9.176 9.056 8.945 9.284 9.142 9.022 8.923 8.755 9.178 9.274 9.121 8.733 8.564 8.373 9.088
21.0402 9.797 9.847 9.772 9.579 9.437 9.297 9.658 9.557 9.434 9.292 9.152 9.003 9.562 9.389 9.217 9.097 8.986 9.325 9.183 9.063 8.964 8.796 9.22 9.315 9.162 8.774 8.605 8.414 9.129
21.5478 9.838 9.888 9.813 9.62 9.478 9.338 9.699 9.598 9.475 9.333 9.193 9.044 9.603 9.43 9.258 9.138 9.027 9.366 9.224 9.104 9.005 8.837 9.261 9.356 9.203 8.815 8.646 8.455 9.17
22.0676 9.879 9.929 9.854 9.661 9.519 9.38 9.74 9.639 9.516 9.374 9.234 9.085 9.644 9.471 9.299 9.179 9.068 9.407 9.265 9.145 9.046 8.878 9.302 9.397 9.244 8.856 8.687 8.496 9.211
22.5999 9.92 9.97 9.895 9.702 9.56 9.421 9.781 9.68 9.557 9.415 9.275 9.126 9.685 9.512 9.34 9.22 9.109 9.448 9.306 9.186 9.087 8.919 9.343 9.438 9.285 8.897 8.728 8.537 9.252
23.1451 9.961 10.011 9.936 9.743 9.601 9.462 9.822 9.721 9.598 9.456 9.316 9.167 9.726 9.553 9.381 9.261 9.15 9.489 9.347 9.227 9.128 8.96 9.384 9.479 9.326 8.938 8.769 8.578 9.293
23.7034 10.002 10.052 9.977 9.784 9.642 9.503 9.863 9.762 9.639 9.497 9.357 9.208 9.767 9.594 9.422 9.302 9.191 9.53 9.388 9.268 9.169 9.001 9.425 9.52 9.367 8.979 8.81 8.619 9.334
24.2752 10.042 10.092 10.017 9.824 9.682 9.543 9.903 9.802 9.679 9.537 9.397 9.248 9.807 9.634 9.462 9.342 9.231 9.57 9.428 9.308 9.209 9.041 9.465 9.56 9.407 9.019 8.85 8.659 9.374
24.8608 10.081 10.13 10.055 9.863 9.72 9.581 9.942 9.84 9.718 9.576 9.435 9.287 9.845 9.673 9.501 9.38 9.269 9.609 9.466 9.346 9.247 9.079 9.503 9.598 9.445 9.057 8.888 8.698 9.413
25.4606 10.119 10.169 10.094 9.901 9.759 9.619 9.98 9.879 9.756 9.614 9.474 9.325 9.884 9.711 9.539 9.418 9.308 9.647 9.505 9.385 9.286 9.118 9.541 9.637 9.484 9.096 8.927 8.736 9.451
26.0748 10.158 10.207 10.132 9.939 9.797 9.658 10.019 9.917 9.795 9.653 9.512 9.364 9.922 9.749 9.578 9.457 9.346 9.686 9.543 9.423 9.324 9.156 9.58 9.675 9.522 9.134 8.965 8.775 9.49
26.7038 10.196 10.246 10.171 9.978 9.835 9.696 10.057 9.955 9.833 9.691 9.551 9.402 9.96 9.788 9.616 9.495 9.385 9.724 9.582 9.462 9.363 9.194 9.618 9.714 9.561 9.173 9.003 8.813 9.528
27.3479 10.235 10.284 10.209 10.016 9.874 9.735 10.096 9.994 9.871 9.73 9.589 9.441 9.999 9.826 9.654 9.534 9.423 9.763 9.62 9.5 9.401 9.233 9.657 9.752 9.599 9.211 9.042 8.852 9.567
28.0077 10.273 10.323 10.248 10.055 9.912 9.773 10.134 10.032 9.91 9.768 9.628 9.479 10.037 9.865 9.693 9.572 9.462 9.801 9.658 9.539 9.44 9.271 9.695 9.79 9.638 9.25 9.08 8.89 9.605
28.6833 10.312 10.361 10.286 10.093 9.951 9.812 10.172 10.071 9.948 9.806 9.666 9.517 10.076 9.903 9.731 9.611 9.5 9.839 9.697 9.577 9.478 9.31 9.734 9.829 9.676 9.288 9.119 8.928 9.643
29.3752 10.35 10.399 10.325 10.132 9.989 9.85 10.211 10.109 9.987 9.845 9.704 9.556 10.114 9.942 9.77 9.649 9.538 9.878 9.735 9.616 9.516 9.348 9.772 9.867 9.714 9.327 9.157 8.967 9.682
30.0838 10.388 10.438 10.363 10.17 10.028 9.888 10.249 10.148 10.025 9.883 9.743 9.594 10.153 9.98 9.808 9.688 9.577 9.916 9.774 9.654 9.555 9.387 9.811 9.906 9.753 9.365 9.196 9.005 9.72
30.8096 10.429 10.478 10.403 10.21 10.068 9.929 10.29 10.188 10.066 9.924 9.783 9.635 10.193 10.02 9.849 9.728 9.617 9.957 9.814 9.694 9.595 9.427 9.851 9.946 9.793 9.405 9.236 9.046 9.761
31.5528 10.471 10.52 10.445 10.252 10.11 9.971 10.332 10.23 10.107 9.966 9.825 9.677 10.235 10.062 9.891 9.77 9.659 9.999 9.856 9.736 9.637 9.469 9.893 9.988 9.835 9.447 9.278 9.088 9.803
32.3139 10.513 10.562 10.487 10.294 10.152 10.013 10.374 10.272 10.149 10.008 9.867 9.719 10.277 10.104 9.932 9.812 9.701 10.041 9.898 9.778 9.679 9.511 9.935 10.03 9.877 9.489 9.32 9.13 9.845
33.0935 10.555 10.604 10.529 10.336 10.194 10.055 10.416 10.314 10.191 10.05 9.909 9.761 10.319 10.146 9.974 9.854 9.743 10.083 9.94 9.82 9.721 9.553 9.977 10.072 9.919 9.531 9.362 9.171 9.886
33.8918 10.597 10.646 10.571 10.378 10.236 10.097 10.458 10.356 10.233 10.092 9.951 9.802 10.361 10.188 10.016 9.896 9.785 10.125 9.982 9.862 9.763 9.595 10.019 10.114 9.961 9.573 9.404 9.213 9.928
34.7093 10.639 10.688 10.613 10.42 10.278 10.139 10.499 10.398 10.275 10.134 9.993 9.844 10.403 10.23 10.058 9.938 9.827 10.167 10.024 9.904 9.805 9.637 10.061 10.156 10.003 9.615 9.446 9.255 9.97
35.5466 10.681 10.73 10.655 10.462 10.32 10.181 10.541 10.44 10.317 10.175 10.035 9.886 10.445 10.272 10.1 9.98 9.869 10.208 10.066 9.946 9.847 9.679 10.103 10.198 10.045 9.657 9.488 9.297 10.012
36.4041 10.723 10.772 10.697 10.504 10.362 10.223 10.583 10.482 10.359 10.217 10.077 9.928 10.487 10.314 10.142 10.022 9.911 10.25 10.108 9.988 9.889 9.721 10.145 10.24 10.087 9.699 9.53 9.339 10.054
37.2823 10.764 10.814 10.739 10.546 10.404 10.265 10.625 10.524 10.401 10.259 10.119 9.97 10.529 10.356 10.184 10.064 9.953 10.292 10.15 10.03 9.931 9.763 10.187 10.282 10.129 9.741 9.572 9.381 10.096
38.1817 10.806 10.856 10.781 10.588 10.446 10.307 10.667 10.566 10.443 10.301 10.161 10.012 10.571 10.398 10.226 10.106 9.995 10.334 10.192 10.072 9.973 9.805 10.229 10.324 10.171 9.783 9.614 9.423 10.138
39.1028 10.845 10.895 10.82 10.627 10.484 10.345 10.706 10.604 10.482 10.34 10.2 10.051 10.609 10.437 10.265 10.144 10.034 10.373 10.231 10.111 10.012 9.843 10.267 10.362 10.21 9.822 9.652 9.462 10.177
40.046 10.882 10.932 10.857 10.664 10.521 10.382 10.743 10.641 10.519 10.377 10.237 10.088 10.647 10.474 10.302 10.181 10.071 10.41 10.268 10.148 10.049 9.881 10.304 10.4 10.247 9.859 9.689 9.499 10.214
41.0121 10.919 10.969 10.894 10.701 10.559 10.419 10.78 10.679 10.556 10.414 10.274 10.125 10.684 10.511 10.339 10.218 10.108 10.447 10.305 10.185 10.086 9.918 10.341 10.437 10.284 9.896 9.727 9.536 10.251
42.0014 10.956 11.006 10.931 10.738 10.596 10.457 10.817 10.716 10.593 10.451 10.311 10.162 10.721 10.548 10.376 10.256 10.145 10.484 10.342 10.222 10.123 9.955 10.379 10.474 10.321 9.933 9.764 9.573 10.288
43.0146 10.993 11.043 10.968 10.775 10.633 10.494 10.854 10.753 10.63 10.488 10.348 10.199 10.758 10.585 10.413 10.293 10.182 10.521 10.379 10.259 10.16 9.992 10.416 10.511 10.358 9.97 9.801 9.61 10.325
44.0523 11.031 11.08 11.005 10.812 10.67 10.531 10.891 10.79 10.667 10.526 10.385 10.236 10.795 10.622 10.45 10.33 10.219 10.559 10.416 10.296 10.197 10.029 10.453 10.548 10.395 10.007 9.838 9.647 10.362
45.1149 11.068 11.117 11.042 10.849 10.707 10.568 10.929 10.827 10.704 10.563 10.422 10.274 10.832 10.659 10.488 10.367 10.256 10.596 10.453 10.333 10.234 10.066 10.49 10.585 10.432 10.044 9.875 9.685 10.4
46.2033 11.105 11.154 11.079 10.886 10.744 10.605 10.966 10.864 10.742 10.6 10.459 10.311 10.869 10.696 10.525 10.404 10.293 10.633 10.49 10.37 10.271 10.103 10.527 10.622 10.469 10.081 9.912 9.722 10.437
47.3178 11.142 11.191 11.116 10.923 10.781 10.642 11.003 10.901 10.779 10.637 10.496 10.348 10.906 10.734 10.562 10.441 10.33 10.67 10.527 10.407 10.308 10.14 10.564 10.659 10.506 10.118 9.949 9.759 10.474
48.4593 11.179 11.228 11.154 10.961 10.818 10.679 11.04 10.938 10.816 10.674 10.533 10.385 10.943 10.771 10.599 10.478 10.367 10.707 10.564 10.444 10.345 10.177 10.601 10.696 10.543 10.155 9.986 9.796 10.511
49.6283 11.215 11.264 11.19 10.997 10.854 10.715 11.076 10.974 10.852 10.71 10.57 10.421 10.979 10.807 10.635 10.514 10.404 10.743 10.6 10.481 10.382 10.213 10.637 10.732 10.58 10.192 10.022 9.832 10.547
50.8255 11.251 11.3 11.226 11.033 10.89 10.751 11.112 11.01 10.888 10.746 10.605 10.457 11.015 10.843 10.671 10.55 10.439 10.779 10.636 10.517 10.418 10.249 10.673 10.768 10.615 10.228 10.058 9.868 10.583
52.0515 11.287 11.336 11.261 11.069 10.926 10.787 11.148 11.046 10.924 10.782 10.641 10.493 11.051 10.879 10.707 10.586 10.475 10.815 10.672 10.552 10.453 10.285 10.709 10.804 10.651 10.263 10.094 9.904 10.619
53.3072 11.323 11.372 11.297 11.104 10.962 10.823 11.184 11.082 10.96 10.818 10.677 10.529 11.087 10.915 10.743 10.622 10.511 10.851 10.708 10.588 10.489 10.321 10.745 10.84 10.687 10.299 10.13 9.94 10.655
54.5931 11.359 11.408 11.333 11.14 10.998 10.859 11.22 11.118 10.996 10.854 10.713 10.565 11.123 10.95 10.779 10.658 10.547 10.887 10.744 10.624 10.525 10.357 10.781 10.876 10.723 10.335 10.166 9.976 10.691
55.9101 11.395 11.444 11.369 11.176 11.034 10.895 11.256 11.154 11.031 10.89 10.749 10.601 11.159 10.986 10.815 10.694 10.583 10.923 10.78 10.66 10.561 10.393 10.817 10.912 10.759 10.371 10.202 10.012 10.727
57.2588 11.431 11.48 11.405 11.212 11.07 10.931 11.292 11.19 11.067 10.926 10.785 10.636 11.195 11.022 10.85 10.73 10.619 10.959 10.816 10.696 10.597 10.429 10.853 10.948 10.795 10.407 10.238 10.047 10.762
58.6401 11.467 11.516 11.441 11.248 11.106 10.967 11.327 11.226 11.103 10.961 10.821 10.672 11.231 11.058 10.886 10.766 10.655 10.994 10.852 10.732 10.633 10.465 10.889 10.984 10.831 10.443 10.274 10.083 10.798
60.0546 11.502 11.552 11.477 11.284 11.142 11.003 11.363 11.262 11.139 10.997 10.857 10.708 11.267 11.094 10.922 10.802 10.691 11.03 10.888 10.768 10.669 10.501 10.925 11.02 10.867 10.479 10.31 10.119 10.834
61.5034 11.538 11.588 11.513 11.32 11.178 11.038 11.399 11.298 11.175 11.033 10.893 10.744 11.303 11.13 10.958 10.838 10.727 11.066 10.924 10.804 10.705 10.537 10.96 11.056 10.903 10.515 10.346 10.155 10.87
62.987 11.575 11.624 11.55 11.357 11.214 11.075 11.436 11.334 11.212 11.07 10.929 10.781 11.339 11.167 10.995 10.874 10.763 11.103 10.96 10.84 10.741 10.573 10.997 11.092 10.939 10.551 10.382 10.192 10.907
64.5065 11.611 11.661 11.586 11.393 11.251 11.112 11.472 11.371 11.248 11.106 10.966 10.817 11.376 11.203 11.031 10.911 10.8 11.139 10.997 10.877 10.778 10.61 11.034 11.129 10.976 10.588 10.419 10.228 10.943
66.0626 11.648 11.698 11.623 11.43 11.287 11.148 11.509 11.407 11.285 11.143 11.003 10.854 11.412 11.24 11.068 10.947 10.837 11.176 11.033 10.914 10.815 10.646 11.07 11.165 11.013 10.625 10.455 10.265 10.98
67.6562 11.685 11.734 11.659 11.466 11.324 11.185 11.546 11.444 11.321 11.18 11.039 10.891 11.449 11.276 11.105 10.984 10.873 11.213 11.07 10.95 10.851 10.683 11.107 11.202 11.049 10.661 10.492 10.302 11.017
69.2883 11.721 11.771 11.696 11.503 11.36 11.221 11.582 11.48 11.358 11.216 11.076 10.927 11.486 11.313 11.141 11.02 10.91 11.249 11.107 10.987 10.888 10.72 11.143 11.239 11.086 10.698 10.528 10.338 11.053
70.9597 11.758 11.807 11.732 11.539 11.397 11.258 11.619 11.517 11.395 11.253 11.112 10.964 11.522 11.35 11.178 11.057 10.946 11.286 11.143 11.023 10.924 10.756 11.18 11.275 11.122 10.734 10.565 10.375 11.09
72.6715 11.794 11.844 11.769 11.576 11.434 11.295 11.655 11.554 11.431 11.289 11.149 11.0 11.559 11.386 11.214 11.094 10.983 11.322 11.18 11.06 10.961 10.793 11.217 11.312 11.159 10.771 10.602 10.411 11.126
74.4246 11.831 11.88 11.806 11.613 11.47 11.331 11.692 11.59 11.468 11.326 11.185 11.037 11.595 11.423 11.251 11.13 11.02 11.359 11.216 11.097 10.998 10.829 11.253 11.348 11.196 10.808 10.638 10.448 11.163
76.2199 11.868 11.917 11.842 11.649 11.507 11.368 11.728 11.627 11.504 11.363 11.222 11.073 11.632 11.459 11.287 11.167 11.056 11.396 11.253 11.133 11.034 10.866 11.29 11.385 11.232 10.844 10.675 10.484 11.199
78.0586 11.904 11.953 11.878 11.686 11.543 11.404 11.765 11.663 11.541 11.399 11.258 11.11 11.668 11.496 11.324 11.203 11.092 11.432 11.289 11.169 11.07 10.902 11.326 11.421 11.268 10.88 10.711 10.521 11.236
79.9416 11.938 11.987 11.913 11.72 11.577 11.438 11.799 11.697 11.575 11.433 11.292 11.144 11.702 11.53 11.358 11.237 11.126 11.466 11.323 11.203 11.104 10.936 11.36 11.455 11.302 10.914 10.745 10.555 11.27
81.87 11.972 12.021 11.947 11.754 11.611 11.472 11.833 11.731 11.609 11.467 11.326 11.178 11.736 11.564 11.392 11.271 11.16 11.5 11.357 11.237 11.138 10.97 11.394 11.489 11.336 10.948 10.779 10.589 11.304
83.845 12.006 12.055 11.981 11.788 11.645 11.506 11.867 11.765 11.643 11.501 11.36 11.212 11.77 11.598 11.426 11.305 11.194 11.534 11.391 11.272 11.172 11.004 11.428 11.523 11.37 10.983 10.813 10.623 11.338
85.8676 12.04 12.089 12.015 11.822 11.679 11.54 11.901 11.799 11.677 11.535 11.394 11.246 11.804 11.632 11.46 11.339 11.228 11.568 11.425 11.306 11.207 11.038 11.462 11.557 11.404 11.017 10.847 10.657 11.372
87.939 12.074 12.123 12.049 11.856 11.713 11.574 11.935 11.833 11.711 11.569 11.428 11.28 11.838 11.666 11.494 11.373 11.263 11.602 11.459 11.34 11.241 11.072 11.496 11.591 11.439 11.051 10.881 10.691 11.406
90.0604 12.108 12.157 12.083 11.89 11.747 11.608 11.969 11.867 11.745 11.603 11.462 11.314 11.872 11.7 11.528 11.407 11.297 11.636 11.493 11.374 11.275 11.106 11.53 11.625 11.473 11.085 10.915 10.725 11.44
92.2329 12.142 12.191 12.117 11.924 11.781 11.642 12.003 11.901 11.779 11.637 11.497 11.348 11.906 11.734 11.562 11.441 11.331 11.67 11.527 11.408 11.309 11.14 11.564 11.659 11.507 11.119 10.949 10.759 11.474
94.4579 12.176 12.225 12.151 11.958 11.815 11.676 12.037 11.935 11.813 11.671 11.531 11.382 11.94 11.768 11.596 11.475 11.365 11.704 11.561 11.442 11.343 11.174 11.598 11.693 11.541 11.153 10.983 10.793 11.508
96.7365 12.21 12.26 12.185 11.992 11.849 11.71 12.071 11.969 11.847 11.705 11.565 11.416 11.974 11.802 11.63 11.509 11.399 11.738 11.595 11.476 11.377 11.208 11.632 11.727 11.575 11.187 11.017 10.827 11.542
99.0701 12.243 12.293 12.218 12.025 11.883 11.743 12.104 12.003 11.88 11.738 11.598 11.449 12.008 11.835 11.663 11.542 11.432 11.771 11.629 11.509 11.41 11.242 11.665 11.761 11.608 11.22 11.051 10.86 11.575
101.4599 12.274 12.324 12.249 12.056 11.913 11.774 12.135 12.034 11.911 11.769 11.629 11.48 12.039 11.866 11.694 11.573 11.463 11.802 11.66 11.54 11.441 11.273 11.696 11.792 11.639 11.251 11.081 10.891 11.606
103.9075 12.305 12.355 12.28 12.087 11.944 11.805 12.166 12.064 11.942 11.8 11.66 11.511 12.069 11.897 11.725 11.604 11.494 11.833 11.691 11.571 11.472 11.303 11.727 11.822 11.67 11.282 11.112 10.922 11.637
106.4141 12.336 12.386 12.311 12.118 11.975 11.836 12.197 12.095 11.973 11.831 11.691 11.542 12.1 11.928 11.756 11.635 11.525 11.864 11.721 11.602 11.503 11.334 11.758 11.853 11.701 11.313 11.143 10.953 11.668
108.9811 12.367 12.416 12.342 12.149 12.006 11.867 12.228 12.126 12.004 11.862 11.721 11.573 12.131 11.959 11.787 11.666 11.556 11.895 11.752 11.633 11.534 11.365 11.789 11.884 11.732 11.344 11.174 10.984 11.699
111.6101 12.398 12.447 12.373 12.18 12.037 11.898 12.259 12.157 12.035 11.893 11.752 11.604 12.162 11.99 11.818 11.697 11.586 11.926 11.783 11.663 11.564 11.396 11.82 11.915 11.762 11.374 11.205 11.015 11.73
114.3025 12.429 12.478 12.403 12.21 12.068 11.929 12.29 12.188 12.066 11.924 11.783 11.635 12.193 12.021 11.849 11.728 11.617 11.957 11.814 11.694 11.595 11.427 11.851 11.946 11.793 11.405 11.236 11.046 11.761
117.0598 12.46 12.509 12.434 12.241 12.099 11.96 12.321 12.219 12.097 11.955 11.814 11.666 12.224 12.051 11.88 11.759 11.648 11.988 11.845 11.725 11.626 11.458 11.882 11.977 11.824 11.436 11.267 11.077 11.792
119.8836 12.491 12.54 12.465 12.272 12.13 11.991 12.352 12.25 12.127 11.986 11.845 11.697 12.255 12.082 11.911 11.79 11.679 12.019 11.876 11.756 11.657 11.489 11.913 12.008 11.855 11.467 11.298 11.108 11.823
122.7756 12.522 12.571 12.496 12.303 12.161 12.022 12.382 12.281 12.158 12.017 11.876 11.727 12.286 12.113 11.941 11.821 11.71 12.05 11.907 11.787 11.688 11.52 11.944 12.039 11.886 11.498 11.329 11.138 11.853
125.7373 12.553 12.602 12.527 12.334 12.192 12.053 12.413 12.312 12.189 12.047 11.907 11.758 12.317 12.144 11.972 11.852 11.741 12.08 11.938 11.818 11.719 11.551 11.975 12.07 11.917 11.529 11.36 11.169 11.884
128.7705 12.584 12.633 12.558 12.365 12.223 12.084 12.445 12.343 12.22 12.079 11.938 11.79 12.348 12.175 12.003 11.883 11.772 12.112 11.969 11.849 11.75 11.582 12.006 12.101 11.948 11.56 11.391 11.201 11.916
131.8769 12.615 12.664 12.589 12.396 12.254 12.115 12.476 12.374 12.252 12.11 11.969 11.821 12.379 12.206 12.035 11.914 11.803 12.143 12.0 11.88 11.781 11.613 12.037 12.132 11.979 11.591 11.422 11.232 11.947
135.0582 12.646 12.695 12.62 12.427 12.285 12.146 12.507 12.405 12.283 12.141 12.0 11.852 12.41 12.238 12.066 11.945 11.834 12.174 12.031 11.911 11.812 11.644 12.068 12.163 12.01 11.622 11.453 11.263 11.978
138.3162 12.677 12.726 12.651 12.459 12.316 12.177 12.538 12.436 12.314 12.172 12.031 11.883 12.441 12.269 12.097 11.976 11.865 12.205 12.062 11.942 11.843 11.675 12.099 12.194 12.041 11.653 11.484 11.294 12.009
141.6528 12.708 12.757 12.683 12.49 12.347 12.208 12.569 12.467 12.345 12.203 12.062 11.914 12.472 12.3 12.128 12.007 11.897 12.236 12.093 11.974 11.875 11.706 12.13 12.225 12.073 11.685 11.515 11.325 12.04
145.0699 12.739 12.789 12.714 12.521 12.378 12.239 12.6 12.498 12.376 12.234 12.094 11.945 12.503 12.331 12.159 12.038 11.928 12.267 12.124 12.005 11.906 11.737 12.161 12.256 12.104 11.716 11.546 11.356 12.071
148.5695 12.77 12.82 12.745 12.552 12.409 12.27 12.631 12.529 12.407 12.265 12.125 11.976 12.534 12.362 12.19 12.069 11.959 12.298 12.156 12.036 11.937 11.768 12.192 12.287 12.135 11.747 11.577 11.387 12.102
152.1534 12.801 12.851 12.776 12.583 12.44 12.301 12.662 12.561 12.438 12.296 12.156 12.007 12.566 12.393 12.221 12.1 11.99 12.329 12.187 12.067 11.968 11.8 12.223 12.319 12.166 11.778 11.608 11.418 12.133
155.8238 12.832 12.882 12.807 12.614 12.472 12.332 12.693 12.592 12.469 12.327 12.187 12.038 12.597 12.424 12.252 12.132 12.021 12.36 12.218 12.098 11.999 11.831 12.254 12.35 12.197 11.809 11.64 11.449 12.164
159.5828 12.871 12.92 12.845 12.652 12.51 12.371 12.732 12.63 12.508 12.366 12.225 12.077 12.635 12.463 12.291 12.17 12.059 12.399 12.256 12.136 12.037 11.869 12.293 12.388 12.235 11.847 11.678 11.488 12.203
163.4324 12.916 12.965 12.891 12.698 12.555 12.416 12.777 12.675 12.553 12.411 12.27 12.122 12.68 12.508 12.336 12.215 12.105 12.444 12.301 12.182 12.083 11.914 12.338 12.433 12.281 11.893 11.723 11.533 12.248
167.375 12.961 13.011 12.936 12.743 12.6 12.461 12.822 12.72 12.598 12.456 12.316 12.167 12.725 12.553 12.381 12.26 12.15 12.489 12.347 12.227 12.128 11.959 12.383 12.478 12.326 11.938 11.768 11.578 12.293
171.4126 13.006 13.056 12.981 12.788 12.646 12.506 12.867 12.766 12.643 12.501 12.361 12.212 12.771 12.598 12.426 12.305 12.195 12.534 12.392 12.272 12.173 12.005 12.428 12.524 12.371 11.983 11.814 11.623 12.338
175.5476 13.051 13.101 13.026 12.833 12.691 12.552 12.912 12.811 12.688 12.546 12.406 12.257 12.816 12.643 12.471 12.351 12.24 12.579 12.437 12.317 12.218 12.05 12.474 12.569 12.416 12.028 11.859 11.668 12.383
179.7823 13.097 13.146 13.071 12.878 12.736 12.597 12.958 12.856 12.733 12.592 12.451 12.302 12.861 12.688 12.516 12.396 12.285 12.625 12.482 12.362 12.263 12.095 12.519 12.614 12.461 12.073 11.904 11.713 12.428
184.1193 13.142 13.191 13.116 12.923 12.781 12.642 13.003 12.901 12.779 12.637 12.496 12.348 12.906 12.733 12.562 12.441 12.33 12.67 12.527 12.407 12.308 12.14 12.564 12.659 12.506 12.118 11.949 11.759 12.474
188.5608 13.187 13.236 13.161 12.969 12.826 12.687 13.048 12.946 12.824 12.682 12.541 12.393 12.951 12.779 12.607 12.486 12.375 12.715 12.572 12.452 12.353 12.185 12.609 12.704 12.551 12.163 11.994 11.804 12.519
193.1095 13.232 13.281 13.207 13.014 12.871 12.732 13.093 12.991 12.869 12.727 12.586 12.438 12.996 12.824 12.652 12.531 12.421 12.76 12.617 12.498 12.399 12.23 12.654 12.749 12.597 12.209 12.039 11.849 12.564
197.7679 13.277 13.327 13.252 13.059 12.916 12.777 13.138 13.036 12.914 12.772 12.632 12.483 13.041 12.869 12.697 12.576 12.466 12.805 12.663 12.543 12.444 12.275 12.699 12.794 12.642 12.254 12.084 11.894 12.609
202.5387 13.34 13.389 13.315 13.122 12.979 12.84 13.201 13.099 12.977 12.835 12.694 12.546 13.104 12.932 12.76 12.639 12.528 12.868 12.725 12.605 12.506 12.338 12.762 12.857 12.704 12.316 12.147 11.957 12.672
207.4245 13.411 13.461 13.386 13.193 13.051 12.911 13.272 13.171 13.048 12.906 12.766 12.617 13.176 13.003 12.831 12.71 12.6 12.939 12.797 12.677 12.578 12.41 12.833 12.929 12.776 12.388 12.219 12.028 12.743
212.4283 13.483 13.532 13.457 13.264 13.122 12.983 13.344 13.242 13.12 12.978 12.837 12.689 13.247 13.074 12.903 12.782 12.671 13.011 12.868 12.748 12.649 12.481 12.905 13.0 12.847 12.459 12.29 12.1 12.815
217.5527 13.554 13.604 13.529 13.336 13.193 13.054 13.415 13.313 13.191 13.049 12.909 12.76 13.318 13.146 12.974 12.853 12.743 13.082 12.939 12.82 12.721 12.552 12.976 13.071 12.919 12.531 12.361 12.171 12.886
222.8008 13.625 13.675 13.6 13.407 13.265 13.126 13.486 13.385 13.262 13.12 12.98 12.831 13.39 13.217 13.045 12.925 12.814 13.153 13.011 12.891 12.792 12.624 13.048 13.143 12.99 12.602 12.433 12.242 12.957
228.1754 13.697 13.746 13.671 13.479 13.336 13.197 13.558 13.456 13.334 13.192 13.051 12.903 13.461 13.289 13.117 12.996 12.885 13.225 13.082 12.962 12.863 12.695 13.119 13.214 13.061 12.673 12.504 12.314 13.029
233.6797 13.768 13.818 13.743 13.55 13.407 13.268 13.629 13.528 13.405 13.263 13.123 12.974 13.533 13.36 13.188 13.067 12.957 13.296 13.154 13.034 12.935 12.767 13.19 13.286 13.133 12.745 12.576 12.385 13.1
239.3168 13.84 13.889 13.814 13.621 13.479 13.34 13.701 13.599 13.476 13.335 13.194 13.046 13.604 13.431 13.26 13.139 13.028 13.368 13.225 13.105 13.006 12.838 13.262 13.357 13.204 12.816 12.647 12.457 13.172
245.0899 13.911 13.96 13.886 13.693 13.55 13.411 13.772 13.67 13.548 13.406 13.266 13.117 13.675 13.503 13.331 13.21 13.1 13.439 13.296 13.177 13.078 12.909 13.333 13.428 13.276 12.888 12.718 12.528 13.243
251.0022 13.982 14.032 13.957 13.764 13.622 13.483 13.843 13.742 13.619 13.477 13.337 13.188 13.747 13.574 13.402 13.282 13.171 13.51 13.368 13.248 13.149 12.981 13.405 13.5 13.347 12.959 12.79 12.599 13.314
257.0572 14.082 14.131 14.056 13.863 13.721 13.582 13.943 13.841 13.719 13.577 13.436 13.288 13.846 13.673 13.502 13.381 13.27 13.61 13.467 13.347 13.248 13.08 13.504 13.599 13.446 13.058 12.889 12.699 13.414
263.2582 14.187 14.237 14.162 13.969 13.826 13.687 14.048 13.947 13.824 13.682 13.542 13.393 13.952 13.779 13.607 13.486 13.376 13.715 13.573 13.453 13.354 13.186 13.609 13.705 13.552 13.164 12.994 12.804 13.519
269.6088 14.293 14.342 14.267 14.074 13.932 13.793 14.154 14.052 13.93 13.788 13.647 13.499 14.057 13.885 13.713 13.592 13.481 13.821 13.678 13.558 13.459 13.291 13.715 13.81 13.657 13.269 13.1 12.91 13.625
276.1126 14.398 14.448 14.373 14.18 14.038 13.899 14.259 14.158 14.035 13.893 13.753 13.604 14.163 13.99 13.818 13.698 13.587 13.926 13.784 13.664 13.565 13.397 13.821 13.916 13.763 13.375 13.206 13.015 13.73
282.7734 14.504 14.553 14.479 14.286 14.143 14.004 14.365 14.263 14.141 13.999 13.858 13.71 14.268 14.096 13.924 13.803 13.693 14.032 13.889 13.77 13.671 13.502 13.926 14.021 13.869 13.481 13.311 13.121 13.836
289.5947 14.61 14.659 14.584 14.391 14.249 14.11 14.471 14.369 14.246 14.105 13.964 13.816 14.374 14.201 14.029 13.909 13.798 14.138 13.995 13.875 13.776 13.608 14.032 14.127 13.974 13.586 13.417 13.226 13.941
296.5807 14.715 14.765 14.69 14.497 14.354 14.215 14.576 14.474 14.352 14.21 14.07 13.921 14.479 14.307 14.135 14.014 13.904 14.243 14.101 13.981 13.882 13.713 14.137 14.233 14.08 13.692 13.522 13.332 14.047
303.7351 14.821 14.87 14.795 14.602 14.46 14.321 14.682 14.58 14.458 14.316 14.175 14.027 14.585 14.412 14.241 14.12 14.009 14.349 14.206 14.086 13.987 13.819 14.243 14.338 14.185 13.797 13.628 13.438 14.153
311.0622 14.926 14.976 14.901 14.708 14.566 14.426 14.787 14.686 14.563 14.421 14.281 14.132 14.691 14.518 14.346 14.226 14.115 14.454 14.312 14.192 14.093 13.925 14.348 14.444 14.291 13.903 13.734 13.543 14.258
318.566 15.032 15.081 15.007 14.814 14.671 14.532 14.893 14.791 14.669 14.527 14.386 14.238 14.796 14.624 14.452 14.331 14.22 14.56 14.417 14.298 14.198 14.03 14.454 14.549 14.396 14.009 13.839 13.649 14.364
326.2508 15.201 15.25 15.175 14.982 14.84 14.701 15.062 14.96 14.838 14.696 14.555 14.407 14.965 14.793 14.621 14.5 14.389 14.729 14.586 14.466 14.367 14.199 14.623 14.718 14.565 14.177 14.008 13.818 14.533
334.121 15.372 15.422 15.347 15.154 15.012 14.873 15.233 15.132 15.009 14.867 14.727 14.578 15.137 14.964 14.792 14.672 14.561 14.9 14.758 14.638 14.539 14.371 14.795 14.89 14.737 14.349 14.18 13.989 14.704
342.181 15.544 15.594 15.519 15.326 15.183 15.044 15.405 15.303 15.181 15.039 14.899 14.75 15.308 15.136 14.964 14.843 14.733 15.072 14.93 14.81 14.711 14.542 14.966 15.061 14.909 14.521 14.351 14.161 14.876
350.4355 15.716 15.765 15.69 15.497 15.355 15.216 15.577 15.475 15.353 15.211 15.07 14.922 15.48 15.307 15.136 15.015 14.904 15.244 15.101 14.981 14.882 14.714 15.138 15.233 15.08 14.692 14.523 14.333 15.048
358.8891 15.887 15.937 15.862 15.669 15.527 15.388 15.748 15.647 15.524 15.382 15.242 15.093 15.652 15.479 15.307 15.187 15.076 15.415 15.273 15.153 15.054 14.886 15.31 15.405 15.252 14.864 14.695 14.504 15.219
367.5467 16.059 16.109 16.034 15.841 15.698 15.559 15.92 15.818 15.696 15.554 15.414 15.265 15.823 15.651 15.479 15.358 15.248 15.587 15.444 15.325 15.226 15.057 15.481 15.576 15.424 15.036 14.866 14.676 15.391
376.4131 16.231 16.28 16.205 16.012 15.87 15.731 16.092 15.99 15.868 15.726 15.585 15.437 15.995 15.822 15.651 15.53 15.419 15.759 15.616 15.496 15.397 15.229 15.653 15.748 15.595 15.207 15.038 14.848 15.563
385.4933 16.402 16.452 16.377 16.184 16.042 15.903 16.263 16.162 16.039 15.897 15.757 15.608 16.167 15.994 15.822 15.702 15.591 15.93 15.788 15.668 15.569 15.401 15.825 15.92 15.767 15.379 15.21 15.019 15.734
394.7926 16.574 16.624 16.549 16.356 16.213 16.074 16.435 16.333 16.211 16.069 15.929 15.78 16.338 16.166 15.994 15.873 15.763 16.102 15.959 15.84 15.741 15.572 15.996 16.091 15.939 15.551 15.381 15.191 15.906
404.3163 16.762 16.812 16.737 16.544 16.401 16.262 16.623 16.521 16.399 16.257 16.117 15.968 16.526 16.354 16.182 16.061 15.951 16.29 16.148 16.028 15.929 15.76 16.184 16.279 16.127 15.739 15.569 15.379 16.094
414.0697 17.097 17.146 17.072 16.879 16.736 16.597 16.958 16.856 16.734 16.592 16.451 16.303 16.861 16.689 16.517 16.396 16.285 16.625 16.482 16.363 16.263 16.095 16.519 16.614 16.461 16.074 15.904 15.714 16.429
424.0583 17.432 17.481 17.406 17.213 17.071 16.932 17.293 17.191 17.069 16.927 16.786 16.638 17.196 17.023 16.852 16.731 16.62 16.96 16.817 16.697 16.598 16.43 16.854 16.949 16.796 16.408 16.239 16.049 16.764
434.2879 17.767 17.816 17.741 17.548 17.406 17.267 17.628 17.526 17.403 17.262 17.121 16.973 17.531 17.358 17.186 17.066 16.955 17.295 17.152 17.032 16.933 16.765 17.189 17.284 17.131 16.743 16.574 16.383 17.098
444.7643 18.101 18.151 18.076 17.883 17.741 17.602 17.962 17.861 17.738 17.596 17.456 17.307 17.866 17.693 17.521 17.401 17.29 17.629 17.487 17.367 17.268 17.1 17.524 17.619 17.466 17.078 16.909 16.718 17.433
455.4934 18.436 18.486 18.411 18.218 18.075 17.936 18.297 18.196 18.073 17.931 17.791 17.642 18.201 18.028 17.856 17.735 17.625 17.964 17.822 17.702 17.603 17.435 17.858 17.954 17.801 17.413 17.243 17.053 17.768
466.4814 18.771 18.821 18.746 18.553 18.41 18.271 18.632 18.53 18.408 18.266 18.126 17.977 18.535 18.363 18.191 18.07 17.96 18.299 18.156 18.037 17.938 17.769 18.193 18.288 18.136 17.748 17.578 17.388 18.103
477.7344 19.106 19.155 19.081 18.888 18.745 18.606 18.967 18.865 18.743 18.601 18.46 18.312 18.87 18.698 18.526 18.405 18.294 18.634 18.491 18.371 18.272 18.104 18.528 18.623 18.47 18.082 17.913 17.723 18.438
489.2588 19.441 19.49 19.415 19.222 19.08 18.941 19.302 19.2 19.078 18.936 18.795 18.647 19.205 19.032 18.861 18.74 18.629 18.969 18.826 18.706 18.607 18.439 18.863 18.958 18.805 18.417 18.248 18.058 18.773
501.0613 19.776 19.825 19.75 19.557 19.415 19.276 19.636 19.535 19.412 19.271 19.13 18.981 19.54 19.367 19.195 19.075 18.964 19.304 19.161 19.041 18.942 18.774 19.198 19.293 19.14 18.752 18.583 18.392 19.107
513.1485 20.11 20.16 20.085 19.892 19.75 19.61 19.971 19.87 19.747 19.605 19.465 19.316 19.875 19.702 19.53 19.41 19.299 19.638 19.496 19.376 19.277 19.109 19.533 19.628 19.475 19.087 18.918 18.727 19.442
525.5272 20.445 20.495 20.42 20.227 20.084 19.945 20.306 20.204 20.082 19.94 19.8 19.651 20.21 20.037 19.865 19.744 19.634 19.973 19.831 19.711 19.612 19.443 19.867 19.963 19.81 19.422 19.252 19.062 19.777
538.2046 20.78 20.829 20.755 20.562 20.419 20.28 20.641 20.539 20.417 20.275 20.135 19.986 20.544 20.372 20.2 20.079 19.969 20.308 20.165 20.046 19.947 19.778 20.202 20.297 20.145 19.757 19.587 19.397 20.112
551.1878 21.115 21.164 21.089 20.897 20.754 20.615 20.976 20.874 20.752 20.61 20.469 20.321 20.879 20.707 20.535 20.414 20.303 20.643 20.5 20.38 20.281 20.113 20.537 20.632 20.479 20.091 19.922 19.732 20.447
564.4842 21.45 21.499 21.424 21.231 21.089 20.95 21.311 21.209 21.087 20.945 20.804 20.656 21.214 21.041 20.87 20.749 20.638 20.978 20.835 20.715 20.616 20.448 20.872 20.967 20.814 20.426 20.257 20.067 20.782
578.1013 21.785 21.834 21.759 21.566 21.424 21.285 21.645 21.544 21.421 21.279 21.139 20.99 21.549 21.376 21.204 21.084 20.973 21.312 21.17 21.05 20.951 20.783 21.207 21.302 21.149 20.761 20.592 20.401 21.116
592.0469 22.119 22.169 22.094 21.901 21.759 21.619 21.98 21.879 21.756 21.614 21.474 21.325 21.884 21.711 21.539 21.419 21.308 21.647 21.505 21.385 21.286 21.118 21.541 21.637 21.484 21.096 20.927 20.736 21.451
606.329 22.454 22.504 22.429 22.236 22.093 21.954 22.315 22.213 22.091 21.949 21.809 21.66 22.218 22.046 21.874 21.753 21.643 21.982 21.84 21.72 21.621 21.452 21.876 21.971 21.819 21.431 21.261 21.071 21.786
620.9555 22.789 22.838 22.764 22.571 22.428 22.289 22.65 22.548 22.426 22.284 22.143 21.995 22.553 22.381 22.209 22.088 21.978 22.317 22.174 22.055 21.956 21.787 22.211 22.306 22.154 21.766 21.596 21.406 22.121
635.9349 23.124 23.173 23.098 22.905 22.763 22.624 22.985 22.883 22.761 22.619 22.478 22.33 22.888 22.716 22.544 22.423 22.312 22.652 22.509 22.389 22.29 22.122 22.546 22.641 22.488 22.1 21.931 21.741 22.456
651.2757 23.459 23.508 23.433 23.24 23.098 22.959 23.32 23.218 23.095 22.954 22.813 22.665 23.223 23.05 22.879 22.758 22.647 22.987 22.844 22.724 22.625 22.457 22.881 22.976 22.823 22.435 22.266 22.076 22.791
666.9865 23.793 23.843 23.768 23.575 23.433 23.294 23.654 23.553 23.43 23.288 23.148 22.999 23.558 23.385 23.213 23.093 22.982 23.321 23.179 23.059 22.96 22.792 23.216 23.311 23.158 22.77 22.601 22.41 23.125
683.0763 24.128 24.178 24.103 23.91 23.768 23.628 23.989 23.888 23.765 23.623 23.483 23.334 23.893 23.72 23.548 23.427 23.317 23.656 23.514 23.394 23.295 23.127 23.55 23.646 23.493 23.105 22.936 22.745 23.46
699.5543 24.463 24.513 24.438 24.245 24.102 23.963 24.324 24.222 24.1 23.958 23.818 23.669 24.227 24.055 23.883 23.762 23.652 23.991 23.849 23.729 23.63 23.461 23.885 23.98 23.828 23.44 23.27 23.08 23.795
716.4297 24.798 24.847 24.773 24.58 24.437 24.298 24.659 24.557 24.435 24.293 24.152 24.004 24.562 24.39 24.218 24.097 23.986 24.326 24.183 24.064 23.965 23.796 24.22 24.315 24.162 23.775 23.605 23.415 24.13
733.7123 25.133 25.182 25.107 24.914 24.772 24.633 24.994 24.892 24.77 24.628 24.487 24.339 24.897 24.724 24.553 24.432 24.321 24.661 24.518 24.398 24.299 24.131 24.555 24.65 24.497 24.109 23.94 23.75 24.465
751.4117 25.468 25.517 25.442 25.249 25.107 24.968 25.329 25.227 25.104 24.963 24.822 24.674 25.232 25.059 24.887 24.767 24.656 24.996 24.853 24.733 24.634 24.466 24.89 24.985 24.832 24.444 24.275 24.085 24.8
769.5381 25.802 25.852 25.777 25.584 25.442 25.303 25.663 25.562 25.439 25.297 25.157 25.008 25.567 25.394 25.222 25.102 24.991 25.33 25.188 25.068 24.969 24.801 25.225 25.32 25.167 24.779 24.61 24.419 25.134
788.1018 26.137 26.187 26.112 25.919 25.777 25.637 25.998 25.897 25.774 25.632 25.492 25.343 25.902 25.729 25.557 25.436 25.326 25.665 25.523 25.403 25.304 25.136 25.559 25.655 25.502 25.114 24.945 24.754 25.469
807.1133 26.472 26.522 26.447 26.254 26.111 25.972 26.333 26.231 26.109 25.967 25.827 25.678 26.236 26.064 25.892 25.771 25.661 26.0 25.857 25.738 25.639 25.47 25.894 25.989 25.837 25.449 25.279 25.089 25.804
826.5834 26.807 26.856 26.782 26.589 26.446 26.307 26.668 26.566 26.444 26.302 26.161 26.013 26.571 26.399 26.227 26.106 25.995 26.335 26.192 26.072 25.973 25.805 26.229 26.324 26.171 25.783 25.614 25.424 26.139
846.5232 27.142 27.191 27.116 26.923 26.781 26.642 27.003 26.901 26.779 26.637 26.496 26.348 26.906 26.733 26.562 26.441 26.33 26.67 26.527 26.407 26.308 26.14 26.564 26.659 26.506 26.118 25.949 25.759 26.474
866.944 27.477 27.526 27.451 27.258 27.116 26.977 27.337 27.236 27.113 26.972 26.831 26.682 27.241 27.068 26.896 26.776 26.665 27.005 26.862 26.742 26.643 26.475 26.899 26.994 26.841 26.453 26.284 26.093 26.808
887.8575 27.811 27.861 27.786 27.593 27.451 27.312 27.672 27.571 27.448 27.306 27.166 27.017 27.576 27.403 27.231 27.111 27.0 27.339 27.197 27.077 26.978 26.81 27.234 27.329 27.176 26.788 26.619 26.428 27.143
909.2754 28.146 28.196 28.121 27.928 27.785 27.646 28.007 27.905 27.783 27.641 27.501 27.352 27.911 27.738 27.566 27.445 27.335 27.674 27.532 27.412 27.313 27.145 27.568 27.664 27.511 27.123 26.953 26.763 27.478
931.21 28.481 28.531 28.456 28.263 28.12 27.981 28.342 28.24 28.118 27.976 27.836 27.687 28.245 28.073 27.901 27.78 27.67 28.009 27.866 27.747 27.648 27.479 27.903 27.998 27.846 27.458 27.288 27.098 27.813
953.6737 28.816 28.865 28.79 28.598 28.455 28.316 28.677 28.575 28.453 28.311 28.17 28.022 28.58 28.408 28.236 28.115 28.004 28.344 28.201 28.081 27.982 27.814 28.238 28.333 28.18 27.792 27.623 27.433 28.148
976.6793 29.151 29.2 29.125 28.932 28.79 28.651 29.012 28.91 28.788 28.646 28.505 28.357 28.915 28.742 28.571 28.45 28.339 28.679 28.536 28.416 28.317 28.149 28.573 28.668 28.515 28.127 27.958 27.768 28.483
1000.2399 29.486 29.535 29.46 29.267 29.125 28.986 29.346 29.245 29.122 28.981 28.84 28.691 29.25 29.077 28.905 28.785 28.674 29.013 28.871 28.751 28.652 28.484 28.908 29.003 28.85 28.462 28.293 28.102 28.817
1024.3688 29.82 29.87 29.795 29.602 29.46 29.32 29.681 29.58 29.457 29.315 29.175 29.026 29.585 29.412 29.24 29.12 29.009 29.348 29.206 29.086 28.987 28.819 29.242 29.338 29.185 28.797 28.628 28.437 29.152
1049.0798 30.155 30.205 30.13 29.937 29.794 29.655 30.016 29.914 29.792 29.65 29.51 29.361 29.919 29.747 29.575 29.454 29.344 29.683 29.541 29.421 29.322 29.153 29.577 29.673 29.52 29.132 28.962 28.772 29.487
1074.3869 30.49 30.539 30.465 30.272 30.129 29.99 30.351 30.249 30.127 29.985 29.845 29.696 30.254 30.082 29.91 29.789 29.679 30.018 29.875 29.756 29.657 29.488 29.912 30.007 29.855 29.467 29.297 29.107 29.822
1100.3045 30.825 30.874 30.799 30.606 30.464 30.325 30.686 30.584 30.462 30.32 30.179 30.031 30.589 30.417 30.245 30.124 30.013 30.353 30.21 30.09 29.991 29.823 30.247 30.342 30.189 29.801 29.632 29.442 30.157
1126.8473 31.16 31.209 31.134 30.941 30.799 30.66 31.021 30.919 30.797 30.655 30.514 30.366 30.924 30.751 30.58 30.459 30.348 30.688 30.545 30.425 30.326 30.158 30.582 30.677 30.524 30.136 29.967 29.777 30.492
1154.0304 31.495 31.544 31.469 31.276 31.134 30.995 31.355 31.254 31.131 30.989 30.849 30.7 31.259 31.086 30.914 30.794 30.683 31.022 30.88 30.76 30.661 30.493 30.917 31.012 30.859 30.471 30.302 30.111 30.826
1181.8693 31.829 31.879 31.804 31.611 31.469 31.329 31.69 31.589 31.466 31.324 31.184 31.035 31.594 31.421 31.249 31.128 31.018 31.357 31.215 31.095 30.996 30.828 31.251 31.347 31.194 30.806 30.637 30.446 31.161
1210.3797 32.164 32.214 32.139 31.946 31.803 31.664 32.025 31.923 31.801 31.659 31.519 31.37 31.928 31.756 31.584 31.463 31.353 31.692 31.55 31.43 31.331 31.162 31.586 31.681 31.529 31.141 30.971 30.781 31.496
1239.5778 32.499 32.548 32.474 32.281 32.138 31.999 32.36 32.258 32.136 31.994 31.853 31.705 32.263 32.091 31.919 31.798 31.688 32.027 31.884 31.765 31.666 31.497 31.921 32.016 31.864 31.476 31.306 31.116 31.831
1269.4803 32.834 32.883 32.808 32.615 32.473 32.334 32.695 32.593 32.471 32.329 32.188 32.04 32.598 32.426 32.254 32.133 32.022 32.362 32.219 32.099 32.0 31.832 32.256 32.351 32.198 31.81 31.641 31.451 32.166
1300.1042 33.169 33.218 33.143 32.95 32.808 32.669 33.03 32.928 32.805 32.664 32.523 32.375 32.933 32.76 32.588 32.468 32.357 32.697 32.554 32.434 32.335 32.167 32.591 32.686 32.533 32.145 31.976 31.786 32.501
1331.4668 33.503 33.553 33.478 33.285 33.143 33.004 33.364 33.263 33.14 32.998 32.858 32.709 33.268 33.095 32.923 32.803 32.692 33.031 32.889 32.769 32.67 32.502 32.926 33.021 32.868 32.48 32.311 32.12 32.835
1363.586 33.838 33.888 33.813 33.62 33.478 33.338 33.699 33.598 33.475 33.333 33.193 33.044 33.603 33.43 33.258 33.137 33.027 33.366 33.224 33.104 33.005 32.837 33.26 33.356 33.203 32.815 32.646 32.455 33.17
1396.48 34.173 34.223 34.148 33.955 33.812 33.673 34.034 33.932 33.81 33.668 33.528 33.379 33.937 33.765 33.593 33.472 33.362 33.701 33.559 33.439 33.34 33.171 33.595 33.69 33.538 33.15 32.98 32.79 33.505
1430.1675 34.508 34.557 34.483 34.29 34.147 34.008 34.369 34.267 34.145 34.003 33.862 33.714 34.272 34.1 33.928 33.807 33.696 34.036 33.893 33.774 33.674 33.506 33.93 34.025 33.872 33.485 33.315 33.125 33.84
1464.6676 34.843 34.892 34.817 34.624 34.482 34.343 34.704 34.602 34.48 34.338 34.197 34.049 34.607 34.434 34.263 34.142 34.031 34.371 34.228 34.108 34.009 33.841 34.265 34.36 34.207 33.819 33.65 33.46 34.175
1500.0 35.178 35.227 35.152 34.959 34.817 34.678 35.039 34.937 34.814 34.673 34.532 34.384 34.942 34.769 34.597 34.477 34.366 34.706 34.563 34.443 34.344 34.176 34.6 34.695 34.542 34.154 33.985 33.794 34.509
