# %ECSV 1.0
# ---
# datatype:
# - {name: time, datatype: float64}
# - {name: swift_uvot_uvw2, datatype: float64}
# - {name: swift_uvot_uvm2, datatype: float64}
# - {name: swift_uvot_uvw1, datatype: float64}
# - {name: swift_uvot_U, datatype: float64}
# - {name: swift_uvot_B, datatype: float64}
# - {name: swift_uvot_V, datatype: float64}
# - {name: swift_uvot_W, datatype: float64}
# - {name: johnson_U, datatype: float64}
# - {name: johnson_B, datatype: float64}
# - {name: johnson_V, datatype: float64}
# - {name: johnson_R, datatype: float64}
# - {name: johnson_I, datatype: float64}
# - {name: sdss_u, datatype: float64}
# - {name: sdss_g, datatype: float64}
# - {name: sdss_r, datatype: float64}
# - {name: sdss_i, datatype: float64}
# - {name: sdss_z, datatype: float64}
# - {name: PS1_g, datatype: float64}
# - {name: PS1_r, datatype: float64}
# - {name: PS1_i, datatype: float64}
# - {name: PS1_z, datatype: float64}
# - {name: PS1_Y, datatype: float64}
# - {name: PS1_w, datatype: float64}
# - {name: ATLAS_c, datatype: float64}
# - {name: ATLAS_o, datatype: float64}
# - {name: ukirt_J, datatype: float64}
# - {name: ukirt_H, datatype: float64}
# - {name: ukirt_K, datatype: float64}
# - {name: Clear, datatype: float64}
# meta: !!omap
# - comment: [kappa = 10.0, type = villar, mass = 0.009763877790252312, velocity = 0.21800000000000003, theta_obs = 0.0]
# schema: astropy-2.0
time swift_uvot_uvw2 swift_uvot_uvm2 swift_uvot_uvw1 swift_uvot_U swift_uvot_B swift_uvot_V swift_uvot_W johnson_U johnson_B johnson_V johnson_R johnson_I sdss_u sdss_g sdss_r sdss_i sdss_z PS1_g PS1_r PS1_i PS1_z PS1_Y PS1_w ATLAS_c ATLAS_o ukirt_J ukirt_H ukirt_K Clear
0.001 nan nan nan nan nan nan nan nan nan nan nan nan nan nan nan nan nan nan nan nan nan nan nan nan nan nan nan nan nan
0.00103 -3.091 -3.237 -3.334 -3.452 -3.359 -3.174 -3.282 -3.445 -3.356 -3.165 -2.911 -2.58 -3.449 -3.304 -3.034 -2.787 -2.531 -3.293 -3.046 -2.8 -2.612 -2.531 -3.047 -3.2 -2.93 -1.975 -1.493 -0.915 -3.081
0.001061 -3.903 -3.977 -4.007 -3.986 -3.822 -3.583 -3.906 -3.967 -3.818 -3.575 -3.283 -2.92 -3.972 -3.748 -3.42 -3.144 -2.866 -3.734 -3.436 -3.162 -2.961 -2.888 -3.446 -3.621 -3.305 -2.28 -1.781 -1.19 -3.491
0.001094 -4.341 -4.376 -4.375 -4.288 -4.09 -3.826 -4.257 -4.262 -4.086 -3.817 -3.508 -3.13 -4.269 -4.008 -3.652 -3.361 -3.074 -3.991 -3.671 -3.383 -3.177 -3.112 -3.683 -3.869 -3.531 -2.473 -1.966 -1.369 -3.734
0.001127 -4.641 -4.651 -4.632 -4.503 -4.284 -4.005 -4.504 -4.473 -4.281 -3.996 -3.677 -3.289 -4.481 -4.197 -3.824 -3.525 -3.232 -4.18 -3.845 -3.55 -3.341 -3.282 -3.86 -4.052 -3.701 -2.622 -2.11 -1.509 -3.915
0.001161 -4.871 -4.863 -4.831 -4.673 -4.441 -4.152 -4.698 -4.642 -4.437 -4.142 -3.816 -3.421 -4.649 -4.35 -3.966 -3.661 -3.363 -4.333 -3.989 -3.688 -3.478 -3.424 -4.004 -4.201 -3.84 -2.747 -2.232 -1.628 -4.061
0.001196 -5.058 -5.037 -4.996 -4.817 -4.574 -4.278 -4.859 -4.784 -4.571 -4.268 -3.936 -3.537 -4.791 -4.481 -4.088 -3.779 -3.478 -4.464 -4.112 -3.808 -3.597 -3.548 -4.129 -4.328 -3.961 -2.858 -2.341 -1.734 -4.188
0.001232 -5.217 -5.186 -5.138 -4.943 -4.693 -4.39 -4.998 -4.908 -4.689 -4.38 -4.045 -3.642 -4.916 -4.597 -4.198 -3.886 -3.582 -4.58 -4.223 -3.916 -3.705 -3.659 -4.24 -4.442 -4.069 -2.959 -2.439 -1.831 -4.3
0.001269 -5.357 -5.317 -5.263 -5.056 -4.8 -4.492 -5.122 -5.02 -4.796 -4.483 -4.144 -3.738 -5.028 -4.703 -4.299 -3.984 -3.679 -4.686 -4.325 -4.015 -3.804 -3.762 -4.342 -4.545 -4.169 -3.052 -2.531 -1.922 -4.403
0.001308 -5.481 -5.434 -5.377 -5.16 -4.898 -4.588 -5.234 -5.123 -4.895 -4.578 -4.237 -3.829 -5.131 -4.8 -4.392 -4.075 -3.769 -4.784 -4.419 -4.108 -3.896 -3.857 -4.437 -4.642 -4.262 -3.14 -2.618 -2.008 -4.499
0.001347 -5.595 -5.542 -5.481 -5.256 -4.991 -4.677 -5.338 -5.219 -4.987 -4.667 -4.324 -3.915 -5.227 -4.892 -4.481 -4.162 -3.854 -4.875 -4.508 -4.196 -3.984 -3.947 -4.526 -4.732 -4.349 -3.224 -2.701 -2.09 -4.589
0.001388 -5.699 -5.642 -5.578 -5.347 -5.078 -4.762 -5.434 -5.309 -5.075 -4.752 -4.408 -3.997 -5.317 -4.978 -4.565 -4.245 -3.936 -4.962 -4.593 -4.279 -4.067 -4.032 -4.61 -4.817 -4.433 -3.304 -2.781 -2.169 -4.674
0.00143 -5.796 -5.735 -5.669 -5.432 -5.162 -4.844 -5.524 -5.394 -5.158 -4.834 -4.488 -4.075 -5.402 -5.061 -4.645 -4.324 -4.015 -5.045 -4.674 -4.359 -4.147 -4.114 -4.691 -4.899 -4.513 -3.382 -2.858 -2.245 -4.755
0.001473 -5.887 -5.823 -5.756 -5.514 -5.241 -4.922 -5.61 -5.475 -5.238 -4.912 -4.565 -4.152 -5.484 -5.14 -4.723 -4.401 -4.091 -5.124 -4.752 -4.436 -4.224 -4.192 -4.769 -4.978 -4.59 -3.457 -2.932 -2.32 -4.834
0.001518 -5.973 -5.906 -5.837 -5.593 -5.318 -4.997 -5.692 -5.554 -5.314 -4.987 -4.64 -4.226 -5.562 -5.217 -4.798 -4.475 -4.165 -5.2 -4.827 -4.511 -4.299 -4.268 -4.845 -5.054 -4.665 -3.53 -3.005 -2.392 -4.909
0.001564 -6.054 -5.986 -5.916 -5.668 -5.393 -5.071 -5.77 -5.629 -5.389 -5.061 -4.712 -4.298 -5.638 -5.291 -4.871 -4.548 -4.237 -5.275 -4.9 -4.584 -4.372 -4.342 -4.918 -5.127 -4.738 -3.602 -3.076 -2.463 -4.983
0.001611 -6.132 -6.062 -5.991 -5.742 -5.465 -5.142 -5.845 -5.702 -5.461 -5.132 -4.783 -4.368 -5.711 -5.363 -4.942 -4.618 -4.307 -5.347 -4.972 -4.655 -4.443 -4.414 -4.989 -5.199 -4.809 -3.672 -3.146 -2.532 -5.054
0.00166 -6.207 -6.136 -6.064 -5.813 -5.535 -5.212 -5.917 -5.773 -5.531 -5.202 -4.853 -4.437 -5.782 -5.433 -5.012 -4.688 -4.376 -5.417 -5.041 -4.724 -4.512 -4.484 -5.059 -5.269 -4.878 -3.74 -3.214 -2.601 -5.124
0.00171 -6.278 -6.206 -6.134 -5.882 -5.604 -5.28 -5.988 -5.842 -5.6 -5.27 -4.921 -4.505 -5.851 -5.502 -5.08 -4.756 -4.444 -5.485 -5.11 -4.793 -4.58 -4.552 -5.127 -5.337 -4.946 -3.808 -3.282 -2.668 -5.193
0.001761 -6.347 -6.275 -6.203 -5.95 -5.671 -5.347 -6.056 -5.91 -5.667 -5.337 -4.988 -4.572 -5.918 -5.569 -5.147 -4.822 -4.51 -5.553 -5.177 -4.859 -4.647 -4.619 -5.194 -5.404 -5.013 -3.874 -3.348 -2.734 -5.26
0.001815 -6.414 -6.342 -6.269 -6.016 -5.737 -5.413 -6.122 -5.976 -5.733 -5.403 -5.053 -4.637 -5.984 -5.635 -5.212 -4.888 -4.576 -5.619 -5.242 -4.925 -4.713 -4.685 -5.26 -5.47 -5.079 -3.94 -3.414 -2.8 -5.325
0.00187 -6.479 -6.406 -6.334 -6.08 -5.802 -5.478 -6.187 -6.041 -5.798 -5.468 -5.118 -4.702 -6.049 -5.699 -5.277 -4.953 -4.641 -5.683 -5.307 -4.99 -4.778 -4.75 -5.325 -5.535 -5.144 -4.004 -3.478 -2.865 -5.39
0.001926 -6.542 -6.47 -6.397 -6.144 -5.866 -5.542 -6.25 -6.104 -5.862 -5.532 -5.182 -4.766 -6.113 -5.763 -5.341 -5.017 -4.705 -5.747 -5.371 -5.054 -4.841 -4.814 -5.389 -5.599 -5.208 -4.068 -3.543 -2.929 -5.454
0.001984 -6.603 -6.531 -6.459 -6.206 -5.928 -5.605 -6.312 -6.167 -5.925 -5.595 -5.245 -4.829 -6.175 -5.826 -5.404 -5.08 -4.768 -5.81 -5.434 -5.117 -4.904 -4.876 -5.452 -5.662 -5.271 -4.132 -3.606 -2.992 -5.517
0.002044 -6.663 -6.592 -6.52 -6.268 -5.99 -5.667 -6.373 -6.228 -5.986 -5.657 -5.307 -4.892 -6.237 -5.888 -5.466 -5.142 -4.83 -5.872 -5.496 -5.179 -4.967 -4.938 -5.514 -5.724 -5.333 -4.194 -3.669 -3.055 -5.579
0.002106 -6.721 -6.651 -6.579 -6.328 -6.051 -5.728 -6.433 -6.289 -6.047 -5.718 -5.369 -4.954 -6.297 -5.949 -5.528 -5.204 -4.892 -5.933 -5.558 -5.241 -5.028 -5.0 -5.575 -5.785 -5.395 -4.257 -3.731 -3.117 -5.64
0.00217 -6.778 -6.709 -6.638 -6.388 -6.111 -5.789 -6.491 -6.349 -6.108 -5.779 -5.43 -5.015 -6.357 -6.009 -5.589 -5.265 -4.954 -5.993 -5.618 -5.302 -5.089 -5.06 -5.636 -5.845 -5.455 -4.318 -3.793 -3.179 -5.701
0.002236 -6.834 -6.765 -6.695 -6.447 -6.171 -5.849 -6.549 -6.408 -6.167 -5.839 -5.49 -5.076 -6.416 -6.069 -5.649 -5.326 -5.015 -6.053 -5.679 -5.362 -5.15 -5.12 -5.696 -5.905 -5.516 -4.379 -3.854 -3.241 -5.761
0.002303 -6.889 -6.821 -6.752 -6.505 -6.23 -5.909 -6.605 -6.466 -6.226 -5.899 -5.55 -5.136 -6.474 -6.128 -5.709 -5.386 -5.075 -6.112 -5.738 -5.422 -5.21 -5.18 -5.756 -5.965 -5.576 -4.44 -3.915 -3.302 -5.821
0.002373 -6.942 -6.876 -6.807 -6.562 -6.288 -5.967 -6.661 -6.524 -6.284 -5.957 -5.61 -5.196 -6.532 -6.187 -5.768 -5.445 -5.135 -6.17 -5.797 -5.481 -5.269 -5.238 -5.815 -6.024 -5.635 -4.5 -3.975 -3.362 -5.879
0.002445 -6.995 -6.93 -6.862 -6.619 -6.346 -6.026 -6.716 -6.58 -6.342 -6.016 -5.669 -5.255 -6.589 -6.245 -5.827 -5.505 -5.194 -6.228 -5.856 -5.54 -5.328 -5.297 -5.873 -6.082 -5.694 -4.56 -4.035 -3.422 -5.938
0.002519 -7.047 -6.983 -6.916 -6.675 -6.403 -6.084 -6.771 -6.637 -6.399 -6.074 -5.727 -5.314 -6.645 -6.302 -5.885 -5.563 -5.253 -6.286 -5.914 -5.599 -5.386 -5.354 -5.931 -6.14 -5.753 -4.62 -4.095 -3.482 -5.996
0.002595 -7.097 -7.036 -6.969 -6.731 -6.46 -6.141 -6.824 -6.693 -6.456 -6.131 -5.785 -5.373 -6.701 -6.359 -5.943 -5.622 -5.312 -6.343 -5.971 -5.657 -5.444 -5.412 -5.989 -6.197 -5.811 -4.679 -4.154 -3.542 -6.053
0.002673 -7.147 -7.087 -7.022 -6.786 -6.516 -6.198 -6.877 -6.748 -6.512 -6.189 -5.843 -5.431 -6.756 -6.416 -6.0 -5.68 -5.37 -6.399 -6.029 -5.714 -5.502 -5.469 -6.046 -6.254 -5.868 -4.738 -4.214 -3.601 -6.11
0.002754 -7.196 -7.138 -7.074 -6.841 -6.572 -6.255 -6.93 -6.803 -6.568 -6.245 -5.9 -5.489 -6.811 -6.472 -6.057 -5.737 -5.428 -6.455 -6.086 -5.772 -5.559 -5.525 -6.103 -6.31 -5.926 -4.796 -4.272 -3.66 -6.167
0.002837 -7.245 -7.189 -7.125 -6.895 -6.627 -6.311 -6.981 -6.857 -6.623 -6.302 -5.957 -5.546 -6.865 -6.527 -6.114 -5.794 -5.486 -6.511 -6.142 -5.829 -5.616 -5.581 -6.16 -6.366 -5.982 -4.854 -4.331 -3.719 -6.223
0.002923 -7.293 -7.238 -7.176 -6.948 -6.682 -6.367 -7.032 -6.911 -6.678 -6.358 -6.014 -5.604 -6.919 -6.583 -6.171 -5.851 -5.543 -6.566 -6.198 -5.885 -5.673 -5.637 -6.216 -6.422 -6.039 -4.912 -4.389 -3.778 -6.279
0.003012 -7.339 -7.287 -7.226 -7.002 -6.737 -6.423 -7.083 -6.964 -6.733 -6.413 -6.07 -5.661 -6.972 -6.638 -6.227 -5.908 -5.6 -6.621 -6.254 -5.941 -5.729 -5.692 -6.272 -6.478 -6.095 -4.97 -4.447 -3.836 -6.334
0.003103 -7.386 -7.336 -7.276 -7.054 -6.791 -6.478 -7.133 -7.017 -6.787 -6.468 -6.126 -5.717 -7.025 -6.692 -6.282 -5.964 -5.657 -6.675 -6.31 -5.997 -5.785 -5.748 -6.327 -6.533 -6.151 -5.027 -4.505 -3.894 -6.39
0.003196 -7.431 -7.383 -7.325 -7.107 -6.845 -6.533 -7.183 -7.07 -6.841 -6.523 -6.182 -5.774 -7.078 -6.746 -6.338 -6.021 -5.714 -6.73 -6.365 -6.053 -5.841 -5.803 -6.382 -6.587 -6.207 -5.085 -4.563 -3.952 -6.444
0.003293 -7.476 -7.431 -7.374 -7.159 -6.898 -6.588 -7.232 -7.122 -6.894 -6.578 -6.237 -5.83 -7.13 -6.8 -6.393 -6.076 -5.77 -6.783 -6.42 -6.109 -5.897 -5.857 -6.437 -6.642 -6.262 -5.142 -4.62 -4.01 -6.499
0.003393 -7.521 -7.477 -7.422 -7.21 -6.951 -6.642 -7.28 -7.174 -6.948 -6.632 -6.293 -5.886 -7.182 -6.854 -6.448 -6.132 -5.826 -6.837 -6.474 -6.164 -5.952 -5.911 -6.492 -6.696 -6.318 -5.199 -4.677 -4.067 -6.553
0.003495 -7.565 -7.524 -7.47 -7.261 -7.004 -6.696 -7.329 -7.225 -7.0 -6.687 -6.348 -5.942 -7.233 -6.907 -6.503 -6.187 -5.882 -6.89 -6.529 -6.219 -6.007 -5.966 -6.546 -6.75 -6.373 -5.255 -4.734 -4.125 -6.607
0.003601 -7.608 -7.569 -7.517 -7.312 -7.057 -6.75 -7.376 -7.276 -7.053 -6.74 -6.402 -5.997 -7.284 -6.96 -6.557 -6.242 -5.938 -6.943 -6.583 -6.274 -6.062 -6.019 -6.6 -6.803 -6.427 -5.312 -4.791 -4.182 -6.661
0.00371 -7.651 -7.615 -7.564 -7.363 -7.109 -6.804 -7.424 -7.327 -7.105 -6.794 -6.457 -6.053 -7.335 -7.013 -6.611 -6.297 -5.993 -6.996 -6.637 -6.328 -6.117 -6.073 -6.654 -6.856 -6.482 -5.368 -4.848 -4.239 -6.715
0.003822 -7.693 -7.659 -7.61 -7.413 -7.161 -6.857 -7.471 -7.378 -7.157 -6.847 -6.511 -6.108 -7.386 -7.065 -6.665 -6.352 -6.048 -7.048 -6.69 -6.382 -6.171 -6.127 -6.707 -6.909 -6.536 -5.424 -4.904 -4.296 -6.768
0.003938 -7.735 -7.704 -7.656 -7.463 -7.213 -6.91 -7.517 -7.428 -7.209 -6.901 -6.565 -6.163 -7.436 -7.117 -6.719 -6.407 -6.103 -7.1 -6.744 -6.437 -6.225 -6.18 -6.761 -6.962 -6.59 -5.48 -4.961 -4.353 -6.821
0.004057 -7.776 -7.748 -7.702 -7.512 -7.264 -6.963 -7.563 -7.478 -7.26 -6.953 -6.619 -6.217 -7.486 -7.169 -6.772 -6.461 -6.158 -7.152 -6.797 -6.49 -6.279 -6.233 -6.814 -7.015 -6.644 -5.535 -5.017 -4.409 -6.874
0.00418 -7.817 -7.791 -7.747 -7.561 -7.315 -7.016 -7.609 -7.527 -7.312 -7.006 -6.673 -6.272 -7.535 -7.221 -6.826 -6.515 -6.213 -7.204 -6.85 -6.544 -6.333 -6.286 -6.867 -7.067 -6.697 -5.591 -5.073 -4.466 -6.926
0.004306 -7.857 -7.834 -7.792 -7.61 -7.366 -7.068 -7.655 -7.576 -7.362 -7.058 -6.726 -6.326 -7.584 -7.272 -6.879 -6.569 -6.267 -7.255 -6.903 -6.598 -6.387 -6.338 -6.919 -7.119 -6.751 -5.646 -5.129 -4.522 -6.978
0.004436 -7.897 -7.877 -7.836 -7.659 -7.417 -7.12 -7.7 -7.625 -7.413 -7.111 -6.779 -6.381 -7.633 -7.324 -6.932 -6.623 -6.322 -7.307 -6.955 -6.651 -6.44 -6.391 -6.972 -7.171 -6.804 -5.702 -5.185 -4.578 -7.031
0.00457 -7.936 -7.919 -7.88 -7.707 -7.467 -7.172 -7.744 -7.674 -7.464 -7.163 -6.833 -6.435 -7.682 -7.375 -6.984 -6.676 -6.376 -7.357 -7.008 -6.704 -6.494 -6.443 -7.024 -7.223 -6.857 -5.757 -5.24 -4.634 -7.082
0.004709 -7.975 -7.96 -7.924 -7.755 -7.517 -7.224 -7.789 -7.723 -7.514 -7.215 -6.885 -6.489 -7.73 -7.425 -7.037 -6.73 -6.43 -7.408 -7.06 -6.757 -6.547 -6.496 -7.076 -7.274 -6.91 -5.812 -5.296 -4.69 -7.134
0.004851 -8.014 -8.002 -7.967 -7.803 -7.567 -7.276 -7.833 -7.771 -7.564 -7.266 -6.938 -6.542 -7.778 -7.476 -7.089 -6.783 -6.484 -7.459 -7.112 -6.81 -6.6 -6.548 -7.128 -7.325 -6.963 -5.867 -5.351 -4.746 -7.186
0.004998 -8.052 -8.043 -8.01 -7.85 -7.617 -7.327 -7.876 -7.819 -7.613 -7.318 -6.991 -6.596 -7.826 -7.526 -7.141 -6.836 -6.538 -7.509 -7.164 -6.863 -6.653 -6.6 -7.18 -7.376 -7.015 -5.921 -5.406 -4.802 -7.237
0.005149 -8.089 -8.083 -8.052 -7.898 -7.667 -7.378 -7.92 -7.866 -7.663 -7.369 -7.043 -6.649 -7.874 -7.576 -7.193 -6.889 -6.591 -7.559 -7.216 -6.915 -6.706 -6.651 -7.231 -7.427 -7.067 -5.976 -5.462 -4.857 -7.288
0.005305 -8.126 -8.123 -8.095 -7.945 -7.716 -7.429 -7.963 -7.914 -7.712 -7.42 -7.095 -6.703 -7.921 -7.626 -7.245 -6.942 -6.645 -7.609 -7.267 -6.968 -6.758 -6.703 -7.283 -7.478 -7.12 -6.031 -5.517 -4.913 -7.339
0.005465 -8.163 -8.163 -8.136 -7.991 -7.765 -7.48 -8.006 -7.961 -7.761 -7.471 -7.148 -6.756 -7.968 -7.676 -7.297 -6.994 -6.698 -7.659 -7.318 -7.02 -6.811 -6.755 -7.334 -7.528 -7.172 -6.085 -5.572 -4.968 -7.39
0.00563 -8.199 -8.203 -8.178 -8.038 -7.814 -7.531 -8.048 -8.008 -7.81 -7.521 -7.199 -6.809 -8.015 -7.725 -7.348 -7.047 -6.751 -7.708 -7.37 -7.072 -6.863 -6.806 -7.385 -7.579 -7.223 -6.139 -5.626 -5.024 -7.44
0.005801 -8.235 -8.241 -8.219 -8.084 -7.862 -7.581 -8.09 -8.054 -7.859 -7.572 -7.251 -6.862 -8.062 -7.774 -7.399 -7.099 -6.804 -7.758 -7.421 -7.124 -6.915 -6.857 -7.436 -7.629 -7.275 -6.193 -5.681 -5.079 -7.491
0.005976 -8.271 -8.28 -8.26 -8.13 -7.911 -7.632 -8.132 -8.101 -7.907 -7.622 -7.303 -6.915 -8.108 -7.824 -7.45 -7.151 -6.857 -7.807 -7.472 -7.176 -6.967 -6.908 -7.486 -7.679 -7.327 -6.247 -5.736 -5.134 -7.541
0.006157 -8.306 -8.318 -8.301 -8.176 -7.959 -7.682 -8.174 -8.147 -7.956 -7.672 -7.354 -6.967 -8.154 -7.872 -7.501 -7.203 -6.91 -7.856 -7.522 -7.227 -7.019 -6.959 -7.537 -7.728 -7.378 -6.301 -5.79 -5.189 -7.591
0.006343 -8.34 -8.356 -8.341 -8.221 -8.007 -7.732 -8.215 -8.193 -8.004 -7.722 -7.406 -7.02 -8.2 -7.921 -7.552 -7.255 -6.963 -7.904 -7.573 -7.279 -7.071 -7.01 -7.587 -7.778 -7.429 -6.355 -5.845 -5.244 -7.641
0.006535 -8.374 -8.394 -8.381 -8.266 -8.055 -7.782 -8.256 -8.238 -8.051 -7.772 -7.457 -7.072 -8.245 -7.97 -7.603 -7.307 -7.016 -7.953 -7.623 -7.33 -7.123 -7.061 -7.637 -7.827 -7.48 -6.409 -5.899 -5.299 -7.691
0.006732 -8.408 -8.431 -8.42 -8.311 -8.103 -7.831 -8.297 -8.284 -8.099 -7.822 -7.508 -7.125 -8.291 -8.018 -7.654 -7.359 -7.068 -8.001 -7.673 -7.382 -7.174 -7.112 -7.687 -7.876 -7.531 -6.462 -5.953 -5.354 -7.74
0.006936 -8.442 -8.468 -8.459 -8.356 -8.15 -7.881 -8.337 -8.329 -8.147 -7.872 -7.559 -7.177 -8.336 -8.066 -7.704 -7.41 -7.12 -8.05 -7.724 -7.433 -7.226 -7.163 -7.737 -7.925 -7.582 -6.516 -6.008 -5.408 -7.789
0.007146 -8.475 -8.504 -8.498 -8.401 -8.197 -7.93 -8.377 -8.374 -8.194 -7.921 -7.61 -7.229 -8.381 -8.114 -7.754 -7.462 -7.173 -8.098 -7.774 -7.484 -7.277 -7.213 -7.787 -7.974 -7.633 -6.569 -6.062 -5.463 -7.839
0.007362 -8.507 -8.54 -8.537 -8.445 -8.245 -7.979 -8.417 -8.419 -8.241 -7.97 -7.66 -7.281 -8.426 -8.162 -7.804 -7.513 -7.225 -8.146 -7.823 -7.535 -7.329 -7.264 -7.836 -8.023 -7.683 -6.623 -6.116 -5.518 -7.888
0.007585 -8.54 -8.576 -8.575 -8.489 -8.291 -8.028 -8.457 -8.463 -8.288 -8.019 -7.711 -7.333 -8.47 -8.21 -7.854 -7.564 -7.277 -8.193 -7.873 -7.586 -7.38 -7.314 -7.886 -8.072 -7.734 -6.676 -6.17 -5.572 -7.937
0.007814 -8.571 -8.611 -8.613 -8.533 -8.338 -8.077 -8.496 -8.508 -8.335 -8.068 -7.761 -7.384 -8.514 -8.257 -7.904 -7.615 -7.329 -8.241 -7.923 -7.636 -7.431 -7.364 -7.935 -8.12 -7.784 -6.729 -6.223 -5.626 -7.985
0.00805 -8.603 -8.646 -8.651 -8.576 -8.385 -8.126 -8.535 -8.552 -8.381 -8.117 -7.811 -7.436 -8.558 -8.304 -7.954 -7.666 -7.38 -8.288 -7.972 -7.687 -7.482 -7.415 -7.984 -8.168 -7.834 -6.782 -6.277 -5.681 -8.034
0.008294 -8.634 -8.68 -8.688 -8.62 -8.431 -8.174 -8.574 -8.595 -8.427 -8.165 -7.862 -7.487 -8.602 -8.351 -8.003 -7.717 -7.432 -8.335 -8.021 -7.737 -7.533 -7.465 -8.033 -8.216 -7.884 -6.835 -6.331 -5.735 -8.083
0.008545 -8.665 -8.715 -8.725 -8.663 -8.477 -8.223 -8.613 -8.639 -8.474 -8.214 -7.912 -7.539 -8.646 -8.398 -8.053 -7.767 -7.484 -8.382 -8.071 -7.788 -7.584 -7.515 -8.082 -8.264 -7.934 -6.888 -6.385 -5.789 -8.131
0.008803 -8.695 -8.748 -8.762 -8.706 -8.523 -8.271 -8.651 -8.683 -8.519 -8.262 -7.961 -7.59 -8.689 -8.445 -8.102 -7.818 -7.535 -8.429 -8.12 -7.838 -7.634 -7.565 -8.131 -8.312 -7.984 -6.941 -6.438 -5.843 -8.179
0.009069 -8.725 -8.782 -8.798 -8.748 -8.569 -8.319 -8.689 -8.726 -8.565 -8.31 -8.011 -7.641 -8.732 -8.491 -8.151 -7.868 -7.587 -8.476 -8.168 -7.888 -7.685 -7.615 -8.179 -8.36 -8.034 -6.994 -6.492 -5.898 -8.227
0.009344 -8.754 -8.815 -8.834 -8.791 -8.614 -8.367 -8.727 -8.769 -8.611 -8.358 -8.061 -7.692 -8.775 -8.538 -8.2 -7.919 -7.638 -8.522 -8.217 -7.938 -7.735 -7.664 -8.228 -8.407 -8.083 -7.046 -6.545 -5.952 -8.275
0.009626 -8.783 -8.848 -8.87 -8.833 -8.66 -8.415 -8.764 -8.811 -8.656 -8.406 -8.11 -7.743 -8.817 -8.584 -8.249 -7.969 -7.689 -8.569 -8.266 -7.988 -7.786 -7.714 -8.276 -8.454 -8.133 -7.099 -6.598 -6.006 -8.323
0.009917 -8.812 -8.88 -8.905 -8.875 -8.705 -8.463 -8.801 -8.854 -8.701 -8.454 -8.16 -7.794 -8.86 -8.63 -8.298 -8.019 -7.74 -8.615 -8.314 -8.038 -7.836 -7.764 -8.324 -8.501 -8.182 -7.152 -6.652 -6.059 -8.37
0.010217 -8.84 -8.912 -8.94 -8.916 -8.75 -8.51 -8.838 -8.896 -8.746 -8.501 -8.209 -7.845 -8.902 -8.676 -8.346 -8.069 -7.791 -8.661 -8.363 -8.087 -7.886 -7.813 -8.372 -8.548 -8.231 -7.204 -6.705 -6.113 -8.418
0.010526 -8.868 -8.944 -8.975 -8.958 -8.795 -8.557 -8.875 -8.938 -8.791 -8.549 -8.258 -7.896 -8.944 -8.722 -8.395 -8.119 -7.842 -8.707 -8.411 -8.137 -7.936 -7.863 -8.42 -8.595 -8.28 -7.256 -6.758 -6.167 -8.465
0.010845 -8.896 -8.975 -9.009 -8.999 -8.839 -8.605 -8.911 -8.98 -8.836 -8.596 -8.307 -7.946 -8.986 -8.767 -8.443 -8.169 -7.893 -8.753 -8.459 -8.186 -7.986 -7.912 -8.468 -8.642 -8.329 -7.309 -6.811 -6.221 -8.512
0.011173 -8.923 -9.006 -9.043 -9.04 -8.884 -8.652 -8.948 -9.022 -8.88 -8.643 -8.356 -7.997 -9.027 -8.812 -8.491 -8.218 -7.943 -8.798 -8.507 -8.236 -8.036 -7.962 -8.515 -8.688 -8.378 -7.361 -6.864 -6.275 -8.559
0.011511 -8.95 -9.036 -9.077 -9.081 -8.928 -8.699 -8.983 -9.063 -8.925 -8.69 -8.405 -8.047 -9.069 -8.858 -8.539 -8.268 -7.994 -8.844 -8.555 -8.285 -8.086 -8.011 -8.563 -8.735 -8.426 -7.413 -6.917 -6.328 -8.606
0.011859 -8.976 -9.066 -9.111 -9.121 -8.972 -8.745 -9.019 -9.104 -8.969 -8.737 -8.453 -8.097 -9.11 -8.903 -8.587 -8.317 -8.045 -8.889 -8.603 -8.334 -8.136 -8.06 -8.61 -8.781 -8.475 -7.465 -6.97 -6.382 -8.653
0.012217 -9.002 -9.096 -9.144 -9.162 -9.016 -8.792 -9.055 -9.145 -9.013 -8.783 -8.502 -8.147 -9.15 -8.947 -8.635 -8.367 -8.095 -8.934 -8.65 -8.383 -8.185 -8.109 -8.657 -8.827 -8.523 -7.517 -7.023 -6.435 -8.699
0.012587 -9.027 -9.125 -9.177 -9.202 -9.06 -8.838 -9.09 -9.186 -9.056 -8.83 -8.55 -8.197 -9.191 -8.992 -8.683 -8.416 -8.145 -8.979 -8.698 -8.432 -8.235 -8.158 -8.704 -8.873 -8.571 -7.569 -7.075 -6.489 -8.746
0.012968 -9.052 -9.154 -9.209 -9.241 -9.103 -8.885 -9.125 -9.226 -9.1 -8.876 -8.599 -8.247 -9.231 -9.037 -8.73 -8.465 -8.195 -9.023 -8.745 -8.481 -8.284 -8.207 -8.751 -8.918 -8.62 -7.621 -7.128 -6.542 -8.792
0.01336 -9.077 -9.183 -9.241 -9.281 -9.147 -8.931 -9.159 -9.266 -9.143 -8.922 -8.647 -8.297 -9.271 -9.081 -8.778 -8.514 -8.246 -9.068 -8.792 -8.53 -8.334 -8.256 -8.798 -8.964 -8.668 -7.672 -7.181 -6.595 -8.838
0.013764 -9.101 -9.211 -9.273 -9.32 -9.19 -8.977 -9.194 -9.306 -9.186 -8.968 -8.695 -8.347 -9.311 -9.125 -8.825 -8.563 -8.296 -9.112 -8.839 -8.578 -8.383 -8.305 -8.844 -9.009 -8.715 -7.724 -7.233 -6.649 -8.884
0.01418 -9.125 -9.239 -9.305 -9.359 -9.233 -9.023 -9.228 -9.346 -9.229 -9.014 -8.743 -8.397 -9.351 -9.169 -8.872 -8.611 -8.346 -9.156 -8.886 -8.627 -8.432 -8.354 -8.891 -9.055 -8.763 -7.776 -7.286 -6.702 -8.93
0.014609 -9.149 -9.266 -9.336 -9.398 -9.275 -9.069 -9.262 -9.385 -9.272 -9.06 -8.79 -8.446 -9.39 -9.213 -8.919 -8.66 -8.395 -9.201 -8.933 -8.675 -8.481 -8.403 -8.937 -9.1 -8.811 -7.827 -7.338 -6.755 -8.976
0.015051 -9.172 -9.293 -9.367 -9.437 -9.318 -9.114 -9.295 -9.425 -9.315 -9.106 -8.838 -8.496 -9.429 -9.256 -8.966 -8.709 -8.445 -9.244 -8.98 -8.723 -8.53 -8.451 -8.983 -9.145 -8.858 -7.879 -7.391 -6.808 -9.021
0.015506 -9.194 -9.32 -9.397 -9.475 -9.36 -9.159 -9.329 -9.464 -9.357 -9.151 -8.886 -8.545 -9.468 -9.3 -9.013 -8.757 -8.495 -9.288 -9.026 -8.772 -8.579 -8.5 -9.029 -9.19 -8.906 -7.93 -7.443 -6.862 -9.066
0.015975 -9.217 -9.346 -9.427 -9.513 -9.403 -9.205 -9.362 -9.503 -9.399 -9.196 -8.933 -8.594 -9.507 -9.343 -9.059 -8.805 -8.544 -9.332 -9.073 -8.82 -8.628 -8.548 -9.075 -9.234 -8.953 -7.981 -7.495 -6.915 -9.112
0.016458 -9.238 -9.372 -9.457 -9.551 -9.445 -9.25 -9.395 -9.541 -9.441 -9.242 -8.98 -8.644 -9.546 -9.386 -9.106 -8.854 -8.594 -9.375 -9.119 -8.868 -8.677 -8.597 -9.121 -9.279 -9.0 -8.033 -7.548 -6.968 -9.157
0.016956 -9.26 -9.397 -9.487 -9.589 -9.486 -9.295 -9.428 -9.579 -9.483 -9.287 -9.028 -8.693 -9.584 -9.429 -9.152 -8.902 -8.643 -9.418 -9.165 -8.915 -8.726 -8.645 -9.167 -9.323 -9.047 -8.084 -7.6 -7.021 -9.202
0.017469 -9.281 -9.422 -9.516 -9.626 -9.528 -9.34 -9.46 -9.618 -9.525 -9.331 -9.075 -8.742 -9.622 -9.472 -9.198 -8.95 -8.692 -9.461 -9.211 -8.963 -8.774 -8.694 -9.212 -9.367 -9.094 -8.135 -7.652 -7.073 -9.247
0.017997 -9.301 -9.447 -9.545 -9.663 -9.569 -9.384 -9.492 -9.655 -9.566 -9.376 -9.121 -8.791 -9.659 -9.514 -9.244 -8.998 -8.742 -9.504 -9.257 -9.011 -8.823 -8.742 -9.257 -9.411 -9.141 -8.186 -7.704 -7.126 -9.291
0.018541 -9.321 -9.471 -9.573 -9.7 -9.611 -9.429 -9.524 -9.693 -9.607 -9.421 -9.168 -8.839 -9.697 -9.557 -9.29 -9.045 -8.791 -9.547 -9.303 -9.058 -8.871 -8.79 -9.303 -9.455 -9.188 -8.237 -7.756 -7.179 -9.336
0.019102 -9.341 -9.495 -9.601 -9.736 -9.652 -9.473 -9.556 -9.73 -9.648 -9.465 -9.215 -8.888 -9.734 -9.599 -9.336 -9.093 -8.84 -9.589 -9.348 -9.106 -8.92 -8.838 -9.348 -9.498 -9.234 -8.288 -7.808 -7.232 -9.38
0.01968 -9.36 -9.518 -9.629 -9.773 -9.692 -9.517 -9.587 -9.767 -9.689 -9.509 -9.262 -8.937 -9.771 -9.641 -9.382 -9.141 -8.889 -9.631 -9.394 -9.153 -8.968 -8.886 -9.392 -9.542 -9.281 -8.339 -7.86 -7.285 -9.424
0.020275 -9.379 -9.541 -9.656 -9.809 -9.733 -9.561 -9.618 -9.804 -9.73 -9.553 -9.308 -8.985 -9.808 -9.682 -9.427 -9.188 -8.937 -9.674 -9.439 -9.2 -9.016 -8.934 -9.437 -9.585 -9.327 -8.389 -7.911 -7.337 -9.468
0.020888 -9.397 -9.564 -9.683 -9.844 -9.773 -9.605 -9.649 -9.841 -9.77 -9.597 -9.354 -9.034 -9.844 -9.724 -9.473 -9.235 -8.986 -9.715 -9.484 -9.248 -9.064 -8.982 -9.482 -9.628 -9.373 -8.44 -7.963 -7.39 -9.512
0.02152 -9.415 -9.586 -9.71 -9.88 -9.813 -9.649 -9.68 -9.877 -9.81 -9.641 -9.4 -9.082 -9.88 -9.765 -9.518 -9.283 -9.035 -9.757 -9.53 -9.295 -9.112 -9.03 -9.526 -9.671 -9.419 -8.491 -8.015 -7.443 -9.556
0.022171 -9.432 -9.607 -9.736 -9.915 -9.853 -9.692 -9.71 -9.913 -9.85 -9.685 -9.446 -9.13 -9.916 -9.807 -9.563 -9.33 -9.083 -9.799 -9.574 -9.341 -9.16 -9.078 -9.571 -9.714 -9.465 -8.541 -8.066 -7.495 -9.6
0.022841 -9.449 -9.628 -9.762 -9.95 -9.893 -9.736 -9.74 -9.949 -9.89 -9.728 -9.492 -9.178 -9.952 -9.848 -9.608 -9.377 -9.132 -9.84 -9.619 -9.388 -9.207 -9.125 -9.615 -9.757 -9.511 -8.592 -8.118 -7.548 -9.643
0.023532 -9.466 -9.649 -9.788 -9.984 -9.933 -9.779 -9.77 -9.984 -9.93 -9.771 -9.538 -9.226 -9.987 -9.888 -9.653 -9.423 -9.18 -9.881 -9.664 -9.435 -9.255 -9.173 -9.659 -9.799 -9.556 -8.642 -8.17 -7.6 -9.687
0.024244 -9.482 -9.669 -9.813 -10.019 -9.972 -9.822 -9.8 -10.019 -9.969 -9.814 -9.584 -9.274 -10.022 -9.929 -9.697 -9.47 -9.228 -9.922 -9.708 -9.481 -9.303 -9.221 -9.703 -9.842 -9.602 -8.692 -8.221 -7.652 -9.73
0.024977 -9.497 -9.689 -9.838 -10.053 -10.011 -9.865 -9.829 -10.054 -10.008 -9.857 -9.629 -9.322 -10.057 -9.969 -9.742 -9.517 -9.276 -9.963 -9.753 -9.528 -9.35 -9.268 -9.746 -9.884 -9.647 -8.743 -8.272 -7.705 -9.773
0.025733 -9.512 -9.708 -9.862 -10.087 -10.05 -9.907 -9.858 -10.089 -10.047 -9.9 -9.675 -9.37 -10.091 -10.01 -9.786 -9.563 -9.324 -10.004 -9.797 -9.574 -9.398 -9.315 -9.79 -9.926 -9.692 -8.793 -8.324 -7.757 -9.816
0.026511 -9.527 -9.727 -9.886 -10.12 -10.089 -9.95 -9.887 -10.123 -10.086 -9.943 -9.72 -9.417 -10.126 -10.05 -9.831 -9.61 -9.372 -10.044 -9.841 -9.62 -9.445 -9.363 -9.833 -9.967 -9.738 -8.843 -8.375 -7.809 -9.858
0.027313 -9.541 -9.746 -9.91 -10.153 -10.127 -9.992 -9.915 -10.158 -10.124 -9.985 -9.765 -9.465 -10.16 -10.089 -9.875 -9.656 -9.42 -10.085 -9.885 -9.667 -9.492 -9.41 -9.877 -10.009 -9.783 -8.893 -8.426 -7.862 -9.901
0.028139 -9.555 -9.764 -9.933 -10.186 -10.165 -10.034 -9.944 -10.191 -10.163 -10.027 -9.81 -9.512 -10.193 -10.129 -9.918 -9.702 -9.468 -10.125 -9.929 -9.713 -9.539 -9.457 -9.92 -10.05 -9.827 -8.943 -8.478 -7.914 -9.943
0.02899 -9.568 -9.781 -9.956 -10.219 -10.203 -10.076 -9.972 -10.225 -10.201 -10.069 -9.855 -9.559 -10.227 -10.168 -9.962 -9.748 -9.515 -10.164 -9.973 -9.758 -9.586 -9.504 -9.963 -10.092 -9.872 -8.993 -8.529 -7.966 -9.985
0.029867 -9.581 -9.798 -9.978 -10.251 -10.241 -10.118 -10.0 -10.258 -10.238 -10.111 -9.9 -9.606 -10.26 -10.208 -10.006 -9.794 -9.563 -10.204 -10.016 -9.804 -9.633 -9.551 -10.006 -10.133 -9.917 -9.043 -8.58 -8.018 -10.027
0.03077 -9.593 -9.815 -10.0 -10.283 -10.279 -10.16 -10.027 -10.291 -10.276 -10.153 -9.944 -9.654 -10.293 -10.246 -10.049 -9.84 -9.61 -10.244 -10.059 -9.85 -9.68 -9.598 -10.048 -10.173 -9.961 -9.092 -8.631 -8.07 -10.069
0.031701 -9.605 -9.831 -10.022 -10.315 -10.316 -10.201 -10.055 -10.324 -10.313 -10.194 -9.989 -9.7 -10.325 -10.285 -10.093 -9.885 -9.658 -10.283 -10.103 -9.895 -9.727 -9.645 -10.091 -10.214 -10.005 -9.142 -8.682 -8.122 -10.111
0.032659 -9.616 -9.846 -10.043 -10.346 -10.353 -10.242 -10.082 -10.356 -10.35 -10.236 -10.033 -9.747 -10.357 -10.324 -10.136 -9.931 -9.705 -10.322 -10.146 -9.941 -9.773 -9.692 -10.133 -10.255 -10.049 -9.192 -8.733 -8.174 -10.152
0.033647 -9.627 -9.861 -10.064 -10.378 -10.39 -10.284 -10.108 -10.388 -10.387 -10.277 -10.077 -9.794 -10.389 -10.362 -10.179 -9.976 -9.752 -10.361 -10.188 -9.986 -9.82 -9.738 -10.175 -10.295 -10.093 -9.241 -8.783 -8.226 -10.194
0.034665 -9.637 -9.876 -10.085 -10.408 -10.426 -10.324 -10.135 -10.42 -10.424 -10.318 -10.121 -9.841 -10.421 -10.4 -10.222 -10.021 -9.799 -10.399 -10.231 -10.031 -9.866 -9.785 -10.217 -10.335 -10.137 -9.291 -8.834 -8.278 -10.235
0.035713 -9.647 -9.89 -10.105 -10.439 -10.463 -10.365 -10.161 -10.452 -10.46 -10.359 -10.165 -9.887 -10.452 -10.438 -10.264 -10.067 -9.846 -10.438 -10.274 -10.076 -9.912 -9.832 -10.259 -10.375 -10.181 -9.34 -8.885 -8.33 -10.276
0.036793 -9.656 -9.903 -10.124 -10.469 -10.499 -10.406 -10.187 -10.483 -10.496 -10.399 -10.209 -9.934 -10.483 -10.476 -10.307 -10.112 -9.893 -10.476 -10.316 -10.121 -9.959 -9.878 -10.3 -10.414 -10.224 -9.389 -8.936 -8.381 -10.317
0.037906 -9.665 -9.916 -10.143 -10.499 -10.534 -10.446 -10.213 -10.514 -10.532 -10.44 -10.252 -9.98 -10.514 -10.513 -10.349 -10.156 -9.939 -10.514 -10.358 -10.166 -10.005 -9.924 -10.342 -10.454 -10.268 -9.439 -8.986 -8.433 -10.357
0.039052 -9.673 -9.929 -10.162 -10.528 -10.57 -10.486 -10.238 -10.544 -10.568 -10.48 -10.296 -10.026 -10.544 -10.55 -10.391 -10.201 -9.986 -10.551 -10.4 -10.21 -10.051 -9.971 -10.383 -10.493 -10.311 -9.488 -9.037 -8.485 -10.398
0.040234 -9.68 -9.941 -10.18 -10.557 -10.605 -10.526 -10.264 -10.574 -10.603 -10.52 -10.339 -10.072 -10.574 -10.587 -10.433 -10.246 -10.032 -10.589 -10.442 -10.255 -10.096 -10.017 -10.424 -10.532 -10.354 -9.537 -9.087 -8.536 -10.438
0.04145 -9.688 -9.952 -10.198 -10.586 -10.64 -10.566 -10.289 -10.604 -10.638 -10.56 -10.382 -10.118 -10.604 -10.624 -10.475 -10.29 -10.078 -10.626 -10.484 -10.299 -10.142 -10.063 -10.465 -10.571 -10.397 -9.586 -9.138 -8.588 -10.478
0.042704 -9.694 -9.963 -10.216 -10.615 -10.675 -10.605 -10.313 -10.634 -10.673 -10.599 -10.425 -10.164 -10.633 -10.66 -10.517 -10.334 -10.125 -10.663 -10.526 -10.343 -10.188 -10.109 -10.506 -10.61 -10.439 -9.635 -9.188 -8.64 -10.518
0.043996 -9.7 -9.973 -10.233 -10.643 -10.71 -10.645 -10.338 -10.663 -10.707 -10.639 -10.468 -10.209 -10.662 -10.696 -10.558 -10.379 -10.171 -10.7 -10.567 -10.387 -10.233 -10.155 -10.547 -10.648 -10.482 -9.684 -9.238 -8.691 -10.558
0.045326 -9.706 -9.983 -10.249 -10.67 -10.744 -10.684 -10.362 -10.692 -10.742 -10.678 -10.51 -10.255 -10.691 -10.732 -10.599 -10.423 -10.217 -10.737 -10.608 -10.431 -10.279 -10.201 -10.587 -10.686 -10.524 -9.732 -9.289 -8.742 -10.598
0.046697 -9.711 -9.992 -10.265 -10.698 -10.778 -10.723 -10.386 -10.721 -10.776 -10.717 -10.553 -10.3 -10.719 -10.768 -10.641 -10.467 -10.263 -10.773 -10.649 -10.475 -10.324 -10.246 -10.627 -10.724 -10.567 -9.781 -9.339 -8.794 -10.637
0.048109 -9.715 -10.001 -10.281 -10.725 -10.811 -10.761 -10.409 -10.749 -10.809 -10.756 -10.595 -10.346 -10.747 -10.804 -10.681 -10.51 -10.308 -10.809 -10.69 -10.519 -10.369 -10.292 -10.667 -10.762 -10.609 -9.83 -9.389 -8.845 -10.676
0.049564 -9.719 -10.009 -10.296 -10.752 -10.845 -10.8 -10.433 -10.777 -10.843 -10.794 -10.637 -10.391 -10.775 -10.839 -10.722 -10.554 -10.354 -10.845 -10.731 -10.562 -10.414 -10.338 -10.707 -10.8 -10.651 -9.878 -9.439 -8.896 -10.715
0.051063 -9.723 -10.017 -10.311 -10.778 -10.878 -10.838 -10.456 -10.804 -10.876 -10.833 -10.679 -10.436 -10.802 -10.874 -10.763 -10.597 -10.399 -10.881 -10.771 -10.605 -10.459 -10.383 -10.747 -10.837 -10.692 -9.926 -9.489 -8.948 -10.754
0.052608 -9.726 -10.024 -10.325 -10.804 -10.911 -10.876 -10.479 -10.831 -10.909 -10.871 -10.721 -10.481 -10.829 -10.908 -10.803 -10.641 -10.445 -10.916 -10.811 -10.649 -10.504 -10.428 -10.786 -10.874 -10.734 -9.975 -9.539 -8.999 -10.793
0.054199 -9.728 -10.03 -10.339 -10.829 -10.943 -10.914 -10.501 -10.858 -10.942 -10.909 -10.763 -10.526 -10.855 -10.943 -10.843 -10.684 -10.49 -10.951 -10.852 -10.692 -10.549 -10.474 -10.826 -10.911 -10.775 -10.023 -9.589 -9.05 -10.831
0.055838 -9.73 -10.036 -10.352 -10.855 -10.976 -10.951 -10.523 -10.885 -10.974 -10.946 -10.804 -10.57 -10.881 -10.977 -10.883 -10.727 -10.535 -10.986 -10.892 -10.735 -10.593 -10.519 -10.865 -10.948 -10.817 -10.071 -9.638 -9.101 -10.869
0.057527 -9.731 -10.041 -10.365 -10.879 -11.008 -10.989 -10.545 -10.911 -11.006 -10.984 -10.845 -10.615 -10.907 -11.011 -10.923 -10.769 -10.58 -11.021 -10.931 -10.777 -10.638 -10.564 -10.904 -10.984 -10.858 -10.119 -9.688 -9.152 -10.907
0.059267 -9.731 -10.045 -10.377 -10.904 -11.039 -11.026 -10.567 -10.936 -11.038 -11.021 -10.887 -10.659 -10.933 -11.045 -10.963 -10.812 -10.625 -11.055 -10.971 -10.82 -10.682 -10.609 -10.942 -11.02 -10.899 -10.167 -9.738 -9.203 -10.945
0.061059 -9.731 -10.049 -10.389 -10.928 -11.071 -11.063 -10.589 -10.962 -11.069 -11.058 -10.927 -10.704 -10.958 -11.078 -11.002 -10.855 -10.67 -11.089 -11.01 -10.862 -10.726 -10.654 -10.981 -11.056 -10.939 -10.215 -9.787 -9.254 -10.983
0.062906 -9.731 -10.053 -10.4 -10.951 -11.102 -11.099 -10.61 -10.987 -11.1 -11.095 -10.968 -10.748 -10.982 -11.111 -11.041 -10.897 -10.714 -11.123 -11.049 -10.905 -10.77 -10.698 -11.019 -11.092 -10.98 -10.263 -9.837 -9.305 -11.02
0.064808 -9.73 -10.055 -10.411 -10.975 -11.132 -11.136 -10.631 -11.011 -11.131 -11.131 -11.009 -10.792 -11.006 -11.144 -11.08 -10.939 -10.759 -11.156 -11.088 -10.947 -10.814 -10.743 -11.057 -11.128 -11.02 -10.311 -9.886 -9.356 -11.057
0.066769 -9.728 -10.057 -10.421 -10.997 -11.163 -11.172 -10.651 -11.035 -11.161 -11.168 -11.049 -10.836 -11.03 -11.176 -11.119 -10.981 -10.803 -11.19 -11.127 -10.989 -10.858 -10.787 -11.095 -11.163 -11.06 -10.358 -9.936 -9.407 -11.094
0.068788 -9.725 -10.059 -10.431 -11.02 -11.193 -11.208 -10.671 -11.059 -11.192 -11.204 -11.089 -10.879 -11.054 -11.208 -11.157 -11.023 -10.847 -11.223 -11.165 -11.031 -10.901 -10.832 -11.133 -11.198 -11.1 -10.406 -9.985 -9.457 -11.131
0.070868 -9.723 -10.06 -10.44 -11.042 -11.223 -11.244 -10.691 -11.082 -11.221 -11.239 -11.129 -10.923 -11.077 -11.24 -11.196 -11.065 -10.891 -11.255 -11.204 -11.072 -10.945 -10.876 -11.17 -11.232 -11.14 -10.453 -10.034 -9.508 -11.168
0.073012 -9.719 -10.06 -10.449 -11.063 -11.252 -11.279 -10.711 -11.105 -11.251 -11.275 -11.169 -10.966 -11.099 -11.272 -11.234 -11.106 -10.935 -11.288 -11.242 -11.114 -10.988 -10.92 -11.207 -11.267 -11.179 -10.5 -10.083 -9.559 -11.204
0.07522 -9.715 -10.059 -10.457 -11.084 -11.281 -11.314 -10.731 -11.128 -11.28 -11.31 -11.209 -11.01 -11.122 -11.303 -11.272 -11.147 -10.979 -11.32 -11.28 -11.155 -11.031 -10.964 -11.244 -11.301 -11.219 -10.548 -10.132 -9.609 -11.24
0.077495 -9.71 -10.058 -10.464 -11.105 -11.31 -11.349 -10.75 -11.15 -11.309 -11.345 -11.248 -11.053 -11.143 -11.334 -11.309 -11.189 -11.023 -11.352 -11.317 -11.196 -11.074 -11.008 -11.281 -11.335 -11.258 -10.595 -10.181 -9.66 -11.276
0.079839 -9.705 -10.056 -10.471 -11.125 -11.338 -11.384 -10.769 -11.171 -11.338 -11.38 -11.287 -11.096 -11.165 -11.365 -11.347 -11.23 -11.066 -11.383 -11.355 -11.237 -11.117 -11.052 -11.318 -11.369 -11.297 -10.642 -10.23 -9.71 -11.312
0.082253 -9.699 -10.053 -10.478 -11.145 -11.366 -11.418 -10.787 -11.193 -11.366 -11.415 -11.326 -11.138 -11.185 -11.395 -11.384 -11.27 -11.11 -11.414 -11.392 -11.278 -11.16 -11.096 -11.354 -11.402 -11.335 -10.689 -10.279 -9.761 -11.347
0.084741 -9.692 -10.05 -10.484 -11.164 -11.394 -11.452 -10.805 -11.213 -11.393 -11.449 -11.365 -11.181 -11.206 -11.425 -11.421 -11.311 -11.153 -11.445 -11.429 -11.318 -11.203 -11.139 -11.39 -11.435 -11.374 -10.736 -10.328 -9.811 -11.382
0.087304 -9.685 -10.046 -10.489 -11.183 -11.422 -11.486 -10.823 -11.234 -11.421 -11.483 -11.404 -11.224 -11.226 -11.455 -11.458 -11.351 -11.196 -11.476 -11.466 -11.359 -11.245 -11.183 -11.426 -11.468 -11.412 -10.782 -10.377 -9.861 -11.417
0.089944 -9.677 -10.041 -10.494 -11.202 -11.449 -11.519 -10.841 -11.254 -11.448 -11.516 -11.442 -11.266 -11.245 -11.484 -11.494 -11.392 -11.239 -11.506 -11.502 -11.399 -11.288 -11.226 -11.462 -11.5 -11.45 -10.829 -10.425 -9.912 -11.452
0.092665 -9.669 -10.036 -10.498 -11.219 -11.475 -11.553 -10.858 -11.273 -11.475 -11.55 -11.48 -11.308 -11.264 -11.513 -11.531 -11.432 -11.281 -11.536 -11.538 -11.439 -11.33 -11.269 -11.497 -11.533 -11.488 -10.875 -10.474 -9.962 -11.487
0.095467 -9.66 -10.03 -10.502 -11.237 -11.501 -11.586 -10.875 -11.292 -11.501 -11.583 -11.518 -11.35 -11.283 -11.542 -11.567 -11.471 -11.324 -11.566 -11.574 -11.479 -11.372 -11.312 -11.532 -11.564 -11.526 -10.922 -10.522 -10.012 -11.521
0.098355 -9.65 -10.023 -10.505 -11.254 -11.527 -11.618 -10.892 -11.311 -11.527 -11.616 -11.556 -11.392 -11.301 -11.57 -11.602 -11.511 -11.366 -11.595 -11.61 -11.519 -11.413 -11.355 -11.567 -11.596 -11.563 -10.968 -10.57 -10.062 -11.555
0.101329 -9.64 -10.015 -10.507 -11.27 -11.553 -11.651 -10.909 -11.329 -11.553 -11.648 -11.593 -11.434 -11.319 -11.598 -11.638 -11.55 -11.409 -11.624 -11.645 -11.558 -11.455 -11.398 -11.602 -11.627 -11.6 -11.014 -10.619 -10.112 -11.589
0.104394 -9.629 -10.007 -10.509 -11.286 -11.578 -11.683 -10.925 -11.346 -11.578 -11.68 -11.631 -11.475 -11.336 -11.626 -11.673 -11.59 -11.451 -11.653 -11.681 -11.597 -11.497 -11.44 -11.636 -11.658 -11.637 -11.06 -10.667 -10.162 -11.622
0.107551 -9.618 -9.998 -10.51 -11.302 -11.603 -11.714 -10.941 -11.363 -11.603 -11.712 -11.668 -11.516 -11.353 -11.653 -11.708 -11.629 -11.492 -11.681 -11.716 -11.636 -11.538 -11.483 -11.67 -11.689 -11.674 -11.106 -10.715 -10.212 -11.656
0.110804 -9.605 -9.988 -10.511 -11.317 -11.627 -11.746 -10.956 -11.38 -11.627 -11.744 -11.704 -11.558 -11.369 -11.68 -11.743 -11.667 -11.534 -11.709 -11.75 -11.675 -11.579 -11.525 -11.704 -11.72 -11.71 -11.152 -10.763 -10.261 -11.689
0.114155 -9.593 -9.977 -10.511 -11.331 -11.651 -11.777 -10.971 -11.396 -11.651 -11.775 -11.741 -11.598 -11.384 -11.707 -11.777 -11.706 -11.576 -11.737 -11.785 -11.714 -11.62 -11.567 -11.738 -11.75 -11.747 -11.198 -10.811 -10.311 -11.721
0.117608 -9.579 -9.965 -10.51 -11.345 -11.674 -11.808 -10.986 -11.412 -11.675 -11.806 -11.777 -11.639 -11.4 -11.733 -11.811 -11.744 -11.617 -11.764 -11.819 -11.752 -11.661 -11.609 -11.771 -11.779 -11.783 -11.243 -10.859 -10.361 -11.754
0.121165 -9.565 -9.953 -10.509 -11.358 -11.697 -11.838 -11.001 -11.427 -11.698 -11.837 -11.813 -11.68 -11.414 -11.759 -11.845 -11.782 -11.658 -11.791 -11.853 -11.79 -11.701 -11.651 -11.804 -11.809 -11.818 -11.289 -10.907 -10.41 -11.786
0.124829 -9.55 -9.94 -10.507 -11.371 -11.72 -11.868 -11.015 -11.441 -11.721 -11.867 -11.849 -11.72 -11.428 -11.784 -11.879 -11.82 -11.699 -11.817 -11.887 -11.828 -11.742 -11.693 -11.837 -11.838 -11.854 -11.334 -10.954 -10.46 -11.818
0.128605 -9.535 -9.926 -10.505 -11.383 -11.742 -11.898 -11.029 -11.455 -11.743 -11.897 -11.885 -11.76 -11.442 -11.809 -11.912 -11.858 -11.74 -11.843 -11.92 -11.866 -11.782 -11.734 -11.87 -11.867 -11.889 -11.38 -11.002 -10.509 -11.85
0.132494 -9.519 -9.911 -10.501 -11.395 -11.764 -11.928 -11.042 -11.469 -11.765 -11.927 -11.92 -11.8 -11.455 -11.834 -11.945 -11.895 -11.781 -11.869 -11.953 -11.903 -11.822 -11.776 -11.902 -11.895 -11.924 -11.425 -11.049 -10.559 -11.881
0.136502 -9.502 -9.895 -10.498 -11.406 -11.785 -11.957 -11.055 -11.481 -11.786 -11.956 -11.955 -11.84 -11.467 -11.858 -11.978 -11.933 -11.821 -11.894 -11.986 -11.94 -11.862 -11.817 -11.934 -11.923 -11.959 -11.47 -11.097 -10.608 -11.912
0.14063 -9.485 -9.879 -10.493 -11.416 -11.806 -11.985 -11.068 -11.494 -11.808 -11.985 -11.99 -11.88 -11.479 -11.881 -12.01 -11.969 -11.861 -11.919 -12.018 -11.977 -11.901 -11.858 -11.965 -11.951 -11.993 -11.514 -11.144 -10.657 -11.943
0.144883 -9.467 -9.861 -10.488 -11.426 -11.827 -12.014 -11.081 -11.506 -11.828 -12.014 -12.024 -11.919 -11.49 -11.905 -12.042 -12.006 -11.901 -11.944 -12.05 -12.014 -11.941 -11.899 -11.997 -11.978 -12.027 -11.559 -11.191 -10.706 -11.974
0.149265 -9.448 -9.843 -10.482 -11.436 -11.846 -12.042 -11.093 -11.517 -11.848 -12.042 -12.058 -11.958 -11.501 -11.928 -12.074 -12.043 -11.941 -11.968 -12.082 -12.051 -11.98 -11.939 -12.028 -12.005 -12.061 -11.604 -11.238 -10.755 -12.004
0.15378 -9.429 -9.824 -10.475 -11.444 -11.866 -12.07 -11.104 -11.527 -11.868 -12.07 -12.092 -11.997 -11.511 -11.95 -12.105 -12.079 -11.981 -11.992 -12.114 -12.087 -12.019 -11.98 -12.059 -12.032 -12.095 -11.648 -11.285 -10.804 -12.034
0.15843 -9.409 -9.804 -10.468 -11.453 -11.885 -12.097 -11.116 -11.537 -11.887 -12.097 -12.126 -12.036 -11.52 -11.972 -12.137 -12.115 -12.02 -12.015 -12.145 -12.123 -12.058 -12.02 -12.089 -12.058 -12.128 -11.692 -11.332 -10.853 -12.063
0.163222 -9.388 -9.783 -10.46 -11.46 -11.903 -12.124 -11.127 -11.547 -11.906 -12.124 -12.159 -12.074 -11.529 -11.994 -12.167 -12.15 -12.059 -12.038 -12.176 -12.159 -12.096 -12.06 -12.119 -12.084 -12.161 -11.736 -11.379 -10.902 -12.093
0.168159 -9.367 -9.761 -10.451 -11.467 -11.921 -12.15 -11.137 -11.556 -11.924 -12.151 -12.192 -12.113 -11.538 -12.015 -12.198 -12.186 -12.098 -12.06 -12.206 -12.194 -12.135 -12.1 -12.149 -12.109 -12.193 -11.78 -11.425 -10.951 -12.122
0.173245 -9.346 -9.738 -10.441 -11.473 -11.939 -12.176 -11.148 -11.564 -11.941 -12.178 -12.225 -12.151 -11.545 -12.036 -12.228 -12.221 -12.137 -12.083 -12.236 -12.229 -12.173 -12.14 -12.179 -12.134 -12.226 -11.824 -11.472 -11.0 -12.151
0.178484 -9.323 -9.714 -10.431 -11.479 -11.956 -12.202 -11.158 -11.572 -11.959 -12.204 -12.258 -12.189 -11.552 -12.056 -12.258 -12.256 -12.176 -12.104 -12.266 -12.264 -12.211 -12.18 -12.208 -12.159 -12.258 -11.868 -11.518 -11.048 -12.179
0.183882 -9.3 -9.689 -10.42 -11.484 -11.972 -12.227 -11.167 -11.578 -11.975 -12.229 -12.29 -12.226 -11.558 -12.076 -12.287 -12.29 -12.214 -12.125 -12.296 -12.299 -12.248 -12.219 -12.237 -12.183 -12.29 -11.911 -11.565 -11.097 -12.207
0.189444 -9.276 -9.663 -10.408 -11.488 -11.988 -12.252 -11.176 -11.585 -11.991 -12.254 -12.322 -12.264 -11.564 -12.095 -12.316 -12.325 -12.252 -12.146 -12.325 -12.333 -12.286 -12.258 -12.265 -12.207 -12.321 -11.955 -11.611 -11.145 -12.235
0.195173 -9.252 -9.636 -10.395 -11.491 -12.004 -12.277 -11.185 -11.59 -12.007 -12.279 -12.353 -12.301 -11.569 -12.114 -12.345 -12.359 -12.29 -12.166 -12.354 -12.368 -12.323 -12.297 -12.293 -12.23 -12.352 -11.998 -11.657 -11.193 -12.262
0.201076 -9.227 -9.608 -10.382 -11.494 -12.018 -12.301 -11.193 -11.595 -12.022 -12.303 -12.384 -12.337 -11.573 -12.132 -12.373 -12.392 -12.327 -12.186 -12.382 -12.401 -12.36 -12.336 -12.321 -12.253 -12.383 -12.041 -11.703 -11.242 -12.289
0.207158 -9.202 -9.579 -10.368 -11.496 -12.033 -12.324 -11.201 -11.6 -12.037 -12.327 -12.415 -12.374 -11.577 -12.15 -12.401 -12.426 -12.365 -12.205 -12.41 -12.435 -12.397 -12.374 -12.349 -12.276 -12.413 -12.084 -11.748 -11.29 -12.316
0.213423 -9.176 -9.549 -10.353 -11.498 -12.046 -12.347 -11.209 -11.603 -12.05 -12.35 -12.446 -12.41 -11.58 -12.167 -12.429 -12.459 -12.402 -12.224 -12.438 -12.468 -12.433 -12.413 -12.376 -12.298 -12.443 -12.127 -11.794 -11.338 -12.343
0.219878 -9.15 -9.518 -10.337 -11.498 -12.06 -12.37 -11.216 -11.606 -12.064 -12.373 -12.476 -12.446 -11.582 -12.184 -12.456 -12.492 -12.439 -12.242 -12.465 -12.501 -12.469 -12.451 -12.402 -12.32 -12.473 -12.169 -11.84 -11.386 -12.369
0.226528 -9.123 -9.486 -10.321 -11.498 -12.072 -12.392 -11.222 -11.608 -12.077 -12.396 -12.506 -12.482 -11.584 -12.2 -12.483 -12.524 -12.475 -12.26 -12.492 -12.534 -12.505 -12.489 -12.429 -12.341 -12.502 -12.211 -11.885 -11.434 -12.394
0.233379 -9.095 -9.453 -10.303 -11.498 -12.084 -12.414 -11.229 -11.61 -12.089 -12.418 -12.535 -12.518 -11.584 -12.216 -12.509 -12.556 -12.511 -12.277 -12.518 -12.566 -12.541 -12.526 -12.455 -12.361 -12.531 -12.254 -11.93 -11.481 -12.42
0.240437 -9.067 -9.418 -10.285 -11.496 -12.095 -12.435 -11.234 -11.61 -12.1 -12.439 -12.564 -12.553 -11.584 -12.231 -12.535 -12.588 -12.547 -12.294 -12.544 -12.598 -12.576 -12.564 -12.48 -12.382 -12.56 -12.296 -11.975 -11.529 -12.445
0.247709 -9.038 -9.383 -10.266 -11.494 -12.106 -12.456 -11.24 -11.61 -12.111 -12.461 -12.593 -12.588 -11.583 -12.245 -12.56 -12.619 -12.583 -12.31 -12.57 -12.629 -12.611 -12.601 -12.506 -12.401 -12.588 -12.337 -12.02 -11.577 -12.469
0.255201 -9.009 -9.346 -10.246 -11.49 -12.116 -12.476 -11.245 -11.609 -12.122 -12.481 -12.621 -12.623 -11.582 -12.259 -12.586 -12.65 -12.619 -12.325 -12.595 -12.661 -12.646 -12.637 -12.53 -12.421 -12.616 -12.379 -12.065 -11.624 -12.494
0.262919 -8.98 -9.308 -10.225 -11.486 -12.125 -12.496 -11.249 -11.608 -12.131 -12.501 -12.649 -12.657 -11.579 -12.273 -12.61 -12.681 -12.654 -12.34 -12.62 -12.691 -12.68 -12.674 -12.555 -12.439 -12.644 -12.42 -12.11 -11.671 -12.517
0.270871 -8.95 -9.269 -10.203 -11.482 -12.134 -12.515 -11.253 -11.605 -12.14 -12.521 -12.677 -12.691 -11.576 -12.285 -12.634 -12.712 -12.689 -12.355 -12.644 -12.722 -12.714 -12.71 -12.579 -12.458 -12.671 -12.462 -12.155 -11.719 -12.541
0.279064 -8.92 -9.229 -10.18 -11.476 -12.142 -12.534 -11.256 -11.602 -12.149 -12.54 -12.704 -12.725 -11.572 -12.297 -12.658 -12.742 -12.723 -12.369 -12.668 -12.752 -12.748 -12.747 -12.602 -12.475 -12.697 -12.503 -12.199 -11.766 -12.564
0.287504 -8.889 -9.187 -10.156 -11.469 -12.15 -12.552 -11.259 -11.598 -12.157 -12.558 -12.731 -12.758 -11.567 -12.309 -12.681 -12.771 -12.757 -12.382 -12.692 -12.782 -12.782 -12.782 -12.625 -12.493 -12.723 -12.543 -12.243 -11.813 -12.587
0.296199 -8.858 -9.144 -10.132 -11.462 -12.156 -12.569 -11.262 -11.593 -12.164 -12.576 -12.757 -12.791 -11.561 -12.32 -12.704 -12.8 -12.791 -12.395 -12.715 -12.811 -12.815 -12.818 -12.648 -12.509 -12.749 -12.584 -12.287 -11.86 -12.609
0.305157 -8.827 -9.1 -10.106 -11.454 -12.162 -12.586 -11.264 -11.587 -12.17 -12.594 -12.783 -12.824 -11.555 -12.33 -12.726 -12.829 -12.825 -12.407 -12.737 -12.84 -12.848 -12.853 -12.67 -12.525 -12.775 -12.624 -12.331 -11.906 -12.631
0.314387 -8.795 -9.055 -10.08 -11.444 -12.168 -12.603 -11.265 -11.581 -12.175 -12.61 -12.808 -12.856 -11.547 -12.34 -12.748 -12.858 -12.858 -12.418 -12.759 -12.869 -12.881 -12.888 -12.692 -12.541 -12.8 -12.664 -12.375 -11.953 -12.652
0.323895 -8.764 -9.008 -10.052 -11.434 -12.172 -12.619 -11.266 -11.573 -12.18 -12.627 -12.833 -12.889 -11.539 -12.349 -12.769 -12.886 -12.891 -12.429 -12.781 -12.897 -12.913 -12.923 -12.713 -12.556 -12.824 -12.704 -12.419 -12.0 -12.673
0.333691 -8.732 -8.96 -10.024 -11.423 -12.176 -12.634 -11.266 -11.565 -12.185 -12.642 -12.858 -12.92 -11.529 -12.357 -12.79 -12.913 -12.924 -12.439 -12.802 -12.925 -12.945 -12.957 -12.734 -12.57 -12.848 -12.744 -12.462 -12.046 -12.693
0.343783 -8.7 -8.911 -9.994 -11.411 -12.179 -12.648 -11.266 -11.556 -12.188 -12.657 -12.882 -12.952 -11.519 -12.364 -12.81 -12.941 -12.956 -12.449 -12.822 -12.952 -12.976 -12.991 -12.755 -12.584 -12.872 -12.783 -12.505 -12.092 -12.714
0.354181 -8.668 -8.86 -9.964 -11.398 -12.181 -12.662 -11.266 -11.545 -12.191 -12.672 -12.905 -12.983 -11.508 -12.371 -12.83 -12.967 -12.988 -12.458 -12.842 -12.979 -13.007 -13.025 -12.775 -12.597 -12.895 -12.823 -12.548 -12.138 -12.733
0.364893 -8.636 -8.807 -9.933 -11.384 -12.183 -12.676 -11.264 -11.534 -12.192 -12.686 -12.929 -13.013 -11.496 -12.377 -12.849 -12.994 -13.02 -12.466 -12.861 -13.006 -13.038 -13.058 -12.794 -12.61 -12.917 -12.862 -12.591 -12.184 -12.752
0.375929 -8.604 -8.754 -9.9 -11.369 -12.183 -12.688 -11.262 -11.522 -12.193 -12.699 -12.951 -13.044 -11.482 -12.383 -12.868 -13.02 -13.051 -12.473 -12.88 -13.032 -13.068 -13.091 -12.813 -12.622 -12.939 -12.9 -12.634 -12.23 -12.771
0.387298 -8.572 -8.698 -9.866 -11.353 -12.183 -12.701 -11.26 -11.508 -12.194 -12.711 -12.973 -13.073 -11.468 -12.387 -12.886 -13.045 -13.082 -12.48 -12.898 -13.058 -13.098 -13.124 -12.831 -12.633 -12.961 -12.939 -12.676 -12.276 -12.789
0.399012 -8.54 -8.642 -9.832 -11.336 -12.182 -12.712 -11.257 -11.494 -12.193 -12.723 -12.995 -13.103 -11.453 -12.391 -12.903 -13.07 -13.112 -12.486 -12.916 -13.083 -13.128 -13.157 -12.849 -12.643 -12.982 -12.977 -12.719 -12.321 -12.807
0.41108 -8.509 -8.583 -9.796 -11.318 -12.18 -12.723 -11.253 -11.479 -12.192 -12.734 -13.016 -13.132 -11.436 -12.394 -12.92 -13.094 -13.142 -12.491 -12.933 -13.107 -13.157 -13.189 -12.866 -12.653 -13.002 -13.015 -12.761 -12.367 -12.824
0.423513 -8.477 -8.524 -9.759 -11.299 -12.177 -12.732 -11.249 -11.462 -12.189 -12.745 -13.037 -13.161 -11.419 -12.396 -12.936 -13.118 -13.172 -12.496 -12.95 -13.132 -13.186 -13.22 -12.883 -12.663 -13.022 -13.052 -12.803 -12.412 -12.841
0.436321 -8.447 -8.462 -9.721 -11.278 -12.174 -12.742 -11.244 -11.445 -12.186 -12.754 -13.057 -13.189 -11.4 -12.398 -12.952 -13.142 -13.201 -12.499 -12.966 -13.155 -13.214 -13.252 -12.899 -12.671 -13.042 -13.09 -12.844 -12.457 -12.857
0.449518 -8.416 -8.399 -9.682 -11.256 -12.169 -12.75 -11.238 -11.426 -12.182 -12.763 -13.076 -13.217 -11.38 -12.398 -12.967 -13.165 -13.23 -12.502 -12.981 -13.178 -13.242 -13.283 -12.915 -12.679 -13.06 -13.127 -12.886 -12.502 -12.873
0.463113 -8.386 -8.334 -9.642 -11.234 -12.164 -12.758 -11.232 -11.407 -12.177 -12.772 -13.095 -13.244 -11.359 -12.398 -12.981 -13.187 -13.258 -12.504 -12.995 -13.201 -13.27 -13.313 -12.93 -12.686 -13.079 -13.163 -12.927 -12.547 -12.888
0.47712 -8.357 -8.268 -9.6 -11.21 -12.157 -12.765 -11.225 -11.386 -12.171 -12.779 -13.113 -13.271 -11.337 -12.397 -12.995 -13.209 -13.286 -12.506 -13.009 -13.223 -13.297 -13.343 -12.944 -12.692 -13.096 -13.2 -12.968 -12.591 -12.903
0.49155 -8.328 -8.2 -9.557 -11.184 -12.149 -12.771 -11.218 -11.364 -12.164 -12.786 -13.131 -13.297 -11.314 -12.395 -13.007 -13.23 -13.313 -12.506 -13.022 -13.245 -13.323 -13.373 -12.958 -12.698 -13.113 -13.236 -13.009 -12.636 -12.917
0.506416 -8.3 -8.13 -9.513 -11.158 -12.141 -12.776 -11.209 -11.34 -12.156 -12.792 -13.148 -13.323 -11.289 -12.391 -13.02 -13.251 -13.34 -12.506 -13.035 -13.266 -13.349 -13.402 -12.971 -12.703 -13.13 -13.272 -13.049 -12.68 -12.93
0.521733 -8.273 -8.058 -9.468 -11.13 -12.131 -12.781 -11.2 -11.316 -12.147 -12.797 -13.164 -13.348 -11.263 -12.388 -13.031 -13.271 -13.367 -12.505 -13.047 -13.286 -13.375 -13.431 -12.983 -12.707 -13.145 -13.307 -13.089 -12.724 -12.943
0.537512 -8.247 -7.984 -9.422 -11.101 -12.121 -12.784 -11.19 -11.29 -12.137 -12.801 -13.18 -13.373 -11.236 -12.383 -13.042 -13.29 -13.393 -12.502 -13.058 -13.306 -13.4 -13.459 -12.995 -12.71 -13.16 -13.342 -13.129 -12.768 -12.955
0.553769 -8.221 -7.909 -9.374 -11.071 -12.109 -12.787 -11.18 -11.263 -12.126 -12.805 -13.195 -13.398 -11.208 -12.377 -13.052 -13.309 -13.418 -12.499 -13.068 -13.325 -13.424 -13.487 -13.006 -12.712 -13.175 -13.377 -13.169 -12.812 -12.967
0.570517 -8.197 -7.831 -9.325 -11.039 -12.096 -12.789 -11.168 -11.234 -12.114 -12.807 -13.21 -13.422 -11.178 -12.37 -13.061 -13.327 -13.443 -12.495 -13.078 -13.343 -13.448 -13.515 -13.017 -12.713 -13.189 -13.411 -13.209 -12.855 -12.978
0.587772 -8.174 -7.752 -9.275 -11.005 -12.082 -12.79 -11.156 -11.204 -12.1 -12.809 -13.223 -13.445 -11.147 -12.362 -13.069 -13.345 -13.467 -12.49 -13.087 -13.361 -13.471 -13.542 -13.027 -12.714 -13.202 -13.445 -13.248 -12.898 -12.989
0.605549 -8.152 -7.671 -9.223 -10.971 -12.067 -12.79 -11.143 -11.173 -12.086 -12.809 -13.236 -13.468 -11.114 -12.353 -13.077 -13.362 -13.491 -12.484 -13.095 -13.379 -13.494 -13.568 -13.036 -12.714 -13.214 -13.479 -13.287 -12.942 -12.998
0.623863 -8.131 -7.587 -9.171 -10.934 -12.051 -12.789 -11.129 -11.14 -12.07 -12.809 -13.249 -13.49 -11.08 -12.343 -13.083 -13.378 -13.514 -12.477 -13.102 -13.395 -13.517 -13.594 -13.044 -12.712 -13.225 -13.512 -13.325 -12.984 -13.008
0.642731 -8.111 -7.502 -9.116 -10.897 -12.033 -12.787 -11.115 -11.106 -12.053 -12.808 -13.26 -13.511 -11.044 -12.331 -13.089 -13.393 -13.537 -12.469 -13.108 -13.411 -13.538 -13.62 -13.052 -12.71 -13.236 -13.545 -13.364 -13.027 -13.016
0.66217 -8.093 -7.414 -9.06 -10.857 -12.014 -12.784 -11.099 -11.071 -12.035 -12.805 -13.271 -13.532 -11.007 -12.319 -13.094 -13.408 -13.559 -12.46 -13.114 -13.426 -13.559 -13.645 -13.058 -12.707 -13.246 -13.578 -13.402 -13.069 -13.024
0.682197 -8.076 -7.325 -9.003 -10.816 -11.994 -12.78 -11.083 -11.033 -12.016 -12.802 -13.281 -13.553 -10.968 -12.305 -13.098 -13.422 -13.581 -12.45 -13.118 -13.441 -13.58 -13.669 -13.064 -12.703 -13.255 -13.61 -13.439 -13.112 -13.031
0.70283 -8.06 -7.233 -8.945 -10.774 -11.973 -12.774 -11.065 -10.994 -11.995 -12.798 -13.29 -13.572 -10.927 -12.29 -13.101 -13.435 -13.601 -12.439 -13.122 -13.454 -13.599 -13.693 -13.069 -12.697 -13.264 -13.641 -13.477 -13.154 -13.037
0.724086 -8.046 -7.139 -8.885 -10.73 -11.95 -12.768 -11.047 -10.954 -11.973 -12.792 -13.298 -13.591 -10.885 -12.274 -13.103 -13.448 -13.622 -12.426 -13.124 -13.467 -13.618 -13.716 -13.074 -12.691 -13.271 -13.672 -13.514 -13.195 -13.043
0.745986 -8.033 -7.042 -8.823 -10.684 -11.926 -12.761 -11.027 -10.912 -11.95 -12.786 -13.306 -13.61 -10.841 -12.257 -13.104 -13.46 -13.641 -12.413 -13.126 -13.479 -13.637 -13.739 -13.077 -12.684 -13.278 -13.703 -13.55 -13.237 -13.048
0.768548 -8.021 -6.944 -8.76 -10.636 -11.9 -12.752 -11.007 -10.868 -11.925 -12.778 -13.312 -13.627 -10.795 -12.238 -13.104 -13.47 -13.66 -12.398 -13.127 -13.49 -13.655 -13.761 -13.079 -12.675 -13.283 -13.733 -13.587 -13.278 -13.052
0.791792 -8.011 -6.843 -8.695 -10.586 -11.873 -12.742 -10.985 -10.822 -11.899 -12.769 -13.318 -13.644 -10.748 -12.218 -13.103 -13.48 -13.678 -12.382 -13.127 -13.501 -13.672 -13.782 -13.081 -12.666 -13.288 -13.763 -13.623 -13.319 -13.055
0.815739 -8.003 -6.739 -8.629 -10.534 -11.844 -12.731 -10.963 -10.775 -11.871 -12.759 -13.323 -13.66 -10.699 -12.197 -13.101 -13.489 -13.695 -12.365 -13.125 -13.51 -13.688 -13.803 -13.082 -12.655 -13.292 -13.792 -13.658 -13.359 -13.058
0.840411 -7.995 -6.633 -8.561 -10.481 -11.814 -12.719 -10.939 -10.725 -11.842 -12.748 -13.326 -13.676 -10.647 -12.174 -13.098 -13.497 -13.712 -12.346 -13.123 -13.519 -13.703 -13.823 -13.081 -12.643 -13.295 -13.821 -13.694 -13.4 -13.06
0.865828 -7.989 -6.525 -8.491 -10.425 -11.782 -12.705 -10.915 -10.674 -11.811 -12.735 -13.329 -13.69 -10.594 -12.15 -13.094 -13.505 -13.728 -12.326 -13.119 -13.527 -13.718 -13.842 -13.08 -12.629 -13.297 -13.849 -13.728 -13.44 -13.06
0.892015 -7.984 -6.414 -8.42 -10.368 -11.748 -12.69 -10.889 -10.621 -11.778 -12.721 -13.331 -13.704 -10.538 -12.124 -13.088 -13.511 -13.743 -12.305 -13.115 -13.533 -13.732 -13.861 -13.078 -12.615 -13.297 -13.877 -13.763 -13.479 -13.06
0.918993 -7.98 -6.301 -8.347 -10.308 -11.713 -12.674 -10.862 -10.565 -11.744 -12.705 -13.332 -13.717 -10.481 -12.097 -13.082 -13.516 -13.757 -12.282 -13.109 -13.539 -13.744 -13.879 -13.074 -12.599 -13.297 -13.904 -13.797 -13.519 -13.06
0.946787 -7.978 -6.185 -8.272 -10.246 -11.676 -12.656 -10.833 -10.508 -11.708 -12.689 -13.331 -13.729 -10.421 -12.068 -13.074 -13.52 -13.77 -12.258 -13.102 -13.544 -13.757 -13.896 -13.07 -12.582 -13.296 -13.93 -13.83 -13.558 -13.058
0.975422 -7.976 -6.067 -8.196 -10.182 -11.637 -12.636 -10.804 -10.448 -11.671 -12.67 -13.329 -13.74 -10.359 -12.037 -13.064 -13.523 -13.783 -12.233 -13.093 -13.547 -13.768 -13.912 -13.064 -12.563 -13.293 -13.956 -13.863 -13.596 -13.055
1.004923 -7.976 -5.947 -8.118 -10.115 -11.596 -12.615 -10.773 -10.386 -11.631 -12.651 -13.327 -13.75 -10.295 -12.004 -13.054 -13.525 -13.794 -12.206 -13.083 -13.55 -13.778 -13.928 -13.057 -12.543 -13.289 -13.981 -13.896 -13.635 -13.051
1.035317 -7.977 -5.824 -8.037 -10.046 -11.554 -12.593 -10.74 -10.321 -11.59 -12.629 -13.323 -13.759 -10.228 -11.97 -13.041 -13.526 -13.805 -12.177 -13.072 -13.551 -13.787 -13.942 -13.049 -12.521 -13.284 -14.005 -13.928 -13.673 -13.046
1.066629 -7.978 -5.698 -7.955 -9.975 -11.509 -12.568 -10.706 -10.254 -11.546 -12.606 -13.317 -13.768 -10.159 -11.934 -13.028 -13.526 -13.814 -12.147 -13.06 -13.552 -13.795 -13.956 -13.04 -12.498 -13.278 -14.029 -13.959 -13.71 -13.041
1.098888 -7.98 -5.571 -7.871 -9.9 -11.462 -12.542 -10.671 -10.185 -11.501 -12.582 -13.311 -13.775 -10.087 -11.896 -13.013 -13.524 -13.823 -12.115 -13.046 -13.551 -13.802 -13.969 -13.029 -12.473 -13.271 -14.052 -13.99 -13.748 -13.034
1.132124 -7.983 -5.441 -7.785 -9.824 -11.413 -12.515 -10.635 -10.113 -11.453 -12.555 -13.303 -13.781 -10.013 -11.856 -12.996 -13.521 -13.831 -12.082 -13.031 -13.548 -13.808 -13.981 -13.017 -12.446 -13.262 -14.075 -14.02 -13.784 -13.026
1.166364 -7.987 -5.309 -7.697 -9.744 -11.362 -12.485 -10.596 -10.039 -11.403 -12.527 -13.294 -13.786 -9.936 -11.814 -12.978 -13.517 -13.837 -12.047 -13.014 -13.545 -13.813 -13.992 -13.004 -12.418 -13.251 -14.096 -14.05 -13.821 -13.017
1.20164 -7.991 -5.176 -7.607 -9.661 -11.308 -12.453 -10.556 -9.961 -11.351 -12.497 -13.283 -13.79 -9.856 -11.77 -12.958 -13.512 -13.842 -12.01 -12.995 -13.54 -13.817 -14.001 -12.989 -12.388 -13.239 -14.117 -14.08 -13.857 -13.007
1.237983 -7.998 -5.138 -7.583 -9.64 -11.296 -12.449 -10.549 -9.941 -11.34 -12.493 -13.285 -13.797 -9.835 -11.761 -12.957 -13.516 -13.85 -12.003 -12.995 -13.544 -13.824 -14.011 -12.99 -12.384 -13.241 -14.13 -14.095 -13.874 -13.009
1.275425 -8.007 -5.147 -7.592 -9.649 -11.305 -12.458 -10.558 -9.95 -11.349 -12.501 -13.294 -13.806 -9.844 -11.77 -12.966 -13.524 -13.858 -12.012 -13.004 -13.553 -13.833 -14.019 -12.999 -12.393 -13.25 -14.138 -14.104 -13.883 -13.018
1.313999 -8.015 -5.155 -7.6 -9.657 -11.313 -12.466 -10.566 -9.958 -11.357 -12.51 -13.302 -13.814 -9.852 -11.778 -12.974 -13.532 -13.867 -12.02 -13.012 -13.561 -13.841 -14.027 -13.007 -12.401 -13.258 -14.146 -14.112 -13.891 -13.026
1.35374 -8.023 -5.163 -7.607 -9.665 -11.321 -12.474 -10.574 -9.966 -11.365 -12.517 -13.31 -13.822 -9.86 -11.786 -12.982 -13.54 -13.874 -12.028 -13.019 -13.569 -13.849 -14.035 -13.015 -12.409 -13.266 -14.154 -14.12 -13.899 -13.034
1.394683 -8.03 -5.17 -7.615 -9.672 -11.328 -12.481 -10.581 -9.973 -11.372 -12.525 -13.317 -13.829 -9.867 -11.793 -12.989 -13.547 -13.881 -12.035 -13.027 -13.576 -13.856 -14.042 -13.022 -12.416 -13.273 -14.161 -14.127 -13.906 -13.041
1.436864 -8.037 -5.177 -7.621 -9.679 -11.335 -12.487 -10.588 -9.98 -11.378 -12.531 -13.324 -13.835 -9.874 -11.8 -12.996 -13.554 -13.888 -12.042 -13.033 -13.583 -13.863 -14.049 -13.029 -12.422 -13.28 -14.168 -14.133 -13.913 -13.048
1.480321 -8.043 -5.183 -7.627 -9.685 -11.341 -12.493 -10.594 -9.986 -11.384 -12.537 -13.33 -13.841 -9.88 -11.806 -13.002 -13.56 -13.894 -12.048 -13.039 -13.589 -13.869 -14.055 -13.035 -12.428 -13.286 -14.174 -14.139 -13.919 -13.054
1.525092 -8.048 -5.188 -7.633 -9.69 -11.346 -12.499 -10.599 -9.991 -11.39 -12.543 -13.335 -13.847 -9.885 -11.811 -13.007 -13.565 -13.9 -12.053 -13.045 -13.594 -13.874 -14.06 -13.04 -12.434 -13.291 -14.179 -14.145 -13.924 -13.059
1.571218 -8.053 -5.193 -7.638 -9.695 -11.351 -12.504 -10.604 -9.996 -11.395 -12.548 -13.34 -13.852 -9.89 -11.816 -13.012 -13.57 -13.904 -12.058 -13.05 -13.599 -13.879 -14.065 -13.045 -12.439 -13.296 -14.184 -14.15 -13.929 -13.064
1.618738 -8.057 -5.197 -7.642 -9.699 -11.355 -12.508 -10.608 -10.0 -11.399 -12.552 -13.344 -13.856 -9.894 -11.82 -13.016 -13.574 -13.909 -12.062 -13.054 -13.603 -13.883 -14.069 -13.049 -12.443 -13.3 -14.188 -14.154 -13.933 -13.068
1.667696 -8.061 -5.201 -7.645 -9.703 -11.359 -12.511 -10.612 -10.004 -11.402 -12.555 -13.348 -13.859 -9.898 -11.824 -13.02 -13.578 -13.912 -12.066 -13.057 -13.607 -13.887 -14.073 -13.053 -12.446 -13.304 -14.192 -14.157 -13.937 -13.072
1.718134 -8.064 -5.204 -7.648 -9.705 -11.361 -12.514 -10.614 -10.007 -11.405 -12.558 -13.351 -13.862 -9.9 -11.827 -13.023 -13.581 -13.915 -12.069 -13.06 -13.609 -13.889 -14.076 -13.055 -12.449 -13.306 -14.195 -14.16 -13.939 -13.075
1.770098 -8.066 -5.206 -7.65 -9.707 -11.363 -12.516 -10.616 -10.009 -11.407 -12.56 -13.353 -13.864 -9.902 -11.829 -13.025 -13.583 -13.917 -12.071 -13.062 -13.611 -13.891 -14.078 -13.057 -12.451 -13.309 -14.197 -14.162 -13.942 -13.077
1.823633 -8.067 -5.207 -7.651 -9.709 -11.365 -12.517 -10.618 -10.01 -11.408 -12.561 -13.354 -13.865 -9.904 -11.83 -13.026 -13.584 -13.918 -12.072 -13.063 -13.613 -13.893 -14.079 -13.059 -12.452 -13.31 -14.198 -14.163 -13.943 -13.078
1.878788 -8.067 -5.207 -7.652 -9.709 -11.365 -12.518 -10.618 -10.01 -11.409 -12.562 -13.354 -13.866 -9.904 -11.83 -13.026 -13.584 -13.919 -12.072 -13.064 -13.613 -13.893 -14.079 -13.059 -12.453 -13.31 -14.198 -14.164 -13.943 -13.078
1.93561 -8.067 -5.207 -7.651 -9.709 -11.365 -12.517 -10.618 -10.01 -11.408 -12.561 -13.354 -13.865 -9.904 -11.83 -13.026 -13.584 -13.918 -12.072 -13.063 -13.613 -13.893 -14.079 -13.059 -12.452 -13.31 -14.198 -14.163 -13.943 -13.078
1.994152 -8.065 -5.205 -7.65 -9.707 -11.363 -12.516 -10.616 -10.008 -11.407 -12.56 -13.352 -13.864 -9.902 -11.828 -13.024 -13.583 -13.917 -12.07 -13.062 -13.611 -13.891 -14.078 -13.057 -12.451 -13.308 -14.197 -14.162 -13.941 -13.076
2.054463 -8.063 -5.203 -7.648 -9.705 -11.361 -12.514 -10.614 -10.006 -11.405 -12.557 -13.35 -13.862 -9.9 -11.826 -13.022 -13.58 -13.914 -12.068 -13.06 -13.609 -13.889 -14.075 -13.055 -12.449 -13.306 -14.194 -14.16 -13.939 -13.074
2.116599 -8.06 -5.2 -7.644 -9.701 -11.357 -12.51 -10.61 -10.003 -11.401 -12.554 -13.347 -13.858 -9.897 -11.823 -13.019 -13.577 -13.911 -12.065 -13.056 -13.606 -13.885 -14.072 -13.051 -12.445 -13.303 -14.191 -14.156 -13.936 -13.071
2.180614 -8.055 -5.195 -7.64 -9.697 -11.353 -12.506 -10.606 -9.998 -11.397 -12.55 -13.342 -13.854 -9.892 -11.818 -13.014 -13.572 -13.907 -12.06 -13.052 -13.601 -13.881 -14.067 -13.047 -12.441 -13.298 -14.186 -14.152 -13.931 -13.066
2.246566 -8.05 -5.19 -7.634 -9.691 -11.348 -12.5 -10.6 -9.993 -11.391 -12.544 -13.337 -13.848 -9.887 -11.813 -13.009 -13.567 -13.901 -12.055 -13.046 -13.596 -13.875 -14.062 -13.041 -12.435 -13.293 -14.181 -14.146 -13.926 -13.061
2.314511 -8.043 -5.183 -7.627 -9.685 -11.341 -12.494 -10.594 -9.986 -11.385 -12.537 -13.33 -13.842 -9.88 -11.806 -13.002 -13.56 -13.894 -12.048 -13.039 -13.589 -13.869 -14.055 -13.035 -12.429 -13.286 -14.174 -14.14 -13.919 -13.054
2.384512 -8.035 -5.175 -7.619 -9.677 -11.333 -12.486 -10.586 -9.978 -11.377 -12.529 -13.322 -13.834 -9.872 -11.798 -12.994 -13.552 -13.886 -12.04 -13.031 -13.581 -13.861 -14.047 -13.027 -12.421 -13.278 -14.166 -14.132 -13.911 -13.046
2.45663 -8.026 -5.166 -7.61 -9.667 -11.323 -12.476 -10.576 -9.969 -11.367 -12.52 -13.313 -13.824 -9.863 -11.789 -12.985 -13.543 -13.877 -12.031 -13.022 -13.572 -13.851 -14.038 -13.017 -12.411 -13.269 -14.157 -14.122 -13.902 -13.037
2.530929 -8.015 -5.155 -7.599 -9.657 -11.313 -12.466 -10.566 -9.958 -11.357 -12.509 -13.302 -13.814 -9.852 -11.778 -12.974 -13.532 -13.866 -12.02 -13.011 -13.561 -13.841 -14.027 -13.007 -12.401 -13.258 -14.146 -14.112 -13.891 -13.026
2.607475 -8.003 -5.143 -7.587 -9.645 -11.301 -12.453 -10.554 -9.946 -11.344 -12.497 -13.29 -13.801 -9.84 -11.766 -12.962 -13.52 -13.854 -12.008 -12.999 -13.549 -13.829 -14.015 -12.995 -12.388 -13.246 -14.134 -14.099 -13.879 -13.014
2.686337 -7.989 -5.129 -7.574 -9.631 -11.287 -12.44 -10.54 -9.932 -11.331 -12.484 -13.276 -13.788 -9.826 -11.752 -12.948 -13.506 -13.84 -11.994 -12.986 -13.535 -13.815 -14.001 -12.981 -12.375 -13.232 -14.12 -14.086 -13.865 -13.0
2.767583 -7.974 -5.114 -7.558 -9.616 -11.272 -12.424 -10.525 -9.917 -11.315 -12.468 -13.261 -13.772 -9.811 -11.737 -12.933 -13.491 -13.825 -11.979 -12.97 -13.52 -13.8 -13.986 -12.966 -12.359 -13.217 -14.105 -14.07 -13.85 -12.985
2.851287 -7.957 -5.097 -7.541 -9.599 -11.255 -12.407 -10.508 -9.9 -11.298 -12.451 -13.244 -13.755 -9.794 -11.72 -12.916 -13.474 -13.808 -11.962 -12.953 -13.503 -13.783 -13.969 -12.949 -12.342 -13.2 -14.088 -14.053 -13.833 -12.968
2.937522 -7.938 -5.078 -7.522 -9.58 -11.236 -12.388 -10.489 -9.881 -11.28 -12.432 -13.225 -13.737 -9.775 -11.701 -12.897 -13.455 -13.789 -11.943 -12.934 -13.484 -13.764 -13.95 -12.93 -12.324 -13.181 -14.069 -14.035 -13.814 -12.949
3.026365 -7.917 -5.057 -7.502 -9.559 -11.215 -12.368 -10.468 -9.86 -11.259 -12.412 -13.204 -13.716 -9.754 -11.68 -12.876 -13.434 -13.768 -11.922 -12.914 -13.463 -13.743 -13.929 -12.909 -12.303 -13.16 -14.048 -14.014 -13.793 -12.928
3.117896 -7.894 -5.034 -7.479 -9.536 -11.192 -12.345 -10.445 -9.837 -11.236 -12.389 -13.181 -13.693 -9.731 -11.657 -12.853 -13.412 -13.746 -11.899 -12.891 -13.44 -13.72 -13.906 -12.886 -12.28 -13.137 -14.026 -13.991 -13.77 -12.905
3.212194 -7.869 -5.009 -7.454 -9.511 -11.167 -12.32 -10.42 -9.812 -11.211 -12.364 -13.156 -13.668 -9.706 -11.632 -12.828 -13.387 -13.721 -11.874 -12.866 -13.415 -13.695 -13.882 -12.861 -12.255 -13.112 -14.001 -13.966 -13.745 -12.88
3.309345 -7.842 -4.982 -7.427 -9.484 -11.14 -12.293 -10.393 -9.785 -11.184 -12.337 -13.129 -13.641 -9.679 -11.605 -12.801 -13.359 -13.694 -11.847 -12.839 -13.388 -13.668 -13.854 -12.834 -12.228 -13.085 -13.973 -13.939 -13.718 -12.853
3.409434 -7.813 -4.953 -7.397 -9.454 -11.11 -12.263 -10.363 -9.756 -11.154 -12.307 -13.1 -13.611 -9.649 -11.576 -12.772 -13.33 -13.664 -11.818 -12.809 -13.358 -13.638 -13.825 -12.804 -12.198 -13.056 -13.944 -13.909 -13.689 -12.824
3.51255 -7.78 -4.921 -7.365 -9.422 -11.078 -12.231 -10.331 -9.724 -11.122 -12.275 -13.068 -13.579 -9.617 -11.543 -12.74 -13.298 -13.632 -11.786 -12.777 -13.326 -13.606 -13.793 -12.772 -12.166 -13.023 -13.912 -13.877 -13.656 -12.792
3.618785 -7.746 -4.886 -7.33 -9.388 -11.044 -12.196 -10.296 -9.689 -11.087 -12.24 -13.033 -13.544 -9.583 -11.509 -12.705 -13.263 -13.597 -11.751 -12.742 -13.292 -13.571 -13.758 -12.737 -12.131 -12.989 -13.877 -13.842 -13.622 -12.757
3.728232 -7.708 -4.848 -7.293 -9.35 -11.006 -12.159 -10.259 -9.651 -11.05 -12.203 -12.995 -13.507 -9.545 -11.471 -12.667 -13.225 -13.559 -11.713 -12.705 -13.254 -13.534 -13.72 -12.7 -12.094 -12.951 -13.839 -13.805 -13.584 -12.719
3.84099 -7.667 -4.808 -7.252 -9.309 -10.965 -12.118 -10.218 -9.611 -11.009 -12.162 -12.955 -13.466 -9.504 -11.43 -12.627 -13.185 -13.519 -11.673 -12.664 -13.213 -13.493 -13.68 -12.659 -12.053 -12.91 -13.799 -13.764 -13.543 -12.679
3.957158 -7.624 -4.764 -7.208 -9.266 -10.922 -12.074 -10.175 -9.567 -10.965 -12.118 -12.911 -13.422 -9.461 -11.387 -12.583 -13.141 -13.475 -11.629 -12.62 -13.17 -13.45 -13.636 -12.616 -12.009 -12.867 -13.755 -13.72 -13.5 -12.635
4.07684 -7.577 -4.717 -7.161 -9.219 -10.875 -12.027 -10.128 -9.52 -10.918 -12.071 -12.864 -13.375 -9.414 -11.34 -12.536 -13.094 -13.428 -11.582 -12.573 -13.123 -13.403 -13.589 -12.569 -11.962 -12.82 -13.708 -13.673 -13.453 -12.588
4.200141 -7.526 -4.666 -7.111 -9.168 -10.824 -11.977 -10.077 -9.469 -10.868 -12.021 -12.813 -13.325 -9.363 -11.289 -12.485 -13.043 -13.378 -11.531 -12.523 -13.072 -13.352 -13.538 -12.518 -11.912 -12.769 -13.657 -13.623 -13.402 -12.537
4.327172 -7.472 -4.612 -7.056 -9.114 -10.77 -11.922 -10.023 -9.415 -10.814 -11.966 -12.759 -13.271 -9.309 -11.235 -12.431 -12.989 -13.323 -11.477 -12.468 -13.018 -13.298 -13.484 -12.464 -11.858 -12.715 -13.603 -13.569 -13.348 -12.483
4.458044 -7.414 -4.554 -6.998 -9.056 -10.712 -11.864 -9.964 -9.357 -10.755 -11.908 -12.701 -13.212 -9.251 -11.177 -12.373 -12.931 -13.265 -11.419 -12.41 -12.96 -13.239 -13.426 -12.405 -11.799 -12.657 -13.545 -13.51 -13.29 -12.425
4.592874 -7.351 -4.491 -6.936 -8.993 -10.649 -11.802 -9.902 -9.294 -10.693 -11.846 -12.638 -13.15 -9.188 -11.114 -12.31 -12.869 -13.203 -11.356 -12.348 -12.897 -13.177 -13.363 -12.343 -11.737 -12.594 -13.483 -13.448 -13.227 -12.362
4.731783 -7.285 -4.425 -6.869 -8.926 -10.582 -11.735 -9.835 -9.228 -10.626 -11.779 -12.572 -13.083 -9.121 -11.048 -12.244 -12.802 -13.136 -11.29 -12.281 -12.83 -13.11 -13.297 -12.276 -11.67 -12.528 -13.416 -13.381 -13.161 -12.296
4.874892 -7.213 -4.353 -6.798 -8.855 -10.511 -11.664 -9.764 -9.156 -10.555 -11.708 -12.5 -13.012 -9.05 -10.976 -12.172 -12.73 -13.065 -11.218 -12.21 -12.759 -13.039 -13.225 -12.205 -11.599 -12.456 -13.344 -13.31 -13.089 -12.224
5.02233 -7.137 -4.277 -6.721 -8.779 -10.435 -11.588 -9.688 -9.08 -10.479 -11.631 -12.424 -12.936 -8.974 -10.9 -12.096 -12.654 -12.988 -11.142 -12.133 -12.683 -12.963 -13.149 -12.129 -11.523 -12.38 -13.268 -13.234 -13.013 -12.148
5.174227 -7.055 -4.195 -6.64 -8.697 -10.353 -11.506 -9.606 -8.999 -10.397 -11.55 -12.343 -12.854 -8.892 -10.818 -12.015 -12.573 -12.907 -11.061 -12.052 -12.601 -12.881 -13.068 -12.047 -11.441 -12.298 -13.187 -13.152 -12.931 -12.066
5.330718 -6.968 -4.109 -6.553 -8.61 -10.266 -11.419 -9.519 -8.912 -10.31 -11.463 -12.256 -12.767 -8.805 -10.731 -11.928 -12.486 -12.82 -10.974 -11.965 -12.514 -12.794 -12.981 -11.96 -11.354 -12.211 -13.1 -13.065 -12.844 -11.98
5.491942 -6.876 -4.016 -6.46 -8.518 -10.174 -11.326 -9.427 -8.819 -10.217 -11.37 -12.163 -12.674 -8.713 -10.639 -11.835 -12.393 -12.727 -10.881 -11.872 -12.422 -12.702 -12.888 -11.868 -11.261 -12.119 -13.007 -12.972 -12.752 -11.887
5.658042 -6.777 -3.917 -6.361 -8.419 -10.075 -11.228 -9.328 -8.72 -10.119 -11.271 -12.064 -12.576 -8.614 -10.54 -11.736 -12.294 -12.628 -10.782 -11.773 -12.323 -12.603 -12.789 -11.769 -11.163 -12.02 -12.908 -12.874 -12.653 -11.788
5.829166 -6.672 -3.812 -6.256 -8.313 -9.969 -11.122 -9.222 -8.615 -10.013 -11.166 -11.959 -12.47 -8.508 -10.435 -11.631 -12.189 -12.523 -10.677 -11.668 -12.217 -12.497 -12.684 -11.663 -11.057 -11.915 -12.803 -12.768 -12.548 -11.683
6.005465 -6.559 -3.699 -6.144 -8.201 -9.857 -11.01 -9.11 -8.503 -9.901 -11.054 -11.847 -12.358 -8.396 -10.322 -11.519 -12.077 -12.411 -10.564 -11.556 -12.105 -12.385 -12.572 -11.551 -10.945 -11.802 -12.691 -12.656 -12.435 -11.57
6.187096 -6.44 -3.58 -6.025 -8.082 -9.738 -10.891 -8.991 -8.383 -9.782 -10.934 -11.727 -12.239 -8.277 -10.203 -11.399 -11.957 -12.291 -10.445 -11.437 -11.986 -12.266 -12.452 -11.432 -10.826 -11.683 -12.571 -12.537 -12.316 -11.451
6.37422 -6.313 -3.453 -5.897 -7.955 -9.611 -10.764 -8.864 -8.256 -9.655 -10.807 -11.6 -12.112 -8.15 -10.076 -11.272 -11.83 -12.164 -10.318 -11.309 -11.859 -12.139 -12.325 -11.305 -10.699 -11.556 -12.444 -12.41 -12.189 -11.324
6.567004 -6.178 -3.318 -5.762 -7.82 -9.476 -10.628 -8.729 -8.121 -9.519 -10.672 -11.465 -11.976 -8.015 -9.941 -11.137 -11.695 -12.029 -10.183 -11.174 -11.724 -12.004 -12.19 -11.17 -10.563 -11.421 -12.309 -12.274 -12.054 -11.189
6.765619 -6.034 -3.174 -5.619 -7.676 -9.332 -10.485 -8.585 -7.977 -9.376 -10.528 -11.321 -11.833 -7.871 -9.797 -10.993 -11.551 -11.885 -10.039 -11.031 -11.58 -11.86 -12.046 -11.026 -10.42 -11.277 -12.165 -12.131 -11.91 -11.045
6.97024 -5.881 -3.021 -5.466 -7.523 -9.179 -10.332 -8.432 -7.824 -9.223 -10.376 -11.168 -11.68 -7.718 -9.644 -10.84 -11.398 -11.732 -9.886 -10.878 -11.427 -11.707 -11.893 -10.873 -10.267 -11.124 -12.012 -11.978 -11.757 -10.892
7.181051 -5.719 -2.859 -5.303 -7.361 -9.017 -10.169 -8.269 -7.662 -9.06 -10.213 -11.006 -11.517 -7.556 -9.482 -10.678 -11.236 -11.57 -9.724 -10.715 -11.265 -11.544 -11.731 -10.71 -10.104 -10.962 -11.85 -11.815 -11.595 -10.73
7.398237 -5.546 -2.686 -5.131 -7.188 -8.844 -9.997 -8.097 -7.489 -8.888 -10.04 -10.833 -11.345 -7.383 -9.309 -10.505 -11.063 -11.397 -9.551 -10.543 -11.092 -11.372 -11.558 -10.538 -9.932 -10.789 -11.677 -11.643 -11.422 -10.557
7.621991 -5.363 -2.503 -4.947 -7.004 -8.66 -9.813 -7.913 -7.306 -8.704 -9.857 -10.65 -11.161 -7.2 -9.126 -10.322 -10.88 -11.214 -9.368 -10.359 -10.909 -11.188 -11.375 -10.354 -9.748 -10.606 -11.494 -11.459 -11.239 -10.374
7.852513 -5.168 -2.308 -4.752 -6.81 -8.466 -9.618 -7.719 -7.111 -8.509 -9.662 -10.455 -10.966 -7.005 -8.931 -10.127 -10.685 -11.019 -9.173 -10.164 -10.714 -10.994 -11.18 -10.16 -9.553 -10.411 -11.299 -11.264 -11.044 -10.179
8.090007 -4.961 -2.101 -4.545 -6.603 -8.259 -9.411 -7.512 -6.904 -8.302 -9.455 -10.248 -10.759 -6.798 -8.724 -9.92 -10.478 -10.812 -8.966 -9.957 -10.507 -10.787 -10.973 -9.953 -9.346 -10.204 -11.092 -11.057 -10.837 -9.972
8.334684 -4.741 -1.881 -4.326 -6.383 -8.039 -9.192 -7.292 -6.684 -8.083 -9.235 -10.028 -10.54 -6.578 -8.504 -9.7 -10.258 -10.592 -8.746 -9.738 -10.287 -10.567 -10.753 -9.733 -9.127 -9.984 -10.872 -10.838 -10.617 -9.752
8.586761 -4.508 -1.648 -4.092 -6.149 -7.806 -8.958 -7.058 -6.451 -7.849 -9.002 -9.795 -10.306 -6.345 -8.271 -9.467 -10.025 -10.359 -8.513 -9.504 -10.054 -10.333 -10.52 -9.499 -8.893 -9.751 -10.639 -10.604 -10.384 -9.519
8.846461 -4.26 -1.4 -3.844 -5.902 -7.558 -8.71 -6.811 -6.203 -7.601 -8.754 -9.547 -10.059 -6.097 -8.023 -9.219 -9.777 -10.111 -8.265 -9.256 -9.806 -10.086 -10.272 -9.252 -8.646 -9.503 -10.391 -10.357 -10.136 -9.271
9.114017 -3.997 -1.137 -3.581 -5.639 -7.295 -8.447 -6.548 -5.94 -7.338 -8.491 -9.284 -9.795 -5.834 -7.76 -8.956 -9.514 -9.848 -8.002 -8.993 -9.543 -9.823 -10.009 -8.989 -8.382 -9.24 -10.128 -10.093 -9.873 -9.008
9.389664 -3.717 -0.858 -3.302 -5.359 -7.015 -8.168 -6.268 -5.661 -7.059 -8.212 -9.005 -9.516 -5.554 -7.48 -8.677 -9.235 -9.569 -7.723 -8.714 -9.263 -9.543 -9.73 -8.709 -8.103 -8.96 -9.849 -9.814 -9.593 -8.729
9.673648 -3.421 -0.561 -3.006 -5.063 -6.719 -7.872 -5.972 -5.364 -6.763 -7.915 -8.708 -9.22 -5.258 -7.184 -8.38 -8.938 -9.272 -7.426 -8.418 -8.967 -9.247 -9.433 -8.413 -7.807 -8.664 -9.552 -9.518 -9.297 -8.432
9.966221 -3.106 -0.246 -2.691 -4.748 -6.404 -7.557 -5.657 -5.049 -6.448 -7.601 -8.393 -8.905 -4.943 -6.869 -8.065 -8.623 -8.958 -7.111 -8.103 -8.652 -8.932 -9.118 -8.098 -7.492 -8.349 -9.237 -9.203 -8.982 -8.117
10.267642 -2.772 0.088 -2.357 -4.414 -6.07 -7.223 -5.323 -4.715 -6.114 -7.267 -8.059 -8.571 -4.609 -6.535 -7.731 -8.289 -8.624 -6.777 -7.769 -8.318 -8.598 -8.784 -7.764 -7.158 -8.015 -8.903 -8.869 -8.648 -7.783
10.57818 -2.418 0.442 -2.002 -4.059 -5.715 -6.868 -4.968 -4.361 -5.759 -6.912 -7.705 -8.216 -4.254 -6.181 -7.377 -7.935 -8.269 -6.423 -7.414 -7.963 -8.243 -8.43 -7.409 -6.803 -7.661 -8.549 -8.514 -8.294 -7.429
10.89811 -2.041 0.819 -1.626 -3.683 -5.339 -6.492 -4.592 -3.984 -5.383 -6.536 -7.328 -7.84 -3.878 -5.804 -7.0 -7.558 -7.892 -6.046 -7.038 -7.587 -7.867 -8.053 -7.033 -6.427 -7.284 -8.172 -8.138 -7.917 -7.052
11.227716 -1.642 1.218 -1.226 -3.283 -4.939 -6.092 -4.192 -3.585 -4.983 -6.136 -6.929 -7.44 -3.478 -5.405 -6.601 -7.159 -7.493 -5.647 -6.638 -7.188 -7.467 -7.654 -6.633 -6.027 -6.885 -7.773 -7.738 -7.518 -6.653
11.56729 -1.218 1.642 -0.802 -2.859 -4.515 -5.668 -3.768 -3.161 -4.559 -5.712 -6.505 -7.016 -3.054 -4.981 -6.177 -6.735 -7.069 -5.223 -6.214 -6.763 -7.043 -7.23 -6.209 -5.603 -6.46 -7.349 -7.314 -7.093 -6.229
11.917135 -0.767 2.093 -0.352 -2.409 -4.065 -5.218 -3.318 -2.71 -4.109 -5.262 -6.054 -6.566 -2.604 -4.53 -5.727 -6.285 -6.619 -4.772 -5.764 -6.313 -6.593 -6.78 -5.759 -5.153 -6.01 -6.899 -6.864 -6.643 -5.778
12.277561 -0.29 2.57 0.126 -1.931 -3.587 -4.74 -2.84 -2.233 -3.631 -4.784 -5.577 -6.088 -2.127 -4.053 -5.249 -5.807 -6.141 -4.295 -5.286 -5.836 -6.115 -6.302 -5.281 -4.675 -5.533 -6.421 -6.386 -6.166 -5.301
12.648887 0.218 3.077 0.633 -1.424 -3.08 -4.233 -2.333 -1.726 -3.124 -4.277 -5.07 -5.581 -1.619 -3.545 -4.742 -5.3 -5.634 -3.788 -4.779 -5.328 -5.608 -5.795 -4.774 -4.168 -5.025 -5.914 -5.879 -5.658 -4.794
13.031444 0.756 3.616 1.171 -0.886 -2.542 -3.695 -1.795 -1.187 -2.586 -3.739 -4.531 -5.043 -1.081 -3.007 -4.203 -4.761 -5.096 -3.249 -4.241 -4.79 -5.07 -5.256 -4.236 -3.63 -4.487 -5.375 -5.341 -5.12 -4.255
13.425571 1.327 4.187 1.743 -0.315 -1.971 -3.124 -1.224 -0.616 -2.015 -3.167 -3.96 -4.472 -0.51 -2.436 -3.632 -4.19 -4.524 -2.678 -3.669 -4.219 -4.499 -4.685 -3.665 -3.059 -3.916 -4.804 -4.77 -4.549 -3.684
13.831619 1.933 4.793 2.349 0.292 -1.364 -2.517 -0.617 -0.01 -1.408 -2.561 -3.354 -3.865 0.097 -1.83 -3.026 -3.584 -3.918 -2.072 -3.063 -3.612 -3.892 -4.079 -3.058 -2.452 -3.31 -4.198 -4.163 -3.943 -3.078
14.249947 2.577 5.437 2.993 0.935 -0.721 -1.874 0.026 0.634 -0.765 -1.917 -2.71 -3.222 0.74 -1.186 -2.382 -2.94 -3.274 -1.428 -2.419 -2.969 -3.249 -3.435 -2.415 -1.809 -2.666 -3.554 -3.52 -3.299 -2.434
14.680926 3.26 6.12 3.676 1.618 -0.038 -1.19 0.709 1.317 -0.081 -1.234 -2.027 -2.538 1.423 -0.503 -1.699 -2.257 -2.591 -0.745 -1.736 -2.286 -2.566 -2.752 -1.732 -1.125 -1.983 -2.871 -2.836 -2.616 -1.751
15.124941 3.985 6.845 4.401 2.343 0.687 -0.465 1.435 2.042 0.644 -0.509 -1.302 -1.813 2.148 0.222 -0.974 -1.532 -1.866 -0.02 -1.011 -1.561 -1.84 -2.027 -1.006 -0.4 -1.258 -2.146 -2.111 -1.891 -1.026
15.582385 4.755 7.615 5.17 3.113 1.457 0.304 2.204 2.812 1.413 0.261 -0.532 -1.044 2.918 0.992 -0.204 -0.762 -1.096 0.75 -0.242 -0.791 -1.071 -1.257 -0.237 0.369 -0.488 -1.376 -1.342 -1.121 -0.256
16.053663 5.572 8.432 5.987 3.93 2.274 1.121 3.021 3.629 2.23 1.077 0.285 -0.227 3.735 1.809 0.613 0.055 -0.28 1.567 0.575 0.026 -0.254 -0.44 0.58 1.186 0.329 -0.559 -0.525 -0.304 0.561
16.539195 6.439 9.299 6.854 4.797 3.141 1.988 3.888 4.496 3.097 1.944 1.152 0.64 4.602 2.676 1.48 0.922 0.587 2.434 1.442 0.893 0.613 0.427 1.447 2.053 1.196 0.308 0.342 0.563 1.428
17.039412 7.359 10.219 7.775 5.717 4.061 2.908 4.808 5.416 4.017 2.865 2.072 1.56 5.522 3.596 2.4 1.842 1.508 3.354 2.363 1.813 1.533 1.347 2.367 2.973 2.116 1.228 1.262 1.483 2.348
17.554757 8.336 11.196 8.751 6.694 5.038 3.885 5.785 6.393 4.994 3.841 3.049 2.537 6.499 4.573 3.377 2.819 2.485 4.331 3.339 2.79 2.51 2.324 3.344 3.95 3.093 2.205 2.239 2.46 3.325
18.085689 9.373 12.233 9.788 7.731 6.075 4.922 6.822 7.43 6.031 4.878 4.086 3.574 7.536 5.61 4.413 3.855 3.521 5.368 4.376 3.827 3.547 3.36 4.381 4.987 4.13 3.241 3.276 3.497 4.362
18.632678 10.473 13.333 10.888 8.831 7.175 6.022 7.922 8.53 7.131 5.979 5.186 4.674 8.636 6.71 5.514 4.956 4.622 6.468 5.476 4.927 4.647 4.461 5.481 6.087 5.23 4.342 4.376 4.597 5.462
19.196211 11.641 14.501 12.056 9.999 8.343 7.19 9.09 9.698 8.299 7.147 6.354 5.842 9.804 7.878 6.682 6.124 5.79 7.636 6.644 6.095 5.815 5.629 6.649 7.255 6.398 5.51 5.544 5.765 6.63
19.776787 12.881 15.741 13.296 11.239 9.583 8.43 10.33 10.938 9.539 8.386 7.594 7.082 11.044 9.118 7.922 7.363 7.029 8.876 7.884 7.335 7.055 6.869 7.889 8.495 7.638 6.75 6.784 7.005 7.87
20.374923 14.197 17.056 14.612 12.555 10.899 9.746 11.646 12.253 10.855 9.702 8.909 8.398 12.36 10.434 9.237 8.679 8.345 10.191 9.2 8.651 8.371 8.184 9.205 9.811 8.954 8.065 8.1 8.321 9.185
20.991149 15.593 18.453 16.009 13.951 12.295 11.143 13.042 13.65 12.252 11.099 10.306 9.794 13.756 11.83 10.634 10.076 9.742 11.588 10.597 10.047 9.767 9.581 10.601 11.207 10.35 9.462 9.496 9.717 10.582
21.626011 17.076 19.935 17.491 15.434 13.778 12.625 14.525 15.132 13.734 12.581 11.788 11.277 15.239 13.313 12.116 11.558 11.224 13.07 12.079 11.53 11.25 11.063 12.084 12.69 11.833 10.944 10.979 11.2 12.064
22.280075 18.649 21.509 19.064 17.007 15.351 14.198 16.098 16.706 15.307 14.154 13.362 12.85 16.812 14.886 13.69 13.132 12.798 14.644 13.652 13.103 12.823 12.637 13.657 14.263 13.406 12.518 12.552 12.773 13.638
22.953921 20.319 23.179 20.734 18.677 17.021 15.868 17.768 18.376 16.977 15.825 15.032 14.52 18.482 16.556 15.36 14.802 14.468 16.314 15.322 14.773 14.493 14.307 15.327 15.933 15.076 14.188 14.222 14.443 15.308
23.648147 22.091 24.951 22.507 20.45 18.794 17.641 19.541 20.148 18.75 17.597 16.804 16.293 20.255 18.328 17.132 16.574 16.24 18.086 17.095 16.546 16.266 16.079 17.1 17.706 16.849 15.96 15.995 16.216 17.08
24.363369 23.973 26.833 24.388 22.331 20.675 19.522 21.422 22.03 20.631 19.478 18.686 18.174 22.136 20.21 19.014 18.456 18.122 19.968 18.976 18.427 18.147 17.961 18.981 19.587 18.73 17.842 17.876 18.097 18.962
25.100222 25.97 28.83 26.385 24.328 22.672 21.519 23.419 24.027 22.628 21.475 20.683 20.171 24.133 22.207 21.011 20.453 20.118 21.965 20.973 20.424 20.144 19.958 20.978 21.584 20.727 19.839 19.873 20.094 20.959
25.859362 28.089 30.949 28.505 26.447 24.791 23.639 25.539 26.146 24.748 23.595 22.802 22.291 26.252 24.326 23.13 22.572 22.238 24.084 23.093 22.543 22.264 22.077 23.098 23.704 22.846 21.958 21.993 22.213 23.078
26.64146 30.339 33.199 30.754 28.697 27.041 25.888 27.788 28.396 26.997 25.845 25.052 24.54 28.502 26.576 25.38 24.822 24.488 26.334 25.342 24.793 24.513 24.327 25.347 25.953 25.096 24.208 24.242 24.463 25.328
27.447213 32.727 35.587 33.142 31.085 29.429 28.276 30.176 30.784 29.385 28.232 27.44 26.928 30.89 28.964 27.768 27.21 26.875 28.722 27.73 27.181 26.901 26.715 27.735 28.341 27.484 26.596 26.63 26.851 27.716
28.277335 35.261 38.121 35.677 33.619 31.963 30.811 32.71 33.318 31.92 30.767 29.974 29.463 33.424 31.498 30.302 29.744 29.41 31.256 30.265 29.715 29.435 29.249 30.269 30.876 30.018 29.13 29.165 29.385 30.25
29.132564 37.951 40.811 38.367 36.309 34.653 33.501 35.401 36.008 34.61 33.457 32.664 32.153 36.114 34.188 32.992 32.434 32.1 33.946 32.955 32.405 32.126 31.939 32.96 33.566 32.708 31.82 31.855 32.075 32.94
30.013659 40.807 43.667 41.222 39.165 37.509 36.356 38.256 38.863 37.465 36.312 35.519 35.008 38.97 37.044 35.847 35.289 34.955 36.801 35.81 35.261 34.981 34.794 35.815 36.421 35.564 34.675 34.71 34.931 35.796
30.921401 43.837 46.697 44.253 42.195 40.539 39.387 41.286 41.894 40.495 39.343 38.55 38.038 42.0 40.074 38.878 38.32 37.986 39.832 38.841 38.291 38.011 37.825 38.845 39.451 38.594 37.706 37.74 37.961 38.826
31.856598 47.054 49.914 47.469 45.412 43.756 42.603 44.503 45.111 43.712 42.559 41.767 41.255 45.217 43.291 42.095 41.537 41.202 43.049 42.057 41.508 41.228 41.042 42.062 42.668 41.811 40.923 40.957 41.178 42.043
32.820079 50.468 53.328 50.883 48.826 47.17 46.017 47.917 48.525 47.126 45.974 45.181 44.669 48.631 46.705 45.509 44.951 44.617 46.463 45.471 44.922 44.642 44.456 45.476 46.082 45.225 44.337 44.371 44.592 45.457
33.8127 54.092 56.952 54.507 52.45 50.794 49.641 51.541 52.149 50.75 49.597 48.805 48.293 52.255 50.329 49.133 48.575 48.24 50.087 49.095 48.546 48.266 48.08 49.1 49.706 48.849 47.961 47.995 48.216 49.081
34.835342 57.938 60.798 58.354 56.296 54.64 53.487 55.387 55.995 54.596 53.444 52.651 52.139 56.101 54.175 52.979 52.421 52.087 53.933 52.942 52.392 52.112 51.926 52.946 53.552 52.695 51.807 51.841 52.062 52.927
35.888913 62.021 64.881 62.436 60.379 58.723 57.57 59.47 60.077 58.679 57.526 56.733 56.222 60.184 58.258 57.061 56.503 56.169 58.015 57.024 56.475 56.195 56.008 57.029 57.635 56.778 55.889 55.924 56.145 57.01
36.974349 66.354 69.214 66.769 64.712 63.056 61.903 63.803 64.411 63.012 61.859 61.067 60.555 64.517 62.591 61.395 60.836 60.502 62.349 61.357 60.808 60.528 60.342 61.362 61.968 61.111 60.223 60.257 60.478 61.343
38.092613 70.953 73.813 71.368 69.311 67.655 66.502 68.402 69.01 67.611 66.459 65.666 65.154 69.116 67.19 65.994 65.436 65.102 66.948 65.956 65.407 65.127 64.941 65.961 66.567 65.71 64.822 64.856 65.077 65.942
39.244698 75.835 78.695 76.25 74.193 72.537 71.384 73.284 73.892 72.493 71.34 70.547 70.036 73.998 72.072 70.875 70.317 69.983 71.83 70.838 70.289 70.009 69.822 70.843 71.449 70.592 69.703 69.738 69.959 70.824
40.431627 81.016 83.876 81.431 79.374 77.718 76.565 78.465 79.073 77.674 76.522 75.729 75.217 79.179 77.253 76.057 75.499 75.165 77.011 76.019 75.47 75.19 75.004 76.024 76.63 75.773 74.885 74.919 75.14 76.005
41.654454 86.516 89.376 86.931 84.874 83.218 82.065 83.965 84.572 83.174 82.021 81.228 80.717 84.679 82.753 81.556 80.998 80.664 82.51 81.519 80.97 80.69 80.503 81.524 82.13 81.273 80.384 80.419 80.64 81.505
42.914265 92.353 95.213 92.768 90.711 89.055 87.902 89.802 90.41 89.011 87.858 87.066 86.554 90.516 88.59 87.394 86.836 86.501 88.348 87.356 86.807 86.527 86.341 87.361 87.967 87.11 86.222 86.256 86.477 87.342
44.212178 98.549 101.408 98.964 96.907 95.251 94.098 95.998 96.605 95.207 94.054 93.261 92.75 96.712 94.786 93.589 93.031 92.697 94.543 93.552 93.003 92.723 92.536 93.557 94.163 93.306 92.417 92.452 92.673 93.537
45.549345 105.125 107.985 105.54 103.483 101.827 100.674 102.574 103.182 101.783 100.63 99.837 99.326 103.288 101.362 100.165 99.607 99.273 101.12 100.128 99.579 99.299 99.112 100.133 100.739 99.882 98.993 99.028 99.249 100.114
46.926954 112.105 114.964 112.52 110.463 108.807 107.654 109.554 110.161 108.763 107.61 106.817 106.306 110.268 108.342 107.145 106.587 106.253 108.099 107.108 106.559 106.279 106.092 107.113 107.719 106.862 105.973 106.008 106.229 107.093
48.346227 119.513 122.373 119.928 117.871 116.215 115.062 116.962 117.57 116.171 115.019 114.226 113.714 117.676 115.75 114.554 113.996 113.662 115.508 114.516 113.967 113.687 113.501 114.521 115.127 114.27 113.382 113.416 113.637 114.502
49.808426 127.376 130.236 127.792 125.735 124.079 122.926 124.826 125.433 124.035 122.882 122.089 121.578 125.54 123.613 122.417 121.859 121.525 123.371 122.38 121.831 121.551 121.364 122.385 122.991 122.133 121.245 121.28 121.5 122.365
51.314848 135.723 138.583 136.138 134.081 132.425 131.272 133.172 133.78 132.381 131.228 130.436 129.924 133.886 131.96 130.764 130.205 129.871 131.718 130.726 130.177 129.897 129.71 130.731 131.337 130.48 129.591 129.626 129.847 130.712
52.86683 144.581 147.441 144.997 142.94 141.284 140.131 142.031 142.638 141.24 140.087 139.294 138.783 142.744 140.818 139.622 139.064 138.73 140.576 139.585 139.035 138.756 138.569 139.59 140.196 139.338 138.45 138.485 138.705 139.57
54.465752 153.984 156.844 154.4 152.342 150.686 149.533 151.433 152.041 150.642 149.49 148.697 148.185 152.147 150.221 149.025 148.467 148.133 149.979 148.988 148.438 148.158 147.972 148.992 149.598 148.741 147.853 147.887 148.108 148.973
56.113031 163.964 166.824 164.38 162.322 160.666 159.513 161.413 162.021 160.622 159.47 158.677 158.165 162.127 160.201 159.005 158.447 158.113 159.959 158.968 158.418 158.138 157.952 158.972 159.578 158.721 157.833 157.867 158.088 158.953
57.810132 174.557 177.417 174.972 172.915 171.259 170.106 172.006 172.614 171.215 170.063 169.27 168.758 172.72 170.794 169.598 169.04 168.706 170.552 169.56 169.011 168.731 168.545 169.565 170.171 169.314 168.426 168.46 168.681 169.546
59.55856 185.8 188.66 186.216 184.158 182.502 181.35 183.249 183.857 182.459 181.306 180.513 180.002 183.963 182.037 180.841 180.283 179.949 181.795 180.804 180.254 179.974 179.788 180.808 181.415 180.557 179.669 179.704 179.924 180.789
61.359868 197.734 200.594 198.149 196.092 194.436 193.283 195.183 195.791 194.392 193.239 192.447 191.935 195.897 193.971 192.775 192.217 191.883 193.729 192.737 192.188 191.908 191.722 192.742 193.348 192.491 191.603 191.637 191.858 192.723
63.215655 210.4 213.26 210.816 208.758 207.102 205.95 207.85 208.457 207.059 205.906 205.113 204.602 208.563 206.637 205.441 204.883 204.549 206.395 205.404 204.854 204.575 204.388 205.409 206.015 205.157 204.269 204.304 204.524 205.389
65.127569 223.845 226.704 224.26 222.203 220.547 219.394 221.294 221.901 220.503 219.35 218.557 218.046 222.008 220.082 218.885 218.327 217.993 219.839 218.848 218.299 218.019 217.832 218.853 219.459 218.602 217.713 217.748 217.969 218.833
67.097308 238.114 240.974 238.53 236.472 234.816 233.664 235.563 236.171 234.773 233.62 232.827 232.316 236.277 234.351 233.155 232.597 232.263 234.109 233.118 232.568 232.288 232.102 233.122 233.729 232.871 231.983 232.018 232.238 233.103
69.126621 253.26 256.12 253.676 251.618 249.962 248.81 250.709 251.317 249.918 248.766 247.973 247.461 251.423 249.497 248.301 247.743 247.409 249.255 248.264 247.714 247.434 247.248 248.268 248.874 248.017 247.129 247.163 247.384 248.249
71.217308 269.336 272.196 269.751 267.694 266.038 264.885 266.785 267.393 265.994 264.842 264.049 263.537 267.499 265.573 264.377 263.819 263.485 265.331 264.339 263.79 263.51 263.324 264.344 264.95 264.093 263.205 263.239 263.46 264.325
73.371227 286.399 289.259 286.815 284.757 283.101 281.948 283.848 284.456 283.057 281.905 281.112 280.6 284.562 282.636 281.44 280.882 280.548 282.394 281.403 280.853 280.573 280.387 281.407 282.013 281.156 280.268 280.302 280.523 281.388
75.59029 304.51 307.37 304.925 302.868 301.212 300.059 301.959 302.567 301.168 300.015 299.223 298.711 302.673 300.747 299.551 298.993 298.659 300.505 299.513 298.964 298.684 298.498 299.518 300.124 299.267 298.379 298.413 298.634 299.499
77.876467 323.733 326.593 324.148 322.091 320.435 319.282 321.182 321.79 320.391 319.238 318.446 317.934 321.896 319.97 318.774 318.215 317.881 319.728 318.736 318.187 317.907 317.721 318.741 319.347 318.49 317.601 317.636 317.857 318.722
80.231787 344.136 346.996 344.551 342.494 340.838 339.685 341.585 342.193 340.794 339.641 338.849 338.337 342.299 340.373 339.177 338.619 338.285 340.131 339.139 338.59 338.31 338.124 339.144 339.75 338.893 338.005 338.039 338.26 339.125
82.658343 365.792 368.652 366.207 364.15 362.494 361.341 363.241 363.849 362.45 361.297 360.505 359.993 363.955 362.029 360.833 360.275 359.941 361.787 360.795 360.246 359.966 359.78 360.8 361.406 360.549 359.661 359.695 359.916 360.781
85.158288 388.778 391.638 389.193 387.136 385.48 384.327 386.227 386.835 385.436 384.283 383.49 382.979 386.941 385.015 383.818 383.26 382.926 384.773 383.781 383.232 382.952 382.765 383.786 384.392 383.535 382.646 382.681 382.902 383.767
87.733843 413.175 416.035 413.59 411.533 409.877 408.724 410.624 411.232 409.833 408.68 407.888 407.376 411.338 409.412 408.216 407.658 407.323 409.17 408.178 407.629 407.349 407.163 408.183 408.789 407.932 407.044 407.078 407.299 408.164
90.387293 439.07 441.93 439.485 437.428 435.772 434.619 436.519 437.127 435.728 434.576 433.783 433.271 437.233 435.307 434.111 433.553 433.219 435.065 434.073 433.524 433.244 433.058 434.078 434.684 433.827 432.939 432.973 433.194 434.059
93.120995 466.555 469.415 466.971 464.913 463.257 462.105 464.004 464.612 463.214 462.061 461.268 460.757 464.718 462.792 461.596 461.038 460.704 462.55 461.559 461.009 460.729 460.543 461.563 462.17 461.312 460.424 460.459 460.679 461.544
95.937376 495.728 498.588 496.144 494.086 492.43 491.278 493.177 493.785 492.387 491.234 490.441 489.93 493.891 491.965 490.769 490.211 489.877 491.723 490.732 490.182 489.902 489.716 490.736 491.343 490.485 489.597 489.632 489.852 490.717
98.838937 526.692 529.552 527.108 525.051 523.395 522.242 524.142 524.749 523.351 522.198 521.405 520.894 524.856 522.929 521.733 521.175 520.841 522.687 521.696 521.147 520.867 520.68 521.701 522.307 521.45 520.561 520.596 520.817 521.681
101.828253 559.558 562.418 559.974 557.916 556.26 555.107 557.007 557.615 556.216 555.064 554.271 553.759 557.721 555.795 554.599 554.041 553.707 555.553 554.562 554.012 553.732 553.546 554.566 555.172 554.315 553.427 553.461 553.682 554.547
104.907979 594.442 597.302 594.857 592.8 591.144 589.991 591.891 592.499 591.1 589.947 589.155 588.643 592.605 590.679 589.483 588.924 588.59 590.437 589.445 588.896 588.616 588.43 589.45 590.056 589.199 588.311 588.345 588.566 589.431
108.080849 631.467 634.327 631.883 629.825 628.169 627.017 628.917 629.524 628.126 626.973 626.18 625.669 629.63 627.704 626.508 625.95 625.616 627.462 626.471 625.921 625.642 625.455 626.476 627.082 626.224 625.336 625.371 625.591 626.456
111.349681 670.766 673.626 671.182 669.125 667.469 666.316 668.216 668.823 667.425 666.272 665.479 664.968 668.93 667.003 665.807 665.249 664.915 666.761 665.77 665.221 664.941 664.754 665.775 666.381 665.523 664.635 664.67 664.89 665.755
114.717376 712.479 715.339 712.894 710.837 709.181 708.028 709.928 710.536 709.137 707.984 707.192 706.68 710.642 708.716 707.52 706.961 706.627 708.474 707.482 706.933 706.653 706.466 707.487 708.093 707.236 706.347 706.382 706.603 707.468
118.186925 756.752 759.612 757.168 755.11 753.454 752.302 754.201 754.809 753.411 752.258 751.465 750.953 754.915 752.989 751.793 751.235 750.901 752.747 751.756 751.206 750.926 750.74 751.76 752.366 751.509 750.621 750.655 750.876 751.741
121.761408 nan nan nan nan nan nan nan nan nan nan nan nan nan nan nan nan nan nan nan nan nan nan nan nan nan nan nan nan nan
125.443999 nan nan nan nan nan nan nan nan nan nan nan nan nan nan nan nan nan nan nan nan nan nan nan nan nan nan nan nan nan
129.237967 nan nan nan nan nan nan nan nan nan nan nan nan nan nan nan nan nan nan nan nan nan nan nan nan nan nan nan nan nan
133.146681 nan nan nan nan nan nan nan nan nan nan nan nan nan nan nan nan nan nan nan nan nan nan nan nan nan nan nan nan nan
137.173612 nan nan nan nan nan nan nan nan nan nan nan nan nan nan nan nan nan nan nan nan nan nan nan nan nan nan nan nan nan
141.322334 nan nan nan nan nan nan nan nan nan nan nan nan nan nan nan nan nan nan nan nan nan nan nan nan nan nan nan nan nan
145.596532 nan nan nan nan nan nan nan nan nan nan nan nan nan nan nan nan nan nan nan nan nan nan nan nan nan nan nan nan nan
150.0 nan nan nan nan nan nan nan nan nan nan nan nan nan nan nan nan nan nan nan nan nan nan nan nan nan nan nan nan nan
