# %ECSV 1.0
# ---
# datatype:
# - {name: time, datatype: float64}
# - {name: sdss_u, datatype: float64}
# - {name: sdss_g, datatype: float64}
# - {name: sdss_r, datatype: float64}
# - {name: sdss_i, datatype: float64}
# - {name: sdss_z, datatype: float64}
# - {name: Clear, datatype: float64}
# - {name: johnson_B, datatype: float64}
# - {name: johnson_V, datatype: float64}
# - {name: johnson_R, datatype: float64}
# - {name: johnson_I, datatype: float64}
# - {name: ukirt_J, datatype: float64}
# - {name: ukirt_H, datatype: float64}
# - {name: ukirt_K, datatype: float64}
# meta: !!omap
# - comment: [M=-18.42857142857143, dM=1.2558163076585405]
# schema: astropy-2.0
time sdss_u sdss_g sdss_r sdss_i sdss_z Clear johnson_B johnson_V johnson_R johnson_I ukirt_J ukirt_H ukirt_K
0.0 -18.42857142857143 -18.42857142857143 -18.42857142857143 -18.42857142857143 -18.42857142857143 -18.42857142857143 -18.42857142857143 -18.42857142857143 -18.42857142857143 -18.42857142857143 -18.42857142857143 -18.42857142857143 -18.42857142857143
0.07537688442211055 -18.33391190789365 -18.33391190789365 -18.33391190789365 -18.33391190789365 -18.33391190789365 -18.33391190789365 -18.33391190789365 -18.33391190789365 -18.33391190789365 -18.33391190789365 -18.33391190789365 -18.33391190789365 -18.33391190789365
0.1507537688442211 -18.23925238721587 -18.23925238721587 -18.23925238721587 -18.23925238721587 -18.23925238721587 -18.23925238721587 -18.23925238721587 -18.23925238721587 -18.23925238721587 -18.23925238721587 -18.23925238721587 -18.23925238721587 -18.23925238721587
0.22613065326633164 -18.144592866538094 -18.144592866538094 -18.144592866538094 -18.144592866538094 -18.144592866538094 -18.144592866538094 -18.144592866538094 -18.144592866538094 -18.144592866538094 -18.144592866538094 -18.144592866538094 -18.144592866538094 -18.144592866538094
0.3015075376884422 -18.049933345860314 -18.049933345860314 -18.049933345860314 -18.049933345860314 -18.049933345860314 -18.049933345860314 -18.049933345860314 -18.049933345860314 -18.049933345860314 -18.049933345860314 -18.049933345860314 -18.049933345860314 -18.049933345860314
0.37688442211055273 -17.955273825182534 -17.955273825182534 -17.955273825182534 -17.955273825182534 -17.955273825182534 -17.955273825182534 -17.955273825182534 -17.955273825182534 -17.955273825182534 -17.955273825182534 -17.955273825182534 -17.955273825182534 -17.955273825182534
0.4522613065326633 -17.860614304504754 -17.860614304504754 -17.860614304504754 -17.860614304504754 -17.860614304504754 -17.860614304504754 -17.860614304504754 -17.860614304504754 -17.860614304504754 -17.860614304504754 -17.860614304504754 -17.860614304504754 -17.860614304504754
0.5276381909547738 -17.765954783826974 -17.765954783826974 -17.765954783826974 -17.765954783826974 -17.765954783826974 -17.765954783826974 -17.765954783826974 -17.765954783826974 -17.765954783826974 -17.765954783826974 -17.765954783826974 -17.765954783826974 -17.765954783826974
0.6030150753768844 -17.671295263149194 -17.671295263149194 -17.671295263149194 -17.671295263149194 -17.671295263149194 -17.671295263149194 -17.671295263149194 -17.671295263149194 -17.671295263149194 -17.671295263149194 -17.671295263149194 -17.671295263149194 -17.671295263149194
0.6783919597989949 -17.576635742471417 -17.576635742471417 -17.576635742471417 -17.576635742471417 -17.576635742471417 -17.576635742471417 -17.576635742471417 -17.576635742471417 -17.576635742471417 -17.576635742471417 -17.576635742471417 -17.576635742471417 -17.576635742471417
0.7537688442211055 -17.481976221793637 -17.481976221793637 -17.481976221793637 -17.481976221793637 -17.481976221793637 -17.481976221793637 -17.481976221793637 -17.481976221793637 -17.481976221793637 -17.481976221793637 -17.481976221793637 -17.481976221793637 -17.481976221793637
0.829145728643216 -17.387316701115857 -17.387316701115857 -17.387316701115857 -17.387316701115857 -17.387316701115857 -17.387316701115857 -17.387316701115857 -17.387316701115857 -17.387316701115857 -17.387316701115857 -17.387316701115857 -17.387316701115857 -17.387316701115857
0.9045226130653266 -17.292657180438077 -17.292657180438077 -17.292657180438077 -17.292657180438077 -17.292657180438077 -17.292657180438077 -17.292657180438077 -17.292657180438077 -17.292657180438077 -17.292657180438077 -17.292657180438077 -17.292657180438077 -17.292657180438077
0.9798994974874371 -17.197997659760297 -17.197997659760297 -17.197997659760297 -17.197997659760297 -17.197997659760297 -17.197997659760297 -17.197997659760297 -17.197997659760297 -17.197997659760297 -17.197997659760297 -17.197997659760297 -17.197997659760297 -17.197997659760297
1.0552763819095476 -17.103338139082517 -17.103338139082517 -17.103338139082517 -17.103338139082517 -17.103338139082517 -17.103338139082517 -17.103338139082517 -17.103338139082517 -17.103338139082517 -17.103338139082517 -17.103338139082517 -17.103338139082517 -17.103338139082517
1.1306532663316582 -17.00867861840474 -17.00867861840474 -17.00867861840474 -17.00867861840474 -17.00867861840474 -17.00867861840474 -17.00867861840474 -17.00867861840474 -17.00867861840474 -17.00867861840474 -17.00867861840474 -17.00867861840474 -17.00867861840474
1.2060301507537687 -16.91401909772696 -16.91401909772696 -16.91401909772696 -16.91401909772696 -16.91401909772696 -16.91401909772696 -16.91401909772696 -16.91401909772696 -16.91401909772696 -16.91401909772696 -16.91401909772696 -16.91401909772696 -16.91401909772696
1.2814070351758793 -16.81935957704918 -16.81935957704918 -16.81935957704918 -16.81935957704918 -16.81935957704918 -16.81935957704918 -16.81935957704918 -16.81935957704918 -16.81935957704918 -16.81935957704918 -16.81935957704918 -16.81935957704918 -16.81935957704918
1.3567839195979898 -16.7247000563714 -16.7247000563714 -16.7247000563714 -16.7247000563714 -16.7247000563714 -16.7247000563714 -16.7247000563714 -16.7247000563714 -16.7247000563714 -16.7247000563714 -16.7247000563714 -16.7247000563714 -16.7247000563714
1.4321608040201004 -16.63004053569362 -16.63004053569362 -16.63004053569362 -16.63004053569362 -16.63004053569362 -16.63004053569362 -16.63004053569362 -16.63004053569362 -16.63004053569362 -16.63004053569362 -16.63004053569362 -16.63004053569362 -16.63004053569362
1.507537688442211 -16.535381015015844 -16.535381015015844 -16.535381015015844 -16.535381015015844 -16.535381015015844 -16.535381015015844 -16.535381015015844 -16.535381015015844 -16.535381015015844 -16.535381015015844 -16.535381015015844 -16.535381015015844 -16.535381015015844
1.5829145728643215 -16.440721494338064 -16.440721494338064 -16.440721494338064 -16.440721494338064 -16.440721494338064 -16.440721494338064 -16.440721494338064 -16.440721494338064 -16.440721494338064 -16.440721494338064 -16.440721494338064 -16.440721494338064 -16.440721494338064
1.658291457286432 -16.346061973660284 -16.346061973660284 -16.346061973660284 -16.346061973660284 -16.346061973660284 -16.346061973660284 -16.346061973660284 -16.346061973660284 -16.346061973660284 -16.346061973660284 -16.346061973660284 -16.346061973660284 -16.346061973660284
1.7336683417085426 -16.251402452982504 -16.251402452982504 -16.251402452982504 -16.251402452982504 -16.251402452982504 -16.251402452982504 -16.251402452982504 -16.251402452982504 -16.251402452982504 -16.251402452982504 -16.251402452982504 -16.251402452982504 -16.251402452982504
1.809045226130653 -16.156742932304724 -16.156742932304724 -16.156742932304724 -16.156742932304724 -16.156742932304724 -16.156742932304724 -16.156742932304724 -16.156742932304724 -16.156742932304724 -16.156742932304724 -16.156742932304724 -16.156742932304724 -16.156742932304724
1.8844221105527637 -16.062083411626944 -16.062083411626944 -16.062083411626944 -16.062083411626944 -16.062083411626944 -16.062083411626944 -16.062083411626944 -16.062083411626944 -16.062083411626944 -16.062083411626944 -16.062083411626944 -16.062083411626944 -16.062083411626944
1.9597989949748742 -15.967423890949165 -15.967423890949165 -15.967423890949165 -15.967423890949165 -15.967423890949165 -15.967423890949165 -15.967423890949165 -15.967423890949165 -15.967423890949165 -15.967423890949165 -15.967423890949165 -15.967423890949165 -15.967423890949165
2.0351758793969847 -15.872764370271387 -15.872764370271387 -15.872764370271387 -15.872764370271387 -15.872764370271387 -15.872764370271387 -15.872764370271387 -15.872764370271387 -15.872764370271387 -15.872764370271387 -15.872764370271387 -15.872764370271387 -15.872764370271387
2.1105527638190953 -15.778104849593607 -15.778104849593607 -15.778104849593607 -15.778104849593607 -15.778104849593607 -15.778104849593607 -15.778104849593607 -15.778104849593607 -15.778104849593607 -15.778104849593607 -15.778104849593607 -15.778104849593607 -15.778104849593607
2.185929648241206 -15.683445328915827 -15.683445328915827 -15.683445328915827 -15.683445328915827 -15.683445328915827 -15.683445328915827 -15.683445328915827 -15.683445328915827 -15.683445328915827 -15.683445328915827 -15.683445328915827 -15.683445328915827 -15.683445328915827
2.2613065326633164 -15.588785808238047 -15.588785808238047 -15.588785808238047 -15.588785808238047 -15.588785808238047 -15.588785808238047 -15.588785808238047 -15.588785808238047 -15.588785808238047 -15.588785808238047 -15.588785808238047 -15.588785808238047 -15.588785808238047
2.336683417085427 -15.494126287560269 -15.494126287560269 -15.494126287560269 -15.494126287560269 -15.494126287560269 -15.494126287560269 -15.494126287560269 -15.494126287560269 -15.494126287560269 -15.494126287560269 -15.494126287560269 -15.494126287560269 -15.494126287560269
2.4120603015075375 -15.399466766882488 -15.399466766882488 -15.399466766882488 -15.399466766882488 -15.399466766882488 -15.399466766882488 -15.399466766882488 -15.399466766882488 -15.399466766882488 -15.399466766882488 -15.399466766882488 -15.399466766882488 -15.399466766882488
2.487437185929648 -15.30480724620471 -15.30480724620471 -15.30480724620471 -15.30480724620471 -15.30480724620471 -15.30480724620471 -15.30480724620471 -15.30480724620471 -15.30480724620471 -15.30480724620471 -15.30480724620471 -15.30480724620471 -15.30480724620471
2.5628140703517586 -15.21014772552693 -15.21014772552693 -15.21014772552693 -15.21014772552693 -15.21014772552693 -15.21014772552693 -15.21014772552693 -15.21014772552693 -15.21014772552693 -15.21014772552693 -15.21014772552693 -15.21014772552693 -15.21014772552693
2.638190954773869 -15.11548820484915 -15.11548820484915 -15.11548820484915 -15.11548820484915 -15.11548820484915 -15.11548820484915 -15.11548820484915 -15.11548820484915 -15.11548820484915 -15.11548820484915 -15.11548820484915 -15.11548820484915 -15.11548820484915
2.7135678391959797 -15.020828684171372 -15.020828684171372 -15.020828684171372 -15.020828684171372 -15.020828684171372 -15.020828684171372 -15.020828684171372 -15.020828684171372 -15.020828684171372 -15.020828684171372 -15.020828684171372 -15.020828684171372 -15.020828684171372
2.78894472361809 -14.926169163493592 -14.926169163493592 -14.926169163493592 -14.926169163493592 -14.926169163493592 -14.926169163493592 -14.926169163493592 -14.926169163493592 -14.926169163493592 -14.926169163493592 -14.926169163493592 -14.926169163493592 -14.926169163493592
2.8643216080402008 -14.831509642815814 -14.831509642815814 -14.831509642815814 -14.831509642815814 -14.831509642815814 -14.831509642815814 -14.831509642815814 -14.831509642815814 -14.831509642815814 -14.831509642815814 -14.831509642815814 -14.831509642815814 -14.831509642815814
2.9396984924623113 -14.736850122138033 -14.736850122138033 -14.736850122138033 -14.736850122138033 -14.736850122138033 -14.736850122138033 -14.736850122138033 -14.736850122138033 -14.736850122138033 -14.736850122138033 -14.736850122138033 -14.736850122138033 -14.736850122138033
3.015075376884422 -14.642190601460253 -14.642190601460253 -14.642190601460253 -14.642190601460253 -14.642190601460253 -14.642190601460253 -14.642190601460253 -14.642190601460253 -14.642190601460253 -14.642190601460253 -14.642190601460253 -14.642190601460253 -14.642190601460253
3.0904522613065324 -14.547531080782473 -14.547531080782473 -14.547531080782473 -14.547531080782473 -14.547531080782473 -14.547531080782473 -14.547531080782473 -14.547531080782473 -14.547531080782473 -14.547531080782473 -14.547531080782473 -14.547531080782473 -14.547531080782473
3.165829145728643 -14.452871560104695 -14.452871560104695 -14.452871560104695 -14.452871560104695 -14.452871560104695 -14.452871560104695 -14.452871560104695 -14.452871560104695 -14.452871560104695 -14.452871560104695 -14.452871560104695 -14.452871560104695 -14.452871560104695
3.2412060301507535 -14.358212039426915 -14.358212039426915 -14.358212039426915 -14.358212039426915 -14.358212039426915 -14.358212039426915 -14.358212039426915 -14.358212039426915 -14.358212039426915 -14.358212039426915 -14.358212039426915 -14.358212039426915 -14.358212039426915
3.316582914572864 -14.263552518749137 -14.263552518749137 -14.263552518749137 -14.263552518749137 -14.263552518749137 -14.263552518749137 -14.263552518749137 -14.263552518749137 -14.263552518749137 -14.263552518749137 -14.263552518749137 -14.263552518749137 -14.263552518749137
3.3919597989949746 -14.168892998071357 -14.168892998071357 -14.168892998071357 -14.168892998071357 -14.168892998071357 -14.168892998071357 -14.168892998071357 -14.168892998071357 -14.168892998071357 -14.168892998071357 -14.168892998071357 -14.168892998071357 -14.168892998071357
3.467336683417085 -14.074233477393577 -14.074233477393577 -14.074233477393577 -14.074233477393577 -14.074233477393577 -14.074233477393577 -14.074233477393577 -14.074233477393577 -14.074233477393577 -14.074233477393577 -14.074233477393577 -14.074233477393577 -14.074233477393577
3.5427135678391957 -13.979573956715797 -13.979573956715797 -13.979573956715797 -13.979573956715797 -13.979573956715797 -13.979573956715797 -13.979573956715797 -13.979573956715797 -13.979573956715797 -13.979573956715797 -13.979573956715797 -13.979573956715797 -13.979573956715797
3.618090452261306 -13.884914436038018 -13.884914436038018 -13.884914436038018 -13.884914436038018 -13.884914436038018 -13.884914436038018 -13.884914436038018 -13.884914436038018 -13.884914436038018 -13.884914436038018 -13.884914436038018 -13.884914436038018 -13.884914436038018
3.6934673366834168 -13.79025491536024 -13.79025491536024 -13.79025491536024 -13.79025491536024 -13.79025491536024 -13.79025491536024 -13.79025491536024 -13.79025491536024 -13.79025491536024 -13.79025491536024 -13.79025491536024 -13.79025491536024 -13.79025491536024
3.7688442211055273 -13.69559539468246 -13.69559539468246 -13.69559539468246 -13.69559539468246 -13.69559539468246 -13.69559539468246 -13.69559539468246 -13.69559539468246 -13.69559539468246 -13.69559539468246 -13.69559539468246 -13.69559539468246 -13.69559539468246
3.844221105527638 -13.60093587400468 -13.60093587400468 -13.60093587400468 -13.60093587400468 -13.60093587400468 -13.60093587400468 -13.60093587400468 -13.60093587400468 -13.60093587400468 -13.60093587400468 -13.60093587400468 -13.60093587400468 -13.60093587400468
3.9195979899497484 -13.5062763533269 -13.5062763533269 -13.5062763533269 -13.5062763533269 -13.5062763533269 -13.5062763533269 -13.5062763533269 -13.5062763533269 -13.5062763533269 -13.5062763533269 -13.5062763533269 -13.5062763533269 -13.5062763533269
3.994974874371859 -13.41161683264912 -13.41161683264912 -13.41161683264912 -13.41161683264912 -13.41161683264912 -13.41161683264912 -13.41161683264912 -13.41161683264912 -13.41161683264912 -13.41161683264912 -13.41161683264912 -13.41161683264912 -13.41161683264912
4.0703517587939695 -13.316957311971342 -13.316957311971342 -13.316957311971342 -13.316957311971342 -13.316957311971342 -13.316957311971342 -13.316957311971342 -13.316957311971342 -13.316957311971342 -13.316957311971342 -13.316957311971342 -13.316957311971342 -13.316957311971342
4.14572864321608 -13.222297791293563 -13.222297791293563 -13.222297791293563 -13.222297791293563 -13.222297791293563 -13.222297791293563 -13.222297791293563 -13.222297791293563 -13.222297791293563 -13.222297791293563 -13.222297791293563 -13.222297791293563 -13.222297791293563
4.221105527638191 -13.127638270615783 -13.127638270615783 -13.127638270615783 -13.127638270615783 -13.127638270615783 -13.127638270615783 -13.127638270615783 -13.127638270615783 -13.127638270615783 -13.127638270615783 -13.127638270615783 -13.127638270615783 -13.127638270615783
4.296482412060302 -13.032978749938003 -13.032978749938003 -13.032978749938003 -13.032978749938003 -13.032978749938003 -13.032978749938003 -13.032978749938003 -13.032978749938003 -13.032978749938003 -13.032978749938003 -13.032978749938003 -13.032978749938003 -13.032978749938003
4.371859296482412 -12.938319229260223 -12.938319229260223 -12.938319229260223 -12.938319229260223 -12.938319229260223 -12.938319229260223 -12.938319229260223 -12.938319229260223 -12.938319229260223 -12.938319229260223 -12.938319229260223 -12.938319229260223 -12.938319229260223
4.447236180904522 -12.843659708582445 -12.843659708582445 -12.843659708582445 -12.843659708582445 -12.843659708582445 -12.843659708582445 -12.843659708582445 -12.843659708582445 -12.843659708582445 -12.843659708582445 -12.843659708582445 -12.843659708582445 -12.843659708582445
4.522613065326633 -12.749000187904665 -12.749000187904665 -12.749000187904665 -12.749000187904665 -12.749000187904665 -12.749000187904665 -12.749000187904665 -12.749000187904665 -12.749000187904665 -12.749000187904665 -12.749000187904665 -12.749000187904665 -12.749000187904665
4.597989949748744 -12.654340667226885 -12.654340667226885 -12.654340667226885 -12.654340667226885 -12.654340667226885 -12.654340667226885 -12.654340667226885 -12.654340667226885 -12.654340667226885 -12.654340667226885 -12.654340667226885 -12.654340667226885 -12.654340667226885
4.673366834170854 -12.559681146549107 -12.559681146549107 -12.559681146549107 -12.559681146549107 -12.559681146549107 -12.559681146549107 -12.559681146549107 -12.559681146549107 -12.559681146549107 -12.559681146549107 -12.559681146549107 -12.559681146549107 -12.559681146549107
4.748743718592964 -12.465021625871326 -12.465021625871326 -12.465021625871326 -12.465021625871326 -12.465021625871326 -12.465021625871326 -12.465021625871326 -12.465021625871326 -12.465021625871326 -12.465021625871326 -12.465021625871326 -12.465021625871326 -12.465021625871326
4.824120603015075 -12.370362105193546 -12.370362105193546 -12.370362105193546 -12.370362105193546 -12.370362105193546 -12.370362105193546 -12.370362105193546 -12.370362105193546 -12.370362105193546 -12.370362105193546 -12.370362105193546 -12.370362105193546 -12.370362105193546
4.899497487437186 -12.275702584515766 -12.275702584515766 -12.275702584515766 -12.275702584515766 -12.275702584515766 -12.275702584515766 -12.275702584515766 -12.275702584515766 -12.275702584515766 -12.275702584515766 -12.275702584515766 -12.275702584515766 -12.275702584515766
4.974874371859296 -12.18104306383799 -12.18104306383799 -12.18104306383799 -12.18104306383799 -12.18104306383799 -12.18104306383799 -12.18104306383799 -12.18104306383799 -12.18104306383799 -12.18104306383799 -12.18104306383799 -12.18104306383799 -12.18104306383799
5.050251256281406 -12.08638354316021 -12.08638354316021 -12.08638354316021 -12.08638354316021 -12.08638354316021 -12.08638354316021 -12.08638354316021 -12.08638354316021 -12.08638354316021 -12.08638354316021 -12.08638354316021 -12.08638354316021 -12.08638354316021
5.125628140703517 -11.99172402248243 -11.99172402248243 -11.99172402248243 -11.99172402248243 -11.99172402248243 -11.99172402248243 -11.99172402248243 -11.99172402248243 -11.99172402248243 -11.99172402248243 -11.99172402248243 -11.99172402248243 -11.99172402248243
5.201005025125628 -11.89706450180465 -11.89706450180465 -11.89706450180465 -11.89706450180465 -11.89706450180465 -11.89706450180465 -11.89706450180465 -11.89706450180465 -11.89706450180465 -11.89706450180465 -11.89706450180465 -11.89706450180465 -11.89706450180465
5.276381909547738 -11.80240498112687 -11.80240498112687 -11.80240498112687 -11.80240498112687 -11.80240498112687 -11.80240498112687 -11.80240498112687 -11.80240498112687 -11.80240498112687 -11.80240498112687 -11.80240498112687 -11.80240498112687 -11.80240498112687
5.351758793969848 -11.707745460449093 -11.707745460449093 -11.707745460449093 -11.707745460449093 -11.707745460449093 -11.707745460449093 -11.707745460449093 -11.707745460449093 -11.707745460449093 -11.707745460449093 -11.707745460449093 -11.707745460449093 -11.707745460449093
5.427135678391959 -11.613085939771313 -11.613085939771313 -11.613085939771313 -11.613085939771313 -11.613085939771313 -11.613085939771313 -11.613085939771313 -11.613085939771313 -11.613085939771313 -11.613085939771313 -11.613085939771313 -11.613085939771313 -11.613085939771313
5.50251256281407 -11.518426419093533 -11.518426419093533 -11.518426419093533 -11.518426419093533 -11.518426419093533 -11.518426419093533 -11.518426419093533 -11.518426419093533 -11.518426419093533 -11.518426419093533 -11.518426419093533 -11.518426419093533 -11.518426419093533
5.57788944723618 -11.423766898415753 -11.423766898415753 -11.423766898415753 -11.423766898415753 -11.423766898415753 -11.423766898415753 -11.423766898415753 -11.423766898415753 -11.423766898415753 -11.423766898415753 -11.423766898415753 -11.423766898415753 -11.423766898415753
5.6532663316582905 -11.329107377737975 -11.329107377737975 -11.329107377737975 -11.329107377737975 -11.329107377737975 -11.329107377737975 -11.329107377737975 -11.329107377737975 -11.329107377737975 -11.329107377737975 -11.329107377737975 -11.329107377737975 -11.329107377737975
5.7286432160804015 -11.234447857060195 -11.234447857060195 -11.234447857060195 -11.234447857060195 -11.234447857060195 -11.234447857060195 -11.234447857060195 -11.234447857060195 -11.234447857060195 -11.234447857060195 -11.234447857060195 -11.234447857060195 -11.234447857060195
5.8040201005025125 -11.139788336382415 -11.139788336382415 -11.139788336382415 -11.139788336382415 -11.139788336382415 -11.139788336382415 -11.139788336382415 -11.139788336382415 -11.139788336382415 -11.139788336382415 -11.139788336382415 -11.139788336382415 -11.139788336382415
5.879396984924623 -11.045128815704636 -11.045128815704636 -11.045128815704636 -11.045128815704636 -11.045128815704636 -11.045128815704636 -11.045128815704636 -11.045128815704636 -11.045128815704636 -11.045128815704636 -11.045128815704636 -11.045128815704636 -11.045128815704636
5.954773869346733 -10.950469295026856 -10.950469295026856 -10.950469295026856 -10.950469295026856 -10.950469295026856 -10.950469295026856 -10.950469295026856 -10.950469295026856 -10.950469295026856 -10.950469295026856 -10.950469295026856 -10.950469295026856 -10.950469295026856
6.030150753768844 -10.855809774349076 -10.855809774349076 -10.855809774349076 -10.855809774349076 -10.855809774349076 -10.855809774349076 -10.855809774349076 -10.855809774349076 -10.855809774349076 -10.855809774349076 -10.855809774349076 -10.855809774349076 -10.855809774349076
6.105527638190955 -10.761150253671296 -10.761150253671296 -10.761150253671296 -10.761150253671296 -10.761150253671296 -10.761150253671296 -10.761150253671296 -10.761150253671296 -10.761150253671296 -10.761150253671296 -10.761150253671296 -10.761150253671296 -10.761150253671296
6.180904522613065 -10.666490732993518 -10.666490732993518 -10.666490732993518 -10.666490732993518 -10.666490732993518 -10.666490732993518 -10.666490732993518 -10.666490732993518 -10.666490732993518 -10.666490732993518 -10.666490732993518 -10.666490732993518 -10.666490732993518
6.256281407035175 -10.57183121231574 -10.57183121231574 -10.57183121231574 -10.57183121231574 -10.57183121231574 -10.57183121231574 -10.57183121231574 -10.57183121231574 -10.57183121231574 -10.57183121231574 -10.57183121231574 -10.57183121231574 -10.57183121231574
6.331658291457286 -10.47717169163796 -10.47717169163796 -10.47717169163796 -10.47717169163796 -10.47717169163796 -10.47717169163796 -10.47717169163796 -10.47717169163796 -10.47717169163796 -10.47717169163796 -10.47717169163796 -10.47717169163796 -10.47717169163796
6.407035175879397 -10.38251217096018 -10.38251217096018 -10.38251217096018 -10.38251217096018 -10.38251217096018 -10.38251217096018 -10.38251217096018 -10.38251217096018 -10.38251217096018 -10.38251217096018 -10.38251217096018 -10.38251217096018 -10.38251217096018
6.482412060301507 -10.2878526502824 -10.2878526502824 -10.2878526502824 -10.2878526502824 -10.2878526502824 -10.2878526502824 -10.2878526502824 -10.2878526502824 -10.2878526502824 -10.2878526502824 -10.2878526502824 -10.2878526502824 -10.2878526502824
6.557788944723617 -10.193193129604621 -10.193193129604621 -10.193193129604621 -10.193193129604621 -10.193193129604621 -10.193193129604621 -10.193193129604621 -10.193193129604621 -10.193193129604621 -10.193193129604621 -10.193193129604621 -10.193193129604621 -10.193193129604621
6.633165829145728 -10.098533608926841 -10.098533608926841 -10.098533608926841 -10.098533608926841 -10.098533608926841 -10.098533608926841 -10.098533608926841 -10.098533608926841 -10.098533608926841 -10.098533608926841 -10.098533608926841 -10.098533608926841 -10.098533608926841
6.708542713567839 -10.003874088249061 -10.003874088249061 -10.003874088249061 -10.003874088249061 -10.003874088249061 -10.003874088249061 -10.003874088249061 -10.003874088249061 -10.003874088249061 -10.003874088249061 -10.003874088249061 -10.003874088249061 -10.003874088249061
6.783919597989949 -9.909214567571283 -9.909214567571283 -9.909214567571283 -9.909214567571283 -9.909214567571283 -9.909214567571283 -9.909214567571283 -9.909214567571283 -9.909214567571283 -9.909214567571283 -9.909214567571283 -9.909214567571283 -9.909214567571283
6.859296482412059 -9.814555046893503 -9.814555046893503 -9.814555046893503 -9.814555046893503 -9.814555046893503 -9.814555046893503 -9.814555046893503 -9.814555046893503 -9.814555046893503 -9.814555046893503 -9.814555046893503 -9.814555046893503 -9.814555046893503
6.93467336683417 -9.719895526215725 -9.719895526215725 -9.719895526215725 -9.719895526215725 -9.719895526215725 -9.719895526215725 -9.719895526215725 -9.719895526215725 -9.719895526215725 -9.719895526215725 -9.719895526215725 -9.719895526215725 -9.719895526215725
7.010050251256281 -9.625236005537944 -9.625236005537944 -9.625236005537944 -9.625236005537944 -9.625236005537944 -9.625236005537944 -9.625236005537944 -9.625236005537944 -9.625236005537944 -9.625236005537944 -9.625236005537944 -9.625236005537944 -9.625236005537944
7.085427135678391 -9.530576484860164 -9.530576484860164 -9.530576484860164 -9.530576484860164 -9.530576484860164 -9.530576484860164 -9.530576484860164 -9.530576484860164 -9.530576484860164 -9.530576484860164 -9.530576484860164 -9.530576484860164 -9.530576484860164
7.160804020100501 -9.435916964182386 -9.435916964182386 -9.435916964182386 -9.435916964182386 -9.435916964182386 -9.435916964182386 -9.435916964182386 -9.435916964182386 -9.435916964182386 -9.435916964182386 -9.435916964182386 -9.435916964182386 -9.435916964182386
7.236180904522612 -9.341257443504606 -9.341257443504606 -9.341257443504606 -9.341257443504606 -9.341257443504606 -9.341257443504606 -9.341257443504606 -9.341257443504606 -9.341257443504606 -9.341257443504606 -9.341257443504606 -9.341257443504606 -9.341257443504606
7.311557788944723 -9.246597922826826 -9.246597922826826 -9.246597922826826 -9.246597922826826 -9.246597922826826 -9.246597922826826 -9.246597922826826 -9.246597922826826 -9.246597922826826 -9.246597922826826 -9.246597922826826 -9.246597922826826 -9.246597922826826
7.3869346733668335 -9.151938402149048 -9.151938402149048 -9.151938402149048 -9.151938402149048 -9.151938402149048 -9.151938402149048 -9.151938402149048 -9.151938402149048 -9.151938402149048 -9.151938402149048 -9.151938402149048 -9.151938402149048 -9.151938402149048
7.462311557788944 -9.057278881471268 -9.057278881471268 -9.057278881471268 -9.057278881471268 -9.057278881471268 -9.057278881471268 -9.057278881471268 -9.057278881471268 -9.057278881471268 -9.057278881471268 -9.057278881471268 -9.057278881471268 -9.057278881471268
7.537688442211055 -8.962619360793488 -8.962619360793488 -8.962619360793488 -8.962619360793488 -8.962619360793488 -8.962619360793488 -8.962619360793488 -8.962619360793488 -8.962619360793488 -8.962619360793488 -8.962619360793488 -8.962619360793488 -8.962619360793488
7.613065326633166 -8.867959840115708 -8.867959840115708 -8.867959840115708 -8.867959840115708 -8.867959840115708 -8.867959840115708 -8.867959840115708 -8.867959840115708 -8.867959840115708 -8.867959840115708 -8.867959840115708 -8.867959840115708 -8.867959840115708
7.688442211055276 -8.77330031943793 -8.77330031943793 -8.77330031943793 -8.77330031943793 -8.77330031943793 -8.77330031943793 -8.77330031943793 -8.77330031943793 -8.77330031943793 -8.77330031943793 -8.77330031943793 -8.77330031943793 -8.77330031943793
7.763819095477386 -8.678640798760151 -8.678640798760151 -8.678640798760151 -8.678640798760151 -8.678640798760151 -8.678640798760151 -8.678640798760151 -8.678640798760151 -8.678640798760151 -8.678640798760151 -8.678640798760151 -8.678640798760151 -8.678640798760151
7.839195979899497 -8.583981278082371 -8.583981278082371 -8.583981278082371 -8.583981278082371 -8.583981278082371 -8.583981278082371 -8.583981278082371 -8.583981278082371 -8.583981278082371 -8.583981278082371 -8.583981278082371 -8.583981278082371 -8.583981278082371
7.914572864321608 -8.489321757404591 -8.489321757404591 -8.489321757404591 -8.489321757404591 -8.489321757404591 -8.489321757404591 -8.489321757404591 -8.489321757404591 -8.489321757404591 -8.489321757404591 -8.489321757404591 -8.489321757404591 -8.489321757404591
7.989949748743718 -8.394662236726811 -8.394662236726811 -8.394662236726811 -8.394662236726811 -8.394662236726811 -8.394662236726811 -8.394662236726811 -8.394662236726811 -8.394662236726811 -8.394662236726811 -8.394662236726811 -8.394662236726811 -8.394662236726811
8.065326633165828 -8.300002716049033 -8.300002716049033 -8.300002716049033 -8.300002716049033 -8.300002716049033 -8.300002716049033 -8.300002716049033 -8.300002716049033 -8.300002716049033 -8.300002716049033 -8.300002716049033 -8.300002716049033 -8.300002716049033
8.140703517587939 -8.205343195371253 -8.205343195371253 -8.205343195371253 -8.205343195371253 -8.205343195371253 -8.205343195371253 -8.205343195371253 -8.205343195371253 -8.205343195371253 -8.205343195371253 -8.205343195371253 -8.205343195371253 -8.205343195371253
8.21608040201005 -8.110683674693473 -8.110683674693473 -8.110683674693473 -8.110683674693473 -8.110683674693473 -8.110683674693473 -8.110683674693473 -8.110683674693473 -8.110683674693473 -8.110683674693473 -8.110683674693473 -8.110683674693473 -8.110683674693473
8.29145728643216 -8.016024154015694 -8.016024154015694 -8.016024154015694 -8.016024154015694 -8.016024154015694 -8.016024154015694 -8.016024154015694 -8.016024154015694 -8.016024154015694 -8.016024154015694 -8.016024154015694 -8.016024154015694 -8.016024154015694
8.36683417085427 -7.921364633337916 -7.921364633337916 -7.921364633337916 -7.921364633337916 -7.921364633337916 -7.921364633337916 -7.921364633337916 -7.921364633337916 -7.921364633337916 -7.921364633337916 -7.921364633337916 -7.921364633337916 -7.921364633337916
8.442211055276381 -7.826705112660136 -7.826705112660136 -7.826705112660136 -7.826705112660136 -7.826705112660136 -7.826705112660136 -7.826705112660136 -7.826705112660136 -7.826705112660136 -7.826705112660136 -7.826705112660136 -7.826705112660136 -7.826705112660136
8.517587939698492 -7.732045591982356 -7.732045591982356 -7.732045591982356 -7.732045591982356 -7.732045591982356 -7.732045591982356 -7.732045591982356 -7.732045591982356 -7.732045591982356 -7.732045591982356 -7.732045591982356 -7.732045591982356 -7.732045591982356
8.592964824120603 -7.637386071304576 -7.637386071304576 -7.637386071304576 -7.637386071304576 -7.637386071304576 -7.637386071304576 -7.637386071304576 -7.637386071304576 -7.637386071304576 -7.637386071304576 -7.637386071304576 -7.637386071304576 -7.637386071304576
8.668341708542712 -7.5427265506267975 -7.5427265506267975 -7.5427265506267975 -7.5427265506267975 -7.5427265506267975 -7.5427265506267975 -7.5427265506267975 -7.5427265506267975 -7.5427265506267975 -7.5427265506267975 -7.5427265506267975 -7.5427265506267975 -7.5427265506267975
8.743718592964823 -7.4480670299490175 -7.4480670299490175 -7.4480670299490175 -7.4480670299490175 -7.4480670299490175 -7.4480670299490175 -7.4480670299490175 -7.4480670299490175 -7.4480670299490175 -7.4480670299490175 -7.4480670299490175 -7.4480670299490175 -7.4480670299490175
8.819095477386934 -7.353407509271237 -7.353407509271237 -7.353407509271237 -7.353407509271237 -7.353407509271237 -7.353407509271237 -7.353407509271237 -7.353407509271237 -7.353407509271237 -7.353407509271237 -7.353407509271237 -7.353407509271237 -7.353407509271237
8.894472361809044 -7.258747988593459 -7.258747988593459 -7.258747988593459 -7.258747988593459 -7.258747988593459 -7.258747988593459 -7.258747988593459 -7.258747988593459 -7.258747988593459 -7.258747988593459 -7.258747988593459 -7.258747988593459 -7.258747988593459
8.969849246231155 -7.164088467915679 -7.164088467915679 -7.164088467915679 -7.164088467915679 -7.164088467915679 -7.164088467915679 -7.164088467915679 -7.164088467915679 -7.164088467915679 -7.164088467915679 -7.164088467915679 -7.164088467915679 -7.164088467915679
9.045226130653266 -7.069428947237899 -7.069428947237899 -7.069428947237899 -7.069428947237899 -7.069428947237899 -7.069428947237899 -7.069428947237899 -7.069428947237899 -7.069428947237899 -7.069428947237899 -7.069428947237899 -7.069428947237899 -7.069428947237899
9.120603015075377 -6.974769426560119 -6.974769426560119 -6.974769426560119 -6.974769426560119 -6.974769426560119 -6.974769426560119 -6.974769426560119 -6.974769426560119 -6.974769426560119 -6.974769426560119 -6.974769426560119 -6.974769426560119 -6.974769426560119
9.195979899497488 -6.880109905882339 -6.880109905882339 -6.880109905882339 -6.880109905882339 -6.880109905882339 -6.880109905882339 -6.880109905882339 -6.880109905882339 -6.880109905882339 -6.880109905882339 -6.880109905882339 -6.880109905882339 -6.880109905882339
9.271356783919597 -6.7854503852045625 -6.7854503852045625 -6.7854503852045625 -6.7854503852045625 -6.7854503852045625 -6.7854503852045625 -6.7854503852045625 -6.7854503852045625 -6.7854503852045625 -6.7854503852045625 -6.7854503852045625 -6.7854503852045625 -6.7854503852045625
9.346733668341708 -6.690790864526782 -6.690790864526782 -6.690790864526782 -6.690790864526782 -6.690790864526782 -6.690790864526782 -6.690790864526782 -6.690790864526782 -6.690790864526782 -6.690790864526782 -6.690790864526782 -6.690790864526782 -6.690790864526782
9.422110552763819 -6.596131343849002 -6.596131343849002 -6.596131343849002 -6.596131343849002 -6.596131343849002 -6.596131343849002 -6.596131343849002 -6.596131343849002 -6.596131343849002 -6.596131343849002 -6.596131343849002 -6.596131343849002 -6.596131343849002
9.497487437185928 -6.501471823171224 -6.501471823171224 -6.501471823171224 -6.501471823171224 -6.501471823171224 -6.501471823171224 -6.501471823171224 -6.501471823171224 -6.501471823171224 -6.501471823171224 -6.501471823171224 -6.501471823171224 -6.501471823171224
9.572864321608039 -6.406812302493444 -6.406812302493444 -6.406812302493444 -6.406812302493444 -6.406812302493444 -6.406812302493444 -6.406812302493444 -6.406812302493444 -6.406812302493444 -6.406812302493444 -6.406812302493444 -6.406812302493444 -6.406812302493444
9.64824120603015 -6.312152781815664 -6.312152781815664 -6.312152781815664 -6.312152781815664 -6.312152781815664 -6.312152781815664 -6.312152781815664 -6.312152781815664 -6.312152781815664 -6.312152781815664 -6.312152781815664 -6.312152781815664 -6.312152781815664
9.72361809045226 -6.217493261137884 -6.217493261137884 -6.217493261137884 -6.217493261137884 -6.217493261137884 -6.217493261137884 -6.217493261137884 -6.217493261137884 -6.217493261137884 -6.217493261137884 -6.217493261137884 -6.217493261137884 -6.217493261137884
9.798994974874372 -6.122833740460104 -6.122833740460104 -6.122833740460104 -6.122833740460104 -6.122833740460104 -6.122833740460104 -6.122833740460104 -6.122833740460104 -6.122833740460104 -6.122833740460104 -6.122833740460104 -6.122833740460104 -6.122833740460104
9.874371859296481 -6.028174219782327 -6.028174219782327 -6.028174219782327 -6.028174219782327 -6.028174219782327 -6.028174219782327 -6.028174219782327 -6.028174219782327 -6.028174219782327 -6.028174219782327 -6.028174219782327 -6.028174219782327 -6.028174219782327
9.949748743718592 -5.933514699104547 -5.933514699104547 -5.933514699104547 -5.933514699104547 -5.933514699104547 -5.933514699104547 -5.933514699104547 -5.933514699104547 -5.933514699104547 -5.933514699104547 -5.933514699104547 -5.933514699104547 -5.933514699104547
10.025125628140703 -5.838855178426767 -5.838855178426767 -5.838855178426767 -5.838855178426767 -5.838855178426767 -5.838855178426767 -5.838855178426767 -5.838855178426767 -5.838855178426767 -5.838855178426767 -5.838855178426767 -5.838855178426767 -5.838855178426767
10.100502512562812 -5.744195657748989 -5.744195657748989 -5.744195657748989 -5.744195657748989 -5.744195657748989 -5.744195657748989 -5.744195657748989 -5.744195657748989 -5.744195657748989 -5.744195657748989 -5.744195657748989 -5.744195657748989 -5.744195657748989
10.175879396984923 -5.649536137071209 -5.649536137071209 -5.649536137071209 -5.649536137071209 -5.649536137071209 -5.649536137071209 -5.649536137071209 -5.649536137071209 -5.649536137071209 -5.649536137071209 -5.649536137071209 -5.649536137071209 -5.649536137071209
10.251256281407034 -5.554876616393429 -5.554876616393429 -5.554876616393429 -5.554876616393429 -5.554876616393429 -5.554876616393429 -5.554876616393429 -5.554876616393429 -5.554876616393429 -5.554876616393429 -5.554876616393429 -5.554876616393429 -5.554876616393429
10.326633165829145 -5.460217095715649 -5.460217095715649 -5.460217095715649 -5.460217095715649 -5.460217095715649 -5.460217095715649 -5.460217095715649 -5.460217095715649 -5.460217095715649 -5.460217095715649 -5.460217095715649 -5.460217095715649 -5.460217095715649
10.402010050251256 -5.365557575037869 -5.365557575037869 -5.365557575037869 -5.365557575037869 -5.365557575037869 -5.365557575037869 -5.365557575037869 -5.365557575037869 -5.365557575037869 -5.365557575037869 -5.365557575037869 -5.365557575037869 -5.365557575037869
10.477386934673365 -5.2708980543600905 -5.2708980543600905 -5.2708980543600905 -5.2708980543600905 -5.2708980543600905 -5.2708980543600905 -5.2708980543600905 -5.2708980543600905 -5.2708980543600905 -5.2708980543600905 -5.2708980543600905 -5.2708980543600905 -5.2708980543600905
10.552763819095476 -5.1762385336823105 -5.1762385336823105 -5.1762385336823105 -5.1762385336823105 -5.1762385336823105 -5.1762385336823105 -5.1762385336823105 -5.1762385336823105 -5.1762385336823105 -5.1762385336823105 -5.1762385336823105 -5.1762385336823105 -5.1762385336823105
10.628140703517587 -5.081579013004532 -5.081579013004532 -5.081579013004532 -5.081579013004532 -5.081579013004532 -5.081579013004532 -5.081579013004532 -5.081579013004532 -5.081579013004532 -5.081579013004532 -5.081579013004532 -5.081579013004532 -5.081579013004532
10.703517587939697 -4.986919492326754 -4.986919492326754 -4.986919492326754 -4.986919492326754 -4.986919492326754 -4.986919492326754 -4.986919492326754 -4.986919492326754 -4.986919492326754 -4.986919492326754 -4.986919492326754 -4.986919492326754 -4.986919492326754
10.778894472361808 -4.892259971648974 -4.892259971648974 -4.892259971648974 -4.892259971648974 -4.892259971648974 -4.892259971648974 -4.892259971648974 -4.892259971648974 -4.892259971648974 -4.892259971648974 -4.892259971648974 -4.892259971648974 -4.892259971648974
10.854271356783919 -4.797600450971194 -4.797600450971194 -4.797600450971194 -4.797600450971194 -4.797600450971194 -4.797600450971194 -4.797600450971194 -4.797600450971194 -4.797600450971194 -4.797600450971194 -4.797600450971194 -4.797600450971194 -4.797600450971194
10.92964824120603 -4.702940930293414 -4.702940930293414 -4.702940930293414 -4.702940930293414 -4.702940930293414 -4.702940930293414 -4.702940930293414 -4.702940930293414 -4.702940930293414 -4.702940930293414 -4.702940930293414 -4.702940930293414 -4.702940930293414
11.00502512562814 -4.608281409615634 -4.608281409615634 -4.608281409615634 -4.608281409615634 -4.608281409615634 -4.608281409615634 -4.608281409615634 -4.608281409615634 -4.608281409615634 -4.608281409615634 -4.608281409615634 -4.608281409615634 -4.608281409615634
11.08040201005025 -4.513621888937855 -4.513621888937855 -4.513621888937855 -4.513621888937855 -4.513621888937855 -4.513621888937855 -4.513621888937855 -4.513621888937855 -4.513621888937855 -4.513621888937855 -4.513621888937855 -4.513621888937855 -4.513621888937855
11.15577889447236 -4.418962368260075 -4.418962368260075 -4.418962368260075 -4.418962368260075 -4.418962368260075 -4.418962368260075 -4.418962368260075 -4.418962368260075 -4.418962368260075 -4.418962368260075 -4.418962368260075 -4.418962368260075 -4.418962368260075
11.231155778894472 -4.324302847582295 -4.324302847582295 -4.324302847582295 -4.324302847582295 -4.324302847582295 -4.324302847582295 -4.324302847582295 -4.324302847582295 -4.324302847582295 -4.324302847582295 -4.324302847582295 -4.324302847582295 -4.324302847582295
11.306532663316581 -4.229643326904519 -4.229643326904519 -4.229643326904519 -4.229643326904519 -4.229643326904519 -4.229643326904519 -4.229643326904519 -4.229643326904519 -4.229643326904519 -4.229643326904519 -4.229643326904519 -4.229643326904519 -4.229643326904519
11.381909547738692 -4.134983806226739 -4.134983806226739 -4.134983806226739 -4.134983806226739 -4.134983806226739 -4.134983806226739 -4.134983806226739 -4.134983806226739 -4.134983806226739 -4.134983806226739 -4.134983806226739 -4.134983806226739 -4.134983806226739
11.457286432160803 -4.040324285548959 -4.040324285548959 -4.040324285548959 -4.040324285548959 -4.040324285548959 -4.040324285548959 -4.040324285548959 -4.040324285548959 -4.040324285548959 -4.040324285548959 -4.040324285548959 -4.040324285548959 -4.040324285548959
11.532663316582914 -3.9456647648711787 -3.9456647648711787 -3.9456647648711787 -3.9456647648711787 -3.9456647648711787 -3.9456647648711787 -3.9456647648711787 -3.9456647648711787 -3.9456647648711787 -3.9456647648711787 -3.9456647648711787 -3.9456647648711787 -3.9456647648711787
11.608040201005025 -3.8510052441933986 -3.8510052441933986 -3.8510052441933986 -3.8510052441933986 -3.8510052441933986 -3.8510052441933986 -3.8510052441933986 -3.8510052441933986 -3.8510052441933986 -3.8510052441933986 -3.8510052441933986 -3.8510052441933986 -3.8510052441933986
11.683417085427134 -3.7563457235156203 -3.7563457235156203 -3.7563457235156203 -3.7563457235156203 -3.7563457235156203 -3.7563457235156203 -3.7563457235156203 -3.7563457235156203 -3.7563457235156203 -3.7563457235156203 -3.7563457235156203 -3.7563457235156203 -3.7563457235156203
11.758793969849245 -3.6616862028378403 -3.6616862028378403 -3.6616862028378403 -3.6616862028378403 -3.6616862028378403 -3.6616862028378403 -3.6616862028378403 -3.6616862028378403 -3.6616862028378403 -3.6616862028378403 -3.6616862028378403 -3.6616862028378403 -3.6616862028378403
11.834170854271356 -3.5670266821600602 -3.5670266821600602 -3.5670266821600602 -3.5670266821600602 -3.5670266821600602 -3.5670266821600602 -3.5670266821600602 -3.5670266821600602 -3.5670266821600602 -3.5670266821600602 -3.5670266821600602 -3.5670266821600602 -3.5670266821600602
11.909547738693465 -3.472367161482282 -3.472367161482282 -3.472367161482282 -3.472367161482282 -3.472367161482282 -3.472367161482282 -3.472367161482282 -3.472367161482282 -3.472367161482282 -3.472367161482282 -3.472367161482282 -3.472367161482282 -3.472367161482282
11.984924623115576 -3.377707640804502 -3.377707640804502 -3.377707640804502 -3.377707640804502 -3.377707640804502 -3.377707640804502 -3.377707640804502 -3.377707640804502 -3.377707640804502 -3.377707640804502 -3.377707640804502 -3.377707640804502 -3.377707640804502
12.060301507537687 -3.2830481201267236 -3.2830481201267236 -3.2830481201267236 -3.2830481201267236 -3.2830481201267236 -3.2830481201267236 -3.2830481201267236 -3.2830481201267236 -3.2830481201267236 -3.2830481201267236 -3.2830481201267236 -3.2830481201267236 -3.2830481201267236
12.135678391959798 -3.1883885994489436 -3.1883885994489436 -3.1883885994489436 -3.1883885994489436 -3.1883885994489436 -3.1883885994489436 -3.1883885994489436 -3.1883885994489436 -3.1883885994489436 -3.1883885994489436 -3.1883885994489436 -3.1883885994489436 -3.1883885994489436
12.21105527638191 -3.0937290787711635 -3.0937290787711635 -3.0937290787711635 -3.0937290787711635 -3.0937290787711635 -3.0937290787711635 -3.0937290787711635 -3.0937290787711635 -3.0937290787711635 -3.0937290787711635 -3.0937290787711635 -3.0937290787711635 -3.0937290787711635
12.286432160804019 -2.9990695580933853 -2.9990695580933853 -2.9990695580933853 -2.9990695580933853 -2.9990695580933853 -2.9990695580933853 -2.9990695580933853 -2.9990695580933853 -2.9990695580933853 -2.9990695580933853 -2.9990695580933853 -2.9990695580933853 -2.9990695580933853
12.36180904522613 -2.904410037415605 -2.904410037415605 -2.904410037415605 -2.904410037415605 -2.904410037415605 -2.904410037415605 -2.904410037415605 -2.904410037415605 -2.904410037415605 -2.904410037415605 -2.904410037415605 -2.904410037415605 -2.904410037415605
12.43718592964824 -2.809750516737825 -2.809750516737825 -2.809750516737825 -2.809750516737825 -2.809750516737825 -2.809750516737825 -2.809750516737825 -2.809750516737825 -2.809750516737825 -2.809750516737825 -2.809750516737825 -2.809750516737825 -2.809750516737825
12.51256281407035 -2.715090996060047 -2.715090996060047 -2.715090996060047 -2.715090996060047 -2.715090996060047 -2.715090996060047 -2.715090996060047 -2.715090996060047 -2.715090996060047 -2.715090996060047 -2.715090996060047 -2.715090996060047 -2.715090996060047
12.58793969849246 -2.620431475382267 -2.620431475382267 -2.620431475382267 -2.620431475382267 -2.620431475382267 -2.620431475382267 -2.620431475382267 -2.620431475382267 -2.620431475382267 -2.620431475382267 -2.620431475382267 -2.620431475382267 -2.620431475382267
12.663316582914572 -2.525771954704487 -2.525771954704487 -2.525771954704487 -2.525771954704487 -2.525771954704487 -2.525771954704487 -2.525771954704487 -2.525771954704487 -2.525771954704487 -2.525771954704487 -2.525771954704487 -2.525771954704487 -2.525771954704487
12.738693467336683 -2.4311124340267067 -2.4311124340267067 -2.4311124340267067 -2.4311124340267067 -2.4311124340267067 -2.4311124340267067 -2.4311124340267067 -2.4311124340267067 -2.4311124340267067 -2.4311124340267067 -2.4311124340267067 -2.4311124340267067 -2.4311124340267067
12.814070351758794 -2.3364529133489285 -2.3364529133489285 -2.3364529133489285 -2.3364529133489285 -2.3364529133489285 -2.3364529133489285 -2.3364529133489285 -2.3364529133489285 -2.3364529133489285 -2.3364529133489285 -2.3364529133489285 -2.3364529133489285 -2.3364529133489285
12.889447236180903 -2.2417933926711484 -2.2417933926711484 -2.2417933926711484 -2.2417933926711484 -2.2417933926711484 -2.2417933926711484 -2.2417933926711484 -2.2417933926711484 -2.2417933926711484 -2.2417933926711484 -2.2417933926711484 -2.2417933926711484 -2.2417933926711484
12.964824120603014 -2.1471338719933684 -2.1471338719933684 -2.1471338719933684 -2.1471338719933684 -2.1471338719933684 -2.1471338719933684 -2.1471338719933684 -2.1471338719933684 -2.1471338719933684 -2.1471338719933684 -2.1471338719933684 -2.1471338719933684 -2.1471338719933684
13.040201005025125 -2.0524743513155883 -2.0524743513155883 -2.0524743513155883 -2.0524743513155883 -2.0524743513155883 -2.0524743513155883 -2.0524743513155883 -2.0524743513155883 -2.0524743513155883 -2.0524743513155883 -2.0524743513155883 -2.0524743513155883 -2.0524743513155883
13.115577889447234 -1.9578148306378118 -1.9578148306378118 -1.9578148306378118 -1.9578148306378118 -1.9578148306378118 -1.9578148306378118 -1.9578148306378118 -1.9578148306378118 -1.9578148306378118 -1.9578148306378118 -1.9578148306378118 -1.9578148306378118 -1.9578148306378118
13.190954773869345 -1.8631553099600318 -1.8631553099600318 -1.8631553099600318 -1.8631553099600318 -1.8631553099600318 -1.8631553099600318 -1.8631553099600318 -1.8631553099600318 -1.8631553099600318 -1.8631553099600318 -1.8631553099600318 -1.8631553099600318 -1.8631553099600318
13.266331658291456 -1.7684957892822517 -1.7684957892822517 -1.7684957892822517 -1.7684957892822517 -1.7684957892822517 -1.7684957892822517 -1.7684957892822517 -1.7684957892822517 -1.7684957892822517 -1.7684957892822517 -1.7684957892822517 -1.7684957892822517 -1.7684957892822517
13.341708542713567 -1.6738362686044717 -1.6738362686044717 -1.6738362686044717 -1.6738362686044717 -1.6738362686044717 -1.6738362686044717 -1.6738362686044717 -1.6738362686044717 -1.6738362686044717 -1.6738362686044717 -1.6738362686044717 -1.6738362686044717 -1.6738362686044717
13.417085427135678 -1.5791767479266916 -1.5791767479266916 -1.5791767479266916 -1.5791767479266916 -1.5791767479266916 -1.5791767479266916 -1.5791767479266916 -1.5791767479266916 -1.5791767479266916 -1.5791767479266916 -1.5791767479266916 -1.5791767479266916 -1.5791767479266916
13.492462311557787 -1.484517227248915 -1.484517227248915 -1.484517227248915 -1.484517227248915 -1.484517227248915 -1.484517227248915 -1.484517227248915 -1.484517227248915 -1.484517227248915 -1.484517227248915 -1.484517227248915 -1.484517227248915 -1.484517227248915
13.567839195979898 -1.389857706571135 -1.389857706571135 -1.389857706571135 -1.389857706571135 -1.389857706571135 -1.389857706571135 -1.389857706571135 -1.389857706571135 -1.389857706571135 -1.389857706571135 -1.389857706571135 -1.389857706571135 -1.389857706571135
13.64321608040201 -1.295198185893355 -1.295198185893355 -1.295198185893355 -1.295198185893355 -1.295198185893355 -1.295198185893355 -1.295198185893355 -1.295198185893355 -1.295198185893355 -1.295198185893355 -1.295198185893355 -1.295198185893355 -1.295198185893355
13.718592964824118 -1.200538665215575 -1.200538665215575 -1.200538665215575 -1.200538665215575 -1.200538665215575 -1.200538665215575 -1.200538665215575 -1.200538665215575 -1.200538665215575 -1.200538665215575 -1.200538665215575 -1.200538665215575 -1.200538665215575
13.79396984924623 -1.105879144537795 -1.105879144537795 -1.105879144537795 -1.105879144537795 -1.105879144537795 -1.105879144537795 -1.105879144537795 -1.105879144537795 -1.105879144537795 -1.105879144537795 -1.105879144537795 -1.105879144537795 -1.105879144537795
13.86934673366834 -1.0112196238600184 -1.0112196238600184 -1.0112196238600184 -1.0112196238600184 -1.0112196238600184 -1.0112196238600184 -1.0112196238600184 -1.0112196238600184 -1.0112196238600184 -1.0112196238600184 -1.0112196238600184 -1.0112196238600184 -1.0112196238600184
13.944723618090451 -0.9165601031822384 -0.9165601031822384 -0.9165601031822384 -0.9165601031822384 -0.9165601031822384 -0.9165601031822384 -0.9165601031822384 -0.9165601031822384 -0.9165601031822384 -0.9165601031822384 -0.9165601031822384 -0.9165601031822384 -0.9165601031822384
14.020100502512562 -0.8219005825044583 -0.8219005825044583 -0.8219005825044583 -0.8219005825044583 -0.8219005825044583 -0.8219005825044583 -0.8219005825044583 -0.8219005825044583 -0.8219005825044583 -0.8219005825044583 -0.8219005825044583 -0.8219005825044583 -0.8219005825044583
14.095477386934672 -0.7272410618266782 -0.7272410618266782 -0.7272410618266782 -0.7272410618266782 -0.7272410618266782 -0.7272410618266782 -0.7272410618266782 -0.7272410618266782 -0.7272410618266782 -0.7272410618266782 -0.7272410618266782 -0.7272410618266782 -0.7272410618266782
14.170854271356783 -0.6325815411488982 -0.6325815411488982 -0.6325815411488982 -0.6325815411488982 -0.6325815411488982 -0.6325815411488982 -0.6325815411488982 -0.6325815411488982 -0.6325815411488982 -0.6325815411488982 -0.6325815411488982 -0.6325815411488982 -0.6325815411488982
14.246231155778894 -0.5379220204711181 -0.5379220204711181 -0.5379220204711181 -0.5379220204711181 -0.5379220204711181 -0.5379220204711181 -0.5379220204711181 -0.5379220204711181 -0.5379220204711181 -0.5379220204711181 -0.5379220204711181 -0.5379220204711181 -0.5379220204711181
14.321608040201003 -0.44326249979334165 -0.44326249979334165 -0.44326249979334165 -0.44326249979334165 -0.44326249979334165 -0.44326249979334165 -0.44326249979334165 -0.44326249979334165 -0.44326249979334165 -0.44326249979334165 -0.44326249979334165 -0.44326249979334165 -0.44326249979334165
14.396984924623114 -0.3486029791155616 -0.3486029791155616 -0.3486029791155616 -0.3486029791155616 -0.3486029791155616 -0.3486029791155616 -0.3486029791155616 -0.3486029791155616 -0.3486029791155616 -0.3486029791155616 -0.3486029791155616 -0.3486029791155616 -0.3486029791155616
14.472361809045225 -0.25394345843778154 -0.25394345843778154 -0.25394345843778154 -0.25394345843778154 -0.25394345843778154 -0.25394345843778154 -0.25394345843778154 -0.25394345843778154 -0.25394345843778154 -0.25394345843778154 -0.25394345843778154 -0.25394345843778154 -0.25394345843778154
14.547738693467336 -0.1592839377600015 -0.1592839377600015 -0.1592839377600015 -0.1592839377600015 -0.1592839377600015 -0.1592839377600015 -0.1592839377600015 -0.1592839377600015 -0.1592839377600015 -0.1592839377600015 -0.1592839377600015 -0.1592839377600015 -0.1592839377600015
14.623115577889447 -0.06462441708222144 -0.06462441708222144 -0.06462441708222144 -0.06462441708222144 -0.06462441708222144 -0.06462441708222144 -0.06462441708222144 -0.06462441708222144 -0.06462441708222144 -0.06462441708222144 -0.06462441708222144 -0.06462441708222144 -0.06462441708222144
14.698492462311556 0.030035103595555057 0.030035103595555057 0.030035103595555057 0.030035103595555057 0.030035103595555057 0.030035103595555057 0.030035103595555057 0.030035103595555057 0.030035103595555057 0.030035103595555057 0.030035103595555057 0.030035103595555057 0.030035103595555057
14.773869346733667 0.12469462427333511 0.12469462427333511 0.12469462427333511 0.12469462427333511 0.12469462427333511 0.12469462427333511 0.12469462427333511 0.12469462427333511 0.12469462427333511 0.12469462427333511 0.12469462427333511 0.12469462427333511 0.12469462427333511
14.849246231155778 0.21935414495111516 0.21935414495111516 0.21935414495111516 0.21935414495111516 0.21935414495111516 0.21935414495111516 0.21935414495111516 0.21935414495111516 0.21935414495111516 0.21935414495111516 0.21935414495111516 0.21935414495111516 0.21935414495111516
14.924623115577887 0.3140136656288952 0.3140136656288952 0.3140136656288952 0.3140136656288952 0.3140136656288952 0.3140136656288952 0.3140136656288952 0.3140136656288952 0.3140136656288952 0.3140136656288952 0.3140136656288952 0.3140136656288952 0.3140136656288952
15.0 0.40867318630667526 0.40867318630667526 0.40867318630667526 0.40867318630667526 0.40867318630667526 0.40867318630667526 0.40867318630667526 0.40867318630667526 0.40867318630667526 0.40867318630667526 0.40867318630667526 0.40867318630667526 0.40867318630667526
