# %ECSV 1.0
# ---
# datatype:
# - {name: time, datatype: float64}
# - {name: swift_uvot_uvw2, datatype: float64}
# - {name: swift_uvot_uvm2, datatype: float64}
# - {name: swift_uvot_uvw1, datatype: float64}
# - {name: swift_uvot_U, datatype: float64}
# - {name: swift_uvot_B, datatype: float64}
# - {name: swift_uvot_V, datatype: float64}
# - {name: swift_uvot_W, datatype: float64}
# - {name: johnson_U, datatype: float64}
# - {name: johnson_B, datatype: float64}
# - {name: johnson_V, datatype: float64}
# - {name: johnson_R, datatype: float64}
# - {name: johnson_I, datatype: float64}
# - {name: sdss_u, datatype: float64}
# - {name: sdss_g, datatype: float64}
# - {name: sdss_r, datatype: float64}
# - {name: sdss_i, datatype: float64}
# - {name: sdss_z, datatype: float64}
# - {name: PS1_g, datatype: float64}
# - {name: PS1_r, datatype: float64}
# - {name: PS1_i, datatype: float64}
# - {name: PS1_z, datatype: float64}
# - {name: PS1_Y, datatype: float64}
# - {name: PS1_w, datatype: float64}
# - {name: ATLAS_c, datatype: float64}
# - {name: ATLAS_o, datatype: float64}
# - {name: ukirt_J, datatype: float64}
# - {name: ukirt_H, datatype: float64}
# - {name: ukirt_K, datatype: float64}
# - {name: Clear, datatype: float64}
# meta: !!omap
# - comment: [E = 6.029923955985727e-05, Eta0 = 8.02, GammaB = 12.0, dL = 0.012188, epsb = 6.760829753919819e-06, epse = 0.1, n = 0.00025118864315095795,
#     p = 2.15, theta_obs = 0.29670597283903605, xiN = 1.0, z = 0.0, type = grb, E_kiso = 0.13894954943731375]
# schema: astropy-2.0
time swift_uvot_uvw2 swift_uvot_uvm2 swift_uvot_uvw1 swift_uvot_U swift_uvot_B swift_uvot_V swift_uvot_W johnson_U johnson_B johnson_V johnson_R johnson_I sdss_u sdss_g sdss_r sdss_i sdss_z PS1_g PS1_r PS1_i PS1_z PS1_Y PS1_w ATLAS_c ATLAS_o ukirt_J ukirt_H ukirt_K Clear
0.01 17.621 17.671 17.596 17.403 17.261 17.121 17.482 17.381 17.258 17.116 16.976 16.827 17.386 17.213 17.041 16.92 16.81 17.149 17.007 16.887 16.788 16.62 17.043 17.139 16.986 16.598 16.429 16.238 16.953
0.0102 17.306 17.355 17.28 17.087 16.945 16.806 17.167 17.065 16.943 16.801 16.66 16.512 17.07 16.898 16.726 16.605 16.494 16.834 16.691 16.571 16.472 16.304 16.728 16.823 16.67 16.282 16.113 15.923 16.638
0.0105 16.99 17.04 16.965 16.772 16.63 16.49 16.851 16.75 16.627 16.485 16.345 16.196 16.755 16.582 16.41 16.29 16.179 16.518 16.376 16.256 16.157 15.989 16.412 16.508 16.355 15.967 15.798 15.607 16.322
0.0107 16.675 16.724 16.649 16.457 16.314 16.175 16.536 16.434 16.312 16.17 16.029 15.881 16.439 16.267 16.095 15.974 15.863 16.203 16.06 15.94 15.841 15.673 16.097 16.192 16.039 15.651 15.482 15.292 16.007
0.011 16.359 16.409 16.334 16.141 15.999 15.86 16.22 16.119 15.996 15.854 15.714 15.565 16.124 15.951 15.779 15.659 15.548 15.887 15.745 15.625 15.526 15.358 15.782 15.877 15.724 15.336 15.167 14.976 15.691
0.0113 16.044 16.093 16.019 15.826 15.683 15.544 15.905 15.803 15.681 15.539 15.398 15.25 15.808 15.636 15.464 15.343 15.232 15.572 15.429 15.309 15.21 15.042 15.466 15.561 15.408 15.02 14.851 14.661 15.376
0.0115 15.728 15.778 15.703 15.51 15.368 15.229 15.589 15.488 15.365 15.223 15.083 14.934 15.493 15.32 15.148 15.028 14.917 15.256 15.114 14.994 14.895 14.727 15.151 15.246 15.093 14.705 14.536 14.345 15.06
0.0118 15.413 15.462 15.388 15.195 15.052 14.913 15.274 15.172 15.05 14.908 14.767 14.619 15.177 15.005 14.833 14.712 14.601 14.941 14.798 14.679 14.58 14.411 14.835 14.93 14.777 14.39 14.22 14.03 14.745
0.0121 15.097 15.147 15.072 14.879 14.737 14.598 14.958 14.857 14.734 14.592 14.452 14.303 14.862 14.689 14.517 14.397 14.286 14.625 14.483 14.363 14.264 14.096 14.52 14.615 14.462 14.074 13.905 13.714 14.429
0.0124 14.782 14.831 14.757 14.564 14.421 14.282 14.643 14.541 14.419 14.277 14.136 13.988 14.546 14.374 14.202 14.081 13.971 14.31 14.167 14.048 13.949 13.78 14.204 14.299 14.147 13.759 13.589 13.399 14.114
0.0127 14.535 14.584 14.51 14.317 14.174 14.035 14.396 14.294 14.172 14.03 13.889 13.741 14.299 14.127 13.955 13.834 13.723 14.063 13.92 13.8 13.701 13.533 13.957 14.052 13.899 13.511 13.342 13.152 13.867
0.013 14.398 14.448 14.373 14.18 14.037 13.898 14.259 14.157 14.035 13.893 13.753 13.604 14.162 13.99 13.818 13.697 13.587 13.926 13.783 13.664 13.565 13.396 13.82 13.915 13.763 13.375 13.205 13.015 13.73
0.0133 14.261 14.311 14.236 14.043 13.9 13.761 14.122 14.02 13.898 13.756 13.616 13.467 14.026 13.853 13.681 13.56 13.45 13.789 13.647 13.527 13.428 13.259 13.683 13.779 13.626 13.238 13.068 12.878 13.593
0.0136 14.124 14.174 14.099 13.906 13.764 13.624 13.985 13.884 13.761 13.619 13.479 13.33 13.889 13.716 13.544 13.424 13.313 13.652 13.51 13.39 13.291 13.123 13.547 13.642 13.489 13.101 12.932 12.741 13.456
0.014 13.988 14.037 13.962 13.769 13.627 13.488 13.848 13.747 13.624 13.483 13.342 13.193 13.752 13.579 13.407 13.287 13.176 13.515 13.373 13.253 13.154 12.986 13.41 13.505 13.352 12.964 12.795 12.604 13.319
0.0143 13.851 13.9 13.825 13.632 13.49 13.351 13.712 13.61 13.488 13.346 13.205 13.057 13.615 13.442 13.271 13.15 13.039 13.379 13.236 13.116 13.017 12.849 13.273 13.368 13.215 12.827 12.658 12.468 13.183
0.0146 13.714 13.763 13.688 13.496 13.353 13.214 13.575 13.473 13.351 13.209 13.068 12.92 13.478 13.306 13.134 13.013 12.902 13.242 13.099 12.979 12.88 12.712 13.136 13.231 13.078 12.69 12.521 12.331 13.046
0.015 13.577 13.626 13.552 13.359 13.216 13.077 13.438 13.336 13.214 13.072 12.932 12.783 13.341 13.169 12.997 12.876 12.766 13.105 12.962 12.843 12.744 12.575 12.999 13.094 12.942 12.554 12.384 12.194 12.909
0.0154 13.44 13.49 13.415 13.222 13.079 12.94 13.301 13.199 13.077 12.935 12.795 12.646 13.204 13.032 12.86 12.739 12.629 12.968 12.826 12.706 12.607 12.438 12.862 12.957 12.805 12.417 12.247 12.057 12.772
0.0157 13.303 13.353 13.278 13.085 12.943 12.803 13.164 13.063 12.94 12.798 12.658 12.509 13.068 12.895 12.723 12.603 12.492 12.831 12.689 12.569 12.47 12.302 12.725 12.821 12.668 12.28 12.111 11.92 12.635
0.0161 13.196 13.246 13.171 12.978 12.836 12.696 13.057 12.956 12.833 12.691 12.551 12.402 12.961 12.788 12.616 12.495 12.385 12.724 12.582 12.462 12.363 12.195 12.618 12.714 12.561 12.173 12.004 11.813 12.528
0.0165 13.116 13.166 13.091 12.898 12.755 12.616 12.977 12.875 12.753 12.611 12.471 12.322 12.88 12.708 12.536 12.415 12.305 12.644 12.501 12.382 12.283 12.114 12.538 12.633 12.481 12.093 11.923 11.733 12.448
0.0169 13.036 13.085 13.01 12.817 12.675 12.536 12.897 12.795 12.673 12.531 12.39 12.242 12.8 12.628 12.456 12.335 12.224 12.564 12.421 12.301 12.202 12.034 12.458 12.553 12.4 12.012 11.843 11.653 12.368
0.0173 12.956 13.005 12.93 12.737 12.595 12.456 12.817 12.715 12.592 12.451 12.31 12.162 12.72 12.547 12.375 12.255 12.144 12.484 12.341 12.221 12.122 11.954 12.378 12.473 12.32 11.932 11.763 11.572 12.287
0.0177 12.875 12.925 12.85 12.657 12.515 12.375 12.736 12.635 12.512 12.37 12.23 12.081 12.64 12.467 12.295 12.175 12.064 12.403 12.261 12.141 12.042 11.874 12.298 12.393 12.24 11.852 11.683 11.492 12.207
0.0181 12.795 12.845 12.77 12.577 12.434 12.295 12.656 12.554 12.432 12.29 12.15 12.001 12.559 12.387 12.215 12.094 11.984 12.323 12.181 12.061 11.962 11.793 12.217 12.312 12.16 11.772 11.602 11.412 12.127
0.0186 12.715 12.764 12.69 12.497 12.354 12.215 12.576 12.474 12.352 12.21 12.069 11.921 12.479 12.307 12.135 12.014 11.903 12.243 12.1 11.98 11.881 11.713 12.137 12.232 12.079 11.691 11.522 11.332 12.047
0.019 12.635 12.684 12.609 12.416 12.274 12.135 12.496 12.394 12.272 12.13 11.989 11.841 12.399 12.226 12.055 11.934 11.823 12.163 12.02 11.9 11.801 11.633 12.057 12.152 11.999 11.611 11.442 11.252 11.967
0.0195 12.554 12.604 12.529 12.336 12.194 12.055 12.415 12.314 12.191 12.049 11.909 11.76 12.319 12.146 11.974 11.854 11.743 12.082 11.94 11.82 11.721 11.553 11.977 12.072 11.919 11.531 11.362 11.171 11.886
0.02 12.474 12.524 12.449 12.256 12.113 11.974 12.335 12.234 12.111 11.969 11.829 11.68 12.239 12.066 11.894 11.773 11.663 12.002 11.86 11.74 11.641 11.473 11.896 11.992 11.839 11.451 11.281 11.091 11.806
0.0204 12.411 12.46 12.385 12.192 12.05 11.911 12.272 12.17 12.048 11.906 11.765 11.617 12.175 12.002 11.831 11.71 11.599 11.939 11.796 11.676 11.577 11.409 11.833 11.928 11.775 11.387 11.218 11.028 11.743
0.0209 12.355 12.405 12.33 12.137 11.995 11.855 12.216 12.115 11.992 11.85 11.71 11.561 12.12 11.947 11.775 11.654 11.544 11.883 11.741 11.621 11.522 11.354 11.777 11.873 11.72 11.332 11.163 10.972 11.687
0.0214 12.3 12.349 12.275 12.082 11.939 11.8 12.161 12.059 11.937 11.795 11.654 11.506 12.064 11.892 11.72 11.599 11.489 11.828 11.685 11.566 11.467 11.298 11.722 11.817 11.665 11.277 11.107 10.917 11.632
0.022 12.245 12.294 12.219 12.026 11.884 11.745 12.106 12.004 11.881 11.74 11.599 11.451 12.009 11.836 11.665 11.544 11.433 11.773 11.63 11.51 11.411 11.243 11.667 11.762 11.609 11.221 11.052 10.862 11.577
0.0225 12.189 12.239 12.164 11.971 11.829 11.689 12.05 11.949 11.826 11.684 11.544 11.395 11.954 11.781 11.609 11.488 11.378 11.717 11.575 11.455 11.356 11.188 11.611 11.707 11.554 11.166 10.997 10.806 11.521
0.023 12.134 12.183 12.109 11.916 11.773 11.634 11.995 11.893 11.771 11.629 11.488 11.34 11.898 11.726 11.554 11.433 11.322 11.662 11.519 11.4 11.3 11.132 11.556 11.651 11.498 11.111 10.941 10.751 11.466
0.0236 12.079 12.128 12.053 11.86 11.718 11.579 11.94 11.838 11.715 11.574 11.433 11.285 11.843 11.67 11.498 11.378 11.267 11.607 11.464 11.344 11.245 11.077 11.501 11.596 11.443 11.055 10.886 10.695 11.41
0.0242 12.023 12.073 11.998 11.805 11.662 11.523 11.884 11.783 11.66 11.518 11.378 11.229 11.788 11.615 11.443 11.322 11.212 11.551 11.409 11.289 11.19 11.022 11.445 11.541 11.388 11.0 10.83 10.64 11.355
0.0247 11.968 12.017 11.943 11.75 11.607 11.468 11.829 11.727 11.605 11.463 11.322 11.174 11.732 11.56 11.388 11.267 11.156 11.496 11.353 11.233 11.134 10.966 11.39 11.485 11.332 10.944 10.775 10.585 11.3
0.0253 11.913 11.962 11.887 11.694 11.552 11.413 11.773 11.672 11.549 11.408 11.267 11.118 11.677 11.504 11.332 11.212 11.101 11.441 11.298 11.178 11.079 10.911 11.335 11.43 11.277 10.889 10.72 10.529 11.244
0.0259 11.839 11.889 11.814 11.621 11.478 11.339 11.7 11.598 11.476 11.334 11.194 11.045 11.603 11.431 11.259 11.138 11.028 11.367 11.225 11.105 11.006 10.837 11.261 11.357 11.204 10.816 10.646 10.456 11.171
0.0266 11.762 11.811 11.736 11.543 11.401 11.262 11.623 11.521 11.398 11.257 11.116 10.968 11.526 11.353 11.182 11.061 10.95 11.29 11.147 11.027 10.928 10.76 11.184 11.279 11.126 10.738 10.569 10.379 11.094
0.0272 11.684 11.734 11.659 11.466 11.323 11.184 11.545 11.443 11.321 11.179 11.039 10.89 11.448 11.276 11.104 10.983 10.873 11.212 11.07 10.95 10.851 10.682 11.106 11.201 11.049 10.661 10.491 10.301 11.016
0.0279 11.607 11.656 11.581 11.388 11.246 11.107 11.468 11.366 11.243 11.102 10.961 10.813 11.371 11.198 11.026 10.906 10.795 11.135 10.992 10.872 10.773 10.605 11.029 11.124 10.971 10.583 10.414 10.223 10.938
0.0285 11.529 11.579 11.504 11.311 11.168 11.029 11.39 11.288 11.166 11.024 10.884 10.735 11.293 11.121 10.949 10.828 10.718 11.057 10.914 10.795 10.696 10.527 10.951 11.046 10.894 10.506 10.336 10.146 10.861
0.0292 11.452 11.501 11.426 11.233 11.091 10.952 11.312 11.211 11.088 10.946 10.806 10.657 11.216 11.043 10.871 10.751 10.64 10.979 10.837 10.717 10.618 10.45 10.874 10.969 10.816 10.428 10.259 10.068 10.783
0.0299 11.374 11.423 11.349 11.156 11.013 10.874 11.235 11.133 11.011 10.869 10.728 10.58 11.138 10.966 10.794 10.673 10.563 10.902 10.759 10.64 10.541 10.372 10.796 10.891 10.739 10.351 10.181 9.991 10.706
0.0307 11.296 11.346 11.271 11.078 10.936 10.797 11.157 11.056 10.933 10.791 10.651 10.502 11.061 10.888 10.716 10.596 10.485 10.824 10.682 10.562 10.463 10.295 10.719 10.814 10.661 10.273 10.104 9.913 10.628
0.0314 11.219 11.268 11.194 11.001 10.858 10.719 11.08 10.978 10.856 10.714 10.573 10.425 10.983 10.811 10.639 10.518 10.407 10.747 10.604 10.484 10.385 10.217 10.641 10.736 10.583 10.196 10.026 9.836 10.551
0.0322 11.141 11.191 11.116 10.923 10.781 10.642 11.002 10.901 10.778 10.636 10.496 10.347 10.906 10.733 10.561 10.441 10.33 10.669 10.527 10.407 10.308 10.14 10.564 10.659 10.506 10.118 9.949 9.758 10.473
0.0329 11.074 11.124 11.049 10.856 10.713 10.574 10.935 10.833 10.711 10.569 10.429 10.28 10.838 10.666 10.494 10.373 10.263 10.602 10.46 10.34 10.241 10.072 10.496 10.591 10.439 10.051 9.881 9.691 10.406
0.0337 11.007 11.057 10.982 10.789 10.647 10.507 10.868 10.767 10.644 10.502 10.362 10.213 10.772 10.599 10.427 10.306 10.196 10.535 10.393 10.273 10.174 10.006 10.429 10.525 10.372 9.984 9.815 9.624 10.339
0.0345 10.941 10.99 10.915 10.722 10.58 10.441 10.801 10.7 10.577 10.435 10.295 10.146 10.705 10.532 10.36 10.24 10.129 10.468 10.326 10.206 10.107 9.939 10.363 10.458 10.305 9.917 9.748 9.557 10.272
0.0354 10.874 10.923 10.848 10.655 10.513 10.374 10.735 10.633 10.511 10.369 10.228 10.08 10.638 10.465 10.294 10.173 10.062 10.402 10.259 10.139 10.04 9.872 10.296 10.391 10.238 9.85 9.681 9.491 10.206
0.0362 10.807 10.856 10.782 10.589 10.446 10.307 10.668 10.566 10.444 10.302 10.161 10.013 10.571 10.399 10.227 10.106 9.995 10.335 10.192 10.072 9.973 9.805 10.229 10.324 10.171 9.783 9.614 9.424 10.139
0.0371 10.74 10.79 10.715 10.522 10.379 10.24 10.601 10.499 10.377 10.235 10.095 9.946 10.504 10.332 10.16 10.039 9.929 10.268 10.126 10.006 9.907 9.738 10.162 10.257 10.105 9.717 9.547 9.357 10.072
0.038 10.673 10.723 10.648 10.455 10.313 10.173 10.534 10.433 10.31 10.168 10.028 9.879 10.438 10.265 10.093 9.972 9.862 10.201 10.059 9.939 9.84 9.672 10.095 10.191 10.038 9.65 9.481 9.29 10.005
0.0389 10.607 10.656 10.581 10.388 10.246 10.107 10.467 10.366 10.243 10.101 9.961 9.812 10.371 10.198 10.026 9.906 9.795 10.134 9.992 9.872 9.773 9.605 10.029 10.124 9.971 9.583 9.414 9.223 9.938
0.0398 10.54 10.589 10.514 10.321 10.179 10.04 10.401 10.299 10.177 10.035 9.894 9.746 10.304 10.131 9.96 9.839 9.728 10.068 9.925 9.805 9.706 9.538 9.962 10.057 9.904 9.516 9.347 9.157 9.872
0.0408 10.475 10.525 10.45 10.257 10.114 9.975 10.336 10.234 10.112 9.97 9.83 9.681 10.239 10.067 9.895 9.774 9.664 10.003 9.86 9.741 9.642 9.473 9.897 9.992 9.84 9.452 9.282 9.092 9.807
0.0418 10.43 10.48 10.405 10.212 10.07 9.93 10.291 10.19 10.067 9.925 9.785 9.636 10.195 10.022 9.85 9.729 9.619 9.958 9.816 9.696 9.597 9.429 9.852 9.948 9.795 9.407 9.238 9.047 9.762
0.0428 10.385 10.435 10.36 10.167 10.025 9.886 10.246 10.145 10.022 9.88 9.74 9.591 10.15 9.977 9.805 9.685 9.574 9.913 9.771 9.651 9.552 9.384 9.808 9.903 9.75 9.362 9.193 9.002 9.717
0.0438 10.341 10.39 10.315 10.122 9.98 9.841 10.202 10.1 9.978 9.836 9.695 9.547 10.105 9.932 9.761 9.64 9.529 9.869 9.726 9.606 9.507 9.339 9.763 9.858 9.705 9.317 9.148 8.958 9.673
0.0449 10.296 10.345 10.271 10.078 9.935 9.796 10.157 10.055 9.933 9.791 9.65 9.502 10.06 9.888 9.716 9.595 9.484 9.824 9.681 9.561 9.462 9.294 9.718 9.813 9.66 9.272 9.103 8.913 9.628
0.046 10.251 10.301 10.226 10.033 9.89 9.751 10.112 10.01 9.888 9.746 9.606 9.457 10.015 9.843 9.671 9.55 9.44 9.779 9.636 9.517 9.418 9.249 9.673 9.768 9.616 9.228 9.058 8.868 9.583
0.0471 10.206 10.256 10.181 9.988 9.846 9.706 10.067 9.966 9.843 9.701 9.561 9.412 9.971 9.798 9.626 9.505 9.395 9.734 9.592 9.472 9.373 9.205 9.628 9.724 9.571 9.183 9.014 8.823 9.538
0.0482 10.162 10.211 10.136 9.943 9.801 9.662 10.022 9.921 9.798 9.656 9.516 9.367 9.926 9.753 9.581 9.461 9.35 9.689 9.547 9.427 9.328 9.16 9.584 9.679 9.526 9.138 8.969 8.778 9.493
0.0494 10.117 10.166 10.091 9.898 9.756 9.617 9.978 9.876 9.754 9.612 9.471 9.323 9.881 9.708 9.537 9.416 9.305 9.645 9.502 9.382 9.283 9.115 9.539 9.634 9.481 9.093 8.924 8.734 9.449
0.0506 10.072 10.121 10.047 9.854 9.711 9.572 9.933 9.831 9.709 9.567 9.426 9.278 9.836 9.664 9.492 9.371 9.26 9.6 9.457 9.337 9.238 9.07 9.494 9.589 9.436 9.048 8.879 8.689 9.404
0.0518 10.029 10.078 10.003 9.811 9.668 9.529 9.89 9.788 9.666 9.524 9.383 9.235 9.793 9.621 9.449 9.328 9.217 9.557 9.414 9.294 9.195 9.027 9.451 9.546 9.393 9.005 8.836 8.646 9.361
0.053 9.991 10.041 9.966 9.773 9.631 9.491 9.852 9.751 9.628 9.486 9.346 9.197 9.756 9.583 9.411 9.29 9.18 9.519 9.377 9.257 9.158 8.99 9.413 9.509 9.356 8.968 8.799 8.608 9.323
0.0543 9.954 10.003 9.928 9.735 9.593 9.454 9.815 9.713 9.591 9.449 9.308 9.16 9.718 9.545 9.374 9.253 9.142 9.482 9.339 9.219 9.12 8.952 9.376 9.471 9.318 8.93 8.761 8.571 9.286
0.0556 9.916 9.966 9.891 9.698 9.555 9.416 9.777 9.675 9.553 9.411 9.271 9.122 9.681 9.508 9.336 9.215 9.105 9.444 9.302 9.182 9.083 8.914 9.338 9.434 9.281 8.893 8.723 8.533 9.248
0.057 9.879 9.928 9.853 9.66 9.518 9.379 9.74 9.638 9.515 9.374 9.233 9.085 9.643 9.47 9.299 9.178 9.067 9.407 9.264 9.144 9.045 8.877 9.301 9.396 9.243 8.855 8.686 8.496 9.211
0.0584 9.841 9.891 9.816 9.623 9.48 9.341 9.702 9.6 9.478 9.336 9.196 9.047 9.605 9.433 9.261 9.14 9.03 9.369 9.227 9.107 9.008 8.839 9.263 9.358 9.206 8.818 8.648 8.458 9.173
0.0598 9.804 9.853 9.778 9.585 9.443 9.304 9.664 9.563 9.44 9.299 9.158 9.009 9.568 9.395 9.223 9.103 8.992 9.332 9.189 9.069 8.97 8.802 9.226 9.321 9.168 8.78 8.611 8.42 9.135
0.0612 9.766 9.815 9.741 9.548 9.405 9.266 9.627 9.525 9.403 9.261 9.12 8.972 9.53 9.358 9.186 9.065 8.955 9.294 9.151 9.032 8.933 8.764 9.188 9.283 9.131 8.743 8.573 8.383 9.098
0.0627 9.728 9.778 9.703 9.51 9.368 9.229 9.589 9.488 9.365 9.223 9.083 8.934 9.493 9.32 9.148 9.028 8.917 9.256 9.114 8.994 8.895 8.727 9.151 9.246 9.093 8.705 8.536 8.345 9.06
0.0642 9.691 9.74 9.666 9.473 9.33 9.191 9.552 9.45 9.328 9.186 9.045 8.897 9.455 9.283 9.111 8.99 8.879 9.219 9.076 8.956 8.857 8.689 9.113 9.208 9.055 8.667 8.498 8.308 9.023
0.0657 9.658 9.707 9.632 9.439 9.297 9.158 9.519 9.417 9.295 9.153 9.012 8.864 9.422 9.249 9.078 8.957 8.846 9.186 9.043 8.923 8.824 8.656 9.08 9.175 9.022 8.634 8.465 8.275 8.99
0.0673 9.632 9.681 9.606 9.413 9.271 9.132 9.493 9.391 9.268 9.127 8.986 8.838 9.396 9.223 9.052 8.931 8.82 9.16 9.017 8.897 8.798 8.63 9.054 9.149 8.996 8.608 8.439 8.249 8.964
0.0689 9.606 9.655 9.58 9.387 9.245 9.106 9.466 9.365 9.242 9.101 8.96 8.811 9.37 9.197 9.025 8.905 8.794 9.134 8.991 8.871 8.772 8.604 9.028 9.123 8.97 8.582 8.413 8.222 8.937
0.0706 9.579 9.629 9.554 9.361 9.219 9.08 9.44 9.339 9.216 9.074 8.934 8.785 9.344 9.171 8.999 8.879 8.768 9.107 8.965 8.845 8.746 8.578 9.002 9.097 8.944 8.556 8.387 8.196 8.911
0.0723 9.553 9.603 9.528 9.335 9.193 9.053 9.414 9.313 9.19 9.048 8.908 8.759 9.318 9.145 8.973 8.853 8.742 9.081 8.939 8.819 8.72 8.552 8.975 9.071 8.918 8.53 8.361 8.17 8.885
0.0741 9.527 9.577 9.502 9.309 9.166 9.027 9.388 9.287 9.164 9.022 8.882 8.733 9.292 9.119 8.947 8.826 8.716 9.055 8.913 8.793 8.694 8.526 8.949 9.045 8.892 8.504 8.334 8.144 8.859
0.0758 9.501 9.551 9.476 9.283 9.14 9.001 9.362 9.26 9.138 8.996 8.856 8.707 9.265 9.093 8.921 8.8 8.69 9.029 8.887 8.767 8.668 8.499 8.923 9.018 8.866 8.478 8.308 8.118 8.833
0.0777 9.475 9.524 9.45 9.257 9.114 8.975 9.336 9.234 9.112 8.97 8.83 8.681 9.239 9.067 8.895 8.774 8.664 9.003 8.86 8.741 8.642 8.473 8.897 8.992 8.84 8.452 8.282 8.092 8.807
0.0795 9.449 9.498 9.424 9.231 9.088 8.949 9.31 9.208 9.086 8.944 8.803 8.655 9.213 9.041 8.869 8.748 8.637 8.977 8.834 8.715 8.615 8.447 8.871 8.966 8.813 8.426 8.256 8.066 8.781
0.0815 9.423 9.472 9.397 9.204 9.062 8.923 9.284 9.182 9.06 8.918 8.777 8.629 9.187 9.015 8.843 8.722 8.611 8.951 8.808 8.688 8.589 8.421 8.845 8.94 8.787 8.399 8.23 8.04 8.755
0.0834 9.397 9.447 9.372 9.179 9.037 8.897 9.258 9.157 9.034 8.892 8.752 8.603 9.162 8.989 8.817 8.696 8.586 8.925 8.783 8.663 8.564 8.396 8.819 8.915 8.762 8.374 8.205 8.014 8.729
0.0854 9.372 9.422 9.347 9.154 9.011 8.872 9.233 9.131 9.009 8.867 8.727 8.578 9.136 8.964 8.792 8.671 8.561 8.9 8.758 8.638 8.539 8.37 8.794 8.89 8.737 8.349 8.179 7.989 8.704
0.0875 9.347 9.397 9.322 9.129 8.986 8.847 9.208 9.106 8.984 8.842 8.702 8.553 9.111 8.939 8.767 8.646 8.536 8.875 8.733 8.613 8.514 8.345 8.769 8.864 8.712 8.324 8.154 7.964 8.679
0.0896 9.322 9.371 9.297 9.104 8.961 8.822 9.183 9.081 8.959 8.817 8.677 8.528 9.086 8.914 8.742 8.621 8.511 8.85 8.707 8.588 8.489 8.32 8.744 8.839 8.687 8.299 8.129 7.939 8.654
0.0918 9.297 9.346 9.272 9.079 8.936 8.797 9.158 9.056 8.934 8.792 8.651 8.503 9.061 8.889 8.717 8.596 8.485 8.825 8.682 8.563 8.463 8.295 8.719 8.814 8.661 8.274 8.104 7.914 8.629
0.094 9.272 9.321 9.246 9.054 8.911 8.772 9.133 9.031 8.909 8.767 8.626 8.478 9.036 8.864 8.692 8.571 8.46 8.8 8.657 8.537 8.438 8.27 8.694 8.789 8.636 8.248 8.079 7.889 8.604
0.0963 9.247 9.296 9.221 9.028 8.886 8.747 9.108 9.006 8.884 8.742 8.601 8.453 9.011 8.838 8.667 8.546 8.435 8.775 8.632 8.512 8.413 8.245 8.669 8.764 8.611 8.223 8.054 7.864 8.579
0.0986 9.222 9.271 9.196 9.003 8.861 8.722 9.083 8.981 8.859 8.717 8.576 8.428 8.986 8.813 8.642 8.521 8.41 8.75 8.607 8.487 8.388 8.22 8.644 8.739 8.586 8.198 8.029 7.839 8.554
0.101 9.197 9.246 9.171 8.978 8.836 8.697 9.058 8.956 8.833 8.692 8.551 8.403 8.961 8.788 8.616 8.496 8.385 8.725 8.582 8.462 8.363 8.195 8.619 8.714 8.561 8.173 8.004 7.814 8.529
0.1034 9.172 9.221 9.146 8.953 8.811 8.672 9.032 8.931 8.808 8.667 8.526 8.377 8.936 8.763 8.591 8.471 8.36 8.699 8.557 8.437 8.338 8.17 8.594 8.689 8.536 8.148 7.979 7.788 8.503
0.1059 9.147 9.196 9.121 8.928 8.786 8.647 9.007 8.906 8.783 8.642 8.501 8.352 8.911 8.738 8.566 8.446 8.335 8.675 8.532 8.412 8.313 8.145 8.569 8.664 8.511 8.123 7.954 7.763 8.478
0.1084 9.122 9.171 9.096 8.903 8.761 8.622 8.983 8.881 8.758 8.617 8.476 8.328 8.886 8.713 8.542 8.421 8.31 8.65 8.507 8.387 8.288 8.12 8.544 8.639 8.486 8.098 7.929 7.739 8.454
0.1111 9.097 9.146 9.071 8.878 8.736 8.597 8.958 8.856 8.734 8.592 8.451 8.303 8.861 8.688 8.517 8.396 8.285 8.625 8.482 8.362 8.263 8.095 8.519 8.614 8.461 8.073 7.904 7.714 8.429
0.1137 9.072 9.121 9.046 8.853 8.711 8.572 8.933 8.831 8.709 8.567 8.426 8.278 8.836 8.664 8.492 8.371 8.26 8.6 8.457 8.337 8.238 8.07 8.494 8.589 8.436 8.048 7.879 7.689 8.404
0.1165 9.047 9.096 9.022 8.829 8.686 8.547 8.908 8.806 8.684 8.542 8.401 8.253 8.811 8.639 8.467 8.346 8.235 8.575 8.432 8.312 8.213 8.045 8.469 8.564 8.411 8.023 7.854 7.664 8.379
0.1193 9.022 9.071 8.997 8.804 8.661 8.522 8.883 8.781 8.659 8.517 8.376 8.228 8.786 8.614 8.442 8.321 8.211 8.55 8.407 8.288 8.189 8.02 8.444 8.539 8.387 7.999 7.829 7.639 8.354
0.1222 8.997 9.047 8.972 8.779 8.636 8.497 8.858 8.756 8.634 8.492 8.352 8.203 8.761 8.589 8.417 8.296 8.186 8.525 8.382 8.263 8.164 7.995 8.419 8.514 8.362 7.974 7.804 7.614 8.329
0.1251 8.972 9.022 8.947 8.754 8.611 8.472 8.833 8.731 8.609 8.467 8.327 8.178 8.736 8.564 8.392 8.271 8.161 8.5 8.358 8.238 8.139 7.97 8.394 8.489 8.337 7.949 7.779 7.589 8.304
0.1281 8.947 8.997 8.922 8.729 8.586 8.447 8.808 8.707 8.584 8.442 8.302 8.153 8.712 8.539 8.367 8.246 8.136 8.475 8.333 8.213 8.114 7.946 8.369 8.465 8.312 7.924 7.754 7.564 8.279
0.1312 8.922 8.972 8.897 8.704 8.562 8.422 8.783 8.682 8.559 8.417 8.277 8.128 8.687 8.514 8.342 8.222 8.111 8.45 8.308 8.188 8.089 7.921 8.344 8.44 8.287 7.899 7.73 7.539 8.254
0.1344 8.901 8.951 8.876 8.683 8.54 8.401 8.762 8.66 8.538 8.396 8.256 8.107 8.666 8.493 8.321 8.2 8.09 8.429 8.287 8.167 8.068 7.899 8.323 8.419 8.266 7.878 7.708 7.518 8.233
0.1376 8.881 8.93 8.856 8.663 8.52 8.381 8.742 8.64 8.518 8.376 8.235 8.087 8.645 8.473 8.301 8.18 8.069 8.409 8.266 8.147 8.047 7.879 8.303 8.398 8.245 7.858 7.688 7.498 8.213
0.141 8.861 8.91 8.835 8.642 8.5 8.361 8.722 8.62 8.498 8.356 8.215 8.067 8.625 8.452 8.281 8.16 8.049 8.389 8.246 8.126 8.027 7.859 8.283 8.378 8.225 7.837 7.668 7.478 8.193
0.1444 8.84 8.89 8.815 8.622 8.48 8.341 8.701 8.6 8.477 8.335 8.195 8.046 8.605 8.432 8.26 8.14 8.029 8.368 8.226 8.106 8.007 7.839 8.263 8.358 8.205 7.817 7.648 7.457 8.172
0.1478 8.82 8.87 8.795 8.602 8.459 8.32 8.681 8.579 8.457 8.315 8.175 8.026 8.584 8.412 8.24 8.119 8.009 8.348 8.206 8.086 7.987 7.818 8.242 8.337 8.185 7.797 7.627 7.437 8.152
0.1514 8.8 8.849 8.774 8.582 8.439 8.3 8.661 8.559 8.437 8.295 8.154 8.006 8.564 8.392 8.22 8.099 7.988 8.328 8.185 8.065 7.966 7.798 8.222 8.317 8.164 7.776 7.607 7.417 8.132
0.1551 8.78 8.829 8.754 8.561 8.419 8.28 8.641 8.539 8.416 8.275 8.134 7.986 8.544 8.371 8.199 8.079 7.968 8.308 8.165 8.045 7.946 7.778 8.202 8.297 8.144 7.756 7.587 7.397 8.112
0.1588 8.759 8.809 8.734 8.541 8.399 8.259 8.62 8.519 8.396 8.254 8.114 7.965 8.524 8.351 8.179 8.059 7.948 8.287 8.145 8.025 7.926 7.758 8.181 8.277 8.124 7.736 7.567 7.376 8.091
0.1626 8.739 8.789 8.714 8.521 8.378 8.239 8.6 8.498 8.376 8.234 8.094 7.945 8.503 8.331 8.159 8.038 7.928 8.267 8.124 8.005 7.906 7.737 8.161 8.256 8.104 7.716 7.546 7.356 8.071
0.1666 8.719 8.768 8.693 8.5 8.358 8.219 8.58 8.478 8.356 8.214 8.073 7.925 8.483 8.311 8.139 8.018 7.907 8.247 8.104 7.984 7.885 7.717 8.141 8.236 8.083 7.695 7.526 7.336 8.051
0.1706 8.703 8.752 8.677 8.484 8.342 8.203 8.564 8.462 8.34 8.198 8.057 7.909 8.467 8.294 8.123 8.002 7.891 8.231 8.088 7.968 7.869 7.701 8.125 8.22 8.067 7.679 7.51 7.32 8.035
0.1747 8.687 8.736 8.661 8.469 8.326 8.187 8.548 8.446 8.324 8.182 8.041 7.893 8.451 8.279 8.107 7.986 7.875 8.215 8.072 7.952 7.853 7.685 8.109 8.204 8.051 7.663 7.494 7.304 8.019
0.1789 8.671 8.72 8.646 8.453 8.31 8.171 8.532 8.43 8.308 8.166 8.025 7.877 8.435 8.263 8.091 7.97 7.86 8.199 8.056 7.937 7.838 7.669 8.093 8.188 8.036 7.648 7.478 7.288 8.003
0.1832 8.655 8.705 8.63 8.437 8.294 8.155 8.516 8.414 8.292 8.15 8.01 7.861 8.419 8.247 8.075 7.954 7.844 8.183 8.041 7.921 7.822 7.653 8.077 8.172 8.02 7.632 7.462 7.272 7.987
0.1876 8.639 8.689 8.614 8.421 8.278 8.139 8.5 8.399 8.276 8.134 7.994 7.845 8.404 8.231 8.059 7.938 7.828 8.167 8.025 7.905 7.806 7.638 8.061 8.157 8.004 7.616 7.446 7.256 7.971
0.1922 8.623 8.673 8.598 8.405 8.263 8.123 8.484 8.383 8.26 8.118 7.978 7.829 8.388 8.215 8.043 7.923 7.812 8.151 8.009 7.889 7.79 7.622 8.045 8.141 7.988 7.6 7.431 7.24 7.955
0.1968 8.607 8.657 8.582 8.389 8.247 8.108 8.468 8.367 8.244 8.102 7.962 7.813 8.372 8.199 8.027 7.907 7.796 8.135 7.993 7.873 7.774 7.606 8.03 8.125 7.972 7.584 7.415 7.224 7.939
0.2015 8.592 8.641 8.566 8.373 8.231 8.092 8.453 8.351 8.228 8.087 7.946 7.798 8.356 8.183 8.011 7.891 7.78 8.12 7.977 7.857 7.758 7.59 8.014 8.109 7.956 7.568 7.399 7.209 7.924
0.2064 8.576 8.625 8.55 8.357 8.215 8.076 8.437 8.335 8.213 8.071 7.93 7.782 8.34 8.167 7.996 7.875 7.764 8.104 7.961 7.841 7.742 7.574 7.998 8.093 7.94 7.552 7.383 7.193 7.908
0.2114 8.56 8.609 8.535 8.342 8.199 8.06 8.421 8.319 8.197 8.055 7.914 7.766 8.324 8.152 7.98 7.859 7.749 8.088 7.945 7.826 7.727 7.558 7.982 8.077 7.925 7.537 7.367 7.177 7.892
0.2165 8.546 8.595 8.52 8.327 8.185 8.046 8.407 8.305 8.183 8.041 7.9 7.752 8.31 8.137 7.966 7.845 7.734 8.074 7.931 7.811 7.712 7.544 7.968 8.063 7.91 7.522 7.353 7.163 7.878
0.2217 8.531 8.581 8.506 8.313 8.171 8.031 8.392 8.291 8.168 8.026 7.886 7.737 8.296 8.123 7.951 7.83 7.72 8.059 7.917 7.797 7.698 7.53 7.953 8.049 7.896 7.508 7.339 7.148 7.863
0.2271 8.517 8.566 8.492 8.299 8.156 8.017 8.378 8.276 8.154 8.012 7.871 7.723 8.281 8.109 7.937 7.816 7.706 8.045 7.902 7.783 7.684 7.515 7.939 8.034 7.882 7.494 7.324 7.134 7.849
0.2325 8.503 8.552 8.477 8.284 8.142 8.003 8.364 8.262 8.139 7.998 7.857 7.709 8.267 8.094 7.923 7.802 7.691 8.031 7.888 7.768 7.669 7.501 7.925 8.02 7.867 7.479 7.31 7.12 7.835
0.2381 8.488 8.538 8.463 8.27 8.128 7.988 8.349 8.248 8.125 7.983 7.843 7.694 8.253 8.08 7.908 7.787 7.677 8.016 7.874 7.754 7.655 7.487 7.91 8.006 7.853 7.465 7.296 7.105 7.82
0.2439 8.474 8.523 8.449 8.256 8.113 7.974 8.335 8.233 8.111 7.969 7.828 7.68 8.238 8.066 7.894 7.773 7.662 8.002 7.859 7.74 7.641 7.472 7.896 7.991 7.839 7.451 7.281 7.091 7.806
0.2498 8.46 8.509 8.434 8.241 8.099 7.96 8.321 8.219 8.096 7.955 7.814 7.666 8.224 8.051 7.88 7.759 7.648 7.988 7.845 7.725 7.626 7.458 7.882 7.977 7.824 7.436 7.267 7.077 7.792
0.2558 8.445 8.495 8.42 8.227 8.085 7.945 8.306 8.205 8.082 7.94 7.8 7.651 8.21 8.037 7.865 7.744 7.634 7.973 7.831 7.711 7.612 7.444 7.867 7.963 7.81 7.422 7.253 7.062 7.777
0.262 8.431 8.48 8.406 8.213 8.07 7.931 8.292 8.19 8.068 7.926 7.785 7.637 8.195 8.023 7.851 7.73 7.619 7.959 7.816 7.697 7.597 7.429 7.853 7.948 7.795 7.408 7.238 7.048 7.763
0.2683 8.417 8.467 8.392 8.199 8.056 7.917 8.278 8.177 8.054 7.912 7.772 7.623 8.182 8.009 7.837 7.716 7.606 7.945 7.803 7.683 7.584 7.416 7.839 7.935 7.782 7.394 7.224 7.034 7.749
0.2748 8.406 8.455 8.38 8.187 8.045 7.906 8.266 8.165 8.042 7.9 7.76 7.611 8.17 7.997 7.825 7.705 7.594 7.933 7.791 7.671 7.572 7.404 7.828 7.923 7.77 7.382 7.213 7.022 7.737
0.2814 8.394 8.443 8.368 8.175 8.033 7.894 8.255 8.153 8.031 7.889 7.748 7.6 8.158 7.985 7.814 7.693 7.582 7.922 7.779 7.659 7.56 7.392 7.816 7.911 7.758 7.37 7.201 7.011 7.726
0.2882 8.382 8.431 8.357 8.164 8.021 7.882 8.243 8.141 8.019 7.877 7.737 7.588 8.146 7.974 7.802 7.681 7.571 7.91 7.767 7.648 7.549 7.38 7.804 7.899 7.747 7.359 7.189 6.999 7.714
0.2951 8.37 8.42 8.345 8.152 8.01 7.87 8.231 8.13 8.007 7.865 7.725 7.576 8.135 7.962 7.79 7.669 7.559 7.898 7.756 7.636 7.537 7.369 7.792 7.888 7.735 7.347 7.178 6.987 7.702
0.3022 8.359 8.408 8.333 8.14 7.998 7.859 8.219 8.118 7.995 7.854 7.713 7.564 8.123 7.95 7.778 7.658 7.547 7.887 7.744 7.624 7.525 7.357 7.781 7.876 7.723 7.335 7.166 6.975 7.69
0.3095 8.347 8.396 8.321 8.128 7.986 7.847 8.208 8.106 7.984 7.842 7.701 7.553 8.111 7.939 7.767 7.646 7.535 7.875 7.732 7.612 7.513 7.345 7.769 7.864 7.711 7.323 7.154 6.964 7.679
0.317 8.335 8.385 8.31 8.117 7.974 7.835 8.196 8.094 7.972 7.83 7.69 7.541 8.099 7.927 7.755 7.634 7.524 7.863 7.72 7.601 7.502 7.333 7.757 7.852 7.7 7.312 7.142 6.952 7.667
0.3247 8.323 8.373 8.298 8.105 7.963 7.823 8.184 8.083 7.96 7.818 7.678 7.529 8.088 7.915 7.743 7.623 7.512 7.851 7.709 7.589 7.49 7.322 7.745 7.841 7.688 7.3 7.131 6.94 7.655
0.3325 8.312 8.361 8.286 8.093 7.951 7.812 8.173 8.071 7.948 7.807 7.666 7.518 8.076 7.903 7.732 7.611 7.5 7.84 7.697 7.577 7.478 7.31 7.734 7.829 7.676 7.288 7.119 6.929 7.644
0.3405 8.299 8.349 8.274 8.081 7.939 7.799 8.16 8.059 7.936 7.794 7.654 7.505 8.064 7.891 7.719 7.599 7.488 7.827 7.685 7.565 7.466 7.298 7.722 7.817 7.664 7.276 7.107 6.916 7.631
0.3487 8.286 8.336 8.261 8.068 7.926 7.786 8.147 8.046 7.923 7.781 7.641 7.492 8.051 7.878 7.706 7.585 7.475 7.814 7.672 7.552 7.453 7.285 7.708 7.804 7.651 7.263 7.094 6.903 7.618
0.3571 8.273 8.323 8.248 8.055 7.912 7.773 8.134 8.033 7.91 7.768 7.628 7.479 8.038 7.865 7.693 7.572 7.462 7.801 7.659 7.539 7.44 7.272 7.695 7.791 7.638 7.25 7.08 6.89 7.605
0.3657 8.26 8.31 8.235 8.042 7.899 7.76 8.121 8.019 7.897 7.755 7.615 7.466 8.024 7.852 7.68 7.559 7.449 7.788 7.646 7.526 7.427 7.258 7.682 7.777 7.625 7.237 7.067 6.877 7.592
0.3746 8.247 8.297 8.222 8.029 7.886 7.747 8.108 8.006 7.884 7.742 7.602 7.453 8.011 7.839 7.667 7.546 7.436 7.775 7.633 7.513 7.414 7.245 7.669 7.764 7.612 7.224 7.054 6.864 7.579
0.3836 8.234 8.283 8.209 8.016 7.873 7.734 8.095 7.993 7.871 7.729 7.589 7.44 7.998 7.826 7.654 7.533 7.423 7.762 7.619 7.5 7.401 7.232 7.656 7.751 7.599 7.211 7.041 6.851 7.566
0.3929 8.221 8.27 8.196 8.003 7.86 7.721 8.082 7.98 7.858 7.716 7.575 7.427 7.985 7.813 7.641 7.52 7.41 7.749 7.606 7.487 7.388 7.219 7.643 7.738 7.586 7.198 7.028 6.838 7.553
0.4023 8.208 8.257 8.183 7.99 7.847 7.708 8.069 7.967 7.845 7.703 7.562 7.414 7.972 7.8 7.628 7.507 7.396 7.736 7.593 7.473 7.374 7.206 7.63 7.725 7.572 7.184 7.015 6.825 7.54
0.412 8.195 8.244 8.169 7.976 7.834 7.695 8.056 7.954 7.832 7.69 7.549 7.401 7.959 7.787 7.615 7.494 7.383 7.723 7.58 7.46 7.361 7.193 7.617 7.712 7.559 7.171 7.002 6.812 7.527
0.422 8.182 8.231 8.156 7.963 7.821 7.682 8.043 7.941 7.819 7.677 7.536 7.388 7.946 7.773 7.602 7.481 7.37 7.71 7.567 7.447 7.348 7.18 7.604 7.699 7.546 7.158 6.989 6.799 7.514
0.4322 8.167 8.216 8.141 7.948 7.806 7.667 8.028 7.926 7.804 7.662 7.521 7.373 7.931 7.759 7.587 7.466 7.355 7.695 7.552 7.432 7.333 7.165 7.589 7.684 7.531 7.143 6.974 6.784 7.499
0.4426 8.15 8.2 8.125 7.932 7.789 7.65 8.011 7.909 7.787 7.645 7.505 7.356 7.915 7.742 7.57 7.449 7.339 7.678 7.536 7.416 7.317 7.148 7.572 7.668 7.515 7.127 6.957 6.767 7.482
0.4533 8.134 8.183 8.108 7.915 7.773 7.634 7.995 7.893 7.77 7.629 7.488 7.339 7.898 7.725 7.553 7.433 7.322 7.662 7.519 7.399 7.3 7.132 7.556 7.651 7.498 7.11 6.941 6.75 7.465
0.4642 8.117 8.166 8.092 7.899 7.756 7.617 7.978 7.876 7.754 7.612 7.471 7.323 7.881 7.709 7.537 7.416 7.305 7.645 7.502 7.383 7.284 7.115 7.539 7.634 7.481 7.094 6.924 6.734 7.449
0.4754 8.1 8.15 8.075 7.882 7.74 7.6 7.961 7.86 7.737 7.595 7.455 7.306 7.865 7.692 7.52 7.4 7.289 7.628 7.486 7.366 7.267 7.099 7.522 7.618 7.465 7.077 6.908 6.717 7.432
0.4869 8.084 8.133 8.058 7.865 7.723 7.584 7.945 7.843 7.721 7.579 7.438 7.29 7.848 7.675 7.504 7.383 7.272 7.612 7.469 7.349 7.25 7.082 7.506 7.601 7.448 7.06 6.891 6.701 7.416
0.4986 8.067 8.117 8.042 7.849 7.706 7.567 7.928 7.826 7.704 7.562 7.422 7.273 7.831 7.659 7.487 7.366 7.256 7.595 7.453 7.333 7.234 7.065 7.489 7.584 7.432 7.044 6.874 6.684 7.399
0.5106 8.05 8.1 8.025 7.832 7.69 7.551 7.911 7.81 7.687 7.545 7.405 7.256 7.815 7.642 7.47 7.35 7.239 7.578 7.436 7.316 7.217 7.049 7.473 7.568 7.415 7.027 6.858 6.667 7.382
0.523 8.034 8.083 8.008 7.816 7.673 7.534 7.895 7.793 7.671 7.529 7.388 7.24 7.798 7.626 7.454 7.333 7.222 7.562 7.419 7.299 7.2 7.032 7.456 7.551 7.398 7.01 6.841 6.651 7.366
0.5356 8.017 8.067 7.992 7.799 7.656 7.517 7.878 7.777 7.654 7.512 7.372 7.223 7.782 7.609 7.437 7.316 7.206 7.545 7.403 7.283 7.184 7.016 7.439 7.535 7.382 6.994 6.824 6.634 7.349
0.5485 8.003 8.052 7.977 7.784 7.642 7.503 7.864 7.762 7.64 7.498 7.357 7.209 7.767 7.595 7.423 7.302 7.191 7.531 7.388 7.268 7.169 7.001 7.425 7.52 7.367 6.979 6.81 6.62 7.335
0.5617 7.989 8.039 7.964 7.771 7.629 7.49 7.85 7.749 7.626 7.484 7.344 7.195 7.754 7.581 7.409 7.289 7.178 7.517 7.375 7.255 7.156 6.988 7.412 7.507 7.354 6.966 6.797 6.606 7.321
0.5753 7.976 8.026 7.951 7.758 7.615 7.476 7.837 7.735 7.613 7.471 7.331 7.182 7.74 7.568 7.396 7.275 7.165 7.504 7.361 7.242 7.143 6.974 7.398 7.493 7.341 6.953 6.783 6.593 7.308
0.5891 7.963 8.012 7.937 7.744 7.602 7.463 7.824 7.722 7.6 7.458 7.317 7.169 7.727 7.554 7.383 7.262 7.151 7.491 7.348 7.228 7.129 6.961 7.385 7.48 7.327 6.939 6.77 6.58 7.295
0.6034 7.949 7.999 7.924 7.731 7.589 7.449 7.81 7.709 7.586 7.444 7.304 7.155 7.714 7.541 7.369 7.248 7.138 7.477 7.335 7.215 7.116 6.948 7.371 7.467 7.314 6.926 6.757 6.566 7.281
0.6179 7.936 7.985 7.911 7.718 7.575 7.436 7.797 7.695 7.573 7.431 7.29 7.142 7.7 7.528 7.356 7.235 7.124 7.464 7.321 7.202 7.102 6.934 7.358 7.453 7.3 6.913 6.743 6.553 7.268
0.6328 7.923 7.972 7.897 7.704 7.562 7.423 7.783 7.682 7.559 7.418 7.277 7.128 7.687 7.514 7.342 7.222 7.111 7.451 7.308 7.188 7.089 6.921 7.345 7.44 7.287 6.899 6.73 6.539 7.254
0.6481 7.909 7.959 7.884 7.691 7.548 7.409 7.77 7.668 7.546 7.404 7.264 7.115 7.673 7.501 7.329 7.208 7.098 7.437 7.295 7.175 7.076 6.907 7.331 7.427 7.274 6.886 6.716 6.526 7.241
0.6637 7.896 7.945 7.87 7.677 7.535 7.396 7.757 7.655 7.533 7.391 7.25 7.102 7.66 7.488 7.316 7.195 7.084 7.424 7.281 7.161 7.062 6.894 7.318 7.413 7.26 6.872 6.703 6.513 7.228
0.6797 7.882 7.932 7.857 7.664 7.522 7.383 7.743 7.642 7.519 7.377 7.237 7.088 7.647 7.474 7.302 7.182 7.071 7.41 7.268 7.148 7.049 6.881 7.305 7.4 7.247 6.859 6.69 6.499 7.214
0.6961 7.867 7.916 7.841 7.649 7.506 7.367 7.728 7.626 7.504 7.362 7.221 7.073 7.631 7.459 7.287 7.166 7.055 7.395 7.252 7.132 7.033 6.865 7.289 7.384 7.231 6.843 6.674 6.484 7.199
0.7129 7.851 7.9 7.825 7.632 7.49 7.351 7.712 7.61 7.488 7.346 7.205 7.057 7.615 7.442 7.271 7.15 7.039 7.379 7.236 7.116 7.017 6.849 7.273 7.368 7.215 6.827 6.658 6.468 7.183
0.7301 7.835 7.884 7.809 7.616 7.474 7.335 7.696 7.594 7.471 7.33 7.189 7.041 7.599 7.426 7.255 7.134 7.023 7.363 7.22 7.1 7.001 6.833 7.257 7.352 7.199 6.811 6.642 6.452 7.167
0.7477 7.819 7.868 7.793 7.6 7.458 7.319 7.679 7.578 7.455 7.314 7.173 7.024 7.583 7.41 7.238 7.118 7.007 7.347 7.204 7.084 6.985 6.817 7.241 7.336 7.183 6.795 6.626 6.435 7.15
0.7658 7.802 7.852 7.777 7.584 7.442 7.303 7.663 7.562 7.439 7.297 7.157 7.008 7.567 7.394 7.222 7.102 6.991 7.33 7.188 7.068 6.969 6.801 7.225 7.32 7.167 6.779 6.61 6.419 7.134
0.7842 7.786 7.836 7.761 7.568 7.426 7.286 7.647 7.546 7.423 7.281 7.141 6.992 7.551 7.378 7.206 7.086 6.975 7.314 7.172 7.052 6.953 6.785 7.208 7.304 7.151 6.763 6.594 6.403 7.118
0.8032 7.77 7.82 7.745 7.552 7.41 7.27 7.631 7.53 7.407 7.265 7.125 6.976 7.535 7.362 7.19 7.069 6.959 7.298 7.156 7.036 6.937 6.769 7.192 7.288 7.135 6.747 6.578 6.387 7.102
0.8225 7.754 7.804 7.729 7.536 7.393 7.254 7.615 7.513 7.391 7.249 7.109 6.96 7.518 7.346 7.174 7.053 6.943 7.282 7.14 7.02 6.921 6.752 7.176 7.271 7.119 6.731 6.561 6.371 7.086
0.8424 7.738 7.788 7.713 7.52 7.377 7.238 7.599 7.497 7.375 7.233 7.093 6.944 7.502 7.33 7.158 7.037 6.927 7.266 7.123 7.004 6.905 6.736 7.16 7.255 7.103 6.715 6.545 6.355 7.07
0.8627 7.722 7.771 7.697 7.504 7.361 7.222 7.583 7.481 7.359 7.217 7.076 6.928 7.486 7.314 7.142 7.021 6.91 7.25 7.107 6.988 6.889 6.72 7.144 7.239 7.086 6.699 6.529 6.339 7.054
0.8835 7.709 7.759 7.684 7.491 7.349 7.209 7.57 7.469 7.346 7.204 7.064 6.915 7.474 7.301 7.129 7.008 6.898 7.237 7.095 6.975 6.876 6.708 7.131 7.227 7.074 6.686 6.517 6.326 7.041
0.9048 7.697 7.746 7.671 7.478 7.336 7.197 7.558 7.456 7.334 7.192 7.051 6.903 7.461 7.288 7.117 6.996 6.885 7.225 7.082 6.962 6.863 6.695 7.119 7.214 7.061 6.673 6.504 6.314 7.029
0.9266 7.684 7.734 7.659 7.466 7.324 7.184 7.545 7.444 7.321 7.179 7.039 6.89 7.449 7.276 7.104 6.983 6.873 7.212 7.07 6.95 6.851 6.683 7.106 7.202 7.049 6.661 6.492 6.301 7.016
0.949 7.672 7.721 7.646 7.453 7.311 7.172 7.533 7.431 7.309 7.167 7.026 6.878 7.436 7.263 7.092 6.971 6.86 7.2 7.057 6.937 6.838 6.67 7.094 7.189 7.036 6.648 6.479 6.289 7.004
0.9719 7.659 7.709 7.634 7.441 7.298 7.159 7.52 7.418 7.296 7.154 7.014 6.865 7.424 7.251 7.079 6.958 6.848 7.187 7.045 6.925 6.826 6.657 7.081 7.177 7.024 6.636 6.466 6.276 6.991
0.9953 7.647 7.696 7.621 7.428 7.286 7.147 7.508 7.406 7.284 7.142 7.001 6.853 7.411 7.238 7.067 6.946 6.835 7.175 7.032 6.912 6.813 6.645 7.069 7.164 7.011 6.623 6.454 6.264 6.979
1.0194 7.634 7.684 7.609 7.416 7.273 7.134 7.495 7.393 7.271 7.129 6.989 6.84 7.398 7.226 7.054 6.933 6.823 7.162 7.02 6.9 6.801 6.632 7.056 7.152 6.999 6.611 6.441 6.251 6.966
1.0439 7.622 7.671 7.596 7.403 7.261 7.122 7.483 7.381 7.259 7.117 6.976 6.828 7.386 7.213 7.042 6.921 6.81 7.15 7.007 6.887 6.788 6.62 7.044 7.139 6.986 6.598 6.429 6.239 6.954
1.0691 7.609 7.659 7.584 7.391 7.248 7.109 7.47 7.368 7.246 7.104 6.964 6.815 7.373 7.201 7.029 6.908 6.798 7.137 6.995 6.875 6.776 6.607 7.031 7.126 6.974 6.586 6.416 6.226 6.941
1.0949 7.597 7.647 7.572 7.379 7.236 7.097 7.458 7.356 7.234 7.092 6.952 6.803 7.361 7.189 7.017 6.896 6.786 7.125 6.983 6.863 6.764 6.595 7.019 7.114 6.962 6.574 6.404 6.214 6.929
1.1213 7.59 7.639 7.565 7.372 7.229 7.09 7.451 7.349 7.227 7.085 6.944 6.796 7.354 7.182 7.01 6.889 6.778 7.118 6.975 6.856 6.756 6.588 7.012 7.107 6.954 6.567 6.397 6.207 6.922
1.1484 7.583 7.632 7.557 7.364 7.222 7.083 7.444 7.342 7.22 7.078 6.937 6.789 7.347 7.174 7.003 6.882 6.771 7.111 6.968 6.848 6.749 6.581 7.005 7.1 6.947 6.559 6.39 6.2 6.915
1.1761 7.576 7.625 7.55 7.357 7.215 7.076 7.436 7.335 7.212 7.07 6.93 6.781 7.34 7.167 6.995 6.875 6.764 7.103 6.961 6.841 6.742 6.574 6.998 7.093 6.94 6.552 6.383 6.192 6.907
1.2044 7.568 7.618 7.543 7.35 7.208 7.068 7.429 7.328 7.205 7.063 6.923 6.774 7.333 7.16 6.988 6.867 6.757 7.096 6.954 6.834 6.735 6.567 6.99 7.086 6.933 6.545 6.376 6.185 6.9
1.2335 7.561 7.611 7.536 7.343 7.2 7.061 7.422 7.32 7.198 7.056 6.916 6.767 7.325 7.153 6.981 6.86 6.75 7.089 6.946 6.827 6.728 6.559 6.983 7.078 6.926 6.538 6.368 6.178 6.893
1.2633 7.554 7.603 7.528 7.336 7.193 7.054 7.415 7.313 7.191 7.049 6.908 6.76 7.318 7.146 6.974 6.853 6.742 7.082 6.939 6.819 6.72 6.552 6.976 7.071 6.918 6.53 6.361 6.171 6.886
1.2937 7.547 7.596 7.521 7.328 7.186 7.047 7.408 7.306 7.184 7.042 6.901 6.753 7.311 7.138 6.967 6.846 6.735 7.075 6.932 6.812 6.713 6.545 6.969 7.064 6.911 6.523 6.354 6.164 6.879
1.3249 7.539 7.589 7.514 7.321 7.179 7.04 7.4 7.299 7.176 7.034 6.894 6.745 7.304 7.131 6.959 6.839 6.728 7.067 6.925 6.805 6.706 6.538 6.962 7.057 6.904 6.516 6.347 6.156 6.871
1.3569 7.532 7.582 7.507 7.314 7.171 7.032 7.393 7.292 7.169 7.027 6.887 6.738 7.297 7.124 6.952 6.831 6.721 7.06 6.918 6.798 6.699 6.531 6.954 7.05 6.897 6.509 6.339 6.149 6.864
1.3896 7.524 7.573 7.498 7.305 7.163 7.024 7.385 7.283 7.161 7.019 6.878 6.73 7.288 7.116 6.944 6.823 6.712 7.052 6.909 6.789 6.69 6.522 6.946 7.041 6.888 6.5 6.331 6.141 6.856
1.4232 7.512 7.561 7.486 7.293 7.151 7.012 7.372 7.271 7.148 7.007 6.866 6.717 7.276 7.103 6.931 6.811 6.7 7.04 6.897 6.777 6.678 6.51 6.934 7.029 6.876 6.488 6.319 6.128 6.843
1.4575 7.499 7.549 7.474 7.281 7.139 6.999 7.36 7.259 7.136 6.994 6.854 6.705 7.264 7.091 6.919 6.798 6.688 7.027 6.885 6.765 6.666 6.498 6.921 7.017 6.864 6.476 6.307 6.116 6.831
1.4927 7.487 7.537 7.462 7.269 7.126 6.987 7.348 7.246 7.124 6.982 6.842 6.693 7.251 7.079 6.907 6.786 6.676 7.015 6.872 6.753 6.654 6.485 6.909 7.004 6.852 6.464 6.294 6.104 6.819
1.5287 7.475 7.524 7.449 7.256 7.114 6.975 7.336 7.234 7.112 6.97 6.829 6.681 7.239 7.067 6.895 6.774 6.663 7.003 6.86 6.74 6.641 6.473 6.897 6.992 6.839 6.451 6.282 6.092 6.807
1.5655 7.463 7.512 7.437 7.244 7.102 6.963 7.323 7.222 7.099 6.958 6.817 6.668 7.227 7.054 6.882 6.762 6.651 6.991 6.848 6.728 6.629 6.461 6.885 6.98 6.827 6.439 6.27 6.079 6.794
1.6033 7.45 7.5 7.425 7.232 7.09 6.95 7.311 7.21 7.087 6.945 6.805 6.656 7.215 7.042 6.87 6.749 6.639 6.978 6.836 6.716 6.617 6.449 6.872 6.968 6.815 6.427 6.258 6.067 6.782
1.642 7.438 7.488 7.413 7.22 7.077 6.938 7.299 7.197 7.075 6.933 6.793 6.644 7.202 7.03 6.858 6.737 6.627 6.966 6.823 6.704 6.605 6.436 6.86 6.955 6.803 6.415 6.245 6.055 6.77
1.6816 7.426 7.475 7.4 7.207 7.065 6.926 7.287 7.185 7.063 6.921 6.78 6.632 7.19 7.018 6.846 6.725 6.614 6.954 6.811 6.691 6.592 6.424 6.848 6.943 6.79 6.402 6.233 6.043 6.758
1.7222 7.414 7.463 7.388 7.195 7.053 6.914 7.275 7.173 7.05 6.909 6.768 6.619 7.178 7.005 6.833 6.713 6.602 6.942 6.799 6.679 6.58 6.412 6.836 6.931 6.778 6.39 6.221 6.03 6.745
1.7637 7.403 7.453 7.378 7.185 7.043 6.903 7.264 7.163 7.04 6.898 6.758 6.609 7.168 6.995 6.823 6.702 6.592 6.931 6.789 6.669 6.57 6.402 6.825 6.921 6.768 6.38 6.211 6.02 6.735
1.8062 7.396 7.446 7.371 7.178 7.035 6.896 7.257 7.155 7.033 6.891 6.751 6.602 7.16 6.988 6.816 6.695 6.585 6.924 6.782 6.662 6.563 6.394 6.818 6.914 6.761 6.373 6.203 6.013 6.728
1.8498 7.389 7.439 7.364 7.171 7.028 6.889 7.25 7.148 7.026 6.884 6.744 6.595 7.153 6.981 6.809 6.688 6.578 6.917 6.774 6.655 6.556 6.387 6.811 6.906 6.754 6.366 6.196 6.006 6.721
1.8944 7.382 7.431 7.357 7.164 7.021 6.882 7.243 7.141 7.019 6.877 6.736 6.588 7.146 6.974 6.802 6.681 6.57 6.91 6.767 6.648 6.548 6.38 6.804 6.899 6.746 6.359 6.189 5.999 6.714
1.9401 7.375 7.424 7.349 7.156 7.014 6.875 7.236 7.134 7.012 6.87 6.729 6.581 7.139 6.967 6.795 6.674 6.563 6.903 6.76 6.64 6.541 6.373 6.797 6.892 6.739 6.351 6.182 5.992 6.707
1.9869 7.368 7.417 7.342 7.149 7.007 6.868 7.229 7.127 7.005 6.863 6.722 6.574 7.132 6.959 6.788 6.667 6.556 6.896 6.753 6.633 6.534 6.366 6.79 6.885 6.732 6.344 6.175 5.985 6.7
2.0349 7.361 7.41 7.335 7.142 7.0 6.861 7.222 7.12 6.997 6.856 6.715 6.566 7.125 6.952 6.78 6.66 6.549 6.889 6.746 6.626 6.527 6.359 6.783 6.878 6.725 6.337 6.168 5.977 6.692
2.084 7.353 7.403 7.328 7.135 6.993 6.854 7.214 7.113 6.99 6.848 6.708 6.559 7.118 6.945 6.773 6.653 6.542 6.881 6.739 6.619 6.52 6.352 6.776 6.871 6.718 6.33 6.161 5.97 6.685
2.1342 7.346 7.396 7.321 7.128 6.986 6.846 7.207 7.106 6.983 6.841 6.701 6.552 7.111 6.938 6.766 6.646 6.535 6.874 6.732 6.612 6.513 6.345 6.768 6.864 6.711 6.323 6.154 5.963 6.678
2.1857 7.339 7.389 7.314 7.121 6.978 6.839 7.2 7.098 6.976 6.834 6.694 6.545 7.104 6.931 6.759 6.638 6.528 6.867 6.725 6.605 6.506 6.337 6.761 6.857 6.704 6.316 6.146 5.956 6.671
2.2384 7.335 7.384 7.309 7.116 6.974 6.835 7.195 7.094 6.971 6.829 6.689 6.54 7.099 6.926 6.754 6.634 6.523 6.862 6.72 6.6 6.501 6.333 6.757 6.852 6.699 6.311 6.142 5.951 6.666
2.2924 7.332 7.381 7.307 7.114 6.971 6.832 7.193 7.091 6.969 6.827 6.686 6.538 7.096 6.924 6.752 6.631 6.52 6.86 6.717 6.598 6.499 6.33 6.754 6.849 6.696 6.309 6.139 5.949 6.664
2.3477 7.329 7.379 7.304 7.111 6.969 6.83 7.19 7.089 6.966 6.824 6.684 6.535 7.094 6.921 6.749 6.629 6.518 6.857 6.715 6.595 6.496 6.328 6.752 6.847 6.694 6.306 6.137 5.946 6.661
2.4044 7.327 7.376 7.301 7.109 6.966 6.827 7.188 7.086 6.964 6.822 6.681 6.533 7.091 6.919 6.747 6.626 6.515 6.855 6.712 6.592 6.493 6.325 6.749 6.844 6.691 6.303 6.134 5.944 6.659
2.4624 7.324 7.374 7.299 7.106 6.964 6.824 7.185 7.084 6.961 6.819 6.679 6.53 7.089 6.916 6.744 6.623 6.513 6.852 6.71 6.59 6.491 6.323 6.746 6.842 6.689 6.301 6.132 5.941 6.656
2.5218 7.322 7.371 7.296 7.103 6.961 6.822 7.183 7.081 6.959 6.817 6.676 6.528 7.086 6.913 6.742 6.621 6.51 6.85 6.707 6.587 6.488 6.32 6.744 6.839 6.686 6.298 6.129 5.939 6.654
2.5826 7.319 7.369 7.294 7.101 6.958 6.819 7.18 7.078 6.956 6.814 6.674 6.525 7.083 6.911 6.739 6.618 6.508 6.847 6.705 6.585 6.486 6.317 6.741 6.837 6.684 6.296 6.126 5.936 6.651
2.6449 7.317 7.366 7.291 7.098 6.956 6.817 7.178 7.076 6.953 6.812 6.671 6.523 7.081 6.908 6.737 6.616 6.505 6.845 6.702 6.582 6.483 6.315 6.739 6.834 6.681 6.293 6.124 5.934 6.649
2.7087 7.314 7.364 7.289 7.096 6.953 6.814 7.175 7.073 6.951 6.809 6.669 6.52 7.078 6.906 6.734 6.613 6.503 6.842 6.699 6.58 6.481 6.312 6.736 6.831 6.679 6.291 6.121 5.931 6.646
2.7741 7.312 7.361 7.286 7.093 6.951 6.812 7.172 7.071 6.948 6.807 6.666 6.517 7.076 6.903 6.731 6.611 6.5 6.84 6.697 6.577 6.478 6.31 6.734 6.829 6.676 6.288 6.119 5.928 6.643
2.841 7.291 7.34 7.265 7.072 6.93 6.791 7.151 7.05 6.927 6.786 6.645 6.496 7.055 6.882 6.71 6.59 6.479 6.819 6.676 6.556 6.457 6.289 6.713 6.808 6.655 6.267 6.098 5.907 6.622
2.9095 7.261 7.31 7.235 7.042 6.9 6.761 7.122 7.02 6.897 6.756 6.615 6.467 7.025 6.852 6.68 6.56 6.449 6.789 6.646 6.526 6.427 6.259 6.683 6.778 6.625 6.237 6.068 5.877 6.592
2.9797 7.231 7.28 7.205 7.012 6.87 6.731 7.092 6.99 6.867 6.726 6.585 6.437 6.995 6.822 6.651 6.53 6.419 6.759 6.616 6.496 6.397 6.229 6.653 6.748 6.595 6.207 6.038 5.848 6.563
3.0516 7.201 7.25 7.175 6.982 6.84 6.701 7.062 6.96 6.838 6.696 6.555 6.407 6.965 6.792 6.621 6.5 6.389 6.729 6.586 6.466 6.367 6.199 6.623 6.718 6.565 6.177 6.008 5.818 6.533
3.1252 7.171 7.22 7.145 6.952 6.81 6.671 7.032 6.93 6.808 6.666 6.525 6.377 6.935 6.762 6.591 6.47 6.359 6.699 6.556 6.436 6.337 6.169 6.593 6.688 6.535 6.147 5.978 5.788 6.503
3.2006 7.141 7.19 7.115 6.922 6.78 6.641 7.002 6.9 6.778 6.636 6.495 6.347 6.905 6.733 6.561 6.44 6.329 6.669 6.526 6.406 6.307 6.139 6.563 6.658 6.505 6.117 5.948 5.758 6.473
3.2778 7.111 7.16 7.085 6.893 6.75 6.611 6.972 6.87 6.748 6.606 6.465 6.317 6.875 6.703 6.531 6.41 6.299 6.639 6.496 6.376 6.277 6.109 6.533 6.628 6.475 6.087 5.918 5.728 6.443
3.3569 7.081 7.13 7.056 6.863 6.72 6.581 6.942 6.84 6.718 6.576 6.435 6.287 6.845 6.673 6.501 6.38 6.269 6.609 6.466 6.346 6.247 6.079 6.503 6.598 6.445 6.057 5.888 5.698 6.413
3.4378 7.051 7.1 7.026 6.833 6.69 6.551 6.912 6.81 6.688 6.546 6.405 6.257 6.815 6.643 6.471 6.35 6.239 6.579 6.436 6.317 6.218 6.049 6.473 6.568 6.415 6.028 5.858 5.668 6.383
3.5208 7.021 7.07 6.996 6.803 6.66 6.521 6.882 6.78 6.658 6.516 6.375 6.227 6.785 6.613 6.441 6.32 6.21 6.549 6.406 6.287 6.188 6.019 6.443 6.538 6.386 5.998 5.828 5.638 6.353
3.6057 7.016 7.065 6.991 6.798 6.655 6.516 6.877 6.775 6.653 6.511 6.37 6.222 6.78 6.608 6.436 6.315 6.204 6.544 6.401 6.282 6.182 6.014 6.438 6.533 6.38 5.993 5.823 5.633 6.348
3.6927 7.016 7.066 6.991 6.798 6.656 6.517 6.877 6.776 6.653 6.511 6.371 6.222 6.781 6.608 6.436 6.316 6.205 6.544 6.402 6.282 6.183 6.015 6.439 6.534 6.381 5.993 5.824 5.633 6.348
3.7818 7.017 7.066 6.992 6.799 6.656 6.517 6.878 6.776 6.654 6.512 6.372 6.223 6.781 6.609 6.437 6.316 6.206 6.545 6.402 6.283 6.184 6.015 6.439 6.534 6.382 5.994 5.824 5.634 6.349
3.873 7.018 7.067 6.992 6.799 6.657 6.518 6.878 6.777 6.654 6.513 6.372 6.223 6.782 6.609 6.437 6.317 6.206 6.546 6.403 6.283 6.184 6.016 6.44 6.535 6.382 5.994 5.825 5.634 6.349
3.9664 7.018 7.068 6.993 6.8 6.657 6.518 6.879 6.777 6.655 6.513 6.373 6.224 6.782 6.61 6.438 6.317 6.207 6.546 6.404 6.284 6.185 6.016 6.44 6.535 6.383 5.995 5.825 5.635 6.35
4.0621 7.019 7.068 6.993 6.8 6.658 6.519 6.88 6.778 6.655 6.514 6.373 6.225 6.783 6.61 6.439 6.318 6.207 6.547 6.404 6.284 6.185 6.017 6.441 6.536 6.383 5.995 5.826 5.636 6.351
4.1601 7.019 7.069 6.994 6.801 6.658 6.519 6.88 6.778 6.656 6.514 6.374 6.225 6.783 6.611 6.439 6.318 6.208 6.547 6.405 6.285 6.186 6.017 6.441 6.537 6.384 5.996 5.826 5.636 6.351
4.2604 7.02 7.069 6.994 6.801 6.659 6.52 6.881 6.779 6.657 6.515 6.374 6.226 6.784 6.611 6.44 6.319 6.208 6.548 6.405 6.285 6.186 6.018 6.442 6.537 6.384 5.996 5.827 5.637 6.352
4.3632 7.02 7.07 6.995 6.802 6.66 6.52 6.881 6.78 6.657 6.515 6.375 6.226 6.785 6.612 6.44 6.319 6.209 6.548 6.406 6.286 6.187 6.019 6.442 6.538 6.385 5.997 5.828 5.637 6.352
4.4685 7.021 7.07 6.995 6.802 6.66 6.521 6.882 6.78 6.658 6.516 6.375 6.227 6.785 6.613 6.441 6.32 6.209 6.549 6.406 6.286 6.187 6.019 6.443 6.538 6.385 5.997 5.828 5.638 6.353
4.5763 7.023 7.073 6.998 6.805 6.662 6.523 6.884 6.782 6.66 6.518 6.378 6.229 6.787 6.615 6.443 6.322 6.212 6.551 6.408 6.289 6.19 6.021 6.445 6.54 6.388 6.0 5.83 5.64 6.355
4.6867 7.025 7.075 7.0 6.807 6.665 6.526 6.886 6.785 6.662 6.52 6.38 6.231 6.79 6.617 6.445 6.325 6.214 6.553 6.411 6.291 6.192 6.024 6.448 6.543 6.39 6.002 5.833 5.642 6.357
4.7997 7.028 7.077 7.002 6.809 6.667 6.528 6.889 6.787 6.665 6.523 6.382 6.234 6.792 6.619 6.448 6.327 6.216 6.556 6.413 6.293 6.194 6.026 6.45 6.545 6.392 6.004 5.835 5.645 6.36
4.9155 7.03 7.08 7.005 6.812 6.669 6.53 6.891 6.789 6.667 6.525 6.385 6.236 6.794 6.622 6.45 6.329 6.219 6.558 6.416 6.296 6.197 6.028 6.452 6.547 6.395 6.007 5.837 5.647 6.362
5.0341 7.032 7.082 7.007 6.814 6.672 6.533 6.893 6.792 6.669 6.527 6.387 6.238 6.797 6.624 6.452 6.332 6.221 6.56 6.418 6.298 6.199 6.031 6.455 6.55 6.397 6.009 5.84 5.649 6.364
5.1555 7.035 7.084 7.009 6.816 6.674 6.535 6.896 6.794 6.672 6.53 6.389 6.241 6.799 6.627 6.455 6.334 6.223 6.563 6.42 6.3 6.201 6.033 6.457 6.552 6.399 6.011 5.842 5.652 6.367
5.2799 7.037 7.087 7.012 6.819 6.676 6.537 6.898 6.796 6.674 6.532 6.392 6.243 6.801 6.629 6.457 6.336 6.226 6.565 6.423 6.303 6.204 6.035 6.459 6.554 6.402 6.014 5.844 5.654 6.369
5.4072 7.04 7.089 7.014 6.821 6.679 6.54 6.9 6.799 6.676 6.534 6.394 6.245 6.804 6.631 6.459 6.339 6.228 6.567 6.425 6.305 6.206 6.038 6.462 6.557 6.404 6.016 5.847 5.656 6.371
5.5377 7.042 7.091 7.016 6.823 6.681 6.542 6.903 6.801 6.679 6.537 6.396 6.248 6.806 6.634 6.462 6.341 6.23 6.57 6.427 6.307 6.208 6.04 6.464 6.559 6.406 6.018 5.849 5.659 6.374
5.6713 7.044 7.093 7.018 6.825 6.683 6.544 6.905 6.803 6.681 6.539 6.398 6.25 6.808 6.635 6.464 6.343 6.232 6.572 6.429 6.309 6.21 6.042 6.466 6.561 6.408 6.02 5.851 5.661 6.376
5.8081 7.042 7.092 7.017 6.824 6.681 6.542 6.903 6.801 6.679 6.537 6.397 6.248 6.806 6.634 6.462 6.341 6.231 6.57 6.427 6.308 6.209 6.04 6.464 6.559 6.407 6.019 5.849 5.659 6.374
5.9482 7.04 7.09 7.015 6.822 6.68 6.54 6.901 6.8 6.677 6.535 6.395 6.246 6.805 6.632 6.46 6.339 6.229 6.568 6.426 6.306 6.207 6.039 6.462 6.558 6.405 6.017 5.848 5.657 6.372
6.0917 7.039 7.088 7.013 6.82 6.678 6.539 6.9 6.798 6.675 6.534 6.393 6.245 6.803 6.63 6.458 6.338 6.227 6.567 6.424 6.304 6.205 6.037 6.461 6.556 6.403 6.015 5.846 5.655 6.37
6.2386 7.037 7.086 7.011 6.819 6.676 6.537 6.898 6.796 6.674 6.532 6.391 6.243 6.801 6.629 6.457 6.336 6.225 6.565 6.422 6.302 6.203 6.035 6.459 6.554 6.401 6.013 5.844 5.654 6.369
6.3891 7.035 7.085 7.01 6.817 6.674 6.535 6.896 6.794 6.672 6.53 6.39 6.241 6.799 6.627 6.455 6.334 6.224 6.563 6.421 6.301 6.202 6.033 6.457 6.552 6.4 6.012 5.842 5.652 6.367
6.5433 7.033 7.083 7.008 6.815 6.673 6.534 6.894 6.793 6.67 6.528 6.388 6.239 6.798 6.625 6.453 6.333 6.222 6.561 6.419 6.299 6.2 6.032 6.456 6.551 6.398 6.01 5.841 5.65 6.365
6.7011 7.032 7.081 7.006 6.813 6.671 6.532 6.893 6.791 6.669 6.527 6.386 6.238 6.796 6.623 6.452 6.331 6.22 6.56 6.417 6.297 6.198 6.03 6.454 6.549 6.396 6.008 5.839 5.649 6.364
6.8627 7.03 7.079 7.005 6.812 6.669 6.53 6.891 6.789 6.667 6.525 6.384 6.236 6.794 6.622 6.45 6.329 6.219 6.558 6.415 6.296 6.197 6.028 6.452 6.547 6.395 6.007 5.837 5.647 6.362
7.0283 7.028 7.078 7.003 6.81 6.668 6.528 6.889 6.788 6.665 6.523 6.383 6.234 6.793 6.62 6.448 6.327 6.217 6.556 6.414 6.294 6.195 6.027 6.45 6.546 6.393 6.005 5.836 5.645 6.36
7.1978 7.037 7.086 7.011 6.818 6.676 6.537 6.898 6.796 6.673 6.532 6.391 6.243 6.801 6.628 6.456 6.336 6.225 6.565 6.422 6.302 6.203 6.035 6.459 6.554 6.401 6.013 5.844 5.654 6.369
7.3715 7.076 7.125 7.051 6.858 6.715 6.576 6.937 6.835 6.713 6.571 6.43 6.282 6.84 6.668 6.496 6.375 6.264 6.604 6.461 6.342 6.242 6.074 6.498 6.593 6.44 6.053 5.883 5.693 6.408
7.5493 7.115 7.165 7.09 6.897 6.755 6.615 6.976 6.875 6.752 6.61 6.47 6.321 6.88 6.707 6.535 6.414 6.304 6.643 6.501 6.381 6.282 6.114 6.537 6.633 6.48 6.092 5.923 5.732 6.447
7.7314 7.155 7.204 7.129 6.936 6.794 6.655 7.016 6.914 6.791 6.65 6.509 6.361 6.919 6.746 6.574 6.454 6.343 6.683 6.54 6.42 6.321 6.153 6.577 6.672 6.519 6.131 5.962 5.771 6.486
7.9179 7.194 7.243 7.169 6.976 6.833 6.694 7.055 6.953 6.831 6.689 6.548 6.4 6.958 6.786 6.614 6.493 6.382 6.722 6.579 6.459 6.36 6.192 6.616 6.711 6.558 6.17 6.001 5.811 6.526
8.1089 7.233 7.283 7.208 7.015 6.872 6.733 7.094 6.993 6.87 6.728 6.588 6.439 6.998 6.825 6.653 6.532 6.422 6.761 6.619 6.499 6.4 6.232 6.655 6.751 6.598 6.21 6.04 5.85 6.565
8.3045 7.273 7.322 7.247 7.054 6.912 6.773 7.133 7.032 6.909 6.768 6.627 6.478 7.037 6.864 6.692 6.572 6.461 6.801 6.658 6.538 6.439 6.271 6.695 6.79 6.637 6.249 6.08 5.889 6.604
8.5049 7.312 7.361 7.286 7.094 6.951 6.812 7.173 7.071 6.949 6.807 6.666 6.518 7.076 6.904 6.732 6.611 6.5 6.84 6.697 6.577 6.478 6.31 6.734 6.829 6.676 6.288 6.119 5.929 6.644
8.71 7.351 7.401 7.326 7.133 6.99 6.851 7.212 7.11 6.988 6.846 6.706 6.557 7.115 6.943 6.771 6.65 6.54 6.879 6.737 6.617 6.518 6.349 6.773 6.869 6.716 6.328 6.158 5.968 6.683
8.9201 7.391 7.44 7.365 7.172 7.03 6.891 7.251 7.15 7.027 6.885 6.745 6.596 7.155 6.982 6.81 6.69 6.579 6.918 6.776 6.656 6.557 6.389 6.813 6.908 6.755 6.367 6.198 6.007 6.722
9.1353 7.439 7.488 7.414 7.221 7.078 6.939 7.3 7.198 7.076 6.934 6.793 6.645 7.203 7.031 6.859 6.738 6.627 6.967 6.824 6.704 6.605 6.437 6.861 6.956 6.803 6.415 6.246 6.056 6.771
9.3557 7.502 7.551 7.476 7.283 7.141 7.002 7.363 7.261 7.138 6.997 6.856 6.708 7.266 7.093 6.921 6.801 6.69 7.03 6.887 6.767 6.668 6.5 6.924 7.019 6.866 6.478 6.309 6.118 6.833
9.5814 7.564 7.614 7.539 7.346 7.204 7.064 7.425 7.324 7.201 7.059 6.919 6.77 7.329 7.156 6.984 6.863 6.753 7.092 6.95 6.83 6.731 6.563 6.986 7.082 6.929 6.541 6.372 6.181 6.896
9.8125 7.627 7.676 7.602 7.409 7.266 7.127 7.488 7.386 7.264 7.122 6.981 6.833 7.391 7.219 7.047 6.926 6.815 7.155 7.012 6.893 6.793 6.625 7.049 7.144 6.991 6.604 6.434 6.244 6.959
10.0492 7.69 7.739 7.664 7.471 7.329 7.19 7.551 7.449 7.326 7.185 7.044 6.896 7.454 7.281 7.109 6.989 6.878 7.218 7.075 6.955 6.856 6.688 7.112 7.207 7.054 6.666 6.497 6.307 7.022
10.2917 7.752 7.802 7.727 7.534 7.392 7.252 7.613 7.512 7.389 7.247 7.107 6.958 7.517 7.344 7.172 7.051 6.941 7.28 7.138 7.018 6.919 6.751 7.174 7.27 7.117 6.729 6.56 6.369 7.084
10.5399 7.815 7.864 7.79 7.597 7.454 7.315 7.676 7.574 7.452 7.31 7.169 7.021 7.579 7.407 7.235 7.114 7.003 7.343 7.2 7.081 6.982 6.813 7.237 7.332 7.18 6.792 6.622 6.432 7.147
10.7942 7.878 7.927 7.852 7.659 7.517 7.378 7.739 7.637 7.514 7.373 7.232 7.084 7.642 7.469 7.298 7.177 7.066 7.406 7.263 7.143 7.044 6.876 7.3 7.395 7.242 6.854 6.685 6.495 7.21
11.0546 7.94 7.99 7.915 7.722 7.58 7.44 7.801 7.7 7.577 7.435 7.295 7.146 7.705 7.532 7.36 7.239 7.129 7.468 7.326 7.206 7.107 6.939 7.362 7.458 7.305 6.917 6.748 6.557 7.272
11.3212 8.003 8.052 7.978 7.785 7.642 7.503 7.864 7.762 7.64 7.498 7.357 7.209 7.767 7.595 7.423 7.302 7.192 7.531 7.388 7.269 7.17 7.001 7.425 7.52 7.368 6.98 6.81 6.62 7.335
11.5943 8.07 8.12 8.045 7.852 7.71 7.571 7.931 7.83 7.707 7.565 7.425 7.276 7.835 7.662 7.49 7.37 7.259 7.598 7.456 7.336 7.237 7.069 7.493 7.588 7.435 7.047 6.878 6.687 7.402
11.874 8.142 8.192 8.117 7.924 7.781 7.642 8.003 7.901 7.779 7.637 7.497 7.348 7.907 7.734 7.562 7.441 7.331 7.67 7.528 7.408 7.309 7.14 7.564 7.66 7.507 7.119 6.949 6.759 7.474
12.1605 8.214 8.263 8.189 7.996 7.853 7.714 8.075 7.973 7.851 7.709 7.568 7.42 7.978 7.806 7.634 7.513 7.402 7.742 7.599 7.48 7.38 7.212 7.636 7.731 7.578 7.191 7.021 6.831 7.546
12.4538 8.286 8.335 8.26 8.067 7.925 7.786 8.147 8.045 7.923 7.781 7.64 7.492 8.05 7.877 7.706 7.585 7.474 7.814 7.671 7.551 7.452 7.284 7.708 7.803 7.65 7.262 7.093 6.903 7.618
12.7542 8.357 8.407 8.332 8.139 7.997 7.858 8.218 8.117 7.994 7.852 7.712 7.563 8.122 7.949 7.777 7.657 7.546 7.885 7.743 7.623 7.524 7.356 7.78 7.875 7.722 7.334 7.165 6.974 7.689
13.0619 8.429 8.479 8.404 8.211 8.068 7.929 8.29 8.188 8.066 7.924 7.784 7.635 8.193 8.021 7.849 7.728 7.618 7.957 7.815 7.695 7.596 7.427 7.851 7.946 7.794 7.406 7.236 7.046 7.761
13.377 8.501 8.55 8.475 8.283 8.14 8.001 8.362 8.26 8.138 7.996 7.855 7.707 8.265 8.093 7.921 7.8 7.689 8.029 7.886 7.766 7.667 7.499 7.923 8.018 7.865 7.477 7.308 7.118 7.833
13.6997 8.573 8.622 8.547 8.354 8.212 8.073 8.434 8.332 8.209 8.068 7.927 7.779 8.337 8.164 7.992 7.872 7.761 8.101 7.958 7.838 7.739 7.571 7.995 8.09 7.937 7.549 7.38 7.19 7.905
14.0302 8.644 8.694 8.619 8.426 8.284 8.144 8.505 8.404 8.281 8.139 7.999 7.85 8.409 8.236 8.064 7.944 7.833 8.172 8.03 7.91 7.811 7.643 8.066 8.162 8.009 7.621 7.452 7.261 7.976
14.3686 8.716 8.766 8.691 8.498 8.355 8.216 8.577 8.475 8.353 8.211 8.071 7.922 8.48 8.308 8.136 8.015 7.905 8.244 8.101 7.982 7.883 7.714 8.138 8.233 8.081 7.693 7.523 7.333 8.048
14.7153 8.788 8.838 8.763 8.57 8.428 8.288 8.649 8.548 8.425 8.283 8.143 7.994 8.553 8.38 8.208 8.088 7.977 8.316 8.174 8.054 7.955 7.787 8.21 8.306 8.153 7.765 7.596 7.405 8.12
15.0702 8.861 8.91 8.835 8.643 8.5 8.361 8.722 8.62 8.498 8.356 8.215 8.067 8.625 8.453 8.281 8.16 8.049 8.389 8.246 8.126 8.027 7.859 8.283 8.378 8.225 7.837 7.668 7.478 8.193
15.4338 8.933 8.983 8.908 8.715 8.573 8.434 8.794 8.693 8.57 8.428 8.288 8.139 8.698 8.525 8.353 8.233 8.122 8.461 8.319 8.199 8.1 7.932 8.356 8.451 8.298 7.91 7.741 7.55 8.265
15.8061 9.006 9.055 8.981 8.788 8.645 8.506 8.867 8.765 8.643 8.501 8.36 8.212 8.77 8.598 8.426 8.305 8.194 8.534 8.391 8.271 8.172 8.004 8.428 8.523 8.37 7.983 7.813 7.623 8.338
16.1874 9.078 9.128 9.053 8.86 8.718 8.579 8.939 8.838 8.715 8.573 8.433 8.284 8.843 8.67 8.498 8.378 8.267 8.606 8.464 8.344 8.245 8.077 8.501 8.596 8.443 8.055 7.886 7.695 8.41
16.5779 9.151 9.2 9.126 8.933 8.79 8.651 9.012 8.91 8.788 8.646 8.505 8.357 8.915 8.743 8.571 8.45 8.34 8.679 8.536 8.417 8.318 8.149 8.573 8.668 8.516 8.128 7.958 7.768 8.483
16.9778 9.224 9.273 9.198 9.005 8.863 8.724 9.084 8.983 8.86 8.718 8.578 8.429 8.988 8.815 8.643 8.523 8.412 8.751 8.609 8.489 8.39 8.222 8.646 8.741 8.588 8.2 8.031 7.84 8.555
17.3873 9.296 9.346 9.271 9.078 8.935 8.796 9.157 9.055 8.933 8.791 8.651 8.502 9.06 8.888 8.716 8.595 8.485 8.824 8.681 8.562 8.463 8.294 8.718 8.813 8.661 8.273 8.103 7.913 8.628
17.8068 9.369 9.418 9.343 9.15 9.008 8.869 9.23 9.128 9.005 8.864 8.723 8.574 9.133 8.96 8.788 8.668 8.557 8.897 8.754 8.634 8.535 8.367 8.791 8.886 8.733 8.345 8.176 7.985 8.7
18.2363 9.441 9.491 9.416 9.223 9.08 8.941 9.302 9.2 9.078 8.936 8.796 8.647 9.205 9.033 8.861 8.74 8.63 8.969 8.827 8.707 8.608 8.439 8.863 8.958 8.806 8.418 8.248 8.058 8.773
18.6762 9.508 9.558 9.483 9.29 9.147 9.008 9.369 9.267 9.145 9.003 8.863 8.714 9.272 9.1 8.928 8.807 8.697 9.036 8.893 8.774 8.675 8.506 8.93 9.025 8.873 8.485 8.315 8.125 8.84
19.1268 9.574 9.623 9.548 9.355 9.213 9.074 9.435 9.333 9.211 9.069 8.928 8.78 9.338 9.165 8.994 8.873 8.762 9.102 8.959 8.839 8.74 8.572 8.996 9.091 8.938 8.55 8.381 8.191 8.906
19.5882 9.64 9.689 9.614 9.421 9.279 9.14 9.5 9.399 9.276 9.134 8.994 8.845 9.404 9.231 9.059 8.939 8.828 9.167 9.025 8.905 8.806 8.638 9.062 9.157 9.004 8.616 8.447 8.256 8.971
20.0607 9.705 9.755 9.68 9.487 9.344 9.205 9.566 9.464 9.342 9.2 9.06 8.911 9.47 9.297 9.125 9.004 8.894 9.233 9.091 8.971 8.872 8.703 9.127 9.223 9.07 8.682 8.512 8.322 9.037
20.5446 9.771 9.82 9.746 9.553 9.41 9.271 9.632 9.53 9.408 9.266 9.125 8.977 9.535 9.363 9.191 9.07 8.959 9.299 9.156 9.037 8.937 8.769 9.193 9.288 9.135 8.748 8.578 8.388 9.103
21.0402 9.837 9.886 9.811 9.618 9.476 9.337 9.698 9.596 9.474 9.332 9.191 9.043 9.601 9.428 9.257 9.136 9.025 9.365 9.222 9.102 9.003 8.835 9.259 9.354 9.201 8.813 8.644 8.454 9.169
21.5478 9.902 9.952 9.877 9.684 9.542 9.402 9.763 9.662 9.539 9.397 9.257 9.108 9.667 9.494 9.322 9.202 9.091 9.43 9.288 9.168 9.069 8.901 9.325 9.42 9.267 8.879 8.71 8.519 9.234
22.0676 9.968 10.018 9.943 9.75 9.607 9.468 9.829 9.727 9.605 9.463 9.323 9.174 9.732 9.56 9.388 9.267 9.157 9.496 9.353 9.234 9.135 8.966 9.39 9.485 9.333 8.945 8.775 8.585 9.3
22.5999 10.034 10.083 10.008 9.815 9.673 9.534 9.895 9.793 9.671 9.529 9.388 9.24 9.798 9.626 9.454 9.333 9.222 9.562 9.419 9.299 9.2 9.032 9.456 9.551 9.398 9.01 8.841 8.651 9.366
23.1451 10.1 10.149 10.074 9.881 9.739 9.6 9.96 9.859 9.736 9.595 9.454 9.305 9.864 9.691 9.519 9.399 9.288 9.627 9.485 9.365 9.266 9.098 9.522 9.617 9.464 9.076 8.907 8.716 9.431
23.7034 10.156 10.205 10.131 9.938 9.795 9.656 10.017 9.915 9.793 9.651 9.51 9.362 9.92 9.748 9.576 9.455 9.345 9.684 9.541 9.422 9.323 9.154 9.578 9.673 9.521 9.133 8.963 8.773 9.488
24.2752 10.212 10.262 10.187 9.994 9.851 9.712 10.073 9.971 9.849 9.707 9.567 9.418 9.976 9.804 9.632 9.511 9.401 9.74 9.597 9.478 9.379 9.21 9.634 9.729 9.577 9.189 9.019 8.829 9.544
24.8608 10.268 10.318 10.243 10.05 9.907 9.768 10.129 10.027 9.905 9.763 9.623 9.474 10.032 9.86 9.688 9.567 9.457 9.796 9.654 9.534 9.435 9.266 9.69 9.785 9.633 9.245 9.075 8.885 9.6
25.4606 10.324 10.374 10.299 10.106 9.963 9.824 10.185 10.084 9.961 9.819 9.679 9.53 10.089 9.916 9.744 9.623 9.513 9.852 9.71 9.59 9.491 9.323 9.746 9.842 9.689 9.301 9.132 8.941 9.656
26.0748 10.38 10.43 10.355 10.162 10.02 9.88 10.241 10.14 10.017 9.875 9.735 9.586 10.145 9.972 9.8 9.68 9.569 9.908 9.766 9.646 9.547 9.379 9.802 9.898 9.745 9.357 9.188 8.997 9.712
26.7038 10.436 10.486 10.411 10.218 10.076 9.937 10.297 10.196 10.073 9.931 9.791 9.642 10.201 10.028 9.856 9.736 9.625 9.964 9.822 9.702 9.603 9.435 9.859 9.954 9.801 9.413 9.244 9.053 9.768
27.3479 10.493 10.542 10.467 10.274 10.132 9.993 10.353 10.252 10.129 9.987 9.847 9.698 10.257 10.084 9.912 9.792 9.681 10.02 9.878 9.758 9.659 9.491 9.915 10.01 9.857 9.469 9.3 9.109 9.824
28.0077 10.549 10.598 10.523 10.33 10.188 10.049 10.41 10.308 10.185 10.044 9.903 9.755 10.313 10.14 9.968 9.848 9.737 10.077 9.934 9.814 9.715 9.547 9.971 10.066 9.913 9.525 9.356 9.165 9.88
28.6833 10.605 10.654 10.579 10.386 10.244 10.105 10.466 10.364 10.242 10.1 9.959 9.811 10.369 10.196 10.025 9.904 9.793 10.133 9.99 9.87 9.771 9.603 10.027 10.122 9.969 9.581 9.412 9.222 9.937
29.3752 10.661 10.71 10.635 10.442 10.3 10.161 10.522 10.42 10.297 10.156 10.015 9.866 10.425 10.252 10.08 9.96 9.849 10.189 10.046 9.926 9.827 9.659 10.083 10.178 10.025 9.637 9.468 9.277 9.992
30.0838 10.715 10.764 10.689 10.496 10.354 10.215 10.576 10.474 10.352 10.21 10.069 9.921 10.479 10.307 10.135 10.014 9.903 10.243 10.1 9.98 9.881 9.713 10.137 10.232 10.079 9.691 9.522 9.332 10.047
30.8096 10.769 10.818 10.744 10.551 10.408 10.269 10.63 10.528 10.406 10.264 10.124 9.975 10.533 10.361 10.189 10.068 9.958 10.297 10.154 10.035 9.936 9.767 10.191 10.286 10.134 9.746 9.576 9.386 10.101
31.5528 10.823 10.873 10.798 10.605 10.462 10.323 10.684 10.583 10.46 10.318 10.178 10.029 10.588 10.415 10.243 10.122 10.012 10.351 10.209 10.089 9.99 9.822 10.245 10.341 10.188 9.8 9.631 9.44 10.155
32.3139 10.877 10.927 10.852 10.659 10.517 10.378 10.738 10.637 10.514 10.372 10.232 10.083 10.642 10.469 10.297 10.177 10.066 10.405 10.263 10.143 10.044 9.876 10.3 10.395 10.242 9.854 9.685 9.494 10.209
33.0935 10.932 10.981 10.906 10.713 10.571 10.432 10.793 10.691 10.569 10.427 10.286 10.138 10.696 10.523 10.352 10.231 10.12 10.46 10.317 10.197 10.098 9.93 10.354 10.449 10.296 9.908 9.739 9.549 10.264
33.8918 10.986 11.035 10.961 10.768 10.625 10.486 10.847 10.745 10.623 10.481 10.34 10.192 10.75 10.578 10.406 10.285 10.174 10.514 10.371 10.252 10.152 9.984 10.408 10.503 10.35 9.963 9.793 9.603 10.318
34.7093 11.04 11.09 11.015 10.822 10.679 10.54 10.901 10.799 10.677 10.535 10.395 10.246 10.804 10.632 10.46 10.339 10.229 10.568 10.426 10.306 10.207 10.038 10.462 10.557 10.405 10.017 9.847 9.657 10.372
35.5466 11.094 11.144 11.069 10.876 10.734 10.595 10.955 10.854 10.731 10.589 10.449 10.3 10.859 10.686 10.514 10.394 10.283 10.622 10.48 10.36 10.261 10.093 10.517 10.612 10.459 10.071 9.902 9.711 10.426
36.4041 11.149 11.198 11.123 10.93 10.788 10.649 11.01 10.908 10.785 10.644 10.503 10.355 10.913 10.74 10.568 10.448 10.337 10.677 10.534 10.414 10.315 10.147 10.571 10.666 10.513 10.125 9.956 9.766 10.481
37.2823 11.202 11.251 11.176 10.983 10.841 10.702 11.062 10.961 10.838 10.696 10.556 10.407 10.966 10.793 10.621 10.501 10.39 10.729 10.587 10.467 10.368 10.2 10.624 10.719 10.566 10.178 10.009 9.818 10.533
38.1817 11.25 11.3 11.225 11.032 10.89 10.75 11.111 11.01 10.887 10.745 10.605 10.456 11.015 10.842 10.67 10.55 10.439 10.778 10.636 10.516 10.417 10.249 10.673 10.768 10.615 10.227 10.058 9.867 10.582
39.1028 11.299 11.349 11.274 11.081 10.938 10.799 11.16 11.059 10.936 10.794 10.654 10.505 11.064 10.891 10.719 10.598 10.488 10.827 10.685 10.565 10.466 10.298 10.721 10.817 10.664 10.276 10.106 9.916 10.631
40.046 11.348 11.398 11.323 11.13 10.987 10.848 11.209 11.107 10.985 10.843 10.703 10.554 11.112 10.94 10.768 10.647 10.537 10.876 10.733 10.614 10.515 10.346 10.77 10.865 10.713 10.325 10.155 9.965 10.68
41.0121 11.397 11.446 11.372 11.179 11.036 10.897 11.258 11.156 11.034 10.892 10.751 10.603 11.161 10.989 10.817 10.696 10.585 10.925 10.782 10.663 10.563 10.395 10.819 10.914 10.761 10.374 10.204 10.014 10.729
42.0014 11.446 11.495 11.42 11.227 11.085 10.946 11.307 11.205 11.083 10.941 10.8 10.652 11.21 11.038 10.866 10.745 10.634 10.974 10.831 10.711 10.612 10.444 10.868 10.963 10.81 10.422 10.253 10.063 10.778
43.0146 11.495 11.544 11.469 11.276 11.134 10.995 11.356 11.254 11.132 10.99 10.849 10.701 11.259 11.086 10.915 10.794 10.683 11.023 10.88 10.76 10.661 10.493 10.917 11.012 10.859 10.471 10.302 10.112 10.827
44.0523 11.544 11.593 11.518 11.325 11.183 11.044 11.404 11.303 11.18 11.038 10.898 10.749 11.308 11.135 10.963 10.843 10.732 11.071 10.929 10.809 10.71 10.542 10.966 11.061 10.908 10.52 10.351 10.16 10.875
45.1149 11.592 11.642 11.567 11.374 11.232 11.092 11.453 11.352 11.229 11.087 10.947 10.798 11.357 11.184 11.012 10.892 10.781 11.12 10.978 10.858 10.759 10.591 11.015 11.11 10.957 10.569 10.4 10.209 10.924
46.2033 11.641 11.691 11.616 11.423 11.28 11.141 11.502 11.401 11.278 11.136 10.996 10.847 11.406 11.233 11.061 10.94 10.83 11.169 11.027 10.907 10.808 10.64 11.063 11.159 11.006 10.618 10.448 10.258 10.973
47.3178 11.689 11.738 11.663 11.47 11.328 11.189 11.549 11.448 11.325 11.183 11.043 10.894 11.453 11.28 11.108 10.988 10.877 11.216 11.074 10.954 10.855 10.687 11.111 11.206 11.053 10.665 10.496 10.305 11.02
48.4593 11.733 11.783 11.708 11.515 11.373 11.233 11.594 11.493 11.37 11.228 11.088 10.939 11.498 11.325 11.153 11.032 10.922 11.261 11.119 10.999 10.9 10.732 11.155 11.251 11.098 10.71 10.541 10.35 11.065
49.6283 11.778 11.828 11.753 11.56 11.417 11.278 11.639 11.537 11.415 11.273 11.133 10.984 11.542 11.37 11.198 11.077 10.967 11.306 11.163 11.044 10.945 10.776 11.2 11.295 11.143 10.755 10.585 10.395 11.11
50.8255 11.823 11.872 11.797 11.605 11.462 11.323 11.684 11.582 11.46 11.318 11.177 11.029 11.587 11.415 11.243 11.122 11.011 11.351 11.208 11.088 10.989 10.821 11.245 11.34 11.187 10.799 10.63 10.44 11.155
52.0515 11.868 11.917 11.842 11.649 11.507 11.368 11.729 11.627 11.505 11.363 11.222 11.074 11.632 11.459 11.288 11.167 11.056 11.396 11.253 11.133 11.034 10.866 11.29 11.385 11.232 10.844 10.675 10.485 11.2
53.3072 11.912 11.962 11.887 11.694 11.552 11.413 11.773 11.672 11.549 11.407 11.267 11.118 11.677 11.504 11.332 11.212 11.101 11.44 11.298 11.178 11.079 10.911 11.335 11.43 11.277 10.889 10.72 10.529 11.244
54.5931 11.957 12.007 11.932 11.739 11.597 11.457 11.818 11.717 11.594 11.452 11.312 11.163 11.722 11.549 11.377 11.256 11.146 11.485 11.343 11.223 11.124 10.956 11.379 11.475 11.322 10.934 10.765 10.574 11.289
55.9101 12.002 12.052 11.977 11.784 11.641 11.502 11.863 11.761 11.639 11.497 11.357 11.208 11.766 11.594 11.422 11.301 11.191 11.53 11.387 11.268 11.169 11.0 11.424 11.519 11.367 10.979 10.809 10.619 11.334
57.2588 12.047 12.096 12.021 11.829 11.686 11.547 11.908 11.806 11.684 11.542 11.401 11.253 11.811 11.639 11.467 11.346 11.235 11.575 11.432 11.312 11.213 11.045 11.469 11.564 11.411 11.023 10.854 10.664 11.379
58.6401 12.092 12.141 12.066 11.873 11.731 11.592 11.953 11.851 11.728 11.587 11.446 11.298 11.856 11.683 11.512 11.391 11.28 11.62 11.477 11.357 11.258 11.09 11.514 11.609 11.456 11.068 10.899 10.709 11.424
60.0546 12.135 12.185 12.11 11.917 11.775 11.635 11.996 11.895 11.772 11.63 11.49 11.341 11.9 11.727 11.555 11.434 11.324 11.663 11.521 11.401 11.302 11.134 11.557 11.653 11.5 11.112 10.943 10.752 11.467
61.5034 12.178 12.227 12.153 11.96 11.817 11.678 12.039 11.937 11.815 11.673 11.532 11.384 11.942 11.77 11.598 11.477 11.366 11.706 11.563 11.443 11.344 11.176 11.6 11.695 11.542 11.154 10.985 10.795 11.51
62.987 12.221 12.27 12.195 12.002 11.86 11.721 12.081 11.98 11.857 11.716 11.575 11.426 11.985 11.812 11.64 11.52 11.409 11.749 11.606 11.486 11.387 11.219 11.643 11.738 11.585 11.197 11.028 10.837 11.552
64.5065 12.263 12.313 12.238 12.045 11.902 11.763 12.124 12.022 11.9 11.758 11.618 11.469 12.028 11.855 11.683 11.562 11.452 11.791 11.649 11.529 11.43 11.261 11.685 11.781 11.628 11.24 11.07 10.88 11.595
66.0626 12.306 12.355 12.28 12.087 11.945 11.806 12.167 12.065 11.943 11.801 11.66 11.512 12.07 11.898 11.726 11.605 11.494 11.834 11.691 11.571 11.472 11.304 11.728 11.823 11.67 11.282 11.113 10.923 11.638
67.6562 12.348 12.398 12.323 12.13 11.988 11.849 12.209 12.108 11.985 11.843 11.703 11.554 12.113 11.94 11.768 11.648 11.537 11.876 11.734 11.614 11.515 11.347 11.771 11.866 11.713 11.325 11.156 10.965 11.68
69.2883 12.391 12.441 12.366 12.173 12.03 11.891 12.252 12.15 12.028 11.886 11.746 11.597 12.155 11.983 11.811 11.69 11.58 11.919 11.777 11.657 11.558 11.389 11.813 11.908 11.756 11.368 11.198 11.008 11.723
70.9597 12.434 12.483 12.408 12.215 12.073 11.934 12.295 12.193 12.071 11.929 11.788 11.64 12.198 12.025 11.854 11.733 11.622 11.962 11.819 11.699 11.6 11.432 11.856 11.951 11.798 11.41 11.241 11.051 11.766
72.6715 12.476 12.526 12.451 12.258 12.116 11.977 12.337 12.236 12.113 11.971 11.831 11.682 12.241 12.068 11.896 11.776 11.665 12.004 11.862 11.742 11.643 11.475 11.899 11.994 11.841 11.453 11.284 11.093 11.808
74.4246 12.519 12.568 12.494 12.301 12.158 12.019 12.38 12.278 12.156 12.014 11.874 11.725 12.283 12.111 11.939 11.818 11.708 12.047 11.904 11.785 11.686 11.517 11.941 12.036 11.884 11.496 11.326 11.136 11.851
76.2199 12.56 12.61 12.535 12.342 12.2 12.061 12.421 12.32 12.197 12.055 11.915 11.766 12.325 12.152 11.98 11.86 11.749 12.088 11.946 11.826 11.727 11.559 11.983 12.078 11.925 11.537 11.368 11.177 11.892
78.0586 12.601 12.651 12.576 12.383 12.24 12.101 12.462 12.36 12.238 12.096 11.956 11.807 12.365 12.193 12.021 11.9 11.79 12.129 11.987 11.867 11.768 11.599 12.023 12.118 11.966 11.578 11.408 11.218 11.933
79.9416 12.642 12.691 12.616 12.424 12.281 12.142 12.503 12.401 12.279 12.137 11.996 11.848 12.406 12.234 12.062 11.941 11.83 12.17 12.027 11.907 11.808 11.64 12.064 12.159 12.006 11.618 11.449 11.259 11.974
81.87 12.683 12.732 12.657 12.464 12.322 12.183 12.544 12.442 12.319 12.178 12.037 11.889 12.447 12.274 12.103 11.982 11.871 12.211 12.068 11.948 11.849 11.681 12.105 12.2 12.047 11.659 11.49 11.3 12.015
83.845 12.723 12.773 12.698 12.505 12.363 12.224 12.584 12.483 12.36 12.218 12.078 11.929 12.488 12.315 12.143 12.023 11.912 12.251 12.109 11.989 11.89 11.722 12.146 12.241 12.088 11.7 11.531 11.34 12.055
85.8676 12.764 12.814 12.739 12.546 12.403 12.264 12.625 12.523 12.401 12.259 12.119 11.97 12.528 12.356 12.184 12.063 11.953 12.292 12.15 12.03 11.931 11.762 12.186 12.281 12.129 11.741 11.571 11.381 12.096
87.939 12.805 12.854 12.779 12.587 12.444 12.305 12.666 12.564 12.442 12.3 12.159 12.011 12.569 12.397 12.225 12.104 11.993 12.333 12.19 12.07 11.971 11.803 12.227 12.322 12.169 11.781 11.612 11.422 12.137
90.0604 12.846 12.895 12.82 12.627 12.485 12.346 12.707 12.605 12.482 12.341 12.2 12.052 12.61 12.437 12.265 12.145 12.034 12.374 12.231 12.111 12.012 11.844 12.268 12.363 12.21 11.822 11.653 11.463 12.178
92.2329 12.886 12.936 12.861 12.668 12.526 12.386 12.747 12.646 12.523 12.381 12.241 12.092 12.651 12.478 12.306 12.186 12.075 12.414 12.272 12.152 12.053 11.885 12.309 12.404 12.251 11.863 11.694 11.503 12.218
94.4579 12.927 12.977 12.902 12.709 12.566 12.427 12.788 12.686 12.564 12.422 12.282 12.133 12.691 12.519 12.347 12.226 12.116 12.455 12.313 12.193 12.094 11.925 12.349 12.444 12.292 11.904 11.734 11.544 12.259
96.7365 12.964 13.014 12.939 12.746 12.603 12.464 12.825 12.724 12.601 12.459 12.319 12.17 12.729 12.556 12.384 12.263 12.153 12.492 12.35 12.23 12.131 11.963 12.386 12.482 12.329 11.941 11.771 11.581 12.296
99.0701 13.001 13.05 12.975 12.782 12.64 12.501 12.861 12.76 12.637 12.496 12.355 12.206 12.765 12.592 12.42 12.3 12.189 12.529 12.386 12.266 12.167 11.999 12.423 12.518 12.365 11.977 11.808 11.617 12.332
101.4599 13.037 13.086 13.011 12.819 12.676 12.537 12.898 12.796 12.674 12.532 12.391 12.243 12.801 12.629 12.457 12.336 12.225 12.565 12.422 12.302 12.203 12.035 12.459 12.554 12.401 12.013 11.844 11.654 12.369
103.9075 13.073 13.123 13.048 12.855 12.712 12.573 12.934 12.832 12.71 12.568 12.428 12.279 12.838 12.665 12.493 12.372 12.262 12.601 12.459 12.339 12.24 12.071 12.495 12.591 12.438 12.05 11.88 11.69 12.405
106.4141 13.11 13.159 13.084 12.891 12.749 12.61 12.97 12.869 12.746 12.604 12.464 12.315 12.874 12.701 12.529 12.409 12.298 12.637 12.495 12.375 12.276 12.108 12.532 12.627 12.474 12.086 11.917 11.726 12.441
108.9811 13.146 13.195 13.12 12.928 12.785 12.646 13.007 12.905 12.783 12.641 12.5 12.352 12.91 12.738 12.566 12.445 12.334 12.674 12.531 12.411 12.312 12.144 12.568 12.663 12.51 12.122 11.953 11.763 12.478
111.6101 13.182 13.232 13.157 12.964 12.821 12.682 13.043 12.941 12.819 12.677 12.537 12.388 12.946 12.774 12.602 12.481 12.371 12.71 12.568 12.448 12.349 12.18 12.604 12.699 12.547 12.159 11.989 11.799 12.514
114.3025 13.219 13.268 13.193 13.0 12.858 12.719 13.079 12.978 12.855 12.713 12.573 12.424 12.983 12.81 12.638 12.518 12.407 12.746 12.604 12.484 12.385 12.217 12.641 12.736 12.583 12.195 12.026 11.835 12.55
117.0598 13.255 13.304 13.229 13.036 12.894 12.755 13.116 13.014 12.892 12.75 12.609 12.461 13.019 12.847 12.675 12.554 12.443 12.783 12.64 12.52 12.421 12.253 12.677 12.772 12.619 12.231 12.062 11.872 12.587
119.8836 13.291 13.341 13.266 13.073 12.93 12.791 13.152 13.05 12.928 12.786 12.646 12.497 13.055 12.883 12.711 12.59 12.48 12.819 12.677 12.557 12.458 12.289 12.713 12.808 12.656 12.268 12.098 11.908 12.623
122.7756 13.326 13.375 13.3 13.108 12.965 12.826 13.187 13.085 12.963 12.821 12.68 12.532 13.09 12.918 12.746 12.625 12.514 12.854 12.711 12.591 12.492 12.324 12.748 12.843 12.69 12.302 12.133 11.943 12.658
125.7373 13.361 13.41 13.335 13.142 13.0 12.861 13.221 13.12 12.997 12.856 12.715 12.566 13.125 12.952 12.78 12.66 12.549 12.889 12.746 12.626 12.527 12.359 12.783 12.878 12.725 12.337 12.168 11.977 12.692
128.7705 13.395 13.445 13.37 13.177 13.034 12.895 13.256 13.154 13.032 12.89 12.75 12.601 13.16 12.987 12.815 12.694 12.584 12.923 12.781 12.661 12.562 12.394 12.817 12.913 12.76 12.372 12.202 12.012 12.727
131.8769 13.43 13.479 13.405 13.212 13.069 12.93 13.291 13.189 13.067 12.925 12.784 12.636 13.194 13.022 12.85 12.729 12.618 12.958 12.815 12.695 12.596 12.428 12.852 12.947 12.794 12.406 12.237 12.047 12.762
135.0582 13.465 13.514 13.439 13.246 13.104 12.965 13.325 13.224 13.101 12.96 12.819 12.67 13.229 13.056 12.884 12.764 12.653 12.993 12.85 12.73 12.631 12.463 12.887 12.982 12.829 12.441 12.272 12.081 12.796
138.3162 13.499 13.549 13.474 13.281 13.138 12.999 13.36 13.259 13.136 12.994 12.854 12.705 13.264 13.091 12.919 12.798 12.688 13.027 12.885 12.765 12.666 12.498 12.921 13.017 12.864 12.476 12.306 12.116 12.831
141.6528 13.534 13.583 13.509 13.316 13.173 13.034 13.395 13.293 13.171 13.029 12.888 12.74 13.298 13.126 12.954 12.833 12.722 13.062 12.919 12.799 12.7 12.532 12.956 13.051 12.898 12.51 12.341 12.151 12.866
145.0699 13.569 13.618 13.543 13.35 13.208 13.069 13.43 13.328 13.205 13.064 12.923 12.775 13.333 13.16 12.988 12.868 12.757 13.097 12.954 12.834 12.735 12.567 12.991 13.086 12.933 12.545 12.376 12.185 12.9
148.5695 13.603 13.653 13.578 13.385 13.243 13.103 13.464 13.363 13.24 13.098 12.958 12.809 13.368 13.195 13.023 12.902 12.792 13.131 12.989 12.869 12.77 12.602 13.025 13.121 12.968 12.58 12.411 12.22 12.935
152.1534 13.638 13.687 13.612 13.419 13.277 13.138 13.499 13.397 13.275 13.133 12.992 12.844 13.402 13.229 13.058 12.937 12.826 13.166 13.023 12.903 12.804 12.636 13.06 13.155 13.002 12.614 12.445 12.255 12.97
155.8238 13.67 13.72 13.645 13.452 13.309 13.17 13.531 13.43 13.307 13.165 13.025 12.876 13.435 13.262 13.09 12.969 12.859 13.198 13.056 12.936 12.837 12.669 13.092 13.188 13.035 12.647 12.477 12.287 13.002
159.5828 13.703 13.752 13.677 13.484 13.342 13.203 13.564 13.462 13.34 13.198 13.057 12.909 13.467 13.294 13.123 13.002 12.891 13.231 13.088 12.968 12.869 12.701 13.125 13.22 13.067 12.679 12.51 12.32 13.035
163.4324 13.735 13.785 13.71 13.517 13.375 13.235 13.596 13.495 13.372 13.23 13.09 12.941 13.5 13.327 13.155 13.034 12.924 13.263 13.121 13.001 12.902 12.734 13.157 13.253 13.1 12.712 12.543 12.352 13.067
167.375 13.768 13.817 13.742 13.549 13.407 13.268 13.629 13.527 13.405 13.263 13.122 12.974 13.532 13.36 13.188 13.067 12.956 13.296 13.153 13.033 12.934 12.766 13.19 13.285 13.132 12.744 12.575 12.385 13.1
171.4126 13.8 13.85 13.775 13.582 13.44 13.3 13.661 13.56 13.437 13.295 13.155 13.006 13.565 13.392 13.22 13.1 12.989 13.328 13.186 13.066 12.967 12.799 13.222 13.318 13.165 12.777 12.608 12.417 13.132
175.5476 13.833 13.882 13.807 13.615 13.472 13.333 13.694 13.592 13.47 13.328 13.187 13.039 13.597 13.425 13.253 13.132 13.021 13.361 13.218 13.098 12.999 12.831 13.255 13.35 13.197 12.809 12.64 12.45 13.165
179.7823 13.865 13.915 13.84 13.647 13.505 13.366 13.726 13.625 13.502 13.36 13.22 13.071 13.63 13.457 13.285 13.165 13.054 13.393 13.251 13.131 13.032 12.864 13.288 13.383 13.23 12.842 12.673 12.482 13.197
184.1193 13.898 13.947 13.873 13.68 13.537 13.398 13.759 13.657 13.535 13.393 13.252 13.104 13.662 13.49 13.318 13.197 13.086 13.426 13.283 13.164 13.064 12.896 13.32 13.415 13.262 12.875 12.705 12.515 13.23
188.5608 13.93 13.98 13.905 13.712 13.57 13.431 13.791 13.69 13.567 13.425 13.285 13.136 13.695 13.522 13.35 13.23 13.119 13.458 13.316 13.196 13.097 12.929 13.353 13.448 13.295 12.907 12.738 12.547 13.262
193.1095 13.965 14.014 13.939 13.747 13.604 13.465 13.826 13.724 13.602 13.46 13.319 13.171 13.729 13.557 13.385 13.264 13.153 13.493 13.35 13.23 13.131 12.963 13.387 13.482 13.329 12.941 12.772 12.582 13.297
197.7679 14.005 14.054 13.98 13.787 13.644 13.505 13.866 13.764 13.642 13.5 13.359 13.211 13.769 13.597 13.425 13.304 13.193 13.533 13.39 13.27 13.171 13.003 13.427 13.522 13.369 12.981 12.812 12.622 13.337
202.5387 14.045 14.094 14.02 13.827 13.684 13.545 13.906 13.804 13.682 13.54 13.399 13.251 13.809 13.637 13.465 13.344 13.233 13.573 13.43 13.311 13.212 13.043 13.467 13.562 13.409 13.022 12.852 12.662 13.377
207.4245 14.085 14.134 14.06 13.867 13.724 13.585 13.946 13.844 13.722 13.58 13.439 13.291 13.849 13.677 13.505 13.384 13.274 13.613 13.47 13.351 13.252 13.083 13.507 13.602 13.45 13.062 12.892 12.702 13.417
212.4283 14.125 14.175 14.1 13.907 13.764 13.625 13.986 13.884 13.762 13.62 13.48 13.331 13.889 13.717 13.545 13.424 13.314 13.653 13.51 13.391 13.292 13.123 13.547 13.642 13.49 13.102 12.932 12.742 13.457
217.5527 14.165 14.215 14.14 13.947 13.804 13.665 14.026 13.924 13.802 13.66 13.52 13.371 13.929 13.757 13.585 13.464 13.354 13.693 13.55 13.431 13.332 13.163 13.587 13.682 13.53 13.142 12.972 12.782 13.497
222.8008 14.205 14.255 14.18 13.987 13.844 13.705 14.066 13.964 13.842 13.7 13.56 13.411 13.969 13.797 13.625 13.504 13.394 13.733 13.591 13.471 13.372 13.203 13.627 13.722 13.57 13.182 13.012 12.822 13.537
228.1754 14.245 14.295 14.22 14.027 13.884 13.745 14.106 14.004 13.882 13.74 13.6 13.451 14.009 13.837 13.665 13.544 13.434 13.773 13.631 13.511 13.412 13.243 13.667 13.763 13.61 13.222 13.052 12.862 13.577
233.6797 14.285 14.335 14.26 14.067 13.924 13.785 14.146 14.044 13.922 13.78 13.64 13.491 14.05 13.877 13.705 13.584 13.474 13.813 13.671 13.551 13.452 13.284 13.707 13.803 13.65 13.262 13.092 12.902 13.617
239.3168 14.325 14.375 14.3 14.107 13.965 13.825 14.186 14.085 13.962 13.82 13.68 13.531 14.09 13.917 13.745 13.624 13.514 13.853 13.711 13.591 13.492 13.324 13.747 13.843 13.69 13.302 13.133 12.942 13.657
245.0899 14.376 14.426 14.351 14.158 14.015 13.876 14.237 14.135 14.013 13.871 13.731 13.582 14.14 13.968 13.796 13.675 13.565 13.904 13.761 13.642 13.543 13.374 13.798 13.893 13.741 13.353 13.183 12.993 13.708
251.0022 14.444 14.493 14.418 14.225 14.083 13.944 14.305 14.203 14.08 13.939 13.798 13.65 14.208 14.035 13.863 13.743 13.632 13.972 13.829 13.709 13.61 13.442 13.866 13.961 13.808 13.42 13.251 13.061 13.776
257.0572 14.511 14.561 14.486 14.293 14.15 14.011 14.372 14.27 14.148 14.006 13.866 13.717 14.275 14.103 13.931 13.81 13.7 14.039 13.897 13.777 13.678 13.509 13.933 14.028 13.876 13.488 13.318 13.128 13.843
263.2582 14.579 14.628 14.553 14.36 14.218 14.079 14.44 14.338 14.216 14.074 13.933 13.785 14.343 14.17 13.999 13.878 13.767 14.107 13.964 13.844 13.745 13.577 14.001 14.096 13.943 13.555 13.386 13.196 13.911
269.6088 14.646 14.696 14.621 14.428 14.285 14.146 14.507 14.406 14.283 14.141 14.001 13.852 14.411 14.238 14.066 13.945 13.835 14.174 14.032 13.912 13.813 13.645 14.068 14.164 14.011 13.623 13.453 13.263 13.978
276.1126 14.714 14.763 14.688 14.495 14.353 14.214 14.575 14.473 14.351 14.209 14.068 13.92 14.478 14.306 14.134 14.013 13.902 14.242 14.099 13.979 13.88 13.712 14.136 14.231 14.078 13.69 13.521 13.331 14.046
282.7734 14.781 14.831 14.756 14.563 14.421 14.281 14.642 14.541 14.418 14.276 14.136 13.987 14.546 14.373 14.201 14.081 13.97 14.309 14.167 14.047 13.948 13.78 14.203 14.299 14.146 13.758 13.589 13.398 14.113
289.5947 14.849 14.898 14.823 14.631 14.488 14.349 14.71 14.608 14.486 14.344 14.203 14.055 14.613 14.441 14.269 14.148 14.037 14.377 14.234 14.114 14.015 13.847 14.271 14.366 14.213 13.825 13.656 13.466 14.181
296.5807 14.916 14.966 14.891 14.698 14.556 14.417 14.777 14.676 14.553 14.411 14.271 14.122 14.681 14.508 14.336 14.216 14.105 14.444 14.302 14.182 14.083 13.915 14.339 14.434 14.281 13.893 13.724 13.533 14.248
303.7351 14.984 15.033 14.959 14.766 14.623 14.484 14.845 14.743 14.621 14.479 14.338 14.19 14.748 14.576 14.404 14.283 14.172 14.512 14.369 14.25 14.151 13.982 14.406 14.501 14.349 13.961 13.791 13.601 14.316
311.0622 15.07 15.119 15.044 14.851 14.709 14.57 14.93 14.829 14.706 14.565 14.424 14.275 14.834 14.661 14.489 14.369 14.258 14.598 14.455 14.335 14.236 14.068 14.492 14.587 14.434 14.046 13.877 13.686 14.401
318.566 15.171 15.22 15.146 14.953 14.81 14.671 15.032 14.93 14.808 14.666 14.525 14.377 14.935 14.763 14.591 14.47 14.359 14.699 14.556 14.436 14.337 14.169 14.593 14.688 14.535 14.147 13.978 13.788 14.503
326.2508 15.272 15.322 15.247 15.054 14.911 14.772 15.133 15.032 14.909 14.767 14.627 14.478 15.037 14.864 14.692 14.571 14.461 14.8 14.658 14.538 14.439 14.271 14.694 14.79 14.637 14.249 14.079 13.889 14.604
334.121 15.374 15.423 15.348 15.155 15.013 14.874 15.234 15.133 15.01 14.869 14.728 14.579 15.138 14.965 14.793 14.673 14.562 14.902 14.759 14.639 14.54 14.372 14.796 14.891 14.738 14.35 14.181 13.99 14.705
342.181 15.475 15.524 15.45 15.257 15.114 14.975 15.336 15.234 15.112 14.97 14.829 14.681 15.239 15.067 14.895 14.774 14.663 15.003 14.86 14.74 14.641 14.473 14.897 14.992 14.839 14.451 14.282 14.092 14.807
350.4355 15.576 15.626 15.551 15.358 15.215 15.076 15.437 15.335 15.213 15.071 14.931 14.782 15.341 15.168 14.996 14.875 14.765 15.104 14.962 14.842 14.743 14.575 14.998 15.094 14.941 14.553 14.383 14.193 14.908
358.8891 15.678 15.727 15.652 15.459 15.317 15.178 15.538 15.437 15.314 15.173 15.032 14.883 15.442 15.269 15.097 14.977 14.866 15.206 15.063 14.943 14.844 14.676 15.1 15.195 15.042 14.654 14.485 14.294 15.009
367.5467 15.779 15.828 15.754 15.561 15.418 15.279 15.64 15.538 15.416 15.274 15.133 14.985 15.543 15.371 15.199 15.078 14.967 15.307 15.164 15.044 14.945 14.777 15.201 15.296 15.143 14.755 14.586 14.396 15.111
376.4131 15.88 15.93 15.855 15.662 15.519 15.38 15.741 15.639 15.517 15.375 15.235 15.086 15.645 15.472 15.3 15.179 15.069 15.408 15.266 15.146 15.047 14.878 15.302 15.398 15.245 14.857 14.687 14.497 15.212
385.4933 15.982 16.031 15.956 15.763 15.621 15.482 15.842 15.741 15.618 15.477 15.336 15.187 15.746 15.573 15.401 15.281 15.17 15.51 15.367 15.247 15.148 14.98 15.404 15.499 15.346 14.958 14.789 14.598 15.313
394.7926 16.125 16.175 16.1 15.907 15.765 15.625 15.986 15.885 15.762 15.62 15.48 15.331 15.89 15.717 15.545 15.425 15.314 15.653 15.511 15.391 15.292 15.124 15.547 15.643 15.49 15.102 14.933 14.742 15.457
404.3163 16.289 16.339 16.264 16.071 15.929 15.789 16.15 16.049 15.926 15.784 15.644 15.495 16.054 15.881 15.709 15.589 15.478 15.817 15.675 15.555 15.456 15.288 15.711 15.807 15.654 15.266 15.097 14.906 15.621
414.0697 16.453 16.503 16.428 16.235 16.093 15.953 16.314 16.213 16.09 15.948 15.808 15.659 16.218 16.045 15.873 15.753 15.642 15.981 15.839 15.719 15.62 15.452 15.875 15.971 15.818 15.43 15.261 15.07 15.785
424.0583 16.617 16.667 16.592 16.399 16.257 16.117 16.478 16.377 16.254 16.112 15.972 15.823 16.382 16.209 16.037 15.917 15.806 16.145 16.003 15.883 15.784 15.616 16.039 16.135 15.982 15.594 15.425 15.234 15.949
434.2879 16.781 16.831 16.756 16.563 16.421 16.281 16.642 16.541 16.418 16.276 16.136 15.987 16.546 16.373 16.201 16.081 15.97 16.309 16.167 16.047 15.948 15.78 16.203 16.299 16.146 15.758 15.589 15.398 16.113
444.7643 16.945 16.995 16.92 16.727 16.585 16.445 16.806 16.705 16.582 16.44 16.3 16.151 16.71 16.537 16.365 16.245 16.134 16.473 16.331 16.211 16.112 15.944 16.367 16.463 16.31 15.922 15.753 15.562 16.277
455.4934 17.109 17.159 17.084 16.891 16.749 16.609 16.97 16.869 16.746 16.604 16.464 16.315 16.874 16.701 16.529 16.409 16.298 16.637 16.495 16.375 16.276 16.108 16.532 16.627 16.474 16.086 15.917 15.726 16.441
466.4814 17.273 17.323 17.248 17.055 16.913 16.774 17.134 17.033 16.91 16.768 16.628 16.479 17.038 16.865 16.693 16.573 16.462 16.801 16.659 16.539 16.44 16.272 16.696 16.791 16.638 16.25 16.081 15.89 16.605
477.7344 17.437 17.487 17.412 17.219 17.077 16.938 17.298 17.197 17.074 16.932 16.792 16.643 17.202 17.029 16.857 16.737 16.626 16.965 16.823 16.703 16.604 16.436 16.86 16.955 16.802 16.414 16.245 16.054 16.769
489.2588 17.601 17.651 17.576 17.383 17.241 17.102 17.462 17.361 17.238 17.096 16.956 16.807 17.366 17.193 17.021 16.901 16.79 17.129 16.987 16.867 16.768 16.6 17.024 17.119 16.966 16.578 16.409 16.218 16.933
501.0613 17.888 17.938 17.863 17.67 17.527 17.388 17.749 17.647 17.525 17.383 17.243 17.094 17.652 17.48 17.308 17.187 17.077 17.416 17.274 17.154 17.055 16.886 17.31 17.405 17.253 16.865 16.695 16.505 17.22
513.1485 18.202 18.251 18.176 17.983 17.841 17.702 18.063 17.961 17.839 17.697 17.556 17.408 17.966 17.793 17.622 17.501 17.39 17.73 17.587 17.467 17.368 17.2 17.624 17.719 17.566 17.178 17.009 16.819 17.534
525.5272 18.515 18.565 18.49 18.297 18.154 18.015 18.376 18.275 18.152 18.01 17.87 17.721 18.28 18.107 17.935 17.814 17.704 18.043 17.901 17.781 17.682 17.514 17.937 18.033 17.88 17.492 17.322 17.132 17.847
538.2046 18.829 18.878 18.803 18.61 18.468 18.329 18.69 18.588 18.466 18.324 18.183 18.035 18.593 18.421 18.249 18.128 18.017 18.357 18.214 18.094 17.995 17.827 18.251 18.346 18.193 17.805 17.636 17.446 18.161
551.1878 19.142 19.192 19.117 18.924 18.782 18.643 19.003 18.902 18.779 18.637 18.497 18.348 18.907 18.734 18.562 18.442 18.331 18.67 18.528 18.408 18.309 18.141 18.565 18.66 18.507 18.119 17.95 17.759 18.474
564.4842 19.456 19.505 19.431 19.238 19.095 18.956 19.317 19.215 19.093 18.951 18.81 18.662 19.22 19.048 18.876 18.755 18.644 18.984 18.841 18.722 18.623 18.454 18.878 18.973 18.82 18.433 18.263 18.073 18.788
578.1013 19.77 19.819 19.744 19.551 19.409 19.27 19.63 19.529 19.406 19.264 19.124 18.975 19.534 19.361 19.189 19.069 18.958 19.297 19.155 19.035 18.936 18.768 19.192 19.287 19.134 18.746 18.577 18.386 19.101
592.0469 20.083 20.133 20.058 19.865 19.722 19.583 19.944 19.842 19.72 19.578 19.438 19.289 19.847 19.675 19.503 19.382 19.272 19.611 19.468 19.349 19.25 19.081 19.505 19.6 19.448 19.06 18.89 18.7 19.415
606.329 20.397 20.446 20.371 20.178 20.036 19.897 20.258 20.156 20.033 19.892 19.751 19.603 20.161 19.988 19.817 19.696 19.585 19.925 19.782 19.662 19.563 19.395 19.819 19.914 19.761 19.373 19.204 19.014 19.729
620.9555 20.71 20.76 20.685 20.492 20.349 20.21 20.571 20.469 20.347 20.205 20.065 19.916 20.475 20.302 20.13 20.009 19.899 20.238 20.096 19.976 19.877 19.709 20.132 20.228 20.075 19.687 19.517 19.327 20.042
635.9349 21.024 21.073 20.998 20.805 20.663 20.524 20.885 20.783 20.661 20.519 20.378 20.23 20.788 20.616 20.444 20.323 20.212 20.552 20.409 20.289 20.19 20.022 20.446 20.541 20.388 20.0 19.831 19.641 20.356
651.2757 21.337 21.387 21.312 21.119 20.977 20.837 21.198 21.097 20.974 20.832 20.692 20.543 21.102 20.929 20.757 20.637 20.526 20.865 20.723 20.603 20.504 20.336 20.759 20.855 20.702 20.314 20.145 19.954 20.669
666.9865 21.651 21.7 21.626 21.433 21.29 21.151 21.512 21.41 21.288 21.146 21.005 20.857 21.415 21.243 21.071 20.95 20.839 21.179 21.036 20.916 20.817 20.649 21.073 21.168 21.015 20.628 20.458 20.268 20.983
683.0763 21.965 22.014 21.939 21.746 21.604 21.465 21.825 21.724 21.601 21.459 21.319 21.17 21.729 21.556 21.384 21.264 21.153 21.492 21.35 21.23 21.131 20.963 21.387 21.482 21.329 20.941 20.772 20.581 21.296
699.5543 22.278 22.328 22.253 22.06 21.917 21.778 22.139 22.037 21.915 21.773 21.633 21.484 22.042 21.87 21.698 21.577 21.467 21.806 21.663 21.544 21.445 21.276 21.7 21.795 21.643 21.255 21.085 20.895 21.61
716.4297 22.592 22.641 22.566 22.373 22.231 22.092 22.453 22.351 22.228 22.087 21.946 21.798 22.356 22.183 22.012 21.891 21.78 22.12 21.977 21.857 21.758 21.59 22.014 22.109 21.956 21.568 21.399 21.209 21.924
733.7123 22.905 22.955 22.88 22.687 22.544 22.405 22.766 22.664 22.542 22.4 22.26 22.111 22.669 22.497 22.325 22.204 22.094 22.433 22.291 22.171 22.072 21.903 22.327 22.423 22.27 21.882 21.712 21.522 22.237
751.4117 23.219 23.268 23.193 23.0 22.858 22.719 23.08 22.978 22.856 22.714 22.573 22.425 22.983 22.81 22.639 22.518 22.407 22.747 22.604 22.484 22.385 22.217 22.641 22.736 22.583 22.195 22.026 21.836 22.551
769.5381 23.532 23.582 23.507 23.314 23.172 23.032 23.393 23.292 23.169 23.027 22.887 22.738 23.297 23.124 22.952 22.832 22.721 23.06 22.918 22.798 22.699 22.531 22.954 23.05 22.897 22.509 22.34 22.149 22.864
788.1018 23.846 23.895 23.821 23.628 23.485 23.346 23.707 23.605 23.483 23.341 23.2 23.052 23.61 23.438 23.266 23.145 23.034 23.374 23.231 23.111 23.012 22.844 23.268 23.363 23.21 22.822 22.653 22.463 23.178
807.1133 24.159 24.209 24.134 23.941 23.799 23.66 24.02 23.919 23.796 23.654 23.514 23.365 23.924 23.751 23.579 23.459 23.348 23.687 23.545 23.425 23.326 23.158 23.582 23.677 23.524 23.136 22.967 22.776 23.491
826.5834 24.473 24.522 24.448 24.255 24.112 23.973 24.334 24.232 24.11 23.968 23.828 23.679 24.237 24.065 23.893 23.772 23.662 24.001 23.858 23.739 23.64 23.471 23.895 23.99 23.838 23.45 23.28 23.09 23.805
846.5232 24.787 24.836 24.761 24.568 24.426 24.287 24.648 24.546 24.423 24.282 24.141 23.993 24.551 24.378 24.206 24.086 23.975 24.315 24.172 24.052 23.953 23.785 24.209 24.304 24.151 23.763 23.594 23.403 24.118
866.944 25.1 25.15 25.075 24.882 24.739 24.6 24.961 24.859 24.737 24.595 24.455 24.306 24.864 24.692 24.52 24.399 24.289 24.628 24.486 24.366 24.267 24.098 24.522 24.617 24.465 24.077 23.907 23.717 24.432
887.8575 25.414 25.463 25.388 25.195 25.053 24.914 25.275 25.173 25.051 24.909 24.768 24.62 25.178 25.005 24.834 24.713 24.602 24.942 24.799 24.679 24.58 24.412 24.836 24.931 24.778 24.39 24.221 24.031 24.746
909.2754 25.727 25.777 25.702 25.509 25.367 25.227 25.588 25.487 25.364 25.222 25.082 24.933 25.492 25.319 25.147 25.026 24.916 25.255 25.113 24.993 24.894 24.726 25.149 25.245 25.092 24.704 24.535 24.344 25.059
931.21 26.041 26.09 26.015 25.823 25.68 25.541 25.902 25.8 25.678 25.536 25.395 25.247 25.805 25.633 25.461 25.34 25.229 25.569 25.426 25.306 25.207 25.039 25.463 25.558 25.405 25.017 24.848 24.658 25.373
953.6737 26.354 26.404 26.329 26.136 25.994 25.855 26.215 26.114 25.991 25.849 25.709 25.56 26.119 25.946 25.774 25.654 25.543 25.882 25.74 25.62 25.521 25.353 25.777 25.872 25.719 25.331 25.162 24.971 25.686
976.6793 26.668 26.717 26.643 26.45 26.307 26.168 26.529 26.427 26.305 26.163 26.022 25.874 26.432 26.26 26.088 25.967 25.857 26.196 26.053 25.934 25.835 25.666 26.09 26.185 26.033 25.645 25.475 25.285 26.0
1000.2399 26.982 27.031 26.956 26.763 26.621 26.482 26.843 26.741 26.618 26.477 26.336 26.187 26.746 26.573 26.401 26.281 26.17 26.51 26.367 26.247 26.148 25.98 26.404 26.499 26.346 25.958 25.789 25.598 26.313
1024.3688 27.295 27.345 27.27 27.077 26.934 26.795 27.156 27.054 26.932 26.79 26.65 26.501 27.059 26.887 26.715 26.594 26.484 26.823 26.681 26.561 26.462 26.293 26.717 26.812 26.66 26.272 26.102 25.912 26.627
1049.0798 27.609 27.658 27.583 27.39 27.248 27.109 27.47 27.368 27.246 27.104 26.963 26.815 27.373 27.2 27.029 26.908 26.797 27.137 26.994 26.874 26.775 26.607 27.031 27.126 26.973 26.585 26.416 26.226 26.941
1074.3869 27.922 27.972 27.897 27.704 27.562 27.422 27.783 27.682 27.559 27.417 27.277 27.128 27.687 27.514 27.342 27.221 27.111 27.45 27.308 27.188 27.089 26.921 27.344 27.44 27.287 26.899 26.73 26.539 27.254
1100.3045 28.236 28.285 28.21 28.017 27.875 27.736 28.097 27.995 27.873 27.731 27.59 27.442 28.0 27.828 27.656 27.535 27.424 27.764 27.621 27.501 27.402 27.234 27.658 27.753 27.6 27.212 27.043 26.853 27.568
1126.8473 28.549 28.599 28.524 28.331 28.189 28.05 28.41 28.309 28.186 28.044 27.904 27.755 28.314 28.141 27.969 27.849 27.738 28.077 27.935 27.815 27.716 27.548 27.972 28.067 27.914 27.526 27.357 27.166 27.881
1154.0304 28.863 28.912 28.838 28.645 28.502 28.363 28.724 28.622 28.5 28.358 28.217 28.069 28.627 28.455 28.283 28.162 28.052 28.391 28.248 28.129 28.03 27.861 28.285 28.38 28.228 27.84 27.67 27.48 28.195
1181.8693 29.177 29.226 29.151 28.958 28.816 28.677 29.037 28.936 28.813 28.672 28.531 28.382 28.941 28.768 28.596 28.476 28.365 28.705 28.562 28.442 28.343 28.175 28.599 28.694 28.541 28.153 27.984 27.793 28.508
1210.3797 29.49 29.54 29.465 29.272 29.129 28.99 29.351 29.249 29.127 28.985 28.845 28.696 29.254 29.082 28.91 28.789 28.679 29.018 28.876 28.756 28.657 28.488 28.912 29.007 28.855 28.467 28.297 28.107 28.822
1239.5778 29.804 29.853 29.778 29.585 29.443 29.304 29.665 29.563 29.441 29.299 29.158 29.01 29.568 29.395 29.224 29.103 28.992 29.332 29.189 29.069 28.97 28.802 29.226 29.321 29.168 28.78 28.611 28.421 29.136
1269.4803 30.117 30.167 30.092 29.899 29.756 29.617 29.978 29.877 29.754 29.612 29.472 29.323 29.882 29.709 29.537 29.416 29.306 29.645 29.503 29.383 29.284 29.116 29.539 29.635 29.482 29.094 28.924 28.734 29.449
1300.1042 30.431 30.48 30.405 30.212 30.07 29.931 30.292 30.19 30.068 29.926 29.785 29.637 30.195 30.023 29.851 29.73 29.619 29.959 29.816 29.696 29.597 29.429 29.853 29.948 29.795 29.407 29.238 29.048 29.763
1331.4668 30.744 30.794 30.719 30.526 30.384 30.244 30.605 30.504 30.381 30.239 30.099 29.95 30.509 30.336 30.164 30.044 29.933 30.272 30.13 30.01 29.911 29.743 30.167 30.262 30.109 29.721 29.552 29.361 30.076
1363.586 31.058 31.107 31.033 30.84 30.697 30.558 30.919 30.817 30.695 30.553 30.412 30.264 30.822 30.65 30.478 30.357 30.246 30.586 30.443 30.324 30.224 30.056 30.48 30.575 30.422 30.035 29.865 29.675 30.39
1396.48 31.372 31.421 31.346 31.153 31.011 30.872 31.232 31.131 31.008 30.866 30.726 30.577 31.136 30.963 30.791 30.671 30.56 30.899 30.757 30.637 30.538 30.37 30.794 30.889 30.736 30.348 30.179 29.988 30.703
1430.1675 31.685 31.735 31.66 31.467 31.324 31.185 31.546 31.444 31.322 31.18 31.04 30.891 31.449 31.277 31.105 30.984 30.874 31.213 31.07 30.951 30.852 30.683 31.107 31.202 31.05 30.662 30.492 30.302 31.017
1464.6676 31.999 32.048 31.973 31.78 31.638 31.499 31.86 31.758 31.635 31.494 31.353 31.205 31.763 31.59 31.419 31.298 31.187 31.527 31.384 31.264 31.165 30.997 31.421 31.516 31.363 30.975 30.806 30.616 31.331
1500.0 32.312 32.362 32.287 32.094 31.951 31.812 32.173 32.071 31.949 31.807 31.667 31.518 32.077 31.904 31.732 31.611 31.501 31.84 31.698 31.578 31.479 31.31 31.734 31.83 31.677 31.289 31.119 30.929 31.644
