# %ECSV 1.0
# ---
# datatype:
# - {name: time, datatype: float64}
# - {name: swift_uvot_uvw2, datatype: float64}
# - {name: swift_uvot_uvm2, datatype: float64}
# - {name: swift_uvot_uvw1, datatype: float64}
# - {name: swift_uvot_U, datatype: float64}
# - {name: swift_uvot_B, datatype: float64}
# - {name: swift_uvot_V, datatype: float64}
# - {name: swift_uvot_W, datatype: float64}
# - {name: johnson_U, datatype: float64}
# - {name: johnson_B, datatype: float64}
# - {name: johnson_V, datatype: float64}
# - {name: johnson_R, datatype: float64}
# - {name: johnson_I, datatype: float64}
# - {name: sdss_u, datatype: float64}
# - {name: sdss_g, datatype: float64}
# - {name: sdss_r, datatype: float64}
# - {name: sdss_i, datatype: float64}
# - {name: sdss_z, datatype: float64}
# - {name: PS1_g, datatype: float64}
# - {name: PS1_r, datatype: float64}
# - {name: PS1_i, datatype: float64}
# - {name: PS1_z, datatype: float64}
# - {name: PS1_Y, datatype: float64}
# - {name: ukirt_J, datatype: float64}
# - {name: ukirt_H, datatype: float64}
# - {name: ukirt_K, datatype: float64}
# meta: !!omap
# - comment: [E = 0.0031231838447717776, Eta0 = 8.02, GammaB = 12.0, dL = 0.012188, epsb = 6.760829753919819e-06, epse = 0.1, n = 0.00630957344480193,
#     p = 2.15, theta_obs = 0.0, xiN = 1.0, z = 0.0, type = grb, E_kiso = 7.196856730011521]
# schema: astropy-2.0
time swift_uvot_uvw2 swift_uvot_uvm2 swift_uvot_uvw1 swift_uvot_U swift_uvot_B swift_uvot_V swift_uvot_W johnson_U johnson_B johnson_V johnson_R johnson_I sdss_u sdss_g sdss_r sdss_i sdss_z PS1_g PS1_r PS1_i PS1_z PS1_Y ukirt_J ukirt_H ukirt_K
0.01 -6.555 -6.505 -6.58 -6.773 -6.916 -7.055 -6.694 -6.796 -6.918 -7.06 -7.2 -7.349 -6.791 -6.963 -7.135 -7.256 -7.366 -7.027 -7.169 -7.289 -7.388 -7.557 -7.578 -7.748 -7.938
0.0102 -6.559 -6.51 -6.584 -6.777 -6.92 -7.059 -6.698 -6.8 -6.922 -7.064 -7.205 -7.353 -6.795 -6.967 -7.139 -7.26 -7.371 -7.031 -7.174 -7.294 -7.393 -7.561 -7.583 -7.752 -7.942
0.0105 -6.563 -6.514 -6.589 -6.782 -6.924 -7.063 -6.702 -6.804 -6.926 -7.068 -7.209 -7.357 -6.799 -6.972 -7.143 -7.264 -7.375 -7.035 -7.178 -7.298 -7.397 -7.565 -7.587 -7.756 -7.946
0.0107 -6.567 -6.518 -6.593 -6.786 -6.928 -7.067 -6.706 -6.808 -6.931 -7.072 -7.213 -7.361 -6.803 -6.976 -7.148 -7.268 -7.379 -7.039 -7.182 -7.302 -7.401 -7.569 -7.591 -7.76 -7.95
0.011 -6.572 -6.522 -6.597 -6.79 -6.932 -7.071 -6.711 -6.812 -6.935 -7.077 -7.217 -7.366 -6.807 -6.98 -7.152 -7.272 -7.383 -7.044 -7.186 -7.306 -7.405 -7.573 -7.595 -7.764 -7.955
0.0113 -6.576 -6.526 -6.601 -6.794 -6.936 -7.076 -6.715 -6.816 -6.939 -7.081 -7.221 -7.37 -6.811 -6.984 -7.156 -7.276 -7.387 -7.048 -7.19 -7.31 -7.409 -7.577 -7.599 -7.768 -7.959
0.0115 -6.58 -6.53 -6.605 -6.798 -6.941 -7.08 -6.719 -6.821 -6.943 -7.085 -7.225 -7.374 -6.816 -6.988 -7.16 -7.281 -7.391 -7.052 -7.194 -7.314 -7.413 -7.582 -7.603 -7.773 -7.963
0.0118 -6.584 -6.534 -6.609 -6.802 -6.945 -7.084 -6.723 -6.825 -6.947 -7.089 -7.229 -7.378 -6.82 -6.992 -7.164 -7.285 -7.395 -7.056 -7.199 -7.318 -7.417 -7.586 -7.607 -7.777 -7.967
0.0121 -6.588 -6.539 -6.613 -6.806 -6.949 -7.088 -6.727 -6.829 -6.951 -7.093 -7.234 -7.382 -6.824 -6.996 -7.168 -7.289 -7.4 -7.06 -7.203 -7.323 -7.422 -7.59 -7.612 -7.781 -7.971
0.0124 -6.592 -6.543 -6.618 -6.811 -6.953 -7.092 -6.731 -6.833 -6.955 -7.097 -7.238 -7.386 -6.828 -7.001 -7.172 -7.293 -7.404 -7.064 -7.207 -7.327 -7.426 -7.594 -7.616 -7.785 -7.975
0.0127 -6.595 -6.546 -6.62 -6.813 -6.956 -7.095 -6.734 -6.836 -6.958 -7.1 -7.241 -7.389 -6.831 -7.003 -7.175 -7.296 -7.406 -7.067 -7.21 -7.329 -7.428 -7.597 -7.618 -7.788 -7.978
0.013 -6.588 -6.538 -6.613 -6.806 -6.948 -7.087 -6.727 -6.828 -6.951 -7.093 -7.233 -7.382 -6.823 -6.996 -7.168 -7.288 -7.399 -7.06 -7.202 -7.322 -7.421 -7.589 -7.611 -7.78 -7.971
0.0133 -6.58 -6.531 -6.606 -6.799 -6.941 -7.08 -6.719 -6.821 -6.943 -7.085 -7.226 -7.374 -6.816 -6.989 -7.16 -7.281 -7.392 -7.052 -7.195 -7.315 -7.414 -7.582 -7.604 -7.773 -7.963
0.0136 -6.573 -6.523 -6.598 -6.791 -6.934 -7.073 -6.712 -6.814 -6.936 -7.078 -7.218 -7.367 -6.809 -6.981 -7.153 -7.274 -7.384 -7.045 -7.187 -7.307 -7.406 -7.575 -7.596 -7.766 -7.956
0.014 -6.565 -6.516 -6.591 -6.784 -6.926 -7.065 -6.705 -6.806 -6.929 -7.07 -7.211 -7.36 -6.801 -6.974 -7.146 -7.266 -7.377 -7.037 -7.18 -7.3 -7.399 -7.567 -7.589 -7.758 -7.949
0.0143 -6.558 -6.509 -6.583 -6.776 -6.919 -7.058 -6.697 -6.799 -6.921 -7.063 -7.204 -7.352 -6.794 -6.966 -7.138 -7.259 -7.37 -7.03 -7.173 -7.292 -7.392 -7.56 -7.581 -7.751 -7.941
0.0146 -6.551 -6.501 -6.576 -6.769 -6.911 -7.051 -6.69 -6.791 -6.914 -7.056 -7.196 -7.345 -6.786 -6.959 -7.131 -7.251 -7.362 -7.023 -7.165 -7.285 -7.384 -7.552 -7.574 -7.743 -7.934
0.015 -6.543 -6.494 -6.569 -6.762 -6.904 -7.043 -6.682 -6.784 -6.906 -7.048 -7.189 -7.337 -6.779 -6.952 -7.123 -7.244 -7.355 -7.015 -7.158 -7.278 -7.377 -7.545 -7.567 -7.736 -7.926
0.0154 -6.536 -6.486 -6.561 -6.754 -6.897 -7.036 -6.675 -6.777 -6.899 -7.041 -7.181 -7.33 -6.772 -6.944 -7.116 -7.237 -7.347 -7.008 -7.15 -7.27 -7.369 -7.538 -7.559 -7.729 -7.919
0.0157 -6.528 -6.479 -6.554 -6.747 -6.889 -7.028 -6.668 -6.769 -6.892 -7.034 -7.174 -7.323 -6.764 -6.937 -7.109 -7.229 -7.34 -7.001 -7.143 -7.263 -7.362 -7.53 -7.552 -7.721 -7.912
0.0161 -6.52 -6.47 -6.545 -6.738 -6.881 -7.02 -6.659 -6.761 -6.883 -7.025 -7.165 -7.314 -6.756 -6.928 -7.1 -7.221 -7.331 -6.992 -7.134 -7.254 -7.353 -7.522 -7.543 -7.713 -7.903
0.0165 -6.508 -6.458 -6.533 -6.726 -6.869 -7.008 -6.647 -6.749 -6.871 -7.013 -7.153 -7.302 -6.743 -6.916 -7.088 -7.209 -7.319 -6.98 -7.122 -7.242 -7.341 -7.51 -7.531 -7.701 -7.891
0.0169 -6.496 -6.446 -6.521 -6.714 -6.856 -6.996 -6.635 -6.736 -6.859 -7.001 -7.141 -7.29 -6.731 -6.904 -7.076 -7.197 -7.307 -6.968 -7.11 -7.23 -7.329 -7.497 -7.519 -7.688 -7.879
0.0173 -6.484 -6.434 -6.509 -6.702 -6.844 -6.984 -6.623 -6.724 -6.847 -6.989 -7.129 -7.278 -6.719 -6.892 -7.064 -7.184 -7.295 -6.956 -7.098 -7.218 -7.317 -7.485 -7.507 -7.676 -7.867
0.0177 -6.472 -6.422 -6.497 -6.69 -6.832 -6.971 -6.611 -6.712 -6.835 -6.977 -7.117 -7.266 -6.707 -6.88 -7.052 -7.172 -7.283 -6.944 -7.086 -7.206 -7.305 -7.473 -7.495 -7.664 -7.855
0.0181 -6.459 -6.41 -6.485 -6.678 -6.82 -6.959 -6.599 -6.7 -6.823 -6.965 -7.105 -7.254 -6.695 -6.868 -7.04 -7.16 -7.271 -6.932 -7.074 -7.194 -7.293 -7.461 -7.483 -7.652 -7.843
0.0186 -6.447 -6.398 -6.473 -6.666 -6.808 -6.947 -6.586 -6.688 -6.811 -6.952 -7.093 -7.242 -6.683 -6.856 -7.028 -7.148 -7.259 -6.919 -7.062 -7.182 -7.281 -7.449 -7.471 -7.64 -7.831
0.019 -6.435 -6.386 -6.461 -6.654 -6.796 -6.935 -6.574 -6.676 -6.799 -6.94 -7.081 -7.229 -6.671 -6.844 -7.015 -7.136 -7.247 -6.907 -7.05 -7.17 -7.269 -7.437 -7.459 -7.628 -7.818
0.0195 -6.423 -6.374 -6.449 -6.642 -6.784 -6.923 -6.562 -6.664 -6.786 -6.928 -7.069 -7.217 -6.659 -6.832 -7.003 -7.124 -7.235 -6.895 -7.038 -7.158 -7.257 -7.425 -7.447 -7.616 -7.806
0.02 -6.411 -6.362 -6.437 -6.63 -6.772 -6.911 -6.55 -6.652 -6.774 -6.916 -7.057 -7.205 -6.647 -6.819 -6.991 -7.112 -7.223 -6.883 -7.026 -7.146 -7.245 -7.413 -7.435 -7.604 -7.794
0.0204 -6.403 -6.354 -6.429 -6.621 -6.764 -6.903 -6.542 -6.644 -6.766 -6.908 -7.049 -7.197 -6.639 -6.811 -6.983 -7.104 -7.215 -6.875 -7.018 -7.138 -7.237 -7.405 -7.427 -7.596 -7.786
0.0209 -6.401 -6.351 -6.426 -6.619 -6.762 -6.901 -6.54 -6.642 -6.764 -6.906 -7.046 -7.195 -6.637 -6.809 -6.981 -7.102 -7.212 -6.873 -7.016 -7.135 -7.234 -7.403 -7.424 -7.594 -7.784
0.0214 -6.399 -6.349 -6.424 -6.617 -6.76 -6.899 -6.538 -6.639 -6.762 -6.904 -7.044 -7.193 -6.634 -6.807 -6.979 -7.1 -7.21 -6.871 -7.013 -7.133 -7.232 -7.4 -7.422 -7.592 -7.782
0.022 -6.397 -6.347 -6.422 -6.615 -6.757 -6.896 -6.536 -6.637 -6.76 -6.902 -7.042 -7.191 -6.632 -6.805 -6.977 -7.097 -7.208 -6.869 -7.011 -7.131 -7.23 -7.398 -7.42 -7.589 -7.78
0.0225 -6.394 -6.345 -6.42 -6.613 -6.755 -6.894 -6.533 -6.635 -6.758 -6.899 -7.04 -7.188 -6.63 -6.803 -6.974 -7.095 -7.206 -6.866 -7.009 -7.129 -7.228 -7.396 -7.418 -7.587 -7.777
0.023 -6.392 -6.343 -6.418 -6.611 -6.753 -6.892 -6.531 -6.633 -6.755 -6.897 -7.038 -7.186 -6.628 -6.8 -6.972 -7.093 -7.204 -6.864 -7.007 -7.127 -7.226 -7.394 -7.416 -7.585 -7.775
0.0236 -6.39 -6.341 -6.415 -6.608 -6.751 -6.89 -6.529 -6.631 -6.753 -6.895 -7.035 -7.184 -6.626 -6.798 -6.97 -7.091 -7.201 -6.862 -7.005 -7.124 -7.223 -7.392 -7.413 -7.583 -7.773
0.0242 -6.388 -6.338 -6.413 -6.606 -6.749 -6.888 -6.527 -6.629 -6.751 -6.893 -7.033 -7.182 -6.623 -6.796 -6.968 -7.089 -7.199 -6.86 -7.002 -7.122 -7.221 -7.39 -7.411 -7.581 -7.771
0.0247 -6.386 -6.336 -6.411 -6.604 -6.746 -6.885 -6.525 -6.626 -6.749 -6.891 -7.031 -7.18 -6.621 -6.794 -6.966 -7.086 -7.197 -6.858 -7.0 -7.12 -7.219 -7.387 -7.409 -7.578 -7.769
0.0253 -6.383 -6.334 -6.409 -6.602 -6.744 -6.883 -6.522 -6.624 -6.747 -6.888 -7.029 -7.177 -6.619 -6.792 -6.964 -7.084 -7.195 -6.855 -6.998 -7.118 -7.217 -7.385 -7.407 -7.576 -7.767
0.0259 -6.392 -6.342 -6.417 -6.61 -6.752 -6.892 -6.531 -6.632 -6.755 -6.897 -7.037 -7.186 -6.627 -6.8 -6.972 -7.092 -7.203 -6.864 -7.006 -7.126 -7.225 -7.393 -7.415 -7.584 -7.775
0.0266 -6.408 -6.359 -6.434 -6.627 -6.769 -6.908 -6.548 -6.649 -6.772 -6.913 -7.054 -7.203 -6.644 -6.817 -6.989 -7.109 -7.22 -6.88 -7.023 -7.143 -7.242 -7.41 -7.432 -7.601 -7.792
0.0272 -6.425 -6.376 -6.451 -6.644 -6.786 -6.925 -6.564 -6.666 -6.788 -6.93 -7.071 -7.219 -6.661 -6.834 -7.005 -7.126 -7.237 -6.897 -7.04 -7.16 -7.259 -7.427 -7.449 -7.618 -7.808
0.0279 -6.442 -6.393 -6.467 -6.66 -6.803 -6.942 -6.581 -6.683 -6.805 -6.947 -7.088 -7.236 -6.678 -6.85 -7.022 -7.143 -7.254 -6.914 -7.057 -7.176 -7.276 -7.444 -7.465 -7.635 -7.825
0.0285 -6.459 -6.409 -6.484 -6.677 -6.82 -6.959 -6.598 -6.7 -6.822 -6.964 -7.104 -7.253 -6.695 -6.867 -7.039 -7.16 -7.27 -6.931 -7.073 -7.193 -7.292 -7.461 -7.482 -7.652 -7.842
0.0292 -6.476 -6.426 -6.501 -6.694 -6.836 -6.976 -6.615 -6.716 -6.839 -6.981 -7.121 -7.27 -6.711 -6.884 -7.056 -7.176 -7.287 -6.948 -7.09 -7.21 -7.309 -7.477 -7.499 -7.668 -7.859
0.0299 -6.492 -6.443 -6.518 -6.711 -6.853 -6.992 -6.632 -6.733 -6.856 -6.998 -7.138 -7.287 -6.728 -6.901 -7.073 -7.193 -7.304 -6.965 -7.107 -7.227 -7.326 -7.494 -7.516 -7.685 -7.876
0.0307 -6.509 -6.46 -6.535 -6.728 -6.87 -7.009 -6.648 -6.75 -6.872 -7.014 -7.155 -7.303 -6.745 -6.918 -7.089 -7.21 -7.321 -6.981 -7.124 -7.244 -7.343 -7.511 -7.533 -7.702 -7.892
0.0314 -6.526 -6.477 -6.551 -6.744 -6.887 -7.026 -6.665 -6.767 -6.889 -7.031 -7.172 -7.32 -6.762 -6.934 -7.106 -7.227 -7.338 -6.998 -7.141 -7.261 -7.36 -7.528 -7.55 -7.719 -7.909
0.0322 -6.543 -6.493 -6.568 -6.761 -6.904 -7.043 -6.682 -6.784 -6.906 -7.048 -7.188 -7.337 -6.779 -6.951 -7.123 -7.244 -7.354 -7.015 -7.157 -7.277 -7.376 -7.545 -7.566 -7.736 -7.926
0.0329 -6.562 -6.513 -6.588 -6.781 -6.923 -7.062 -6.702 -6.803 -6.926 -7.068 -7.208 -7.357 -6.798 -6.971 -7.143 -7.263 -7.374 -7.035 -7.177 -7.297 -7.396 -7.564 -7.586 -7.755 -7.946
0.0337 -6.583 -6.534 -6.609 -6.802 -6.944 -7.083 -6.722 -6.824 -6.946 -7.088 -7.229 -7.377 -6.819 -6.992 -7.163 -7.284 -7.395 -7.055 -7.198 -7.318 -7.417 -7.585 -7.607 -7.776 -7.966
0.0345 -6.604 -6.555 -6.63 -6.822 -6.965 -7.104 -6.743 -6.845 -6.967 -7.109 -7.25 -7.398 -6.84 -7.012 -7.184 -7.305 -7.416 -7.076 -7.219 -7.339 -7.438 -7.606 -7.628 -7.797 -7.987
0.0354 -6.625 -6.575 -6.65 -6.843 -6.986 -7.125 -6.764 -6.866 -6.988 -7.13 -7.27 -7.419 -6.861 -7.033 -7.205 -7.326 -7.436 -7.097 -7.24 -7.359 -7.458 -7.627 -7.648 -7.818 -8.008
0.0362 -6.646 -6.596 -6.671 -6.864 -7.007 -7.146 -6.785 -6.886 -7.009 -7.151 -7.291 -7.44 -6.881 -7.054 -7.226 -7.347 -7.457 -7.118 -7.26 -7.38 -7.479 -7.647 -7.669 -7.839 -8.029
0.0371 -6.667 -6.617 -6.692 -6.885 -7.027 -7.166 -6.806 -6.907 -7.03 -7.172 -7.312 -7.461 -6.902 -7.075 -7.247 -7.367 -7.478 -7.139 -7.281 -7.401 -7.5 -7.668 -7.69 -7.859 -8.05
0.038 -6.687 -6.638 -6.713 -6.906 -7.048 -7.187 -6.826 -6.928 -7.051 -7.192 -7.333 -7.481 -6.923 -7.096 -7.268 -7.388 -7.499 -7.159 -7.302 -7.422 -7.521 -7.689 -7.711 -7.88 -8.071
0.0389 -6.708 -6.659 -6.734 -6.927 -7.069 -7.208 -6.847 -6.949 -7.071 -7.213 -7.354 -7.502 -6.944 -7.117 -7.288 -7.409 -7.52 -7.18 -7.323 -7.443 -7.542 -7.71 -7.732 -7.901 -8.091
0.0398 -6.729 -6.68 -6.754 -6.947 -7.09 -7.229 -6.868 -6.97 -7.092 -7.234 -7.375 -7.523 -6.965 -7.137 -7.309 -7.43 -7.541 -7.201 -7.344 -7.463 -7.563 -7.731 -7.752 -7.922 -8.112
0.0408 -6.75 -6.7 -6.775 -6.968 -7.111 -7.25 -6.889 -6.991 -7.113 -7.255 -7.395 -7.544 -6.986 -7.158 -7.33 -7.451 -7.561 -7.222 -7.364 -7.484 -7.583 -7.752 -7.773 -7.943 -8.133
0.0418 -6.754 -6.704 -6.779 -6.972 -7.115 -7.254 -6.893 -6.995 -7.117 -7.259 -7.399 -7.548 -6.99 -7.162 -7.334 -7.455 -7.565 -7.226 -7.368 -7.488 -7.587 -7.756 -7.777 -7.947 -8.137
0.0428 -6.755 -6.705 -6.78 -6.973 -7.115 -7.254 -6.894 -6.995 -7.118 -7.26 -7.4 -7.549 -6.99 -7.163 -7.335 -7.455 -7.566 -7.227 -7.369 -7.489 -7.588 -7.756 -7.778 -7.947 -8.138
0.0438 -6.755 -6.706 -6.781 -6.974 -7.116 -7.255 -6.894 -6.996 -7.118 -7.26 -7.401 -7.549 -6.991 -7.164 -7.335 -7.456 -7.567 -7.227 -7.37 -7.49 -7.589 -7.757 -7.779 -7.948 -8.138
0.0449 -6.756 -6.707 -6.781 -6.974 -7.117 -7.256 -6.895 -6.997 -7.119 -7.261 -7.401 -7.55 -6.992 -7.164 -7.336 -7.457 -7.567 -7.228 -7.371 -7.49 -7.589 -7.758 -7.779 -7.949 -8.139
0.046 -6.757 -6.707 -6.782 -6.975 -7.117 -7.257 -6.896 -6.997 -7.12 -7.262 -7.402 -7.551 -6.992 -7.165 -7.337 -7.457 -7.568 -7.229 -7.371 -7.491 -7.59 -7.758 -7.78 -7.949 -8.14
0.0471 -6.757 -6.708 -6.783 -6.976 -7.118 -7.257 -6.896 -6.998 -7.121 -7.262 -7.403 -7.551 -6.993 -7.166 -7.337 -7.458 -7.569 -7.229 -7.372 -7.492 -7.591 -7.759 -7.781 -7.95 -8.14
0.0482 -6.758 -6.709 -6.783 -6.976 -7.119 -7.258 -6.897 -6.999 -7.121 -7.263 -7.404 -7.552 -6.994 -7.166 -7.338 -7.459 -7.57 -7.23 -7.373 -7.492 -7.591 -7.76 -7.781 -7.951 -8.141
0.0494 -6.759 -6.709 -6.784 -6.977 -7.119 -7.259 -6.898 -6.999 -7.122 -7.264 -7.404 -7.553 -6.994 -7.167 -7.339 -7.46 -7.57 -7.231 -7.373 -7.493 -7.592 -7.76 -7.782 -7.951 -8.142
0.0506 -6.759 -6.71 -6.785 -6.978 -7.12 -7.259 -6.899 -7.0 -7.123 -7.264 -7.405 -7.554 -6.995 -7.168 -7.34 -7.46 -7.571 -7.231 -7.374 -7.494 -7.593 -7.761 -7.783 -7.952 -8.143
0.0518 -6.76 -6.711 -6.786 -6.978 -7.121 -7.26 -6.899 -7.001 -7.123 -7.265 -7.406 -7.554 -6.996 -7.168 -7.34 -7.461 -7.572 -7.232 -7.375 -7.495 -7.594 -7.762 -7.784 -7.953 -8.143
0.053 -6.758 -6.708 -6.783 -6.976 -7.119 -7.258 -6.897 -6.999 -7.121 -7.263 -7.403 -7.552 -6.994 -7.166 -7.338 -7.459 -7.569 -7.23 -7.373 -7.492 -7.591 -7.76 -7.781 -7.951 -8.141
0.0543 -6.756 -6.706 -6.781 -6.974 -7.116 -7.256 -6.895 -6.996 -7.119 -7.261 -7.401 -7.55 -6.991 -7.164 -7.336 -7.457 -7.567 -7.228 -7.37 -7.49 -7.589 -7.757 -7.779 -7.948 -8.139
0.0556 -6.753 -6.704 -6.779 -6.972 -7.114 -7.253 -6.893 -6.994 -7.117 -7.258 -7.399 -7.548 -6.989 -7.162 -7.334 -7.454 -7.565 -7.225 -7.368 -7.488 -7.587 -7.755 -7.777 -7.946 -8.137
0.057 -6.751 -6.702 -6.777 -6.97 -7.112 -7.251 -6.89 -6.992 -7.114 -7.256 -7.397 -7.545 -6.987 -7.16 -7.331 -7.452 -7.563 -7.223 -7.366 -7.486 -7.585 -7.753 -7.775 -7.944 -8.134
0.0584 -6.749 -6.7 -6.774 -6.967 -7.11 -7.249 -6.888 -6.99 -7.112 -7.254 -7.394 -7.543 -6.985 -7.157 -7.329 -7.45 -7.56 -7.221 -7.364 -7.483 -7.582 -7.751 -7.772 -7.942 -8.132
0.0598 -6.747 -6.697 -6.772 -6.965 -7.107 -7.247 -6.886 -6.987 -7.11 -7.252 -7.392 -7.541 -6.982 -7.155 -7.327 -7.448 -7.558 -7.219 -7.361 -7.481 -7.58 -7.748 -7.77 -7.939 -8.13
0.0612 -6.744 -6.695 -6.77 -6.963 -7.105 -7.244 -6.884 -6.985 -7.108 -7.25 -7.39 -7.539 -6.98 -7.153 -7.325 -7.445 -7.556 -7.217 -7.359 -7.479 -7.578 -7.746 -7.768 -7.937 -8.128
0.0627 -6.742 -6.693 -6.768 -6.961 -7.103 -7.242 -6.881 -6.983 -7.105 -7.247 -7.388 -7.536 -6.978 -7.151 -7.322 -7.443 -7.554 -7.214 -7.357 -7.477 -7.576 -7.744 -7.766 -7.935 -8.125
0.0642 -6.74 -6.691 -6.765 -6.958 -7.101 -7.24 -6.879 -6.981 -7.103 -7.245 -7.386 -7.534 -6.976 -7.148 -7.32 -7.441 -7.551 -7.212 -7.355 -7.474 -7.573 -7.742 -7.763 -7.933 -8.123
0.0657 -6.736 -6.687 -6.762 -6.955 -7.097 -7.236 -6.875 -6.977 -7.099 -7.241 -7.382 -7.53 -6.972 -7.145 -7.316 -7.437 -7.548 -7.208 -7.351 -7.471 -7.57 -7.738 -7.76 -7.929 -8.119
0.0673 -6.722 -6.672 -6.747 -6.94 -7.083 -7.222 -6.861 -6.963 -7.085 -7.227 -7.367 -7.516 -6.958 -7.13 -7.302 -7.423 -7.533 -7.194 -7.337 -7.456 -7.555 -7.724 -7.745 -7.915 -8.105
0.0689 -6.708 -6.658 -6.733 -6.926 -7.068 -7.207 -6.847 -6.948 -7.071 -7.213 -7.353 -7.502 -6.943 -7.116 -7.288 -7.408 -7.519 -7.18 -7.322 -7.442 -7.541 -7.709 -7.731 -7.9 -8.091
0.0706 -6.693 -6.644 -6.719 -6.912 -7.054 -7.193 -6.832 -6.934 -7.056 -7.198 -7.339 -7.487 -6.929 -7.101 -7.273 -7.394 -7.505 -7.165 -7.308 -7.428 -7.527 -7.695 -7.717 -7.886 -8.076
0.0723 -6.679 -6.629 -6.704 -6.897 -7.04 -7.179 -6.818 -6.92 -7.042 -7.184 -7.324 -7.473 -6.915 -7.087 -7.259 -7.38 -7.49 -7.151 -7.293 -7.413 -7.512 -7.681 -7.702 -7.872 -8.062
0.0741 -6.664 -6.615 -6.69 -6.883 -7.025 -7.164 -6.804 -6.905 -7.028 -7.169 -7.31 -7.459 -6.9 -7.073 -7.245 -7.365 -7.476 -7.136 -7.279 -7.399 -7.498 -7.666 -7.688 -7.857 -8.048
0.0758 -6.65 -6.601 -6.675 -6.868 -7.011 -7.15 -6.789 -6.891 -7.013 -7.155 -7.296 -7.444 -6.886 -7.058 -7.23 -7.351 -7.462 -7.122 -7.265 -7.385 -7.484 -7.652 -7.674 -7.843 -8.033
0.0777 -6.636 -6.586 -6.661 -6.854 -6.996 -7.136 -6.775 -6.876 -6.999 -7.141 -7.281 -7.43 -6.871 -7.044 -7.216 -7.337 -7.447 -7.108 -7.25 -7.37 -7.469 -7.637 -7.659 -7.828 -8.019
0.0795 -6.621 -6.572 -6.647 -6.84 -6.982 -7.121 -6.76 -6.862 -6.985 -7.126 -7.267 -7.415 -6.857 -7.03 -7.201 -7.322 -7.433 -7.093 -7.236 -7.356 -7.455 -7.623 -7.645 -7.814 -8.004
0.0815 -6.607 -6.558 -6.632 -6.825 -6.968 -7.107 -6.746 -6.848 -6.97 -7.112 -7.253 -7.401 -6.843 -7.015 -7.187 -7.308 -7.418 -7.079 -7.222 -7.341 -7.44 -7.609 -7.63 -7.8 -7.99
0.0834 -6.596 -6.546 -6.621 -6.814 -6.956 -7.095 -6.735 -6.836 -6.959 -7.101 -7.241 -7.39 -6.831 -7.004 -7.176 -7.296 -7.407 -7.068 -7.21 -7.33 -7.429 -7.597 -7.619 -7.788 -7.979
0.0854 -6.592 -6.543 -6.618 -6.81 -6.953 -7.092 -6.731 -6.833 -6.955 -7.097 -7.238 -7.386 -6.828 -7.0 -7.172 -7.293 -7.404 -7.064 -7.207 -7.327 -7.426 -7.594 -7.616 -7.785 -7.975
0.0875 -6.589 -6.539 -6.614 -6.807 -6.95 -7.089 -6.728 -6.829 -6.952 -7.094 -7.234 -7.383 -6.824 -6.997 -7.169 -7.29 -7.4 -7.061 -7.203 -7.323 -7.422 -7.59 -7.612 -7.782 -7.972
0.0896 -6.585 -6.536 -6.611 -6.804 -6.946 -7.085 -6.724 -6.826 -6.949 -7.09 -7.231 -7.379 -6.821 -6.994 -7.165 -7.286 -7.397 -7.057 -7.2 -7.32 -7.419 -7.587 -7.609 -7.778 -7.968
0.0918 -6.582 -6.533 -6.607 -6.8 -6.943 -7.082 -6.721 -6.823 -6.945 -7.087 -7.227 -7.376 -6.818 -6.99 -7.162 -7.283 -7.393 -7.054 -7.197 -7.316 -7.415 -7.584 -7.605 -7.775 -7.965
0.094 -6.579 -6.529 -6.604 -6.797 -6.939 -7.078 -6.718 -6.819 -6.942 -7.084 -7.224 -7.373 -6.814 -6.987 -7.159 -7.279 -7.39 -7.051 -7.193 -7.313 -7.412 -7.58 -7.602 -7.771 -7.962
0.0963 -6.575 -6.526 -6.601 -6.794 -6.936 -7.075 -6.714 -6.816 -6.938 -7.08 -7.221 -7.369 -6.811 -6.983 -7.155 -7.276 -7.387 -7.047 -7.19 -7.31 -7.409 -7.577 -7.599 -7.768 -7.958
0.0986 -6.572 -6.522 -6.597 -6.79 -6.933 -7.072 -6.711 -6.813 -6.935 -7.077 -7.217 -7.366 -6.807 -6.98 -7.152 -7.273 -7.383 -7.044 -7.186 -7.306 -7.405 -7.574 -7.595 -7.765 -7.955
0.101 -6.568 -6.519 -6.594 -6.787 -6.929 -7.068 -6.707 -6.809 -6.932 -7.073 -7.214 -7.362 -6.804 -6.977 -7.149 -7.269 -7.38 -7.04 -7.183 -7.303 -7.402 -7.57 -7.592 -7.761 -7.951
0.1034 -6.565 -6.516 -6.59 -6.783 -6.926 -7.065 -6.704 -6.806 -6.928 -7.07 -7.211 -7.359 -6.801 -6.973 -7.145 -7.266 -7.376 -7.037 -7.18 -7.299 -7.398 -7.567 -7.588 -7.758 -7.948
0.1059 -6.563 -6.514 -6.588 -6.781 -6.924 -7.063 -6.702 -6.804 -6.926 -7.068 -7.209 -7.357 -6.799 -6.971 -7.143 -7.264 -7.375 -7.035 -7.178 -7.298 -7.397 -7.565 -7.587 -7.756 -7.946
0.1084 -6.563 -6.514 -6.589 -6.782 -6.924 -7.063 -6.702 -6.804 -6.927 -7.068 -7.209 -7.357 -6.799 -6.972 -7.144 -7.264 -7.375 -7.035 -7.178 -7.298 -7.397 -7.565 -7.587 -7.756 -7.946
0.1111 -6.564 -6.514 -6.589 -6.782 -6.924 -7.064 -6.703 -6.804 -6.927 -7.069 -7.209 -7.358 -6.799 -6.972 -7.144 -7.264 -7.375 -7.036 -7.178 -7.298 -7.397 -7.565 -7.587 -7.756 -7.947
0.1137 -6.564 -6.514 -6.589 -6.782 -6.925 -7.064 -6.703 -6.805 -6.927 -7.069 -7.209 -7.358 -6.8 -6.972 -7.144 -7.265 -7.375 -7.036 -7.179 -7.298 -7.397 -7.566 -7.587 -7.757 -7.947
0.1165 -6.564 -6.515 -6.59 -6.783 -6.925 -7.064 -6.703 -6.805 -6.927 -7.069 -7.21 -7.358 -6.8 -6.973 -7.144 -7.265 -7.376 -7.036 -7.179 -7.299 -7.398 -7.566 -7.588 -7.757 -7.947
0.1193 -6.565 -6.515 -6.59 -6.783 -6.925 -7.064 -6.704 -6.805 -6.928 -7.07 -7.21 -7.359 -6.8 -6.973 -7.145 -7.265 -7.376 -7.037 -7.179 -7.299 -7.398 -7.566 -7.588 -7.757 -7.948
0.1222 -6.565 -6.515 -6.59 -6.783 -6.926 -7.065 -6.704 -6.806 -6.928 -7.07 -7.21 -7.359 -6.801 -6.973 -7.145 -7.266 -7.376 -7.037 -7.179 -7.299 -7.398 -7.567 -7.588 -7.758 -7.948
0.1251 -6.565 -6.516 -6.59 -6.783 -6.926 -7.065 -6.704 -6.806 -6.928 -7.07 -7.211 -7.359 -6.801 -6.973 -7.145 -7.266 -7.377 -7.037 -7.18 -7.3 -7.399 -7.567 -7.589 -7.758 -7.948
0.1281 -6.565 -6.516 -6.591 -6.784 -6.926 -7.065 -6.704 -6.806 -6.929 -7.07 -7.211 -7.359 -6.801 -6.974 -7.145 -7.266 -7.377 -7.037 -7.18 -7.3 -7.399 -7.567 -7.589 -7.758 -7.948
0.1312 -6.566 -6.516 -6.591 -6.784 -6.926 -7.066 -6.705 -6.806 -6.929 -7.071 -7.211 -7.36 -6.801 -6.974 -7.146 -7.266 -7.377 -7.038 -7.18 -7.3 -7.399 -7.567 -7.589 -7.758 -7.949
0.1344 -6.559 -6.51 -6.585 -6.777 -6.92 -7.059 -6.698 -6.8 -6.922 -7.064 -7.205 -7.353 -6.795 -6.967 -7.139 -7.26 -7.371 -7.031 -7.174 -7.294 -7.393 -7.561 -7.583 -7.752 -7.942
0.1376 -6.547 -6.498 -6.572 -6.765 -6.908 -7.047 -6.686 -6.788 -6.91 -7.052 -7.193 -7.341 -6.783 -6.955 -7.127 -7.248 -7.359 -7.019 -7.162 -7.281 -7.38 -7.549 -7.57 -7.74 -7.93
0.141 -6.535 -6.486 -6.56 -6.753 -6.896 -7.035 -6.674 -6.776 -6.898 -7.04 -7.18 -7.329 -6.771 -6.943 -7.115 -7.236 -7.346 -7.007 -7.15 -7.269 -7.368 -7.537 -7.558 -7.728 -7.918
0.1444 -6.523 -6.473 -6.548 -6.741 -6.884 -7.023 -6.662 -6.764 -6.886 -7.028 -7.168 -7.317 -6.759 -6.931 -7.103 -7.224 -7.334 -6.995 -7.137 -7.257 -7.356 -7.525 -7.546 -7.716 -7.906
0.1478 -6.511 -6.461 -6.536 -6.729 -6.872 -7.011 -6.65 -6.752 -6.874 -7.016 -7.156 -7.305 -6.746 -6.919 -7.091 -7.212 -7.322 -6.983 -7.125 -7.245 -7.344 -7.513 -7.534 -7.704 -7.894
0.1514 -6.499 -6.449 -6.524 -6.717 -6.859 -6.999 -6.638 -6.739 -6.862 -7.004 -7.144 -7.293 -6.734 -6.907 -7.079 -7.2 -7.31 -6.971 -7.113 -7.233 -7.332 -7.5 -7.522 -7.691 -7.882
0.1551 -6.487 -6.437 -6.512 -6.705 -6.847 -6.987 -6.626 -6.727 -6.85 -6.992 -7.132 -7.281 -6.722 -6.895 -7.067 -7.187 -7.298 -6.959 -7.101 -7.221 -7.32 -7.488 -7.51 -7.679 -7.87
0.1588 -6.475 -6.425 -6.5 -6.693 -6.835 -6.974 -6.614 -6.715 -6.838 -6.98 -7.12 -7.269 -6.71 -6.883 -7.055 -7.175 -7.286 -6.947 -7.089 -7.209 -7.308 -7.476 -7.498 -7.667 -7.858
0.1626 -6.462 -6.413 -6.488 -6.681 -6.823 -6.962 -6.602 -6.703 -6.826 -6.967 -7.108 -7.257 -6.698 -6.871 -7.043 -7.163 -7.274 -6.935 -7.077 -7.197 -7.296 -7.464 -7.486 -7.655 -7.846
0.1666 -6.45 -6.401 -6.476 -6.669 -6.811 -6.95 -6.589 -6.691 -6.814 -6.955 -7.096 -7.244 -6.686 -6.859 -7.031 -7.151 -7.262 -6.922 -7.065 -7.185 -7.284 -7.452 -7.474 -7.643 -7.833
0.1706 -6.434 -6.384 -6.459 -6.652 -6.794 -6.933 -6.573 -6.674 -6.797 -6.939 -7.079 -7.228 -6.669 -6.842 -7.014 -7.134 -7.245 -6.906 -7.048 -7.168 -7.267 -7.435 -7.457 -7.626 -7.817
0.1747 -6.415 -6.365 -6.44 -6.633 -6.775 -6.915 -6.554 -6.655 -6.778 -6.92 -7.06 -7.209 -6.65 -6.823 -6.995 -7.115 -7.226 -6.887 -7.029 -7.149 -7.248 -7.416 -7.438 -7.607 -7.798
0.1789 -6.396 -6.346 -6.421 -6.614 -6.756 -6.896 -6.535 -6.636 -6.759 -6.901 -7.041 -7.19 -6.631 -6.804 -6.976 -7.097 -7.207 -6.868 -7.01 -7.13 -7.229 -7.397 -7.419 -7.588 -7.779
0.1832 -6.377 -6.327 -6.402 -6.595 -6.738 -6.877 -6.516 -6.618 -6.74 -6.882 -7.022 -7.171 -6.612 -6.785 -6.957 -7.078 -7.188 -6.849 -6.991 -7.111 -7.21 -7.379 -7.4 -7.57 -7.76
0.1876 -6.358 -6.308 -6.383 -6.576 -6.719 -6.858 -6.497 -6.599 -6.721 -6.863 -7.003 -7.152 -6.594 -6.766 -6.938 -7.059 -7.169 -6.83 -6.972 -7.092 -7.191 -7.36 -7.381 -7.551 -7.741
0.1922 -6.339 -6.289 -6.364 -6.557 -6.7 -6.839 -6.478 -6.58 -6.702 -6.844 -6.984 -7.133 -6.575 -6.747 -6.919 -7.04 -7.15 -6.811 -6.954 -7.073 -7.172 -7.341 -7.362 -7.532 -7.722
0.1968 -6.32 -6.271 -6.345 -6.538 -6.681 -6.82 -6.459 -6.561 -6.683 -6.825 -6.966 -7.114 -6.556 -6.728 -6.9 -7.021 -7.132 -6.792 -6.935 -7.054 -7.153 -7.322 -7.343 -7.513 -7.703
0.2015 -6.301 -6.252 -6.327 -6.519 -6.662 -6.801 -6.44 -6.542 -6.664 -6.806 -6.947 -7.095 -6.537 -6.709 -6.881 -7.002 -7.113 -6.773 -6.916 -7.036 -7.135 -7.303 -7.325 -7.494 -7.684
0.2064 -6.282 -6.233 -6.308 -6.501 -6.643 -6.782 -6.421 -6.523 -6.645 -6.787 -6.928 -7.076 -6.518 -6.69 -6.862 -6.983 -7.094 -6.754 -6.897 -7.017 -7.116 -7.284 -7.306 -7.475 -7.665
0.2114 -6.263 -6.214 -6.289 -6.482 -6.624 -6.763 -6.402 -6.504 -6.626 -6.768 -6.909 -7.057 -6.499 -6.672 -6.843 -6.964 -7.075 -6.735 -6.878 -6.998 -7.097 -7.265 -7.287 -7.456 -7.646
0.2165 -6.243 -6.193 -6.268 -6.461 -6.603 -6.743 -6.382 -6.483 -6.606 -6.748 -6.888 -7.037 -6.478 -6.651 -6.823 -6.944 -7.054 -6.715 -6.857 -6.977 -7.076 -7.244 -7.266 -7.435 -7.626
0.2217 -6.222 -6.172 -6.247 -6.44 -6.583 -6.722 -6.361 -6.463 -6.585 -6.727 -6.867 -7.016 -6.457 -6.63 -6.802 -6.923 -7.033 -6.694 -6.836 -6.956 -7.055 -7.224 -7.245 -7.415 -7.605
0.2271 -6.201 -6.151 -6.226 -6.419 -6.562 -6.701 -6.34 -6.442 -6.564 -6.706 -6.846 -6.995 -6.437 -6.609 -6.781 -6.902 -7.012 -6.673 -6.815 -6.935 -7.034 -7.203 -7.224 -7.394 -7.584
0.2325 -6.18 -6.131 -6.205 -6.398 -6.541 -6.68 -6.319 -6.421 -6.543 -6.685 -6.825 -6.974 -6.416 -6.588 -6.76 -6.881 -6.991 -6.652 -6.795 -6.914 -7.013 -7.182 -7.203 -7.373 -7.563
0.2381 -6.159 -6.11 -6.184 -6.377 -6.52 -6.659 -6.298 -6.4 -6.522 -6.664 -6.805 -6.953 -6.395 -6.567 -6.739 -6.86 -6.971 -6.631 -6.774 -6.893 -6.993 -7.161 -7.182 -7.352 -7.542
0.2439 -6.138 -6.089 -6.164 -6.357 -6.499 -6.638 -6.277 -6.379 -6.501 -6.643 -6.784 -6.932 -6.374 -6.546 -6.718 -6.839 -6.95 -6.61 -6.753 -6.873 -6.972 -7.14 -7.162 -7.331 -7.521
0.2498 -6.117 -6.068 -6.143 -6.336 -6.478 -6.617 -6.256 -6.358 -6.48 -6.622 -6.763 -6.911 -6.353 -6.526 -6.697 -6.818 -6.929 -6.589 -6.732 -6.852 -6.951 -7.119 -7.141 -7.31 -7.5
0.2558 -6.096 -6.047 -6.122 -6.315 -6.457 -6.596 -6.235 -6.337 -6.46 -6.601 -6.742 -6.89 -6.332 -6.505 -6.676 -6.797 -6.908 -6.568 -6.711 -6.831 -6.93 -7.098 -7.12 -7.289 -7.479
0.262 -6.075 -6.026 -6.101 -6.294 -6.436 -6.575 -6.215 -6.316 -6.439 -6.58 -6.721 -6.87 -6.311 -6.484 -6.656 -6.776 -6.887 -6.547 -6.69 -6.81 -6.909 -7.077 -7.099 -7.268 -7.459
0.2683 -6.055 -6.005 -6.08 -6.273 -6.415 -6.554 -6.194 -6.295 -6.418 -6.56 -6.7 -6.849 -6.29 -6.463 -6.635 -6.755 -6.866 -6.527 -6.669 -6.789 -6.888 -7.056 -7.078 -7.247 -7.438
0.2748 -6.025 -5.975 -6.05 -6.243 -6.385 -6.525 -6.164 -6.265 -6.388 -6.53 -6.67 -6.819 -6.26 -6.433 -6.605 -6.725 -6.836 -6.497 -6.639 -6.759 -6.858 -7.026 -7.048 -7.217 -7.408
0.2814 -5.995 -5.945 -6.02 -6.213 -6.355 -6.494 -6.134 -6.235 -6.358 -6.5 -6.64 -6.789 -6.23 -6.403 -6.575 -6.695 -6.806 -6.467 -6.609 -6.729 -6.828 -6.996 -7.018 -7.187 -7.378
0.2882 -5.964 -5.915 -5.99 -6.183 -6.325 -6.464 -6.104 -6.205 -6.328 -6.47 -6.61 -6.759 -6.2 -6.373 -6.545 -6.665 -6.776 -6.437 -6.579 -6.699 -6.798 -6.966 -6.988 -7.157 -7.348
0.2951 -5.934 -5.885 -5.96 -6.153 -6.295 -6.434 -6.073 -6.175 -6.298 -6.439 -6.58 -6.728 -6.17 -6.343 -6.515 -6.635 -6.746 -6.406 -6.549 -6.669 -6.768 -6.936 -6.958 -7.127 -7.318
0.3022 -5.904 -5.855 -5.93 -6.123 -6.265 -6.404 -6.043 -6.145 -6.267 -6.409 -6.55 -6.698 -6.14 -6.313 -6.484 -6.605 -6.716 -6.376 -6.519 -6.639 -6.738 -6.906 -6.928 -7.097 -7.287
0.3095 -5.874 -5.825 -5.9 -6.093 -6.235 -6.374 -6.013 -6.115 -6.237 -6.379 -6.52 -6.668 -6.11 -6.283 -6.454 -6.575 -6.686 -6.346 -6.489 -6.609 -6.708 -6.876 -6.898 -7.067 -7.257
0.317 -5.844 -5.795 -5.87 -6.063 -6.205 -6.344 -5.983 -6.085 -6.207 -6.349 -6.49 -6.638 -6.08 -6.252 -6.424 -6.545 -6.656 -6.316 -6.459 -6.579 -6.678 -6.846 -6.868 -7.037 -7.227
0.3247 -5.814 -5.765 -5.839 -6.032 -6.175 -6.314 -5.953 -6.055 -6.177 -6.319 -6.46 -6.608 -6.05 -6.222 -6.394 -6.515 -6.626 -6.286 -6.429 -6.549 -6.648 -6.816 -6.838 -7.007 -7.197
0.3325 -5.784 -5.735 -5.809 -6.002 -6.145 -6.284 -5.923 -6.025 -6.147 -6.289 -6.43 -6.578 -6.02 -6.192 -6.364 -6.485 -6.595 -6.256 -6.399 -6.518 -6.617 -6.786 -6.807 -6.977 -7.167
0.3405 -5.753 -5.704 -5.778 -5.971 -6.114 -6.253 -5.892 -5.994 -6.116 -6.258 -6.398 -6.547 -5.989 -6.161 -6.333 -6.454 -6.564 -6.225 -6.368 -6.487 -6.586 -6.755 -6.776 -6.946 -7.136
0.3487 -5.715 -5.665 -5.74 -5.933 -6.076 -6.215 -5.854 -5.956 -6.078 -6.22 -6.36 -6.509 -5.951 -6.123 -6.295 -6.416 -6.526 -6.187 -6.33 -6.449 -6.548 -6.717 -6.738 -6.908 -7.098
0.3571 -5.677 -5.627 -5.702 -5.895 -6.038 -6.177 -5.816 -5.918 -6.04 -6.182 -6.322 -6.471 -5.913 -6.085 -6.257 -6.378 -6.488 -6.149 -6.292 -6.411 -6.51 -6.679 -6.7 -6.87 -7.06
0.3657 -5.639 -5.589 -5.664 -5.857 -6.0 -6.139 -5.778 -5.88 -6.002 -6.144 -6.284 -6.433 -5.875 -6.047 -6.219 -6.34 -6.45 -6.111 -6.254 -6.373 -6.472 -6.641 -6.662 -6.832 -7.022
0.3746 -5.601 -5.551 -5.626 -5.819 -5.962 -6.101 -5.74 -5.842 -5.964 -6.106 -6.246 -6.395 -5.837 -6.009 -6.181 -6.302 -6.412 -6.073 -6.215 -6.335 -6.434 -6.603 -6.624 -6.794 -6.984
0.3836 -5.563 -5.513 -5.588 -5.781 -5.924 -6.063 -5.702 -5.804 -5.926 -6.068 -6.208 -6.357 -5.799 -5.971 -6.143 -6.264 -6.374 -6.035 -6.177 -6.297 -6.396 -6.565 -6.586 -6.756 -6.946
0.3929 -5.525 -5.475 -5.55 -5.743 -5.886 -6.025 -5.664 -5.766 -5.888 -6.03 -6.17 -6.319 -5.761 -5.933 -6.105 -6.226 -6.336 -5.997 -6.139 -6.259 -6.358 -6.527 -6.548 -6.718 -6.908
0.4023 -5.487 -5.437 -5.512 -5.705 -5.848 -5.987 -5.626 -5.728 -5.85 -5.992 -6.132 -6.281 -5.723 -5.895 -6.067 -6.188 -6.298 -5.959 -6.101 -6.221 -6.32 -6.489 -6.51 -6.68 -6.87
0.412 -5.449 -5.399 -5.474 -5.667 -5.81 -5.949 -5.588 -5.69 -5.812 -5.954 -6.094 -6.243 -5.684 -5.857 -6.029 -6.15 -6.26 -5.921 -6.063 -6.183 -6.282 -6.451 -6.472 -6.642 -6.832
0.422 -5.411 -5.361 -5.436 -5.629 -5.772 -5.911 -5.55 -5.652 -5.774 -5.916 -6.056 -6.205 -5.646 -5.819 -5.991 -6.112 -6.222 -5.883 -6.025 -6.145 -6.244 -6.412 -6.434 -6.604 -6.794
0.4322 -5.372 -5.323 -5.398 -5.591 -5.733 -5.872 -5.511 -5.613 -5.735 -5.877 -6.018 -6.166 -5.608 -5.781 -5.952 -6.073 -6.184 -5.844 -5.987 -6.107 -6.206 -6.374 -6.396 -6.565 -6.755
0.4426 -5.332 -5.283 -5.358 -5.551 -5.693 -5.832 -5.472 -5.573 -5.696 -5.837 -5.978 -6.127 -5.568 -5.741 -5.913 -6.033 -6.144 -5.805 -5.947 -6.067 -6.166 -6.334 -6.356 -6.525 -6.716
0.4533 -5.293 -5.243 -5.318 -5.511 -5.653 -5.793 -5.432 -5.533 -5.656 -5.798 -5.938 -6.087 -5.528 -5.701 -5.873 -5.993 -6.104 -5.765 -5.907 -6.027 -6.126 -6.294 -6.316 -6.485 -6.676
0.4642 -5.253 -5.203 -5.278 -5.471 -5.614 -5.753 -5.392 -5.494 -5.616 -5.758 -5.898 -6.047 -5.489 -5.661 -5.833 -5.954 -6.064 -5.725 -5.867 -5.987 -6.086 -6.255 -6.276 -6.446 -6.636
0.4754 -5.213 -5.164 -5.238 -5.431 -5.574 -5.713 -5.352 -5.454 -5.576 -5.718 -5.859 -6.007 -5.449 -5.621 -5.793 -5.914 -6.024 -5.685 -5.828 -5.947 -6.046 -6.215 -6.236 -6.406 -6.596
0.4869 -5.173 -5.124 -5.199 -5.392 -5.534 -5.673 -5.312 -5.414 -5.536 -5.678 -5.819 -5.967 -5.409 -5.581 -5.753 -5.874 -5.985 -5.645 -5.788 -5.908 -6.007 -6.175 -6.197 -6.366 -6.556
0.4986 -5.133 -5.084 -5.159 -5.352 -5.494 -5.633 -5.272 -5.374 -5.497 -5.638 -5.779 -5.927 -5.369 -5.542 -5.714 -5.834 -5.945 -5.605 -5.748 -5.868 -5.967 -6.135 -6.157 -6.326 -6.516
0.5106 -5.094 -5.044 -5.119 -5.312 -5.454 -5.593 -5.233 -5.334 -5.457 -5.599 -5.739 -5.888 -5.329 -5.502 -5.674 -5.794 -5.905 -5.566 -5.708 -5.828 -5.927 -6.095 -6.117 -6.286 -6.477
0.523 -5.054 -5.004 -5.079 -5.272 -5.415 -5.554 -5.193 -5.294 -5.417 -5.559 -5.699 -5.848 -5.289 -5.462 -5.634 -5.755 -5.865 -5.526 -5.668 -5.788 -5.887 -6.055 -6.077 -6.247 -6.437
0.5356 -5.014 -4.964 -5.039 -5.232 -5.375 -5.514 -5.153 -5.255 -5.377 -5.519 -5.659 -5.808 -5.25 -5.422 -5.594 -5.715 -5.825 -5.486 -5.629 -5.748 -5.847 -6.016 -6.037 -6.207 -6.397
0.5485 -4.97 -4.921 -4.996 -5.189 -5.331 -5.47 -5.109 -5.211 -5.333 -5.475 -5.616 -5.764 -5.206 -5.378 -5.55 -5.671 -5.782 -5.442 -5.585 -5.705 -5.804 -5.972 -5.994 -6.163 -6.353
0.5617 -4.921 -4.871 -4.946 -5.139 -5.282 -5.421 -5.06 -5.162 -5.284 -5.426 -5.566 -5.715 -5.156 -5.329 -5.501 -5.622 -5.732 -5.393 -5.535 -5.655 -5.754 -5.922 -5.944 -6.114 -6.304
0.5753 -4.871 -4.822 -4.897 -5.09 -5.232 -5.371 -5.01 -5.112 -5.234 -5.376 -5.517 -5.665 -5.107 -5.28 -5.451 -5.572 -5.683 -5.343 -5.486 -5.606 -5.705 -5.873 -5.895 -6.064 -6.254
0.5891 -4.822 -4.772 -4.847 -5.04 -5.183 -5.322 -4.961 -5.063 -5.185 -5.327 -5.467 -5.616 -5.058 -5.23 -5.402 -5.523 -5.633 -5.294 -5.437 -5.556 -5.655 -5.824 -5.845 -6.015 -6.205
0.6034 -4.772 -4.723 -4.798 -4.991 -5.133 -5.272 -4.912 -5.013 -5.136 -5.278 -5.418 -5.567 -5.008 -5.181 -5.353 -5.473 -5.584 -5.245 -5.387 -5.507 -5.606 -5.774 -5.796 -5.965 -6.156
0.6179 -4.723 -4.674 -4.748 -4.941 -5.084 -5.223 -4.862 -4.964 -5.086 -5.228 -5.369 -5.517 -4.959 -5.131 -5.303 -5.424 -5.535 -5.195 -5.338 -5.457 -5.556 -5.725 -5.746 -5.916 -6.106
0.6328 -4.674 -4.624 -4.699 -4.892 -5.034 -5.173 -4.813 -4.914 -5.037 -5.179 -5.319 -5.468 -4.909 -5.082 -5.254 -5.374 -5.485 -5.146 -5.288 -5.408 -5.507 -5.675 -5.697 -5.866 -6.057
0.6481 -4.624 -4.575 -4.65 -4.843 -4.985 -5.124 -4.763 -4.865 -4.987 -5.129 -5.27 -5.418 -4.86 -5.032 -5.204 -5.325 -5.436 -5.096 -5.239 -5.359 -5.458 -5.626 -5.648 -5.817 -6.007
0.6637 -4.575 -4.525 -4.6 -4.793 -4.935 -5.075 -4.714 -4.815 -4.938 -5.08 -5.22 -5.369 -4.81 -4.983 -5.155 -5.276 -5.386 -5.047 -5.189 -5.309 -5.408 -5.576 -5.598 -5.767 -5.958
0.6797 -4.525 -4.476 -4.551 -4.744 -4.886 -5.025 -4.664 -4.766 -4.888 -5.03 -5.171 -5.319 -4.761 -4.934 -5.105 -5.226 -5.337 -4.997 -5.14 -5.26 -5.359 -5.527 -5.549 -5.718 -5.908
0.6961 -4.472 -4.422 -4.497 -4.69 -4.833 -4.972 -4.611 -4.713 -4.835 -4.977 -5.117 -5.266 -4.708 -4.88 -5.052 -5.173 -5.283 -4.944 -5.086 -5.206 -5.305 -5.474 -5.495 -5.665 -5.855
0.7129 -4.415 -4.366 -4.44 -4.633 -4.776 -4.915 -4.554 -4.656 -4.778 -4.92 -5.061 -5.209 -4.651 -4.823 -4.995 -5.116 -5.227 -4.887 -5.03 -5.15 -5.249 -5.417 -5.439 -5.608 -5.798
0.7301 -4.358 -4.309 -4.384 -4.577 -4.719 -4.858 -4.497 -4.599 -4.721 -4.863 -5.004 -5.152 -4.594 -4.767 -4.938 -5.059 -5.17 -4.83 -4.973 -5.093 -5.192 -5.36 -5.382 -5.551 -5.741
0.7477 -4.302 -4.252 -4.327 -4.52 -4.662 -4.801 -4.441 -4.542 -4.665 -4.807 -4.947 -5.096 -4.537 -4.71 -4.882 -5.002 -5.113 -4.774 -4.916 -5.036 -5.135 -5.303 -5.325 -5.494 -5.685
0.7658 -4.245 -4.195 -4.27 -4.463 -4.606 -4.745 -4.384 -4.486 -4.608 -4.75 -4.89 -5.039 -4.481 -4.653 -4.825 -4.946 -5.056 -4.717 -4.859 -4.979 -5.078 -5.247 -5.268 -5.438 -5.628
0.7842 -4.188 -4.139 -4.213 -4.406 -4.549 -4.688 -4.327 -4.429 -4.551 -4.693 -4.834 -4.982 -4.424 -4.596 -4.768 -4.889 -5.0 -4.66 -4.803 -4.923 -5.022 -5.19 -5.212 -5.381 -5.571
0.8032 -4.131 -4.082 -4.157 -4.35 -4.492 -4.631 -4.27 -4.372 -4.495 -4.636 -4.777 -4.925 -4.367 -4.54 -4.711 -4.832 -4.943 -4.603 -4.746 -4.866 -4.965 -5.133 -5.155 -5.324 -5.514
0.8225 -4.075 -4.025 -4.1 -4.293 -4.435 -4.574 -4.214 -4.315 -4.438 -4.58 -4.72 -4.869 -4.31 -4.483 -4.655 -4.775 -4.886 -4.547 -4.689 -4.809 -4.908 -5.076 -5.098 -5.267 -5.458
0.8424 -4.018 -3.968 -4.043 -4.236 -4.379 -4.518 -4.157 -4.259 -4.381 -4.523 -4.663 -4.812 -4.254 -4.426 -4.598 -4.719 -4.829 -4.49 -4.632 -4.752 -4.851 -5.02 -5.041 -5.211 -5.401
0.8627 -3.961 -3.912 -3.987 -4.179 -4.322 -4.461 -4.1 -4.202 -4.324 -4.466 -4.607 -4.755 -4.197 -4.369 -4.541 -4.662 -4.773 -4.433 -4.576 -4.696 -4.795 -4.963 -4.985 -5.154 -5.344
0.8835 -3.906 -3.857 -3.932 -4.125 -4.267 -4.406 -4.045 -4.147 -4.269 -4.411 -4.552 -4.7 -4.142 -4.315 -4.486 -4.607 -4.718 -4.378 -4.521 -4.641 -4.74 -4.908 -4.93 -5.099 -5.289
0.9048 -3.852 -3.803 -3.878 -4.071 -4.213 -4.352 -3.991 -4.093 -4.215 -4.357 -4.498 -4.646 -4.088 -4.26 -4.432 -4.553 -4.664 -4.324 -4.467 -4.587 -4.686 -4.854 -4.876 -5.045 -5.235
0.9266 -3.798 -3.749 -3.824 -4.017 -4.159 -4.298 -3.937 -4.039 -4.161 -4.303 -4.444 -4.592 -4.034 -4.206 -4.378 -4.499 -4.61 -4.27 -4.413 -4.533 -4.632 -4.8 -4.822 -4.991 -5.181
0.949 -3.744 -3.695 -3.77 -3.962 -4.105 -4.244 -3.883 -3.985 -4.107 -4.249 -4.39 -4.538 -3.98 -4.152 -4.324 -4.445 -4.556 -4.216 -4.359 -4.479 -4.578 -4.746 -4.768 -4.937 -5.127
0.9719 -3.69 -3.641 -3.715 -3.908 -4.051 -4.19 -3.829 -3.931 -4.053 -4.195 -4.336 -4.484 -3.926 -4.098 -4.27 -4.391 -4.502 -4.162 -4.305 -4.424 -4.524 -4.692 -4.713 -4.883 -5.073
0.9953 -3.636 -3.587 -3.661 -3.854 -3.997 -4.136 -3.775 -3.877 -3.999 -4.141 -4.282 -4.43 -3.872 -4.044 -4.216 -4.337 -4.447 -4.108 -4.251 -4.37 -4.469 -4.638 -4.659 -4.829 -5.019
1.0194 -3.582 -3.533 -3.607 -3.8 -3.943 -4.082 -3.721 -3.823 -3.945 -4.087 -4.227 -4.376 -3.818 -3.99 -4.162 -4.283 -4.393 -4.054 -4.197 -4.316 -4.415 -4.584 -4.605 -4.775 -4.965
1.0439 -3.528 -3.478 -3.553 -3.746 -3.889 -4.028 -3.667 -3.769 -3.891 -4.033 -4.173 -4.322 -3.764 -3.936 -4.108 -4.229 -4.339 -4.0 -4.143 -4.262 -4.361 -4.53 -4.551 -4.721 -4.911
1.0691 -3.474 -3.424 -3.499 -3.692 -3.835 -3.974 -3.613 -3.715 -3.837 -3.979 -4.119 -4.268 -3.71 -3.882 -4.054 -4.175 -4.285 -3.946 -4.088 -4.208 -4.307 -4.476 -4.497 -4.667 -4.857
1.0949 -3.42 -3.37 -3.445 -3.638 -3.781 -3.92 -3.559 -3.661 -3.783 -3.925 -4.065 -4.214 -3.656 -3.828 -4.0 -4.121 -4.231 -3.892 -4.034 -4.154 -4.253 -4.422 -4.443 -4.613 -4.803
1.1213 -3.369 -3.319 -3.394 -3.587 -3.729 -3.868 -3.508 -3.609 -3.732 -3.874 -4.014 -4.163 -3.604 -3.777 -3.949 -4.069 -4.18 -3.841 -3.983 -4.103 -4.202 -4.37 -4.392 -4.561 -4.752
1.1484 -3.318 -3.268 -3.343 -3.536 -3.678 -3.818 -3.457 -3.558 -3.681 -3.823 -3.963 -4.112 -3.553 -3.726 -3.898 -4.019 -4.129 -3.79 -3.932 -4.052 -4.151 -4.319 -4.341 -4.51 -4.701
1.1761 -3.267 -3.217 -3.292 -3.485 -3.628 -3.767 -3.406 -3.508 -3.63 -3.772 -3.912 -4.061 -3.503 -3.675 -3.847 -3.968 -4.078 -3.739 -3.882 -4.001 -4.1 -4.269 -4.29 -4.46 -4.65
1.2044 -3.216 -3.167 -3.242 -3.434 -3.577 -3.716 -3.355 -3.457 -3.579 -3.721 -3.862 -4.01 -3.452 -3.624 -3.796 -3.917 -4.028 -3.688 -3.831 -3.951 -4.05 -4.218 -4.24 -4.409 -4.599
1.2335 -3.165 -3.116 -3.191 -3.384 -3.526 -3.665 -3.304 -3.406 -3.528 -3.67 -3.811 -3.959 -3.401 -3.574 -3.745 -3.866 -3.977 -3.637 -3.78 -3.9 -3.999 -4.167 -4.189 -4.358 -4.548
1.2633 -3.115 -3.065 -3.14 -3.333 -3.475 -3.614 -3.254 -3.355 -3.478 -3.62 -3.76 -3.909 -3.35 -3.523 -3.695 -3.815 -3.926 -3.587 -3.729 -3.849 -3.948 -4.116 -4.138 -4.307 -4.498
1.2937 -3.064 -3.014 -3.089 -3.282 -3.425 -3.564 -3.203 -3.304 -3.427 -3.569 -3.709 -3.858 -3.299 -3.472 -3.644 -3.765 -3.875 -3.536 -3.678 -3.798 -3.897 -4.065 -4.087 -4.257 -4.447
1.3249 -3.013 -2.963 -3.038 -3.231 -3.374 -3.513 -3.152 -3.254 -3.376 -3.518 -3.658 -3.807 -3.249 -3.421 -3.593 -3.714 -3.824 -3.485 -3.628 -3.747 -3.846 -4.015 -4.036 -4.206 -4.396
1.3569 -2.962 -2.913 -2.988 -3.181 -3.323 -3.462 -3.101 -3.203 -3.325 -3.467 -3.608 -3.756 -3.198 -3.37 -3.542 -3.663 -3.774 -3.434 -3.577 -3.697 -3.796 -3.964 -3.986 -4.155 -4.345
1.3896 -2.911 -2.862 -2.937 -3.13 -3.272 -3.411 -3.05 -3.152 -3.275 -3.416 -3.557 -3.705 -3.147 -3.32 -3.491 -3.612 -3.723 -3.383 -3.526 -3.646 -3.745 -3.913 -3.935 -4.104 -4.294
1.4232 -2.855 -2.805 -2.88 -3.073 -3.216 -3.355 -2.994 -3.095 -3.218 -3.36 -3.5 -3.649 -3.09 -3.263 -3.435 -3.556 -3.666 -3.327 -3.469 -3.589 -3.688 -3.856 -3.878 -4.048 -4.238
1.4575 -2.798 -2.749 -2.823 -3.016 -3.159 -3.298 -2.937 -3.039 -3.161 -3.303 -3.444 -3.592 -3.034 -3.206 -3.378 -3.499 -3.61 -3.27 -3.413 -3.532 -3.631 -3.8 -3.821 -3.991 -4.181
1.4927 -2.741 -2.692 -2.767 -2.96 -3.102 -3.241 -2.88 -2.982 -3.104 -3.246 -3.387 -3.535 -2.977 -3.15 -3.321 -3.442 -3.553 -3.213 -3.356 -3.476 -3.575 -3.743 -3.765 -3.934 -4.124
1.5287 -2.685 -2.635 -2.71 -2.903 -3.045 -3.184 -2.824 -2.925 -3.048 -3.19 -3.33 -3.479 -2.92 -3.093 -3.265 -3.385 -3.496 -3.157 -3.299 -3.419 -3.518 -3.686 -3.708 -3.877 -4.068
1.5655 -2.628 -2.578 -2.653 -2.846 -2.989 -3.128 -2.767 -2.869 -2.991 -3.133 -3.273 -3.422 -2.864 -3.036 -3.208 -3.329 -3.439 -3.1 -3.242 -3.362 -3.461 -3.63 -3.651 -3.821 -4.011
1.6033 -2.571 -2.522 -2.597 -2.79 -2.932 -3.071 -2.71 -2.812 -2.934 -3.076 -3.217 -3.365 -2.807 -2.979 -3.151 -3.272 -3.383 -3.043 -3.186 -3.306 -3.405 -3.573 -3.595 -3.764 -3.954
1.642 -2.514 -2.465 -2.54 -2.733 -2.875 -3.014 -2.654 -2.755 -2.878 -3.019 -3.16 -3.309 -2.75 -2.923 -3.095 -3.215 -3.326 -2.986 -3.129 -3.249 -3.348 -3.516 -3.538 -3.707 -3.898
1.6816 -2.458 -2.408 -2.483 -2.676 -2.818 -2.958 -2.597 -2.698 -2.821 -2.963 -3.103 -3.252 -2.693 -2.866 -3.038 -3.159 -3.269 -2.93 -3.072 -3.192 -3.291 -3.459 -3.481 -3.65 -3.841
1.7222 -2.401 -2.352 -2.426 -2.619 -2.762 -2.901 -2.54 -2.642 -2.764 -2.906 -3.047 -3.195 -2.637 -2.809 -2.981 -3.102 -3.212 -2.873 -3.016 -3.135 -3.234 -3.403 -3.424 -3.594 -3.784
1.7637 -2.344 -2.295 -2.37 -2.562 -2.705 -2.844 -2.483 -2.585 -2.707 -2.849 -2.99 -3.138 -2.58 -2.752 -2.924 -3.045 -3.156 -2.816 -2.959 -3.079 -3.178 -3.346 -3.368 -3.537 -3.727
1.8062 -2.286 -2.237 -2.311 -2.504 -2.647 -2.786 -2.425 -2.527 -2.649 -2.791 -2.932 -3.08 -2.522 -2.694 -2.866 -2.987 -3.097 -2.758 -2.901 -3.02 -3.119 -3.288 -3.309 -3.479 -3.669
1.8498 -2.228 -2.178 -2.253 -2.446 -2.589 -2.728 -2.367 -2.469 -2.591 -2.733 -2.873 -3.022 -2.464 -2.636 -2.808 -2.929 -3.039 -2.7 -2.843 -2.962 -3.061 -3.23 -3.251 -3.421 -3.611
1.8944 -2.17 -2.12 -2.195 -2.388 -2.531 -2.67 -2.309 -2.411 -2.533 -2.675 -2.815 -2.964 -2.406 -2.578 -2.75 -2.871 -2.981 -2.642 -2.784 -2.904 -3.003 -3.172 -3.193 -3.363 -3.553
1.9401 -2.112 -2.062 -2.137 -2.33 -2.472 -2.612 -2.251 -2.352 -2.475 -2.617 -2.757 -2.906 -2.347 -2.52 -2.692 -2.813 -2.923 -2.584 -2.726 -2.846 -2.945 -3.113 -3.135 -3.304 -3.495
1.9869 -2.054 -2.004 -2.079 -2.272 -2.414 -2.553 -2.193 -2.294 -2.417 -2.559 -2.699 -2.848 -2.289 -2.462 -2.634 -2.754 -2.865 -2.526 -2.668 -2.788 -2.887 -3.055 -3.077 -3.246 -3.437
2.0349 -1.995 -1.946 -2.021 -2.214 -2.356 -2.495 -2.135 -2.236 -2.359 -2.501 -2.641 -2.79 -2.231 -2.404 -2.576 -2.696 -2.807 -2.468 -2.61 -2.73 -2.829 -2.997 -3.019 -3.188 -3.379
2.084 -1.937 -1.888 -1.963 -2.156 -2.298 -2.437 -2.076 -2.178 -2.301 -2.442 -2.583 -2.731 -2.173 -2.346 -2.518 -2.638 -2.749 -2.409 -2.552 -2.672 -2.771 -2.939 -2.961 -3.13 -3.32
2.1342 -1.879 -1.83 -1.905 -2.098 -2.24 -2.379 -2.018 -2.12 -2.242 -2.384 -2.525 -2.673 -2.115 -2.288 -2.459 -2.58 -2.691 -2.351 -2.494 -2.614 -2.713 -2.881 -2.903 -3.072 -3.262
2.1857 -1.821 -1.772 -1.847 -2.04 -2.182 -2.321 -1.96 -2.062 -2.184 -2.326 -2.467 -2.615 -2.057 -2.229 -2.401 -2.522 -2.633 -2.293 -2.436 -2.556 -2.655 -2.823 -2.845 -3.014 -3.204
2.2384 -1.762 -1.713 -1.788 -1.981 -2.123 -2.262 -1.901 -2.003 -2.126 -2.267 -2.408 -2.556 -1.998 -2.171 -2.343 -2.463 -2.574 -2.234 -2.377 -2.497 -2.596 -2.764 -2.786 -2.955 -3.146
2.2924 -1.702 -1.652 -1.727 -1.92 -2.063 -2.202 -1.841 -1.943 -2.065 -2.207 -2.347 -2.496 -1.938 -2.11 -2.282 -2.403 -2.513 -2.174 -2.316 -2.436 -2.535 -2.704 -2.725 -2.895 -3.085
2.3477 -1.641 -1.592 -1.667 -1.86 -2.002 -2.141 -1.78 -1.882 -2.005 -2.146 -2.287 -2.435 -1.877 -2.05 -2.222 -2.342 -2.453 -2.113 -2.256 -2.376 -2.475 -2.643 -2.665 -2.834 -3.024
2.4044 -1.581 -1.531 -1.606 -1.799 -1.942 -2.081 -1.72 -1.822 -1.944 -2.086 -2.226 -2.375 -1.817 -1.989 -2.161 -2.282 -2.392 -2.053 -2.195 -2.315 -2.414 -2.583 -2.604 -2.774 -2.964
2.4624 -1.52 -1.471 -1.546 -1.739 -1.881 -2.02 -1.659 -1.761 -1.883 -2.025 -2.166 -2.314 -1.756 -1.929 -2.1 -2.221 -2.332 -1.992 -2.135 -2.255 -2.354 -2.522 -2.544 -2.713 -2.903
2.5218 -1.46 -1.41 -1.485 -1.678 -1.821 -1.96 -1.599 -1.701 -1.823 -1.965 -2.105 -2.254 -1.696 -1.868 -2.04 -2.161 -2.271 -1.932 -2.074 -2.194 -2.293 -2.462 -2.483 -2.653 -2.843
2.5826 -1.399 -1.35 -1.425 -1.618 -1.76 -1.899 -1.538 -1.64 -1.762 -1.904 -2.045 -2.193 -1.635 -1.808 -1.979 -2.1 -2.211 -1.871 -2.014 -2.134 -2.233 -2.401 -2.423 -2.592 -2.782
2.6449 -1.339 -1.289 -1.364 -1.557 -1.7 -1.839 -1.478 -1.58 -1.702 -1.844 -1.984 -2.133 -1.574 -1.747 -1.919 -2.04 -2.15 -1.811 -1.953 -2.073 -2.172 -2.341 -2.362 -2.532 -2.722
2.7087 -1.278 -1.229 -1.304 -1.497 -1.639 -1.778 -1.417 -1.519 -1.641 -1.783 -1.924 -2.072 -1.514 -1.687 -1.858 -1.979 -2.09 -1.75 -1.893 -2.013 -2.112 -2.28 -2.302 -2.471 -2.661
2.7741 -1.218 -1.168 -1.243 -1.436 -1.579 -1.718 -1.357 -1.458 -1.581 -1.723 -1.863 -2.012 -1.453 -1.626 -1.798 -1.919 -2.029 -1.69 -1.832 -1.952 -2.051 -2.219 -2.241 -2.411 -2.601
2.841 -1.158 -1.109 -1.184 -1.376 -1.519 -1.658 -1.297 -1.399 -1.521 -1.663 -1.804 -1.952 -1.394 -1.566 -1.738 -1.859 -1.97 -1.63 -1.773 -1.893 -1.992 -2.16 -2.182 -2.351 -2.541
2.9095 -1.1 -1.05 -1.125 -1.318 -1.461 -1.6 -1.239 -1.341 -1.463 -1.605 -1.745 -1.894 -1.336 -1.508 -1.68 -1.801 -1.911 -1.572 -1.714 -1.834 -1.933 -2.102 -2.123 -2.293 -2.483
2.9797 -1.041 -0.992 -1.067 -1.26 -1.402 -1.541 -1.181 -1.282 -1.405 -1.547 -1.687 -1.836 -1.277 -1.45 -1.622 -1.742 -1.853 -1.514 -1.656 -1.776 -1.875 -2.043 -2.065 -2.234 -2.425
3.0516 -0.983 -0.934 -1.009 -1.202 -1.344 -1.483 -1.122 -1.224 -1.346 -1.488 -1.629 -1.777 -1.219 -1.391 -1.563 -1.684 -1.795 -1.455 -1.598 -1.718 -1.817 -1.985 -2.007 -2.176 -2.366
3.1252 -0.925 -0.875 -0.95 -1.143 -1.286 -1.425 -1.064 -1.166 -1.288 -1.43 -1.57 -1.719 -1.161 -1.333 -1.505 -1.626 -1.736 -1.397 -1.539 -1.659 -1.758 -1.927 -1.948 -2.118 -2.308
3.2006 -0.867 -0.817 -0.892 -1.085 -1.227 -1.366 -1.006 -1.107 -1.23 -1.372 -1.512 -1.661 -1.102 -1.275 -1.447 -1.567 -1.678 -1.339 -1.481 -1.601 -1.7 -1.868 -1.89 -2.059 -2.25
3.2778 -0.808 -0.759 -0.834 -1.027 -1.169 -1.308 -0.947 -1.049 -1.171 -1.313 -1.454 -1.602 -1.044 -1.217 -1.388 -1.509 -1.62 -1.28 -1.423 -1.543 -1.642 -1.81 -1.832 -2.001 -2.191
3.3569 -0.75 -0.7 -0.775 -0.968 -1.111 -1.25 -0.889 -0.991 -1.113 -1.255 -1.395 -1.544 -0.986 -1.158 -1.33 -1.451 -1.561 -1.222 -1.365 -1.484 -1.583 -1.752 -1.773 -1.943 -2.133
3.4378 -0.692 -0.642 -0.717 -0.91 -1.052 -1.191 -0.831 -0.932 -1.055 -1.197 -1.337 -1.486 -0.927 -1.1 -1.272 -1.392 -1.503 -1.164 -1.306 -1.426 -1.525 -1.693 -1.715 -1.884 -2.075
3.5208 -0.633 -0.584 -0.659 -0.852 -0.994 -1.133 -0.772 -0.874 -0.996 -1.138 -1.279 -1.427 -0.869 -1.042 -1.213 -1.334 -1.445 -1.105 -1.248 -1.368 -1.467 -1.635 -1.657 -1.826 -2.016
3.6057 -0.577 -0.528 -0.603 -0.796 -0.938 -1.077 -0.717 -0.818 -0.941 -1.082 -1.223 -1.372 -0.813 -0.986 -1.158 -1.278 -1.389 -1.049 -1.192 -1.312 -1.411 -1.579 -1.601 -1.77 -1.961
3.6927 -0.524 -0.474 -0.549 -0.742 -0.884 -1.023 -0.663 -0.764 -0.887 -1.029 -1.169 -1.318 -0.759 -0.932 -1.104 -1.224 -1.335 -0.996 -1.138 -1.258 -1.357 -1.525 -1.547 -1.716 -1.907
3.7818 -0.47 -0.42 -0.495 -0.688 -0.831 -0.97 -0.609 -0.71 -0.833 -0.975 -1.115 -1.264 -0.705 -0.878 -1.05 -1.171 -1.281 -0.942 -1.084 -1.204 -1.303 -1.471 -1.493 -1.663 -1.853
3.873 -0.416 -0.366 -0.441 -0.634 -0.777 -0.916 -0.555 -0.657 -0.779 -0.921 -1.061 -1.21 -0.652 -0.824 -0.996 -1.117 -1.227 -0.888 -1.031 -1.15 -1.249 -1.418 -1.439 -1.609 -1.799
3.9664 -0.362 -0.313 -0.387 -0.58 -0.723 -0.862 -0.501 -0.603 -0.725 -0.867 -1.008 -1.156 -0.598 -0.77 -0.942 -1.063 -1.174 -0.834 -0.977 -1.096 -1.196 -1.364 -1.385 -1.555 -1.745
4.0621 -0.308 -0.259 -0.334 -0.527 -0.669 -0.808 -0.447 -0.549 -0.671 -0.813 -0.954 -1.102 -0.544 -0.717 -0.888 -1.009 -1.12 -0.78 -0.923 -1.043 -1.142 -1.31 -1.332 -1.501 -1.691
4.1601 -0.254 -0.205 -0.28 -0.473 -0.615 -0.754 -0.393 -0.495 -0.618 -0.759 -0.9 -1.048 -0.49 -0.663 -0.835 -0.955 -1.066 -0.726 -0.869 -0.989 -1.088 -1.256 -1.278 -1.447 -1.637
4.2604 -0.201 -0.151 -0.226 -0.419 -0.561 -0.7 -0.34 -0.441 -0.564 -0.706 -0.846 -0.995 -0.436 -0.609 -0.781 -0.901 -1.012 -0.673 -0.815 -0.935 -1.034 -1.202 -1.224 -1.393 -1.584
4.3632 -0.147 -0.097 -0.172 -0.365 -0.507 -0.647 -0.286 -0.387 -0.51 -0.652 -0.792 -0.941 -0.382 -0.555 -0.727 -0.848 -0.958 -0.619 -0.761 -0.881 -0.98 -1.148 -1.17 -1.339 -1.53
4.4685 -0.093 -0.043 -0.118 -0.311 -0.454 -0.593 -0.232 -0.334 -0.456 -0.598 -0.738 -0.887 -0.329 -0.501 -0.673 -0.794 -0.904 -0.565 -0.707 -0.827 -0.926 -1.095 -1.116 -1.286 -1.476
4.5763 -0.039 0.011 -0.064 -0.257 -0.399 -0.538 -0.178 -0.279 -0.402 -0.544 -0.684 -0.833 -0.274 -0.447 -0.619 -0.739 -0.85 -0.511 -0.653 -0.773 -0.872 -1.04 -1.062 -1.231 -1.422
4.6867 0.016 0.065 -0.01 -0.202 -0.345 -0.484 -0.123 -0.225 -0.347 -0.489 -0.63 -0.778 -0.22 -0.392 -0.564 -0.685 -0.796 -0.456 -0.599 -0.719 -0.818 -0.986 -1.008 -1.177 -1.367
4.7997 0.07 0.12 0.045 -0.148 -0.29 -0.43 -0.069 -0.17 -0.293 -0.435 -0.575 -0.724 -0.165 -0.338 -0.51 -0.631 -0.741 -0.402 -0.544 -0.664 -0.763 -0.931 -0.953 -1.122 -1.313
4.9155 0.125 0.174 0.099 -0.094 -0.236 -0.375 -0.014 -0.116 -0.238 -0.38 -0.521 -0.669 -0.111 -0.284 -0.455 -0.576 -0.687 -0.347 -0.49 -0.61 -0.709 -0.877 -0.899 -1.068 -1.258
5.0341 0.179 0.229 0.154 -0.039 -0.182 -0.321 0.04 -0.062 -0.184 -0.326 -0.466 -0.615 -0.056 -0.229 -0.401 -0.522 -0.632 -0.293 -0.435 -0.555 -0.654 -0.823 -0.844 -1.014 -1.204
5.1555 0.234 0.283 0.208 0.015 -0.127 -0.266 0.095 -0.007 -0.129 -0.271 -0.412 -0.56 -0.002 -0.175 -0.346 -0.467 -0.578 -0.238 -0.381 -0.501 -0.6 -0.768 -0.79 -0.959 -1.149
5.2799 0.288 0.338 0.263 0.07 -0.073 -0.212 0.149 0.047 -0.075 -0.217 -0.357 -0.506 0.052 -0.12 -0.292 -0.413 -0.523 -0.184 -0.326 -0.446 -0.545 -0.714 -0.735 -0.905 -1.095
5.4072 0.343 0.392 0.317 0.124 -0.018 -0.157 0.203 0.102 -0.021 -0.162 -0.303 -0.452 0.107 -0.066 -0.238 -0.358 -0.469 -0.129 -0.272 -0.392 -0.491 -0.659 -0.681 -0.85 -1.041
5.5377 0.397 0.446 0.372 0.179 0.036 -0.103 0.258 0.156 0.034 -0.108 -0.249 -0.397 0.161 -0.011 -0.183 -0.304 -0.414 -0.075 -0.218 -0.337 -0.436 -0.605 -0.626 -0.796 -0.986
5.6713 0.451 0.501 0.426 0.233 0.091 -0.048 0.312 0.211 0.088 -0.054 -0.194 -0.343 0.216 0.043 -0.129 -0.249 -0.36 -0.021 -0.163 -0.283 -0.382 -0.55 -0.572 -0.741 -0.932
5.8081 0.504 0.553 0.478 0.285 0.143 0.004 0.364 0.263 0.14 -0.002 -0.142 -0.291 0.268 0.095 -0.077 -0.197 -0.308 0.031 -0.111 -0.231 -0.33 -0.498 -0.52 -0.689 -0.88
5.9482 0.555 0.605 0.53 0.337 0.194 0.055 0.416 0.314 0.192 0.05 -0.09 -0.239 0.319 0.147 -0.025 -0.146 -0.256 0.083 -0.059 -0.179 -0.278 -0.447 -0.468 -0.638 -0.828
6.0917 0.607 0.656 0.581 0.388 0.246 0.107 0.468 0.366 0.244 0.102 -0.039 -0.187 0.371 0.198 0.027 -0.094 -0.205 0.135 -0.008 -0.128 -0.227 -0.395 -0.417 -0.586 -0.776
6.2386 0.658 0.708 0.633 0.44 0.298 0.159 0.519 0.418 0.295 0.153 0.013 -0.136 0.423 0.25 0.078 -0.042 -0.153 0.186 0.044 -0.076 -0.175 -0.343 -0.365 -0.534 -0.725
6.3891 0.71 0.759 0.685 0.492 0.349 0.21 0.571 0.469 0.347 0.205 0.064 -0.084 0.474 0.302 0.13 0.009 -0.101 0.238 0.095 -0.024 -0.123 -0.292 -0.313 -0.483 -0.673
6.5433 0.762 0.811 0.736 0.543 0.401 0.262 0.623 0.521 0.398 0.257 0.116 -0.032 0.526 0.353 0.181 0.061 -0.05 0.29 0.147 0.027 -0.072 -0.24 -0.262 -0.431 -0.621
6.7011 0.813 0.863 0.788 0.595 0.452 0.313 0.674 0.573 0.45 0.308 0.168 0.019 0.578 0.405 0.233 0.112 0.002 0.341 0.199 0.079 -0.02 -0.188 -0.21 -0.38 -0.57
6.8627 0.865 0.914 0.839 0.647 0.504 0.365 0.726 0.624 0.502 0.36 0.219 0.071 0.629 0.457 0.285 0.164 0.053 0.393 0.25 0.13 0.031 -0.137 -0.159 -0.328 -0.518
7.0283 0.916 0.966 0.891 0.698 0.556 0.417 0.777 0.676 0.553 0.411 0.271 0.122 0.681 0.508 0.336 0.216 0.105 0.444 0.302 0.182 0.083 -0.085 -0.107 -0.276 -0.467
7.1978 0.968 1.018 0.943 0.75 0.607 0.468 0.829 0.727 0.605 0.463 0.323 0.174 0.732 0.56 0.388 0.267 0.157 0.496 0.354 0.234 0.135 -0.034 -0.055 -0.225 -0.415
7.3715 1.018 1.067 0.992 0.799 0.657 0.518 0.878 0.777 0.654 0.512 0.372 0.223 0.782 0.609 0.437 0.317 0.206 0.545 0.403 0.283 0.184 0.016 -0.006 -0.175 -0.366
7.5493 1.067 1.116 1.042 0.849 0.706 0.567 0.928 0.826 0.704 0.562 0.421 0.273 0.831 0.659 0.487 0.366 0.255 0.595 0.452 0.332 0.233 0.065 0.043 -0.126 -0.316
7.7314 1.116 1.166 1.091 0.898 0.756 0.616 0.977 0.876 0.753 0.611 0.471 0.322 0.881 0.708 0.536 0.415 0.305 0.644 0.502 0.382 0.283 0.115 0.093 -0.076 -0.267
7.9179 1.166 1.215 1.14 0.947 0.805 0.666 1.027 0.925 0.802 0.661 0.52 0.372 0.93 0.757 0.586 0.465 0.354 0.694 0.551 0.431 0.332 0.164 0.142 -0.027 -0.217
8.1089 1.215 1.264 1.19 0.997 0.854 0.715 1.076 0.974 0.852 0.71 0.57 0.421 0.979 0.807 0.635 0.514 0.404 0.743 0.6 0.481 0.382 0.213 0.192 0.022 -0.168
8.3045 1.264 1.314 1.239 1.046 0.904 0.765 1.125 1.024 0.901 0.759 0.619 0.47 1.029 0.856 0.684 0.564 0.453 0.792 0.65 0.53 0.431 0.263 0.241 0.072 -0.119
8.5049 1.314 1.363 1.288 1.095 0.953 0.814 1.175 1.073 0.951 0.809 0.668 0.52 1.078 0.905 0.734 0.613 0.502 0.842 0.699 0.579 0.48 0.312 0.29 0.121 -0.069
8.71 1.363 1.413 1.338 1.145 1.002 0.863 1.224 1.122 1.0 0.858 0.718 0.569 1.127 0.955 0.783 0.662 0.552 0.891 0.749 0.629 0.53 0.361 0.34 0.17 -0.02
8.9201 1.413 1.462 1.387 1.194 1.052 0.913 1.273 1.172 1.049 0.908 0.767 0.618 1.177 1.004 0.832 0.712 0.601 0.94 0.798 0.678 0.579 0.411 0.389 0.22 0.029
9.1353 1.462 1.511 1.437 1.244 1.101 0.962 1.323 1.221 1.099 0.957 0.816 0.668 1.226 1.054 0.882 0.761 0.651 0.99 0.847 0.728 0.629 0.46 0.439 0.269 0.079
9.3557 1.512 1.561 1.487 1.294 1.151 1.012 1.373 1.271 1.149 1.007 0.866 0.718 1.276 1.104 0.932 0.811 0.701 1.04 0.897 0.778 0.679 0.51 0.489 0.319 0.129
9.5814 1.562 1.611 1.537 1.344 1.201 1.062 1.423 1.321 1.199 1.057 0.916 0.768 1.326 1.154 0.982 0.861 0.751 1.09 0.947 0.828 0.729 0.56 0.539 0.369 0.179
9.8125 1.612 1.661 1.587 1.394 1.251 1.112 1.473 1.371 1.249 1.107 0.966 0.818 1.376 1.204 1.032 0.911 0.801 1.14 0.997 0.878 0.779 0.61 0.589 0.419 0.229
10.0492 1.662 1.711 1.637 1.444 1.301 1.162 1.523 1.421 1.299 1.157 1.017 0.868 1.426 1.254 1.082 0.961 0.851 1.19 1.047 0.928 0.829 0.66 0.639 0.469 0.279
10.2917 1.712 1.761 1.687 1.494 1.351 1.212 1.573 1.471 1.349 1.207 1.067 0.918 1.476 1.304 1.132 1.011 0.901 1.24 1.097 0.978 0.879 0.71 0.689 0.519 0.329
10.5399 1.762 1.811 1.737 1.544 1.401 1.262 1.623 1.521 1.399 1.257 1.117 0.968 1.526 1.354 1.182 1.061 0.951 1.29 1.147 1.028 0.929 0.76 0.739 0.569 0.379
10.7942 1.812 1.861 1.787 1.594 1.451 1.312 1.673 1.571 1.449 1.307 1.167 1.018 1.576 1.404 1.232 1.111 1.001 1.34 1.197 1.078 0.979 0.81 0.789 0.619 0.429
11.0546 1.862 1.912 1.837 1.644 1.501 1.362 1.723 1.621 1.499 1.357 1.217 1.068 1.626 1.454 1.282 1.161 1.051 1.39 1.247 1.128 1.029 0.86 0.839 0.669 0.479
11.3212 1.912 1.962 1.887 1.694 1.551 1.412 1.773 1.671 1.549 1.407 1.267 1.118 1.676 1.504 1.332 1.211 1.101 1.44 1.297 1.178 1.079 0.91 0.889 0.719 0.529
11.5943 1.961 2.011 1.936 1.743 1.6 1.461 1.822 1.72 1.598 1.456 1.316 1.167 1.725 1.553 1.381 1.26 1.15 1.489 1.347 1.227 1.128 0.959 0.938 0.768 0.578
11.874 2.008 2.057 1.983 1.79 1.647 1.508 1.869 1.767 1.645 1.503 1.362 1.214 1.772 1.6 1.428 1.307 1.196 1.536 1.393 1.274 1.175 1.006 0.985 0.815 0.625
12.1605 2.055 2.104 2.029 1.836 1.694 1.555 1.916 1.814 1.692 1.55 1.409 1.261 1.819 1.646 1.475 1.354 1.243 1.583 1.44 1.32 1.221 1.053 1.031 0.862 0.672
12.4538 2.102 2.151 2.076 1.883 1.741 1.602 1.962 1.861 1.738 1.596 1.456 1.307 1.866 1.693 1.521 1.401 1.29 1.629 1.487 1.367 1.268 1.1 1.078 0.909 0.718
12.7542 2.148 2.198 2.123 1.93 1.788 1.648 2.009 1.908 1.785 1.643 1.503 1.354 1.913 1.74 1.568 1.447 1.337 1.676 1.534 1.414 1.315 1.147 1.125 0.956 0.765
13.0619 2.195 2.244 2.17 1.977 1.834 1.695 2.056 1.954 1.832 1.69 1.55 1.401 1.959 1.787 1.615 1.494 1.384 1.723 1.58 1.461 1.362 1.193 1.172 1.002 0.812
13.377 2.242 2.291 2.216 2.023 1.881 1.742 2.103 2.001 1.879 1.737 1.596 1.448 2.006 1.834 1.662 1.541 1.43 1.77 1.627 1.507 1.408 1.24 1.218 1.049 0.859
13.6997 2.289 2.338 2.263 2.07 1.928 1.789 2.149 2.048 1.925 1.784 1.643 1.494 2.053 1.88 1.708 1.588 1.477 1.817 1.674 1.554 1.455 1.287 1.265 1.096 0.905
14.0302 2.335 2.385 2.31 2.117 1.975 1.835 2.196 2.095 1.972 1.83 1.69 1.541 2.1 1.927 1.755 1.634 1.524 1.863 1.721 1.601 1.502 1.334 1.312 1.143 0.952
14.3686 2.382 2.432 2.357 2.164 2.021 1.882 2.243 2.141 2.019 1.877 1.737 1.588 2.146 1.974 1.802 1.681 1.571 1.91 1.767 1.648 1.549 1.38 1.359 1.189 0.999
14.7153 2.429 2.478 2.403 2.21 2.068 1.929 2.289 2.188 2.065 1.923 1.783 1.634 2.193 2.02 1.848 1.728 1.617 1.956 1.814 1.694 1.595 1.427 1.405 1.236 1.045
15.0702 2.474 2.524 2.449 2.256 2.114 1.975 2.335 2.234 2.111 1.969 1.829 1.68 2.239 2.066 1.894 1.774 1.663 2.002 1.86 1.74 1.641 1.473 1.451 1.282 1.091
15.4338 2.52 2.57 2.495 2.302 2.16 2.021 2.381 2.28 2.157 2.015 1.875 1.726 2.285 2.112 1.94 1.82 1.709 2.048 1.906 1.786 1.687 1.519 1.497 1.328 1.137
15.8061 2.566 2.616 2.541 2.348 2.206 2.066 2.427 2.326 2.203 2.061 1.921 1.772 2.331 2.158 1.986 1.866 1.755 2.094 1.952 1.832 1.733 1.565 1.543 1.374 1.183
16.1874 2.612 2.662 2.587 2.394 2.252 2.112 2.473 2.372 2.249 2.107 1.967 1.818 2.377 2.204 2.032 1.912 1.801 2.14 1.998 1.878 1.779 1.611 1.589 1.42 1.229
16.5779 2.658 2.708 2.633 2.44 2.298 2.158 2.519 2.418 2.295 2.153 2.013 1.864 2.423 2.25 2.078 1.957 1.847 2.186 2.044 1.924 1.825 1.657 1.635 1.466 1.275
16.9778 2.704 2.754 2.679 2.486 2.343 2.204 2.565 2.464 2.341 2.199 2.059 1.91 2.469 2.296 2.124 2.003 1.893 2.232 2.09 1.97 1.871 1.703 1.681 1.511 1.321
17.3873 2.75 2.8 2.725 2.532 2.389 2.25 2.611 2.509 2.387 2.245 2.105 1.956 2.514 2.342 2.17 2.049 1.939 2.278 2.136 2.016 1.917 1.748 1.727 1.557 1.367
17.8068 2.796 2.846 2.771 2.578 2.435 2.296 2.657 2.555 2.433 2.291 2.151 2.002 2.56 2.388 2.216 2.095 1.985 2.324 2.182 2.062 1.963 1.794 1.773 1.603 1.413
18.2363 2.842 2.892 2.817 2.624 2.481 2.342 2.703 2.601 2.479 2.337 2.197 2.048 2.606 2.434 2.262 2.141 2.031 2.37 2.227 2.108 2.009 1.84 1.819 1.649 1.459
18.6762 2.886 2.936 2.861 2.668 2.526 2.386 2.747 2.646 2.523 2.381 2.241 2.092 2.651 2.478 2.306 2.185 2.075 2.414 2.272 2.152 2.053 1.885 1.863 1.694 1.503
19.1268 2.929 2.978 2.904 2.711 2.568 2.429 2.79 2.688 2.566 2.424 2.284 2.135 2.693 2.521 2.349 2.228 2.118 2.457 2.314 2.195 2.096 1.927 1.906 1.736 1.546
19.5882 2.972 3.021 2.946 2.753 2.611 2.472 2.833 2.731 2.609 2.467 2.326 2.178 2.736 2.564 2.392 2.271 2.16 2.5 2.357 2.237 2.138 1.97 1.948 1.779 1.589
20.0607 3.015 3.064 2.989 2.796 2.654 2.515 2.875 2.774 2.651 2.51 2.369 2.22 2.779 2.606 2.434 2.314 2.203 2.543 2.4 2.28 2.181 2.013 1.991 1.822 1.631
20.5446 3.057 3.107 3.032 2.839 2.697 2.557 2.918 2.817 2.694 2.552 2.412 2.263 2.822 2.649 2.477 2.356 2.246 2.585 2.443 2.323 2.224 2.056 2.034 1.865 1.674
21.0402 3.1 3.15 3.075 2.882 2.739 2.6 2.961 2.859 2.737 2.595 2.455 2.306 2.864 2.692 2.52 2.399 2.289 2.628 2.485 2.366 2.267 2.098 2.077 1.907 1.717
21.5478 3.143 3.192 3.117 2.924 2.782 2.643 3.004 2.902 2.78 2.638 2.497 2.349 2.907 2.735 2.563 2.442 2.331 2.671 2.528 2.408 2.309 2.141 2.119 1.95 1.76
22.0676 3.186 3.235 3.16 2.967 2.825 2.686 3.046 2.945 2.822 2.681 2.54 2.391 2.95 2.777 2.605 2.485 2.374 2.714 2.571 2.451 2.352 2.184 2.162 1.993 1.802
22.5999 3.228 3.278 3.203 3.01 2.868 2.728 3.089 2.988 2.865 2.723 2.583 2.434 2.993 2.82 2.648 2.528 2.417 2.756 2.614 2.494 2.395 2.227 2.205 2.036 1.845
23.1451 3.271 3.321 3.246 3.053 2.91 2.771 3.132 3.03 2.908 2.766 2.626 2.477 3.035 2.863 2.691 2.57 2.46 2.799 2.656 2.537 2.438 2.269 2.248 2.078 1.888
23.7034 3.315 3.365 3.29 3.097 2.955 2.815 3.176 3.075 2.952 2.81 2.67 2.521 3.08 2.907 2.735 2.614 2.504 2.843 2.701 2.581 2.482 2.314 2.292 2.123 1.932
24.2752 3.36 3.41 3.335 3.142 2.999 2.86 3.221 3.119 2.997 2.855 2.715 2.566 3.124 2.952 2.78 2.659 2.549 2.888 2.746 2.626 2.527 2.358 2.337 2.167 1.977
24.8608 3.405 3.454 3.38 3.187 3.044 2.905 3.266 3.164 3.042 2.9 2.76 2.611 3.169 2.997 2.825 2.704 2.594 2.933 2.79 2.671 2.572 2.403 2.382 2.212 2.022
25.4606 3.45 3.499 3.424 3.232 3.089 2.95 3.311 3.209 3.087 2.945 2.804 2.656 3.214 3.042 2.87 2.749 2.638 2.978 2.835 2.715 2.616 2.448 2.426 2.257 2.067
26.0748 3.495 3.544 3.469 3.276 3.134 2.995 3.356 3.254 3.132 2.99 2.849 2.701 3.259 3.086 2.915 2.794 2.683 3.023 2.88 2.76 2.661 2.493 2.471 2.302 2.112
26.7038 3.54 3.589 3.514 3.321 3.179 3.04 3.401 3.299 3.176 3.035 2.894 2.746 3.304 3.131 2.959 2.839 2.728 3.068 2.925 2.805 2.706 2.538 2.516 2.347 2.156
27.3479 3.584 3.634 3.559 3.366 3.224 3.085 3.445 3.344 3.221 3.079 2.939 2.79 3.349 3.176 3.004 2.884 2.773 3.112 2.97 2.85 2.751 2.583 2.561 2.392 2.201
28.0077 3.629 3.679 3.604 3.411 3.269 3.129 3.49 3.389 3.266 3.124 2.984 2.835 3.394 3.221 3.049 2.928 2.818 3.157 3.015 2.895 2.796 2.628 2.606 2.437 2.246
28.6833 3.674 3.724 3.649 3.456 3.313 3.174 3.535 3.433 3.311 3.169 3.029 2.88 3.438 3.266 3.094 2.973 2.863 3.202 3.06 2.94 2.841 2.672 2.651 2.481 2.291
29.3752 3.719 3.768 3.694 3.501 3.358 3.219 3.58 3.478 3.356 3.214 3.074 2.925 3.483 3.311 3.139 3.018 2.908 3.247 3.104 2.985 2.886 2.717 2.696 2.526 2.336
30.0838 3.761 3.81 3.735 3.542 3.4 3.261 3.622 3.52 3.397 3.256 3.115 2.967 3.525 3.352 3.181 3.06 2.949 3.289 3.146 3.026 2.927 2.759 2.737 2.568 2.378
30.8096 3.802 3.851 3.776 3.583 3.441 3.302 3.663 3.561 3.438 3.297 3.156 3.008 3.566 3.393 3.222 3.101 2.99 3.33 3.187 3.067 2.968 2.8 2.778 2.609 2.419
31.5528 3.843 3.892 3.817 3.624 3.482 3.343 3.704 3.602 3.479 3.338 3.197 3.049 3.607 3.434 3.263 3.142 3.031 3.371 3.228 3.108 3.009 2.841 2.819 2.65 2.46
32.3139 3.884 3.933 3.858 3.665 3.523 3.384 3.745 3.643 3.521 3.379 3.238 3.09 3.648 3.475 3.304 3.183 3.072 3.412 3.269 3.149 3.05 2.882 2.86 2.691 2.501
33.0935 3.925 3.974 3.899 3.706 3.564 3.425 3.786 3.684 3.562 3.42 3.279 3.131 3.689 3.516 3.345 3.224 3.113 3.453 3.31 3.19 3.091 2.923 2.901 2.732 2.542
33.8918 3.966 4.015 3.94 3.747 3.605 3.466 3.827 3.725 3.603 3.461 3.32 3.172 3.73 3.557 3.386 3.265 3.154 3.494 3.351 3.231 3.132 2.964 2.942 2.773 2.583
34.7093 4.007 4.056 3.981 3.788 3.646 3.507 3.868 3.766 3.644 3.502 3.361 3.213 3.771 3.598 3.427 3.306 3.195 3.535 3.392 3.272 3.173 3.005 2.983 2.814 2.624
35.5466 4.048 4.097 4.022 3.829 3.687 3.548 3.909 3.807 3.685 3.543 3.402 3.254 3.812 3.639 3.468 3.347 3.236 3.576 3.433 3.313 3.214 3.046 3.024 2.855 2.665
36.4041 4.089 4.138 4.063 3.87 3.728 3.589 3.95 3.848 3.726 3.584 3.443 3.295 3.853 3.68 3.509 3.388 3.277 3.617 3.474 3.354 3.255 3.087 3.065 2.896 2.706
37.2823 4.13 4.179 4.104 3.911 3.769 3.63 3.991 3.889 3.767 3.625 3.484 3.336 3.894 3.721 3.55 3.429 3.318 3.658 3.515 3.395 3.296 3.128 3.106 2.937 2.747
38.1817 4.168 4.218 4.143 3.95 3.807 3.668 4.029 3.927 3.805 3.663 3.523 3.374 3.932 3.76 3.588 3.467 3.357 3.696 3.554 3.434 3.335 3.166 3.145 2.975 2.785
39.1028 4.207 4.256 4.181 3.988 3.846 3.707 4.068 3.966 3.843 3.702 3.561 3.413 3.971 3.798 3.626 3.506 3.395 3.735 3.592 3.472 3.373 3.205 3.183 3.014 2.824
40.046 4.245 4.295 4.22 4.027 3.884 3.745 4.106 4.004 3.882 3.74 3.6 3.451 4.009 3.837 3.665 3.544 3.434 3.773 3.63 3.511 3.412 3.243 3.222 3.052 2.862
41.0121 4.284 4.333 4.258 4.065 3.923 3.784 4.144 4.043 3.92 3.778 3.638 3.489 4.048 3.875 3.703 3.583 3.472 3.811 3.669 3.549 3.45 3.282 3.26 3.091 2.9
42.0014 4.322 4.371 4.297 4.104 3.961 3.822 4.183 4.081 3.959 3.817 3.676 3.528 4.086 3.914 3.742 3.621 3.51 3.85 3.707 3.588 3.488 3.32 3.299 3.129 2.939
43.0146 4.36 4.41 4.335 4.142 4.0 3.86 4.221 4.12 3.997 3.855 3.715 3.566 4.125 3.952 3.78 3.66 3.549 3.888 3.746 3.626 3.527 3.359 3.337 3.168 2.977
44.0523 4.399 4.448 4.373 4.18 4.038 3.899 4.26 4.158 4.036 3.894 3.753 3.605 4.163 3.991 3.819 3.698 3.587 3.927 3.784 3.664 3.565 3.397 3.375 3.206 3.016
45.1149 4.437 4.487 4.412 4.219 4.076 3.937 4.298 4.197 4.074 3.932 3.792 3.643 4.202 4.029 3.857 3.736 3.626 3.965 3.823 3.703 3.604 3.436 3.414 3.245 3.054
46.2033 4.476 4.525 4.45 4.257 4.115 3.976 4.337 4.235 4.113 3.971 3.83 3.682 4.24 4.067 3.896 3.775 3.664 4.004 3.861 3.741 3.642 3.474 3.452 3.283 3.093
47.3178 4.515 4.564 4.489 4.296 4.154 4.015 4.376 4.274 4.151 4.01 3.869 3.72 4.279 4.106 3.934 3.814 3.703 4.043 3.9 3.78 3.681 3.513 3.491 3.322 3.131
48.4593 4.557 4.606 4.531 4.338 4.196 4.057 4.417 4.316 4.193 4.052 3.911 3.762 4.321 4.148 3.976 3.856 3.745 4.085 3.942 3.822 3.723 3.555 3.533 3.364 3.173
49.6283 4.599 4.648 4.573 4.38 4.238 4.099 4.459 4.358 4.235 4.093 3.953 3.804 4.363 4.19 4.018 3.898 3.787 4.126 3.984 3.864 3.765 3.597 3.575 3.406 3.215
50.8255 4.641 4.69 4.615 4.422 4.28 4.141 4.501 4.4 4.277 4.135 3.995 3.846 4.405 4.232 4.06 3.94 3.829 4.168 4.026 3.906 3.807 3.639 3.617 3.448 3.257
52.0515 4.682 4.732 4.657 4.464 4.322 4.183 4.543 4.442 4.319 4.177 4.037 3.888 4.447 4.274 4.102 3.982 3.871 4.21 4.068 3.948 3.849 3.681 3.659 3.49 3.299
53.3072 4.724 4.774 4.699 4.506 4.364 4.225 4.585 4.484 4.361 4.219 4.079 3.93 4.489 4.316 4.144 4.024 3.913 4.252 4.11 3.99 3.891 3.723 3.701 3.532 3.341
54.5931 4.766 4.816 4.741 4.548 4.406 4.267 4.627 4.526 4.403 4.261 4.121 3.972 4.531 4.358 4.186 4.066 3.955 4.294 4.152 4.032 3.933 3.765 3.743 3.574 3.383
55.9101 4.808 4.858 4.783 4.59 4.448 4.309 4.669 4.568 4.445 4.303 4.163 4.014 4.573 4.4 4.228 4.108 3.997 4.336 4.194 4.074 3.975 3.807 3.785 3.616 3.425
57.2588 4.85 4.9 4.825 4.632 4.49 4.35 4.711 4.61 4.487 4.345 4.205 4.056 4.615 4.442 4.27 4.15 4.039 4.378 4.236 4.116 4.017 3.849 3.827 3.658 3.467
58.6401 4.892 4.942 4.867 4.674 4.532 4.392 4.753 4.652 4.529 4.387 4.247 4.098 4.657 4.484 4.312 4.192 4.081 4.42 4.278 4.158 4.059 3.891 3.869 3.7 3.509
60.0546 4.933 4.982 4.908 4.715 4.572 4.433 4.794 4.692 4.57 4.428 4.287 4.139 4.697 4.525 4.353 4.232 4.122 4.461 4.318 4.199 4.1 3.931 3.91 3.74 3.55
61.5034 4.97 5.02 4.945 4.752 4.609 4.47 4.831 4.729 4.607 4.465 4.325 4.176 4.734 4.562 4.39 4.269 4.159 4.498 4.355 4.236 4.137 3.968 3.947 3.777 3.587
62.987 5.007 5.057 4.982 4.789 4.646 4.507 4.868 4.766 4.644 4.502 4.362 4.213 4.771 4.599 4.427 4.306 4.196 4.535 4.393 4.273 4.174 4.005 3.984 3.814 3.624
64.5065 5.044 5.094 5.019 4.826 4.683 4.544 4.905 4.804 4.681 4.539 4.399 4.25 4.809 4.636 4.464 4.343 4.233 4.572 4.43 4.31 4.211 4.043 4.021 3.852 3.661
66.0626 5.081 5.131 5.056 4.863 4.721 4.581 4.942 4.841 4.718 4.576 4.436 4.287 4.846 4.673 4.501 4.381 4.27 4.609 4.467 4.347 4.248 4.08 4.058 3.889 3.698
67.6562 5.118 5.168 5.093 4.9 4.758 4.619 4.979 4.878 4.755 4.613 4.473 4.324 4.883 4.71 4.538 4.418 4.307 4.646 4.504 4.384 4.285 4.117 4.095 3.926 3.735
69.2883 5.156 5.205 5.13 4.937 4.795 4.656 5.016 4.915 4.792 4.65 4.51 4.361 4.92 4.747 4.575 4.455 4.344 4.683 4.541 4.421 4.322 4.154 4.132 3.963 3.772
70.9597 5.193 5.242 5.167 4.974 4.832 4.693 5.054 4.952 4.829 4.688 4.547 4.399 4.957 4.784 4.612 4.492 4.381 4.721 4.578 4.458 4.359 4.191 4.169 4.0 3.809
72.6715 5.23 5.279 5.204 5.011 4.869 4.73 5.091 4.989 4.867 4.725 4.584 4.436 4.994 4.821 4.65 4.529 4.418 4.758 4.615 4.495 4.396 4.228 4.206 4.037 3.847
74.4246 5.267 5.316 5.241 5.048 4.906 4.767 5.128 5.026 4.904 4.762 4.621 4.473 5.031 4.858 4.687 4.566 4.455 4.795 4.652 4.532 4.433 4.265 4.243 4.074 3.884
76.2199 5.303 5.353 5.278 5.085 4.943 4.803 5.164 5.063 4.94 4.798 4.658 4.509 5.068 4.895 4.723 4.603 4.492 4.831 4.689 4.569 4.47 4.302 4.28 4.111 3.92
78.0586 5.339 5.389 5.314 5.121 4.979 4.839 5.2 5.099 4.976 4.834 4.694 4.545 5.104 4.931 4.759 4.638 4.528 4.867 4.725 4.605 4.506 4.338 4.316 4.147 3.956
79.9416 5.375 5.425 5.35 5.157 5.014 4.875 5.236 5.134 5.012 4.87 4.73 4.581 5.14 4.967 4.795 4.674 4.564 4.903 4.761 4.641 4.542 4.373 4.352 4.182 3.992
81.87 5.411 5.461 5.386 5.193 5.05 4.911 5.272 5.17 5.048 4.906 4.766 4.617 5.175 5.003 4.831 4.71 4.6 4.939 4.797 4.677 4.578 4.409 4.388 4.218 4.028
83.845 5.447 5.497 5.422 5.229 5.086 4.947 5.308 5.206 5.084 4.942 4.802 4.653 5.211 5.039 4.867 4.746 4.636 4.975 4.832 4.713 4.614 4.445 4.424 4.254 4.064
85.8676 5.483 5.532 5.458 5.265 5.122 4.983 5.344 5.242 5.12 4.978 4.837 4.689 5.247 5.075 4.903 4.782 4.672 5.011 4.868 4.749 4.65 4.481 4.46 4.29 4.1
87.939 5.519 5.568 5.494 5.301 5.158 5.019 5.38 5.278 5.156 5.014 4.873 4.725 5.283 5.111 4.939 4.818 4.707 5.047 4.904 4.784 4.685 4.517 4.495 4.326 4.136
90.0604 5.555 5.604 5.529 5.336 5.194 5.055 5.416 5.314 5.192 5.05 4.909 4.761 5.319 5.147 4.975 4.854 4.743 5.083 4.94 4.82 4.721 4.553 4.531 4.362 4.172
92.2329 5.591 5.64 5.565 5.372 5.23 5.091 5.452 5.35 5.228 5.086 4.945 4.797 5.355 5.182 5.011 4.89 4.779 5.119 4.976 4.856 4.757 4.589 4.567 4.398 4.208
94.4579 5.627 5.676 5.601 5.408 5.266 5.127 5.488 5.386 5.264 5.122 4.981 4.833 5.391 5.218 5.047 4.926 4.815 5.155 5.012 4.892 4.793 4.625 4.603 4.434 4.244
96.7365 5.663 5.712 5.638 5.445 5.302 5.163 5.524 5.422 5.3 5.158 5.017 4.869 5.427 5.255 5.083 4.962 4.851 5.191 5.048 4.929 4.83 4.661 4.64 4.47 4.28
99.0701 5.7 5.749 5.674 5.481 5.339 5.2 5.56 5.459 5.336 5.195 5.054 4.905 5.464 5.291 5.119 4.999 4.888 5.228 5.085 4.965 4.866 4.698 4.676 4.507 4.316
101.4599 5.736 5.786 5.711 5.518 5.375 5.236 5.597 5.495 5.373 5.231 5.091 4.942 5.5 5.328 5.156 5.035 4.925 5.264 5.122 5.002 4.903 4.734 4.713 4.543 4.353
103.9075 5.773 5.822 5.747 5.554 5.412 5.273 5.634 5.532 5.41 5.268 5.127 4.979 5.537 5.364 5.193 5.072 4.961 5.301 5.158 5.038 4.939 4.771 4.749 4.58 4.39
106.4141 5.809 5.859 5.784 5.591 5.449 5.309 5.67 5.569 5.446 5.304 5.164 5.015 5.574 5.401 5.229 5.108 4.998 5.337 5.195 5.075 4.976 4.808 4.786 4.617 4.426
108.9811 5.846 5.895 5.82 5.628 5.485 5.346 5.707 5.605 5.483 5.341 5.2 5.052 5.61 5.438 5.266 5.145 5.034 5.374 5.231 5.111 5.012 4.844 4.822 4.653 4.463
111.6101 5.882 5.932 5.857 5.664 5.522 5.383 5.743 5.642 5.519 5.377 5.237 5.088 5.647 5.474 5.302 5.182 5.071 5.41 5.268 5.148 5.049 4.881 4.859 4.69 4.499
114.3025 5.919 5.968 5.894 5.701 5.558 5.419 5.78 5.678 5.556 5.414 5.274 5.125 5.683 5.511 5.339 5.218 5.108 5.447 5.304 5.185 5.086 4.917 4.896 4.726 4.536
117.0598 5.956 6.005 5.93 5.737 5.595 5.456 5.817 5.715 5.592 5.451 5.31 5.162 5.72 5.547 5.375 5.255 5.144 5.484 5.341 5.221 5.122 4.954 4.932 4.763 4.573
119.8836 5.992 6.042 5.967 5.774 5.631 5.492 5.853 5.751 5.629 5.487 5.347 5.198 5.757 5.584 5.412 5.291 5.181 5.52 5.378 5.258 5.159 4.99 4.969 4.799 4.609
122.7756 6.027 6.076 6.002 5.809 5.666 5.527 5.888 5.786 5.664 5.522 5.381 5.233 5.791 5.619 5.447 5.326 5.216 5.555 5.412 5.293 5.194 5.025 5.004 4.834 4.644
125.7373 6.061 6.11 6.036 5.843 5.7 5.561 5.922 5.82 5.698 5.556 5.415 5.267 5.825 5.653 5.481 5.36 5.25 5.589 5.446 5.327 5.228 5.059 5.038 4.868 4.678
128.7705 6.095 6.144 6.07 5.877 5.734 5.595 5.956 5.854 5.732 5.59 5.45 5.301 5.859 5.687 5.515 5.394 5.284 5.623 5.48 5.361 5.262 5.093 5.072 4.902 4.712
131.8769 6.129 6.179 6.104 5.911 5.768 5.629 5.99 5.888 5.766 5.624 5.484 5.335 5.893 5.721 5.549 5.428 5.318 5.657 5.514 5.395 5.296 5.127 5.106 4.936 4.746
135.0582 6.163 6.213 6.138 5.945 5.802 5.663 6.024 5.922 5.8 5.658 5.518 5.369 5.927 5.755 5.583 5.462 5.352 5.691 5.548 5.429 5.33 5.161 5.14 4.97 4.78
138.3162 6.197 6.247 6.172 5.979 5.836 5.697 6.058 5.956 5.834 5.692 5.552 5.403 5.961 5.789 5.617 5.496 5.386 5.725 5.582 5.463 5.364 5.195 5.174 5.004 4.814
141.6528 6.231 6.281 6.206 6.013 5.87 5.731 6.092 5.99 5.868 5.726 5.586 5.437 5.995 5.823 5.651 5.53 5.42 5.759 5.617 5.497 5.398 5.229 5.208 5.038 4.848
145.0699 6.265 6.315 6.24 6.047 5.904 5.765 6.126 6.024 5.902 5.76 5.62 5.471 6.029 5.857 5.685 5.564 5.454 5.793 5.651 5.531 5.432 5.263 5.242 5.072 4.882
148.5695 6.299 6.349 6.274 6.081 5.938 5.799 6.16 6.058 5.936 5.794 5.654 5.505 6.063 5.891 5.719 5.598 5.488 5.827 5.685 5.565 5.466 5.297 5.276 5.106 4.916
152.1534 6.333 6.383 6.308 6.115 5.972 5.833 6.194 6.092 5.97 5.828 5.688 5.539 6.097 5.925 5.753 5.632 5.522 5.861 5.719 5.599 5.5 5.331 5.31 5.14 4.95
155.8238 6.365 6.414 6.339 6.146 6.004 5.865 6.225 6.124 6.001 5.86 5.719 5.57 6.129 5.956 5.784 5.664 5.553 5.893 5.75 5.63 5.531 5.363 5.341 5.172 4.981
159.5828 6.395 6.445 6.37 6.177 6.035 5.896 6.256 6.155 6.032 5.89 5.75 5.601 6.16 5.987 5.815 5.695 5.584 5.923 5.781 5.661 5.562 5.394 5.372 5.203 5.012
163.4324 6.426 6.476 6.401 6.208 6.066 5.927 6.287 6.186 6.063 5.921 5.781 5.632 6.191 6.018 5.846 5.726 5.615 5.954 5.812 5.692 5.593 5.425 5.403 5.234 5.043
167.375 6.457 6.507 6.432 6.239 6.097 5.957 6.318 6.217 6.094 5.952 5.812 5.663 6.222 6.049 5.877 5.756 5.646 5.985 5.843 5.723 5.624 5.456 5.434 5.265 5.074
171.4126 6.488 6.538 6.463 6.27 6.127 5.988 6.349 6.247 6.125 5.983 5.843 5.694 6.253 6.08 5.908 5.787 5.677 6.016 5.874 5.754 5.655 5.486 5.465 5.295 5.105
175.5476 6.519 6.569 6.494 6.301 6.158 6.019 6.38 6.278 6.156 6.014 5.874 5.725 6.283 6.111 5.939 5.818 5.708 6.047 5.905 5.785 5.686 5.517 5.496 5.326 5.136
179.7823 6.55 6.599 6.525 6.332 6.189 6.05 6.411 6.309 6.187 6.045 5.905 5.756 6.314 6.142 5.97 5.849 5.739 6.078 5.935 5.816 5.717 5.548 5.527 5.357 5.167
184.1193 6.581 6.63 6.556 6.363 6.22 6.081 6.442 6.34 6.218 6.076 5.935 5.787 6.345 6.173 6.001 5.88 5.769 6.109 5.966 5.847 5.748 5.579 5.558 5.388 5.198
188.5608 6.612 6.661 6.586 6.394 6.251 6.112 6.473 6.371 6.249 6.107 5.966 5.818 6.376 6.204 6.032 5.911 5.8 6.14 5.997 5.877 5.778 5.61 5.588 5.419 5.229
193.1095 6.643 6.692 6.617 6.424 6.282 6.143 6.504 6.402 6.28 6.138 5.997 5.849 6.407 6.234 6.063 5.942 5.831 6.171 6.028 5.908 5.809 5.641 5.619 5.45 5.26
197.7679 6.674 6.723 6.648 6.456 6.313 6.174 6.535 6.433 6.311 6.169 6.028 5.88 6.438 6.266 6.094 5.973 5.862 6.202 6.059 5.939 5.84 5.672 5.65 5.481 5.291
202.5387 6.705 6.754 6.68 6.487 6.344 6.205 6.566 6.464 6.342 6.2 6.059 5.911 6.469 6.297 6.125 6.004 5.893 6.233 6.09 5.971 5.872 5.703 5.682 5.512 5.322
207.4245 6.736 6.786 6.711 6.518 6.375 6.236 6.597 6.495 6.373 6.231 6.091 5.942 6.5 6.328 6.156 6.035 5.925 6.264 6.121 6.002 5.903 5.734 5.713 5.543 5.353
212.4283 6.767 6.817 6.742 6.549 6.406 6.267 6.628 6.526 6.404 6.262 6.122 5.973 6.531 6.359 6.187 6.066 5.956 6.295 6.153 6.033 5.934 5.765 5.744 5.574 5.384
217.5527 6.798 6.848 6.773 6.58 6.437 6.298 6.659 6.557 6.435 6.293 6.153 6.004 6.563 6.39 6.218 6.097 5.987 6.326 6.184 6.064 5.965 5.797 5.775 5.605 5.415
222.8008 6.829 6.879 6.804 6.611 6.469 6.329 6.69 6.589 6.466 6.324 6.184 6.035 6.594 6.421 6.249 6.128 6.018 6.357 6.215 6.095 5.996 5.828 5.806 5.637 5.446
228.1754 6.86 6.91 6.835 6.642 6.5 6.361 6.721 6.62 6.497 6.355 6.215 6.066 6.625 6.452 6.28 6.16 6.049 6.388 6.246 6.126 6.027 5.859 5.837 5.668 5.477
233.6797 6.892 6.941 6.866 6.673 6.531 6.392 6.752 6.651 6.528 6.386 6.246 6.097 6.656 6.483 6.311 6.191 6.08 6.419 6.277 6.157 6.058 5.89 5.868 5.699 5.508
239.3168 6.923 6.972 6.897 6.704 6.562 6.423 6.784 6.682 6.559 6.418 6.277 6.129 6.687 6.514 6.342 6.222 6.111 6.451 6.308 6.188 6.089 5.921 5.899 5.73 5.539
245.0899 6.955 7.005 6.93 6.737 6.595 6.456 6.816 6.715 6.592 6.45 6.31 6.161 6.72 6.547 6.375 6.255 6.144 6.483 6.341 6.221 6.122 5.954 5.932 5.763 5.572
251.0022 7.001 7.05 6.975 6.782 6.64 6.501 6.862 6.76 6.637 6.496 6.355 6.207 6.765 6.592 6.42 6.3 6.189 6.529 6.386 6.266 6.167 5.999 5.977 5.808 5.618
257.0572 7.046 7.095 7.02 6.827 6.685 6.546 6.907 6.805 6.683 6.541 6.4 6.252 6.81 6.637 6.466 6.345 6.234 6.574 6.431 6.311 6.212 6.044 6.022 5.853 5.663
263.2582 7.091 7.14 7.066 6.873 6.73 6.591 6.952 6.85 6.728 6.586 6.445 6.297 6.855 6.683 6.511 6.39 6.279 6.619 6.476 6.356 6.257 6.089 6.067 5.898 5.708
269.6088 7.136 7.186 7.111 6.918 6.775 6.636 6.997 6.895 6.773 6.631 6.491 6.342 6.9 6.728 6.556 6.435 6.325 6.664 6.521 6.402 6.303 6.134 6.113 5.943 5.753
276.1126 7.181 7.231 7.156 6.963 6.82 6.681 7.042 6.94 6.818 6.676 6.536 6.387 6.946 6.773 6.601 6.48 6.37 6.709 6.567 6.447 6.348 6.179 6.158 5.988 5.798
282.7734 7.226 7.276 7.201 7.008 6.866 6.726 7.087 6.986 6.863 6.721 6.581 6.432 6.991 6.818 6.646 6.526 6.415 6.754 6.612 6.492 6.393 6.225 6.203 6.034 5.843
289.5947 7.272 7.321 7.246 7.053 6.911 6.772 7.132 7.031 6.908 6.766 6.626 6.477 7.036 6.863 6.691 6.571 6.46 6.799 6.657 6.537 6.438 6.27 6.248 6.079 5.888
296.5807 7.317 7.366 7.291 7.098 6.956 6.817 7.178 7.076 6.953 6.812 6.671 6.523 7.081 6.908 6.737 6.616 6.505 6.845 6.702 6.582 6.483 6.315 6.293 6.124 5.934
303.7351 7.362 7.411 7.336 7.143 7.001 6.862 7.223 7.121 6.999 6.857 6.716 6.568 7.126 6.954 6.782 6.661 6.55 6.89 6.747 6.627 6.528 6.36 6.338 6.169 5.979
311.0622 7.414 7.464 7.389 7.196 7.053 6.914 7.275 7.173 7.051 6.909 6.769 6.62 7.178 7.006 6.834 6.713 6.603 6.942 6.799 6.68 6.581 6.412 6.391 6.221 6.031
318.566 7.485 7.535 7.46 7.267 7.125 6.986 7.346 7.245 7.122 6.98 6.84 6.691 7.25 7.077 6.905 6.785 6.674 7.013 6.871 6.751 6.652 6.484 6.462 6.293 6.102
326.2508 7.557 7.606 7.531 7.339 7.196 7.057 7.418 7.316 7.194 7.052 6.911 6.763 7.321 7.149 6.977 6.856 6.745 7.085 6.942 6.822 6.723 6.555 6.533 6.364 6.174
334.121 7.628 7.678 7.603 7.41 7.267 7.128 7.489 7.388 7.265 7.123 6.983 6.834 7.393 7.22 7.048 6.927 6.817 7.156 7.014 6.894 6.795 6.627 6.605 6.435 6.245
342.181 7.7 7.749 7.674 7.481 7.339 7.2 7.561 7.459 7.336 7.195 7.054 6.906 7.464 7.291 7.119 6.999 6.888 7.228 7.085 6.965 6.866 6.698 6.676 6.507 6.317
350.4355 7.771 7.82 7.746 7.553 7.41 7.271 7.632 7.53 7.408 7.266 7.126 6.977 7.535 7.363 7.191 7.07 6.96 7.299 7.156 7.037 6.938 6.769 6.748 6.578 6.388
358.8891 7.842 7.892 7.817 7.624 7.482 7.343 7.703 7.602 7.479 7.337 7.197 7.048 7.607 7.434 7.262 7.142 7.031 7.37 7.228 7.108 7.009 6.841 6.819 6.65 6.459
367.5467 7.914 7.963 7.888 7.695 7.553 7.414 7.775 7.673 7.551 7.409 7.268 7.12 7.678 7.506 7.334 7.213 7.102 7.442 7.299 7.179 7.08 6.912 6.89 6.721 6.531
376.4131 7.985 8.035 7.96 7.767 7.624 7.485 7.846 7.744 7.622 7.48 7.34 7.191 7.749 7.577 7.405 7.284 7.174 7.513 7.371 7.251 7.152 6.983 6.962 6.792 6.602
385.4933 8.057 8.106 8.031 7.838 7.696 7.557 7.918 7.816 7.693 7.552 7.411 7.262 7.821 7.648 7.476 7.356 7.245 7.585 7.442 7.322 7.223 7.055 7.033 6.864 6.673
394.7926 8.142 8.192 8.117 7.924 7.781 7.642 8.003 7.901 7.779 7.637 7.497 7.348 7.906 7.734 7.562 7.441 7.331 7.67 7.528 7.408 7.309 7.14 7.119 6.949 6.759
404.3163 8.248 8.297 8.222 8.029 7.887 7.748 8.109 8.007 7.885 7.743 7.602 7.454 8.012 7.839 7.668 7.547 7.436 7.776 7.633 7.513 7.414 7.246 7.224 7.055 6.865
414.0697 8.353 8.403 8.328 8.135 7.993 7.853 8.214 8.113 7.99 7.848 7.708 7.559 8.118 7.945 7.773 7.652 7.542 7.881 7.739 7.619 7.52 7.352 7.33 7.161 6.97
424.0583 8.459 8.508 8.434 8.241 8.098 7.959 8.32 8.218 8.096 7.954 7.813 7.665 8.223 8.051 7.879 7.758 7.647 7.987 7.844 7.724 7.625 7.457 7.435 7.266 7.076
434.2879 8.565 8.614 8.539 8.346 8.204 8.065 8.425 8.324 8.201 8.059 7.919 7.77 8.329 8.156 7.984 7.864 7.753 8.092 7.95 7.83 7.731 7.563 7.541 7.372 7.181
444.7643 8.67 8.72 8.645 8.452 8.309 8.17 8.531 8.429 8.307 8.165 8.025 7.876 8.434 8.262 8.09 7.969 7.859 8.198 8.055 7.936 7.837 7.668 7.647 7.477 7.287
455.4934 8.776 8.825 8.75 8.557 8.415 8.276 8.637 8.535 8.413 8.271 8.13 7.982 8.54 8.367 8.196 8.075 7.964 8.304 8.161 8.041 7.942 7.774 7.752 7.583 7.393
466.4814 8.881 8.931 8.856 8.663 8.52 8.381 8.742 8.641 8.518 8.376 8.236 8.087 8.646 8.473 8.301 8.18 8.07 8.409 8.267 8.147 8.048 7.88 7.858 7.689 7.498
477.7344 8.987 9.036 8.961 8.768 8.626 8.487 8.848 8.746 8.624 8.482 8.341 8.193 8.751 8.579 8.407 8.286 8.175 8.515 8.372 8.252 8.153 7.985 7.963 7.794 7.604
489.2588 9.092 9.142 9.067 8.874 8.732 8.593 8.953 8.852 8.729 8.587 8.447 8.298 8.857 8.684 8.512 8.392 8.281 8.62 8.478 8.358 8.259 8.091 8.069 7.9 7.709
501.0613 9.235 9.284 9.209 9.017 8.874 8.735 9.096 8.994 8.872 8.73 8.589 8.441 8.999 8.827 8.655 8.534 8.423 8.763 8.62 8.5 8.401 8.233 8.211 8.042 7.852
513.1485 9.407 9.456 9.381 9.188 9.046 8.907 9.267 9.166 9.043 8.901 8.761 8.612 9.171 8.998 8.826 8.706 8.595 8.934 8.792 8.672 8.573 8.405 8.383 8.214 8.023
525.5272 9.578 9.628 9.553 9.36 9.217 9.078 9.439 9.337 9.215 9.073 8.933 8.784 9.342 9.17 8.998 8.877 8.767 9.106 8.964 8.844 8.745 8.576 8.555 8.385 8.195
538.2046 9.75 9.799 9.724 9.532 9.389 9.25 9.611 9.509 9.387 9.245 9.104 8.956 9.514 9.342 9.17 9.049 8.938 9.278 9.135 9.015 8.916 8.748 8.726 8.557 8.367
551.1878 9.922 9.971 9.896 9.703 9.561 9.422 9.782 9.681 9.558 9.416 9.276 9.127 9.686 9.513 9.341 9.221 9.11 9.449 9.307 9.187 9.088 8.92 8.898 8.729 8.538
564.4842 10.093 10.143 10.068 9.875 9.732 9.593 9.954 9.852 9.73 9.588 9.448 9.299 9.857 9.685 9.513 9.392 9.282 9.621 9.479 9.359 9.26 9.091 9.07 8.9 8.71
578.1013 10.265 10.314 10.239 10.046 9.904 9.765 10.126 10.024 9.902 9.76 9.619 9.471 10.029 9.857 9.685 9.564 9.453 9.793 9.65 9.53 9.431 9.263 9.241 9.072 8.882
592.0469 10.437 10.486 10.411 10.218 10.076 9.937 10.297 10.196 10.073 9.931 9.791 9.642 10.201 10.028 9.856 9.736 9.625 9.964 9.822 9.702 9.603 9.435 9.413 9.244 9.053
606.329 10.608 10.658 10.583 10.39 10.247 10.108 10.469 10.367 10.245 10.103 9.963 9.814 10.372 10.2 10.028 9.907 9.797 10.136 9.994 9.874 9.775 9.606 9.585 9.415 9.225
620.9555 10.78 10.829 10.754 10.561 10.419 10.28 10.641 10.539 10.417 10.275 10.134 9.986 10.544 10.372 10.2 10.079 9.968 10.308 10.165 10.045 9.946 9.778 9.756 9.587 9.397
635.9349 11.066 11.115 11.04 10.847 10.705 10.566 10.927 10.825 10.703 10.561 10.42 10.272 10.83 10.658 10.486 10.365 10.254 10.594 10.451 10.331 10.232 10.064 10.042 9.873 9.683
651.2757 11.401 11.45 11.375 11.182 11.04 10.901 11.262 11.16 11.037 10.896 10.755 10.607 11.165 10.992 10.821 10.7 10.589 10.929 10.786 10.666 10.567 10.399 10.377 10.208 10.018
666.9865 11.735 11.785 11.71 11.517 11.375 11.236 11.596 11.495 11.372 11.23 11.09 10.941 11.5 11.327 11.155 11.035 10.924 11.263 11.121 11.001 10.902 10.734 10.712 10.543 10.352
683.0763 12.07 12.12 12.045 11.852 11.71 11.57 11.931 11.83 11.707 11.565 11.425 11.276 11.835 11.662 11.49 11.369 11.259 11.598 11.456 11.336 11.237 11.069 11.047 10.878 10.687
699.5543 12.405 12.455 12.38 12.187 12.044 11.905 12.266 12.164 12.042 11.9 11.76 11.611 12.169 11.997 11.825 11.704 11.594 11.933 11.791 11.671 11.572 11.403 11.382 11.212 11.022
716.4297 12.74 12.789 12.715 12.522 12.379 12.24 12.601 12.499 12.377 12.235 12.094 11.946 12.504 12.332 12.16 12.039 11.928 12.268 12.125 12.006 11.906 11.738 11.717 11.547 11.357
733.7123 13.075 13.124 13.049 12.856 12.714 12.575 12.936 12.834 12.712 12.57 12.429 12.281 12.839 12.666 12.495 12.374 12.263 12.603 12.46 12.34 12.241 12.073 12.051 11.882 11.692
751.4117 13.41 13.459 13.384 13.191 13.049 12.91 13.271 13.169 13.046 12.905 12.764 12.616 13.174 13.001 12.829 12.709 12.598 12.938 12.795 12.675 12.576 12.408 12.386 12.217 12.026
769.5381 13.744 13.794 13.719 13.526 13.384 13.245 13.605 13.504 13.381 13.239 13.099 12.95 13.509 13.336 13.164 13.044 12.933 13.272 13.13 13.01 12.911 12.743 12.721 12.552 12.361
788.1018 14.079 14.129 14.054 13.861 13.718 13.579 13.94 13.839 13.716 13.574 13.434 13.285 13.844 13.671 13.499 13.378 13.268 13.607 13.465 13.345 13.246 13.078 13.056 12.887 12.696
807.1133 14.414 14.464 14.389 14.196 14.053 13.914 14.275 14.173 14.051 13.909 13.769 13.62 14.178 14.006 13.834 13.713 13.603 13.942 13.799 13.68 13.581 13.412 13.391 13.221 13.031
826.5834 14.749 14.798 14.724 14.531 14.388 14.249 14.61 14.508 14.386 14.244 14.103 13.955 14.513 14.341 14.169 14.048 13.937 14.277 14.134 14.014 13.915 13.747 13.725 13.556 13.366
846.5232 15.084 15.133 15.058 14.865 14.723 14.584 14.945 14.843 14.721 14.579 14.438 14.29 14.848 14.675 14.504 14.383 14.272 14.612 14.469 14.349 14.25 14.082 14.06 13.891 13.701
866.944 15.419 15.468 15.393 15.2 15.058 14.919 15.279 15.178 15.055 14.914 14.773 14.624 15.183 15.01 14.838 14.718 14.607 14.947 14.804 14.684 14.585 14.417 14.395 14.226 14.035
887.8575 15.753 15.803 15.728 15.535 15.393 15.254 15.614 15.513 15.39 15.248 15.108 14.959 15.518 15.345 15.173 15.053 14.942 15.281 15.139 15.019 14.92 14.752 14.73 14.561 14.37
909.2754 16.088 16.138 16.063 15.87 15.727 15.588 15.949 15.847 15.725 15.583 15.443 15.294 15.853 15.68 15.508 15.387 15.277 15.616 15.474 15.354 15.255 15.086 15.065 14.895 14.705
931.21 16.423 16.473 16.398 16.205 16.062 15.923 16.284 16.182 16.06 15.918 15.778 15.629 16.187 16.015 15.843 15.722 15.612 15.951 15.808 15.689 15.59 15.421 15.4 15.23 15.04
953.6737 16.758 16.807 16.732 16.54 16.397 16.258 16.619 16.517 16.395 16.253 16.112 15.964 16.522 16.35 16.178 16.057 15.946 16.286 16.143 16.023 15.924 15.756 15.734 15.565 15.375
976.6793 17.093 17.142 17.067 16.874 16.732 16.593 16.954 16.852 16.73 16.588 16.447 16.299 16.857 16.684 16.513 16.392 16.281 16.621 16.478 16.358 16.259 16.091 16.069 15.9 15.71
1000.2399 17.428 17.477 17.402 17.209 17.067 16.928 17.288 17.187 17.064 16.922 16.782 16.633 17.192 17.019 16.847 16.727 16.616 16.955 16.813 16.693 16.594 16.426 16.404 16.235 16.044
1024.3688 17.762 17.812 17.737 17.544 17.402 17.262 17.623 17.522 17.399 17.257 17.117 16.968 17.527 17.354 17.182 17.062 16.951 17.29 17.148 17.028 16.929 16.761 16.739 16.57 16.379
1049.0798 18.097 18.147 18.072 17.879 17.736 17.597 17.958 17.856 17.734 17.592 17.452 17.303 17.861 17.689 17.517 17.396 17.286 17.625 17.483 17.363 17.264 17.095 17.074 16.904 16.714
1074.3869 18.432 18.481 18.407 18.214 18.071 17.932 18.293 18.191 18.069 17.927 17.786 17.638 18.196 18.024 17.852 17.731 17.621 17.96 17.817 17.698 17.599 17.43 17.409 17.239 17.049
1100.3045 18.767 18.816 18.741 18.548 18.406 18.267 18.628 18.526 18.404 18.262 18.121 17.973 18.531 18.359 18.187 18.066 17.955 18.295 18.152 18.032 17.933 17.765 17.743 17.574 17.384
1126.8473 19.102 19.151 19.076 18.883 18.741 18.602 18.963 18.861 18.739 18.597 18.456 18.308 18.866 18.693 18.522 18.401 18.29 18.63 18.487 18.367 18.268 18.1 18.078 17.909 17.719
1154.0304 19.436 19.486 19.411 19.218 19.076 18.937 19.297 19.196 19.073 18.931 18.791 18.642 19.201 19.028 18.856 18.736 18.625 18.964 18.822 18.702 18.603 18.435 18.413 18.244 18.053
1181.8693 19.771 19.821 19.746 19.553 19.411 19.271 19.632 19.531 19.408 19.266 19.126 18.977 19.536 19.363 19.191 19.07 18.96 19.299 19.157 19.037 18.938 18.77 18.748 18.579 18.388
1210.3797 20.106 20.156 20.081 19.888 19.745 19.606 19.967 19.865 19.743 19.601 19.461 19.312 19.87 19.698 19.526 19.405 19.295 19.634 19.492 19.372 19.273 19.104 19.083 18.913 18.723
1239.5778 20.441 20.49 20.416 20.223 20.08 19.941 20.302 20.2 20.078 19.936 19.795 19.647 20.205 20.033 19.861 19.74 19.629 19.969 19.826 19.707 19.608 19.439 19.418 19.248 19.058
1269.4803 20.776 20.825 20.75 20.557 20.415 20.276 20.637 20.535 20.413 20.271 20.13 19.982 20.54 20.368 20.196 20.075 19.964 20.304 20.161 20.041 19.942 19.774 19.752 19.583 19.393
1300.1042 21.111 21.16 21.085 20.892 20.75 20.611 20.972 20.87 20.747 20.606 20.465 20.317 20.875 20.702 20.53 20.41 20.299 20.639 20.496 20.376 20.277 20.109 20.087 19.918 19.728
1331.4668 21.445 21.495 21.42 21.227 21.085 20.946 21.306 21.205 21.082 20.94 20.8 20.651 21.21 21.037 20.865 20.745 20.634 20.973 20.831 20.711 20.612 20.444 20.422 20.253 20.062
1363.586 21.78 21.83 21.755 21.562 21.42 21.28 21.641 21.54 21.417 21.275 21.135 20.986 21.545 21.372 21.2 21.079 20.969 21.308 21.166 21.046 20.947 20.779 20.757 20.588 20.397
1396.48 22.115 22.165 22.09 21.897 21.754 21.615 21.976 21.874 21.752 21.61 21.47 21.321 21.879 21.707 21.535 21.414 21.304 21.643 21.5 21.381 21.282 21.113 21.092 20.922 20.732
1430.1675 22.45 22.499 22.425 22.232 22.089 21.95 22.311 22.209 22.087 21.945 21.804 21.656 22.214 22.042 21.87 21.749 21.638 21.978 21.835 21.715 21.616 21.448 21.427 21.257 21.067
1464.6676 22.785 22.834 22.759 22.566 22.424 22.285 22.646 22.544 22.422 22.28 22.139 21.991 22.549 22.376 22.205 22.084 21.973 22.313 22.17 22.05 21.951 21.783 21.761 21.592 21.402
1500.0 23.12 23.169 23.094 22.901 22.759 22.62 22.981 22.879 22.756 22.615 22.474 22.325 22.884 22.711 22.539 22.419 22.308 22.648 22.505 22.385 22.286 22.118 22.096 21.927 21.736
