# %ECSV 1.0
# ---
# datatype:
# - {name: time, datatype: float64}
# - {name: swift_uvot_uvw2, datatype: float64}
# - {name: swift_uvot_uvm2, datatype: float64}
# - {name: swift_uvot_uvw1, datatype: float64}
# - {name: swift_uvot_U, datatype: float64}
# - {name: swift_uvot_B, datatype: float64}
# - {name: swift_uvot_V, datatype: float64}
# - {name: swift_uvot_W, datatype: float64}
# - {name: johnson_U, datatype: float64}
# - {name: johnson_B, datatype: float64}
# - {name: johnson_V, datatype: float64}
# - {name: johnson_R, datatype: float64}
# - {name: johnson_I, datatype: float64}
# - {name: sdss_u, datatype: float64}
# - {name: sdss_g, datatype: float64}
# - {name: sdss_r, datatype: float64}
# - {name: sdss_i, datatype: float64}
# - {name: sdss_z, datatype: float64}
# - {name: PS1_g, datatype: float64}
# - {name: PS1_r, datatype: float64}
# - {name: PS1_i, datatype: float64}
# - {name: PS1_z, datatype: float64}
# - {name: PS1_Y, datatype: float64}
# - {name: PS1_w, datatype: float64}
# - {name: ATLAS_c, datatype: float64}
# - {name: ATLAS_o, datatype: float64}
# - {name: ukirt_J, datatype: float64}
# - {name: ukirt_H, datatype: float64}
# - {name: ukirt_K, datatype: float64}
# - {name: Clear, datatype: float64}
# meta: !!omap
# - comment: [kappa = 1.0, type = villar, mass = 0.33039895931513485, velocity = 0.3746666666666667, theta_obs = 0.0]
# schema: astropy-2.0
time swift_uvot_uvw2 swift_uvot_uvm2 swift_uvot_uvw1 swift_uvot_U swift_uvot_B swift_uvot_V swift_uvot_W johnson_U johnson_B johnson_V johnson_R johnson_I sdss_u sdss_g sdss_r sdss_i sdss_z PS1_g PS1_r PS1_i PS1_z PS1_Y PS1_w ATLAS_c ATLAS_o ukirt_J ukirt_H ukirt_K Clear
0.001 nan nan nan nan nan nan nan nan nan nan nan nan nan nan nan nan nan nan nan nan nan nan nan nan nan nan nan nan nan
0.00103 -6.391 -6.315 -6.24 -5.982 -5.701 -5.376 -6.093 -5.942 -5.697 -5.366 -5.014 -4.597 -5.95 -5.598 -5.174 -4.849 -4.536 -5.582 -5.204 -4.886 -4.674 -4.648 -5.222 -5.433 -5.04 -3.899 -3.372 -2.758 -5.288
0.001061 -6.959 -6.821 -6.715 -6.379 -6.061 -5.708 -6.562 -6.332 -6.057 -5.698 -5.327 -4.893 -6.341 -5.949 -5.494 -5.153 -4.829 -5.937 -5.535 -5.205 -4.995 -5.005 -5.55 -5.772 -5.354 -4.175 -3.639 -3.017 -5.623
0.001094 -7.281 -7.109 -6.989 -6.615 -6.28 -5.914 -6.834 -6.566 -6.277 -5.903 -5.524 -5.082 -6.575 -6.164 -5.694 -5.346 -5.016 -6.155 -5.742 -5.407 -5.201 -5.234 -5.754 -5.981 -5.552 -4.355 -3.814 -3.189 -5.83
0.001127 -7.51 -7.316 -7.188 -6.791 -6.445 -6.071 -7.032 -6.739 -6.441 -6.06 -5.675 -5.228 -6.749 -6.326 -5.848 -5.495 -5.162 -6.32 -5.9 -5.563 -5.36 -5.411 -5.91 -6.14 -5.703 -4.495 -3.952 -3.324 -5.988
0.001161 -7.692 -7.482 -7.347 -6.934 -6.582 -6.202 -7.191 -6.882 -6.578 -6.191 -5.802 -5.352 -6.892 -6.46 -5.976 -5.62 -5.285 -6.457 -6.032 -5.694 -5.494 -5.558 -6.04 -6.272 -5.831 -4.615 -4.07 -3.44 -6.12
0.001196 -7.844 -7.622 -7.483 -7.058 -6.7 -6.316 -7.327 -7.005 -6.697 -6.306 -5.914 -5.461 -7.015 -6.578 -6.089 -5.731 -5.394 -6.576 -6.149 -5.81 -5.612 -5.687 -6.154 -6.387 -5.943 -4.721 -4.175 -3.544 -6.235
0.001232 -7.977 -7.745 -7.602 -7.169 -6.807 -6.42 -7.447 -7.115 -6.803 -6.41 -6.016 -5.561 -7.125 -6.684 -6.192 -5.831 -5.493 -6.683 -6.254 -5.914 -5.718 -5.802 -6.258 -6.492 -6.045 -4.819 -4.272 -3.64 -6.339
0.001269 -8.096 -7.856 -7.711 -7.271 -6.906 -6.516 -7.555 -7.216 -6.902 -6.505 -6.11 -5.653 -7.226 -6.781 -6.286 -5.925 -5.586 -6.782 -6.351 -6.011 -5.817 -5.907 -6.353 -6.588 -6.139 -4.91 -4.362 -3.729 -6.435
0.001308 -8.204 -7.958 -7.811 -7.365 -6.997 -6.606 -7.655 -7.31 -6.994 -6.595 -6.199 -5.741 -7.32 -6.873 -6.376 -6.013 -5.673 -6.875 -6.442 -6.101 -5.909 -6.005 -6.443 -6.679 -6.228 -4.996 -4.447 -3.814 -6.525
0.001347 -8.304 -8.053 -7.904 -7.454 -7.084 -6.691 -7.748 -7.399 -7.08 -6.681 -6.283 -5.824 -7.409 -6.959 -6.46 -6.097 -5.756 -6.962 -6.528 -6.187 -5.996 -6.097 -6.528 -6.765 -6.312 -5.078 -4.529 -3.895 -6.611
0.001388 -8.398 -8.142 -7.992 -7.538 -7.167 -6.773 -7.836 -7.483 -7.163 -6.762 -6.364 -5.904 -7.493 -7.041 -6.541 -6.177 -5.836 -7.045 -6.61 -6.269 -6.079 -6.184 -6.609 -6.846 -6.393 -5.157 -4.607 -3.974 -6.693
0.00143 -8.487 -8.227 -8.076 -7.619 -7.247 -6.852 -7.92 -7.563 -7.243 -6.841 -6.442 -5.981 -7.574 -7.121 -6.619 -6.254 -5.913 -7.125 -6.689 -6.349 -6.159 -6.268 -6.688 -6.925 -6.471 -5.233 -4.683 -4.049 -6.771
0.001473 -8.571 -8.308 -8.156 -7.697 -7.323 -6.928 -8.0 -7.641 -7.32 -6.917 -6.517 -6.056 -7.651 -7.197 -6.695 -6.33 -5.988 -7.202 -6.766 -6.425 -6.236 -6.347 -6.764 -7.001 -6.546 -5.308 -4.757 -4.123 -6.847
0.001518 -8.651 -8.386 -8.233 -7.772 -7.398 -7.001 -8.078 -7.716 -7.394 -6.991 -6.59 -6.129 -7.727 -7.271 -6.768 -6.403 -6.061 -7.277 -6.84 -6.499 -6.311 -6.424 -6.837 -7.075 -6.619 -5.38 -4.83 -4.195 -6.921
0.001564 -8.728 -8.461 -8.308 -7.846 -7.47 -7.073 -8.152 -7.789 -7.467 -7.062 -6.662 -6.2 -7.8 -7.344 -6.84 -6.474 -6.132 -7.35 -6.912 -6.571 -6.384 -6.499 -6.909 -7.147 -6.691 -5.451 -4.9 -4.266 -6.993
0.001611 -8.802 -8.534 -8.38 -7.917 -7.541 -7.144 -8.225 -7.861 -7.537 -7.133 -6.732 -6.27 -7.871 -7.414 -6.91 -6.544 -6.202 -7.421 -6.983 -6.642 -6.455 -6.571 -6.98 -7.218 -6.761 -5.521 -4.97 -4.335 -7.064
0.00166 -8.874 -8.605 -8.451 -7.987 -7.61 -7.213 -8.295 -7.93 -7.607 -7.202 -6.801 -6.339 -7.94 -7.483 -6.979 -6.613 -6.27 -7.49 -7.052 -6.711 -6.524 -6.642 -7.048 -7.287 -6.83 -5.589 -5.038 -4.403 -7.133
0.00171 -8.944 -8.674 -8.52 -8.055 -7.678 -7.28 -8.364 -7.998 -7.675 -7.27 -6.868 -6.406 -8.009 -7.551 -7.047 -6.68 -6.338 -7.558 -7.12 -6.779 -6.592 -6.711 -7.116 -7.355 -6.897 -5.656 -5.105 -4.47 -7.201
0.001761 -9.012 -8.741 -8.587 -8.122 -7.745 -7.347 -8.432 -8.065 -7.741 -7.336 -6.935 -6.472 -8.076 -7.618 -7.113 -6.747 -6.404 -7.625 -7.187 -6.846 -6.659 -6.778 -7.183 -7.421 -6.964 -5.723 -5.172 -4.537 -7.267
0.001815 -9.078 -8.807 -8.653 -8.187 -7.811 -7.413 -8.498 -8.131 -7.807 -7.402 -7.001 -6.538 -8.141 -7.684 -7.179 -6.812 -6.47 -7.691 -7.252 -6.911 -6.725 -6.844 -7.248 -7.487 -7.03 -5.788 -5.237 -4.602 -7.333
0.00187 -9.143 -8.872 -8.718 -8.252 -7.876 -7.477 -8.562 -8.196 -7.872 -7.467 -7.065 -6.603 -8.206 -7.748 -7.244 -6.877 -6.534 -7.755 -7.317 -6.976 -6.789 -6.909 -7.313 -7.552 -7.094 -5.853 -5.302 -4.667 -7.398
0.001926 -9.207 -8.936 -8.781 -8.316 -7.94 -7.541 -8.626 -8.26 -7.936 -7.531 -7.129 -6.667 -8.27 -7.812 -7.308 -6.941 -6.598 -7.819 -7.381 -7.04 -6.853 -6.972 -7.377 -7.616 -7.158 -5.917 -5.366 -4.731 -7.462
0.001984 -9.269 -8.998 -8.844 -8.379 -8.003 -7.605 -8.689 -8.323 -7.999 -7.594 -7.193 -6.73 -8.333 -7.876 -7.371 -7.004 -6.662 -7.882 -7.444 -7.103 -6.916 -7.035 -7.44 -7.679 -7.222 -5.98 -5.429 -4.794 -7.525
0.002044 -9.33 -9.06 -8.906 -8.441 -8.065 -7.667 -8.75 -8.385 -8.061 -7.656 -7.255 -6.793 -8.395 -7.938 -7.434 -7.067 -6.724 -7.945 -7.507 -7.166 -6.979 -7.097 -7.503 -7.741 -7.284 -6.043 -5.492 -4.857 -7.587
0.002106 -9.39 -9.121 -8.967 -8.503 -8.127 -7.729 -8.811 -8.446 -8.123 -7.718 -7.317 -6.855 -8.457 -8.0 -7.496 -7.129 -6.787 -8.006 -7.569 -7.227 -7.04 -7.158 -7.565 -7.803 -7.346 -6.105 -5.555 -4.92 -7.649
0.00217 -9.449 -9.181 -9.027 -8.564 -8.188 -7.79 -8.871 -8.507 -8.184 -7.78 -7.379 -6.917 -8.517 -8.061 -7.557 -7.191 -6.848 -8.067 -7.63 -7.289 -7.101 -7.218 -7.626 -7.865 -7.408 -6.167 -5.617 -4.982 -7.711
0.002236 -9.507 -9.24 -9.086 -8.624 -8.248 -7.851 -8.931 -8.567 -8.245 -7.84 -7.44 -6.978 -8.578 -8.122 -7.618 -7.252 -6.91 -8.128 -7.69 -7.349 -7.162 -7.277 -7.687 -7.925 -7.469 -6.229 -5.678 -5.043 -7.771
0.002303 -9.564 -9.298 -9.145 -8.683 -8.309 -7.912 -8.99 -8.627 -8.305 -7.901 -7.5 -7.039 -8.637 -8.182 -7.679 -7.313 -6.97 -8.188 -7.751 -7.41 -7.222 -7.336 -7.748 -7.986 -7.529 -6.29 -5.739 -5.105 -7.832
0.002373 -9.621 -9.356 -9.203 -8.742 -8.368 -7.972 -9.048 -8.686 -8.364 -7.961 -7.561 -7.099 -8.697 -8.241 -7.739 -7.373 -7.031 -8.247 -7.81 -7.469 -7.281 -7.394 -7.807 -8.046 -7.59 -6.35 -5.8 -5.165 -7.892
0.002445 -9.676 -9.413 -9.261 -8.801 -8.427 -8.031 -9.105 -8.745 -8.423 -8.02 -7.62 -7.159 -8.755 -8.301 -7.798 -7.433 -7.091 -8.306 -7.869 -7.529 -7.34 -7.452 -7.867 -8.105 -7.649 -6.411 -5.86 -5.226 -7.951
0.002519 -9.732 -9.47 -9.318 -8.859 -8.486 -8.09 -9.162 -8.803 -8.482 -8.079 -7.68 -7.219 -8.814 -8.359 -7.858 -7.492 -7.15 -8.365 -7.928 -7.587 -7.398 -7.509 -7.926 -8.164 -7.709 -6.47 -5.92 -5.286 -8.01
0.002595 -9.786 -9.526 -9.374 -8.917 -8.544 -8.149 -9.219 -8.861 -8.54 -8.138 -7.739 -7.278 -8.871 -8.418 -7.916 -7.551 -7.21 -8.423 -7.987 -7.646 -7.456 -7.566 -7.985 -8.223 -7.768 -6.53 -5.98 -5.346 -8.069
0.002673 -9.84 -9.581 -9.43 -8.974 -8.602 -8.207 -9.275 -8.919 -8.598 -8.196 -7.797 -7.337 -8.929 -8.476 -7.975 -7.61 -7.269 -8.48 -8.045 -7.704 -7.514 -7.622 -8.043 -8.281 -7.826 -6.589 -6.04 -5.406 -8.127
0.002754 -9.893 -9.636 -9.486 -9.031 -8.66 -8.265 -9.33 -8.976 -8.656 -8.254 -7.856 -7.396 -8.986 -8.534 -8.033 -7.669 -7.328 -8.538 -8.102 -7.762 -7.572 -7.678 -8.101 -8.339 -7.885 -6.648 -6.099 -5.465 -8.185
0.002837 -9.946 -9.691 -9.541 -9.088 -8.717 -8.323 -9.385 -9.032 -8.713 -8.312 -7.914 -7.454 -9.042 -8.591 -8.091 -7.727 -7.386 -8.595 -8.16 -7.819 -7.629 -7.733 -8.159 -8.396 -7.943 -6.707 -6.158 -5.524 -8.243
0.002923 -9.998 -9.745 -9.595 -9.144 -8.774 -8.38 -9.44 -9.089 -8.77 -8.37 -7.972 -7.512 -9.099 -8.648 -8.149 -7.785 -7.444 -8.652 -8.217 -7.876 -7.685 -7.788 -8.217 -8.454 -8.0 -6.766 -6.216 -5.583 -8.3
0.003012 -10.05 -9.798 -9.65 -9.2 -8.83 -8.438 -9.494 -9.145 -8.826 -8.427 -8.029 -7.57 -9.155 -8.705 -8.206 -7.843 -7.502 -8.708 -8.274 -7.933 -7.742 -7.843 -8.274 -8.511 -8.058 -6.824 -6.275 -5.642 -8.357
0.003103 -10.101 -9.852 -9.703 -9.255 -8.887 -8.494 -9.548 -9.2 -8.883 -8.484 -8.087 -7.628 -9.21 -8.761 -8.263 -7.9 -7.56 -8.764 -8.33 -7.99 -7.798 -7.897 -8.331 -8.567 -8.115 -6.882 -6.333 -5.7 -8.414
0.003196 -10.152 -9.904 -9.757 -9.311 -8.943 -8.551 -9.601 -9.256 -8.939 -8.54 -8.144 -7.685 -9.266 -8.818 -8.32 -7.957 -7.617 -8.82 -8.387 -8.046 -7.854 -7.951 -8.388 -8.624 -8.172 -6.94 -6.391 -5.758 -8.47
0.003293 -10.202 -9.957 -9.81 -9.366 -8.998 -8.607 -9.654 -9.311 -8.995 -8.597 -8.2 -7.742 -9.321 -8.874 -8.377 -8.014 -7.675 -8.876 -8.443 -8.103 -7.91 -8.005 -8.444 -8.68 -8.229 -6.998 -6.449 -5.816 -8.527
0.003393 -10.252 -10.009 -9.863 -9.42 -9.054 -8.664 -9.707 -9.366 -9.05 -8.653 -8.257 -7.799 -9.376 -8.929 -8.433 -8.071 -7.732 -8.931 -8.499 -8.158 -7.965 -8.058 -8.5 -8.736 -8.286 -7.055 -6.507 -5.874 -8.583
0.003495 -10.302 -10.061 -9.916 -9.475 -9.109 -8.72 -9.76 -9.42 -9.105 -8.709 -8.313 -7.856 -9.43 -8.985 -8.49 -8.128 -7.789 -8.986 -8.554 -8.214 -8.02 -8.112 -8.556 -8.792 -8.342 -7.112 -6.564 -5.932 -8.639
0.003601 -10.351 -10.112 -9.968 -9.529 -9.164 -8.775 -9.812 -9.474 -9.16 -8.765 -8.37 -7.913 -9.484 -9.04 -8.546 -8.184 -7.845 -9.041 -8.61 -8.27 -8.075 -8.165 -8.612 -8.847 -8.398 -7.17 -6.622 -5.99 -8.694
0.00371 -10.4 -10.163 -10.02 -9.583 -9.219 -8.831 -9.864 -9.528 -9.215 -8.82 -8.426 -7.969 -9.539 -9.095 -8.602 -8.241 -7.902 -9.096 -8.665 -8.325 -8.13 -8.217 -8.668 -8.903 -8.454 -7.227 -6.679 -6.047 -8.75
0.003822 -10.448 -10.214 -10.071 -9.636 -9.274 -8.886 -9.915 -9.582 -9.27 -8.875 -8.482 -8.026 -9.592 -9.15 -8.657 -8.297 -7.958 -9.15 -8.72 -8.38 -8.185 -8.27 -8.723 -8.958 -8.51 -7.283 -6.736 -6.104 -8.805
0.003938 -10.496 -10.265 -10.123 -9.69 -9.328 -8.941 -9.967 -9.636 -9.324 -8.931 -8.537 -8.082 -9.646 -9.205 -8.713 -8.353 -8.015 -9.204 -8.775 -8.435 -8.239 -8.322 -8.779 -9.013 -8.566 -7.34 -6.793 -6.161 -8.86
0.004057 -10.544 -10.315 -10.174 -9.743 -9.382 -8.996 -10.018 -9.689 -9.379 -8.986 -8.593 -8.138 -9.699 -9.259 -8.768 -8.408 -8.071 -9.258 -8.829 -8.49 -8.293 -8.374 -8.834 -9.068 -8.621 -7.397 -6.85 -6.218 -8.915
0.00418 -10.592 -10.365 -10.224 -9.796 -9.436 -9.051 -10.069 -9.742 -9.433 -9.04 -8.648 -8.194 -9.752 -9.313 -8.823 -8.464 -8.127 -9.312 -8.884 -8.545 -8.348 -8.426 -8.889 -9.122 -8.676 -7.453 -6.906 -6.275 -8.97
0.004306 -10.639 -10.415 -10.275 -9.849 -9.49 -9.106 -10.119 -9.795 -9.486 -9.095 -8.703 -8.249 -9.805 -9.368 -8.878 -8.519 -8.182 -9.366 -8.938 -8.599 -8.401 -8.478 -8.943 -9.177 -8.732 -7.509 -6.963 -6.332 -9.024
0.004436 -10.686 -10.464 -10.325 -9.901 -9.544 -9.16 -10.169 -9.848 -9.54 -9.149 -8.758 -8.305 -9.858 -9.421 -8.933 -8.575 -8.238 -9.419 -8.992 -8.653 -8.455 -8.529 -8.998 -9.231 -8.787 -7.565 -7.019 -6.389 -9.079
0.00457 -10.732 -10.513 -10.375 -9.954 -9.597 -9.215 -10.219 -9.901 -9.594 -9.204 -8.813 -8.36 -9.911 -9.475 -8.988 -8.63 -8.293 -9.473 -9.046 -8.707 -8.509 -8.581 -9.052 -9.285 -8.841 -7.621 -7.076 -6.445 -9.133
0.004709 -10.778 -10.562 -10.425 -10.006 -9.651 -9.269 -10.269 -9.953 -9.647 -9.258 -8.868 -8.416 -9.963 -9.529 -9.042 -8.685 -8.349 -9.526 -9.1 -8.761 -8.563 -8.632 -9.107 -9.339 -8.896 -7.677 -7.132 -6.502 -9.187
0.004851 -10.824 -10.611 -10.474 -10.058 -9.704 -9.323 -10.319 -10.005 -9.7 -9.312 -8.923 -8.471 -10.015 -9.582 -9.097 -8.74 -8.404 -9.579 -9.154 -8.815 -8.616 -8.683 -9.161 -9.393 -8.951 -7.733 -7.188 -6.558 -9.241
0.004998 -10.87 -10.659 -10.524 -10.11 -9.757 -9.377 -10.368 -10.057 -9.753 -9.366 -8.977 -8.526 -10.067 -9.636 -9.151 -8.794 -8.459 -9.632 -9.207 -8.869 -8.669 -8.734 -9.215 -9.447 -9.005 -7.789 -7.244 -6.614 -9.294
0.005149 -10.915 -10.707 -10.573 -10.162 -9.81 -9.43 -10.417 -10.109 -9.806 -9.42 -9.031 -8.581 -10.119 -9.689 -9.205 -8.849 -8.514 -9.685 -9.261 -8.923 -8.722 -8.785 -9.269 -9.5 -9.06 -7.844 -7.3 -6.67 -9.348
0.005305 -10.961 -10.755 -10.622 -10.213 -9.862 -9.484 -10.466 -10.161 -9.858 -9.473 -9.086 -8.636 -10.171 -9.742 -9.259 -8.904 -8.569 -9.737 -9.314 -8.976 -8.775 -8.836 -9.322 -9.553 -9.114 -7.9 -7.356 -6.726 -9.402
0.005465 -11.005 -10.802 -10.67 -10.264 -9.915 -9.537 -10.515 -10.212 -9.911 -9.527 -9.14 -8.69 -10.222 -9.794 -9.313 -8.958 -8.624 -9.79 -9.367 -9.03 -8.828 -8.886 -9.376 -9.607 -9.168 -7.955 -7.411 -6.782 -9.455
0.00563 -11.05 -10.85 -10.719 -10.315 -9.967 -9.591 -10.563 -10.264 -9.963 -9.58 -9.194 -8.745 -10.274 -9.847 -9.367 -9.012 -8.678 -9.842 -9.42 -9.083 -8.881 -8.937 -9.429 -9.66 -9.222 -8.01 -7.467 -6.838 -9.508
0.005801 -11.094 -10.897 -10.767 -10.366 -10.019 -9.644 -10.611 -10.315 -10.016 -9.633 -9.248 -8.799 -10.325 -9.9 -9.42 -9.066 -8.733 -9.894 -9.473 -9.136 -8.934 -8.987 -9.483 -9.713 -9.276 -8.066 -7.522 -6.894 -9.561
0.005976 -11.138 -10.944 -10.815 -10.417 -10.071 -9.697 -10.659 -10.366 -10.068 -9.686 -9.301 -8.854 -10.376 -9.952 -9.474 -9.12 -8.788 -9.946 -9.526 -9.189 -8.987 -9.038 -9.536 -9.766 -9.329 -8.121 -7.578 -6.95 -9.614
0.006157 -11.182 -10.991 -10.863 -10.468 -10.123 -9.75 -10.707 -10.417 -10.12 -9.739 -9.355 -8.908 -10.427 -10.004 -9.527 -9.174 -8.842 -9.998 -9.579 -9.242 -9.039 -9.088 -9.589 -9.818 -9.383 -8.176 -7.633 -7.005 -9.667
0.006343 -11.226 -11.037 -10.91 -10.518 -10.175 -9.803 -10.755 -10.467 -10.171 -9.792 -9.408 -8.962 -10.477 -10.057 -9.58 -9.228 -8.896 -10.05 -9.631 -9.295 -9.091 -9.138 -9.642 -9.871 -9.436 -8.23 -7.688 -7.061 -9.72
0.006535 -11.269 -11.083 -10.958 -10.569 -10.227 -9.855 -10.802 -10.518 -10.223 -9.845 -9.462 -9.016 -10.528 -10.109 -9.633 -9.282 -8.95 -10.101 -9.684 -9.348 -9.144 -9.188 -9.695 -9.923 -9.49 -8.285 -7.743 -7.116 -9.772
0.006732 -11.312 -11.129 -11.005 -10.619 -10.278 -9.908 -10.849 -10.568 -10.275 -9.897 -9.515 -9.07 -10.578 -10.16 -9.687 -9.336 -9.004 -10.153 -9.736 -9.401 -9.196 -9.238 -9.748 -9.976 -9.543 -8.34 -7.798 -7.172 -9.825
0.006936 -11.355 -11.175 -11.052 -10.669 -10.33 -9.96 -10.896 -10.619 -10.326 -9.95 -9.568 -9.124 -10.628 -10.212 -9.739 -9.389 -9.058 -10.204 -9.788 -9.453 -9.248 -9.288 -9.8 -10.028 -9.596 -8.395 -7.854 -7.227 -9.877
0.007146 -11.397 -11.221 -11.098 -10.719 -10.381 -10.013 -10.943 -10.669 -10.377 -10.002 -9.622 -9.178 -10.678 -10.264 -9.792 -9.443 -9.112 -10.256 -9.841 -9.506 -9.3 -9.338 -9.853 -10.08 -9.649 -8.449 -7.908 -7.282 -9.929
0.007362 -11.44 -11.266 -11.145 -10.768 -10.432 -10.065 -10.99 -10.719 -10.429 -10.055 -9.675 -9.232 -10.728 -10.315 -9.845 -9.496 -9.166 -10.307 -9.893 -9.558 -9.352 -9.388 -9.905 -10.132 -9.702 -8.504 -7.963 -7.337 -9.982
0.007585 -11.482 -11.311 -11.191 -10.818 -10.483 -10.117 -11.036 -10.769 -10.48 -10.107 -9.728 -9.285 -10.778 -10.367 -9.898 -9.549 -9.22 -10.358 -9.945 -9.611 -9.404 -9.437 -9.957 -10.184 -9.755 -8.558 -8.018 -7.392 -10.034
0.007814 -11.524 -11.356 -11.237 -10.867 -10.534 -10.169 -11.082 -10.818 -10.53 -10.159 -9.78 -9.339 -10.828 -10.418 -9.95 -9.603 -9.274 -10.409 -9.997 -9.663 -9.456 -9.487 -10.01 -10.236 -9.808 -8.613 -8.073 -7.447 -10.085
0.00805 -11.565 -11.401 -11.283 -10.917 -10.585 -10.221 -11.129 -10.868 -10.581 -10.211 -9.833 -9.392 -10.877 -10.469 -10.003 -9.656 -9.327 -10.46 -10.048 -9.715 -9.508 -9.536 -10.062 -10.287 -9.861 -8.667 -8.128 -7.502 -10.137
0.008294 -11.607 -11.445 -11.329 -10.966 -10.636 -10.273 -11.174 -10.917 -10.632 -10.263 -9.886 -9.446 -10.927 -10.52 -10.055 -9.709 -9.381 -10.51 -10.1 -9.767 -9.56 -9.586 -10.114 -10.339 -9.913 -8.721 -8.182 -7.557 -10.189
0.008545 -11.648 -11.49 -11.375 -11.015 -10.686 -10.325 -11.22 -10.966 -10.682 -10.314 -9.938 -9.499 -10.976 -10.571 -10.107 -9.762 -9.434 -10.561 -10.152 -9.819 -9.612 -9.635 -10.166 -10.39 -9.966 -8.775 -8.237 -7.612 -10.241
0.008803 -11.689 -11.534 -11.42 -11.063 -10.737 -10.376 -11.266 -11.015 -10.733 -10.366 -9.991 -9.552 -11.025 -10.622 -10.16 -9.815 -9.488 -10.612 -10.203 -9.871 -9.663 -9.685 -10.218 -10.442 -10.018 -8.829 -8.291 -7.667 -10.292
0.009069 -11.73 -11.577 -11.465 -11.112 -10.787 -10.428 -11.311 -11.064 -10.783 -10.418 -10.043 -9.605 -11.074 -10.673 -10.212 -9.867 -9.541 -10.662 -10.255 -9.923 -9.715 -9.734 -10.269 -10.493 -10.071 -8.883 -8.346 -7.722 -10.344
0.009344 -11.77 -11.621 -11.51 -11.161 -10.837 -10.479 -11.356 -11.113 -10.833 -10.469 -10.096 -9.659 -11.123 -10.723 -10.264 -9.92 -9.594 -10.712 -10.306 -9.975 -9.766 -9.783 -10.321 -10.544 -10.123 -8.937 -8.4 -7.777 -10.395
0.009626 -11.811 -11.665 -11.555 -11.209 -10.887 -10.531 -11.401 -11.162 -10.883 -10.52 -10.148 -9.712 -11.171 -10.774 -10.315 -9.973 -9.647 -10.762 -10.357 -10.027 -9.818 -9.833 -10.372 -10.595 -10.175 -8.991 -8.454 -7.831 -10.446
0.009917 -11.851 -11.708 -11.6 -11.257 -10.937 -10.582 -11.446 -11.211 -10.933 -10.572 -10.2 -9.765 -11.22 -10.824 -10.367 -10.025 -9.7 -10.813 -10.409 -10.078 -9.869 -9.882 -10.424 -10.646 -10.227 -9.045 -8.509 -7.886 -10.497
0.010217 -11.89 -11.751 -11.644 -11.306 -10.987 -10.633 -11.491 -11.259 -10.983 -10.623 -10.252 -9.817 -11.268 -10.875 -10.419 -10.078 -9.753 -10.863 -10.46 -10.13 -9.92 -9.931 -10.475 -10.697 -10.279 -9.099 -8.563 -7.941 -10.548
0.010526 -11.93 -11.794 -11.689 -11.354 -11.037 -10.684 -11.535 -11.307 -11.033 -10.674 -10.304 -9.87 -11.317 -10.925 -10.471 -10.13 -9.806 -10.912 -10.511 -10.181 -9.972 -9.98 -10.526 -10.748 -10.331 -9.153 -8.617 -7.995 -10.599
0.010845 -11.969 -11.836 -11.733 -11.401 -11.086 -10.735 -11.579 -11.355 -11.083 -10.725 -10.356 -9.923 -11.365 -10.975 -10.522 -10.182 -9.859 -10.962 -10.562 -10.233 -10.023 -10.029 -10.578 -10.798 -10.383 -9.206 -8.671 -8.05 -10.65
0.011173 -12.009 -11.879 -11.777 -11.449 -11.136 -10.786 -11.623 -11.403 -11.132 -10.776 -10.408 -9.976 -11.413 -11.025 -10.574 -10.234 -9.912 -11.012 -10.613 -10.284 -10.074 -10.078 -10.629 -10.849 -10.435 -9.26 -8.725 -8.104 -10.701
0.011511 -12.047 -11.921 -11.82 -11.497 -11.185 -10.837 -11.667 -11.451 -11.182 -10.826 -10.459 -10.028 -11.461 -11.075 -10.625 -10.287 -9.964 -11.062 -10.663 -10.336 -10.125 -10.127 -10.68 -10.899 -10.486 -9.313 -8.779 -8.158 -10.751
0.011859 -12.086 -11.963 -11.864 -11.544 -11.235 -10.887 -11.711 -11.499 -11.231 -10.877 -10.511 -10.081 -11.508 -11.124 -10.676 -10.339 -10.017 -11.111 -10.714 -10.387 -10.176 -10.176 -10.731 -10.95 -10.538 -9.367 -8.833 -8.213 -10.802
0.012217 -12.125 -12.004 -11.907 -11.591 -11.284 -10.938 -11.755 -11.547 -11.28 -10.928 -10.563 -10.133 -11.556 -11.174 -10.727 -10.391 -10.07 -11.16 -10.765 -10.438 -10.227 -10.225 -10.781 -11.0 -10.589 -9.42 -8.887 -8.267 -10.852
0.012587 -12.163 -12.046 -11.95 -11.639 -11.333 -10.989 -11.798 -11.594 -11.329 -10.978 -10.614 -10.186 -11.603 -11.224 -10.779 -10.443 -10.122 -11.21 -10.815 -10.489 -10.278 -10.274 -10.832 -11.05 -10.641 -9.474 -8.941 -8.321 -10.903
0.012968 -12.201 -12.087 -11.993 -11.686 -11.382 -11.039 -11.841 -11.642 -11.378 -11.029 -10.666 -10.238 -11.651 -11.273 -10.83 -10.495 -10.175 -11.259 -10.866 -10.54 -10.329 -10.323 -10.883 -11.1 -10.692 -9.527 -8.995 -8.375 -10.953
0.01336 -12.239 -12.128 -12.036 -11.733 -11.431 -11.089 -11.884 -11.689 -11.427 -11.079 -10.717 -10.29 -11.698 -11.322 -10.881 -10.546 -10.227 -11.308 -10.916 -10.591 -10.38 -10.372 -10.933 -11.15 -10.743 -9.58 -9.048 -8.43 -11.003
0.013764 -12.276 -12.169 -12.078 -11.779 -11.479 -11.139 -11.927 -11.736 -11.476 -11.129 -10.768 -10.342 -11.745 -11.372 -10.931 -10.598 -10.279 -11.357 -10.967 -10.642 -10.431 -10.421 -10.984 -11.2 -10.795 -9.633 -9.102 -8.484 -11.053
0.01418 -12.313 -12.21 -12.121 -11.826 -11.528 -11.19 -11.97 -11.783 -11.524 -11.179 -10.819 -10.394 -11.792 -11.421 -10.982 -10.65 -10.332 -11.406 -11.017 -10.693 -10.481 -10.47 -11.034 -11.25 -10.846 -9.687 -9.156 -8.538 -11.103
0.014609 -12.35 -12.25 -12.163 -11.872 -11.577 -11.24 -12.012 -11.83 -11.573 -11.229 -10.87 -10.446 -11.839 -11.47 -11.033 -10.701 -10.384 -11.455 -11.067 -10.744 -10.532 -10.519 -11.084 -11.299 -10.897 -9.74 -9.209 -8.592 -11.153
0.015051 -12.387 -12.29 -12.205 -11.919 -11.625 -11.29 -12.055 -11.876 -11.621 -11.279 -10.921 -10.498 -11.885 -11.519 -11.084 -10.753 -10.436 -11.504 -11.117 -10.795 -10.583 -10.567 -11.135 -11.349 -10.948 -9.793 -9.263 -8.646 -11.203
0.015506 -12.424 -12.33 -12.247 -11.965 -11.673 -11.339 -12.097 -11.923 -11.669 -11.329 -10.972 -10.55 -11.932 -11.567 -11.134 -10.804 -10.488 -11.552 -11.167 -10.845 -10.633 -10.616 -11.185 -11.399 -10.999 -9.846 -9.317 -8.7 -11.252
0.015975 -12.46 -12.37 -12.288 -12.011 -11.721 -11.389 -12.139 -11.969 -11.718 -11.379 -11.023 -10.602 -11.978 -11.616 -11.185 -10.856 -10.54 -11.601 -11.217 -10.896 -10.684 -10.665 -11.235 -11.448 -11.049 -9.899 -9.37 -8.754 -11.302
0.016458 -12.496 -12.41 -12.329 -12.057 -11.769 -11.439 -12.181 -12.016 -11.766 -11.429 -11.074 -10.654 -12.024 -11.665 -11.235 -10.907 -10.592 -11.649 -11.267 -10.947 -10.734 -10.714 -11.285 -11.497 -11.1 -9.952 -9.423 -8.808 -11.352
0.016956 -12.532 -12.449 -12.371 -12.103 -11.817 -11.488 -12.222 -12.062 -11.814 -11.478 -11.125 -10.706 -12.07 -11.713 -11.285 -10.958 -10.644 -11.698 -11.317 -10.997 -10.785 -10.762 -11.334 -11.546 -11.151 -10.005 -9.477 -8.862 -11.401
0.017469 -12.568 -12.488 -12.412 -12.148 -11.865 -11.538 -12.264 -12.108 -11.861 -11.528 -11.175 -10.758 -12.116 -11.762 -11.336 -11.009 -10.696 -11.746 -11.367 -11.048 -10.835 -10.811 -11.384 -11.596 -11.201 -10.057 -9.53 -8.915 -11.45
0.017997 -12.603 -12.527 -12.452 -12.194 -11.913 -11.587 -12.305 -12.154 -11.909 -11.577 -11.226 -10.809 -12.162 -11.81 -11.386 -11.06 -10.748 -11.794 -11.416 -11.098 -10.886 -10.86 -11.434 -11.645 -11.252 -10.11 -9.584 -8.969 -11.5
0.018541 -12.638 -12.565 -12.493 -12.239 -11.961 -11.637 -12.346 -12.199 -11.957 -11.627 -11.277 -10.861 -12.208 -11.858 -11.436 -11.111 -10.799 -11.842 -11.466 -11.148 -10.936 -10.908 -11.483 -11.693 -11.302 -10.163 -9.637 -9.023 -11.549
0.019102 -12.673 -12.604 -12.533 -12.284 -12.008 -11.686 -12.387 -12.245 -12.004 -11.676 -11.327 -10.912 -12.253 -11.906 -11.486 -11.162 -10.851 -11.89 -11.515 -11.199 -10.986 -10.957 -11.533 -11.742 -11.353 -10.216 -9.69 -9.077 -11.598
0.01968 -12.708 -12.642 -12.573 -12.329 -12.055 -11.735 -12.428 -12.29 -12.052 -11.725 -11.377 -10.964 -12.299 -11.954 -11.536 -11.213 -10.903 -11.938 -11.565 -11.249 -11.037 -11.006 -11.582 -11.791 -11.403 -10.268 -9.743 -9.13 -11.647
0.020275 -12.742 -12.68 -12.613 -12.374 -12.103 -11.784 -12.468 -12.336 -12.099 -11.774 -11.428 -11.015 -12.344 -12.002 -11.585 -11.264 -10.954 -11.986 -11.614 -11.299 -11.087 -11.054 -11.632 -11.84 -11.453 -10.321 -9.796 -9.184 -11.696
0.020888 -12.776 -12.718 -12.653 -12.419 -12.15 -11.833 -12.508 -12.381 -12.146 -11.823 -11.478 -11.066 -12.389 -12.05 -11.635 -11.315 -11.006 -12.033 -11.663 -11.349 -11.137 -11.103 -11.681 -11.888 -11.503 -10.373 -9.85 -9.238 -11.745
0.02152 -12.81 -12.755 -12.693 -12.464 -12.197 -11.882 -12.549 -12.426 -12.193 -11.872 -11.528 -11.118 -12.434 -12.097 -11.685 -11.365 -11.057 -12.081 -11.713 -11.399 -11.187 -11.151 -11.73 -11.937 -11.553 -10.426 -9.903 -9.291 -11.793
0.022171 -12.844 -12.792 -12.732 -12.508 -12.244 -11.931 -12.589 -12.471 -12.24 -11.921 -11.578 -11.169 -12.479 -12.145 -11.734 -11.416 -11.108 -12.128 -11.762 -11.449 -11.237 -11.2 -11.779 -11.985 -11.603 -10.478 -9.956 -9.345 -11.842
0.022841 -12.877 -12.829 -12.771 -12.552 -12.291 -11.979 -12.628 -12.516 -12.287 -11.969 -11.628 -11.22 -12.524 -12.192 -11.784 -11.466 -11.16 -12.176 -11.811 -11.499 -11.287 -11.248 -11.828 -12.033 -11.653 -10.531 -10.009 -9.398 -11.89
0.023532 -12.91 -12.866 -12.81 -12.597 -12.337 -12.028 -12.668 -12.56 -12.333 -12.018 -11.678 -11.271 -12.568 -12.24 -11.833 -11.517 -11.211 -12.223 -11.86 -11.549 -11.337 -11.297 -11.877 -12.081 -11.703 -10.583 -10.062 -9.452 -11.939
0.024244 -12.943 -12.902 -12.849 -12.641 -12.384 -12.076 -12.707 -12.605 -12.38 -12.066 -11.728 -11.322 -12.613 -12.287 -11.883 -11.567 -11.262 -12.27 -11.909 -11.599 -11.387 -11.345 -11.926 -12.129 -11.753 -10.635 -10.115 -9.505 -11.987
0.024977 -12.976 -12.938 -12.887 -12.684 -12.43 -12.125 -12.747 -12.649 -12.427 -12.115 -11.777 -11.373 -12.657 -12.334 -11.932 -11.618 -11.313 -12.317 -11.957 -11.649 -11.437 -11.394 -11.975 -12.177 -11.802 -10.688 -10.168 -9.559 -12.035
0.025733 -13.008 -12.974 -12.925 -12.728 -12.477 -12.173 -12.786 -12.693 -12.473 -12.163 -11.827 -11.424 -12.701 -12.381 -11.981 -11.668 -11.364 -12.364 -12.006 -11.698 -11.487 -11.442 -12.023 -12.225 -11.852 -10.74 -10.22 -9.612 -12.084
0.026511 -13.04 -13.01 -12.963 -12.772 -12.523 -12.221 -12.825 -12.737 -12.519 -12.211 -11.877 -11.475 -12.745 -12.428 -12.03 -11.718 -11.415 -12.411 -12.055 -11.748 -11.537 -11.491 -12.072 -12.273 -11.901 -10.792 -10.273 -9.665 -12.132
0.027313 -13.072 -13.046 -13.001 -12.815 -12.569 -12.269 -12.863 -12.781 -12.565 -12.259 -11.926 -11.525 -12.789 -12.475 -12.079 -11.768 -11.466 -12.458 -12.103 -11.798 -11.586 -11.539 -12.12 -12.321 -11.951 -10.844 -10.326 -9.719 -12.18
0.028139 -13.103 -13.081 -13.039 -12.858 -12.615 -12.317 -12.902 -12.825 -12.611 -12.308 -11.976 -11.576 -12.832 -12.521 -12.128 -11.818 -11.517 -12.504 -12.152 -11.847 -11.636 -11.588 -12.168 -12.368 -12.0 -10.896 -10.379 -9.772 -12.227
0.02899 -13.134 -13.116 -13.076 -12.901 -12.661 -12.365 -12.94 -12.868 -12.657 -12.355 -12.025 -11.627 -12.876 -12.568 -12.177 -11.868 -11.568 -12.551 -12.2 -11.896 -11.686 -11.636 -12.217 -12.416 -12.049 -10.948 -10.431 -9.825 -12.275
0.029867 -13.165 -13.15 -13.113 -12.944 -12.706 -12.413 -12.978 -12.912 -12.703 -12.403 -12.074 -11.677 -12.919 -12.614 -12.225 -11.918 -11.619 -12.597 -12.249 -11.946 -11.735 -11.684 -12.265 -12.463 -12.098 -11.0 -10.484 -9.878 -12.323
0.03077 -13.196 -13.185 -13.15 -12.987 -12.752 -12.461 -13.016 -12.955 -12.748 -12.451 -12.123 -11.728 -12.962 -12.66 -12.274 -11.968 -11.669 -12.643 -12.297 -11.995 -11.785 -11.733 -12.313 -12.51 -12.148 -11.052 -10.537 -9.932 -12.37
0.031701 -13.226 -13.219 -13.187 -13.03 -12.797 -12.508 -13.054 -12.998 -12.794 -12.499 -12.172 -11.778 -13.005 -12.707 -12.323 -12.018 -11.72 -12.69 -12.345 -12.044 -11.835 -11.781 -12.361 -12.557 -12.197 -11.104 -10.589 -9.985 -12.418
0.032659 -13.256 -13.253 -13.223 -13.072 -12.843 -12.556 -13.091 -13.041 -12.839 -12.546 -12.221 -11.828 -13.048 -12.753 -12.371 -12.067 -11.77 -12.736 -12.393 -12.094 -11.884 -11.829 -12.409 -12.604 -12.246 -11.156 -10.642 -10.038 -12.465
0.033647 -13.286 -13.286 -13.259 -13.114 -12.888 -12.603 -13.129 -13.084 -12.884 -12.594 -12.27 -11.879 -13.091 -12.799 -12.419 -12.117 -11.821 -12.782 -12.441 -12.143 -11.933 -11.877 -12.457 -12.651 -12.294 -11.208 -10.694 -10.091 -12.513
0.034665 -13.315 -13.319 -13.295 -13.156 -12.933 -12.65 -13.166 -13.126 -12.929 -12.641 -12.319 -11.929 -13.134 -12.844 -12.468 -12.167 -11.871 -12.828 -12.489 -12.192 -11.983 -11.926 -12.504 -12.698 -12.343 -11.259 -10.747 -10.144 -12.56
0.035713 -13.345 -13.352 -13.331 -13.198 -12.978 -12.698 -13.203 -13.169 -12.974 -12.688 -12.368 -11.979 -13.176 -12.89 -12.516 -12.216 -11.922 -12.873 -12.537 -12.241 -12.032 -11.974 -12.552 -12.745 -12.392 -11.311 -10.799 -10.197 -12.607
0.036793 -13.373 -13.385 -13.367 -13.24 -13.023 -12.745 -13.239 -13.211 -13.019 -12.735 -12.417 -12.029 -13.218 -12.936 -12.564 -12.265 -11.972 -12.919 -12.585 -12.29 -12.081 -12.022 -12.599 -12.791 -12.44 -11.363 -10.852 -10.25 -12.654
0.037906 -13.402 -13.418 -13.402 -13.282 -13.067 -12.792 -13.276 -13.253 -13.064 -12.782 -12.465 -12.079 -13.26 -12.981 -12.612 -12.315 -12.022 -12.964 -12.633 -12.339 -12.131 -12.07 -12.647 -12.838 -12.489 -11.414 -10.904 -10.303 -12.701
0.039052 -13.43 -13.45 -13.437 -13.323 -13.112 -12.839 -13.312 -13.295 -13.108 -12.829 -12.514 -12.129 -13.302 -13.026 -12.66 -12.364 -12.073 -13.01 -12.68 -12.387 -12.18 -12.118 -12.694 -12.884 -12.537 -11.466 -10.956 -10.356 -12.747
0.040234 -13.458 -13.482 -13.471 -13.364 -13.156 -12.885 -13.348 -13.337 -13.153 -12.876 -12.562 -12.179 -13.344 -13.072 -12.708 -12.413 -12.123 -13.055 -12.728 -12.436 -12.229 -12.166 -12.741 -12.93 -12.586 -11.518 -11.009 -10.409 -12.794
0.04145 -13.486 -13.513 -13.506 -13.405 -13.2 -12.932 -13.384 -13.378 -13.197 -12.923 -12.611 -12.229 -13.385 -13.117 -12.756 -12.462 -12.173 -13.1 -12.775 -12.485 -12.278 -12.214 -12.789 -12.976 -12.634 -11.569 -11.061 -10.462 -12.841
0.042704 -13.513 -13.544 -13.54 -13.446 -13.245 -12.979 -13.42 -13.42 -13.241 -12.969 -12.659 -12.279 -13.427 -13.162 -12.803 -12.511 -12.223 -13.145 -12.822 -12.533 -12.327 -12.263 -12.836 -13.023 -12.682 -11.62 -11.113 -10.515 -12.887
0.043996 -13.54 -13.575 -13.574 -13.487 -13.289 -13.025 -13.456 -13.461 -13.285 -13.016 -12.707 -12.329 -13.468 -13.207 -12.851 -12.56 -12.273 -13.19 -12.87 -12.582 -12.376 -12.311 -12.882 -13.068 -12.73 -11.672 -11.165 -10.568 -12.933
0.045326 -13.567 -13.606 -13.608 -13.527 -13.332 -13.071 -13.491 -13.502 -13.329 -13.062 -12.755 -12.378 -13.509 -13.251 -12.898 -12.609 -12.323 -13.235 -12.917 -12.63 -12.425 -12.359 -12.929 -13.114 -12.778 -11.723 -11.217 -10.62 -12.98
0.046697 -13.593 -13.636 -13.641 -13.568 -13.376 -13.118 -13.526 -13.543 -13.373 -13.109 -12.803 -12.428 -13.55 -13.296 -12.946 -12.658 -12.372 -13.28 -12.964 -12.679 -12.474 -12.407 -12.976 -13.16 -12.826 -11.774 -11.269 -10.673 -13.026
0.048109 -13.619 -13.666 -13.674 -13.608 -13.42 -13.164 -13.561 -13.584 -13.416 -13.155 -12.851 -12.477 -13.59 -13.34 -12.993 -12.707 -12.422 -13.324 -13.011 -12.727 -12.523 -12.454 -13.023 -13.205 -12.874 -11.826 -11.322 -10.726 -13.072
0.049564 -13.645 -13.696 -13.707 -13.648 -13.463 -13.21 -13.596 -13.624 -13.46 -13.201 -12.899 -12.527 -13.631 -13.385 -13.04 -12.755 -12.472 -13.369 -13.058 -12.775 -12.571 -12.502 -13.069 -13.251 -12.922 -11.877 -11.374 -10.779 -13.118
0.051063 -13.67 -13.725 -13.74 -13.687 -13.506 -13.256 -13.63 -13.665 -13.503 -13.247 -12.947 -12.576 -13.671 -13.429 -13.087 -12.804 -12.521 -13.413 -13.105 -12.823 -12.62 -12.55 -13.116 -13.296 -12.969 -11.928 -11.426 -10.831 -13.164
0.052608 -13.695 -13.754 -13.772 -13.727 -13.549 -13.301 -13.664 -13.705 -13.546 -13.293 -12.995 -12.626 -13.711 -13.473 -13.134 -12.852 -12.571 -13.457 -13.151 -12.872 -12.669 -12.598 -13.162 -13.341 -13.017 -11.979 -11.477 -10.884 -13.209
0.054199 -13.72 -13.783 -13.804 -13.766 -13.592 -13.347 -13.698 -13.745 -13.589 -13.338 -13.042 -12.675 -13.751 -13.517 -13.181 -12.901 -12.62 -13.501 -13.198 -12.92 -12.717 -12.646 -13.208 -13.387 -13.064 -12.03 -11.529 -10.936 -13.255
0.055838 -13.744 -13.811 -13.836 -13.805 -13.635 -13.393 -13.732 -13.784 -13.632 -13.384 -13.09 -12.724 -13.79 -13.56 -13.228 -12.949 -12.67 -13.545 -13.244 -12.968 -12.766 -12.694 -13.254 -13.432 -13.112 -12.081 -11.581 -10.989 -13.3
0.057527 -13.768 -13.839 -13.868 -13.844 -13.678 -13.438 -13.766 -13.824 -13.674 -13.429 -13.137 -12.773 -13.83 -13.604 -13.274 -12.997 -12.719 -13.589 -13.291 -13.015 -12.814 -12.742 -13.3 -13.476 -13.159 -12.132 -11.633 -11.042 -13.346
0.059267 -13.791 -13.867 -13.899 -13.883 -13.72 -13.483 -13.799 -13.863 -13.717 -13.475 -13.184 -12.822 -13.869 -13.647 -13.321 -13.045 -12.768 -13.633 -13.337 -13.063 -12.863 -12.789 -13.346 -13.521 -13.206 -12.183 -11.685 -11.094 -13.391
0.061059 -13.814 -13.894 -13.93 -13.921 -13.763 -13.529 -13.832 -13.902 -13.759 -13.52 -13.231 -12.871 -13.908 -13.691 -13.367 -13.093 -12.818 -13.676 -13.383 -13.111 -12.911 -12.837 -13.392 -13.566 -13.253 -12.234 -11.737 -11.147 -13.436
0.062906 -13.837 -13.921 -13.961 -13.96 -13.805 -13.574 -13.865 -13.941 -13.801 -13.565 -13.279 -12.92 -13.947 -13.734 -13.414 -13.141 -12.867 -13.72 -13.429 -13.159 -12.959 -12.885 -13.437 -13.61 -13.3 -12.285 -11.788 -11.199 -13.481
0.064808 -13.86 -13.948 -13.991 -13.998 -13.847 -13.619 -13.898 -13.98 -13.843 -13.61 -13.326 -12.969 -13.986 -13.777 -13.46 -13.189 -12.916 -13.763 -13.475 -13.206 -13.007 -12.932 -13.483 -13.654 -13.347 -12.335 -11.84 -11.251 -13.526
0.066769 -13.882 -13.974 -14.021 -14.036 -13.889 -13.663 -13.931 -14.019 -13.885 -13.655 -13.372 -13.017 -14.024 -13.82 -13.506 -13.237 -12.965 -13.806 -13.521 -13.254 -13.056 -12.98 -13.528 -13.699 -13.394 -12.386 -11.892 -11.304 -13.571
0.068788 -13.904 -14.0 -14.051 -14.073 -13.93 -13.708 -13.963 -14.057 -13.927 -13.7 -13.419 -13.066 -14.062 -13.862 -13.552 -13.285 -13.014 -13.849 -13.567 -13.301 -13.104 -13.027 -13.573 -13.743 -13.441 -12.437 -11.943 -11.356 -13.615
0.070868 -13.925 -14.026 -14.08 -14.111 -13.972 -13.753 -13.995 -14.095 -13.968 -13.744 -13.466 -13.114 -14.101 -13.905 -13.598 -13.332 -13.063 -13.892 -13.613 -13.348 -13.152 -13.075 -13.619 -13.787 -13.487 -12.487 -11.995 -11.408 -13.66
0.073012 -13.946 -14.051 -14.109 -14.148 -14.013 -13.797 -14.027 -14.133 -14.01 -13.789 -13.513 -13.163 -14.138 -13.947 -13.644 -13.38 -13.111 -13.934 -13.658 -13.395 -13.2 -13.122 -13.664 -13.83 -13.534 -12.538 -12.046 -11.461 -13.704
0.07522 -13.966 -14.076 -14.138 -14.185 -14.054 -13.841 -14.058 -14.171 -14.051 -13.833 -13.559 -13.211 -14.176 -13.99 -13.689 -13.427 -13.16 -13.977 -13.704 -13.443 -13.247 -13.17 -13.709 -13.874 -13.58 -12.588 -12.098 -11.513 -13.748
0.077495 -13.987 -14.1 -14.167 -14.222 -14.095 -13.886 -14.09 -14.208 -14.092 -13.877 -13.605 -13.26 -14.213 -14.032 -13.735 -13.474 -13.209 -14.019 -13.749 -13.49 -13.295 -13.217 -13.753 -13.917 -13.626 -12.639 -12.149 -11.565 -13.793
0.079839 -14.006 -14.125 -14.195 -14.258 -14.136 -13.93 -14.121 -14.246 -14.133 -13.921 -13.652 -13.308 -14.25 -14.074 -13.78 -13.522 -13.257 -14.061 -13.794 -13.537 -13.343 -13.264 -13.798 -13.961 -13.672 -12.689 -12.2 -11.617 -13.837
0.082253 -14.026 -14.148 -14.223 -14.294 -14.177 -13.973 -14.152 -14.283 -14.173 -13.965 -13.698 -13.356 -14.287 -14.115 -13.826 -13.569 -13.306 -14.103 -13.839 -13.583 -13.391 -13.311 -13.843 -14.004 -13.718 -12.739 -12.252 -11.67 -13.88
0.084741 -14.045 -14.172 -14.25 -14.33 -14.217 -14.017 -14.183 -14.319 -14.214 -14.009 -13.744 -13.404 -14.324 -14.157 -13.871 -13.616 -13.354 -14.145 -13.884 -13.63 -13.438 -13.359 -13.887 -14.047 -13.764 -12.79 -12.303 -11.722 -13.924
0.087304 -14.063 -14.194 -14.277 -14.366 -14.257 -14.061 -14.213 -14.356 -14.254 -14.053 -13.79 -13.452 -14.36 -14.198 -13.916 -13.663 -13.402 -14.187 -13.929 -13.677 -13.486 -13.406 -13.931 -14.09 -13.81 -12.84 -12.354 -11.774 -13.968
0.089944 -14.081 -14.217 -14.304 -14.402 -14.297 -14.104 -14.243 -14.392 -14.294 -14.096 -13.836 -13.5 -14.397 -14.24 -13.961 -13.71 -13.45 -14.229 -13.974 -13.723 -13.533 -13.453 -13.976 -14.133 -13.856 -12.89 -12.405 -11.826 -14.011
0.092665 -14.099 -14.239 -14.331 -14.437 -14.337 -14.148 -14.273 -14.428 -14.334 -14.139 -13.882 -13.548 -14.433 -14.281 -14.006 -13.756 -13.498 -14.27 -14.019 -13.77 -13.581 -13.5 -14.02 -14.175 -13.901 -12.94 -12.457 -11.878 -14.055
0.095467 -14.116 -14.261 -14.357 -14.472 -14.377 -14.191 -14.303 -14.464 -14.374 -14.183 -13.927 -13.596 -14.468 -14.321 -14.05 -13.803 -13.546 -14.311 -14.063 -13.816 -13.628 -13.547 -14.064 -14.218 -13.947 -12.99 -12.508 -11.93 -14.098
0.098355 -14.133 -14.282 -14.383 -14.507 -14.417 -14.234 -14.333 -14.5 -14.413 -14.226 -13.973 -13.643 -14.504 -14.362 -14.095 -13.849 -13.594 -14.352 -14.107 -13.863 -13.675 -13.594 -14.107 -14.26 -13.992 -13.04 -12.559 -11.982 -14.141
0.101329 -14.15 -14.303 -14.408 -14.541 -14.456 -14.277 -14.362 -14.535 -14.453 -14.269 -14.018 -13.691 -14.539 -14.403 -14.139 -13.896 -13.642 -14.393 -14.152 -13.909 -13.722 -13.641 -14.151 -14.302 -14.037 -13.09 -12.61 -12.034 -14.184
0.104394 -14.166 -14.323 -14.433 -14.576 -14.495 -14.319 -14.391 -14.57 -14.492 -14.311 -14.063 -13.738 -14.574 -14.443 -14.184 -13.942 -13.69 -14.434 -14.196 -13.955 -13.769 -13.688 -14.194 -14.344 -14.082 -13.14 -12.661 -12.086 -14.227
0.107551 -14.181 -14.343 -14.458 -14.61 -14.534 -14.362 -14.42 -14.605 -14.531 -14.354 -14.108 -13.786 -14.609 -14.483 -14.228 -13.988 -13.738 -14.474 -14.24 -14.001 -13.816 -13.735 -14.238 -14.386 -14.127 -13.189 -12.711 -12.137 -14.269
0.110804 -14.196 -14.363 -14.482 -14.643 -14.573 -14.404 -14.448 -14.64 -14.569 -14.396 -14.153 -13.833 -14.643 -14.523 -14.272 -14.035 -13.785 -14.515 -14.284 -14.047 -13.863 -13.781 -14.281 -14.428 -14.172 -13.239 -12.762 -12.189 -14.312
0.114155 -14.211 -14.382 -14.507 -14.677 -14.611 -14.446 -14.476 -14.674 -14.608 -14.439 -14.198 -13.88 -14.677 -14.563 -14.316 -14.081 -13.833 -14.555 -14.327 -14.093 -13.91 -13.828 -14.324 -14.469 -14.217 -13.289 -12.813 -12.241 -14.354
0.117608 -14.225 -14.4 -14.53 -14.71 -14.649 -14.489 -14.504 -14.708 -14.646 -14.481 -14.243 -13.927 -14.711 -14.603 -14.359 -14.126 -13.88 -14.595 -14.371 -14.138 -13.957 -13.875 -14.367 -14.51 -14.262 -13.338 -12.864 -12.293 -14.396
0.121165 -14.239 -14.419 -14.553 -14.743 -14.687 -14.53 -14.532 -14.742 -14.684 -14.523 -14.288 -13.974 -14.745 -14.642 -14.403 -14.172 -13.928 -14.635 -14.414 -14.184 -14.003 -13.921 -14.41 -14.552 -14.306 -13.388 -12.915 -12.344 -14.438
0.124829 -14.252 -14.436 -14.576 -14.776 -14.725 -14.572 -14.56 -14.776 -14.722 -14.565 -14.332 -14.021 -14.778 -14.681 -14.447 -14.218 -13.975 -14.674 -14.458 -14.229 -14.05 -13.968 -14.452 -14.593 -14.35 -13.437 -12.965 -12.396 -14.48
0.128605 -14.265 -14.454 -14.599 -14.808 -14.763 -14.614 -14.587 -14.809 -14.76 -14.606 -14.377 -14.068 -14.811 -14.72 -14.49 -14.263 -14.022 -14.714 -14.501 -14.275 -14.096 -14.014 -14.495 -14.633 -14.395 -13.487 -13.016 -12.448 -14.522
0.132494 -14.277 -14.47 -14.621 -14.84 -14.8 -14.655 -14.614 -14.842 -14.797 -14.648 -14.421 -14.114 -14.844 -14.759 -14.533 -14.309 -14.069 -14.753 -14.544 -14.32 -14.143 -14.06 -14.537 -14.674 -14.439 -13.536 -13.066 -12.499 -14.563
0.136502 -14.289 -14.487 -14.643 -14.872 -14.837 -14.696 -14.641 -14.874 -14.834 -14.689 -14.465 -14.161 -14.877 -14.798 -14.576 -14.354 -14.116 -14.792 -14.587 -14.365 -14.189 -14.107 -14.579 -14.714 -14.483 -13.585 -13.117 -12.551 -14.605
0.14063 -14.3 -14.503 -14.664 -14.903 -14.874 -14.737 -14.667 -14.907 -14.871 -14.73 -14.509 -14.207 -14.909 -14.836 -14.619 -14.399 -14.163 -14.831 -14.63 -14.41 -14.235 -14.153 -14.621 -14.755 -14.527 -13.635 -13.167 -12.602 -14.646
0.144883 -14.311 -14.518 -14.685 -14.934 -14.911 -14.778 -14.694 -14.939 -14.908 -14.771 -14.553 -14.254 -14.941 -14.874 -14.662 -14.444 -14.209 -14.869 -14.672 -14.455 -14.281 -14.199 -14.663 -14.795 -14.57 -13.684 -13.218 -12.654 -14.687
0.149265 -14.321 -14.533 -14.705 -14.965 -14.947 -14.819 -14.72 -14.971 -14.945 -14.812 -14.597 -14.3 -14.972 -14.912 -14.704 -14.489 -14.256 -14.908 -14.715 -14.5 -14.327 -14.245 -14.705 -14.835 -14.614 -13.733 -13.268 -12.705 -14.728
0.15378 -14.331 -14.547 -14.725 -14.996 -14.984 -14.859 -14.745 -15.002 -14.981 -14.852 -14.64 -14.346 -15.004 -14.95 -14.747 -14.534 -14.303 -14.946 -14.757 -14.544 -14.373 -14.291 -14.747 -14.874 -14.657 -13.782 -13.318 -12.756 -14.769
0.15843 -14.34 -14.561 -14.745 -15.026 -15.02 -14.9 -14.771 -15.033 -15.017 -14.893 -14.684 -14.392 -15.035 -14.987 -14.789 -14.579 -14.349 -14.984 -14.799 -14.589 -14.419 -14.337 -14.788 -14.914 -14.7 -13.83 -13.369 -12.808 -14.809
0.163222 -14.349 -14.574 -14.764 -15.056 -15.055 -14.94 -14.796 -15.064 -15.053 -14.933 -14.727 -14.438 -15.065 -15.024 -14.831 -14.623 -14.395 -15.022 -14.841 -14.633 -14.464 -14.383 -14.829 -14.953 -14.743 -13.879 -13.419 -12.859 -14.849
0.168159 -14.357 -14.587 -14.783 -15.085 -15.091 -14.98 -14.821 -15.095 -15.088 -14.973 -14.77 -14.484 -15.096 -15.061 -14.873 -14.668 -14.441 -15.059 -14.883 -14.677 -14.51 -14.428 -14.87 -14.992 -14.786 -13.928 -13.469 -12.91 -14.89
0.173245 -14.365 -14.599 -14.801 -15.114 -15.126 -15.02 -14.845 -15.125 -15.123 -15.013 -14.813 -14.53 -15.126 -15.098 -14.915 -14.712 -14.488 -15.097 -14.924 -14.722 -14.555 -14.474 -14.911 -15.031 -14.829 -13.977 -13.519 -12.961 -14.93
0.178484 -14.372 -14.611 -14.819 -15.143 -15.161 -15.059 -14.87 -15.155 -15.158 -15.052 -14.856 -14.575 -15.155 -15.135 -14.956 -14.756 -14.533 -15.134 -14.966 -14.766 -14.601 -14.52 -14.952 -15.07 -14.872 -14.025 -13.569 -13.012 -14.969
0.183882 -14.378 -14.622 -14.837 -15.171 -15.196 -15.098 -14.894 -15.184 -15.193 -15.092 -14.898 -14.621 -15.185 -15.171 -14.998 -14.8 -14.579 -15.171 -15.007 -14.809 -14.646 -14.565 -14.992 -15.108 -14.914 -14.074 -13.619 -13.063 -15.009
0.189444 -14.384 -14.632 -14.854 -15.2 -15.23 -15.138 -14.917 -15.214 -15.227 -15.131 -14.941 -14.666 -15.214 -15.207 -15.039 -14.844 -14.625 -15.207 -15.048 -14.853 -14.691 -14.611 -15.032 -15.146 -14.956 -14.122 -13.669 -13.114 -15.049
0.195173 -14.39 -14.642 -14.87 -15.227 -15.264 -15.176 -14.941 -15.243 -15.262 -15.17 -14.983 -14.711 -15.243 -15.243 -15.08 -14.888 -14.671 -15.244 -15.089 -14.897 -14.736 -14.656 -15.073 -15.184 -14.999 -14.171 -13.718 -13.165 -15.088
0.201076 -14.395 -14.652 -14.886 -15.255 -15.298 -15.215 -14.964 -15.271 -15.296 -15.209 -15.025 -14.756 -15.271 -15.279 -15.121 -14.931 -14.716 -15.28 -15.13 -14.94 -14.781 -14.701 -15.113 -15.222 -15.04 -14.219 -13.768 -13.216 -15.127
0.207158 -14.399 -14.661 -14.902 -15.282 -15.331 -15.254 -14.987 -15.299 -15.329 -15.247 -15.067 -14.801 -15.299 -15.314 -15.161 -14.975 -14.762 -15.316 -15.17 -14.983 -14.826 -14.746 -15.152 -15.26 -15.082 -14.267 -13.818 -13.267 -15.166
0.213423 -14.403 -14.669 -14.917 -15.308 -15.365 -15.292 -15.01 -15.327 -15.362 -15.286 -15.109 -14.846 -15.326 -15.349 -15.202 -15.018 -14.807 -15.352 -15.211 -15.027 -14.87 -14.791 -15.192 -15.297 -15.124 -14.315 -13.867 -13.318 -15.205
0.219878 -14.406 -14.676 -14.932 -15.335 -15.398 -15.33 -15.032 -15.355 -15.396 -15.324 -15.151 -14.891 -15.354 -15.384 -15.242 -15.061 -14.852 -15.387 -15.251 -15.07 -14.915 -14.836 -15.231 -15.334 -15.165 -14.363 -13.917 -13.369 -15.243
0.226528 -14.408 -14.683 -14.946 -15.361 -15.43 -15.368 -15.054 -15.382 -15.428 -15.362 -15.192 -14.935 -15.38 -15.418 -15.282 -15.104 -14.897 -15.422 -15.291 -15.112 -14.959 -14.881 -15.27 -15.371 -15.207 -14.411 -13.966 -13.42 -15.281
0.233379 -14.41 -14.69 -14.959 -15.386 -15.463 -15.405 -15.076 -15.408 -15.461 -15.399 -15.234 -14.98 -15.407 -15.452 -15.322 -15.147 -14.942 -15.457 -15.331 -15.155 -15.003 -14.926 -15.309 -15.408 -15.248 -14.459 -14.016 -13.47 -15.319
0.240437 -14.412 -14.696 -14.972 -15.411 -15.495 -15.443 -15.097 -15.435 -15.493 -15.437 -15.275 -15.024 -15.433 -15.486 -15.362 -15.189 -14.987 -15.492 -15.37 -15.198 -15.048 -14.97 -15.348 -15.444 -15.288 -14.506 -14.065 -13.521 -15.357
0.247709 -14.412 -14.701 -14.985 -15.436 -15.527 -15.48 -15.118 -15.461 -15.525 -15.474 -15.316 -15.068 -15.459 -15.52 -15.401 -15.232 -15.031 -15.526 -15.41 -15.24 -15.091 -15.015 -15.387 -15.48 -15.329 -14.554 -14.114 -13.571 -15.395
0.255201 -14.413 -14.705 -14.997 -15.46 -15.558 -15.516 -15.139 -15.486 -15.556 -15.511 -15.356 -15.112 -15.484 -15.553 -15.44 -15.274 -15.076 -15.56 -15.449 -15.282 -15.135 -15.059 -15.425 -15.516 -15.37 -14.602 -14.163 -13.622 -15.432
0.262919 -14.412 -14.709 -15.008 -15.484 -15.589 -15.553 -15.16 -15.511 -15.587 -15.548 -15.397 -15.156 -15.509 -15.586 -15.479 -15.316 -15.12 -15.594 -15.488 -15.324 -15.179 -15.103 -15.463 -15.552 -15.41 -14.649 -14.212 -13.672 -15.469
0.270871 -14.411 -14.712 -15.019 -15.507 -15.62 -15.589 -15.18 -15.536 -15.618 -15.584 -15.437 -15.2 -15.533 -15.619 -15.518 -15.358 -15.164 -15.627 -15.527 -15.366 -15.223 -15.148 -15.501 -15.587 -15.45 -14.696 -14.261 -13.723 -15.506
0.279064 -14.409 -14.715 -15.03 -15.53 -15.65 -15.625 -15.2 -15.56 -15.649 -15.62 -15.477 -15.243 -15.557 -15.652 -15.557 -15.4 -15.208 -15.66 -15.565 -15.408 -15.266 -15.192 -15.538 -15.622 -15.49 -14.743 -14.31 -13.773 -15.543
0.287504 -14.407 -14.716 -15.039 -15.553 -15.681 -15.661 -15.219 -15.584 -15.679 -15.656 -15.517 -15.287 -15.581 -15.684 -15.595 -15.441 -15.252 -15.693 -15.603 -15.449 -15.309 -15.236 -15.576 -15.657 -15.53 -14.791 -14.359 -13.823 -15.58
0.296199 -14.403 -14.717 -15.049 -15.575 -15.71 -15.697 -15.238 -15.608 -15.709 -15.692 -15.557 -15.33 -15.604 -15.715 -15.633 -15.483 -15.296 -15.726 -15.641 -15.491 -15.352 -15.279 -15.613 -15.691 -15.569 -14.838 -14.408 -13.874 -15.616
0.305157 -14.4 -14.718 -15.057 -15.597 -15.74 -15.732 -15.257 -15.631 -15.738 -15.727 -15.597 -15.373 -15.627 -15.747 -15.671 -15.524 -15.339 -15.758 -15.679 -15.532 -15.395 -15.323 -15.65 -15.726 -15.608 -14.885 -14.457 -13.924 -15.652
0.314387 -14.395 -14.717 -15.065 -15.618 -15.769 -15.767 -15.276 -15.653 -15.767 -15.762 -15.636 -15.416 -15.649 -15.778 -15.709 -15.565 -15.383 -15.79 -15.717 -15.573 -15.438 -15.366 -15.687 -15.76 -15.648 -14.931 -14.505 -13.974 -15.688
0.323895 -14.39 -14.716 -15.073 -15.638 -15.797 -15.802 -15.294 -15.675 -15.796 -15.797 -15.675 -15.459 -15.671 -15.809 -15.746 -15.606 -15.426 -15.822 -15.754 -15.614 -15.481 -15.41 -15.723 -15.793 -15.686 -14.978 -14.554 -14.024 -15.723
0.333691 -14.384 -14.714 -15.08 -15.659 -15.826 -15.836 -15.312 -15.697 -15.824 -15.832 -15.714 -15.501 -15.692 -15.839 -15.783 -15.646 -15.469 -15.853 -15.791 -15.654 -15.523 -15.453 -15.759 -15.827 -15.725 -15.025 -14.602 -14.074 -15.759
0.343783 -14.378 -14.712 -15.086 -15.678 -15.854 -15.87 -15.33 -15.718 -15.852 -15.866 -15.753 -15.544 -15.713 -15.87 -15.82 -15.687 -15.512 -15.884 -15.828 -15.694 -15.566 -15.496 -15.795 -15.86 -15.763 -15.071 -14.651 -14.124 -15.794
0.354181 -14.37 -14.708 -15.092 -15.698 -15.881 -15.904 -15.347 -15.739 -15.88 -15.9 -15.791 -15.586 -15.733 -15.899 -15.857 -15.727 -15.555 -15.915 -15.865 -15.735 -15.608 -15.539 -15.831 -15.892 -15.801 -15.117 -14.699 -14.173 -15.828
0.364893 -14.362 -14.704 -15.097 -15.716 -15.908 -15.937 -15.364 -15.759 -15.907 -15.933 -15.829 -15.628 -15.753 -15.929 -15.893 -15.767 -15.597 -15.945 -15.901 -15.775 -15.65 -15.582 -15.866 -15.925 -15.839 -15.164 -14.747 -14.223 -15.863
0.375929 -14.354 -14.699 -15.101 -15.734 -15.935 -15.971 -15.38 -15.778 -15.934 -15.967 -15.867 -15.67 -15.772 -15.958 -15.929 -15.807 -15.64 -15.975 -15.937 -15.814 -15.691 -15.625 -15.902 -15.957 -15.877 -15.21 -14.795 -14.273 -15.897
0.387298 -14.344 -14.694 -15.105 -15.752 -15.961 -16.003 -15.396 -15.798 -15.96 -16.0 -15.905 -15.711 -15.791 -15.986 -15.965 -15.846 -15.682 -16.004 -15.973 -15.854 -15.733 -15.667 -15.937 -15.989 -15.914 -15.256 -14.843 -14.322 -15.931
0.399012 -14.334 -14.687 -15.108 -15.769 -15.987 -16.036 -15.412 -15.816 -15.986 -16.032 -15.942 -15.753 -15.809 -16.015 -16.001 -15.886 -15.724 -16.034 -16.009 -15.893 -15.775 -15.71 -15.971 -16.02 -15.952 -15.301 -14.891 -14.372 -15.965
0.41108 -14.323 -14.679 -15.11 -15.786 -16.012 -16.068 -15.427 -15.834 -16.012 -16.065 -15.979 -15.794 -15.827 -16.043 -16.036 -15.925 -15.766 -16.062 -16.044 -15.932 -15.816 -15.752 -16.005 -16.051 -15.988 -15.347 -14.939 -14.421 -15.998
0.423513 -14.311 -14.671 -15.111 -15.802 -16.037 -16.1 -15.442 -15.852 -16.037 -16.097 -16.016 -15.835 -15.844 -16.07 -16.071 -15.963 -15.807 -16.091 -16.079 -15.971 -15.857 -15.794 -16.039 -16.082 -16.025 -15.393 -14.986 -14.471 -16.031
0.436321 -14.299 -14.662 -15.112 -15.817 -16.062 -16.131 -15.457 -15.869 -16.062 -16.128 -16.053 -15.876 -15.861 -16.097 -16.106 -16.002 -15.849 -16.119 -16.113 -16.01 -15.898 -15.836 -16.073 -16.113 -16.061 -15.438 -15.034 -14.52 -16.064
0.449518 -14.285 -14.652 -15.113 -15.832 -16.086 -16.163 -15.471 -15.885 -16.086 -16.16 -16.089 -15.917 -15.877 -16.124 -16.14 -16.04 -15.89 -16.147 -16.148 -16.048 -15.938 -15.877 -16.107 -16.143 -16.097 -15.483 -15.081 -14.569 -16.096
0.463113 -14.271 -14.641 -15.112 -15.846 -16.11 -16.193 -15.485 -15.901 -16.109 -16.191 -16.126 -15.957 -15.892 -16.15 -16.174 -16.079 -15.931 -16.174 -16.182 -16.086 -15.979 -15.919 -16.14 -16.172 -16.133 -15.529 -15.129 -14.618 -16.129
0.47712 -14.256 -14.629 -15.111 -15.859 -16.133 -16.224 -15.498 -15.916 -16.133 -16.221 -16.161 -15.997 -15.907 -16.176 -16.208 -16.116 -15.972 -16.201 -16.215 -16.124 -16.019 -15.96 -16.173 -16.202 -16.169 -15.573 -15.176 -14.667 -16.16
0.49155 -14.241 -14.616 -15.109 -15.872 -16.156 -16.254 -15.511 -15.931 -16.155 -16.251 -16.197 -16.037 -15.921 -16.201 -16.241 -16.154 -16.012 -16.227 -16.249 -16.162 -16.059 -16.001 -16.205 -16.23 -16.204 -15.618 -15.223 -14.716 -16.192
0.506416 -14.224 -14.602 -15.106 -15.885 -16.178 -16.283 -15.523 -15.945 -16.178 -16.281 -16.232 -16.077 -15.935 -16.226 -16.274 -16.191 -16.053 -16.253 -16.282 -16.199 -16.099 -16.042 -16.237 -16.259 -16.239 -15.663 -15.27 -14.765 -16.223
0.521733 -14.207 -14.587 -15.102 -15.896 -16.199 -16.313 -15.535 -15.958 -16.2 -16.311 -16.267 -16.117 -15.948 -16.25 -16.307 -16.228 -16.093 -16.279 -16.315 -16.236 -16.138 -16.083 -16.269 -16.287 -16.273 -15.708 -15.317 -14.814 -16.254
0.537512 -14.189 -14.571 -15.098 -15.907 -16.22 -16.341 -15.547 -15.971 -16.221 -16.34 -16.302 -16.156 -15.96 -16.274 -16.339 -16.265 -16.133 -16.304 -16.347 -16.273 -16.177 -16.124 -16.3 -16.315 -16.308 -15.752 -15.363 -14.862 -16.285
0.553769 -14.169 -14.555 -15.093 -15.918 -16.241 -16.37 -15.558 -15.983 -16.241 -16.368 -16.336 -16.195 -15.972 -16.298 -16.371 -16.301 -16.172 -16.328 -16.379 -16.309 -16.216 -16.164 -16.332 -16.342 -16.341 -15.796 -15.41 -14.911 -16.315
0.570517 -14.15 -14.537 -15.087 -15.927 -16.261 -16.398 -15.569 -15.995 -16.262 -16.396 -16.37 -16.234 -15.983 -16.321 -16.403 -16.338 -16.212 -16.352 -16.411 -16.345 -16.255 -16.204 -16.362 -16.369 -16.375 -15.84 -15.457 -14.959 -16.345
0.587772 -14.129 -14.518 -15.08 -15.936 -16.281 -16.425 -15.579 -16.006 -16.281 -16.424 -16.403 -16.272 -15.993 -16.343 -16.434 -16.374 -16.251 -16.376 -16.442 -16.381 -16.294 -16.244 -16.393 -16.395 -16.408 -15.884 -15.503 -15.007 -16.374
0.605549 -14.107 -14.498 -15.072 -15.944 -16.3 -16.452 -15.589 -16.016 -16.3 -16.451 -16.437 -16.311 -16.002 -16.365 -16.465 -16.409 -16.29 -16.399 -16.473 -16.417 -16.332 -16.284 -16.423 -16.421 -16.441 -15.928 -15.549 -15.056 -16.403
0.623863 -14.085 -14.476 -15.063 -15.952 -16.318 -16.479 -15.599 -16.025 -16.319 -16.478 -16.47 -16.349 -16.011 -16.387 -16.495 -16.444 -16.329 -16.422 -16.503 -16.452 -16.37 -16.323 -16.452 -16.447 -16.474 -15.971 -15.595 -15.104 -16.432
0.642731 -14.061 -14.454 -15.054 -15.959 -16.336 -16.505 -15.607 -16.034 -16.337 -16.505 -16.502 -16.386 -16.019 -16.407 -16.525 -16.479 -16.367 -16.444 -16.533 -16.487 -16.408 -16.363 -16.482 -16.472 -16.506 -16.014 -15.641 -15.152 -16.46
0.66217 -14.037 -14.431 -15.043 -15.964 -16.353 -16.531 -15.616 -16.042 -16.354 -16.531 -16.534 -16.424 -16.027 -16.428 -16.555 -16.514 -16.405 -16.465 -16.563 -16.522 -16.445 -16.402 -16.51 -16.496 -16.538 -16.058 -15.687 -15.2 -16.488
0.682197 -14.011 -14.406 -15.032 -15.97 -16.369 -16.556 -15.624 -16.049 -16.371 -16.556 -16.566 -16.461 -16.033 -16.447 -16.584 -16.548 -16.443 -16.486 -16.592 -16.556 -16.483 -16.44 -16.539 -16.52 -16.569 -16.1 -15.732 -15.247 -16.516
0.70283 -13.985 -14.38 -15.019 -15.974 -16.385 -16.581 -15.631 -16.055 -16.387 -16.581 -16.598 -16.498 -16.039 -16.467 -16.613 -16.582 -16.481 -16.507 -16.621 -16.59 -16.519 -16.479 -16.567 -16.544 -16.6 -16.143 -15.778 -15.295 -16.543
0.724086 -13.958 -14.353 -15.006 -15.977 -16.4 -16.605 -15.638 -16.061 -16.402 -16.605 -16.629 -16.534 -16.044 -16.485 -16.641 -16.615 -16.518 -16.527 -16.65 -16.624 -16.556 -16.517 -16.595 -16.567 -16.631 -16.186 -15.823 -15.343 -16.57
0.745986 -13.93 -14.325 -14.992 -15.98 -16.415 -16.629 -15.644 -16.065 -16.417 -16.629 -16.659 -16.57 -16.048 -16.503 -16.669 -16.649 -16.555 -16.546 -16.677 -16.657 -16.592 -16.555 -16.622 -16.589 -16.661 -16.228 -15.868 -15.39 -16.596
0.768548 -13.901 -14.295 -14.976 -15.982 -16.429 -16.652 -15.65 -16.069 -16.431 -16.653 -16.69 -16.606 -16.051 -16.52 -16.697 -16.681 -16.591 -16.565 -16.705 -16.69 -16.628 -16.593 -16.648 -16.611 -16.691 -16.27 -15.913 -15.437 -16.622
0.791792 -13.871 -14.264 -14.96 -15.983 -16.442 -16.674 -15.655 -16.072 -16.444 -16.675 -16.719 -16.642 -16.054 -16.537 -16.724 -16.714 -16.628 -16.583 -16.732 -16.722 -16.664 -16.63 -16.675 -16.633 -16.72 -16.312 -15.958 -15.484 -16.647
0.815739 -13.84 -14.232 -14.942 -15.983 -16.454 -16.696 -15.659 -16.074 -16.457 -16.698 -16.749 -16.677 -16.055 -16.553 -16.75 -16.746 -16.664 -16.6 -16.758 -16.754 -16.699 -16.667 -16.7 -16.654 -16.749 -16.354 -16.003 -15.531 -16.672
0.840411 -13.808 -14.198 -14.924 -15.981 -16.466 -16.718 -15.663 -16.076 -16.469 -16.719 -16.778 -16.712 -16.056 -16.568 -16.776 -16.777 -16.699 -16.617 -16.784 -16.786 -16.734 -16.704 -16.726 -16.674 -16.778 -16.395 -16.047 -15.578 -16.696
0.865828 -13.775 -14.163 -14.904 -15.98 -16.477 -16.738 -15.667 -16.076 -16.48 -16.74 -16.806 -16.746 -16.055 -16.583 -16.801 -16.808 -16.735 -16.633 -16.81 -16.817 -16.769 -16.741 -16.75 -16.693 -16.806 -16.436 -16.091 -15.625 -16.72
0.892015 -13.742 -14.126 -14.883 -15.977 -16.487 -16.759 -15.669 -16.075 -16.49 -16.761 -16.834 -16.781 -16.054 -16.597 -16.826 -16.839 -16.77 -16.649 -16.835 -16.848 -16.803 -16.777 -16.775 -16.712 -16.833 -16.477 -16.135 -15.672 -16.744
0.918993 -13.707 -14.088 -14.861 -15.973 -16.496 -16.778 -15.671 -16.074 -16.5 -16.781 -16.861 -16.814 -16.052 -16.61 -16.851 -16.869 -16.804 -16.663 -16.859 -16.878 -16.837 -16.813 -16.798 -16.731 -16.86 -16.518 -16.179 -15.718 -16.767
0.946787 -13.671 -14.048 -14.838 -15.968 -16.505 -16.797 -15.673 -16.071 -16.509 -16.8 -16.888 -16.848 -16.048 -16.622 -16.874 -16.899 -16.838 -16.677 -16.883 -16.908 -16.87 -16.848 -16.822 -16.749 -16.886 -16.558 -16.223 -15.764 -16.789
0.975422 -13.635 -14.007 -14.813 -15.961 -16.512 -16.815 -15.674 -16.067 -16.516 -16.818 -16.915 -16.881 -16.044 -16.634 -16.897 -16.929 -16.872 -16.691 -16.906 -16.938 -16.903 -16.883 -16.844 -16.766 -16.912 -16.598 -16.266 -15.81 -16.811
1.004923 -13.597 -13.964 -14.788 -15.954 -16.519 -16.833 -15.674 -16.063 -16.524 -16.836 -16.941 -16.913 -16.038 -16.645 -16.92 -16.957 -16.906 -16.703 -16.929 -16.967 -16.936 -16.918 -16.866 -16.782 -16.938 -16.638 -16.309 -15.856 -16.832
1.035317 -13.558 -13.919 -14.761 -15.946 -16.525 -16.849 -15.673 -16.057 -16.53 -16.853 -16.966 -16.945 -16.032 -16.655 -16.942 -16.986 -16.939 -16.715 -16.951 -16.995 -16.968 -16.953 -16.888 -16.798 -16.963 -16.677 -16.352 -15.902 -16.853
1.066629 -13.519 -13.873 -14.732 -15.936 -16.53 -16.865 -15.671 -16.05 -16.535 -16.87 -16.991 -16.977 -16.024 -16.664 -16.963 -17.014 -16.971 -16.726 -16.973 -17.023 -17.0 -16.987 -16.909 -16.812 -16.987 -16.717 -16.395 -15.948 -16.873
1.098888 -13.479 -13.825 -14.703 -15.926 -16.534 -16.881 -15.669 -16.042 -16.539 -16.885 -17.015 -17.008 -16.015 -16.672 -16.984 -17.041 -17.003 -16.736 -16.993 -17.051 -17.031 -17.02 -16.929 -16.827 -17.011 -16.755 -16.438 -15.993 -16.893
1.132124 -13.437 -13.775 -14.672 -15.914 -16.537 -16.895 -15.666 -16.032 -16.542 -16.9 -17.039 -17.039 -16.005 -16.679 -17.004 -17.068 -17.035 -16.745 -17.013 -17.078 -17.062 -17.053 -16.948 -16.84 -17.034 -16.794 -16.48 -16.038 -16.912
1.166364 -13.395 -13.724 -14.639 -15.9 -16.539 -16.909 -15.663 -16.022 -16.545 -16.914 -17.062 -17.069 -15.993 -16.686 -17.023 -17.094 -17.066 -16.753 -17.033 -17.104 -17.093 -17.086 -16.967 -16.852 -17.056 -16.832 -16.522 -16.083 -16.93
1.20164 -13.352 -13.67 -14.605 -15.886 -16.54 -16.922 -15.658 -16.01 -16.546 -16.927 -17.084 -17.099 -15.98 -16.691 -17.041 -17.119 -17.097 -16.761 -17.052 -17.13 -17.122 -17.119 -16.986 -16.864 -17.078 -16.87 -16.564 -16.128 -16.948
1.237983 -13.308 -13.614 -14.57 -15.87 -16.54 -16.933 -15.653 -15.997 -16.546 -16.94 -17.106 -17.128 -15.966 -16.696 -17.059 -17.144 -17.127 -16.767 -17.069 -17.155 -17.152 -17.151 -17.003 -16.875 -17.099 -16.908 -16.605 -16.172 -16.965
1.275425 -13.263 -13.557 -14.533 -15.853 -16.538 -16.945 -15.646 -15.982 -16.545 -16.951 -17.127 -17.157 -15.951 -16.699 -17.076 -17.169 -17.157 -16.773 -17.087 -17.179 -17.181 -17.182 -17.02 -16.885 -17.119 -16.945 -16.646 -16.217 -16.981
1.313999 -13.218 -13.497 -14.494 -15.834 -16.536 -16.955 -15.639 -15.966 -16.543 -16.962 -17.147 -17.185 -15.934 -16.702 -17.092 -17.192 -17.186 -16.777 -17.103 -17.203 -17.209 -17.213 -17.036 -16.894 -17.139 -16.982 -16.687 -16.261 -16.997
1.35374 -13.171 -13.435 -14.454 -15.814 -16.532 -16.964 -15.631 -15.949 -16.54 -16.971 -17.167 -17.213 -15.916 -16.703 -17.108 -17.215 -17.214 -16.781 -17.119 -17.226 -17.237 -17.244 -17.052 -16.902 -17.158 -17.018 -16.728 -16.305 -17.012
1.394683 -13.124 -13.371 -14.412 -15.792 -16.527 -16.972 -15.622 -15.93 -16.536 -16.98 -17.185 -17.24 -15.896 -16.703 -17.122 -17.238 -17.242 -16.783 -17.133 -17.249 -17.264 -17.274 -17.066 -16.909 -17.176 -17.054 -16.768 -16.348 -17.026
1.436864 -13.077 -13.304 -14.369 -15.768 -16.521 -16.979 -15.612 -15.91 -16.53 -16.988 -17.203 -17.266 -15.874 -16.702 -17.136 -17.259 -17.27 -16.785 -17.147 -17.271 -17.29 -17.303 -17.08 -16.916 -17.194 -17.09 -16.808 -16.392 -17.039
1.480321 -13.028 -13.236 -14.323 -15.743 -16.514 -16.985 -15.601 -15.888 -16.523 -16.994 -17.221 -17.292 -15.851 -16.7 -17.148 -17.28 -17.296 -16.785 -17.16 -17.292 -17.316 -17.332 -17.093 -16.921 -17.21 -17.125 -16.848 -16.435 -17.052
1.525092 -12.98 -13.164 -14.276 -15.717 -16.505 -16.99 -15.588 -15.864 -16.514 -17.0 -17.237 -17.317 -15.827 -16.697 -17.16 -17.3 -17.323 -16.784 -17.172 -17.312 -17.341 -17.36 -17.105 -16.925 -17.226 -17.16 -16.887 -16.478 -17.063
1.571218 -12.93 -13.09 -14.227 -15.688 -16.495 -16.994 -15.575 -15.839 -16.505 -17.004 -17.252 -17.341 -15.8 -16.692 -17.171 -17.319 -17.348 -16.781 -17.183 -17.332 -17.366 -17.388 -17.116 -16.928 -17.241 -17.194 -16.926 -16.52 -17.074
1.618738 -12.881 -13.014 -14.176 -15.658 -16.483 -16.997 -15.561 -15.812 -16.494 -17.008 -17.267 -17.365 -15.772 -16.686 -17.181 -17.338 -17.373 -16.778 -17.193 -17.35 -17.39 -17.415 -17.126 -16.93 -17.255 -17.228 -16.964 -16.563 -17.084
1.667696 -12.831 -12.935 -14.123 -15.625 -16.47 -16.998 -15.545 -15.783 -16.481 -17.01 -17.281 -17.388 -15.742 -16.678 -17.189 -17.355 -17.397 -16.773 -17.202 -17.368 -17.413 -17.441 -17.135 -16.93 -17.267 -17.261 -17.002 -16.605 -17.093
1.718134 -12.781 -12.853 -14.067 -15.591 -16.455 -16.999 -15.528 -15.752 -16.467 -17.01 -17.293 -17.41 -15.71 -16.669 -17.197 -17.372 -17.42 -16.767 -17.21 -17.385 -17.435 -17.467 -17.143 -16.929 -17.279 -17.294 -17.04 -16.646 -17.101
1.770098 -12.73 -12.768 -14.01 -15.555 -16.439 -16.998 -15.51 -15.72 -16.451 -17.01 -17.305 -17.431 -15.675 -16.659 -17.203 -17.388 -17.443 -16.759 -17.217 -17.401 -17.457 -17.492 -17.15 -16.927 -17.29 -17.326 -17.077 -16.688 -17.108
1.823633 -12.68 -12.679 -13.95 -15.516 -16.421 -16.995 -15.49 -15.685 -16.433 -17.008 -17.315 -17.452 -15.639 -16.647 -17.208 -17.402 -17.464 -16.75 -17.222 -17.416 -17.477 -17.516 -17.156 -16.924 -17.3 -17.357 -17.114 -16.729 -17.114
1.878788 -12.63 -12.588 -13.889 -15.476 -16.401 -16.991 -15.469 -15.648 -16.414 -17.005 -17.325 -17.471 -15.601 -16.633 -17.212 -17.416 -17.485 -16.739 -17.227 -17.43 -17.497 -17.54 -17.161 -16.919 -17.309 -17.388 -17.151 -16.769 -17.119
1.93561 -12.58 -12.494 -13.824 -15.433 -16.379 -16.986 -15.447 -15.609 -16.393 -17.0 -17.333 -17.49 -15.56 -16.618 -17.215 -17.429 -17.505 -16.727 -17.23 -17.443 -17.516 -17.562 -17.164 -16.913 -17.316 -17.419 -17.186 -16.81 -17.123
1.994152 -12.53 -12.396 -13.757 -15.387 -16.355 -16.979 -15.423 -15.567 -16.37 -16.994 -17.34 -17.508 -15.517 -16.601 -17.216 -17.44 -17.524 -16.713 -17.231 -17.455 -17.534 -17.584 -17.167 -16.905 -17.323 -17.448 -17.222 -16.85 -17.126
2.054463 -12.481 -12.294 -13.688 -15.339 -16.329 -16.97 -15.398 -15.523 -16.344 -16.986 -17.346 -17.525 -15.471 -16.582 -17.216 -17.45 -17.542 -16.697 -17.232 -17.465 -17.551 -17.605 -17.168 -16.896 -17.328 -17.477 -17.257 -16.889 -17.127
2.116599 -12.433 -12.189 -13.616 -15.289 -16.301 -16.96 -15.371 -15.476 -16.317 -16.976 -17.351 -17.541 -15.423 -16.561 -17.214 -17.459 -17.559 -16.68 -17.23 -17.475 -17.567 -17.625 -17.167 -16.885 -17.331 -17.506 -17.291 -16.928 -17.127
2.180614 -12.385 -12.08 -13.541 -15.235 -16.271 -16.947 -15.342 -15.427 -16.288 -16.965 -17.354 -17.555 -15.372 -16.538 -17.211 -17.467 -17.575 -16.66 -17.228 -17.483 -17.582 -17.644 -17.166 -16.872 -17.334 -17.533 -17.325 -16.967 -17.126
2.246566 -12.339 -11.966 -13.464 -15.179 -16.239 -16.933 -15.311 -15.375 -16.256 -16.952 -17.356 -17.569 -15.318 -16.513 -17.206 -17.474 -17.59 -16.639 -17.223 -17.49 -17.595 -17.663 -17.163 -16.858 -17.335 -17.56 -17.358 -17.005 -17.124
2.314511 -12.293 -11.849 -13.383 -15.12 -16.204 -16.917 -15.279 -15.32 -16.222 -16.936 -17.356 -17.581 -15.262 -16.486 -17.2 -17.479 -17.604 -16.616 -17.217 -17.495 -17.608 -17.68 -17.158 -16.842 -17.334 -17.586 -17.39 -17.042 -17.12
2.384512 -12.248 -11.727 -13.299 -15.058 -16.167 -16.899 -15.244 -15.262 -16.186 -16.919 -17.355 -17.592 -15.202 -16.456 -17.191 -17.482 -17.616 -16.59 -17.21 -17.5 -17.619 -17.696 -17.151 -16.823 -17.332 -17.611 -17.422 -17.08 -17.115
2.45663 -12.205 -11.601 -13.212 -14.992 -16.127 -16.879 -15.208 -15.201 -16.147 -16.9 -17.352 -17.602 -15.139 -16.424 -17.181 -17.485 -17.628 -16.562 -17.2 -17.502 -17.629 -17.71 -17.143 -16.803 -17.328 -17.635 -17.453 -17.116 -17.108
2.530929 -12.163 -11.469 -13.122 -14.923 -16.084 -16.857 -15.169 -15.137 -16.105 -16.879 -17.347 -17.61 -15.072 -16.39 -17.169 -17.485 -17.638 -16.532 -17.188 -17.503 -17.637 -17.724 -17.133 -16.78 -17.322 -17.658 -17.483 -17.152 -17.099
2.607475 -12.122 -11.333 -13.028 -14.85 -16.038 -16.832 -15.128 -15.068 -16.06 -16.855 -17.34 -17.617 -15.002 -16.353 -17.154 -17.484 -17.646 -16.499 -17.175 -17.502 -17.644 -17.736 -17.122 -16.755 -17.314 -17.68 -17.513 -17.188 -17.089
2.686337 -12.083 -11.192 -12.931 -14.773 -15.989 -16.804 -15.085 -14.997 -16.012 -16.828 -17.332 -17.623 -14.928 -16.312 -17.138 -17.481 -17.653 -16.464 -17.159 -17.5 -17.65 -17.747 -17.108 -16.727 -17.305 -17.702 -17.542 -17.222 -17.077
2.767583 -12.046 -11.045 -12.83 -14.692 -15.937 -16.774 -15.039 -14.921 -15.961 -16.799 -17.321 -17.626 -14.85 -16.269 -17.119 -17.476 -17.658 -16.425 -17.141 -17.495 -17.654 -17.756 -17.092 -16.697 -17.293 -17.722 -17.57 -17.256 -17.063
2.851287 -12.01 -10.892 -12.724 -14.607 -15.881 -16.741 -14.991 -14.841 -15.907 -16.768 -17.309 -17.628 -14.768 -16.223 -17.098 -17.468 -17.662 -16.384 -17.12 -17.489 -17.656 -17.764 -17.074 -16.665 -17.279 -17.74 -17.597 -17.29 -17.047
2.937522 -11.976 -10.733 -12.615 -14.517 -15.822 -16.705 -14.94 -14.757 -15.849 -16.733 -17.294 -17.629 -14.681 -16.173 -17.074 -17.459 -17.664 -16.34 -17.097 -17.48 -17.656 -17.771 -17.053 -16.629 -17.263 -17.758 -17.623 -17.322 -17.029
3.026365 -11.944 -10.568 -12.501 -14.423 -15.759 -16.666 -14.885 -14.668 -15.787 -16.695 -17.276 -17.627 -14.59 -16.12 -17.047 -17.448 -17.664 -16.293 -17.072 -17.469 -17.655 -17.775 -17.031 -16.59 -17.245 -17.774 -17.648 -17.354 -17.009
3.117896 -11.913 -10.397 -12.383 -14.323 -15.692 -16.624 -14.828 -14.574 -15.721 -16.654 -17.256 -17.623 -14.493 -16.063 -17.017 -17.434 -17.662 -16.242 -17.043 -17.456 -17.651 -17.778 -17.005 -16.549 -17.223 -17.789 -17.671 -17.385 -16.987
3.212194 -11.883 -10.219 -12.26 -14.219 -15.62 -16.578 -14.768 -14.475 -15.651 -16.61 -17.234 -17.617 -14.391 -16.003 -16.985 -17.418 -17.657 -16.188 -17.012 -17.441 -17.645 -17.779 -16.977 -16.503 -17.199 -17.802 -17.694 -17.416 -16.962
3.309345 -11.855 -10.034 -12.131 -14.108 -15.544 -16.529 -14.704 -14.371 -15.577 -16.562 -17.208 -17.609 -14.284 -15.938 -16.949 -17.399 -17.651 -16.13 -16.977 -17.422 -17.637 -17.778 -16.946 -16.455 -17.173 -17.814 -17.716 -17.445 -16.935
3.409434 -11.828 -9.842 -11.998 -13.991 -15.463 -16.475 -14.636 -14.26 -15.498 -16.51 -17.18 -17.599 -14.171 -15.868 -16.91 -17.377 -17.642 -16.068 -16.939 -17.401 -17.626 -17.774 -16.912 -16.402 -17.143 -17.824 -17.736 -17.473 -16.905
3.51255 -11.802 -9.643 -11.859 -13.868 -15.377 -16.417 -14.564 -14.144 -15.413 -16.454 -17.148 -17.585 -14.051 -15.794 -16.866 -17.352 -17.631 -16.002 -16.897 -17.377 -17.613 -17.769 -16.874 -16.346 -17.11 -17.832 -17.755 -17.5 -16.872
3.618785 -11.777 -9.437 -11.714 -13.739 -15.286 -16.355 -14.489 -14.021 -15.324 -16.393 -17.113 -17.57 -13.924 -15.715 -16.819 -17.324 -17.617 -15.931 -16.852 -17.35 -17.597 -17.761 -16.833 -16.285 -17.073 -17.838 -17.772 -17.526 -16.836
3.728232 -11.753 -9.224 -11.564 -13.601 -15.188 -16.288 -14.408 -13.891 -15.228 -16.328 -17.074 -17.551 -13.791 -15.63 -16.768 -17.292 -17.6 -15.855 -16.802 -17.319 -17.578 -17.75 -16.789 -16.219 -17.033 -17.843 -17.788 -17.551 -16.797
3.84099 -11.729 -9.004 -11.407 -13.457 -15.084 -16.215 -14.324 -13.753 -15.127 -16.258 -17.032 -17.529 -13.649 -15.54 -16.713 -17.257 -17.58 -15.775 -16.749 -17.285 -17.556 -17.736 -16.74 -16.149 -16.988 -17.845 -17.802 -17.575 -16.755
3.957158 -11.706 -8.777 -11.243 -13.303 -14.974 -16.138 -14.234 -13.607 -15.018 -16.182 -16.985 -17.504 -13.5 -15.444 -16.652 -17.217 -17.557 -15.69 -16.69 -17.246 -17.531 -17.72 -16.687 -16.074 -16.94 -17.844 -17.814 -17.597 -16.709
4.07684 -11.682 -8.546 -11.072 -13.141 -14.856 -16.054 -14.139 -13.453 -14.903 -16.101 -16.933 -17.475 -13.341 -15.341 -16.586 -17.174 -17.53 -15.599 -16.627 -17.204 -17.501 -17.7 -16.63 -15.992 -16.887 -17.842 -17.825 -17.618 -16.66
4.200141 -11.658 -8.309 -10.893 -12.97 -14.731 -15.964 -14.038 -13.29 -14.781 -16.014 -16.877 -17.442 -13.174 -15.231 -16.515 -17.126 -17.499 -15.502 -16.558 -17.157 -17.468 -17.677 -16.568 -15.906 -16.829 -17.836 -17.833 -17.637 -16.606
4.327172 -11.634 -8.07 -10.707 -12.788 -14.598 -15.868 -13.932 -13.116 -14.65 -15.92 -16.816 -17.405 -12.996 -15.114 -16.438 -17.073 -17.465 -15.399 -16.484 -17.106 -17.431 -17.651 -16.501 -15.812 -16.766 -17.828 -17.839 -17.654 -16.548
4.458044 -11.609 -7.831 -10.512 -12.596 -14.456 -15.764 -13.819 -12.933 -14.511 -15.819 -16.75 -17.364 -12.807 -14.988 -16.355 -17.015 -17.426 -15.289 -16.404 -17.049 -17.39 -17.62 -16.428 -15.712 -16.697 -17.816 -17.843 -17.67 -16.486
4.592874 -11.582 -7.595 -10.309 -12.391 -14.304 -15.652 -13.699 -12.738 -14.363 -15.71 -16.677 -17.318 -12.607 -14.854 -16.265 -16.951 -17.382 -15.173 -16.317 -16.987 -17.343 -17.585 -16.349 -15.605 -16.623 -17.802 -17.844 -17.684 -16.42
4.731783 -11.554 -7.365 -10.096 -12.174 -14.142 -15.532 -13.572 -12.53 -14.205 -15.593 -16.598 -17.267 -12.394 -14.711 -16.168 -16.881 -17.333 -15.05 -16.223 -16.918 -17.292 -17.546 -16.264 -15.49 -16.542 -17.783 -17.843 -17.696 -16.348
4.874892 -11.525 -7.145 -9.873 -11.944 -13.97 -15.404 -13.438 -12.31 -14.036 -15.468 -16.513 -17.211 -12.168 -14.558 -16.063 -16.805 -17.279 -14.919 -16.122 -16.844 -17.235 -17.502 -16.173 -15.366 -16.454 -17.761 -17.838 -17.705 -16.271
5.02233 -11.493 -6.94 -9.64 -11.699 -13.785 -15.265 -13.295 -12.075 -13.856 -15.333 -16.42 -17.148 -11.928 -14.394 -15.949 -16.722 -17.219 -14.781 -16.013 -16.763 -17.172 -17.452 -16.073 -15.233 -16.359 -17.735 -17.83 -17.713 -16.189
5.174227 -11.459 -6.753 -9.395 -11.438 -13.588 -15.116 -13.143 -11.826 -13.664 -15.188 -16.319 -17.079 -11.672 -14.219 -15.826 -16.631 -17.153 -14.634 -15.896 -16.674 -17.102 -17.397 -15.966 -15.091 -16.256 -17.704 -17.819 -17.717 -16.101
5.330718 -11.422 -6.586 -9.138 -11.16 -13.377 -14.955 -12.981 -11.559 -13.458 -15.032 -16.21 -17.004 -11.398 -14.031 -15.694 -16.532 -17.08 -14.48 -15.769 -16.577 -17.025 -17.336 -15.851 -14.937 -16.144 -17.668 -17.805 -17.719 -16.007
5.491942 -11.382 -6.44 -8.868 -10.864 -13.152 -14.783 -12.81 -11.275 -13.238 -14.864 -16.092 -16.921 -11.107 -13.829 -15.55 -16.424 -16.999 -14.318 -15.632 -16.472 -16.941 -17.268 -15.726 -14.773 -16.023 -17.627 -17.786 -17.718 -15.906
5.658042 -11.339 -6.313 -8.584 -10.548 -12.91 -14.597 -12.628 -10.972 -13.002 -14.683 -15.963 -16.83 -10.796 -13.613 -15.395 -16.306 -16.91 -14.148 -15.485 -16.357 -16.849 -17.193 -15.591 -14.596 -15.891 -17.58 -17.763 -17.714 -15.799
5.829166 -11.292 -6.204 -8.285 -10.21 -12.651 -14.396 -12.434 -10.648 -12.749 -14.488 -15.824 -16.73 -10.463 -13.381 -15.227 -16.178 -16.813 -13.97 -15.327 -16.232 -16.747 -17.11 -15.446 -14.406 -15.749 -17.527 -17.735 -17.706 -15.684
6.005465 -11.241 -6.107 -7.97 -9.848 -12.372 -14.18 -12.229 -10.3 -12.478 -14.278 -15.673 -16.62 -10.107 -13.131 -15.046 -16.038 -16.706 -13.784 -15.156 -16.097 -16.636 -17.019 -15.288 -14.201 -15.595 -17.467 -17.702 -17.694 -15.563
6.187096 -11.185 -6.02 -7.637 -9.461 -12.073 -13.946 -12.01 -9.928 -12.187 -14.051 -15.51 -16.5 -9.725 -12.863 -14.85 -15.886 -16.588 -13.592 -14.973 -15.949 -16.515 -16.919 -15.118 -13.981 -15.427 -17.4 -17.663 -17.678 -15.433
6.37422 -11.124 -5.939 -7.285 -9.046 -11.752 -13.694 -11.777 -9.529 -11.875 -13.806 -15.332 -16.369 -9.315 -12.574 -14.637 -15.721 -16.46 -13.395 -14.776 -15.789 -16.382 -16.809 -14.934 -13.743 -15.246 -17.325 -17.618 -17.658 -15.296
6.567004 -11.057 -5.859 -6.911 -8.6 -11.406 -13.422 -11.53 -9.1 -11.539 -13.542 -15.14 -16.226 -8.875 -12.263 -14.406 -15.54 -16.319 -13.193 -14.564 -15.614 -16.236 -16.688 -14.735 -13.486 -15.049 -17.24 -17.567 -17.632 -15.15
6.765619 -10.985 -5.779 -6.515 -8.121 -11.033 -13.127 -11.269 -8.639 -11.177 -13.255 -14.931 -16.069 -8.402 -11.927 -14.156 -15.344 -16.164 -12.989 -14.337 -15.424 -16.077 -16.556 -14.52 -13.209 -14.836 -17.146 -17.508 -17.602 -14.996
6.97024 -10.906 -5.695 -6.094 -7.605 -10.63 -12.807 -10.991 -8.142 -10.786 -12.946 -14.704 -15.897 -7.893 -11.564 -13.885 -15.129 -15.994 -12.785 -14.093 -15.218 -15.903 -16.411 -14.286 -12.91 -14.604 -17.042 -17.441 -17.565 -14.834
7.181051 -10.819 -5.606 -5.645 -7.049 -10.195 -12.461 -10.698 -7.607 -10.365 -12.61 -14.457 -15.71 -7.343 -11.172 -13.59 -14.896 -15.808 -12.582 -13.833 -14.994 -15.712 -16.252 -14.033 -12.586 -14.352 -16.925 -17.365 -17.522 -14.664
7.398237 -10.725 -5.511 -5.165 -6.449 -9.725 -12.084 -10.389 -7.029 -9.91 -12.246 -14.189 -15.504 -6.75 -10.748 -13.269 -14.64 -15.604 -12.382 -13.557 -14.75 -15.504 -16.078 -13.758 -12.235 -14.078 -16.796 -17.28 -17.471 -14.485
7.621991 -10.623 -5.407 -4.652 -5.8 -9.216 -11.675 -10.066 -6.403 -9.418 -11.851 -13.897 -15.279 -6.108 -10.288 -12.92 -14.361 -15.381 -12.187 -13.264 -14.485 -15.276 -15.888 -13.459 -11.854 -13.78 -16.652 -17.183 -17.413 -14.297
7.852513 -10.51 -5.295 -4.101 -5.098 -8.663 -11.23 -9.729 -5.725 -8.885 -11.422 -13.578 -15.033 -5.412 -9.788 -12.539 -14.056 -15.135 -11.996 -12.956 -14.198 -15.027 -15.681 -13.133 -11.441 -13.455 -16.493 -17.075 -17.346 -14.102
8.090007 -10.388 -5.172 -3.51 -4.336 -8.062 -10.745 -9.381 -4.99 -8.306 -10.954 -13.231 -14.763 -4.657 -9.245 -12.124 -13.721 -14.865 -11.81 -12.634 -13.886 -14.755 -15.454 -12.779 -10.991 -13.1 -16.316 -16.954 -17.269 -13.899
8.334684 -10.254 -5.039 -2.873 -3.507 -7.409 -10.216 -9.027 -4.19 -7.678 -10.444 -12.852 -14.466 -3.837 -8.654 -11.67 -13.355 -14.568 -11.627 -12.302 -13.55 -14.457 -15.208 -12.392 -10.502 -12.713 -16.119 -16.817 -17.182 -13.689
8.586761 -10.108 -4.892 -2.186 -2.606 -6.696 -9.637 -8.67 -3.32 -6.994 -9.887 -12.438 -14.141 -2.943 -8.01 -11.173 -12.952 -14.241 -11.444 -11.964 -13.186 -14.132 -14.939 -11.97 -9.968 -12.289 -15.901 -16.665 -17.082 -13.471
8.846461 -9.948 -4.732 -1.443 -1.622 -5.918 -9.003 -8.316 -2.37 -6.248 -9.279 -11.984 -13.783 -1.968 -7.305 -10.628 -12.51 -13.881 -11.257 -11.624 -12.796 -13.778 -14.647 -11.508 -9.384 -11.825 -15.659 -16.494 -16.969 -13.245
9.114017 -9.773 -4.557 -0.637 -0.547 -5.067 -8.307 -7.971 -1.331 -5.434 -8.613 -11.487 -13.389 -0.902 -6.534 -10.029 -12.023 -13.484 -11.064 -11.288 -12.38 -13.392 -14.332 -11.001 -8.745 -11.317 -15.389 -16.302 -16.841 -13.011
9.389664 -9.58 -4.365 0.238 0.63 -4.133 -7.542 -7.637 -0.193 -4.544 -7.882 -10.941 -12.955 0.265 -5.688 -9.371 -11.486 -13.045 -10.861 -10.961 -11.94 -12.973 -13.991 -10.444 -8.044 -10.758 -15.088 -16.087 -16.696 -12.769
9.673648 -9.369 -4.154 1.191 1.923 -3.107 -6.7 -7.315 1.056 -3.568 -7.078 -10.341 -12.477 1.548 -4.758 -8.645 -10.892 -12.559 -10.643 -10.641 -11.482 -12.521 -13.626 -9.832 -7.274 -10.142 -14.754 -15.847 -16.532 -12.515
9.966221 -9.137 -3.921 2.232 3.346 -1.978 -5.77 -7.002 2.431 -2.496 -6.194 -9.68 -11.948 2.959 -3.734 -7.844 -10.236 -12.02 -10.406 -10.329 -11.011 -12.036 -13.236 -9.157 -6.426 -9.464 -14.38 -15.577 -16.346 -12.249
10.267642 -8.881 -3.665 3.371 4.916 -0.731 -4.741 -6.69 3.948 -1.315 -5.218 -8.951 -11.363 4.516 -2.603 -6.956 -9.508 -11.422 -10.148 -10.018 -10.538 -11.522 -12.823 -8.411 -5.489 -8.714 -13.963 -15.274 -16.136 -11.967
10.57818 -8.598 -3.382 4.621 6.652 0.648 -3.6 -6.372 5.627 -0.013 -4.14 -8.145 -10.714 6.239 -1.351 -5.972 -8.698 -10.756 -9.864 -9.7 -10.07 -10.985 -12.39 -7.584 -4.451 -7.883 -13.496 -14.933 -15.898 -11.664
10.89811 -8.285 -3.069 5.999 8.578 2.179 -2.332 -6.038 7.489 1.429 -2.946 -7.252 -9.993 8.149 0.038 -4.877 -7.797 -10.015 -9.551 -9.366 -9.611 -10.434 -11.938 -6.666 -3.3 -6.961 -12.971 -14.549 -15.629 -11.337
11.227716 -7.937 -2.722 7.521 10.722 3.882 -0.918 -5.679 9.56 3.028 -1.619 -6.261 -9.192 10.274 1.585 -3.656 -6.79 -9.186 -9.203 -9.008 -9.16 -9.878 -11.47 -5.643 -2.018 -5.934 -12.382 -14.115 -15.323 -10.98
11.56729 -7.55 -2.335 9.209 13.114 5.784 0.662 -5.287 11.871 4.807 -0.143 -5.157 -8.298 12.645 3.312 -2.291 -5.663 -8.258 -8.816 -8.615 -8.706 -9.325 -10.985 -4.501 -0.587 -4.788 -11.719 -13.626 -14.975 -10.587
11.917135 -7.119 -1.903 11.09 15.794 7.912 2.435 -4.852 14.457 6.793 1.505 -3.926 -7.299 15.299 5.246 -0.76 -4.397 -7.217 -8.384 -8.181 -8.236 -8.773 -10.479 -3.221 1.017 -3.503 -10.969 -13.071 -14.578 -10.152
12.277561 -6.635 -1.419 13.194 18.804 10.304 4.428 -4.367 17.363 9.017 3.348 -2.548 -6.179 18.279 7.42 0.963 -2.972 -6.044 -7.901 -7.696 -7.732 -8.212 -9.944 -1.782 2.819 -2.06 -10.12 -12.442 -14.126 -9.666
12.648887 -6.092 -0.876 15.558 22.2 13.002 6.679 -3.823 20.637 11.517 5.417 -1.002 -4.922 21.638 9.871 2.908 -1.361 -4.722 -7.357 -7.153 -7.179 -7.625 -9.368 -0.159 4.852 -0.433 -9.156 -11.725 -13.609 -9.122
13.031444 -5.479 -0.263 18.226 26.046 16.055 9.228 -3.21 24.342 14.338 7.745 0.739 -3.506 25.437 12.646 5.112 0.465 -3.224 -6.744 -6.539 -6.563 -6.989 -8.736 1.68 7.155 1.409 -8.057 -10.907 -13.016 -8.508
13.425571 -4.784 0.432 21.252 30.417 19.525 12.127 -2.516 28.549 17.533 10.376 2.704 -1.906 29.752 15.799 7.619 2.543 -1.525 -6.05 -5.845 -5.867 -6.285 -8.032 3.77 9.773 3.502 -6.801 -9.97 -12.334 -7.813
13.831619 -4.039 1.177 24.411 34.978 23.149 15.161 -1.771 32.934 20.863 13.112 4.755 -0.232 34.248 19.094 10.246 4.726 0.261 -5.305 -5.1 -5.121 -5.537 -7.283 5.964 12.516 5.699 -5.466 -8.966 -11.592 -7.069
14.249947 -3.712 1.503 24.738 35.304 23.476 15.487 -1.444 33.261 21.19 13.439 5.082 0.095 34.575 19.421 10.573 5.053 0.588 -4.978 -4.773 -4.795 -5.21 -6.956 6.291 12.843 6.026 -5.139 -8.64 -11.265 -6.742
14.680926 -3.365 1.85 25.085 35.651 23.823 15.834 -1.097 33.608 21.537 13.786 5.429 0.442 34.922 19.768 10.92 5.4 0.934 -4.631 -4.426 -4.448 -4.863 -6.609 6.638 13.19 6.373 -4.792 -8.293 -10.918 -6.395
15.124941 -2.997 2.219 25.453 36.02 24.191 16.203 -0.729 33.976 21.905 14.154 5.797 0.81 35.29 20.136 11.288 5.768 1.303 -4.263 -4.058 -4.079 -4.495 -6.241 7.006 13.558 6.741 -4.424 -7.924 -10.55 -6.027
15.582385 -2.606 2.609 25.844 36.41 24.582 16.593 -0.338 34.367 22.296 14.545 6.188 1.201 35.681 20.527 11.679 6.159 1.694 -3.872 -3.667 -3.689 -4.104 -5.85 7.397 13.949 7.132 -4.033 -7.534 -10.159 -5.636
16.053663 -2.191 3.024 26.259 36.825 24.997 17.008 0.077 34.782 22.711 14.96 6.603 1.616 36.096 20.942 12.094 6.574 2.108 -3.457 -3.252 -3.274 -3.689 -5.435 7.812 14.364 7.547 -3.618 -7.119 -9.745 -5.221
16.539195 -1.751 3.465 26.699 37.266 25.437 17.449 0.517 35.222 23.151 15.4 7.043 2.056 36.536 21.382 12.534 7.014 2.549 -3.017 -2.812 -2.833 -3.249 -4.995 8.252 14.804 7.987 -3.178 -6.678 -9.304 -4.78
17.039412 -1.284 3.932 27.167 37.733 25.904 17.916 0.985 35.69 23.619 15.867 7.511 2.524 37.004 21.849 13.002 7.482 3.016 -2.549 -2.345 -2.366 -2.781 -4.527 8.72 15.271 8.454 -2.71 -6.211 -8.837 -4.313
17.554757 -0.788 4.428 27.663 38.229 26.4 18.412 1.481 36.186 24.115 16.363 8.007 3.02 37.5 22.345 13.498 7.978 3.512 -2.053 -1.848 -1.87 -2.285 -4.031 9.216 15.767 8.951 -2.214 -5.715 -8.341 -3.817
18.085689 -0.261 4.955 28.19 38.756 26.927 18.939 2.007 36.712 24.641 16.89 8.533 3.547 38.026 22.872 14.024 8.504 4.039 -1.527 -1.322 -1.343 -1.759 -3.505 9.742 16.294 9.477 -1.688 -5.188 -7.814 -3.29
18.632678 0.298 5.514 28.748 39.314 27.486 19.498 2.566 37.271 25.2 17.449 9.092 4.105 38.585 23.431 14.583 9.063 4.598 -0.968 -0.763 -0.784 -1.2 -2.946 10.301 16.853 10.036 -1.129 -4.629 -7.255 -2.732
19.196211 0.891 6.107 29.342 39.908 28.079 20.091 3.159 37.865 25.793 18.042 9.686 4.699 39.179 24.024 15.176 9.657 5.191 -0.375 -0.17 -0.191 -0.607 -2.352 10.895 17.446 10.629 -0.536 -4.036 -6.662 -2.138
19.776787 1.521 6.736 29.971 40.537 28.709 20.72 3.789 38.494 26.423 18.672 10.315 5.328 39.808 24.654 15.806 10.286 5.821 0.255 0.46 0.438 0.023 -1.723 11.524 18.076 11.259 0.094 -3.407 -6.032 -1.509
20.374923 2.189 7.405 30.64 41.206 29.377 21.389 4.457 39.162 27.091 19.34 10.983 5.997 40.477 25.322 16.474 10.954 6.489 0.923 1.128 1.107 0.691 -1.055 12.192 18.744 11.927 0.762 -2.738 -5.364 -0.84
20.991149 2.898 8.114 31.349 41.915 30.086 22.098 5.167 39.872 27.801 20.049 11.693 6.706 41.186 26.031 17.184 11.664 7.198 1.633 1.838 1.816 1.401 -0.345 12.902 19.453 12.636 1.472 -2.029 -4.655 -0.131
21.626011 3.651 8.867 32.102 42.668 30.839 22.851 5.92 40.625 28.554 20.802 12.446 7.459 41.939 26.784 17.936 12.417 7.951 2.386 2.59 2.569 2.154 0.408 13.655 20.206 13.389 2.225 -1.276 -3.902 0.622
22.280075 4.45 9.666 32.901 43.467 31.638 23.65 6.719 41.424 29.353 21.601 13.245 8.258 42.738 27.583 18.736 13.216 8.75 3.185 3.39 3.368 2.953 1.207 14.454 21.005 14.188 3.024 -0.477 -3.103 1.421
22.953921 5.299 10.514 33.749 44.315 32.487 24.498 7.567 42.272 30.201 22.449 14.093 9.106 43.586 28.432 19.584 14.064 9.598 4.033 4.238 4.216 3.801 2.055 15.302 21.853 15.037 3.872 0.371 -2.255 2.269
23.648147 6.199 11.414 34.649 45.215 33.387 25.399 8.467 43.172 31.101 23.35 14.993 10.006 44.486 29.332 20.484 14.964 10.499 4.933 5.138 5.116 4.701 2.955 16.202 22.754 15.937 4.772 1.272 -1.354 3.169
24.363369 7.154 12.37 35.605 46.171 34.342 26.354 9.423 44.128 32.057 24.305 15.949 10.962 45.442 30.287 21.44 15.92 11.454 5.889 6.094 6.072 5.657 3.911 17.158 23.709 16.892 5.728 2.227 -0.399 4.125
25.100222 8.169 13.384 36.619 47.185 35.357 27.368 10.437 45.142 33.071 25.32 16.963 11.976 46.456 31.302 22.454 16.934 12.468 6.903 7.108 7.086 6.671 4.925 18.172 24.723 17.907 6.742 3.241 0.615 5.139
25.859362 9.245 14.461 37.696 48.262 36.433 28.445 11.513 46.219 34.147 26.396 18.039 13.053 47.533 32.378 23.53 18.01 13.545 7.979 8.184 8.163 7.747 6.002 19.248 25.8 18.983 7.818 4.318 1.692 6.216
26.64146 10.388 15.603 38.838 49.404 37.576 29.587 12.656 47.361 35.29 27.539 19.182 14.195 48.675 33.521 24.673 19.153 14.687 9.122 9.327 9.305 8.89 7.144 20.391 26.943 20.126 8.961 5.46 2.835 7.358
27.447213 11.6 16.816 40.051 50.617 38.788 30.8 13.869 48.574 36.503 28.751 20.395 15.408 49.888 34.733 25.886 20.366 15.9 10.335 10.54 10.518 10.103 8.357 21.604 28.155 21.339 10.174 6.673 4.047 8.571
28.277335 12.888 18.103 41.338 51.904 40.076 32.087 15.156 49.861 37.79 30.039 21.682 16.695 51.175 36.021 27.173 21.653 17.187 11.622 11.827 11.805 11.39 9.644 22.891 29.443 22.626 11.461 7.96 5.335 9.858
29.132564 14.254 19.47 42.704 53.271 41.442 33.454 16.522 51.227 39.156 31.405 23.048 18.061 52.541 37.387 28.539 23.019 18.554 12.988 13.193 13.172 12.756 11.01 24.257 30.809 23.992 12.827 9.327 6.701 11.224
30.013659 15.704 20.92 44.155 54.721 42.892 34.904 17.972 52.678 40.606 32.855 24.498 19.512 53.992 38.837 29.989 24.469 20.004 14.438 14.643 14.622 14.206 12.461 25.707 32.259 25.442 14.277 10.777 8.151 12.675
30.921401 17.243 22.459 45.694 56.26 44.431 36.443 19.512 54.217 42.146 34.394 26.038 21.051 55.531 40.376 31.528 26.009 21.543 15.978 16.182 16.161 15.746 14.0 27.247 33.798 26.981 15.817 12.316 9.69 14.214
31.856598 18.877 24.093 47.328 57.894 46.065 38.077 21.145 55.85 43.779 36.028 27.671 22.684 57.164 42.01 33.162 27.642 23.177 17.611 17.816 17.795 17.379 15.633 28.88 35.432 28.615 17.45 13.95 11.324 15.848
32.820079 20.611 25.827 49.062 59.628 47.799 39.811 22.879 57.584 45.513 37.762 29.405 24.419 58.898 43.744 34.896 29.376 24.911 19.345 19.55 19.529 19.113 17.367 30.614 37.166 30.349 19.184 15.684 13.058 17.582
33.8127 22.452 27.667 50.902 61.468 49.64 41.651 24.72 59.425 47.354 39.602 31.246 26.259 60.739 45.585 36.737 31.217 26.751 21.186 21.391 21.369 20.954 19.208 32.455 39.006 32.19 21.025 17.524 14.898 19.422
34.835342 24.405 29.621 52.856 63.422 51.593 43.605 26.673 61.378 49.307 41.556 33.199 28.213 62.693 47.538 38.69 33.17 28.705 23.139 23.344 23.323 22.907 21.162 34.408 40.96 34.143 22.978 19.478 16.852 21.376
35.888913 26.479 31.694 54.929 65.495 53.667 45.678 28.747 63.452 51.381 43.629 35.273 30.286 64.766 49.612 40.764 35.244 30.778 25.213 25.418 25.396 24.981 23.235 36.482 43.033 36.217 25.052 21.551 18.925 23.449
36.974349 28.679 33.895 57.13 67.696 55.867 47.879 30.948 65.653 53.582 45.83 37.474 32.487 66.967 51.812 42.965 37.445 32.979 27.414 27.618 27.597 27.182 25.436 38.683 45.234 38.417 27.253 23.752 21.126 25.65
38.092613 31.015 36.231 59.466 70.032 58.203 50.215 33.284 67.989 55.918 48.166 39.81 34.823 69.303 54.148 45.3 39.781 35.315 29.75 29.954 29.933 29.518 27.772 41.019 47.57 40.753 29.589 26.088 23.462 27.986
39.244698 33.495 38.71 61.945 72.511 60.683 52.694 35.763 70.468 58.397 50.646 42.289 37.302 71.782 56.628 47.78 42.26 37.794 32.229 32.434 32.412 31.997 30.251 43.498 50.049 43.233 32.068 28.567 25.941 30.465
40.431627 36.126 41.342 64.577 75.143 63.314 55.326 38.395 73.1 61.028 53.277 44.921 39.934 74.414 59.259 50.411 44.892 40.426 34.861 35.065 35.044 34.629 32.883 46.13 52.681 45.864 34.7 31.199 28.573 33.097
41.654454 38.919 44.135 67.37 77.936 66.107 58.119 41.188 75.893 63.822 56.07 47.714 42.727 77.207 62.052 53.205 47.685 43.219 37.654 37.859 37.837 37.422 35.676 48.923 55.474 48.657 37.493 33.992 31.366 35.89
42.914265 41.884 47.1 70.335 80.901 69.072 61.084 44.152 78.858 66.786 59.035 50.678 45.692 80.172 65.017 56.169 50.649 46.184 40.618 40.823 40.802 40.386 38.641 51.887 58.439 51.622 40.457 36.957 34.331 38.855
44.212178 45.031 50.246 73.481 84.047 72.219 64.231 47.299 82.004 69.933 62.182 53.825 48.838 83.318 68.164 59.316 53.796 49.331 43.765 43.97 43.948 43.533 41.787 55.034 61.586 54.769 43.604 40.103 37.478 42.001
45.549345 48.371 53.586 76.821 87.387 75.559 67.57 50.639 85.344 73.273 65.522 57.165 52.178 86.658 71.504 62.656 57.136 52.671 47.105 47.31 47.288 46.873 45.127 58.374 64.926 58.109 46.944 43.443 40.818 45.341
46.926954 51.916 57.131 80.366 90.932 79.104 71.116 54.184 88.889 76.818 69.067 60.71 55.723 90.203 75.049 66.201 60.681 56.216 50.65 50.855 50.833 50.418 48.672 61.919 68.471 61.654 50.489 46.988 44.363 48.886
48.346227 55.679 60.894 84.129 94.695 82.867 74.878 57.947 92.652 80.581 72.829 64.473 59.486 93.966 78.812 69.964 64.444 59.978 54.413 54.618 54.596 54.181 52.435 65.682 72.233 65.417 54.252 50.751 48.125 52.649
49.808426 59.672 64.888 88.123 98.689 86.86 78.872 61.941 96.646 84.575 76.823 68.467 63.48 97.96 82.805 73.958 68.438 63.972 58.407 58.611 58.59 58.175 56.429 69.676 76.227 69.41 58.246 54.745 52.119 56.643
51.314848 63.911 69.127 92.362 102.928 91.099 83.111 66.18 100.885 88.814 81.062 72.706 67.719 102.199 87.044 78.196 72.677 68.211 62.646 62.85 62.829 62.414 60.668 73.915 80.466 73.649 62.485 58.984 56.358 60.882
52.86683 68.411 73.626 96.861 107.427 95.599 87.61 70.679 105.384 93.313 85.562 77.205 72.218 106.698 91.544 82.696 77.176 72.71 67.145 67.35 67.328 66.913 65.167 78.414 84.965 78.149 66.984 63.483 60.857 65.381
54.465752 73.186 78.402 101.637 112.203 100.374 92.386 75.455 110.16 98.088 90.337 81.981 76.994 111.474 96.319 87.471 81.952 77.486 71.921 72.125 72.104 71.688 69.943 83.19 89.741 82.924 71.759 68.259 65.633 70.157
56.113031 78.255 83.471 106.705 117.272 105.443 97.455 80.523 115.228 103.157 95.406 87.049 82.062 116.542 101.388 92.54 87.02 82.555 76.989 77.194 77.173 76.757 75.011 88.258 94.81 87.993 76.828 73.328 70.702 75.225
57.810132 83.635 88.851 112.085 122.652 110.823 102.835 85.903 120.608 108.537 100.786 92.429 87.442 121.922 106.768 97.92 92.4 87.935 82.369 82.574 82.553 82.137 80.391 93.638 100.19 93.373 82.208 78.708 76.082 80.606
59.55856 89.345 94.561 117.796 128.362 116.533 108.545 91.614 126.319 114.248 106.496 98.14 93.153 127.633 112.478 103.631 98.111 93.645 88.08 88.284 88.263 87.848 86.102 99.349 105.9 99.083 87.919 84.418 81.792 86.316
61.359868 95.406 100.622 123.857 134.423 122.594 114.606 97.675 132.38 120.309 112.557 104.201 99.214 133.694 118.539 109.692 104.172 99.706 94.141 94.346 94.324 93.909 92.163 105.41 111.961 105.144 93.98 90.479 87.853 92.377
63.215655 101.84 107.055 130.29 140.856 129.028 121.039 104.108 138.813 126.742 118.991 110.634 105.647 140.127 124.973 116.125 110.605 106.139 100.574 100.779 100.757 100.342 98.596 111.843 118.394 111.578 100.413 96.912 94.286 98.81
65.127569 108.668 113.883 137.118 147.684 135.856 127.867 110.936 145.641 133.57 125.819 117.462 112.475 146.955 131.801 122.953 117.433 112.968 107.402 107.607 107.585 107.17 105.424 118.671 125.223 118.406 107.241 103.74 101.115 105.638
67.097308 115.915 121.131 144.366 154.932 143.103 135.115 118.184 152.889 140.818 133.066 124.71 119.723 154.203 139.048 130.2 124.681 120.215 114.65 114.854 114.833 114.418 112.672 125.919 132.47 125.653 114.489 110.988 108.362 112.886
69.126621 123.608 128.823 152.058 162.624 150.796 142.807 125.876 160.581 148.51 140.759 132.402 127.415 161.895 146.741 137.893 132.373 127.908 122.342 122.547 122.525 122.11 120.364 133.611 140.163 133.346 122.181 118.68 116.055 120.578
71.217308 131.773 136.988 160.223 170.789 158.961 150.972 134.041 168.746 156.675 148.924 140.567 135.58 170.06 154.906 146.058 140.538 136.072 130.507 130.712 130.69 130.275 128.529 141.776 148.327 141.511 130.346 126.845 124.219 128.743
73.371227 140.439 145.654 168.889 179.455 167.627 159.639 142.707 177.412 165.341 157.59 149.233 144.246 178.726 163.572 154.724 149.204 144.739 139.173 139.378 139.356 138.941 137.195 150.442 156.994 150.177 139.012 135.511 132.886 137.409
75.59029 149.637 154.853 178.088 188.654 176.825 168.837 151.906 186.611 174.539 166.788 158.432 153.445 187.925 172.77 163.922 158.403 153.937 148.372 148.576 148.555 148.139 146.394 159.641 166.192 159.375 148.21 144.71 142.084 146.608
77.876467 159.4 164.616 187.851 198.417 186.588 178.6 161.669 196.374 184.303 176.551 168.195 163.208 197.688 182.533 173.685 168.166 163.7 158.135 158.339 158.318 157.903 156.157 169.404 175.955 169.138 157.974 154.473 151.847 156.371
80.231787 169.763 174.979 198.213 208.78 196.951 188.963 172.031 206.736 194.665 186.914 178.557 173.57 208.05 192.896 184.048 178.528 174.063 168.497 168.702 168.681 168.265 166.519 179.766 186.318 179.501 168.336 164.836 162.21 166.733
82.658343 180.762 185.977 209.212 219.778 207.95 199.962 183.03 217.735 205.664 197.913 189.556 184.569 219.049 203.895 195.047 189.527 185.062 179.496 179.701 179.679 179.264 177.518 190.765 197.317 190.5 179.335 175.835 173.209 177.732
85.158288 192.436 197.652 220.887 231.453 219.624 211.636 194.705 229.41 217.338 209.587 201.231 196.244 230.724 215.569 206.721 201.202 196.736 191.171 191.375 191.354 190.938 189.193 202.44 208.991 202.174 191.009 187.509 184.883 189.407
87.733843 204.827 210.043 233.278 243.844 232.015 224.027 207.096 241.801 229.73 221.978 213.622 208.635 243.115 227.96 219.112 213.593 209.127 203.562 203.766 203.745 203.33 201.584 214.831 221.382 214.565 203.401 199.9 197.274 201.798
90.387293 217.979 223.195 246.43 256.996 245.167 237.179 220.248 254.953 242.882 235.13 226.774 221.787 256.267 241.112 232.264 226.745 222.279 216.714 216.918 216.897 216.482 214.736 227.983 234.534 227.717 216.553 213.052 210.426 214.95
93.120995 231.939 237.154 260.389 270.955 259.127 251.139 234.207 268.912 256.841 249.09 240.733 235.746 270.226 255.072 246.224 240.704 236.239 230.673 230.878 230.856 230.441 228.695 241.942 248.494 241.677 230.512 227.012 224.386 228.909
95.937376 246.756 251.971 275.206 285.772 273.944 265.955 249.024 283.729 271.658 263.907 255.55 250.563 285.043 269.889 261.041 255.521 251.055 245.49 245.695 245.673 245.258 243.512 256.759 263.31 256.494 245.329 241.828 239.202 243.726
98.838937 262.482 267.698 290.933 301.499 289.67 281.682 264.751 299.456 287.384 279.633 271.277 266.29 300.77 285.615 276.767 271.248 266.782 261.217 261.421 261.4 260.984 259.239 272.486 279.037 272.22 261.055 257.555 254.929 259.453
101.828253 279.174 284.39 307.625 318.191 306.362 298.374 281.443 316.148 304.077 296.325 287.969 282.982 317.462 302.307 293.46 287.94 283.474 277.909 278.113 278.092 277.677 275.931 289.178 295.729 288.912 277.748 274.247 271.621 276.145
104.907979 296.891 302.107 325.342 335.908 324.079 316.091 299.16 333.865 321.794 314.042 305.686 300.699 335.179 320.024 311.177 305.657 301.191 295.626 295.831 295.809 295.394 293.648 306.895 313.446 306.63 295.465 291.964 289.338 293.862
108.080849 315.697 320.912 344.147 354.713 342.885 334.896 317.965 352.67 340.599 332.847 324.491 319.504 353.984 338.83 329.982 324.462 319.996 314.431 314.636 314.614 314.199 312.453 325.7 332.251 325.435 314.27 310.769 308.143 312.667
111.349681 335.656 340.872 364.107 374.673 362.844 354.856 337.925 372.63 360.559 352.807 344.451 339.464 373.944 358.789 349.942 344.422 339.956 334.391 334.595 334.574 334.159 332.413 345.66 352.211 345.394 334.23 330.729 328.103 332.627
114.717376 356.842 362.057 385.292 395.858 384.03 376.041 359.11 393.815 381.744 373.993 365.636 360.649 395.129 379.975 371.127 365.607 361.141 355.576 355.781 355.759 355.344 353.598 366.845 373.397 366.58 355.415 351.914 349.288 353.812
118.186925 379.328 384.543 407.778 418.344 406.516 398.528 381.596 416.301 404.23 396.479 388.122 383.135 417.615 402.461 393.613 388.093 383.628 378.062 378.267 378.245 377.83 376.084 389.331 395.883 389.066 377.901 374.401 371.775 376.298
121.761408 403.195 408.41 431.645 442.211 430.383 422.394 405.463 440.168 428.097 420.346 411.989 407.002 441.482 426.328 417.48 411.96 407.495 401.929 402.134 402.112 401.697 399.951 413.198 419.75 412.933 401.768 398.267 395.642 400.165
125.443999 428.527 433.743 456.978 467.544 455.715 447.727 430.796 465.501 453.429 445.678 437.322 432.335 466.815 451.66 442.812 437.293 432.827 427.262 427.466 427.445 427.03 425.284 438.531 445.082 438.265 427.101 423.6 420.974 425.498
129.237967 455.415 460.631 483.866 494.432 482.603 474.615 457.683 492.389 480.317 472.566 464.21 459.223 493.703 478.548 469.7 464.181 459.715 454.149 454.354 454.333 453.917 452.172 465.419 471.97 465.153 453.988 450.488 447.862 452.386
133.146681 483.954 489.17 512.405 522.971 511.142 503.154 486.222 520.927 508.856 501.105 492.748 487.762 522.242 507.087 498.239 492.719 488.254 482.688 482.893 482.872 482.456 480.71 493.957 500.509 493.692 482.527 479.027 476.401 480.925
137.173612 514.245 519.461 542.696 553.262 541.433 533.445 516.514 551.219 539.148 531.396 523.04 518.053 552.533 537.378 528.531 523.011 518.545 512.98 513.184 513.163 512.748 511.002 524.249 530.8 523.983 512.819 509.318 506.692 511.216
141.322334 546.397 551.612 574.847 585.413 573.585 565.596 548.665 583.37 571.299 563.548 555.191 550.204 584.684 569.53 560.682 555.162 550.696 545.131 545.336 545.314 544.899 543.153 556.4 562.952 556.135 544.97 541.469 538.844 543.367
145.596532 580.522 585.738 608.973 619.539 607.71 599.722 582.791 617.496 605.424 597.673 589.317 584.33 618.81 603.655 594.807 589.288 584.822 579.257 579.461 579.44 579.025 577.279 590.526 597.077 590.26 579.096 575.595 572.969 577.493
150.0 616.743 621.959 645.194 655.76 643.931 635.943 619.011 653.717 641.645 633.894 625.538 620.551 655.031 639.876 631.028 625.509 621.043 615.477 615.682 615.661 615.245 613.5 626.747 633.298 626.481 615.316 611.816 609.19 613.714
