# %ECSV 1.0
# ---
# datatype:
# - {name: time, datatype: float64}
# - {name: swift_uvot_uvw2, datatype: float64}
# - {name: swift_uvot_uvm2, datatype: float64}
# - {name: swift_uvot_uvw1, datatype: float64}
# - {name: swift_uvot_U, datatype: float64}
# - {name: swift_uvot_B, datatype: float64}
# - {name: swift_uvot_V, datatype: float64}
# - {name: swift_uvot_W, datatype: float64}
# - {name: johnson_U, datatype: float64}
# - {name: johnson_B, datatype: float64}
# - {name: johnson_V, datatype: float64}
# - {name: johnson_R, datatype: float64}
# - {name: johnson_I, datatype: float64}
# - {name: sdss_u, datatype: float64}
# - {name: sdss_g, datatype: float64}
# - {name: sdss_r, datatype: float64}
# - {name: sdss_i, datatype: float64}
# - {name: sdss_z, datatype: float64}
# - {name: PS1_g, datatype: float64}
# - {name: PS1_r, datatype: float64}
# - {name: PS1_i, datatype: float64}
# - {name: PS1_z, datatype: float64}
# - {name: PS1_Y, datatype: float64}
# - {name: PS1_w, datatype: float64}
# - {name: ATLAS_c, datatype: float64}
# - {name: ATLAS_o, datatype: float64}
# - {name: ukirt_J, datatype: float64}
# - {name: ukirt_H, datatype: float64}
# - {name: ukirt_K, datatype: float64}
# - {name: Clear, datatype: float64}
# meta: !!omap
# - comment: [kappa = 10.0, type = villar, mass = 0.5000000000045836, velocity = 0.29633333333333334, theta_obs = 0.0, tfloor = 2500.0]
# schema: astropy-2.0
time swift_uvot_uvw2 swift_uvot_uvm2 swift_uvot_uvw1 swift_uvot_U swift_uvot_B swift_uvot_V swift_uvot_W johnson_U johnson_B johnson_V johnson_R johnson_I sdss_u sdss_g sdss_r sdss_i sdss_z PS1_g PS1_r PS1_i PS1_z PS1_Y PS1_w ATLAS_c ATLAS_o ukirt_J ukirt_H ukirt_K Clear
0.001 -20.802 -17.259 -13.222 -12.497 -12.002 -11.512 -13.088 -12.42 -11.998 -11.5 -11.034 -10.511 -12.432 -11.845 -11.237 -10.816 -10.433 -17.85 -17.645 -17.665 -18.078 -19.069 -11.336 -11.609 -11.067 -9.692 -9.107 -8.443 -11.447
0.00103 -20.768 -17.226 -13.222 -12.497 -12.002 -11.512 -13.088 -12.42 -11.998 -11.5 -11.034 -10.511 -12.432 -11.845 -11.237 -10.816 -10.433 -17.817 -17.611 -17.631 -18.044 -19.036 -11.336 -11.609 -11.068 -9.692 -9.107 -8.443 -11.447
0.001061 -20.735 -17.194 -13.223 -12.498 -12.003 -11.513 -13.089 -12.422 -11.999 -11.501 -11.036 -10.512 -12.433 -11.846 -11.238 -10.817 -10.434 -17.784 -17.578 -17.598 -18.011 -19.002 -11.337 -11.61 -11.069 -9.693 -9.108 -8.445 -11.448
0.001094 -20.702 -17.162 -13.225 -12.5 -12.005 -11.515 -13.091 -12.424 -12.002 -11.503 -11.038 -10.514 -12.436 -11.848 -11.24 -10.82 -10.437 -17.751 -17.545 -17.565 -17.978 -18.969 -11.339 -11.613 -11.071 -9.695 -9.111 -8.447 -11.45
0.001127 -20.669 -17.131 -13.228 -12.503 -12.009 -11.518 -13.094 -12.427 -12.005 -11.506 -11.041 -10.518 -12.439 -11.851 -11.244 -10.823 -10.44 -17.718 -17.512 -17.532 -17.945 -18.937 -11.343 -11.616 -11.074 -9.699 -9.114 -8.45 -11.453
0.001161 -20.637 -17.1 -13.232 -12.507 -12.013 -11.523 -13.098 -12.431 -12.009 -11.511 -11.045 -10.522 -12.443 -11.856 -11.248 -10.827 -10.444 -17.686 -17.48 -17.5 -17.913 -18.904 -11.347 -11.62 -11.079 -9.703 -9.118 -8.455 -11.458
0.001196 -20.605 -17.069 -13.238 -12.513 -12.018 -11.528 -13.103 -12.436 -12.014 -11.516 -11.051 -10.527 -12.448 -11.861 -11.253 -10.833 -10.45 -17.654 -17.448 -17.468 -17.881 -18.872 -11.352 -11.625 -11.084 -9.708 -9.124 -8.46 -11.463
0.001232 -20.574 -17.039 -13.244 -12.519 -12.025 -11.534 -13.11 -12.443 -12.021 -11.523 -11.057 -10.534 -12.455 -11.868 -11.26 -10.839 -10.456 -17.623 -17.417 -17.437 -17.85 -18.841 -11.359 -11.632 -11.09 -9.715 -9.13 -8.467 -11.47
0.001269 -20.543 -17.009 -13.251 -12.527 -12.032 -11.542 -13.117 -12.45 -12.028 -11.53 -11.065 -10.542 -12.462 -11.875 -11.267 -10.847 -10.464 -17.592 -17.386 -17.406 -17.819 -18.81 -11.366 -11.639 -11.098 -9.723 -9.138 -8.474 -11.477
0.001308 -20.512 -16.98 -13.26 -12.535 -12.041 -11.551 -13.126 -12.459 -12.037 -11.539 -11.073 -10.55 -12.471 -11.884 -11.276 -10.855 -10.472 -17.562 -17.356 -17.376 -17.788 -18.779 -11.375 -11.648 -11.107 -9.731 -9.147 -8.483 -11.486
0.001347 -20.482 -16.951 -13.27 -12.545 -12.05 -11.56 -13.135 -12.469 -12.047 -11.549 -11.083 -10.56 -12.48 -11.893 -11.286 -10.865 -10.482 -17.532 -17.325 -17.345 -17.758 -18.749 -11.385 -11.658 -11.116 -9.741 -9.156 -8.493 -11.496
0.001388 -20.452 -16.923 -13.28 -12.556 -12.061 -11.571 -13.146 -12.479 -12.058 -11.559 -11.094 -10.571 -12.491 -11.904 -11.297 -10.876 -10.493 -17.502 -17.296 -17.316 -17.728 -18.719 -11.396 -11.669 -11.127 -9.752 -9.167 -8.504 -11.506
0.00143 -20.423 -16.896 -13.292 -12.567 -12.073 -11.583 -13.158 -12.491 -12.069 -11.571 -11.106 -10.583 -12.503 -11.916 -11.309 -10.888 -10.505 -17.473 -17.267 -17.286 -17.699 -18.69 -11.408 -11.681 -11.139 -9.764 -9.179 -8.516 -11.518
0.001473 -20.394 -16.869 -13.305 -12.58 -12.086 -11.596 -13.171 -12.504 -12.082 -11.584 -11.119 -10.596 -12.516 -11.929 -11.322 -10.901 -10.518 -17.444 -17.238 -17.258 -17.67 -18.661 -11.421 -11.694 -11.152 -9.777 -9.192 -8.529 -11.531
0.001518 -20.366 -16.842 -13.319 -12.594 -12.1 -11.61 -13.185 -12.518 -12.096 -11.598 -11.133 -10.61 -12.53 -11.943 -11.336 -10.915 -10.532 -17.416 -17.21 -17.229 -17.641 -18.633 -11.435 -11.708 -11.166 -9.791 -9.207 -8.543 -11.545
0.001564 -20.338 -16.816 -13.334 -12.61 -12.115 -11.625 -13.2 -12.533 -12.112 -11.614 -11.148 -10.625 -12.545 -11.958 -11.351 -10.93 -10.548 -17.388 -17.182 -17.201 -17.614 -18.605 -11.45 -11.723 -11.182 -9.807 -9.222 -8.558 -11.561
0.001611 -20.31 -16.791 -13.35 -12.626 -12.132 -11.642 -13.216 -12.55 -12.128 -11.63 -11.165 -10.642 -12.561 -11.975 -11.367 -10.947 -10.564 -17.361 -17.155 -17.174 -17.586 -18.577 -11.466 -11.739 -11.198 -9.823 -9.238 -8.575 -11.577
0.00166 -20.283 -16.766 -13.367 -12.643 -12.149 -11.659 -13.233 -12.567 -12.145 -11.647 -11.182 -10.659 -12.579 -11.992 -11.385 -10.964 -10.581 -17.334 -17.128 -17.147 -17.559 -18.55 -11.484 -11.757 -11.215 -9.84 -9.256 -8.592 -11.594
0.00171 -20.257 -16.742 -13.385 -12.661 -12.167 -11.678 -13.251 -12.585 -12.164 -11.666 -11.201 -10.678 -12.597 -12.01 -11.403 -10.982 -10.6 -17.308 -17.101 -17.121 -17.533 -18.524 -11.502 -11.775 -11.234 -9.859 -9.274 -8.611 -11.613
0.001761 -20.231 -16.719 -13.405 -12.681 -12.187 -11.697 -13.27 -12.605 -12.183 -11.685 -11.22 -10.697 -12.616 -12.03 -11.422 -11.002 -10.619 -17.282 -17.076 -17.095 -17.507 -18.498 -11.521 -11.794 -11.253 -9.878 -9.294 -8.63 -11.632
0.001815 -20.206 -16.696 -13.425 -12.701 -12.207 -11.718 -13.291 -12.625 -12.203 -11.706 -11.241 -10.718 -12.637 -12.05 -11.443 -11.022 -10.64 -17.257 -17.05 -17.07 -17.481 -18.472 -11.542 -11.815 -11.274 -9.899 -9.314 -8.651 -11.653
0.00187 -20.181 -16.674 -13.446 -12.723 -12.229 -11.739 -13.312 -12.646 -12.225 -11.727 -11.262 -10.739 -12.658 -12.072 -11.465 -11.044 -10.661 -17.233 -17.025 -17.045 -17.456 -18.447 -11.563 -11.836 -11.295 -9.921 -9.336 -8.672 -11.674
0.001926 -20.156 -16.652 -13.469 -12.745 -12.251 -11.762 -13.334 -12.669 -12.247 -11.75 -11.285 -10.762 -12.681 -12.094 -11.487 -11.067 -10.684 -17.208 -17.001 -17.02 -17.432 -18.422 -11.586 -11.859 -11.318 -9.943 -9.359 -8.695 -11.697
0.001984 -20.132 -16.631 -13.492 -12.768 -12.275 -11.785 -13.357 -12.692 -12.271 -11.773 -11.308 -10.785 -12.704 -12.118 -11.511 -11.09 -10.708 -17.185 -16.977 -16.996 -17.408 -18.398 -11.609 -11.882 -11.341 -9.967 -9.382 -8.719 -11.72
0.002044 -20.109 -16.611 -13.516 -12.793 -12.299 -11.809 -13.382 -12.717 -12.295 -11.798 -11.333 -10.81 -12.728 -12.142 -11.535 -11.115 -10.732 -17.161 -16.954 -16.973 -17.384 -18.375 -11.634 -11.907 -11.366 -9.991 -9.407 -8.743 -11.744
0.002106 -20.086 -16.591 -13.541 -12.818 -12.324 -11.835 -13.407 -12.742 -12.321 -11.823 -11.358 -10.835 -12.754 -12.167 -11.56 -11.14 -10.757 -17.139 -16.931 -16.95 -17.361 -18.352 -11.659 -11.932 -11.391 -10.017 -9.432 -8.769 -11.77
0.00217 -20.063 -16.572 -13.567 -12.844 -12.35 -11.861 -13.433 -12.768 -12.347 -11.849 -11.384 -10.861 -12.78 -12.194 -11.587 -11.166 -10.784 -17.117 -16.909 -16.928 -17.339 -18.329 -11.685 -11.958 -11.417 -10.043 -9.458 -8.795 -11.796
0.002236 -20.041 -16.554 -13.594 -12.871 -12.378 -11.888 -13.46 -12.795 -12.374 -11.876 -11.411 -10.889 -12.807 -12.221 -11.614 -11.193 -10.811 -17.095 -16.887 -16.906 -17.317 -18.307 -11.713 -11.985 -11.444 -10.07 -9.486 -8.822 -11.823
0.002303 -20.02 -16.536 -13.622 -12.899 -12.405 -11.916 -13.487 -12.823 -12.402 -11.904 -11.439 -10.917 -12.835 -12.249 -11.642 -11.221 -10.839 -17.074 -16.866 -16.884 -17.295 -18.285 -11.74 -12.013 -11.472 -10.098 -9.514 -8.85 -11.851
0.002373 -19.999 -16.519 -13.65 -12.928 -12.434 -11.945 -13.516 -12.851 -12.43 -11.933 -11.468 -10.945 -12.863 -12.277 -11.67 -11.25 -10.868 -17.053 -16.845 -16.863 -17.274 -18.264 -11.769 -12.042 -11.501 -10.127 -9.543 -8.879 -11.88
0.002445 -19.978 -16.503 -13.68 -12.957 -12.464 -11.974 -13.545 -12.881 -12.46 -11.962 -11.498 -10.975 -12.893 -12.307 -11.7 -11.28 -10.897 -17.033 -16.825 -16.843 -17.253 -18.243 -11.799 -12.071 -11.531 -10.157 -9.572 -8.909 -11.909
0.002519 -19.958 -16.487 -13.71 -12.987 -12.494 -12.004 -13.575 -12.911 -12.49 -11.993 -11.528 -11.005 -12.923 -12.337 -11.73 -11.31 -10.927 -17.013 -16.805 -16.823 -17.233 -18.223 -11.829 -12.102 -11.561 -10.187 -9.603 -8.939 -11.939
0.002595 -19.938 -16.472 -13.74 -13.018 -12.525 -12.035 -13.606 -12.942 -12.521 -12.024 -11.559 -11.036 -12.954 -12.368 -11.761 -11.341 -10.958 -16.994 -16.785 -16.803 -17.213 -18.203 -11.86 -12.133 -11.592 -10.218 -9.634 -8.97 -11.97
0.002673 -19.919 -16.458 -13.772 -13.049 -12.556 -12.067 -13.637 -12.973 -12.552 -12.055 -11.59 -11.068 -12.985 -12.399 -11.793 -11.372 -10.99 -16.975 -16.766 -16.784 -17.194 -18.184 -11.891 -12.164 -11.623 -10.25 -9.665 -9.002 -12.002
0.002754 -19.9 -16.444 -13.803 -13.081 -12.588 -12.099 -13.669 -13.005 -12.584 -12.087 -11.623 -11.1 -13.017 -12.431 -11.825 -11.405 -11.022 -16.956 -16.747 -16.765 -17.175 -18.164 -11.924 -12.196 -11.656 -10.282 -9.698 -9.034 -12.034
0.002837 -19.881 -16.43 -13.836 -13.114 -12.621 -12.132 -13.701 -13.038 -12.617 -12.12 -11.655 -11.133 -13.05 -12.464 -11.858 -11.437 -11.055 -16.938 -16.729 -16.746 -17.156 -18.146 -11.956 -12.229 -11.688 -10.315 -9.73 -9.067 -12.067
0.002923 -19.863 -16.418 -13.869 -13.147 -12.654 -12.165 -13.734 -13.071 -12.65 -12.153 -11.689 -11.166 -13.083 -12.497 -11.891 -11.471 -11.088 -16.921 -16.711 -16.728 -17.138 -18.127 -11.99 -12.262 -11.722 -10.348 -9.764 -9.1 -12.1
0.003012 -19.845 -16.406 -13.902 -13.181 -12.688 -12.199 -13.768 -13.105 -12.684 -12.187 -11.722 -11.2 -13.117 -12.531 -11.925 -11.505 -11.122 -16.903 -16.694 -16.71 -17.12 -18.109 -12.023 -12.296 -11.756 -10.382 -9.798 -9.134 -12.134
0.003103 -19.828 -16.394 -13.936 -13.215 -12.722 -12.233 -13.802 -13.139 -12.718 -12.221 -11.757 -11.234 -13.151 -12.565 -11.959 -11.539 -11.157 -16.886 -16.676 -16.693 -17.102 -18.091 -12.058 -12.33 -11.79 -10.416 -9.832 -9.169 -12.168
0.003196 -19.81 -16.384 -13.971 -13.249 -12.757 -12.268 -13.836 -13.173 -12.753 -12.256 -11.791 -11.269 -13.185 -12.6 -11.994 -11.574 -11.191 -16.87 -16.659 -16.676 -17.085 -18.074 -12.092 -12.365 -11.825 -10.451 -9.867 -9.204 -12.203
0.003293 -19.793 -16.373 -14.005 -13.284 -12.791 -12.303 -13.871 -13.208 -12.788 -12.291 -11.826 -11.304 -13.22 -12.635 -12.029 -11.609 -11.227 -16.853 -16.643 -16.659 -17.068 -18.056 -12.127 -12.4 -11.86 -10.486 -9.902 -9.239 -12.238
0.003393 -19.777 -16.364 -14.041 -13.319 -12.827 -12.338 -13.906 -13.244 -12.823 -12.326 -11.862 -11.34 -13.255 -12.67 -12.064 -11.644 -11.262 -16.837 -16.627 -16.642 -17.051 -18.039 -12.163 -12.435 -11.895 -10.522 -9.938 -9.274 -12.273
0.003495 -19.76 -16.354 -14.076 -13.355 -12.862 -12.374 -13.941 -13.279 -12.859 -12.362 -11.898 -11.375 -13.291 -12.706 -12.1 -11.68 -11.298 -16.821 -16.61 -16.626 -17.034 -18.023 -12.198 -12.471 -11.931 -10.558 -9.974 -9.31 -12.309
0.003601 -19.744 -16.346 -14.112 -13.391 -12.898 -12.41 -13.977 -13.315 -12.895 -12.398 -11.934 -11.411 -13.327 -12.742 -12.136 -11.716 -11.334 -16.806 -16.595 -16.61 -17.018 -18.006 -12.234 -12.507 -11.967 -10.594 -10.01 -9.346 -12.345
0.00371 -19.728 -16.338 -14.147 -13.427 -12.935 -12.446 -14.013 -13.351 -12.931 -12.434 -11.97 -11.448 -13.363 -12.778 -12.172 -11.752 -11.37 -16.791 -16.579 -16.594 -17.002 -17.99 -12.271 -12.543 -12.003 -10.63 -10.046 -9.383 -12.381
0.003822 -19.712 -16.33 -14.184 -13.463 -12.971 -12.482 -14.049 -13.387 -12.967 -12.471 -12.006 -11.484 -13.399 -12.814 -12.209 -11.789 -11.407 -16.776 -16.564 -16.578 -16.986 -17.973 -12.307 -12.579 -12.04 -10.667 -10.083 -9.42 -12.417
0.003938 -19.696 -16.323 -14.22 -13.5 -13.007 -12.519 -14.085 -13.424 -13.004 -12.507 -12.043 -11.521 -13.436 -12.851 -12.245 -11.826 -11.443 -16.761 -16.548 -16.563 -16.97 -17.957 -12.344 -12.616 -12.076 -10.704 -10.12 -9.456 -12.454
0.004057 -19.681 -16.316 -14.256 -13.536 -13.044 -12.556 -14.121 -13.46 -13.04 -12.544 -12.08 -11.558 -13.472 -12.888 -12.282 -11.862 -11.48 -16.746 -16.533 -16.548 -16.954 -17.942 -12.381 -12.653 -12.113 -10.74 -10.157 -9.493 -12.491
0.00418 -19.665 -16.31 -14.293 -13.573 -13.081 -12.593 -14.158 -13.497 -13.077 -12.581 -12.117 -11.595 -13.509 -12.925 -12.319 -11.899 -11.517 -16.732 -16.519 -16.532 -16.939 -17.926 -12.418 -12.69 -12.15 -10.778 -10.194 -9.531 -12.528
0.004306 -19.65 -16.305 -14.33 -13.61 -13.118 -12.63 -14.195 -13.534 -13.114 -12.618 -12.154 -11.632 -13.546 -12.962 -12.356 -11.937 -11.555 -16.717 -16.504 -16.517 -16.923 -17.91 -12.455 -12.727 -12.187 -10.815 -10.231 -9.568 -12.565
0.004436 -19.635 -16.299 -14.366 -13.647 -13.155 -12.667 -14.232 -13.571 -13.152 -12.655 -12.191 -11.67 -13.583 -12.999 -12.393 -11.974 -11.592 -16.703 -16.489 -16.502 -16.908 -17.894 -12.492 -12.764 -12.225 -10.852 -10.268 -9.605 -12.602
0.00457 -19.62 -16.295 -14.403 -13.684 -13.192 -12.704 -14.268 -13.608 -13.189 -12.693 -12.229 -11.707 -13.62 -13.036 -12.431 -12.011 -11.629 -16.689 -16.475 -16.488 -16.893 -17.879 -12.529 -12.801 -12.262 -10.89 -10.306 -9.643 -12.639
0.004709 -19.605 -16.291 -14.44 -13.721 -13.23 -12.742 -14.305 -13.646 -13.226 -12.73 -12.266 -11.744 -13.658 -13.073 -12.468 -12.049 -11.667 -16.675 -16.461 -16.473 -16.878 -17.864 -12.567 -12.839 -12.299 -10.927 -10.343 -9.68 -12.677
0.004851 -19.59 -16.287 -14.477 -13.759 -13.267 -12.779 -14.342 -13.683 -13.263 -12.767 -12.304 -11.782 -13.695 -13.111 -12.506 -12.086 -11.704 -16.662 -16.447 -16.458 -16.863 -17.848 -12.604 -12.876 -12.337 -10.965 -10.381 -9.718 -12.714
0.004998 -19.575 -16.284 -14.514 -13.796 -13.305 -12.817 -14.379 -13.72 -13.301 -12.805 -12.341 -11.82 -13.732 -13.148 -12.543 -12.124 -11.742 -16.648 -16.433 -16.444 -16.848 -17.833 -12.641 -12.914 -12.374 -11.003 -10.419 -9.756 -12.751
0.005149 -19.56 -16.281 -14.552 -13.833 -13.342 -12.854 -14.416 -13.758 -13.338 -12.843 -12.379 -11.857 -13.769 -13.186 -12.581 -12.161 -11.78 -16.635 -16.419 -16.429 -16.833 -17.818 -12.679 -12.951 -12.412 -11.04 -10.457 -9.794 -12.789
0.005305 -19.546 -16.279 -14.589 -13.871 -13.379 -12.892 -14.454 -13.795 -13.376 -12.88 -12.416 -11.895 -13.807 -13.223 -12.618 -12.199 -11.817 -16.622 -16.405 -16.415 -16.818 -17.803 -12.717 -12.989 -12.45 -11.078 -10.494 -9.831 -12.827
0.005465 -19.531 -16.278 -14.626 -13.908 -13.417 -12.929 -14.491 -13.832 -13.413 -12.918 -12.454 -11.933 -13.844 -13.261 -12.656 -12.237 -11.855 -16.609 -16.391 -16.401 -16.803 -17.787 -12.754 -13.026 -12.487 -11.116 -10.532 -9.869 -12.864
0.00563 -19.517 -16.277 -14.663 -13.945 -13.454 -12.967 -14.528 -13.87 -13.451 -12.955 -12.492 -11.97 -13.882 -13.298 -12.694 -12.275 -11.893 -16.596 -16.378 -16.387 -16.788 -17.772 -12.792 -13.064 -12.525 -11.154 -10.57 -9.907 -12.902
0.005801 -19.502 -16.276 -14.7 -13.983 -13.492 -13.005 -14.565 -13.907 -13.488 -12.993 -12.53 -12.008 -13.919 -13.336 -12.731 -12.312 -11.931 -16.583 -16.364 -16.373 -16.774 -17.757 -12.829 -13.101 -12.563 -11.191 -10.608 -9.945 -12.939
0.005976 -19.488 -16.276 -14.737 -14.02 -13.529 -13.042 -14.602 -13.945 -13.526 -13.031 -12.567 -12.046 -13.956 -13.373 -12.769 -12.35 -11.968 -16.57 -16.351 -16.359 -16.759 -17.742 -12.867 -13.139 -12.6 -11.229 -10.646 -9.983 -12.977
0.006157 -19.474 -16.276 -14.774 -14.058 -13.567 -13.08 -14.639 -13.982 -13.563 -13.068 -12.605 -12.084 -13.994 -13.411 -12.807 -12.388 -12.006 -16.557 -16.338 -16.345 -16.745 -17.727 -12.905 -13.177 -12.638 -11.267 -10.684 -10.021 -13.015
0.006343 -19.459 -16.277 -14.811 -14.095 -13.605 -13.118 -14.676 -14.019 -13.601 -13.106 -12.643 -12.122 -14.031 -13.448 -12.844 -12.425 -12.044 -16.545 -16.324 -16.331 -16.73 -17.712 -12.942 -13.214 -12.676 -11.305 -10.722 -10.059 -13.052
0.006535 -19.445 -16.279 -14.849 -14.132 -13.642 -13.155 -14.713 -14.057 -13.638 -13.143 -12.68 -12.159 -14.069 -13.486 -12.882 -12.463 -12.082 -16.533 -16.311 -16.317 -16.716 -17.697 -12.98 -13.252 -12.713 -11.343 -10.759 -10.097 -13.09
0.006732 -19.431 -16.281 -14.886 -14.17 -13.68 -13.193 -14.75 -14.094 -13.676 -13.181 -12.718 -12.197 -14.106 -13.524 -12.92 -12.501 -12.12 -16.52 -16.298 -16.303 -16.701 -17.682 -13.018 -13.289 -12.751 -11.381 -10.797 -10.135 -13.127
0.006936 -19.417 -16.284 -14.923 -14.207 -13.717 -13.23 -14.787 -14.132 -13.713 -13.219 -12.756 -12.235 -14.144 -13.561 -12.957 -12.539 -12.157 -16.508 -16.286 -16.29 -16.687 -17.667 -13.055 -13.327 -12.789 -11.419 -10.835 -10.173 -13.165
0.007146 -19.403 -16.287 -14.96 -14.245 -13.755 -13.268 -14.824 -14.169 -13.751 -13.256 -12.793 -12.273 -14.181 -13.599 -12.995 -12.576 -12.195 -16.497 -16.273 -16.276 -16.673 -17.652 -13.093 -13.365 -12.826 -11.457 -10.873 -10.211 -13.203
0.007362 -19.389 -16.291 -14.997 -14.282 -13.792 -13.306 -14.861 -14.206 -13.788 -13.294 -12.831 -12.31 -14.218 -13.636 -13.033 -12.614 -12.233 -16.485 -16.26 -16.263 -16.658 -17.637 -13.131 -13.402 -12.864 -11.494 -10.911 -10.249 -13.24
0.007585 -19.375 -16.295 -15.034 -14.319 -13.83 -13.343 -14.898 -14.244 -13.826 -13.332 -12.869 -12.348 -14.256 -13.674 -13.07 -12.652 -12.271 -16.473 -16.248 -16.25 -16.644 -17.623 -13.168 -13.44 -12.902 -11.532 -10.949 -10.287 -13.278
0.007814 -19.361 -16.301 -15.071 -14.357 -13.867 -13.381 -14.935 -14.281 -13.863 -13.369 -12.907 -12.386 -14.293 -13.711 -13.108 -12.69 -12.309 -16.462 -16.236 -16.236 -16.63 -17.608 -13.206 -13.477 -12.94 -11.57 -10.987 -10.325 -13.315
0.00805 -19.347 -16.306 -15.108 -14.394 -13.905 -13.419 -14.972 -14.318 -13.901 -13.407 -12.944 -12.424 -14.33 -13.749 -13.146 -12.727 -12.346 -16.451 -16.224 -16.223 -16.616 -17.593 -13.243 -13.515 -12.977 -11.608 -11.025 -10.363 -13.353
0.008294 -19.334 -16.312 -15.145 -14.431 -13.942 -13.456 -15.009 -14.356 -13.938 -13.444 -12.982 -12.462 -14.368 -13.786 -13.183 -12.765 -12.384 -16.44 -16.212 -16.21 -16.602 -17.578 -13.281 -13.552 -13.015 -11.646 -11.063 -10.4 -13.39
0.008545 -19.32 -16.319 -15.182 -14.468 -13.979 -13.494 -15.046 -14.393 -13.976 -13.482 -13.02 -12.499 -14.405 -13.824 -13.221 -12.803 -12.422 -16.429 -16.2 -16.197 -16.588 -17.563 -13.319 -13.59 -13.053 -11.684 -11.101 -10.438 -13.428
0.008803 -19.307 -16.327 -15.218 -14.506 -14.017 -13.531 -15.083 -14.43 -14.013 -13.519 -13.057 -12.537 -14.442 -13.861 -13.259 -12.841 -12.46 -16.419 -16.188 -16.184 -16.574 -17.549 -13.356 -13.628 -13.09 -11.722 -11.139 -10.476 -13.466
0.009069 -19.293 -16.335 -15.255 -14.543 -14.054 -13.569 -15.12 -14.468 -14.051 -13.557 -13.095 -12.575 -14.479 -13.899 -13.296 -12.878 -12.497 -16.408 -16.176 -16.172 -16.56 -17.534 -13.394 -13.665 -13.128 -11.759 -11.177 -10.514 -13.503
0.009344 -19.28 -16.343 -15.292 -14.58 -14.092 -13.606 -15.156 -14.505 -14.088 -13.595 -13.133 -12.613 -14.517 -13.936 -13.334 -12.916 -12.535 -16.398 -16.165 -16.159 -16.546 -17.519 -13.431 -13.703 -13.165 -11.797 -11.214 -10.552 -13.541
0.009626 -19.267 -16.352 -15.329 -14.617 -14.129 -13.644 -15.193 -14.542 -14.125 -13.632 -13.17 -12.65 -14.554 -13.974 -13.371 -12.954 -12.573 -16.388 -16.154 -16.147 -16.533 -17.505 -13.469 -13.74 -13.203 -11.835 -11.252 -10.59 -13.578
0.009917 -19.253 -16.362 -15.366 -14.655 -14.166 -13.681 -15.23 -14.579 -14.163 -13.67 -13.208 -12.688 -14.591 -14.011 -13.409 -12.991 -12.611 -16.379 -16.143 -16.135 -16.519 -17.49 -13.506 -13.778 -13.241 -11.873 -11.29 -10.628 -13.616
0.010217 -19.24 -16.373 -15.402 -14.692 -14.204 -13.719 -15.266 -14.617 -14.2 -13.707 -13.245 -12.726 -14.628 -14.048 -13.447 -13.029 -12.648 -16.369 -16.132 -16.122 -16.505 -17.476 -13.544 -13.815 -13.278 -11.911 -11.328 -10.666 -13.653
0.010526 -19.227 -16.384 -15.439 -14.729 -14.241 -13.756 -15.303 -14.654 -14.237 -13.745 -13.283 -12.763 -14.666 -14.086 -13.484 -13.067 -12.686 -16.36 -16.122 -16.11 -16.492 -17.461 -13.581 -13.852 -13.316 -11.949 -11.366 -10.704 -13.691
0.010845 -19.215 -16.395 -15.476 -14.766 -14.279 -13.794 -15.34 -14.691 -14.275 -13.782 -13.321 -12.801 -14.703 -14.123 -13.522 -13.104 -12.724 -16.351 -16.111 -16.099 -16.479 -17.446 -13.619 -13.89 -13.354 -11.987 -11.404 -10.742 -13.728
0.011173 -19.202 -16.407 -15.512 -14.803 -14.316 -13.831 -15.376 -14.728 -14.312 -13.82 -13.358 -12.839 -14.74 -14.161 -13.559 -13.142 -12.762 -16.343 -16.101 -16.087 -16.465 -17.432 -13.656 -13.927 -13.391 -12.024 -11.442 -10.78 -13.765
0.011511 -19.189 -16.42 -15.549 -14.84 -14.353 -13.869 -15.413 -14.765 -14.349 -13.857 -13.396 -12.877 -14.777 -14.198 -13.597 -13.18 -12.799 -16.334 -16.091 -16.075 -16.452 -17.418 -13.694 -13.965 -13.429 -12.062 -11.48 -10.818 -13.803
0.011859 -19.177 -16.434 -15.586 -14.877 -14.39 -13.906 -15.449 -14.802 -14.387 -13.895 -13.433 -12.914 -14.814 -14.235 -13.634 -13.217 -12.837 -16.326 -16.082 -16.064 -16.439 -17.403 -13.731 -14.002 -13.466 -12.1 -11.518 -10.856 -13.84
0.012217 -19.164 -16.448 -15.622 -14.914 -14.428 -13.944 -15.486 -14.839 -14.424 -13.932 -13.471 -12.952 -14.851 -14.273 -13.672 -13.255 -12.875 -16.319 -16.072 -16.053 -16.426 -17.389 -13.769 -14.04 -13.504 -12.138 -11.556 -10.894 -13.878
0.012587 -19.152 -16.462 -15.659 -14.951 -14.465 -13.981 -15.522 -14.876 -14.461 -13.969 -13.509 -12.99 -14.888 -14.31 -13.709 -13.292 -12.913 -16.311 -16.063 -16.042 -16.413 -17.375 -13.806 -14.077 -13.541 -12.176 -11.594 -10.932 -13.915
0.012968 -19.14 -16.477 -15.695 -14.988 -14.502 -14.019 -15.559 -14.913 -14.498 -14.007 -13.546 -13.027 -14.925 -14.347 -13.747 -13.33 -12.95 -16.304 -16.054 -16.031 -16.401 -17.36 -13.844 -14.114 -13.579 -12.214 -11.631 -10.97 -13.952
0.01336 -19.128 -16.493 -15.732 -15.025 -14.539 -14.056 -15.595 -14.95 -14.536 -14.044 -13.584 -13.065 -14.962 -14.384 -13.784 -13.368 -12.988 -16.297 -16.045 -16.02 -16.388 -17.346 -13.881 -14.152 -13.616 -12.251 -11.669 -11.008 -13.99
0.013764 -19.116 -16.509 -15.768 -15.062 -14.576 -14.093 -15.631 -14.987 -14.573 -14.082 -13.621 -13.103 -14.999 -14.422 -13.822 -13.405 -13.026 -16.291 -16.037 -16.01 -16.375 -17.332 -13.919 -14.189 -13.654 -12.289 -11.707 -11.046 -14.027
0.01418 -19.104 -16.526 -15.804 -15.099 -14.614 -14.131 -15.668 -15.024 -14.61 -14.119 -13.659 -13.14 -15.036 -14.459 -13.859 -13.443 -13.063 -16.285 -16.029 -16.0 -16.363 -17.318 -13.956 -14.226 -13.691 -12.327 -11.745 -11.084 -14.065
0.014609 -19.093 -16.543 -15.841 -15.136 -14.651 -14.168 -15.704 -15.061 -14.647 -14.156 -13.696 -13.178 -15.073 -14.496 -13.897 -13.48 -13.101 -16.279 -16.021 -15.99 -16.351 -17.304 -13.993 -14.264 -13.729 -12.365 -11.783 -11.122 -14.102
0.015051 -19.081 -16.561 -15.877 -15.173 -14.688 -14.205 -15.74 -15.098 -14.684 -14.194 -13.734 -13.216 -15.11 -14.533 -13.934 -13.518 -13.139 -16.274 -16.014 -15.98 -16.339 -17.29 -14.031 -14.301 -13.766 -12.403 -11.821 -11.16 -14.139
0.015506 -19.07 -16.58 -15.913 -15.21 -14.725 -14.243 -15.776 -15.135 -14.721 -14.231 -13.771 -13.253 -15.147 -14.57 -13.972 -13.556 -13.176 -16.269 -16.007 -15.971 -16.327 -17.276 -14.068 -14.338 -13.804 -12.44 -11.859 -11.198 -14.176
0.015975 -19.059 -16.599 -15.949 -15.246 -14.762 -14.28 -15.812 -15.172 -14.758 -14.268 -13.809 -13.291 -15.184 -14.608 -14.009 -13.593 -13.214 -16.265 -16.0 -15.961 -16.315 -17.262 -14.105 -14.375 -13.841 -12.478 -11.897 -11.236 -14.214
0.016458 -19.048 -16.618 -15.985 -15.283 -14.799 -14.317 -15.848 -15.209 -14.795 -14.306 -13.846 -13.328 -15.22 -14.645 -14.046 -13.631 -13.251 -16.261 -15.993 -15.953 -16.303 -17.248 -14.143 -14.413 -13.879 -12.516 -11.934 -11.273 -14.251
0.016956 -19.037 -16.638 -16.022 -15.32 -14.836 -14.355 -15.884 -15.245 -14.832 -14.343 -13.883 -13.366 -15.257 -14.682 -14.084 -13.668 -13.289 -16.257 -15.987 -15.944 -16.292 -17.234 -14.18 -14.45 -13.916 -12.554 -11.972 -11.311 -14.288
0.017469 -19.027 -16.658 -16.058 -15.357 -14.873 -14.392 -15.92 -15.282 -14.869 -14.38 -13.921 -13.404 -15.294 -14.719 -14.121 -13.706 -13.327 -16.254 -15.982 -15.935 -16.28 -17.221 -14.217 -14.487 -13.954 -12.591 -12.01 -11.349 -14.325
0.017997 -19.017 -16.679 -16.094 -15.393 -14.91 -14.429 -15.956 -15.319 -14.906 -14.417 -13.958 -13.441 -15.331 -14.756 -14.158 -13.743 -13.364 -16.251 -15.976 -15.927 -16.269 -17.207 -14.254 -14.524 -13.991 -12.629 -12.048 -11.387 -14.363
0.018541 -19.007 -16.7 -16.13 -15.43 -14.947 -14.466 -15.992 -15.356 -14.943 -14.454 -13.996 -13.479 -15.367 -14.793 -14.196 -13.781 -13.402 -16.249 -15.971 -15.919 -16.258 -17.194 -14.292 -14.561 -14.028 -12.667 -12.086 -11.425 -14.4
0.019102 -18.997 -16.722 -16.165 -15.467 -14.984 -14.503 -16.028 -15.392 -14.98 -14.492 -14.033 -13.516 -15.404 -14.83 -14.233 -13.818 -13.439 -16.247 -15.967 -15.912 -16.247 -17.18 -14.329 -14.598 -14.066 -12.705 -12.124 -11.463 -14.437
0.01968 -18.987 -16.744 -16.201 -15.503 -15.021 -14.541 -16.064 -15.429 -15.017 -14.529 -14.07 -13.554 -15.441 -14.867 -14.27 -13.855 -13.477 -16.245 -15.963 -15.905 -16.237 -17.167 -14.366 -14.636 -14.103 -12.743 -12.162 -11.501 -14.474
0.020275 -18.977 -16.767 -16.237 -15.54 -15.058 -14.578 -16.099 -15.465 -15.054 -14.566 -14.108 -13.591 -15.477 -14.904 -14.308 -13.893 -13.515 -16.244 -15.959 -15.898 -16.226 -17.153 -14.403 -14.673 -14.14 -12.78 -12.199 -11.539 -14.511
0.020888 -18.968 -16.79 -16.273 -15.576 -15.095 -14.615 -16.135 -15.502 -15.091 -14.603 -14.145 -13.629 -15.514 -14.941 -14.345 -13.93 -13.552 -16.244 -15.956 -15.891 -16.216 -17.14 -14.44 -14.71 -14.178 -12.818 -12.237 -11.577 -14.548
0.02152 -18.959 -16.813 -16.308 -15.613 -15.131 -14.652 -16.171 -15.539 -15.128 -14.64 -14.182 -13.666 -15.55 -14.978 -14.382 -13.968 -13.59 -16.244 -15.953 -15.885 -16.206 -17.127 -14.478 -14.747 -14.215 -12.856 -12.275 -11.615 -14.585
0.022171 -18.95 -16.837 -16.344 -15.649 -15.168 -14.689 -16.206 -15.575 -15.164 -14.677 -14.22 -13.704 -15.587 -15.015 -14.419 -14.005 -13.627 -16.245 -15.95 -15.879 -16.196 -17.114 -14.515 -14.784 -14.252 -12.893 -12.313 -11.653 -14.622
0.022841 -18.942 -16.861 -16.38 -15.685 -15.205 -14.726 -16.242 -15.611 -15.201 -14.714 -14.257 -13.741 -15.623 -15.052 -14.456 -14.042 -13.665 -16.246 -15.948 -15.874 -16.187 -17.101 -14.552 -14.821 -14.29 -12.931 -12.351 -11.691 -14.659
0.023532 -18.934 -16.886 -16.415 -15.722 -15.242 -14.763 -16.277 -15.648 -15.238 -14.751 -14.294 -13.779 -15.66 -15.088 -14.494 -14.08 -13.702 -16.247 -15.947 -15.869 -16.178 -17.088 -14.589 -14.858 -14.327 -12.969 -12.389 -11.729 -14.696
0.024244 -18.926 -16.91 -16.451 -15.758 -15.278 -14.8 -16.312 -15.684 -15.275 -14.788 -14.331 -13.816 -15.696 -15.125 -14.531 -14.117 -13.74 -16.25 -15.946 -15.864 -16.169 -17.076 -14.626 -14.895 -14.364 -13.007 -12.426 -11.767 -14.733
0.024977 -18.918 -16.935 -16.486 -15.794 -15.315 -14.837 -16.348 -15.721 -15.311 -14.825 -14.369 -13.854 -15.732 -15.162 -14.568 -14.155 -13.777 -16.252 -15.946 -15.86 -16.16 -17.063 -14.663 -14.931 -14.401 -13.044 -12.464 -11.805 -14.77
0.025733 -18.911 -16.961 -16.521 -15.83 -15.352 -14.874 -16.383 -15.757 -15.348 -14.862 -14.406 -13.891 -15.769 -15.199 -14.605 -14.192 -13.815 -16.256 -15.946 -15.856 -16.151 -17.051 -14.7 -14.968 -14.438 -13.082 -12.502 -11.843 -14.807
0.026511 -18.903 -16.986 -16.556 -15.867 -15.388 -14.911 -16.418 -15.793 -15.385 -14.899 -14.443 -13.929 -15.805 -15.235 -14.642 -14.229 -13.852 -16.26 -15.946 -15.853 -16.143 -17.038 -14.737 -15.005 -14.476 -13.12 -12.54 -11.88 -14.844
0.027313 -18.896 -17.012 -16.592 -15.903 -15.425 -14.948 -16.453 -15.829 -15.421 -14.936 -14.48 -13.966 -15.841 -15.272 -14.679 -14.266 -13.89 -16.264 -15.947 -15.85 -16.135 -17.026 -14.774 -15.042 -14.513 -13.157 -12.578 -11.918 -14.881
0.028139 -18.89 -17.039 -16.627 -15.939 -15.461 -14.985 -16.488 -15.865 -15.458 -14.973 -14.517 -14.003 -15.877 -15.309 -14.716 -14.304 -13.927 -16.269 -15.949 -15.847 -16.128 -17.014 -14.811 -15.079 -14.55 -13.195 -12.616 -11.956 -14.918
0.02899 -18.884 -17.065 -16.662 -15.975 -15.498 -15.022 -16.523 -15.902 -15.494 -15.01 -14.554 -14.041 -15.913 -15.345 -14.753 -14.341 -13.964 -16.274 -15.951 -15.845 -16.121 -17.002 -14.848 -15.116 -14.587 -13.233 -12.653 -11.994 -14.954
0.029867 -18.878 -17.092 -16.697 -16.011 -15.534 -15.059 -16.558 -15.938 -15.531 -15.047 -14.592 -14.078 -15.949 -15.382 -14.79 -14.378 -14.002 -16.281 -15.954 -15.844 -16.114 -16.99 -14.885 -15.152 -14.624 -13.27 -12.691 -12.032 -14.991
0.03077 -18.872 -17.119 -16.731 -16.047 -15.571 -15.095 -16.592 -15.974 -15.567 -15.084 -14.629 -14.115 -15.985 -15.418 -14.827 -14.415 -14.039 -16.287 -15.957 -15.843 -16.107 -16.979 -14.921 -15.189 -14.661 -13.308 -12.729 -12.07 -15.028
0.031701 -18.867 -17.146 -16.766 -16.083 -15.607 -15.132 -16.627 -16.01 -15.603 -15.12 -14.666 -14.153 -16.021 -15.455 -14.864 -14.453 -14.077 -16.295 -15.961 -15.842 -16.101 -16.967 -14.958 -15.226 -14.698 -13.346 -12.767 -12.108 -15.065
0.032659 -18.862 -17.173 -16.801 -16.118 -15.644 -15.169 -16.662 -16.045 -15.64 -15.157 -14.703 -14.19 -16.057 -15.491 -14.901 -14.49 -14.114 -16.303 -15.965 -15.842 -16.095 -16.956 -14.995 -15.262 -14.735 -13.383 -12.805 -12.146 -15.101
0.033647 -18.857 -17.201 -16.836 -16.154 -15.68 -15.206 -16.696 -16.081 -15.676 -15.194 -14.74 -14.227 -16.093 -15.528 -14.938 -14.527 -14.151 -16.311 -15.97 -15.842 -16.089 -16.944 -15.032 -15.299 -14.772 -13.421 -12.842 -12.184 -15.138
0.034665 -18.853 -17.229 -16.87 -16.19 -15.716 -15.242 -16.73 -16.117 -15.712 -15.231 -14.777 -14.265 -16.129 -15.564 -14.975 -14.564 -14.189 -16.32 -15.976 -15.843 -16.084 -16.933 -15.069 -15.336 -14.809 -13.458 -12.88 -12.222 -15.174
0.035713 -18.849 -17.257 -16.904 -16.226 -15.752 -15.279 -16.765 -16.153 -15.749 -15.267 -14.814 -14.302 -16.165 -15.601 -15.012 -14.601 -14.226 -16.33 -15.982 -15.845 -16.079 -16.923 -15.105 -15.372 -14.846 -13.496 -12.918 -12.26 -15.211
0.036793 -18.846 -17.285 -16.939 -16.261 -15.788 -15.316 -16.799 -16.189 -15.785 -15.304 -14.851 -14.339 -16.2 -15.637 -15.049 -14.638 -14.263 -16.34 -15.988 -15.847 -16.075 -16.912 -15.142 -15.409 -14.883 -13.534 -12.956 -12.298 -15.248
0.037906 -18.842 -17.313 -16.973 -16.297 -15.825 -15.352 -16.833 -16.224 -15.821 -15.34 -14.888 -14.376 -16.236 -15.673 -15.085 -14.675 -14.3 -16.351 -15.996 -15.849 -16.071 -16.902 -15.179 -15.445 -14.92 -13.571 -12.993 -12.335 -15.284
0.039052 -18.84 -17.341 -17.007 -16.332 -15.861 -15.389 -16.867 -16.26 -15.857 -15.377 -14.924 -14.414 -16.271 -15.709 -15.122 -14.712 -14.338 -16.362 -16.004 -15.852 -16.067 -16.891 -15.215 -15.481 -14.957 -13.609 -13.031 -12.373 -15.321
0.040234 -18.837 -17.37 -17.041 -16.368 -15.897 -15.425 -16.901 -16.295 -15.893 -15.414 -14.961 -14.451 -16.307 -15.746 -15.159 -14.749 -14.375 -16.374 -16.012 -15.856 -16.064 -16.881 -15.252 -15.518 -14.994 -13.646 -13.069 -12.411 -15.357
0.04145 -18.835 -17.398 -17.075 -16.403 -15.933 -15.462 -16.935 -16.331 -15.929 -15.45 -14.998 -14.488 -16.342 -15.782 -15.196 -14.786 -14.412 -16.387 -16.021 -15.86 -16.062 -16.871 -15.288 -15.554 -15.03 -13.684 -13.107 -12.449 -15.393
0.042704 -18.833 -17.427 -17.109 -16.438 -15.969 -15.498 -16.968 -16.366 -15.965 -15.487 -15.035 -14.525 -16.378 -15.818 -15.232 -14.823 -14.449 -16.4 -16.031 -15.865 -16.059 -16.862 -15.325 -15.591 -15.067 -13.721 -13.144 -12.487 -15.43
0.043996 -18.832 -17.456 -17.143 -16.474 -16.004 -15.535 -17.002 -16.401 -16.001 -15.523 -15.072 -14.562 -16.413 -15.854 -15.269 -14.86 -14.487 -16.414 -16.041 -15.87 -16.058 -16.852 -15.361 -15.627 -15.104 -13.759 -13.182 -12.525 -15.466
0.045326 -18.831 -17.485 -17.177 -16.509 -16.04 -15.571 -17.036 -16.437 -16.037 -15.559 -15.109 -14.599 -16.448 -15.89 -15.306 -14.897 -14.524 -16.428 -16.052 -15.876 -16.056 -16.843 -15.398 -15.663 -15.141 -13.797 -13.22 -12.563 -15.502
0.046697 -18.831 -17.513 -17.21 -16.544 -16.076 -15.607 -17.069 -16.472 -16.072 -15.596 -15.145 -14.636 -16.484 -15.926 -15.342 -14.934 -14.561 -16.443 -16.064 -15.883 -16.055 -16.834 -15.434 -15.699 -15.177 -13.834 -13.258 -12.601 -15.539
0.048109 -18.831 -17.542 -17.244 -16.579 -16.112 -15.644 -17.102 -16.507 -16.108 -15.632 -15.182 -14.673 -16.519 -15.962 -15.379 -14.971 -14.598 -16.458 -16.076 -15.89 -16.055 -16.826 -15.47 -15.735 -15.214 -13.872 -13.295 -12.639 -15.575
0.049564 -18.831 -17.571 -17.277 -16.614 -16.147 -15.68 -17.135 -16.542 -16.144 -15.668 -15.219 -14.711 -16.554 -15.998 -15.415 -15.008 -14.635 -16.474 -16.088 -15.898 -16.055 -16.818 -15.507 -15.771 -15.251 -13.909 -13.333 -12.677 -15.611
0.051063 -18.832 -17.6 -17.31 -16.649 -16.183 -15.716 -17.168 -16.577 -16.179 -15.704 -15.255 -14.748 -16.589 -16.033 -15.452 -15.045 -14.672 -16.491 -16.102 -15.906 -16.056 -16.809 -15.543 -15.808 -15.287 -13.947 -13.371 -12.715 -15.647
0.052608 -18.833 -17.629 -17.343 -16.683 -16.219 -15.752 -17.201 -16.612 -16.215 -15.741 -15.292 -14.785 -16.624 -16.069 -15.488 -15.082 -14.709 -16.508 -16.115 -15.915 -16.057 -16.802 -15.579 -15.844 -15.324 -13.984 -13.408 -12.752 -15.683
0.054199 -18.834 -17.659 -17.376 -16.718 -16.254 -15.788 -17.234 -16.647 -16.25 -15.777 -15.328 -14.822 -16.658 -16.105 -15.524 -15.118 -14.746 -16.525 -16.13 -15.924 -16.059 -16.794 -15.615 -15.879 -15.36 -14.021 -13.446 -12.79 -15.719
0.055838 -18.836 -17.688 -17.409 -16.753 -16.29 -15.824 -17.267 -16.682 -16.286 -15.813 -15.365 -14.858 -16.693 -16.141 -15.561 -15.155 -14.783 -16.543 -16.145 -15.935 -16.061 -16.787 -15.652 -15.915 -15.397 -14.059 -13.484 -12.828 -15.755
0.057527 -18.838 -17.717 -17.442 -16.787 -16.325 -15.86 -17.299 -16.716 -16.321 -15.849 -15.401 -14.895 -16.728 -16.176 -15.597 -15.192 -14.82 -16.562 -16.16 -15.945 -16.064 -16.78 -15.688 -15.951 -15.433 -14.096 -13.521 -12.866 -15.791
0.059267 -18.841 -17.746 -17.474 -16.822 -16.36 -15.896 -17.332 -16.751 -16.356 -15.885 -15.438 -14.932 -16.762 -16.212 -15.633 -15.228 -14.857 -16.581 -16.176 -15.957 -16.067 -16.774 -15.724 -15.987 -15.47 -14.134 -13.559 -12.904 -15.827
0.061059 -18.844 -17.775 -17.507 -16.856 -16.395 -15.932 -17.364 -16.785 -16.392 -15.921 -15.474 -14.969 -16.797 -16.247 -15.67 -15.265 -14.894 -16.6 -16.193 -15.969 -16.071 -16.767 -15.76 -16.023 -15.506 -14.171 -13.597 -12.942 -15.863
0.062906 -18.847 -17.804 -17.539 -16.89 -16.431 -15.968 -17.396 -16.82 -16.427 -15.957 -15.511 -15.006 -16.831 -16.282 -15.706 -15.302 -14.931 -16.62 -16.21 -15.981 -16.076 -16.761 -15.796 -16.059 -15.543 -14.209 -13.634 -12.98 -15.898
0.064808 -18.851 -17.833 -17.571 -16.924 -16.466 -16.004 -17.428 -16.854 -16.462 -15.992 -15.547 -15.043 -16.866 -16.318 -15.742 -15.338 -14.968 -16.641 -16.228 -15.994 -16.081 -16.756 -15.832 -16.094 -15.579 -14.246 -13.672 -13.018 -15.934
0.066769 -18.855 -17.862 -17.603 -16.959 -16.501 -16.04 -17.46 -16.888 -16.497 -16.028 -15.583 -15.08 -16.9 -16.353 -15.778 -15.375 -15.005 -16.662 -16.246 -16.008 -16.086 -16.751 -15.867 -16.13 -15.615 -14.283 -13.71 -13.056 -15.97
0.068788 -18.86 -17.89 -17.635 -16.993 -16.536 -16.075 -17.491 -16.923 -16.532 -16.064 -15.62 -15.116 -16.934 -16.388 -15.814 -15.411 -15.042 -16.683 -16.265 -16.022 -16.093 -16.746 -15.903 -16.165 -15.651 -14.321 -13.747 -13.093 -16.005
0.070868 -18.865 -17.919 -17.667 -17.026 -16.571 -16.111 -17.523 -16.957 -16.567 -16.1 -15.656 -15.153 -16.968 -16.423 -15.85 -15.448 -15.079 -16.705 -16.284 -16.037 -16.099 -16.742 -15.939 -16.201 -15.688 -14.358 -13.785 -13.131 -16.041
0.073012 -18.87 -17.948 -17.698 -17.06 -16.605 -16.147 -17.554 -16.991 -16.602 -16.135 -15.692 -15.19 -17.002 -16.459 -15.886 -15.484 -15.115 -16.727 -16.304 -16.052 -16.107 -16.738 -15.975 -16.236 -15.724 -14.395 -13.823 -13.169 -16.076
0.07522 -18.876 -17.976 -17.73 -17.094 -16.64 -16.182 -17.585 -17.024 -16.636 -16.171 -15.728 -15.227 -17.036 -16.494 -15.922 -15.521 -15.152 -16.749 -16.324 -16.068 -16.115 -16.734 -16.01 -16.272 -15.76 -14.433 -13.86 -13.207 -16.112
0.077495 -18.882 -18.005 -17.761 -17.127 -16.675 -16.218 -17.616 -17.058 -16.671 -16.206 -15.764 -15.263 -17.07 -16.528 -15.958 -15.557 -15.189 -16.772 -16.345 -16.085 -16.123 -16.731 -16.046 -16.307 -15.796 -14.47 -13.898 -13.245 -16.147
0.079839 -18.888 -18.033 -17.792 -17.161 -16.709 -16.253 -17.647 -17.092 -16.706 -16.242 -15.8 -15.3 -17.103 -16.563 -15.994 -15.593 -15.226 -16.795 -16.366 -16.102 -16.132 -16.728 -16.082 -16.342 -15.832 -14.507 -13.936 -13.283 -16.182
0.082253 -18.895 -18.062 -17.823 -17.194 -16.744 -16.289 -17.678 -17.125 -16.74 -16.277 -15.836 -15.337 -17.137 -16.598 -16.03 -15.63 -15.262 -16.819 -16.387 -16.119 -16.142 -16.726 -16.117 -16.377 -15.868 -14.545 -13.973 -13.321 -16.218
0.084741 -18.902 -18.09 -17.853 -17.228 -16.778 -16.324 -17.708 -17.159 -16.775 -16.313 -15.872 -15.373 -17.17 -16.633 -16.065 -15.666 -15.299 -16.843 -16.409 -16.137 -16.152 -16.724 -16.153 -16.412 -15.904 -14.582 -14.011 -13.359 -16.253
0.087304 -18.909 -18.118 -17.884 -17.261 -16.813 -16.359 -17.738 -17.192 -16.809 -16.348 -15.908 -15.41 -17.204 -16.667 -16.101 -15.702 -15.336 -16.867 -16.432 -16.156 -16.163 -16.722 -16.188 -16.447 -15.94 -14.619 -14.048 -13.397 -16.288
0.089944 -18.917 -18.146 -17.914 -17.294 -16.847 -16.394 -17.768 -17.225 -16.843 -16.383 -15.944 -15.446 -17.237 -16.702 -16.137 -15.738 -15.372 -16.891 -16.454 -16.175 -16.175 -16.722 -16.223 -16.482 -15.976 -14.656 -14.086 -13.434 -16.323
0.092665 -18.925 -18.174 -17.944 -17.327 -16.881 -16.43 -17.798 -17.259 -16.877 -16.418 -15.98 -15.483 -17.27 -16.736 -16.172 -15.775 -15.409 -16.916 -16.478 -16.195 -16.187 -16.721 -16.258 -16.517 -16.011 -14.694 -14.124 -13.472 -16.358
0.095467 -18.933 -18.201 -17.974 -17.359 -16.915 -16.465 -17.828 -17.292 -16.911 -16.453 -16.016 -15.519 -17.303 -16.771 -16.208 -15.811 -15.446 -16.941 -16.501 -16.215 -16.199 -16.721 -16.294 -16.552 -16.047 -14.731 -14.161 -13.51 -16.393
0.098355 -18.941 -18.229 -18.004 -17.392 -16.949 -16.5 -17.857 -17.324 -16.945 -16.488 -16.051 -15.556 -17.336 -16.805 -16.243 -15.847 -15.482 -16.967 -16.525 -16.236 -16.213 -16.721 -16.329 -16.587 -16.083 -14.768 -14.199 -13.548 -16.428
0.101329 -18.95 -18.256 -18.033 -17.425 -16.983 -16.535 -17.887 -17.357 -16.979 -16.523 -16.087 -15.592 -17.368 -16.839 -16.279 -15.883 -15.519 -16.992 -16.55 -16.257 -16.226 -16.722 -16.364 -16.621 -16.118 -14.805 -14.236 -13.586 -16.463
0.104394 -18.959 -18.283 -18.063 -17.457 -17.017 -16.57 -17.916 -17.39 -17.013 -16.558 -16.123 -15.628 -17.401 -16.874 -16.314 -15.919 -15.555 -17.018 -16.574 -16.278 -16.241 -16.724 -16.399 -16.656 -16.154 -14.842 -14.274 -13.624 -16.497
0.107551 -18.968 -18.31 -18.092 -17.489 -17.05 -16.604 -17.944 -17.422 -17.047 -16.593 -16.158 -15.665 -17.433 -16.908 -16.349 -15.955 -15.591 -17.044 -16.599 -16.3 -16.256 -16.726 -16.434 -16.691 -16.19 -14.879 -14.311 -13.662 -16.532
0.110804 -18.977 -18.337 -18.121 -17.521 -17.084 -16.639 -17.973 -17.455 -17.08 -16.628 -16.194 -15.701 -17.466 -16.942 -16.385 -15.991 -15.628 -17.071 -16.625 -16.323 -16.271 -16.728 -16.469 -16.725 -16.225 -14.917 -14.349 -13.7 -16.566
0.114155 -18.986 -18.363 -18.149 -17.553 -17.118 -16.674 -18.001 -17.487 -17.114 -16.662 -16.229 -15.737 -17.498 -16.975 -16.42 -16.027 -15.664 -17.097 -16.65 -16.346 -16.287 -16.732 -16.503 -16.759 -16.26 -14.954 -14.387 -13.738 -16.601
0.117608 -18.996 -18.39 -18.178 -17.585 -17.151 -16.708 -18.029 -17.519 -17.147 -16.697 -16.265 -15.773 -17.53 -17.009 -16.455 -16.062 -15.701 -17.124 -16.676 -16.369 -16.304 -16.735 -16.538 -16.794 -16.296 -14.991 -14.424 -13.776 -16.635
0.121165 -19.006 -18.416 -18.206 -17.617 -17.184 -16.743 -18.057 -17.551 -17.18 -16.731 -16.3 -15.81 -17.562 -17.043 -16.49 -16.098 -15.737 -17.151 -16.702 -16.392 -16.321 -16.739 -16.573 -16.828 -16.331 -15.028 -14.462 -13.814 -16.67
0.124829 -19.016 -18.442 -18.234 -17.648 -17.217 -16.777 -18.085 -17.583 -17.214 -16.766 -16.336 -15.846 -17.594 -17.076 -16.525 -16.134 -15.773 -17.178 -16.729 -16.416 -16.339 -16.744 -16.607 -16.862 -16.366 -15.065 -14.499 -13.852 -16.704
0.128605 -19.026 -18.467 -18.262 -17.68 -17.25 -16.812 -18.112 -17.614 -17.247 -16.8 -16.371 -15.882 -17.625 -17.11 -16.56 -16.17 -15.809 -17.206 -16.756 -16.441 -16.357 -16.749 -16.642 -16.896 -16.402 -15.102 -14.537 -13.889 -16.738
0.132494 -19.036 -18.493 -18.289 -17.711 -17.283 -16.846 -18.14 -17.646 -17.28 -16.834 -16.406 -15.918 -17.657 -17.143 -16.595 -16.205 -15.846 -17.233 -16.783 -16.466 -16.376 -16.755 -16.676 -16.93 -16.437 -15.139 -14.574 -13.927 -16.772
0.136502 -19.047 -18.518 -18.316 -17.742 -17.316 -16.88 -18.166 -17.677 -17.312 -16.869 -16.441 -15.954 -17.688 -17.177 -16.629 -16.241 -15.882 -17.261 -16.81 -16.491 -16.395 -16.761 -16.711 -16.964 -16.472 -15.176 -14.612 -13.965 -16.806
0.14063 -19.057 -18.543 -18.343 -17.773 -17.349 -16.914 -18.193 -17.708 -17.345 -16.903 -16.476 -15.99 -17.719 -17.21 -16.664 -16.276 -15.918 -17.288 -16.837 -16.516 -16.415 -16.768 -16.745 -16.997 -16.507 -15.213 -14.649 -14.003 -16.84
0.144883 -19.067 -18.567 -18.37 -17.804 -17.381 -16.948 -18.219 -17.739 -17.378 -16.937 -16.511 -16.026 -17.75 -17.243 -16.699 -16.312 -15.954 -17.316 -16.865 -16.542 -16.435 -16.776 -16.779 -17.031 -16.542 -15.25 -14.687 -14.041 -16.874
0.149265 -19.078 -18.592 -18.396 -17.834 -17.414 -16.982 -18.245 -17.77 -17.41 -16.971 -16.546 -16.062 -17.781 -17.276 -16.733 -16.347 -15.99 -17.344 -16.893 -16.568 -16.455 -16.784 -16.813 -17.065 -16.577 -15.287 -14.724 -14.079 -16.907
0.15378 -19.088 -18.616 -18.422 -17.865 -17.446 -17.016 -18.271 -17.801 -17.442 -17.005 -16.581 -16.098 -17.812 -17.308 -16.768 -16.383 -16.026 -17.372 -16.921 -16.595 -16.476 -16.792 -16.847 -17.098 -16.612 -15.324 -14.762 -14.117 -16.941
0.15843 -19.099 -18.639 -18.448 -17.895 -17.478 -17.05 -18.297 -17.832 -17.475 -17.038 -16.616 -16.134 -17.843 -17.341 -16.802 -16.418 -16.062 -17.4 -16.949 -16.621 -16.498 -16.801 -16.881 -17.132 -16.646 -15.361 -14.799 -14.155 -16.974
0.163222 -19.109 -18.663 -18.474 -17.925 -17.511 -17.083 -18.322 -17.862 -17.507 -17.072 -16.651 -16.169 -17.873 -17.374 -16.837 -16.453 -16.098 -17.429 -16.978 -16.648 -16.52 -16.811 -16.915 -17.165 -16.681 -15.398 -14.837 -14.193 -17.008
0.168159 -19.12 -18.686 -18.499 -17.955 -17.542 -17.117 -18.347 -17.892 -17.539 -17.106 -16.685 -16.205 -17.903 -17.406 -16.871 -16.488 -16.134 -17.457 -17.006 -16.675 -16.543 -16.822 -16.949 -17.198 -16.716 -15.435 -14.875 -14.231 -17.041
0.173245 -19.13 -18.709 -18.524 -17.984 -17.574 -17.15 -18.372 -17.922 -17.57 -17.139 -16.72 -16.241 -17.933 -17.439 -16.905 -16.524 -16.17 -17.485 -17.035 -16.703 -16.565 -16.832 -16.983 -17.231 -16.75 -15.472 -14.912 -14.269 -17.074
0.178484 -19.141 -18.731 -18.548 -18.014 -17.606 -17.184 -18.396 -17.952 -17.602 -17.173 -16.755 -16.276 -17.963 -17.471 -16.939 -16.559 -16.206 -17.514 -17.064 -16.731 -16.589 -16.844 -17.016 -17.264 -16.785 -15.509 -14.95 -14.307 -17.108
0.183882 -19.151 -18.753 -18.573 -18.043 -17.638 -17.217 -18.42 -17.982 -17.634 -17.206 -16.789 -16.312 -17.992 -17.503 -16.973 -16.594 -16.242 -17.542 -17.093 -16.759 -16.612 -16.856 -17.05 -17.297 -16.819 -15.546 -14.987 -14.346 -17.141
0.189444 -19.161 -18.775 -18.597 -18.072 -17.669 -17.25 -18.444 -18.011 -17.665 -17.239 -16.824 -16.348 -18.022 -17.535 -17.007 -16.629 -16.277 -17.571 -17.122 -16.787 -16.636 -16.869 -17.083 -17.33 -16.854 -15.583 -15.025 -14.384 -17.174
0.195173 -19.171 -18.797 -18.62 -18.101 -17.7 -17.283 -18.467 -18.041 -17.696 -17.272 -16.858 -16.383 -18.051 -17.567 -17.041 -16.664 -16.313 -17.6 -17.152 -16.815 -16.661 -16.882 -17.116 -17.362 -16.888 -15.62 -15.062 -14.422 -17.206
0.201076 -19.181 -18.818 -18.644 -18.13 -17.731 -17.316 -18.49 -18.07 -17.727 -17.305 -16.892 -16.419 -18.08 -17.599 -17.075 -16.699 -16.349 -17.628 -17.181 -16.844 -16.686 -16.895 -17.15 -17.395 -16.922 -15.657 -15.1 -14.46 -17.239
0.207158 -19.191 -18.838 -18.667 -18.158 -17.762 -17.349 -18.513 -18.099 -17.758 -17.338 -16.927 -16.454 -18.109 -17.63 -17.109 -16.734 -16.384 -17.657 -17.211 -16.873 -16.711 -16.91 -17.183 -17.427 -16.956 -15.694 -15.137 -14.498 -17.272
0.213423 -19.2 -18.859 -18.689 -18.187 -17.793 -17.382 -18.535 -18.127 -17.789 -17.371 -16.961 -16.49 -18.138 -17.662 -17.143 -16.768 -16.42 -17.685 -17.24 -16.902 -16.736 -16.925 -17.216 -17.46 -16.99 -15.731 -15.175 -14.536 -17.304
0.219878 -19.21 -18.879 -18.711 -18.215 -17.824 -17.415 -18.557 -18.156 -17.82 -17.404 -16.995 -16.525 -18.166 -17.693 -17.176 -16.803 -16.456 -17.714 -17.27 -16.931 -16.762 -16.94 -17.249 -17.492 -17.024 -15.767 -15.213 -14.574 -17.337
0.226528 -19.219 -18.898 -18.733 -18.242 -17.854 -17.447 -18.579 -18.184 -17.851 -17.436 -17.029 -16.561 -18.195 -17.724 -17.21 -16.838 -16.491 -17.743 -17.3 -16.961 -16.788 -16.956 -17.282 -17.524 -17.058 -15.804 -15.25 -14.613 -17.369
0.233379 -19.228 -18.917 -18.755 -18.27 -17.885 -17.48 -18.6 -18.212 -17.881 -17.469 -17.063 -16.596 -18.223 -17.755 -17.243 -16.873 -16.527 -17.771 -17.33 -16.99 -16.815 -16.972 -17.315 -17.556 -17.092 -15.841 -15.288 -14.651 -17.401
0.240437 -19.237 -18.936 -18.776 -18.298 -17.915 -17.512 -18.621 -18.24 -17.911 -17.501 -17.097 -16.631 -18.25 -17.786 -17.277 -16.907 -16.562 -17.8 -17.36 -17.02 -16.842 -16.989 -17.347 -17.588 -17.126 -15.878 -15.325 -14.689 -17.433
0.247709 -19.245 -18.955 -18.797 -18.325 -17.945 -17.545 -18.642 -18.268 -17.941 -17.534 -17.131 -16.667 -18.278 -17.817 -17.31 -16.942 -16.598 -17.829 -17.39 -17.05 -16.869 -17.007 -17.38 -17.619 -17.16 -15.915 -15.363 -14.727 -17.465
0.255201 -19.253 -18.972 -18.817 -18.352 -17.975 -17.577 -18.662 -18.295 -17.971 -17.566 -17.165 -16.702 -18.305 -17.848 -17.343 -16.976 -16.633 -17.857 -17.42 -17.08 -16.896 -17.025 -17.412 -17.651 -17.194 -15.952 -15.401 -14.766 -17.497
0.262919 -19.261 -18.99 -18.837 -18.378 -18.005 -17.609 -18.682 -18.322 -18.001 -17.598 -17.198 -16.737 -18.333 -17.878 -17.376 -17.011 -16.669 -17.886 -17.45 -17.11 -16.924 -17.044 -17.445 -17.683 -17.227 -15.989 -15.439 -14.804 -17.529
0.270871 -19.269 -19.007 -18.857 -18.405 -18.034 -17.641 -18.701 -18.349 -18.031 -17.63 -17.232 -16.772 -18.36 -17.909 -17.409 -17.045 -16.704 -17.914 -17.48 -17.14 -16.952 -17.063 -17.477 -17.714 -17.261 -16.026 -15.476 -14.843 -17.561
0.279064 -19.276 -19.024 -18.876 -18.431 -18.064 -17.673 -18.721 -18.376 -18.06 -17.662 -17.266 -16.807 -18.386 -17.939 -17.442 -17.08 -16.74 -17.943 -17.51 -17.171 -16.98 -17.082 -17.509 -17.745 -17.294 -16.063 -15.514 -14.881 -17.592
0.287504 -19.283 -19.04 -18.895 -18.457 -18.093 -17.705 -18.739 -18.403 -18.089 -17.694 -17.299 -16.843 -18.413 -17.969 -17.475 -17.114 -16.775 -17.971 -17.54 -17.201 -17.008 -17.102 -17.542 -17.777 -17.328 -16.1 -15.552 -14.92 -17.624
0.296199 -19.29 -19.055 -18.914 -18.483 -18.122 -17.736 -18.758 -18.429 -18.119 -17.726 -17.333 -16.878 -18.439 -17.999 -17.508 -17.148 -16.81 -18.0 -17.571 -17.232 -17.037 -17.123 -17.574 -17.808 -17.361 -16.136 -15.59 -14.958 -17.655
0.305157 -19.296 -19.071 -18.932 -18.509 -18.151 -17.768 -18.776 -18.455 -18.148 -17.757 -17.366 -16.913 -18.465 -18.029 -17.541 -17.182 -16.846 -18.028 -17.601 -17.263 -17.066 -17.144 -17.606 -17.839 -17.394 -16.173 -15.628 -14.997 -17.687
0.314387 -19.302 -19.085 -18.95 -18.534 -18.18 -17.799 -18.794 -18.481 -18.176 -17.789 -17.399 -16.948 -18.491 -18.059 -17.573 -17.217 -16.881 -18.056 -17.631 -17.294 -17.095 -17.166 -17.638 -17.87 -17.428 -16.21 -15.665 -15.035 -17.718
0.323895 -19.308 -19.1 -18.967 -18.559 -18.209 -17.831 -18.811 -18.507 -18.205 -17.82 -17.433 -16.983 -18.517 -18.088 -17.606 -17.251 -16.917 -18.085 -17.662 -17.325 -17.124 -17.188 -17.669 -17.9 -17.461 -16.247 -15.703 -15.074 -17.749
0.333691 -19.313 -19.114 -18.984 -18.584 -18.237 -17.862 -18.828 -18.533 -18.234 -17.852 -17.466 -17.018 -18.542 -18.118 -17.639 -17.285 -16.952 -18.113 -17.692 -17.356 -17.154 -17.21 -17.701 -17.931 -17.494 -16.284 -15.741 -15.113 -17.78
0.343783 -19.318 -19.127 -19.0 -18.609 -18.266 -17.893 -18.845 -18.558 -18.262 -17.883 -17.499 -17.053 -18.568 -18.147 -17.671 -17.319 -16.987 -18.141 -17.723 -17.387 -17.184 -17.233 -17.733 -17.962 -17.527 -16.322 -15.779 -15.152 -17.811
0.354181 -19.322 -19.14 -19.016 -18.633 -18.294 -17.925 -18.861 -18.583 -18.29 -17.914 -17.533 -17.088 -18.593 -18.176 -17.704 -17.353 -17.022 -18.169 -17.753 -17.418 -17.214 -17.256 -17.764 -17.992 -17.56 -16.359 -15.817 -15.191 -17.842
0.364893 -19.326 -19.152 -19.032 -18.657 -18.322 -17.956 -18.877 -18.608 -18.318 -17.945 -17.566 -17.123 -18.617 -18.205 -17.736 -17.387 -17.058 -18.197 -17.784 -17.45 -17.244 -17.28 -17.796 -18.022 -17.593 -16.396 -15.856 -15.23 -17.872
0.375929 -19.33 -19.164 -19.047 -18.681 -18.35 -17.987 -18.892 -18.633 -18.346 -17.976 -17.599 -17.158 -18.642 -18.234 -17.768 -17.421 -17.093 -18.225 -17.814 -17.481 -17.275 -17.304 -17.827 -18.053 -17.626 -16.433 -15.894 -15.269 -17.903
0.387298 -19.333 -19.176 -19.062 -18.705 -18.378 -18.018 -18.908 -18.657 -18.374 -18.007 -17.632 -17.193 -18.666 -18.263 -17.801 -17.456 -17.128 -18.253 -17.845 -17.513 -17.305 -17.329 -17.859 -18.083 -17.659 -16.47 -15.932 -15.308 -17.934
0.399012 -19.336 -19.187 -19.077 -18.728 -18.406 -18.048 -18.922 -18.681 -18.402 -18.038 -17.665 -17.228 -18.691 -18.292 -17.833 -17.49 -17.164 -18.281 -17.875 -17.545 -17.336 -17.354 -17.89 -18.113 -17.692 -16.507 -15.97 -15.347 -17.964
0.41108 -19.338 -19.197 -19.091 -18.752 -18.433 -18.079 -18.937 -18.705 -18.429 -18.069 -17.698 -17.263 -18.715 -18.321 -17.865 -17.524 -17.199 -18.309 -17.906 -17.576 -17.367 -17.379 -17.921 -18.143 -17.725 -16.545 -16.009 -15.387 -17.995
0.423513 -19.34 -19.207 -19.104 -18.775 -18.461 -18.11 -18.951 -18.729 -18.457 -18.1 -17.731 -17.299 -18.738 -18.349 -17.897 -17.558 -17.235 -18.337 -17.937 -17.608 -17.398 -17.405 -17.953 -18.173 -17.758 -16.582 -16.047 -15.426 -18.025
0.436321 -19.342 -19.217 -19.118 -18.798 -18.488 -18.141 -18.965 -18.753 -18.484 -18.13 -17.764 -17.334 -18.762 -18.378 -17.929 -17.592 -17.27 -18.365 -17.968 -17.64 -17.43 -17.432 -17.984 -18.203 -17.791 -16.62 -16.086 -15.465 -18.055
0.449518 -19.343 -19.226 -19.131 -18.82 -18.515 -18.171 -18.979 -18.776 -18.512 -18.161 -17.797 -17.369 -18.785 -18.406 -17.962 -17.626 -17.306 -18.392 -17.998 -17.672 -17.461 -17.458 -18.015 -18.233 -17.824 -16.657 -16.125 -15.505 -18.086
0.463113 -19.344 -19.235 -19.144 -18.843 -18.542 -18.202 -18.992 -18.8 -18.539 -18.192 -17.83 -17.404 -18.808 -18.434 -17.994 -17.66 -17.341 -18.42 -18.029 -17.705 -17.493 -17.485 -18.046 -18.263 -17.857 -16.695 -16.163 -15.545 -18.116
0.47712 -19.344 -19.243 -19.156 -18.865 -18.569 -18.232 -19.005 -18.823 -18.566 -18.222 -17.863 -17.439 -18.832 -18.463 -18.026 -17.694 -17.377 -18.448 -18.06 -17.737 -17.525 -17.513 -18.077 -18.292 -17.89 -16.733 -16.202 -15.585 -18.146
0.49155 -19.344 -19.251 -19.168 -18.888 -18.596 -18.263 -19.018 -18.846 -18.593 -18.253 -17.896 -17.475 -18.854 -18.491 -18.058 -17.728 -17.412 -18.476 -18.091 -17.77 -17.558 -17.541 -18.108 -18.322 -17.922 -16.77 -16.241 -15.625 -18.176
0.506416 -19.344 -19.259 -19.179 -18.91 -18.623 -18.294 -19.031 -18.869 -18.62 -18.284 -17.929 -17.51 -18.877 -18.519 -18.09 -17.763 -17.448 -18.503 -18.122 -17.802 -17.59 -17.569 -18.14 -18.352 -17.955 -16.808 -16.28 -15.665 -18.207
0.521733 -19.343 -19.266 -19.191 -18.931 -18.65 -18.324 -19.043 -18.891 -18.646 -18.314 -17.963 -17.546 -18.9 -18.547 -18.122 -17.797 -17.484 -18.531 -18.153 -17.835 -17.623 -17.598 -18.171 -18.381 -17.988 -16.846 -16.32 -15.705 -18.237
0.537512 -19.342 -19.273 -19.202 -18.953 -18.677 -18.355 -19.056 -18.914 -18.673 -18.345 -17.996 -17.581 -18.922 -18.575 -18.155 -17.831 -17.52 -18.559 -18.184 -17.868 -17.656 -17.627 -18.202 -18.411 -18.021 -16.885 -16.359 -15.746 -18.267
0.553769 -19.341 -19.279 -19.213 -18.975 -18.704 -18.385 -19.068 -18.936 -18.7 -18.375 -18.029 -17.617 -18.945 -18.603 -18.187 -17.866 -17.556 -18.587 -18.216 -17.901 -17.689 -17.657 -18.233 -18.441 -18.055 -16.923 -16.399 -15.786 -18.298
0.570517 -19.339 -19.285 -19.223 -18.996 -18.73 -18.416 -19.08 -18.959 -18.727 -18.406 -18.063 -17.653 -18.967 -18.631 -18.219 -17.9 -17.592 -18.615 -18.247 -17.934 -17.722 -17.687 -18.264 -18.471 -18.088 -16.961 -16.438 -15.827 -18.328
0.587772 -19.337 -19.291 -19.234 -19.018 -18.757 -18.447 -19.092 -18.981 -18.753 -18.437 -18.096 -17.689 -18.989 -18.659 -18.252 -17.935 -17.628 -18.642 -18.278 -17.967 -17.756 -17.717 -18.296 -18.5 -18.121 -17.0 -16.478 -15.868 -18.358
0.605549 -19.335 -19.297 -19.244 -19.039 -18.784 -18.477 -19.103 -19.004 -18.78 -18.468 -18.13 -17.725 -19.012 -18.687 -18.284 -17.97 -17.665 -18.67 -18.31 -18.001 -17.789 -17.748 -18.327 -18.53 -18.154 -17.039 -16.518 -15.909 -18.389
0.623863 -19.333 -19.302 -19.254 -19.061 -18.811 -18.508 -19.115 -19.026 -18.807 -18.499 -18.163 -17.761 -19.034 -18.715 -18.317 -18.005 -17.701 -18.699 -18.342 -18.035 -17.824 -17.779 -18.359 -18.56 -18.188 -17.078 -16.559 -15.951 -18.419
0.642731 -19.331 -19.307 -19.264 -19.082 -18.838 -18.539 -19.127 -19.048 -18.834 -18.53 -18.197 -17.797 -19.056 -18.744 -18.35 -18.04 -17.738 -18.727 -18.374 -18.069 -17.858 -17.81 -18.39 -18.59 -18.222 -17.117 -16.599 -15.992 -18.45
0.66217 -19.328 -19.312 -19.274 -19.103 -18.864 -18.57 -19.139 -19.071 -18.861 -18.561 -18.231 -17.834 -19.078 -18.772 -18.383 -18.075 -17.775 -18.755 -18.406 -18.103 -17.893 -17.843 -18.422 -18.62 -18.255 -17.156 -16.64 -16.034 -18.481
0.682197 -19.326 -19.317 -19.284 -19.125 -18.892 -18.602 -19.151 -19.093 -18.888 -18.592 -18.265 -17.87 -19.101 -18.801 -18.416 -18.11 -17.812 -18.784 -18.438 -18.137 -17.927 -17.875 -18.454 -18.651 -18.289 -17.196 -16.681 -16.076 -18.512
0.70283 -19.324 -19.322 -19.294 -19.147 -18.919 -18.633 -19.163 -19.116 -18.915 -18.624 -18.3 -17.907 -19.123 -18.829 -18.449 -18.146 -17.85 -18.812 -18.471 -18.172 -17.963 -17.908 -18.486 -18.681 -18.324 -17.236 -16.722 -16.118 -18.543
0.724086 -19.321 -19.327 -19.304 -19.168 -18.946 -18.665 -19.175 -19.138 -18.942 -18.655 -18.334 -17.945 -19.146 -18.858 -18.482 -18.182 -17.887 -18.841 -18.504 -18.207 -17.998 -17.941 -18.519 -18.712 -18.358 -17.276 -16.764 -16.161 -18.574
0.745986 -19.319 -19.332 -19.314 -19.19 -18.974 -18.697 -19.188 -19.161 -18.97 -18.687 -18.369 -17.982 -19.168 -18.887 -18.516 -18.218 -17.925 -18.87 -18.537 -18.242 -18.034 -17.975 -18.551 -18.743 -18.393 -17.316 -16.805 -16.204 -18.606
0.768548 -19.317 -19.337 -19.325 -19.212 -19.001 -18.729 -19.2 -19.184 -18.998 -18.719 -18.404 -18.02 -19.191 -18.916 -18.55 -18.254 -17.963 -18.9 -18.57 -18.278 -18.07 -18.01 -18.584 -18.774 -18.428 -17.357 -16.847 -16.247 -18.638
0.791792 -19.315 -19.342 -19.335 -19.234 -19.03 -18.761 -19.214 -19.207 -19.026 -18.752 -18.44 -18.058 -19.214 -18.946 -18.584 -18.291 -18.002 -18.929 -18.604 -18.314 -18.107 -18.044 -18.617 -18.805 -18.463 -17.398 -16.89 -16.291 -18.67
0.815739 -19.314 -19.348 -19.346 -19.257 -19.058 -18.794 -19.227 -19.231 -19.054 -18.784 -18.475 -18.096 -19.238 -18.976 -18.619 -18.328 -18.04 -18.959 -18.638 -18.35 -18.144 -18.08 -18.651 -18.837 -18.498 -17.439 -16.932 -16.334 -18.703
0.840411 -19.313 -19.354 -19.357 -19.28 -19.087 -18.827 -19.241 -19.255 -19.083 -18.818 -18.511 -18.135 -19.262 -19.006 -18.654 -18.366 -18.08 -18.99 -18.673 -18.387 -18.182 -18.116 -18.685 -18.869 -18.534 -17.481 -16.975 -16.379 -18.735
0.865828 -19.312 -19.36 -19.369 -19.303 -19.116 -18.86 -19.256 -19.279 -19.112 -18.851 -18.548 -18.174 -19.286 -19.036 -18.689 -18.403 -18.119 -19.021 -18.707 -18.424 -18.22 -18.152 -18.719 -18.902 -18.571 -17.523 -17.019 -16.423 -18.769
0.892015 -19.312 -19.367 -19.381 -19.327 -19.145 -18.894 -19.271 -19.304 -19.142 -18.885 -18.585 -18.214 -19.31 -19.067 -18.725 -18.441 -18.159 -19.052 -18.743 -18.461 -18.258 -18.189 -18.754 -18.935 -18.607 -17.565 -17.063 -16.468 -18.802
0.918993 -19.313 -19.374 -19.394 -19.351 -19.175 -18.928 -19.286 -19.329 -19.172 -18.919 -18.622 -18.254 -19.335 -19.099 -18.761 -18.48 -18.199 -19.083 -18.778 -18.499 -18.297 -18.227 -18.789 -18.968 -18.644 -17.608 -17.107 -16.513 -18.837
0.946787 -19.315 -19.382 -19.407 -19.376 -19.206 -18.963 -19.303 -19.355 -19.202 -18.954 -18.66 -18.294 -19.361 -19.131 -18.798 -18.519 -18.24 -19.116 -18.815 -18.538 -18.336 -18.265 -18.824 -19.002 -18.682 -17.651 -17.151 -16.559 -18.871
0.975422 -19.317 -19.391 -19.421 -19.401 -19.237 -18.998 -19.32 -19.381 -19.233 -18.99 -18.698 -18.335 -19.387 -19.163 -18.835 -18.559 -18.281 -19.149 -18.852 -18.577 -18.376 -18.304 -18.861 -19.036 -18.72 -17.695 -17.197 -16.605 -18.906
1.004923 -19.321 -19.4 -19.436 -19.427 -19.268 -19.034 -19.338 -19.408 -19.265 -19.025 -18.737 -18.376 -19.414 -19.196 -18.873 -18.599 -18.323 -19.182 -18.889 -18.617 -18.417 -18.344 -18.897 -19.071 -18.759 -17.739 -17.242 -16.652 -18.942
1.035317 -19.325 -19.411 -19.452 -19.454 -19.301 -19.071 -19.357 -19.436 -19.297 -19.062 -18.777 -18.418 -19.442 -19.23 -18.911 -18.64 -18.366 -19.216 -18.927 -18.657 -18.458 -18.384 -18.935 -19.107 -18.798 -17.784 -17.288 -16.699 -18.979
1.066629 -19.331 -19.423 -19.468 -19.482 -19.334 -19.108 -19.378 -19.464 -19.33 -19.099 -18.817 -18.461 -19.47 -19.265 -18.95 -18.681 -18.408 -19.251 -18.966 -18.698 -18.5 -18.425 -18.973 -19.143 -18.838 -17.829 -17.335 -16.747 -19.016
1.098888 -19.338 -19.435 -19.486 -19.51 -19.368 -19.146 -19.399 -19.494 -19.364 -19.137 -18.857 -18.504 -19.499 -19.3 -18.99 -18.723 -18.452 -19.286 -19.005 -18.739 -18.542 -18.466 -19.011 -19.18 -18.879 -17.875 -17.382 -16.795 -19.054
1.132124 -19.347 -19.449 -19.505 -19.539 -19.402 -19.184 -19.421 -19.524 -19.399 -19.176 -18.899 -18.548 -19.529 -19.336 -19.03 -18.765 -18.496 -19.323 -19.045 -18.781 -18.585 -18.509 -19.051 -19.218 -18.92 -17.922 -17.43 -16.844 -19.092
1.166364 -19.357 -19.465 -19.526 -19.57 -19.438 -19.224 -19.445 -19.556 -19.435 -19.215 -18.941 -18.593 -19.561 -19.373 -19.071 -18.809 -18.541 -19.36 -19.086 -18.824 -18.629 -18.552 -19.091 -19.257 -18.962 -17.969 -17.478 -16.893 -19.132
1.20164 -19.369 -19.482 -19.547 -19.601 -19.474 -19.264 -19.47 -19.588 -19.471 -19.256 -18.984 -18.638 -19.593 -19.411 -19.113 -18.853 -18.587 -19.398 -19.128 -18.868 -18.674 -18.596 -19.132 -19.296 -19.005 -18.017 -17.527 -16.943 -19.172
1.237983 -19.382 -19.501 -19.571 -19.634 -19.512 -19.306 -19.497 -19.622 -19.509 -19.297 -19.028 -18.684 -19.626 -19.45 -19.156 -18.898 -18.633 -19.437 -19.17 -18.913 -18.719 -18.641 -19.174 -19.337 -19.048 -18.065 -17.576 -16.993 -19.213
1.275425 -19.398 -19.521 -19.596 -19.668 -19.551 -19.348 -19.525 -19.656 -19.548 -19.339 -19.073 -18.731 -19.661 -19.489 -19.2 -18.943 -18.68 -19.478 -19.214 -18.958 -18.766 -18.687 -19.217 -19.378 -19.093 -18.114 -17.627 -17.045 -19.255
1.313999 -19.416 -19.543 -19.622 -19.704 -19.591 -19.391 -19.555 -19.693 -19.587 -19.383 -19.118 -18.778 -19.697 -19.531 -19.245 -18.99 -18.728 -19.519 -19.258 -19.005 -18.813 -18.734 -19.261 -19.421 -19.138 -18.164 -17.678 -17.097 -19.299
1.35374 -19.436 -19.568 -19.651 -19.74 -19.632 -19.435 -19.587 -19.73 -19.629 -19.427 -19.165 -18.827 -19.735 -19.573 -19.291 -19.038 -18.777 -19.562 -19.304 -19.052 -18.861 -18.782 -19.306 -19.465 -19.185 -18.215 -17.729 -17.149 -19.343
1.394683 -19.459 -19.594 -19.681 -19.779 -19.674 -19.481 -19.62 -19.769 -19.671 -19.473 -19.212 -18.877 -19.774 -19.616 -19.338 -19.086 -18.827 -19.605 -19.351 -19.1 -18.91 -18.831 -19.352 -19.509 -19.232 -18.267 -17.782 -17.202 -19.389
1.436864 -19.484 -19.623 -19.714 -19.819 -19.718 -19.528 -19.656 -19.81 -19.715 -19.52 -19.261 -18.927 -19.814 -19.661 -19.386 -19.136 -18.878 -19.651 -19.399 -19.15 -18.96 -18.881 -19.4 -19.556 -19.281 -18.319 -17.835 -17.256 -19.435
1.480321 -19.512 -19.654 -19.749 -19.86 -19.763 -19.576 -19.693 -19.852 -19.76 -19.568 -19.311 -18.979 -19.856 -19.707 -19.435 -19.187 -18.929 -19.697 -19.448 -19.2 -19.011 -18.932 -19.448 -19.603 -19.331 -18.372 -17.889 -17.311 -19.483
1.525092 -19.543 -19.688 -19.786 -19.904 -19.81 -19.625 -19.733 -19.896 -19.807 -19.617 -19.362 -19.031 -19.9 -19.755 -19.485 -19.238 -18.982 -19.745 -19.498 -19.252 -19.064 -18.984 -19.498 -19.652 -19.382 -18.426 -17.944 -17.367 -19.533
1.571218 -19.576 -19.725 -19.825 -19.949 -19.859 -19.676 -19.775 -19.942 -19.856 -19.668 -19.415 -19.085 -19.946 -19.804 -19.537 -19.291 -19.036 -19.794 -19.549 -19.305 -19.117 -19.037 -19.549 -19.702 -19.434 -18.482 -18.0 -17.423 -19.583
1.618738 -19.613 -19.764 -19.868 -19.997 -19.909 -19.728 -19.819 -19.99 -19.906 -19.72 -19.468 -19.14 -19.994 -19.855 -19.59 -19.345 -19.091 -19.845 -19.602 -19.359 -19.172 -19.091 -19.602 -19.754 -19.487 -18.538 -18.057 -17.481 -19.636
1.667696 -19.653 -19.807 -19.912 -20.046 -19.961 -19.781 -19.866 -20.04 -19.957 -19.773 -19.523 -19.196 -20.044 -19.907 -19.644 -19.401 -19.147 -19.898 -19.657 -19.414 -19.227 -19.147 -19.656 -19.807 -19.542 -18.595 -18.115 -17.539 -19.689
1.718134 -19.697 -19.852 -19.96 -20.098 -20.014 -19.837 -19.915 -20.092 -20.011 -19.829 -19.579 -19.253 -20.095 -19.962 -19.7 -19.458 -19.205 -19.952 -19.713 -19.471 -19.285 -19.204 -19.711 -19.862 -19.599 -18.653 -18.174 -17.598 -19.744
1.770098 -19.744 -19.901 -20.01 -20.151 -20.07 -19.893 -19.967 -20.146 -20.067 -19.886 -19.637 -19.312 -20.149 -20.018 -19.758 -19.516 -19.263 -20.008 -19.77 -19.529 -19.343 -19.262 -19.768 -19.918 -19.656 -18.713 -18.233 -17.658 -19.801
1.823633 -19.795 -19.953 -20.064 -20.207 -20.127 -19.952 -20.022 -20.202 -20.124 -19.944 -19.696 -19.371 -20.206 -20.075 -19.816 -19.575 -19.323 -20.066 -19.829 -19.588 -19.403 -19.322 -19.827 -19.977 -19.715 -18.773 -18.294 -17.719 -19.86
1.878788 -19.85 -20.009 -20.12 -20.266 -20.187 -20.012 -20.079 -20.261 -20.183 -20.004 -19.757 -19.433 -20.264 -20.135 -19.877 -19.636 -19.385 -20.126 -19.889 -19.649 -19.464 -19.383 -19.888 -20.037 -19.776 -18.835 -18.356 -17.781 -19.92
1.93561 -19.908 -20.068 -20.18 -20.327 -20.248 -20.074 -20.14 -20.322 -20.245 -20.066 -19.819 -19.495 -20.325 -20.197 -19.939 -19.699 -19.447 -20.188 -19.951 -19.711 -19.526 -19.446 -19.95 -20.099 -19.838 -18.898 -18.419 -17.844 -19.982
1.994152 -19.971 -20.131 -20.243 -20.39 -20.312 -20.138 -20.203 -20.385 -20.309 -20.13 -19.883 -19.559 -20.389 -20.261 -20.003 -19.763 -19.511 -20.252 -20.015 -19.775 -19.59 -19.51 -20.013 -20.162 -19.902 -18.962 -18.483 -17.909 -20.046
2.054463 -20.038 -20.198 -20.31 -20.456 -20.378 -20.204 -20.269 -20.451 -20.375 -20.196 -19.949 -19.625 -20.455 -20.326 -20.069 -19.828 -19.577 -20.317 -20.081 -19.841 -19.656 -19.575 -20.079 -20.228 -19.968 -19.027 -18.549 -17.974 -20.111
2.116599 -20.109 -20.268 -20.38 -20.525 -20.446 -20.271 -20.339 -20.52 -20.443 -20.263 -20.016 -19.692 -20.524 -20.394 -20.136 -19.895 -19.644 -20.385 -20.148 -19.908 -19.723 -19.642 -20.147 -20.296 -20.035 -19.094 -18.615 -18.04 -20.179
2.180614 -20.185 -20.343 -20.453 -20.597 -20.516 -20.341 -20.411 -20.591 -20.513 -20.333 -20.085 -19.76 -20.595 -20.464 -20.205 -19.964 -19.712 -20.455 -20.218 -19.977 -19.791 -19.711 -20.216 -20.366 -20.104 -19.162 -18.683 -18.108 -20.249
2.246566 -20.265 -20.421 -20.53 -20.671 -20.589 -20.412 -20.487 -20.665 -20.586 -20.405 -20.156 -19.83 -20.669 -20.537 -20.276 -20.035 -19.782 -20.527 -20.289 -20.047 -19.862 -19.781 -20.287 -20.437 -20.175 -19.231 -18.752 -18.177 -20.32
2.314511 -20.349 -20.504 -20.611 -20.748 -20.664 -20.486 -20.566 -20.742 -20.661 -20.478 -20.228 -19.902 -20.746 -20.611 -20.349 -20.107 -19.854 -20.602 -20.362 -20.12 -19.934 -19.853 -20.361 -20.511 -20.248 -19.302 -18.822 -18.247 -20.394
2.384512 -20.439 -20.591 -20.696 -20.828 -20.742 -20.562 -20.649 -20.822 -20.739 -20.554 -20.303 -19.975 -20.825 -20.688 -20.424 -20.181 -19.927 -20.679 -20.437 -20.194 -20.007 -19.927 -20.436 -20.588 -20.322 -19.374 -18.894 -18.318 -20.47
2.45663 -20.533 -20.683 -20.784 -20.911 -20.822 -20.64 -20.735 -20.904 -20.819 -20.632 -20.379 -20.05 -20.908 -20.768 -20.501 -20.256 -20.002 -20.758 -20.514 -20.27 -20.082 -20.002 -20.514 -20.666 -20.399 -19.448 -18.967 -18.39 -20.548
2.530929 -20.631 -20.778 -20.877 -20.997 -20.904 -20.72 -20.825 -20.989 -20.901 -20.712 -20.458 -20.127 -20.993 -20.849 -20.58 -20.334 -20.078 -20.839 -20.593 -20.347 -20.16 -20.08 -20.593 -20.747 -20.477 -19.523 -19.041 -18.464 -20.628
2.607475 -20.735 -20.878 -20.973 -21.086 -20.989 -20.802 -20.918 -21.078 -20.986 -20.794 -20.538 -20.206 -21.082 -20.934 -20.661 -20.413 -20.157 -20.923 -20.674 -20.427 -20.238 -20.159 -20.675 -20.829 -20.558 -19.6 -19.117 -18.539 -20.71
2.686337 -20.843 -20.982 -21.073 -21.178 -21.077 -20.887 -21.015 -21.169 -21.074 -20.879 -20.62 -20.286 -21.173 -21.02 -20.744 -20.495 -20.237 -21.01 -20.758 -20.509 -20.319 -20.24 -20.759 -20.915 -20.64 -19.678 -19.194 -18.615 -20.794
2.767583 -20.956 -21.091 -21.177 -21.273 -21.167 -20.973 -21.116 -21.263 -21.164 -20.965 -20.704 -20.368 -21.268 -21.109 -20.83 -20.578 -20.318 -21.098 -20.843 -20.592 -20.402 -20.323 -20.845 -21.002 -20.724 -19.758 -19.273 -18.693 -20.881
2.851287 -21.075 -21.204 -21.285 -21.371 -21.26 -21.062 -21.22 -21.36 -21.257 -21.054 -20.791 -20.452 -21.365 -21.201 -20.917 -20.663 -20.402 -21.189 -20.93 -20.678 -20.486 -20.407 -20.933 -21.092 -20.811 -19.839 -19.353 -18.772 -20.97
2.937522 -21.197 -21.321 -21.397 -21.472 -21.356 -21.154 -21.328 -21.461 -21.353 -21.146 -20.879 -20.538 -21.465 -21.295 -21.006 -20.75 -20.488 -21.283 -21.02 -20.765 -20.573 -20.494 -21.023 -21.184 -20.899 -19.922 -19.435 -18.853 -21.061
3.026365 -21.325 -21.443 -21.513 -21.576 -21.454 -21.247 -21.439 -21.564 -21.451 -21.239 -20.97 -20.626 -21.569 -21.392 -21.098 -20.839 -20.575 -21.379 -21.112 -20.854 -20.661 -20.583 -21.116 -21.279 -20.99 -20.007 -19.518 -18.935 -21.155
3.117896 -21.458 -21.569 -21.633 -21.684 -21.555 -21.343 -21.555 -21.67 -21.552 -21.335 -21.062 -20.715 -21.675 -21.491 -21.192 -20.931 -20.664 -21.478 -21.206 -20.946 -20.751 -20.674 -21.211 -21.376 -21.083 -20.093 -19.603 -19.019 -21.251
3.212194 -21.595 -21.7 -21.757 -21.794 -21.658 -21.442 -21.674 -21.779 -21.655 -21.433 -21.157 -20.807 -21.784 -21.592 -21.288 -21.024 -20.755 -21.579 -21.303 -21.04 -20.844 -20.767 -21.308 -21.475 -21.178 -20.181 -19.689 -19.104 -21.349
3.309345 -21.737 -21.834 -21.885 -21.907 -21.764 -21.542 -21.797 -21.891 -21.761 -21.534 -21.254 -20.9 -21.897 -21.697 -21.386 -21.119 -20.848 -21.683 -21.401 -21.135 -20.938 -20.863 -21.408 -21.577 -21.275 -20.271 -19.777 -19.191 -21.45
3.409434 -21.884 -21.973 -22.016 -22.024 -21.873 -21.645 -21.924 -22.006 -21.87 -21.637 -21.352 -20.996 -22.012 -21.803 -21.487 -21.216 -20.943 -21.789 -21.502 -21.233 -21.035 -20.96 -21.51 -21.681 -21.374 -20.363 -19.867 -19.279 -21.553
3.51255 -22.036 -22.116 -22.151 -22.143 -21.984 -21.751 -22.054 -22.124 -21.981 -21.742 -21.454 -21.093 -22.13 -21.913 -21.589 -21.315 -21.04 -21.898 -21.605 -21.333 -21.133 -21.06 -21.614 -21.788 -21.475 -20.456 -19.959 -19.369 -21.659
3.618785 -22.192 -22.263 -22.29 -22.265 -22.098 -21.858 -22.188 -22.245 -22.095 -21.849 -21.557 -21.192 -22.251 -22.024 -21.694 -21.417 -21.139 -22.009 -21.711 -21.435 -21.234 -21.162 -21.72 -21.897 -21.579 -20.551 -20.052 -19.46 -21.766
3.728232 -22.352 -22.413 -22.433 -22.391 -22.215 -21.968 -22.326 -22.369 -22.211 -21.959 -21.662 -21.294 -22.375 -22.139 -21.801 -21.52 -21.239 -22.123 -21.818 -21.539 -21.337 -21.267 -21.829 -22.008 -21.684 -20.648 -20.147 -19.554 -21.876
3.84099 -22.516 -22.567 -22.579 -22.519 -22.334 -22.08 -22.467 -22.495 -22.33 -22.071 -21.77 -21.397 -22.502 -22.255 -21.911 -21.626 -21.342 -22.24 -21.928 -21.646 -21.442 -21.374 -21.94 -22.122 -21.792 -20.747 -20.244 -19.649 -21.989
3.957158 -22.685 -22.725 -22.728 -22.649 -22.455 -22.195 -22.612 -22.624 -22.452 -22.186 -21.879 -21.503 -22.631 -22.374 -22.022 -21.733 -21.447 -22.358 -22.041 -21.755 -21.549 -21.484 -22.053 -22.238 -21.902 -20.848 -20.342 -19.746 -22.104
4.07684 -22.858 -22.887 -22.881 -22.783 -22.579 -22.312 -22.76 -22.756 -22.576 -22.303 -21.991 -21.61 -22.763 -22.496 -22.136 -21.843 -21.554 -22.48 -22.155 -21.866 -21.659 -21.596 -22.169 -22.356 -22.014 -20.951 -20.443 -19.844 -22.221
4.200141 -23.035 -23.052 -23.037 -22.919 -22.706 -22.431 -22.912 -22.891 -22.702 -22.422 -22.105 -21.72 -22.898 -22.62 -22.252 -21.955 -21.663 -22.603 -22.272 -21.979 -21.771 -21.711 -22.286 -22.477 -22.129 -21.056 -20.545 -19.945 -22.34
4.327172 -23.215 -23.22 -23.196 -23.058 -22.835 -22.552 -23.066 -23.028 -22.831 -22.543 -22.222 -21.832 -23.035 -22.746 -22.37 -22.069 -21.774 -22.729 -22.392 -22.094 -21.885 -21.829 -22.406 -22.6 -22.245 -21.162 -20.65 -20.047 -22.462
4.458044 -23.399 -23.39 -23.358 -23.199 -22.966 -22.676 -23.224 -23.167 -22.962 -22.667 -22.34 -21.945 -23.175 -22.875 -22.49 -22.185 -21.887 -22.858 -22.513 -22.212 -22.002 -21.95 -22.529 -22.725 -22.364 -21.271 -20.756 -20.151 -22.586
4.592874 -23.586 -23.564 -23.522 -23.343 -23.099 -22.802 -23.386 -23.309 -23.096 -22.792 -22.461 -22.061 -23.317 -23.006 -22.613 -22.303 -22.002 -22.989 -22.637 -22.332 -22.121 -22.073 -22.653 -22.853 -22.485 -21.382 -20.864 -20.257 -22.713
4.731783 -23.777 -23.741 -23.69 -23.489 -23.235 -22.93 -23.55 -23.453 -23.232 -22.92 -22.583 -22.179 -23.461 -23.139 -22.738 -22.424 -22.12 -23.122 -22.763 -22.455 -22.243 -22.201 -22.78 -22.983 -22.608 -21.494 -20.974 -20.366 -22.841
4.874892 -23.97 -23.92 -23.86 -23.637 -23.373 -23.061 -23.717 -23.6 -23.37 -23.051 -22.708 -22.299 -23.608 -23.275 -22.865 -22.546 -22.239 -23.258 -22.892 -22.58 -22.368 -22.331 -22.909 -23.115 -22.733 -21.609 -21.087 -20.476 -22.972
5.02233 -24.167 -24.101 -24.032 -23.788 -23.514 -23.193 -23.886 -23.749 -23.51 -23.183 -22.835 -22.422 -23.757 -23.412 -22.994 -22.671 -22.36 -23.396 -23.023 -22.707 -22.495 -22.465 -23.04 -23.249 -22.861 -21.726 -21.201 -20.588 -23.105
5.174227 -24.366 -24.284 -24.207 -23.94 -23.656 -23.328 -24.058 -23.9 -23.652 -23.318 -22.965 -22.546 -23.908 -23.552 -23.125 -22.798 -22.484 -23.536 -23.156 -22.837 -22.625 -22.603 -23.174 -23.386 -22.99 -21.845 -21.318 -20.703 -23.241
5.330718 -24.568 -24.469 -24.383 -24.095 -23.801 -23.465 -24.233 -24.053 -23.797 -23.454 -23.096 -22.673 -24.062 -23.694 -23.258 -22.927 -22.61 -23.679 -23.292 -22.97 -22.758 -22.744 -23.309 -23.524 -23.122 -21.966 -21.436 -20.819 -23.378
5.491942 -24.773 -24.657 -24.562 -24.252 -23.947 -23.604 -24.41 -24.208 -23.943 -23.593 -23.23 -22.801 -24.217 -23.838 -23.394 -23.058 -22.738 -23.824 -23.431 -23.105 -22.894 -22.89 -23.447 -23.665 -23.256 -22.09 -21.557 -20.938 -23.518
5.658042 -24.98 -24.845 -24.742 -24.411 -24.096 -23.745 -24.589 -24.365 -24.092 -23.734 -23.365 -22.932 -24.374 -23.984 -23.532 -23.192 -22.869 -23.972 -23.571 -23.243 -23.033 -23.041 -23.587 -23.808 -23.392 -22.216 -21.681 -21.059 -23.66
5.829166 -25.189 -25.036 -24.924 -24.571 -24.247 -23.888 -24.77 -24.524 -24.243 -23.877 -23.503 -23.066 -24.533 -24.133 -23.672 -23.327 -23.001 -24.122 -23.715 -23.384 -23.175 -23.196 -23.729 -23.953 -23.531 -22.344 -21.806 -21.183 -23.804
6.005465 -25.4 -25.227 -25.108 -24.734 -24.399 -24.033 -24.952 -24.685 -24.396 -24.023 -23.644 -23.201 -24.694 -24.283 -23.814 -23.465 -23.136 -24.274 -23.861 -23.527 -23.322 -23.357 -23.874 -24.1 -23.671 -22.474 -21.934 -21.308 -23.95
6.187096 -25.614 -25.42 -25.293 -24.898 -24.554 -24.181 -25.137 -24.847 -24.55 -24.17 -23.786 -23.339 -24.857 -24.435 -23.958 -23.606 -23.273 -24.429 -24.01 -23.674 -23.472 -23.523 -24.02 -24.249 -23.814 -22.607 -22.064 -21.437 -24.098
6.37422 -25.83 -25.615 -25.479 -25.064 -24.711 -24.33 -25.323 -25.012 -24.707 -24.32 -23.931 -23.479 -25.022 -24.59 -24.105 -23.748 -23.413 -24.587 -24.162 -23.825 -23.626 -23.695 -24.169 -24.401 -23.959 -22.742 -22.197 -21.567 -24.249
6.567004 -26.049 -25.81 -25.667 -25.232 -24.87 -24.482 -25.511 -25.178 -24.866 -24.471 -24.078 -23.622 -25.188 -24.746 -24.253 -23.893 -23.555 -24.747 -24.317 -23.978 -23.784 -23.875 -24.319 -24.554 -24.106 -22.88 -22.332 -21.701 -24.401
6.765619 -26.27 -26.006 -25.855 -25.402 -25.03 -24.636 -25.7 -25.346 -25.027 -24.625 -24.227 -23.767 -25.356 -24.904 -24.404 -24.04 -23.699 -24.91 -24.476 -24.136 -23.948 -24.061 -24.472 -24.71 -24.256 -23.02 -22.47 -21.837 -24.556
6.97024 -26.494 -26.203 -26.045 -25.573 -25.193 -24.792 -25.89 -25.516 -25.189 -24.781 -24.379 -23.914 -25.526 -25.065 -24.558 -24.19 -23.846 -25.077 -24.638 -24.298 -24.117 -24.255 -24.628 -24.867 -24.408 -23.163 -22.611 -21.975 -24.713
7.181051 -26.721 -26.401 -26.236 -25.746 -25.358 -24.951 -26.082 -25.687 -25.354 -24.94 -24.533 -24.064 -25.698 -25.228 -24.713 -24.342 -23.995 -25.246 -24.803 -24.464 -24.292 -24.459 -24.785 -25.027 -24.562 -23.308 -22.754 -22.116 -24.873
7.398237 -26.952 -26.6 -26.428 -25.92 -25.525 -25.111 -26.274 -25.861 -25.521 -25.1 -24.689 -24.217 -25.871 -25.392 -24.871 -24.496 -24.147 -25.419 -24.973 -24.635 -24.473 -24.671 -24.945 -25.19 -24.719 -23.456 -22.9 -22.261 -25.034
7.621991 -27.186 -26.8 -26.621 -26.097 -25.693 -25.275 -26.468 -26.036 -25.69 -25.263 -24.848 -24.372 -26.046 -25.559 -25.032 -24.653 -24.302 -25.596 -25.147 -24.811 -24.661 -24.894 -25.107 -25.354 -24.878 -23.607 -23.049 -22.408 -25.198
7.852513 -27.426 -27.001 -26.816 -26.275 -25.864 -25.44 -26.663 -26.213 -25.861 -25.429 -25.009 -24.53 -26.224 -25.729 -25.195 -24.813 -24.459 -25.776 -25.326 -24.994 -24.858 -25.128 -25.272 -25.521 -25.04 -23.761 -23.201 -22.558 -25.364
8.090007 -27.67 -27.203 -27.011 -26.455 -26.037 -25.608 -26.86 -26.392 -26.034 -25.597 -25.173 -24.69 -26.403 -25.9 -25.36 -24.975 -24.619 -25.962 -25.511 -25.183 -25.063 -25.374 -25.439 -25.69 -25.204 -23.918 -23.355 -22.711 -25.533
8.334684 -27.921 -27.407 -27.207 -26.637 -26.213 -25.778 -27.057 -26.572 -26.209 -25.767 -25.34 -24.854 -26.583 -26.074 -25.528 -25.14 -24.782 -26.152 -25.702 -25.38 -25.279 -25.632 -25.609 -25.862 -25.371 -24.077 -23.513 -22.867 -25.704
8.586761 -28.179 -27.612 -27.405 -26.821 -26.391 -25.951 -27.256 -26.755 -26.387 -25.94 -25.51 -25.02 -26.766 -26.25 -25.699 -25.308 -24.948 -26.349 -25.899 -25.586 -25.505 -25.905 -25.781 -26.036 -25.541 -24.24 -23.675 -23.027 -25.878
8.846461 -28.445 -27.818 -27.604 -27.007 -26.571 -26.127 -27.456 -26.94 -26.567 -26.115 -25.682 -25.19 -26.952 -26.429 -25.873 -25.479 -25.117 -26.552 -26.105 -25.801 -25.744 -26.192 -25.956 -26.212 -25.713 -24.406 -23.839 -23.19 -26.054
9.114017 -28.721 -28.027 -27.804 -27.195 -26.754 -26.305 -27.657 -27.128 -26.75 -26.294 -25.858 -25.362 -27.139 -26.61 -26.049 -25.653 -25.289 -26.763 -26.32 -26.028 -25.997 -26.494 -26.134 -26.392 -25.889 -24.576 -24.007 -23.357 -26.233
9.389664 -29.007 -28.237 -28.006 -27.386 -26.939 -26.486 -27.86 -27.317 -26.935 -26.475 -26.036 -25.538 -27.329 -26.794 -26.229 -25.83 -25.464 -26.983 -26.546 -26.266 -26.266 -26.812 -26.315 -26.574 -26.068 -24.748 -24.178 -23.527 -26.415
9.673648 -29.306 -28.451 -28.209 -27.578 -27.127 -26.671 -28.064 -27.509 -27.123 -26.659 -26.218 -25.717 -27.521 -26.981 -26.411 -26.011 -25.643 -27.213 -26.783 -26.52 -26.55 -27.146 -26.499 -26.76 -26.249 -24.925 -24.353 -23.7 -26.6
9.966221 -29.619 -28.668 -28.415 -27.774 -27.318 -26.858 -28.271 -27.704 -27.314 -26.847 -26.403 -25.9 -27.715 -27.171 -26.597 -26.195 -25.825 -27.455 -27.035 -26.789 -26.853 -27.498 -26.686 -26.948 -26.435 -25.105 -24.532 -23.878 -26.788
10.267642 -29.947 -28.888 -28.622 -27.972 -27.512 -27.049 -28.479 -27.901 -27.508 -27.037 -26.591 -26.086 -27.913 -27.364 -26.786 -26.382 -26.011 -27.71 -27.302 -27.075 -27.175 -27.867 -26.876 -27.139 -26.623 -25.288 -24.714 -24.059 -26.979
10.57818 -30.292 -29.114 -28.831 -28.173 -27.709 -27.243 -28.689 -28.102 -27.705 -27.231 -26.783 -26.276 -28.113 -27.56 -26.979 -26.573 -26.201 -27.982 -27.586 -27.382 -27.517 -28.253 -27.07 -27.334 -26.815 -25.476 -24.901 -24.245 -27.174
10.89811 -30.655 -29.345 -29.043 -28.377 -27.909 -27.441 -28.902 -28.305 -27.906 -27.429 -26.979 -26.47 -28.317 -27.759 -27.176 -26.768 -26.394 -28.271 -27.891 -27.709 -27.88 -28.657 -27.267 -27.533 -27.011 -25.668 -25.091 -24.435 -27.372
11.227716 -31.038 -29.583 -29.257 -28.584 -28.113 -27.642 -29.117 -28.512 -28.109 -27.63 -27.178 -26.668 -28.523 -27.962 -27.376 -26.966 -26.592 -28.581 -28.217 -28.059 -28.265 -29.079 -27.469 -27.735 -27.211 -25.864 -25.286 -24.629 -27.574
11.56729 -31.441 -29.83 -29.474 -28.794 -28.321 -27.847 -29.334 -28.722 -28.317 -27.836 -27.382 -26.87 -28.733 -28.169 -27.58 -27.169 -26.794 -28.914 -28.568 -28.433 -28.671 -29.518 -27.673 -27.94 -27.414 -26.064 -25.485 -24.827 -27.779
11.917135 -31.865 -30.087 -29.694 -29.008 -28.532 -28.056 -29.555 -28.935 -28.528 -28.045 -27.589 -27.076 -28.947 -28.38 -27.788 -27.376 -27.0 -29.271 -28.943 -28.832 -29.1 -29.976 -27.882 -28.15 -27.622 -26.268 -25.689 -25.03 -27.989
12.277561 -32.31 -30.358 -29.917 -29.226 -28.747 -28.27 -29.779 -29.153 -28.744 -28.258 -27.802 -27.287 -29.164 -28.594 -28.001 -27.588 -27.21 -29.654 -29.345 -29.256 -29.551 -30.451 -28.096 -28.364 -27.834 -26.478 -25.898 -25.238 -28.203
12.648887 -32.778 -30.644 -30.144 -29.448 -28.967 -28.488 -30.006 -29.374 -28.963 -28.476 -28.018 -27.502 -29.386 -28.813 -28.218 -27.804 -27.426 -30.066 -29.774 -29.705 -30.024 -30.944 -28.313 -28.582 -28.051 -26.692 -26.111 -25.451 -28.421
13.031444 -33.267 -30.95 -30.374 -29.674 -29.191 -28.71 -30.237 -29.6 -29.187 -28.698 -28.239 -27.722 -29.611 -29.037 -28.44 -28.024 -27.646 -30.506 -30.23 -30.179 -30.519 -31.455 -28.536 -28.805 -28.272 -26.911 -26.33 -25.669 -28.644
13.425571 -33.778 -31.279 -30.608 -29.904 -29.42 -28.937 -30.471 -29.83 -29.416 -28.926 -28.466 -27.948 -29.841 -29.265 -28.666 -28.25 -27.871 -30.975 -30.713 -30.678 -31.035 -31.984 -28.763 -29.033 -28.498 -27.135 -26.553 -25.892 -28.871
13.831619 -34.31 -31.637 -30.846 -30.139 -29.653 -29.169 -30.71 -30.064 -29.649 -29.158 -28.697 -28.178 -30.076 -29.498 -28.898 -28.481 -28.101 -31.473 -31.223 -31.201 -31.571 -32.532 -28.995 -29.265 -28.73 -27.364 -26.782 -26.121 -29.103
14.249947 -34.864 -32.027 -31.089 -30.379 -29.892 -29.407 -30.953 -30.304 -29.888 -29.395 -28.934 -28.414 -30.316 -29.736 -29.135 -28.717 -28.337 -31.998 -31.759 -31.748 -32.129 -33.098 -29.232 -29.503 -28.966 -27.599 -27.017 -26.355 -29.341
14.680926 -35.44 -32.454 -31.337 -30.624 -30.135 -29.65 -31.201 -30.549 -30.132 -29.638 -29.176 -28.655 -30.561 -29.98 -29.377 -28.959 -28.578 -32.551 -32.321 -32.317 -32.707 -33.682 -29.475 -29.746 -29.209 -27.84 -27.257 -26.595 -29.584
15.124941 -36.036 -32.919 -31.59 -30.875 -30.385 -29.898 -31.454 -30.799 -30.381 -29.886 -29.423 -28.903 -30.811 -30.229 -29.625 -29.206 -28.825 -33.13 -32.906 -32.91 -33.306 -34.286 -29.723 -29.995 -29.456 -28.086 -27.503 -26.841 -29.833
15.582385 -36.654 -33.427 -31.848 -31.131 -30.64 -30.152 -31.713 -31.055 -30.636 -30.141 -29.677 -29.156 -31.067 -30.484 -29.879 -29.46 -29.078 -33.734 -33.516 -33.524 -33.925 -34.909 -29.977 -30.249 -29.71 -28.339 -27.756 -27.093 -30.087
16.053663 -37.294 -33.976 -32.113 -31.394 -30.902 -30.414 -31.978 -31.318 -30.898 -30.402 -29.938 -29.417 -31.33 -30.746 -30.14 -29.721 -29.339 -34.364 -34.149 -34.162 -34.567 -35.553 -30.239 -30.511 -29.971 -28.599 -28.016 -27.353 -30.349
16.539195 -37.958 -34.57 -32.388 -31.667 -31.175 -30.686 -32.253 -31.591 -31.171 -30.675 -30.21 -29.688 -31.603 -31.018 -30.412 -29.993 -29.611 -35.021 -34.81 -34.825 -35.232 -36.22 -30.511 -30.783 -30.243 -28.871 -28.286 -27.623 -30.621
17.039412 -38.654 -35.212 -32.683 -31.961 -31.468 -30.979 -32.548 -31.885 -31.464 -30.967 -30.503 -29.98 -31.897 -31.311 -30.705 -30.285 -29.903 -35.712 -35.502 -35.519 -35.929 -36.918 -30.804 -31.076 -30.536 -29.162 -28.578 -27.915 -30.914
17.554757 -39.392 -35.91 -33.016 -32.293 -31.8 -31.31 -32.882 -32.217 -31.796 -31.298 -30.834 -30.311 -32.229 -31.643 -31.036 -30.616 -30.233 -36.446 -36.238 -36.256 -36.667 -37.657 -31.135 -31.408 -30.867 -29.492 -28.908 -28.245 -31.245
18.085689 -40.182 -36.673 -33.41 -32.686 -32.192 -31.702 -33.275 -32.61 -32.188 -31.691 -31.225 -30.702 -32.622 -32.035 -31.428 -31.007 -30.625 -37.234 -37.027 -37.046 -37.458 -38.449 -31.527 -31.8 -31.259 -29.884 -29.299 -28.636 -31.637
18.632678 -41.032 -37.504 -33.886 -33.161 -32.667 -32.177 -33.752 -33.085 -32.663 -32.165 -31.7 -31.177 -33.097 -32.51 -31.902 -31.482 -31.099 -38.082 -37.875 -37.895 -38.307 -39.299 -32.001 -32.274 -31.733 -30.358 -29.773 -29.109 -32.112
19.196211 -41.941 -38.401 -34.458 -33.733 -33.238 -32.748 -34.324 -33.657 -33.234 -32.736 -32.271 -31.747 -33.668 -33.081 -32.473 -32.052 -31.669 -38.99 -38.784 -38.804 -39.217 -40.208 -32.572 -32.845 -32.304 -30.928 -30.343 -29.68 -32.683
19.776787 -42.907 -39.359 -35.131 -34.406 -33.911 -33.42 -34.997 -34.329 -33.907 -33.408 -32.943 -32.419 -34.341 -33.754 -33.145 -32.724 -32.342 -39.955 -39.749 -39.77 -40.183 -41.175 -33.245 -33.518 -32.976 -31.6 -31.015 -30.351 -33.355
20.374923 -43.925 -40.372 -35.904 -35.177 -34.682 -34.192 -35.77 -35.101 -34.679 -34.18 -33.714 -33.191 -35.113 -34.525 -33.917 -33.496 -33.113 -40.973 -40.768 -40.788 -41.201 -42.193 -34.016 -34.289 -33.747 -32.371 -31.786 -31.122 -34.127
20.991149 -44.992 -41.436 -36.769 -36.042 -35.547 -35.056 -36.635 -35.966 -35.543 -35.044 -34.578 -34.055 -35.978 -35.39 -34.781 -34.36 -33.977 -42.04 -41.835 -41.856 -42.269 -43.261 -34.88 -35.154 -34.612 -33.235 -32.65 -31.986 -34.991
21.626011 -46.105 -42.546 -37.719 -36.992 -36.496 -36.005 -37.585 -36.915 -36.493 -35.994 -35.528 -35.004 -36.927 -36.339 -35.73 -35.309 -34.926 -43.153 -42.947 -42.968 -43.382 -44.373 -35.83 -36.103 -35.561 -34.184 -33.599 -32.935 -35.941
22.280075 -47.262 -43.701 -38.746 -38.018 -37.523 -37.032 -38.612 -37.942 -37.519 -37.02 -36.554 -36.03 -37.954 -37.366 -36.757 -36.336 -35.953 -44.309 -44.104 -44.125 -44.538 -45.53 -36.856 -37.13 -36.587 -35.211 -34.626 -33.962 -36.967
22.953921 -48.461 -44.899 -39.843 -39.115 -38.62 -38.129 -39.709 -39.039 -38.616 -38.117 -37.651 -37.127 -39.051 -38.463 -37.854 -37.433 -37.049 -45.508 -45.303 -45.324 -45.737 -46.729 -37.953 -38.227 -37.684 -36.308 -35.722 -35.058 -38.064
23.648147 -49.702 -46.139 -41.005 -40.277 -39.782 -39.29 -40.871 -40.201 -39.778 -39.279 -38.813 -38.289 -40.213 -39.624 -39.015 -38.594 -38.211 -46.749 -46.544 -46.565 -46.979 -47.971 -39.115 -39.388 -38.846 -37.469 -36.884 -36.22 -39.226
24.363369 -50.986 -47.422 -42.227 -41.499 -41.003 -40.512 -42.093 -41.423 -41.0 -40.5 -40.034 -39.51 -41.435 -40.846 -40.237 -39.816 -39.433 -48.033 -47.828 -47.849 -48.262 -49.254 -40.337 -40.61 -40.068 -38.691 -38.106 -37.442 -40.448
25.100222 -52.312 -48.748 -43.506 -42.778 -42.282 -41.791 -43.372 -42.701 -42.278 -41.779 -41.313 -40.789 -42.713 -42.125 -41.516 -41.095 -40.711 -49.359 -49.154 -49.175 -49.588 -50.58 -41.615 -41.889 -41.346 -39.969 -39.384 -38.72 -41.726
25.859362 -53.682 -50.117 -44.839 -44.111 -43.616 -43.124 -44.705 -44.035 -43.612 -43.113 -42.646 -42.123 -44.047 -43.458 -42.849 -42.428 -42.045 -50.729 -50.523 -50.544 -50.958 -51.95 -42.949 -43.222 -42.68 -41.303 -40.718 -40.054 -43.06
26.64146 -55.095 -51.531 -46.225 -45.498 -45.002 -44.511 -46.092 -45.421 -44.998 -44.499 -44.033 -43.509 -45.433 -44.845 -44.236 -43.814 -43.431 -52.142 -51.937 -51.958 -52.371 -53.364 -44.335 -44.608 -44.066 -42.689 -42.104 -41.44 -44.446
27.447213 -56.554 -52.989 -47.664 -46.936 -46.44 -45.949 -47.53 -46.859 -46.436 -45.937 -45.471 -44.947 -46.871 -46.283 -45.674 -45.252 -44.869 -53.601 -53.396 -53.417 -53.83 -54.822 -45.773 -46.047 -45.504 -44.127 -43.542 -42.878 -45.884
28.277335 -58.059 -54.494 -49.153 -48.426 -47.93 -47.439 -49.02 -48.349 -47.926 -47.427 -46.961 -46.437 -48.361 -47.772 -47.163 -46.742 -46.359 -55.106 -54.9 -54.922 -55.335 -56.327 -47.263 -47.536 -46.994 -45.617 -45.032 -44.368 -47.374
29.132564 -59.611 -56.046 -50.695 -49.967 -49.471 -48.98 -50.561 -49.89 -49.467 -48.968 -48.502 -47.978 -49.902 -49.313 -48.704 -48.283 -47.9 -56.658 -56.453 -56.474 -56.887 -57.879 -48.804 -49.077 -48.535 -47.158 -46.573 -45.909 -48.915
30.013659 -61.212 -57.647 -52.287 -51.56 -51.064 -50.572 -52.153 -51.483 -51.06 -50.561 -50.094 -49.57 -51.495 -50.906 -50.297 -49.876 -49.492 -58.259 -58.054 -58.075 -58.488 -59.48 -50.397 -50.67 -50.128 -48.751 -48.165 -47.501 -50.508
30.921401 -62.863 -59.298 -53.932 -53.205 -52.709 -52.217 -53.799 -53.128 -52.705 -52.206 -51.739 -51.215 -53.14 -52.551 -51.942 -51.521 -51.138 -59.909 -59.704 -59.725 -60.139 -61.131 -52.042 -52.315 -51.773 -50.396 -49.81 -49.146 -52.153
31.856598 -64.565 -61.0 -55.631 -54.903 -54.407 -53.916 -55.497 -54.826 -54.403 -53.904 -53.438 -52.914 -54.838 -54.249 -53.64 -53.219 -52.836 -61.612 -61.407 -61.428 -61.841 -62.833 -53.74 -54.013 -53.471 -52.094 -51.509 -50.845 -53.851
32.820079 -66.32 -62.755 -57.383 -56.655 -56.159 -55.668 -57.249 -56.579 -56.155 -55.656 -55.19 -54.666 -56.59 -56.002 -55.393 -54.971 -54.588 -63.367 -63.162 -63.183 -63.596 -64.589 -55.492 -55.766 -55.223 -53.846 -53.261 -52.597 -55.603
33.8127 -68.13 -64.565 -59.191 -58.463 -57.967 -57.476 -59.057 -58.386 -57.963 -57.464 -56.998 -56.474 -58.398 -57.809 -57.2 -56.779 -56.396 -65.177 -64.972 -64.993 -65.406 -66.398 -57.3 -57.573 -57.031 -55.654 -55.069 -54.405 -57.411
34.835342 -69.996 -66.431 -61.055 -60.327 -59.831 -59.34 -60.921 -60.251 -59.828 -59.328 -58.862 -58.338 -60.263 -59.674 -59.065 -58.643 -58.26 -67.043 -66.837 -66.859 -67.272 -68.264 -59.164 -59.438 -58.895 -57.518 -56.933 -56.269 -59.275
35.888913 -71.919 -68.354 -62.978 -62.25 -61.754 -61.263 -62.844 -62.173 -61.75 -61.251 -60.785 -60.261 -62.185 -61.597 -60.987 -60.566 -60.183 -68.966 -68.761 -68.782 -69.196 -70.188 -61.087 -61.36 -60.818 -59.441 -58.856 -58.192 -61.198
36.974349 -73.902 -70.337 -64.96 -64.232 -63.736 -63.245 -64.826 -64.156 -63.733 -63.233 -62.767 -62.243 -64.168 -63.579 -62.97 -62.549 -62.165 -70.949 -70.744 -70.765 -71.179 -72.171 -63.069 -63.343 -62.8 -61.423 -60.838 -60.174 -63.181
38.092613 -75.947 -72.382 -67.004 -66.276 -65.78 -65.289 -66.87 -66.2 -65.777 -65.277 -64.811 -64.287 -66.212 -65.623 -65.014 -64.592 -64.209 -72.994 -72.788 -72.81 -73.223 -74.215 -65.113 -65.387 -64.844 -63.467 -62.882 -62.218 -65.224
39.244698 -78.054 -74.489 -69.111 -68.383 -67.888 -67.396 -68.977 -68.307 -67.884 -67.384 -66.918 -66.394 -68.319 -67.73 -67.121 -66.7 -66.316 -75.101 -74.896 -74.917 -75.33 -76.323 -67.221 -67.494 -66.951 -65.574 -64.989 -64.325 -67.332
40.431627 -80.227 -76.662 -71.284 -70.556 -70.06 -69.569 -71.15 -70.479 -70.056 -69.557 -69.091 -68.567 -70.491 -69.902 -69.293 -68.872 -68.489 -77.273 -77.068 -77.09 -77.503 -78.495 -69.393 -69.666 -69.124 -67.747 -67.162 -66.497 -69.504
41.654454 -82.466 -78.901 -73.523 -72.795 -72.299 -71.808 -73.389 -72.719 -72.295 -71.796 -71.33 -70.806 -72.73 -72.142 -71.533 -71.111 -70.728 -79.513 -79.308 -79.329 -79.742 -80.735 -71.632 -71.906 -71.363 -69.986 -69.401 -68.737 -71.743
42.914265 -84.775 -81.209 -75.831 -75.104 -74.608 -74.116 -75.698 -75.027 -74.604 -74.105 -73.638 -73.114 -75.039 -74.45 -73.841 -73.42 -73.036 -81.821 -81.616 -81.637 -82.051 -83.043 -73.941 -74.214 -73.672 -72.295 -71.709 -71.045 -74.052
44.212178 -87.154 -83.589 -78.211 -77.483 -76.987 -76.496 -78.077 -77.407 -76.983 -76.484 -76.018 -75.494 -77.418 -76.83 -76.221 -75.799 -75.416 -84.201 -83.996 -84.017 -84.43 -85.423 -76.32 -76.594 -76.051 -74.674 -74.089 -73.425 -76.431
45.549345 -89.607 -86.042 -80.664 -79.936 -79.44 -78.949 -80.53 -79.859 -79.436 -78.937 -78.471 -77.947 -79.871 -79.283 -78.674 -78.252 -77.869 -86.654 -86.449 -86.47 -86.883 -87.875 -78.773 -79.047 -78.504 -77.127 -76.542 -75.878 -78.884
46.926954 -92.135 -88.57 -83.192 -82.464 -81.968 -81.477 -83.058 -82.388 -81.965 -81.465 -80.999 -80.475 -82.4 -81.811 -81.202 -80.78 -80.397 -89.182 -88.977 -88.998 -89.412 -90.404 -81.301 -81.575 -81.032 -79.655 -79.07 -78.406 -81.412
48.346227 -94.741 -91.176 -85.798 -85.07 -84.574 -84.083 -85.664 -84.994 -84.571 -84.071 -83.605 -83.081 -85.006 -84.417 -83.808 -83.386 -83.003 -91.788 -91.583 -91.604 -92.018 -93.01 -83.907 -84.181 -83.638 -82.261 -81.676 -81.012 -84.018
49.808426 -97.427 -93.862 -88.484 -87.756 -87.26 -86.769 -88.35 -87.68 -87.257 -86.757 -86.291 -85.767 -87.692 -87.103 -86.494 -86.073 -85.689 -94.474 -94.269 -94.29 -94.704 -95.696 -86.593 -86.867 -86.324 -84.947 -84.362 -83.698 -86.705
51.314848 -100.196 -96.631 -91.253 -90.525 -90.029 -89.538 -91.119 -90.448 -90.025 -89.526 -89.06 -88.536 -90.46 -89.872 -89.263 -88.841 -88.458 -97.243 -97.038 -97.059 -97.472 -98.464 -89.362 -89.636 -89.093 -87.716 -87.131 -86.467 -89.473
52.86683 -103.05 -99.485 -94.106 -93.379 -92.883 -92.391 -93.973 -93.302 -92.879 -92.38 -91.913 -91.389 -93.314 -92.725 -92.116 -91.695 -91.311 -100.097 -99.892 -99.913 -100.326 -101.318 -92.216 -92.489 -91.947 -90.57 -89.984 -89.32 -92.327
54.465752 -105.991 -102.426 -97.048 -96.32 -95.824 -95.333 -96.914 -96.243 -95.82 -95.321 -94.855 -94.331 -96.255 -95.666 -95.057 -94.636 -94.253 -103.038 -102.833 -102.854 -103.267 -104.259 -95.157 -95.43 -94.888 -93.511 -92.926 -92.261 -95.268
56.113031 -109.022 -105.457 -100.079 -99.351 -98.855 -98.364 -99.945 -99.275 -98.852 -98.352 -97.886 -97.362 -99.287 -98.698 -98.089 -97.667 -97.284 -106.069 -105.864 -105.885 -106.299 -107.291 -98.188 -98.462 -97.919 -96.542 -95.957 -95.293 -98.299
57.810132 -112.147 -108.582 -103.203 -102.476 -101.98 -101.488 -103.07 -102.399 -101.976 -101.477 -101.01 -100.486 -102.411 -101.822 -101.213 -100.792 -100.409 -109.194 -108.989 -109.01 -109.423 -110.415 -101.313 -101.586 -101.044 -99.667 -99.081 -98.417 -101.424
59.55856 -115.367 -111.802 -106.424 -105.696 -105.2 -104.709 -106.29 -105.619 -105.196 -104.697 -104.231 -103.707 -105.631 -105.042 -104.433 -104.012 -103.629 -112.414 -112.209 -112.23 -112.643 -113.635 -104.533 -104.806 -104.264 -102.887 -102.302 -101.638 -104.644
61.359868 -118.686 -115.121 -109.742 -109.015 -108.519 -108.027 -109.609 -108.938 -108.515 -108.016 -107.549 -107.025 -108.95 -108.361 -107.752 -107.331 -106.948 -115.733 -115.528 -115.549 -115.962 -116.954 -107.852 -108.125 -107.583 -106.206 -105.62 -104.956 -107.963
63.215655 -122.106 -118.541 -113.163 -112.435 -111.939 -111.448 -113.029 -112.359 -111.935 -111.436 -110.97 -110.446 -112.37 -111.782 -111.173 -110.751 -110.368 -119.153 -118.948 -118.969 -119.383 -120.375 -111.272 -111.546 -111.003 -109.626 -109.041 -108.377 -111.383
65.127569 -125.631 -122.066 -116.688 -115.96 -115.464 -114.973 -116.554 -115.884 -115.461 -114.961 -114.495 -113.971 -115.896 -115.307 -114.698 -114.277 -113.893 -122.678 -122.473 -122.494 -122.908 -123.9 -114.797 -115.071 -114.528 -113.151 -112.566 -111.902 -114.908
67.097308 -129.265 -125.699 -120.321 -119.593 -119.097 -118.606 -120.187 -119.517 -119.094 -118.594 -118.128 -117.604 -119.529 -118.94 -118.331 -117.91 -117.526 -126.311 -126.106 -126.127 -126.541 -127.533 -118.431 -118.704 -118.161 -116.784 -116.199 -115.535 -118.542
69.126621 -133.009 -129.444 -124.065 -123.338 -122.842 -122.35 -123.932 -123.261 -122.838 -122.339 -121.872 -121.348 -123.273 -122.684 -122.075 -121.654 -121.271 -130.056 -129.851 -129.872 -130.285 -131.277 -122.175 -122.448 -121.906 -120.529 -119.943 -119.279 -122.286
71.217308 -136.868 -133.302 -127.924 -127.196 -126.7 -126.209 -127.79 -127.12 -126.697 -126.197 -125.731 -125.207 -127.132 -126.543 -125.934 -125.513 -125.129 -133.914 -133.709 -133.73 -134.144 -135.136 -126.033 -126.307 -125.764 -124.387 -123.802 -123.138 -126.145
73.371227 -140.844 -137.279 -131.901 -131.173 -130.677 -130.186 -131.767 -131.097 -130.673 -130.174 -129.708 -129.184 -131.108 -130.52 -129.911 -129.489 -129.106 -137.891 -137.686 -137.707 -138.121 -139.113 -130.01 -130.284 -129.741 -128.364 -127.779 -127.115 -130.121
75.59029 -144.943 -141.377 -135.999 -135.271 -134.775 -134.284 -135.865 -135.195 -134.772 -134.272 -133.806 -133.282 -135.207 -134.618 -134.009 -133.588 -133.204 -141.989 -141.784 -141.805 -142.219 -143.211 -134.109 -134.382 -133.839 -132.462 -131.877 -131.213 -134.22
77.876467 -149.166 -145.601 -140.223 -139.495 -138.999 -138.508 -140.089 -139.418 -138.995 -138.496 -138.03 -137.506 -139.43 -138.842 -138.233 -137.811 -137.428 -146.213 -146.008 -146.029 -146.442 -147.434 -138.332 -138.605 -138.063 -136.686 -136.101 -135.437 -138.443
80.231787 -153.519 -149.953 -144.575 -143.847 -143.351 -142.86 -144.441 -143.771 -143.348 -142.848 -142.382 -141.858 -143.783 -143.194 -142.585 -142.164 -141.78 -150.565 -150.36 -150.381 -150.795 -151.787 -142.685 -142.958 -142.415 -141.038 -140.453 -139.789 -142.796
82.658343 -158.004 -154.439 -149.061 -148.333 -147.837 -147.346 -148.927 -148.256 -147.833 -147.334 -146.868 -146.344 -148.268 -147.679 -147.07 -146.649 -146.266 -155.051 -154.846 -154.867 -155.28 -156.272 -147.17 -147.443 -146.901 -145.524 -144.939 -144.274 -147.281
85.158288 -162.626 -159.061 -153.683 -152.955 -152.459 -151.968 -153.549 -152.879 -152.455 -151.956 -151.49 -150.966 -152.89 -152.302 -151.693 -151.271 -150.888 -159.673 -159.468 -159.489 -159.903 -160.895 -151.792 -152.066 -151.523 -150.146 -149.561 -148.897 -151.903
87.733843 -167.39 -163.825 -158.446 -157.718 -157.223 -156.731 -158.313 -157.642 -157.219 -156.72 -156.253 -155.729 -157.654 -157.065 -156.456 -156.035 -155.651 -164.437 -164.231 -164.253 -164.666 -165.658 -156.556 -156.829 -156.287 -154.91 -154.324 -153.66 -156.667
90.387293 -172.298 -168.733 -163.355 -162.627 -162.131 -161.64 -163.221 -162.551 -162.128 -161.628 -161.162 -160.638 -162.563 -161.974 -161.365 -160.944 -160.56 -169.345 -169.14 -169.161 -169.575 -170.567 -161.464 -161.738 -161.195 -159.818 -159.233 -158.569 -161.576
93.120995 -177.357 -173.792 -168.414 -167.686 -167.19 -166.699 -168.28 -167.609 -167.186 -166.687 -166.221 -165.697 -167.621 -167.032 -166.423 -166.002 -165.619 -174.404 -174.199 -174.22 -174.633 -175.625 -166.523 -166.796 -166.254 -164.877 -164.292 -163.628 -166.634
95.937376 -182.57 -179.005 -173.626 -172.898 -172.403 -171.911 -173.493 -172.822 -172.399 -171.9 -171.433 -170.909 -172.834 -172.245 -171.636 -171.215 -170.831 -179.617 -179.411 -179.433 -179.846 -180.838 -171.736 -172.009 -171.467 -170.089 -169.504 -168.84 -171.847
98.838937 -187.941 -184.376 -178.998 -178.27 -177.774 -177.283 -178.864 -178.194 -177.771 -177.271 -176.805 -176.281 -178.206 -177.617 -177.008 -176.586 -176.203 -184.988 -184.783 -184.804 -185.218 -186.21 -177.107 -177.381 -176.838 -175.461 -174.876 -174.212 -177.218
101.828253 -193.477 -189.912 -184.534 -183.806 -183.31 -182.818 -184.4 -183.729 -183.306 -182.807 -182.34 -181.816 -183.741 -183.152 -182.543 -182.122 -181.739 -190.524 -190.319 -190.34 -190.753 -191.745 -182.643 -182.916 -182.374 -180.997 -180.411 -179.747 -182.754
104.907979 -199.181 -195.616 -190.238 -189.51 -189.014 -188.523 -190.104 -189.433 -189.01 -188.511 -188.045 -187.521 -189.445 -188.856 -188.247 -187.826 -187.443 -196.228 -196.023 -196.044 -196.457 -197.449 -188.347 -188.62 -188.078 -186.701 -186.116 -185.451 -188.458
108.080849 -205.059 -201.494 -196.115 -195.388 -194.892 -194.4 -195.982 -195.311 -194.888 -194.389 -193.922 -193.398 -195.323 -194.734 -194.125 -193.704 -193.321 -202.106 -201.901 -201.922 -202.335 -203.327 -194.225 -194.498 -193.956 -192.579 -191.993 -191.329 -194.336
111.349681 -211.116 -207.551 -202.172 -201.445 -200.949 -200.457 -202.039 -201.368 -200.945 -200.446 -199.979 -199.455 -201.38 -200.791 -200.182 -199.761 -199.377 -208.163 -207.958 -207.979 -208.392 -209.384 -200.282 -200.555 -200.013 -198.636 -198.05 -197.386 -200.393
114.717376 -217.357 -213.792 -208.414 -207.686 -207.19 -206.699 -208.28 -207.609 -207.186 -206.687 -206.221 -205.697 -207.621 -207.033 -206.424 -206.002 -205.619 -214.404 -214.199 -214.22 -214.633 -215.626 -206.523 -206.797 -206.254 -204.877 -204.292 -203.628 -206.634
118.186925 nan nan nan nan nan nan nan nan nan nan nan nan nan nan nan nan nan nan nan nan nan nan nan nan nan nan nan nan nan
121.761408 nan nan nan nan nan nan nan nan nan nan nan nan nan nan nan nan nan nan nan nan nan nan nan nan nan nan nan nan nan
125.443999 nan nan nan nan nan nan nan nan nan nan nan nan nan nan nan nan nan nan nan nan nan nan nan nan nan nan nan nan nan
129.237967 nan nan nan nan nan nan nan nan nan nan nan nan nan nan nan nan nan nan nan nan nan nan nan nan nan nan nan nan nan
133.146681 nan nan nan nan nan nan nan nan nan nan nan nan nan nan nan nan nan nan nan nan nan nan nan nan nan nan nan nan nan
137.173612 nan nan nan nan nan nan nan nan nan nan nan nan nan nan nan nan nan nan nan nan nan nan nan nan nan nan nan nan nan
141.322334 nan nan nan nan nan nan nan nan nan nan nan nan nan nan nan nan nan nan nan nan nan nan nan nan nan nan nan nan nan
145.596532 nan nan nan nan nan nan nan nan nan nan nan nan nan nan nan nan nan nan nan nan nan nan nan nan nan nan nan nan nan
150.0 nan nan nan nan nan nan nan nan nan nan nan nan nan nan nan nan nan nan nan nan nan nan nan nan nan nan nan nan nan
