# %ECSV 1.0
# ---
# datatype:
# - {name: time, datatype: float64}
# - {name: swift_uvot_uvw2, datatype: float64}
# - {name: swift_uvot_uvm2, datatype: float64}
# - {name: swift_uvot_uvw1, datatype: float64}
# - {name: swift_uvot_U, datatype: float64}
# - {name: swift_uvot_B, datatype: float64}
# - {name: swift_uvot_V, datatype: float64}
# - {name: swift_uvot_W, datatype: float64}
# - {name: johnson_U, datatype: float64}
# - {name: johnson_B, datatype: float64}
# - {name: johnson_V, datatype: float64}
# - {name: johnson_R, datatype: float64}
# - {name: johnson_I, datatype: float64}
# - {name: sdss_u, datatype: float64}
# - {name: sdss_g, datatype: float64}
# - {name: sdss_r, datatype: float64}
# - {name: sdss_i, datatype: float64}
# - {name: sdss_z, datatype: float64}
# - {name: PS1_g, datatype: float64}
# - {name: PS1_r, datatype: float64}
# - {name: PS1_i, datatype: float64}
# - {name: PS1_z, datatype: float64}
# - {name: PS1_Y, datatype: float64}
# - {name: PS1_w, datatype: float64}
# - {name: ATLAS_c, datatype: float64}
# - {name: ATLAS_o, datatype: float64}
# - {name: ukirt_J, datatype: float64}
# - {name: ukirt_H, datatype: float64}
# - {name: ukirt_K, datatype: float64}
# - {name: Clear, datatype: float64}
# meta: !!omap
# - comment: [kappa = 0.5, type = villar, mass = 0.1442699905917794, velocity = 0.4216666666666667, theta_obs = 0.0, tfloor = 2500.0]
# schema: astropy-2.0
time swift_uvot_uvw2 swift_uvot_uvm2 swift_uvot_uvw1 swift_uvot_U swift_uvot_B swift_uvot_V swift_uvot_W johnson_U johnson_B johnson_V johnson_R johnson_I sdss_u sdss_g sdss_r sdss_i sdss_z PS1_g PS1_r PS1_i PS1_z PS1_Y PS1_w ATLAS_c ATLAS_o ukirt_J ukirt_H ukirt_K Clear
0.001 -19.693 -16.183 -12.904 -12.181 -11.687 -11.197 -12.77 -12.104 -11.683 -11.185 -10.72 -10.197 -12.116 -11.53 -10.922 -10.502 -10.119 -16.745 -16.538 -16.557 -16.969 -17.959 -11.021 -11.294 -10.753 -9.378 -8.794 -8.13 -11.132
0.00103 -19.668 -16.16 -12.925 -12.202 -11.708 -11.218 -12.791 -12.126 -11.704 -11.206 -10.741 -10.218 -12.137 -11.551 -10.944 -10.523 -10.14 -16.719 -16.512 -16.531 -16.943 -17.934 -11.043 -11.315 -10.774 -9.4 -8.815 -8.151 -11.153
0.001061 -19.643 -16.138 -12.947 -12.224 -11.73 -11.24 -12.813 -12.148 -11.726 -11.228 -10.763 -10.24 -12.16 -11.573 -10.966 -10.545 -10.163 -16.695 -16.488 -16.507 -16.918 -17.909 -11.065 -11.338 -10.797 -9.422 -8.837 -8.174 -11.175
0.001094 -19.618 -16.117 -12.97 -12.247 -11.753 -11.263 -12.836 -12.171 -11.749 -11.252 -10.787 -10.264 -12.183 -11.596 -10.989 -10.569 -10.186 -16.671 -16.463 -16.482 -16.894 -17.884 -11.088 -11.361 -10.82 -9.445 -8.861 -8.197 -11.198
0.001127 -19.594 -16.096 -12.994 -12.271 -11.777 -11.288 -12.86 -12.195 -11.773 -11.276 -10.811 -10.288 -12.207 -11.62 -11.013 -10.593 -10.21 -16.647 -16.44 -16.459 -16.87 -17.86 -11.112 -11.385 -10.844 -9.469 -8.885 -8.221 -11.223
0.001161 -19.571 -16.076 -13.019 -12.296 -11.802 -11.313 -12.885 -12.22 -11.798 -11.301 -10.836 -10.313 -12.232 -11.645 -11.038 -10.618 -10.235 -16.624 -16.416 -16.435 -16.846 -17.837 -11.137 -11.41 -10.869 -9.494 -8.91 -8.246 -11.248
0.001196 -19.548 -16.057 -13.045 -12.322 -11.828 -11.339 -12.91 -12.246 -11.824 -11.327 -10.862 -10.339 -12.257 -11.671 -11.064 -10.644 -10.261 -16.601 -16.394 -16.412 -16.824 -17.814 -11.163 -11.436 -10.895 -9.52 -8.936 -8.273 -11.274
0.001232 -19.526 -16.038 -13.072 -12.348 -11.855 -11.365 -12.937 -12.272 -11.851 -11.354 -10.889 -10.366 -12.284 -11.698 -11.091 -10.671 -10.288 -16.579 -16.372 -16.39 -16.801 -17.791 -11.19 -11.463 -10.922 -9.547 -8.963 -8.299 -11.3
0.001269 -19.504 -16.02 -13.099 -12.376 -11.882 -11.393 -12.964 -12.3 -11.879 -11.381 -10.916 -10.394 -12.312 -11.726 -11.119 -10.698 -10.316 -16.558 -16.35 -16.368 -16.779 -17.769 -11.218 -11.49 -10.95 -9.575 -8.991 -8.327 -11.328
0.001308 -19.482 -16.002 -13.127 -12.404 -11.911 -11.422 -12.993 -12.328 -11.907 -11.41 -10.945 -10.422 -12.34 -11.754 -11.147 -10.727 -10.344 -16.537 -16.329 -16.347 -16.758 -17.748 -11.246 -11.519 -10.978 -9.604 -9.019 -8.356 -11.357
0.001347 -19.461 -15.986 -13.156 -12.434 -11.94 -11.451 -13.022 -12.357 -11.936 -11.439 -10.974 -10.451 -12.369 -11.783 -11.176 -10.756 -10.374 -16.516 -16.308 -16.326 -16.737 -17.727 -11.275 -11.548 -11.007 -9.633 -9.049 -8.385 -11.386
0.001388 -19.441 -15.969 -13.186 -12.463 -11.97 -11.481 -13.051 -12.387 -11.966 -11.469 -11.004 -10.482 -12.399 -11.813 -11.206 -10.786 -10.404 -16.496 -16.288 -16.306 -16.716 -17.706 -11.305 -11.578 -11.037 -9.663 -9.079 -8.415 -11.416
0.00143 -19.421 -15.954 -13.216 -12.494 -12.001 -11.511 -13.082 -12.418 -11.997 -11.5 -11.035 -10.512 -12.43 -11.844 -11.237 -10.817 -10.435 -16.476 -16.268 -16.286 -16.696 -17.686 -11.336 -11.609 -11.068 -9.694 -9.11 -8.446 -11.446
0.001473 -19.401 -15.939 -13.248 -12.525 -12.032 -11.543 -13.113 -12.449 -12.028 -11.531 -11.066 -10.544 -12.461 -11.875 -11.269 -10.848 -10.466 -16.457 -16.248 -16.266 -16.676 -17.666 -11.367 -11.64 -11.099 -9.726 -9.141 -8.478 -11.478
0.001518 -19.382 -15.925 -13.279 -12.557 -12.064 -11.575 -13.145 -12.481 -12.06 -11.563 -11.098 -10.576 -12.493 -11.907 -11.301 -10.88 -10.498 -16.438 -16.229 -16.247 -16.657 -17.646 -11.399 -11.672 -11.131 -9.758 -9.173 -8.51 -11.51
0.001564 -19.363 -15.911 -13.312 -12.59 -12.096 -11.607 -13.177 -12.514 -12.093 -11.596 -11.131 -10.608 -12.525 -11.94 -11.333 -10.913 -10.531 -16.42 -16.211 -16.228 -16.638 -17.627 -11.432 -11.705 -11.164 -9.79 -9.206 -8.543 -11.542
0.001611 -19.344 -15.899 -13.344 -12.623 -12.13 -11.641 -13.21 -12.547 -12.126 -11.629 -11.164 -10.642 -12.558 -11.973 -11.366 -10.946 -10.564 -16.402 -16.192 -16.209 -16.619 -17.608 -11.465 -11.738 -11.197 -9.824 -9.239 -8.576 -11.575
0.00166 -19.326 -15.886 -13.378 -12.656 -12.163 -11.674 -13.243 -12.58 -12.159 -11.662 -11.198 -10.675 -12.592 -12.006 -11.4 -10.98 -10.598 -16.384 -16.175 -16.191 -16.601 -17.59 -11.499 -11.771 -11.231 -9.857 -9.273 -8.61 -11.609
0.00171 -19.308 -15.874 -13.412 -12.69 -12.197 -11.708 -13.277 -12.614 -12.193 -11.696 -11.232 -10.709 -12.626 -12.04 -11.434 -11.014 -10.632 -16.367 -16.157 -16.174 -16.583 -17.572 -11.533 -11.805 -11.265 -9.891 -9.307 -8.644 -11.643
0.001761 -19.291 -15.863 -13.446 -12.724 -12.232 -11.743 -13.311 -12.648 -12.228 -11.731 -11.266 -10.744 -12.66 -12.075 -11.469 -11.049 -10.666 -16.35 -16.14 -16.156 -16.565 -17.554 -11.567 -11.84 -11.3 -9.926 -9.342 -8.679 -11.678
0.001815 -19.273 -15.853 -13.48 -12.759 -12.266 -11.778 -13.346 -12.683 -12.263 -11.766 -11.301 -10.779 -12.695 -12.11 -11.504 -11.084 -10.701 -16.333 -16.123 -16.139 -16.548 -17.537 -11.602 -11.875 -11.334 -9.961 -9.377 -8.714 -11.713
0.00187 -19.256 -15.843 -13.515 -12.794 -12.302 -11.813 -13.381 -12.718 -12.298 -11.801 -11.337 -10.814 -12.73 -12.145 -11.539 -11.119 -10.737 -16.317 -16.106 -16.122 -16.531 -17.519 -11.637 -11.91 -11.37 -9.997 -9.412 -8.749 -11.748
0.001926 -19.24 -15.833 -13.551 -12.83 -12.337 -11.848 -13.416 -12.754 -12.333 -11.837 -11.372 -10.85 -12.766 -12.18 -11.574 -11.155 -10.772 -16.301 -16.09 -16.106 -16.514 -17.502 -11.673 -11.946 -11.405 -10.032 -9.448 -8.785 -11.783
0.001984 -19.223 -15.824 -13.586 -12.865 -12.373 -11.884 -13.451 -12.789 -12.369 -11.872 -11.408 -10.886 -12.801 -12.216 -11.61 -11.19 -10.808 -16.285 -16.074 -16.089 -16.497 -17.485 -11.709 -11.981 -11.441 -10.068 -9.484 -8.821 -11.819
0.002044 -19.207 -15.816 -13.622 -12.901 -12.409 -11.92 -13.487 -12.825 -12.405 -11.909 -11.444 -10.922 -12.837 -12.252 -11.646 -11.227 -10.845 -16.27 -16.058 -16.073 -16.481 -17.469 -11.745 -12.017 -11.477 -10.104 -9.52 -8.857 -11.855
0.002106 -19.191 -15.808 -13.658 -12.938 -12.445 -11.957 -13.523 -12.862 -12.441 -11.945 -11.481 -10.959 -12.873 -12.289 -11.683 -11.263 -10.881 -16.254 -16.042 -16.057 -16.464 -17.452 -11.781 -12.054 -11.514 -10.141 -9.557 -8.894 -11.892
0.00217 -19.175 -15.801 -13.694 -12.974 -12.482 -11.993 -13.559 -12.898 -12.478 -11.981 -11.517 -10.995 -12.91 -12.325 -11.719 -11.3 -10.918 -16.239 -16.027 -16.041 -16.448 -17.436 -11.818 -12.09 -11.55 -10.178 -9.594 -8.931 -11.928
0.002236 -19.159 -15.794 -13.73 -13.01 -12.518 -12.03 -13.596 -12.935 -12.515 -12.018 -11.554 -11.032 -12.946 -12.362 -11.756 -11.336 -10.954 -16.224 -16.012 -16.026 -16.432 -17.42 -11.855 -12.127 -11.587 -10.215 -9.631 -8.967 -11.965
0.002303 -19.143 -15.787 -13.767 -13.047 -12.555 -12.067 -13.632 -12.971 -12.551 -12.055 -11.591 -11.069 -12.983 -12.399 -11.793 -11.373 -10.991 -16.209 -15.996 -16.01 -16.417 -17.404 -11.891 -12.164 -11.624 -10.252 -9.668 -9.005 -12.002
0.002373 -19.128 -15.781 -13.804 -13.084 -12.592 -12.104 -13.669 -13.008 -12.588 -12.092 -11.628 -11.106 -13.02 -12.436 -11.83 -11.411 -11.029 -16.195 -15.982 -15.995 -16.401 -17.388 -11.928 -12.201 -11.661 -10.289 -9.705 -9.042 -12.039
0.002445 -19.112 -15.776 -13.84 -13.121 -12.629 -12.141 -13.705 -13.045 -12.625 -12.129 -11.665 -11.143 -13.057 -12.473 -11.867 -11.448 -11.066 -16.18 -15.967 -15.98 -16.385 -17.372 -11.966 -12.238 -11.698 -10.326 -9.742 -9.079 -12.076
0.002519 -19.097 -15.771 -13.877 -13.158 -12.666 -12.178 -13.742 -13.082 -12.662 -12.166 -11.702 -11.181 -13.094 -12.51 -11.904 -11.485 -11.103 -16.166 -15.952 -15.965 -16.37 -17.356 -12.003 -12.275 -11.736 -10.363 -9.78 -9.117 -12.113
0.002595 -19.082 -15.767 -13.914 -13.195 -12.703 -12.215 -13.779 -13.119 -12.7 -12.204 -11.74 -11.218 -13.131 -12.547 -11.942 -11.522 -11.141 -16.152 -15.938 -15.95 -16.354 -17.34 -12.04 -12.312 -11.773 -10.401 -9.817 -9.154 -12.15
0.002673 -19.066 -15.763 -13.951 -13.232 -12.741 -12.253 -13.816 -13.156 -12.737 -12.241 -11.777 -11.256 -13.168 -12.584 -11.979 -11.56 -11.178 -16.138 -15.923 -15.935 -16.339 -17.325 -12.077 -12.35 -11.81 -10.438 -9.855 -9.192 -12.188
0.002754 -19.051 -15.76 -13.988 -13.269 -12.778 -12.29 -13.853 -13.194 -12.774 -12.278 -11.815 -11.293 -13.206 -12.622 -12.017 -11.597 -11.216 -16.124 -15.909 -15.92 -16.324 -17.309 -12.115 -12.387 -11.848 -10.476 -9.892 -9.229 -12.225
0.002837 -19.036 -15.757 -14.025 -13.307 -12.815 -12.328 -13.89 -13.231 -12.812 -12.316 -11.852 -11.331 -13.243 -12.659 -12.054 -11.635 -11.253 -16.111 -15.895 -15.905 -16.309 -17.294 -12.152 -12.424 -11.885 -10.514 -9.93 -9.267 -12.262
0.002923 -19.022 -15.754 -14.062 -13.344 -12.853 -12.365 -13.927 -13.268 -12.849 -12.353 -11.89 -11.368 -13.28 -12.696 -12.092 -11.672 -11.291 -16.097 -15.881 -15.891 -16.294 -17.278 -12.19 -12.462 -11.923 -10.551 -9.968 -9.305 -12.3
0.003012 -19.007 -15.752 -14.099 -13.381 -12.89 -12.403 -13.964 -13.305 -12.886 -12.391 -11.927 -11.406 -13.317 -12.734 -12.129 -11.71 -11.328 -16.084 -15.867 -15.876 -16.279 -17.263 -12.227 -12.499 -11.96 -10.589 -10.005 -9.342 -12.337
0.003103 -18.992 -15.751 -14.136 -13.419 -12.927 -12.44 -14.001 -13.343 -12.924 -12.428 -11.965 -11.443 -13.355 -12.771 -12.167 -11.748 -11.366 -16.071 -15.853 -15.862 -16.264 -17.247 -12.265 -12.537 -11.998 -10.627 -10.043 -9.38 -12.375
0.003196 -18.977 -15.75 -14.173 -13.456 -12.965 -12.478 -14.038 -13.38 -12.961 -12.466 -12.002 -11.481 -13.392 -12.809 -12.204 -11.785 -11.404 -16.058 -15.839 -15.847 -16.249 -17.232 -12.302 -12.574 -12.035 -10.664 -10.081 -9.418 -12.412
0.003293 -18.963 -15.75 -14.21 -13.493 -13.002 -12.515 -14.075 -13.417 -12.999 -12.503 -12.04 -11.519 -13.429 -12.846 -12.242 -11.823 -11.441 -16.045 -15.825 -15.833 -16.234 -17.217 -12.34 -12.612 -12.073 -10.702 -10.119 -9.456 -12.45
0.003393 -18.948 -15.75 -14.247 -13.53 -13.04 -12.553 -14.112 -13.455 -13.036 -12.541 -12.078 -11.556 -13.467 -12.884 -12.279 -11.86 -11.479 -16.032 -15.812 -15.819 -16.219 -17.201 -12.377 -12.649 -12.111 -10.74 -10.156 -9.494 -12.487
0.003495 -18.933 -15.751 -14.284 -13.568 -13.077 -12.59 -14.149 -13.492 -13.073 -12.578 -12.115 -11.594 -13.504 -12.921 -12.317 -11.898 -11.517 -16.019 -15.798 -15.805 -16.204 -17.186 -12.415 -12.687 -12.148 -10.778 -10.194 -9.532 -12.525
0.003601 -18.919 -15.752 -14.321 -13.605 -13.115 -12.628 -14.186 -13.529 -13.111 -12.616 -12.153 -11.632 -13.541 -12.959 -12.355 -11.936 -11.554 -16.006 -15.785 -15.791 -16.189 -17.171 -12.453 -12.724 -12.186 -10.815 -10.232 -9.569 -12.562
0.00371 -18.904 -15.754 -14.358 -13.642 -13.152 -12.665 -14.223 -13.567 -13.148 -12.654 -12.19 -11.67 -13.579 -12.996 -12.392 -11.973 -11.592 -15.994 -15.772 -15.777 -16.175 -17.156 -12.49 -12.762 -12.224 -10.853 -10.27 -9.607 -12.6
0.003822 -18.89 -15.757 -14.395 -13.68 -13.189 -12.703 -14.26 -13.604 -13.186 -12.691 -12.228 -11.707 -13.616 -13.034 -12.43 -12.011 -11.63 -15.982 -15.759 -15.763 -16.16 -17.14 -12.528 -12.799 -12.261 -10.891 -10.308 -9.645 -12.637
0.003938 -18.876 -15.76 -14.432 -13.717 -13.227 -12.74 -14.297 -13.641 -13.223 -12.729 -12.266 -11.745 -13.653 -13.071 -12.467 -12.049 -11.668 -15.97 -15.746 -15.749 -16.145 -17.125 -12.565 -12.837 -12.299 -10.929 -10.345 -9.683 -12.675
0.004057 -18.862 -15.764 -14.469 -13.754 -13.264 -12.778 -14.333 -13.679 -13.261 -12.766 -12.303 -11.783 -13.69 -13.108 -12.505 -12.086 -11.705 -15.958 -15.733 -15.735 -16.131 -17.11 -12.603 -12.874 -12.336 -10.967 -10.383 -9.721 -12.712
0.00418 -18.847 -15.768 -14.506 -13.791 -13.302 -12.815 -14.37 -13.716 -13.298 -12.804 -12.341 -11.82 -13.728 -13.146 -12.542 -12.124 -11.743 -15.946 -15.72 -15.722 -16.116 -17.095 -12.64 -12.912 -12.374 -11.004 -10.421 -9.759 -12.75
0.004306 -18.833 -15.773 -14.543 -13.829 -13.339 -12.853 -14.407 -13.753 -13.335 -12.841 -12.378 -11.858 -13.765 -13.183 -12.58 -12.162 -11.781 -15.934 -15.708 -15.708 -16.102 -17.08 -12.678 -12.949 -12.411 -11.042 -10.459 -9.797 -12.787
0.004436 -18.819 -15.778 -14.58 -13.866 -13.376 -12.89 -14.444 -13.79 -13.373 -12.879 -12.416 -11.896 -13.802 -13.221 -12.618 -12.199 -11.818 -15.923 -15.695 -15.695 -16.088 -17.065 -12.715 -12.987 -12.449 -11.08 -10.497 -9.834 -12.825
0.00457 -18.805 -15.784 -14.616 -13.903 -13.414 -12.928 -14.481 -13.828 -13.41 -12.916 -12.454 -11.933 -13.839 -13.258 -12.655 -12.237 -11.856 -15.911 -15.683 -15.682 -16.073 -17.05 -12.753 -13.024 -12.487 -11.118 -10.535 -9.872 -12.862
0.004709 -18.791 -15.79 -14.653 -13.94 -13.451 -12.965 -14.517 -13.865 -13.447 -12.954 -12.491 -11.971 -13.877 -13.295 -12.693 -12.274 -11.894 -15.9 -15.671 -15.668 -16.059 -17.035 -12.79 -13.062 -12.524 -11.155 -10.572 -9.91 -12.9
0.004851 -18.777 -15.798 -14.69 -13.977 -13.488 -13.003 -14.554 -13.902 -13.485 -12.991 -12.529 -12.009 -13.914 -13.333 -12.73 -12.312 -11.931 -15.89 -15.659 -15.655 -16.045 -17.019 -12.828 -13.099 -12.562 -11.193 -10.61 -9.948 -12.937
0.004998 -18.764 -15.805 -14.727 -14.014 -13.526 -13.04 -14.591 -13.939 -13.522 -13.028 -12.566 -12.046 -13.951 -13.37 -12.768 -12.35 -11.969 -15.879 -15.647 -15.642 -16.031 -17.004 -12.865 -13.136 -12.599 -11.231 -10.648 -9.986 -12.975
0.005149 -18.75 -15.814 -14.763 -14.052 -13.563 -13.078 -14.628 -13.976 -13.559 -13.066 -12.604 -12.084 -13.988 -13.407 -12.805 -12.387 -12.007 -15.869 -15.635 -15.629 -16.016 -16.989 -12.903 -13.174 -12.637 -11.269 -10.686 -10.024 -13.012
0.005305 -18.736 -15.823 -14.8 -14.089 -13.6 -13.115 -14.664 -14.013 -13.597 -13.103 -12.641 -12.121 -14.025 -13.445 -12.843 -12.425 -12.044 -15.858 -15.624 -15.617 -16.002 -16.975 -12.94 -13.211 -12.674 -11.306 -10.724 -10.062 -13.049
0.005465 -18.723 -15.832 -14.837 -14.126 -13.638 -13.152 -14.701 -14.05 -13.634 -13.141 -12.679 -12.159 -14.062 -13.482 -12.88 -12.462 -12.082 -15.848 -15.613 -15.604 -15.989 -16.96 -12.977 -13.249 -12.712 -11.344 -10.761 -10.099 -13.087
0.00563 -18.71 -15.843 -14.873 -14.163 -13.675 -13.19 -14.737 -14.088 -13.671 -13.178 -12.716 -12.197 -14.099 -13.519 -12.918 -12.5 -12.119 -15.839 -15.601 -15.592 -15.975 -16.945 -13.015 -13.286 -12.749 -11.382 -10.799 -10.137 -13.124
0.005801 -18.696 -15.853 -14.91 -14.2 -13.712 -13.227 -14.774 -14.125 -13.708 -13.215 -12.754 -12.234 -14.136 -13.557 -12.955 -12.537 -12.157 -15.829 -15.591 -15.579 -15.961 -16.93 -13.052 -13.323 -12.787 -11.42 -10.837 -10.175 -13.161
0.005976 -18.683 -15.865 -14.947 -14.237 -13.749 -13.265 -14.81 -14.162 -13.745 -13.253 -12.791 -12.272 -14.173 -13.594 -12.992 -12.575 -12.195 -15.82 -15.58 -15.567 -15.947 -16.915 -13.09 -13.361 -12.824 -11.457 -10.875 -10.213 -13.199
0.006157 -18.67 -15.877 -14.983 -14.274 -13.786 -13.302 -14.847 -14.199 -13.783 -13.29 -12.829 -12.309 -14.21 -13.631 -13.03 -12.613 -12.232 -15.811 -15.569 -15.555 -15.934 -16.9 -13.127 -13.398 -12.862 -11.495 -10.913 -10.251 -13.236
0.006343 -18.657 -15.889 -15.02 -14.311 -13.824 -13.339 -14.883 -14.236 -13.82 -13.328 -12.866 -12.347 -14.247 -13.668 -13.067 -12.65 -12.27 -15.802 -15.559 -15.543 -15.92 -16.885 -13.164 -13.435 -12.899 -11.533 -10.95 -10.289 -13.273
0.006535 -18.644 -15.903 -15.056 -14.348 -13.861 -13.377 -14.92 -14.273 -13.857 -13.365 -12.904 -12.385 -14.284 -13.706 -13.105 -12.688 -12.307 -15.794 -15.549 -15.531 -15.907 -16.871 -13.202 -13.473 -12.937 -11.57 -10.988 -10.326 -13.311
0.006732 -18.631 -15.916 -15.092 -14.384 -13.898 -13.414 -14.956 -14.309 -13.894 -13.402 -12.941 -12.422 -14.321 -13.743 -13.142 -12.725 -12.345 -15.786 -15.539 -15.52 -15.893 -16.856 -13.239 -13.51 -12.974 -11.608 -11.026 -10.364 -13.348
0.006936 -18.619 -15.931 -15.129 -14.421 -13.935 -13.451 -14.992 -14.346 -13.931 -13.439 -12.979 -12.46 -14.358 -13.78 -13.179 -12.763 -12.383 -15.778 -15.53 -15.509 -15.88 -16.841 -13.276 -13.547 -13.011 -11.646 -11.064 -10.402 -13.385
0.007146 -18.606 -15.946 -15.165 -14.458 -13.972 -13.488 -15.029 -14.383 -13.968 -13.477 -13.016 -12.497 -14.395 -13.817 -13.217 -12.8 -12.42 -15.771 -15.521 -15.497 -15.867 -16.826 -13.314 -13.584 -13.049 -11.683 -11.101 -10.44 -13.422
0.007362 -18.594 -15.961 -15.201 -14.495 -14.009 -13.526 -15.065 -14.42 -14.005 -13.514 -13.053 -12.535 -14.432 -13.854 -13.254 -12.837 -12.458 -15.764 -15.512 -15.486 -15.854 -16.812 -13.351 -13.621 -13.086 -11.721 -11.139 -10.478 -13.46
0.007585 -18.582 -15.977 -15.238 -14.532 -14.046 -13.563 -15.101 -14.457 -14.042 -13.551 -13.091 -12.572 -14.469 -13.891 -13.291 -12.875 -12.495 -15.757 -15.503 -15.476 -15.841 -16.797 -13.388 -13.659 -13.124 -11.759 -11.177 -10.515 -13.497
0.007814 -18.569 -15.994 -15.274 -14.569 -14.083 -13.6 -15.137 -14.494 -14.079 -13.588 -13.128 -12.61 -14.506 -13.928 -13.329 -12.912 -12.533 -15.751 -15.494 -15.465 -15.828 -16.783 -13.425 -13.696 -13.161 -11.796 -11.215 -10.553 -13.534
0.00805 -18.557 -16.011 -15.31 -14.605 -14.12 -13.637 -15.173 -14.531 -14.116 -13.626 -13.165 -12.647 -14.542 -13.965 -13.366 -12.95 -12.57 -15.745 -15.486 -15.455 -15.815 -16.768 -13.463 -13.733 -13.198 -11.834 -11.252 -10.591 -13.571
0.008294 -18.546 -16.029 -15.346 -14.642 -14.157 -13.675 -15.209 -14.567 -14.153 -13.663 -13.203 -12.685 -14.579 -14.002 -13.403 -12.987 -12.608 -15.739 -15.479 -15.445 -15.803 -16.754 -13.5 -13.77 -13.236 -11.872 -11.29 -10.629 -13.608
0.008545 -18.534 -16.047 -15.382 -14.679 -14.194 -13.712 -15.245 -14.604 -14.19 -13.7 -13.24 -12.722 -14.616 -14.039 -13.441 -13.025 -12.645 -15.734 -15.471 -15.435 -15.79 -16.739 -13.537 -13.807 -13.273 -11.909 -11.328 -10.667 -13.645
0.008803 -18.523 -16.066 -15.418 -14.715 -14.231 -13.749 -15.281 -14.641 -14.227 -13.737 -13.277 -12.76 -14.652 -14.076 -13.478 -13.062 -12.683 -15.729 -15.464 -15.425 -15.778 -16.725 -13.574 -13.844 -13.31 -11.947 -11.365 -10.704 -13.683
0.009069 -18.511 -16.085 -15.454 -14.752 -14.268 -13.786 -15.317 -14.677 -14.264 -13.774 -13.315 -12.797 -14.689 -14.113 -13.515 -13.099 -12.72 -15.724 -15.457 -15.416 -15.766 -16.711 -13.611 -13.881 -13.347 -11.985 -11.403 -10.742 -13.72
0.009344 -18.5 -16.104 -15.49 -14.788 -14.305 -13.823 -15.353 -14.714 -14.301 -13.811 -13.352 -12.835 -14.726 -14.15 -13.552 -13.137 -12.758 -15.72 -15.451 -15.407 -15.754 -16.697 -13.648 -13.918 -13.385 -12.022 -11.441 -10.78 -13.757
0.009626 -18.489 -16.125 -15.526 -14.825 -14.341 -13.86 -15.389 -14.75 -14.338 -13.848 -13.389 -12.872 -14.762 -14.187 -13.589 -13.174 -12.795 -15.717 -15.444 -15.398 -15.742 -16.682 -13.686 -13.955 -13.422 -12.06 -11.479 -10.818 -13.794
0.009917 -18.478 -16.145 -15.562 -14.861 -14.378 -13.897 -15.424 -14.787 -14.375 -13.885 -13.426 -12.909 -14.799 -14.224 -13.627 -13.211 -12.833 -15.714 -15.439 -15.389 -15.731 -16.668 -13.723 -13.992 -13.459 -12.097 -11.516 -10.856 -13.831
0.010217 -18.468 -16.166 -15.597 -14.898 -14.415 -13.934 -15.46 -14.823 -14.411 -13.922 -13.464 -12.947 -14.835 -14.261 -13.664 -13.249 -12.87 -15.711 -15.433 -15.381 -15.719 -16.654 -13.76 -14.029 -13.496 -12.135 -11.554 -10.893 -13.868
0.010526 -18.457 -16.188 -15.633 -14.934 -14.452 -13.971 -15.496 -14.86 -14.448 -13.959 -13.501 -12.984 -14.872 -14.298 -13.701 -13.286 -12.907 -15.709 -15.428 -15.373 -15.708 -16.64 -13.797 -14.066 -13.534 -12.173 -11.592 -10.931 -13.905
0.010845 -18.447 -16.21 -15.669 -14.971 -14.488 -14.008 -15.531 -14.896 -14.485 -13.996 -13.538 -13.021 -14.908 -14.335 -13.738 -13.323 -12.945 -15.707 -15.424 -15.365 -15.697 -16.626 -13.834 -14.103 -13.571 -12.21 -11.629 -10.969 -13.942
0.011173 -18.437 -16.232 -15.704 -15.007 -14.525 -14.045 -15.567 -14.933 -14.521 -14.033 -13.575 -13.059 -14.945 -14.371 -13.775 -13.36 -12.982 -15.706 -15.42 -15.358 -15.686 -16.613 -13.871 -14.14 -13.608 -12.248 -11.667 -11.007 -13.978
0.011511 -18.428 -16.255 -15.74 -15.043 -14.562 -14.082 -15.602 -14.969 -14.558 -14.07 -13.612 -13.096 -14.981 -14.408 -13.812 -13.398 -13.019 -15.705 -15.416 -15.351 -15.675 -16.599 -13.908 -14.177 -13.645 -12.285 -11.705 -11.044 -14.015
0.011859 -18.418 -16.278 -15.775 -15.079 -14.598 -14.119 -15.637 -15.005 -14.595 -14.107 -13.649 -13.133 -15.017 -14.445 -13.849 -13.435 -13.057 -15.705 -15.413 -15.345 -15.665 -16.585 -13.945 -14.214 -13.682 -12.323 -11.742 -11.082 -14.052
0.012217 -18.409 -16.301 -15.811 -15.116 -14.635 -14.156 -15.673 -15.042 -14.631 -14.144 -13.686 -13.171 -15.053 -14.481 -13.886 -13.472 -13.094 -15.705 -15.41 -15.338 -15.655 -16.572 -13.981 -14.25 -13.719 -12.36 -11.78 -11.12 -14.089
0.012587 -18.4 -16.325 -15.846 -15.152 -14.672 -14.193 -15.708 -15.078 -14.668 -14.181 -13.724 -13.208 -15.09 -14.518 -13.923 -13.509 -13.131 -15.705 -15.408 -15.332 -15.645 -16.558 -14.018 -14.287 -13.756 -12.398 -11.818 -11.158 -14.126
0.012968 -18.391 -16.349 -15.881 -15.188 -14.708 -14.23 -15.743 -15.114 -14.704 -14.218 -13.761 -13.245 -15.126 -14.555 -13.96 -13.546 -13.169 -15.707 -15.406 -15.327 -15.635 -16.545 -14.055 -14.324 -13.793 -12.435 -11.855 -11.195 -14.163
0.01336 -18.382 -16.374 -15.916 -15.224 -14.745 -14.266 -15.778 -15.15 -14.741 -14.255 -13.798 -13.282 -15.162 -14.591 -13.997 -13.583 -13.206 -15.709 -15.404 -15.322 -15.625 -16.531 -14.092 -14.361 -13.83 -12.473 -11.893 -11.233 -14.199
0.013764 -18.374 -16.399 -15.951 -15.26 -14.781 -14.303 -15.813 -15.186 -14.777 -14.291 -13.835 -13.32 -15.198 -14.628 -14.034 -13.621 -13.243 -15.711 -15.403 -15.317 -15.616 -16.518 -14.129 -14.397 -13.867 -12.51 -11.93 -11.271 -14.236
0.01418 -18.366 -16.424 -15.986 -15.296 -14.817 -14.34 -15.848 -15.222 -14.814 -14.328 -13.872 -13.357 -15.234 -14.664 -14.071 -13.658 -13.28 -15.714 -15.403 -15.313 -15.607 -16.505 -14.166 -14.434 -13.904 -12.548 -11.968 -11.308 -14.273
0.014609 -18.358 -16.449 -16.021 -15.332 -14.854 -14.376 -15.883 -15.258 -14.85 -14.365 -13.909 -13.394 -15.27 -14.701 -14.108 -13.695 -13.318 -15.717 -15.403 -15.309 -15.598 -16.492 -14.202 -14.471 -13.941 -12.585 -12.006 -11.346 -14.309
0.015051 -18.351 -16.475 -16.056 -15.368 -14.89 -14.413 -15.918 -15.294 -14.886 -14.401 -13.945 -13.431 -15.306 -14.737 -14.144 -13.732 -13.355 -15.721 -15.404 -15.305 -15.59 -16.479 -14.239 -14.507 -13.978 -12.623 -12.043 -11.384 -14.346
0.015506 -18.344 -16.501 -16.091 -15.404 -14.926 -14.45 -15.952 -15.33 -14.922 -14.438 -13.982 -13.468 -15.342 -14.774 -14.181 -13.769 -13.392 -15.726 -15.405 -15.302 -15.582 -16.467 -14.276 -14.544 -14.015 -12.66 -12.081 -11.421 -14.382
0.015975 -18.337 -16.527 -16.126 -15.439 -14.962 -14.486 -15.987 -15.366 -14.959 -14.475 -14.019 -13.505 -15.378 -14.81 -14.218 -13.806 -13.429 -15.731 -15.407 -15.3 -15.574 -16.454 -14.312 -14.58 -14.052 -12.697 -12.118 -11.459 -14.419
0.016458 -18.331 -16.554 -16.16 -15.475 -14.999 -14.523 -16.021 -15.402 -14.995 -14.511 -14.056 -13.543 -15.413 -14.846 -14.255 -13.843 -13.466 -15.737 -15.409 -15.298 -15.566 -16.441 -14.349 -14.617 -14.089 -12.735 -12.156 -11.497 -14.455
0.016956 -18.324 -16.58 -16.195 -15.511 -15.035 -14.559 -16.056 -15.437 -15.031 -14.548 -14.093 -13.58 -15.449 -14.882 -14.291 -13.88 -13.503 -15.743 -15.412 -15.296 -15.559 -16.429 -14.386 -14.653 -14.125 -12.772 -12.193 -11.534 -14.492
0.017469 -18.318 -16.607 -16.229 -15.546 -15.071 -14.596 -16.09 -15.473 -15.067 -14.584 -14.13 -13.617 -15.485 -14.919 -14.328 -13.916 -13.541 -15.75 -15.415 -15.295 -15.552 -16.417 -14.422 -14.689 -14.162 -12.81 -12.231 -11.572 -14.528
0.017997 -18.313 -16.634 -16.264 -15.582 -15.107 -14.632 -16.124 -15.509 -15.103 -14.621 -14.166 -13.654 -15.52 -14.955 -14.365 -13.953 -13.578 -15.757 -15.419 -15.294 -15.546 -16.405 -14.459 -14.726 -14.199 -12.847 -12.268 -11.61 -14.565
0.018541 -18.308 -16.661 -16.298 -15.617 -15.143 -14.669 -16.158 -15.544 -15.139 -14.657 -14.203 -13.691 -15.556 -14.991 -14.401 -13.99 -13.615 -15.766 -15.423 -15.294 -15.539 -16.393 -14.495 -14.762 -14.235 -12.884 -12.306 -11.647 -14.601
0.019102 -18.303 -16.689 -16.332 -15.653 -15.179 -14.705 -16.193 -15.58 -15.175 -14.693 -14.24 -13.728 -15.591 -15.027 -14.438 -14.027 -13.652 -15.774 -15.429 -15.295 -15.534 -16.381 -14.531 -14.798 -14.272 -12.922 -12.343 -11.685 -14.637
0.01968 -18.298 -16.716 -16.366 -15.688 -15.215 -14.741 -16.226 -15.615 -15.211 -14.73 -14.276 -13.765 -15.627 -15.063 -14.474 -14.064 -13.689 -15.783 -15.434 -15.296 -15.528 -16.369 -14.568 -14.835 -14.309 -12.959 -12.381 -11.723 -14.674
0.020275 -18.294 -16.744 -16.4 -15.723 -15.251 -14.778 -16.26 -15.65 -15.247 -14.766 -14.313 -13.802 -15.662 -15.099 -14.511 -14.101 -13.726 -15.793 -15.44 -15.297 -15.523 -16.358 -14.604 -14.871 -14.345 -12.996 -12.418 -11.76 -14.71
0.020888 -18.29 -16.772 -16.434 -15.758 -15.286 -14.814 -16.294 -15.686 -15.283 -14.802 -14.35 -13.838 -15.697 -15.135 -14.547 -14.137 -13.763 -15.804 -15.447 -15.299 -15.518 -16.347 -14.64 -14.907 -14.382 -13.033 -12.456 -11.798 -14.746
0.02152 -18.287 -16.8 -16.468 -15.793 -15.322 -14.85 -16.328 -15.721 -15.318 -14.839 -14.386 -13.875 -15.733 -15.171 -14.584 -14.174 -13.799 -15.815 -15.455 -15.302 -15.514 -16.336 -14.677 -14.943 -14.418 -13.071 -12.493 -11.835 -14.782
0.022171 -18.284 -16.828 -16.502 -15.828 -15.358 -14.886 -16.361 -15.756 -15.354 -14.875 -14.423 -13.912 -15.768 -15.207 -14.62 -14.211 -13.836 -15.826 -15.463 -15.305 -15.51 -16.325 -14.713 -14.979 -14.455 -13.108 -12.53 -11.873 -14.818
0.022841 -18.281 -16.856 -16.535 -15.863 -15.393 -14.922 -16.394 -15.791 -15.389 -14.911 -14.459 -13.949 -15.803 -15.242 -14.656 -14.247 -13.873 -15.838 -15.471 -15.308 -15.507 -16.314 -14.749 -15.015 -14.491 -13.145 -12.568 -11.911 -14.854
0.023532 -18.278 -16.884 -16.568 -15.898 -15.429 -14.959 -16.428 -15.826 -15.425 -14.947 -14.496 -13.986 -15.838 -15.278 -14.693 -14.284 -13.91 -15.851 -15.481 -15.313 -15.504 -16.304 -14.785 -15.051 -14.528 -13.182 -12.605 -11.948 -14.89
0.024244 -18.276 -16.913 -16.602 -15.933 -15.464 -14.995 -16.461 -15.861 -15.46 -14.983 -14.532 -14.022 -15.873 -15.314 -14.729 -14.321 -13.947 -15.864 -15.49 -15.317 -15.502 -16.293 -14.821 -15.087 -14.564 -13.219 -12.643 -11.986 -14.926
0.024977 -18.275 -16.941 -16.635 -15.968 -15.5 -15.03 -16.494 -15.896 -15.496 -15.019 -14.568 -14.059 -15.907 -15.349 -14.765 -14.357 -13.984 -15.878 -15.501 -15.323 -15.5 -16.283 -14.857 -15.123 -14.6 -13.257 -12.68 -12.023 -14.962
0.025733 -18.273 -16.969 -16.668 -16.002 -15.535 -15.066 -16.527 -15.931 -15.531 -15.055 -14.605 -14.096 -15.942 -15.385 -14.801 -14.394 -14.02 -15.893 -15.512 -15.329 -15.498 -16.273 -14.893 -15.158 -14.637 -13.294 -12.717 -12.061 -14.998
0.026511 -18.273 -16.998 -16.701 -16.037 -15.57 -15.102 -16.559 -15.965 -15.566 -15.091 -14.641 -14.133 -15.977 -15.42 -14.838 -14.43 -14.057 -15.908 -15.523 -15.335 -15.497 -16.264 -14.929 -15.194 -14.673 -13.331 -12.755 -12.098 -15.033
0.027313 -18.272 -17.026 -16.734 -16.071 -15.605 -15.138 -16.592 -16.0 -15.602 -15.126 -14.677 -14.169 -16.011 -15.456 -14.874 -14.466 -14.094 -15.923 -15.535 -15.343 -15.496 -16.255 -14.965 -15.23 -14.709 -13.368 -12.792 -12.136 -15.069
0.028139 -18.272 -17.055 -16.766 -16.106 -15.641 -15.174 -16.625 -16.034 -15.637 -15.162 -14.713 -14.206 -16.046 -15.491 -14.91 -14.503 -14.13 -15.939 -15.548 -15.35 -15.496 -16.245 -15.001 -15.265 -14.745 -13.405 -12.829 -12.173 -15.105
0.02899 -18.272 -17.083 -16.799 -16.14 -15.676 -15.209 -16.657 -16.069 -15.672 -15.198 -14.749 -14.242 -16.08 -15.526 -14.946 -14.539 -14.167 -15.956 -15.562 -15.359 -15.497 -16.237 -15.037 -15.301 -14.781 -13.442 -12.866 -12.211 -15.14
0.029867 -18.273 -17.112 -16.831 -16.174 -15.711 -15.245 -16.689 -16.103 -15.707 -15.234 -14.785 -14.279 -16.114 -15.561 -14.981 -14.575 -14.204 -15.973 -15.575 -15.368 -15.498 -16.228 -15.072 -15.336 -14.817 -13.479 -12.904 -12.248 -15.176
0.03077 -18.274 -17.14 -16.863 -16.208 -15.746 -15.281 -16.721 -16.137 -15.742 -15.269 -14.821 -14.315 -16.149 -15.597 -15.017 -14.612 -14.24 -15.99 -15.59 -15.377 -15.499 -16.22 -15.108 -15.372 -14.853 -13.516 -12.941 -12.286 -15.211
0.031701 -18.275 -17.169 -16.896 -16.242 -15.78 -15.316 -16.753 -16.171 -15.777 -15.305 -14.857 -14.352 -16.183 -15.632 -15.053 -14.648 -14.277 -16.008 -15.605 -15.387 -15.501 -16.212 -15.143 -15.407 -14.889 -13.553 -12.978 -12.323 -15.247
0.032659 -18.277 -17.197 -16.927 -16.276 -15.815 -15.352 -16.785 -16.205 -15.811 -15.34 -14.893 -14.388 -16.217 -15.667 -15.089 -14.684 -14.313 -16.027 -15.62 -15.398 -15.504 -16.204 -15.179 -15.442 -14.925 -13.59 -13.015 -12.36 -15.282
0.033647 -18.279 -17.225 -16.959 -16.31 -15.85 -15.387 -16.816 -16.239 -15.846 -15.375 -14.929 -14.424 -16.251 -15.701 -15.125 -14.72 -14.35 -16.046 -15.636 -15.409 -15.507 -16.197 -15.214 -15.477 -14.961 -13.627 -13.053 -12.398 -15.317
0.034665 -18.282 -17.254 -16.991 -16.343 -15.884 -15.422 -16.848 -16.273 -15.881 -15.411 -14.965 -14.461 -16.284 -15.736 -15.16 -14.756 -14.386 -16.065 -15.653 -15.421 -15.511 -16.19 -15.25 -15.513 -14.997 -13.664 -13.09 -12.435 -15.352
0.035713 -18.285 -17.282 -17.022 -16.377 -15.919 -15.457 -16.879 -16.307 -15.915 -15.446 -15.001 -14.497 -16.318 -15.771 -15.196 -14.792 -14.422 -16.085 -15.67 -15.433 -15.515 -16.183 -15.285 -15.548 -15.033 -13.7 -13.127 -12.473 -15.388
0.036793 -18.288 -17.31 -17.053 -16.41 -15.953 -15.493 -16.91 -16.34 -15.949 -15.481 -15.037 -14.533 -16.352 -15.806 -15.231 -14.828 -14.459 -16.105 -15.688 -15.446 -15.52 -16.177 -15.32 -15.583 -15.068 -13.737 -13.164 -12.51 -15.423
0.037906 -18.291 -17.338 -17.085 -16.444 -15.988 -15.528 -16.941 -16.374 -15.984 -15.516 -15.072 -14.569 -16.385 -15.84 -15.267 -14.864 -14.495 -16.126 -15.706 -15.46 -15.525 -16.171 -15.356 -15.617 -15.104 -13.774 -13.201 -12.547 -15.458
0.039052 -18.295 -17.366 -17.115 -16.477 -16.022 -15.563 -16.971 -16.407 -16.018 -15.551 -15.108 -14.606 -16.418 -15.875 -15.302 -14.9 -14.531 -16.147 -15.724 -15.474 -15.531 -16.166 -15.391 -15.652 -15.14 -13.811 -13.238 -12.585 -15.492
0.040234 -18.3 -17.394 -17.146 -16.51 -16.056 -15.598 -17.002 -16.44 -16.052 -15.586 -15.143 -14.642 -16.452 -15.909 -15.337 -14.936 -14.567 -16.168 -15.743 -15.489 -15.538 -16.16 -15.426 -15.687 -15.175 -13.848 -13.275 -12.622 -15.527
0.04145 -18.304 -17.421 -17.177 -16.543 -16.09 -15.633 -17.032 -16.473 -16.086 -15.621 -15.179 -14.678 -16.485 -15.943 -15.373 -14.972 -14.603 -16.19 -15.763 -15.504 -15.545 -16.155 -15.461 -15.722 -15.21 -13.884 -13.312 -12.659 -15.562
0.042704 -18.309 -17.449 -17.207 -16.575 -16.124 -15.667 -17.062 -16.506 -16.12 -15.656 -15.214 -14.714 -16.518 -15.978 -15.408 -15.007 -14.639 -16.212 -15.783 -15.52 -15.552 -16.151 -15.496 -15.756 -15.246 -13.921 -13.349 -12.696 -15.597
0.043996 -18.314 -17.477 -17.237 -16.608 -16.158 -15.702 -17.092 -16.539 -16.154 -15.691 -15.25 -14.75 -16.551 -16.012 -15.443 -15.043 -14.676 -16.235 -15.803 -15.536 -15.561 -16.147 -15.53 -15.791 -15.281 -13.958 -13.386 -12.734 -15.631
0.045326 -18.32 -17.504 -17.267 -16.641 -16.191 -15.737 -17.122 -16.572 -16.187 -15.725 -15.285 -14.786 -16.583 -16.046 -15.478 -15.078 -14.712 -16.257 -15.824 -15.553 -15.57 -16.143 -15.565 -15.825 -15.316 -13.994 -13.423 -12.771 -15.666
0.046697 -18.325 -17.531 -17.297 -16.673 -16.225 -15.771 -17.151 -16.604 -16.221 -15.76 -15.32 -14.821 -16.616 -16.079 -15.513 -15.114 -14.747 -16.28 -15.846 -15.571 -15.579 -16.14 -15.6 -15.859 -15.352 -14.031 -13.46 -12.808 -15.7
0.048109 -18.331 -17.558 -17.326 -16.705 -16.258 -15.806 -17.18 -16.637 -16.254 -15.794 -15.355 -14.857 -16.648 -16.113 -15.548 -15.149 -14.783 -16.304 -15.867 -15.588 -15.589 -16.137 -15.634 -15.894 -15.387 -14.067 -13.497 -12.845 -15.734
0.049564 -18.338 -17.585 -17.355 -16.737 -16.292 -15.84 -17.209 -16.669 -16.288 -15.829 -15.39 -14.893 -16.68 -16.147 -15.583 -15.185 -14.819 -16.328 -15.889 -15.607 -15.599 -16.135 -15.669 -15.928 -15.422 -14.104 -13.534 -12.882 -15.768
0.051063 -18.344 -17.611 -17.384 -16.769 -16.325 -15.874 -17.238 -16.701 -16.321 -15.863 -15.425 -14.929 -16.712 -16.18 -15.617 -15.22 -14.855 -16.352 -15.912 -15.626 -15.611 -16.133 -15.703 -15.962 -15.457 -14.14 -13.57 -12.92 -15.802
0.052608 -18.351 -17.638 -17.413 -16.801 -16.358 -15.908 -17.266 -16.733 -16.354 -15.897 -15.46 -14.964 -16.744 -16.214 -15.652 -15.255 -14.891 -16.376 -15.934 -15.645 -15.622 -16.132 -15.737 -15.995 -15.491 -14.177 -13.607 -12.957 -15.836
0.054199 -18.358 -17.664 -17.441 -16.832 -16.391 -15.942 -17.294 -16.765 -16.387 -15.931 -15.495 -15.0 -16.776 -16.247 -15.686 -15.291 -14.926 -16.4 -15.958 -15.665 -15.635 -16.131 -15.772 -16.029 -15.526 -14.213 -13.644 -12.994 -15.87
0.055838 -18.365 -17.69 -17.47 -16.864 -16.424 -15.976 -17.322 -16.797 -16.42 -15.965 -15.53 -15.035 -16.808 -16.28 -15.721 -15.326 -14.962 -16.425 -15.981 -15.685 -15.647 -16.13 -15.806 -16.063 -15.561 -14.249 -13.681 -13.031 -15.904
0.057527 -18.372 -17.716 -17.498 -16.895 -16.456 -16.01 -17.35 -16.828 -16.453 -15.999 -15.564 -15.071 -16.839 -16.313 -15.755 -15.361 -14.997 -16.45 -16.005 -15.706 -15.661 -16.13 -15.84 -16.096 -15.595 -14.286 -13.717 -13.068 -15.938
0.059267 -18.38 -17.741 -17.525 -16.926 -16.489 -16.044 -17.377 -16.859 -16.485 -16.033 -15.599 -15.106 -16.871 -16.346 -15.79 -15.396 -15.033 -16.475 -16.029 -15.727 -15.675 -16.131 -15.874 -16.13 -15.63 -14.322 -13.754 -13.105 -15.971
0.061059 -18.388 -17.766 -17.553 -16.957 -16.521 -16.078 -17.405 -16.89 -16.518 -16.066 -15.633 -15.141 -16.902 -16.379 -15.824 -15.431 -15.068 -16.5 -16.053 -15.748 -15.689 -16.132 -15.907 -16.163 -15.664 -14.358 -13.791 -13.142 -16.005
0.062906 -18.395 -17.791 -17.58 -16.988 -16.554 -16.111 -17.431 -16.921 -16.55 -16.1 -15.668 -15.176 -16.933 -16.412 -15.858 -15.465 -15.104 -16.526 -16.078 -15.77 -15.704 -16.133 -15.941 -16.196 -15.699 -14.394 -13.827 -13.179 -16.038
0.064808 -18.403 -17.816 -17.607 -17.018 -16.586 -16.144 -17.458 -16.952 -16.582 -16.133 -15.702 -15.212 -16.963 -16.444 -15.892 -15.5 -15.139 -16.551 -16.103 -15.792 -15.72 -16.136 -15.975 -16.229 -15.733 -14.43 -13.864 -13.216 -16.071
0.066769 -18.411 -17.84 -17.633 -17.048 -16.618 -16.178 -17.484 -16.983 -16.614 -16.166 -15.736 -15.247 -16.994 -16.477 -15.926 -15.535 -15.174 -16.577 -16.128 -15.815 -15.736 -16.138 -16.008 -16.262 -15.767 -14.466 -13.9 -13.253 -16.104
0.068788 -18.419 -17.864 -17.659 -17.078 -16.649 -16.211 -17.51 -17.013 -16.646 -16.2 -15.77 -15.282 -17.024 -16.509 -15.959 -15.569 -15.209 -16.603 -16.153 -15.838 -15.752 -16.141 -16.041 -16.295 -15.801 -14.502 -13.937 -13.29 -16.137
0.070868 -18.427 -17.888 -17.685 -17.108 -16.681 -16.244 -17.536 -17.043 -16.677 -16.233 -15.804 -15.317 -17.054 -16.541 -15.993 -15.604 -15.244 -16.629 -16.179 -15.861 -15.769 -16.145 -16.075 -16.328 -15.835 -14.538 -13.973 -13.327 -16.17
0.073012 -18.435 -17.911 -17.711 -17.138 -16.713 -16.277 -17.561 -17.073 -16.709 -16.266 -15.838 -15.351 -17.084 -16.573 -16.027 -15.638 -15.279 -16.655 -16.205 -15.885 -15.787 -16.149 -16.108 -16.36 -15.869 -14.574 -14.01 -13.364 -16.203
0.07522 -18.443 -17.935 -17.736 -17.167 -16.744 -16.31 -17.586 -17.103 -16.74 -16.298 -15.872 -15.386 -17.114 -16.605 -16.06 -15.672 -15.314 -16.682 -16.23 -15.909 -15.805 -16.153 -16.141 -16.393 -15.903 -14.61 -14.046 -13.4 -16.235
0.077495 -18.452 -17.957 -17.761 -17.196 -16.775 -16.342 -17.61 -17.132 -16.771 -16.331 -15.906 -15.421 -17.143 -16.636 -16.093 -15.707 -15.349 -16.708 -16.257 -15.933 -15.823 -16.159 -16.173 -16.425 -15.936 -14.646 -14.083 -13.437 -16.268
0.079839 -18.46 -17.98 -17.785 -17.225 -16.806 -16.375 -17.634 -17.162 -16.802 -16.363 -15.939 -15.455 -17.173 -16.668 -16.126 -15.741 -15.384 -16.734 -16.283 -15.957 -15.842 -16.164 -16.206 -16.457 -15.97 -14.681 -14.119 -13.474 -16.3
0.082253 -18.467 -18.002 -17.809 -17.254 -16.837 -16.407 -17.658 -17.191 -16.833 -16.396 -15.973 -15.49 -17.202 -16.699 -16.159 -15.775 -15.418 -16.761 -16.309 -15.982 -15.861 -16.171 -16.239 -16.489 -16.003 -14.717 -14.155 -13.511 -16.332
0.084741 -18.475 -18.023 -17.833 -17.282 -16.867 -16.439 -17.682 -17.219 -16.863 -16.428 -16.006 -15.524 -17.23 -16.73 -16.192 -15.808 -15.453 -16.787 -16.336 -16.007 -15.881 -16.177 -16.271 -16.521 -16.036 -14.753 -14.191 -13.547 -16.364
0.087304 -18.483 -18.044 -17.856 -17.311 -16.897 -16.471 -17.705 -17.248 -16.894 -16.46 -16.039 -15.559 -17.259 -16.761 -16.225 -15.842 -15.487 -16.813 -16.363 -16.032 -15.901 -16.185 -16.303 -16.553 -16.07 -14.788 -14.227 -13.584 -16.396
0.089944 -18.491 -18.065 -17.879 -17.338 -16.928 -16.503 -17.727 -17.276 -16.924 -16.492 -16.072 -15.593 -17.287 -16.792 -16.258 -15.876 -15.522 -16.84 -16.39 -16.058 -15.922 -16.193 -16.335 -16.584 -16.103 -14.824 -14.264 -13.621 -16.427
0.092665 -18.498 -18.085 -17.902 -17.366 -16.958 -16.535 -17.75 -17.304 -16.954 -16.524 -16.105 -15.627 -17.315 -16.822 -16.29 -15.909 -15.556 -16.866 -16.416 -16.083 -15.943 -16.201 -16.367 -16.615 -16.136 -14.859 -14.3 -13.657 -16.459
0.095467 -18.505 -18.105 -17.924 -17.393 -16.987 -16.566 -17.771 -17.332 -16.983 -16.555 -16.138 -15.661 -17.343 -16.853 -16.323 -15.943 -15.59 -16.893 -16.443 -16.109 -15.964 -16.21 -16.399 -16.646 -16.168 -14.895 -14.336 -13.694 -16.49
0.098355 -18.512 -18.125 -17.946 -17.42 -17.017 -16.598 -17.793 -17.359 -17.013 -16.587 -16.171 -15.695 -17.37 -16.883 -16.355 -15.976 -15.624 -16.919 -16.471 -16.135 -15.985 -16.219 -16.431 -16.677 -16.201 -14.93 -14.372 -13.73 -16.521
0.101329 -18.519 -18.143 -17.967 -17.447 -17.046 -16.629 -17.814 -17.387 -17.042 -16.618 -16.204 -15.729 -17.397 -16.913 -16.387 -16.009 -15.658 -16.946 -16.498 -16.161 -16.007 -16.229 -16.462 -16.708 -16.233 -14.965 -14.407 -13.767 -16.552
0.104394 -18.525 -18.162 -17.988 -17.474 -17.075 -16.66 -17.834 -17.413 -17.071 -16.649 -16.236 -15.762 -17.424 -16.942 -16.419 -16.042 -15.692 -16.972 -16.525 -16.188 -16.03 -16.24 -16.493 -16.738 -16.266 -15.0 -14.443 -13.803 -16.583
0.107551 -18.532 -18.18 -18.008 -17.5 -17.104 -16.691 -17.854 -17.44 -17.1 -16.68 -16.268 -15.796 -17.451 -16.972 -16.451 -16.075 -15.726 -16.998 -16.552 -16.214 -16.052 -16.251 -16.524 -16.769 -16.298 -15.035 -14.479 -13.84 -16.613
0.110804 -18.538 -18.197 -18.028 -17.526 -17.132 -16.721 -17.873 -17.466 -17.129 -16.71 -16.3 -15.83 -17.477 -17.001 -16.482 -16.108 -15.76 -17.024 -16.579 -16.241 -16.075 -16.262 -16.555 -16.799 -16.33 -15.07 -14.515 -13.876 -16.644
0.114155 -18.543 -18.214 -18.047 -17.551 -17.161 -16.752 -17.892 -17.492 -17.157 -16.741 -16.332 -15.863 -17.503 -17.03 -16.514 -16.141 -15.793 -17.051 -16.607 -16.268 -16.098 -16.274 -16.586 -16.829 -16.362 -15.105 -14.551 -13.912 -16.674
0.117608 -18.548 -18.23 -18.066 -17.576 -17.189 -16.782 -17.911 -17.518 -17.185 -16.771 -16.364 -15.896 -17.528 -17.059 -16.545 -16.173 -15.827 -17.077 -16.634 -16.295 -16.122 -16.287 -16.617 -16.859 -16.393 -15.14 -14.586 -13.949 -16.704
0.121165 -18.553 -18.246 -18.084 -17.601 -17.216 -16.812 -17.929 -17.543 -17.213 -16.801 -16.396 -15.929 -17.553 -17.087 -16.576 -16.206 -15.86 -17.102 -16.661 -16.322 -16.145 -16.3 -16.647 -16.888 -16.425 -15.175 -14.622 -13.985 -16.733
0.124829 -18.557 -18.26 -18.101 -17.625 -17.244 -16.842 -17.946 -17.568 -17.24 -16.831 -16.427 -15.962 -17.578 -17.115 -16.607 -16.238 -15.893 -17.128 -16.688 -16.349 -16.169 -16.313 -16.677 -16.917 -16.456 -15.21 -14.657 -14.021 -16.763
0.128605 -18.561 -18.275 -18.118 -17.649 -17.271 -16.872 -17.963 -17.592 -17.267 -16.861 -16.459 -15.995 -17.603 -17.143 -16.637 -16.27 -15.927 -17.154 -16.716 -16.376 -16.193 -16.327 -16.707 -16.946 -16.488 -15.244 -14.693 -14.057 -16.792
0.132494 -18.564 -18.288 -18.135 -17.673 -17.298 -16.901 -17.979 -17.617 -17.294 -16.89 -16.49 -16.028 -17.627 -17.171 -16.668 -16.302 -15.959 -17.179 -16.743 -16.403 -16.218 -16.342 -16.737 -16.975 -16.519 -15.279 -14.728 -14.094 -16.821
0.136502 -18.567 -18.301 -18.151 -17.696 -17.324 -16.93 -17.995 -17.64 -17.321 -16.919 -16.521 -16.06 -17.651 -17.198 -16.698 -16.334 -15.992 -17.205 -16.77 -16.43 -16.242 -16.356 -16.766 -17.004 -16.549 -15.313 -14.763 -14.13 -16.85
0.14063 -18.569 -18.314 -18.166 -17.719 -17.351 -16.959 -18.01 -17.664 -17.347 -16.948 -16.551 -16.093 -17.674 -17.226 -16.728 -16.365 -16.025 -17.23 -16.797 -16.457 -16.267 -16.372 -16.796 -17.032 -16.58 -15.348 -14.799 -14.166 -16.879
0.144883 -18.57 -18.325 -18.18 -17.741 -17.377 -16.988 -18.025 -17.687 -17.373 -16.977 -16.582 -16.125 -17.697 -17.252 -16.758 -16.397 -16.058 -17.255 -16.824 -16.484 -16.292 -16.387 -16.825 -17.06 -16.61 -15.382 -14.834 -14.202 -16.907
0.149265 -18.571 -18.336 -18.194 -17.763 -17.402 -17.016 -18.038 -17.709 -17.398 -17.005 -16.612 -16.157 -17.719 -17.279 -16.788 -16.428 -16.09 -17.279 -16.85 -16.512 -16.317 -16.403 -16.853 -17.087 -16.641 -15.416 -14.869 -14.238 -16.935
0.15378 -18.571 -18.346 -18.207 -17.785 -17.427 -17.044 -18.052 -17.731 -17.424 -17.033 -16.642 -16.189 -17.741 -17.305 -16.817 -16.459 -16.122 -17.304 -16.877 -16.539 -16.342 -16.42 -16.882 -17.115 -16.671 -15.45 -14.904 -14.273 -16.963
0.15843 -18.571 -18.355 -18.22 -17.806 -17.452 -17.072 -18.064 -17.753 -17.449 -17.061 -16.672 -16.221 -17.763 -17.331 -16.846 -16.49 -16.154 -17.328 -16.904 -16.566 -16.367 -16.437 -16.91 -17.142 -16.701 -15.484 -14.939 -14.309 -16.99
0.163222 -18.569 -18.364 -18.232 -17.826 -17.477 -17.1 -18.076 -17.774 -17.473 -17.089 -16.702 -16.253 -17.784 -17.357 -16.875 -16.52 -16.186 -17.352 -16.93 -16.593 -16.393 -16.454 -16.938 -17.169 -16.73 -15.518 -14.974 -14.345 -17.018
0.168159 -18.567 -18.371 -18.243 -17.846 -17.501 -17.127 -18.087 -17.795 -17.497 -17.116 -16.732 -16.284 -17.805 -17.382 -16.904 -16.551 -16.218 -17.376 -16.957 -16.62 -16.418 -16.471 -16.966 -17.195 -16.76 -15.551 -15.009 -14.381 -17.044
0.173245 -18.564 -18.378 -18.253 -17.866 -17.525 -17.154 -18.097 -17.815 -17.521 -17.143 -16.761 -16.316 -17.825 -17.407 -16.932 -16.581 -16.25 -17.4 -16.983 -16.647 -16.444 -16.489 -16.993 -17.222 -16.789 -15.585 -15.043 -14.416 -17.071
0.178484 -18.561 -18.384 -18.262 -17.885 -17.548 -17.181 -18.107 -17.835 -17.544 -17.17 -16.79 -16.347 -17.845 -17.431 -16.96 -16.611 -16.281 -17.423 -17.009 -16.674 -16.469 -16.507 -17.021 -17.248 -16.818 -15.619 -15.078 -14.452 -17.097
0.183882 -18.556 -18.389 -18.271 -17.903 -17.571 -17.207 -18.116 -17.854 -17.567 -17.197 -16.819 -16.378 -17.864 -17.455 -16.988 -16.641 -16.313 -17.446 -17.035 -16.701 -16.495 -16.526 -17.048 -17.273 -16.846 -15.652 -15.113 -14.487 -17.123
0.189444 -18.55 -18.393 -18.279 -17.921 -17.594 -17.233 -18.124 -17.873 -17.59 -17.223 -16.847 -16.409 -17.882 -17.479 -17.016 -16.671 -16.344 -17.469 -17.06 -16.728 -16.521 -16.545 -17.074 -17.299 -16.875 -15.685 -15.147 -14.523 -17.149
0.195173 -18.544 -18.396 -18.286 -17.938 -17.616 -17.259 -18.132 -17.891 -17.612 -17.248 -16.876 -16.439 -17.9 -17.502 -17.043 -16.7 -16.375 -17.491 -17.086 -16.755 -16.547 -16.564 -17.1 -17.323 -16.903 -15.718 -15.181 -14.558 -17.175
0.201076 -18.536 -18.397 -18.292 -17.955 -17.638 -17.284 -18.138 -17.909 -17.634 -17.274 -16.904 -16.47 -17.918 -17.525 -17.07 -16.729 -16.405 -17.513 -17.111 -16.782 -16.572 -16.583 -17.126 -17.348 -16.931 -15.751 -15.216 -14.594 -17.2
0.207158 -18.528 -18.398 -18.297 -17.971 -17.659 -17.309 -18.144 -17.926 -17.655 -17.299 -16.931 -16.5 -17.935 -17.548 -17.097 -16.758 -16.436 -17.535 -17.136 -16.808 -16.598 -16.603 -17.152 -17.372 -16.958 -15.784 -15.25 -14.629 -17.224
0.213423 -18.518 -18.398 -18.301 -17.987 -17.679 -17.334 -18.149 -17.942 -17.676 -17.324 -16.959 -16.53 -17.951 -17.57 -17.124 -16.787 -16.466 -17.556 -17.161 -16.835 -16.624 -16.623 -17.177 -17.396 -16.986 -15.817 -15.284 -14.664 -17.249
0.219878 -18.507 -18.397 -18.304 -18.001 -17.7 -17.358 -18.153 -17.958 -17.696 -17.348 -16.986 -16.559 -17.967 -17.591 -17.15 -16.816 -16.496 -17.577 -17.186 -16.861 -16.649 -16.643 -17.202 -17.419 -17.013 -15.85 -15.318 -14.699 -17.273
0.226528 -18.495 -18.394 -18.306 -18.016 -17.719 -17.382 -18.156 -17.973 -17.716 -17.372 -17.013 -16.589 -17.982 -17.613 -17.176 -16.844 -16.526 -17.598 -17.21 -16.887 -16.675 -16.663 -17.227 -17.442 -17.039 -15.882 -15.352 -14.734 -17.296
0.233379 -18.482 -18.39 -18.308 -18.029 -17.739 -17.406 -18.158 -17.987 -17.735 -17.396 -17.04 -16.618 -17.996 -17.633 -17.201 -16.872 -16.556 -17.618 -17.234 -16.913 -16.701 -16.683 -17.251 -17.465 -17.066 -15.914 -15.386 -14.769 -17.319
0.240437 -18.467 -18.385 -18.308 -18.042 -17.757 -17.429 -18.16 -18.001 -17.754 -17.419 -17.066 -16.647 -18.01 -17.653 -17.226 -16.899 -16.586 -17.638 -17.258 -16.938 -16.726 -16.704 -17.275 -17.487 -17.092 -15.947 -15.419 -14.804 -17.342
0.247709 -18.452 -18.379 -18.307 -18.054 -17.776 -17.452 -18.16 -18.014 -17.772 -17.442 -17.092 -16.676 -18.023 -17.673 -17.251 -16.927 -16.615 -17.657 -17.281 -16.964 -16.752 -16.725 -17.299 -17.509 -17.118 -15.979 -15.453 -14.839 -17.364
0.255201 -18.434 -18.372 -18.305 -18.065 -17.793 -17.474 -18.159 -18.026 -17.789 -17.464 -17.118 -16.705 -18.035 -17.692 -17.276 -16.954 -16.644 -17.676 -17.304 -16.989 -16.777 -16.746 -17.322 -17.53 -17.143 -16.011 -15.486 -14.874 -17.386
0.262919 -18.416 -18.363 -18.301 -18.075 -17.81 -17.496 -18.158 -18.038 -17.806 -17.486 -17.143 -16.733 -18.046 -17.711 -17.3 -16.981 -16.673 -17.694 -17.327 -17.014 -16.802 -16.767 -17.345 -17.551 -17.168 -16.042 -15.52 -14.908 -17.408
0.270871 -18.396 -18.352 -18.297 -18.085 -17.826 -17.518 -18.155 -18.049 -17.823 -17.508 -17.168 -16.761 -18.057 -17.729 -17.323 -17.007 -16.701 -17.712 -17.35 -17.039 -16.828 -16.788 -17.367 -17.571 -17.193 -16.074 -15.553 -14.943 -17.429
0.279064 -18.374 -18.341 -18.291 -18.094 -17.842 -17.538 -18.152 -18.059 -17.839 -17.529 -17.193 -16.789 -18.067 -17.747 -17.346 -17.033 -16.73 -17.73 -17.372 -17.064 -16.853 -16.809 -17.389 -17.591 -17.217 -16.105 -15.586 -14.977 -17.45
0.287504 -18.351 -18.327 -18.285 -18.102 -17.857 -17.559 -18.147 -18.068 -17.854 -17.549 -17.217 -16.817 -18.076 -17.763 -17.369 -17.059 -16.758 -17.747 -17.394 -17.088 -16.878 -16.83 -17.41 -17.61 -17.241 -16.136 -15.619 -15.012 -17.47
0.296199 -18.327 -18.313 -18.276 -18.109 -17.872 -17.579 -18.142 -18.076 -17.868 -17.569 -17.241 -16.844 -18.084 -17.78 -17.392 -17.085 -16.786 -17.763 -17.415 -17.113 -16.902 -16.851 -17.431 -17.629 -17.265 -16.167 -15.652 -15.046 -17.489
0.305157 -18.3 -18.296 -18.267 -18.115 -17.886 -17.598 -18.135 -18.084 -17.882 -17.589 -17.264 -16.871 -18.091 -17.795 -17.414 -17.11 -16.813 -17.779 -17.436 -17.136 -16.927 -16.873 -17.452 -17.647 -17.288 -16.198 -15.684 -15.08 -17.508
0.314387 -18.272 -18.278 -18.256 -18.12 -17.899 -17.617 -18.127 -18.091 -17.895 -17.608 -17.287 -16.898 -18.098 -17.811 -17.435 -17.135 -16.84 -17.794 -17.457 -17.16 -16.951 -16.894 -17.472 -17.665 -17.311 -16.229 -15.717 -15.114 -17.527
0.323895 -18.243 -18.259 -18.244 -18.125 -17.911 -17.636 -18.118 -18.096 -17.907 -17.626 -17.31 -16.924 -18.103 -17.825 -17.456 -17.159 -16.867 -17.808 -17.477 -17.183 -16.975 -16.916 -17.491 -17.682 -17.333 -16.259 -15.749 -15.148 -17.545
0.333691 -18.211 -18.238 -18.23 -18.128 -17.923 -17.654 -18.108 -18.101 -17.919 -17.644 -17.332 -16.95 -18.108 -17.839 -17.477 -17.183 -16.894 -17.822 -17.497 -17.206 -16.999 -16.937 -17.51 -17.698 -17.355 -16.29 -15.781 -15.182 -17.563
0.343783 -18.178 -18.215 -18.215 -18.13 -17.933 -17.671 -18.097 -18.105 -17.93 -17.662 -17.354 -16.976 -18.111 -17.852 -17.497 -17.207 -16.92 -17.836 -17.516 -17.229 -17.023 -16.958 -17.529 -17.714 -17.377 -16.32 -15.814 -15.216 -17.58
0.354181 -18.143 -18.19 -18.198 -18.131 -17.943 -17.688 -18.085 -18.107 -17.94 -17.679 -17.375 -17.001 -18.114 -17.864 -17.517 -17.23 -16.946 -17.848 -17.535 -17.251 -17.047 -16.979 -17.546 -17.729 -17.398 -16.35 -15.845 -15.25 -17.596
0.364893 -18.105 -18.163 -18.18 -18.132 -17.953 -17.704 -18.071 -18.109 -17.949 -17.695 -17.396 -17.026 -18.115 -17.876 -17.536 -17.253 -16.972 -17.86 -17.553 -17.273 -17.07 -17.001 -17.564 -17.744 -17.418 -16.379 -15.877 -15.283 -17.612
0.375929 -18.066 -18.135 -18.16 -18.13 -17.961 -17.719 -18.056 -18.11 -17.958 -17.71 -17.416 -17.051 -18.116 -17.886 -17.554 -17.276 -16.997 -17.871 -17.571 -17.295 -17.093 -17.022 -17.581 -17.758 -17.439 -16.409 -15.909 -15.317 -17.627
0.387298 -18.025 -18.104 -18.139 -18.128 -17.969 -17.734 -18.041 -18.109 -17.965 -17.725 -17.436 -17.075 -18.115 -17.896 -17.572 -17.298 -17.022 -17.882 -17.588 -17.316 -17.116 -17.043 -17.597 -17.771 -17.458 -16.438 -15.94 -15.35 -17.642
0.399012 -17.982 -18.071 -18.115 -18.125 -17.975 -17.748 -18.023 -18.108 -17.972 -17.739 -17.456 -17.099 -18.113 -17.906 -17.59 -17.32 -17.047 -17.892 -17.605 -17.336 -17.138 -17.064 -17.612 -17.784 -17.477 -16.467 -15.972 -15.383 -17.656
0.41108 -17.936 -18.037 -18.09 -18.12 -17.981 -17.761 -18.005 -18.105 -17.978 -17.753 -17.475 -17.123 -18.11 -17.914 -17.606 -17.341 -17.071 -17.901 -17.621 -17.357 -17.16 -17.084 -17.627 -17.795 -17.496 -16.495 -16.003 -15.417 -17.669
0.423513 -17.888 -18.0 -18.064 -18.114 -17.986 -17.774 -17.986 -18.101 -17.982 -17.766 -17.493 -17.146 -18.106 -17.921 -17.623 -17.361 -17.095 -17.909 -17.637 -17.377 -17.182 -17.105 -17.642 -17.806 -17.514 -16.524 -16.034 -15.449 -17.682
0.436321 -17.838 -17.961 -18.035 -18.107 -17.989 -17.786 -17.965 -18.095 -17.986 -17.778 -17.511 -17.169 -18.1 -17.928 -17.638 -17.382 -17.118 -17.916 -17.652 -17.396 -17.204 -17.125 -17.655 -17.817 -17.531 -16.552 -16.064 -15.482 -17.694
0.449518 -17.786 -17.92 -18.005 -18.099 -17.992 -17.797 -17.943 -18.089 -17.989 -17.789 -17.528 -17.191 -18.093 -17.934 -17.653 -17.401 -17.141 -17.923 -17.667 -17.415 -17.225 -17.146 -17.668 -17.826 -17.548 -16.58 -16.095 -15.515 -17.705
0.463113 -17.731 -17.876 -17.973 -18.089 -17.994 -17.808 -17.919 -18.081 -17.991 -17.8 -17.544 -17.213 -18.085 -17.938 -17.668 -17.42 -17.164 -17.928 -17.68 -17.434 -17.246 -17.166 -17.681 -17.835 -17.564 -16.608 -16.125 -15.548 -17.715
0.47712 -17.674 -17.83 -17.938 -18.077 -17.995 -17.817 -17.894 -18.072 -17.991 -17.81 -17.56 -17.234 -18.075 -17.942 -17.681 -17.439 -17.186 -17.933 -17.694 -17.452 -17.266 -17.186 -17.692 -17.843 -17.58 -16.635 -16.156 -15.58 -17.725
0.49155 -17.615 -17.782 -17.902 -18.064 -17.994 -17.826 -17.868 -18.061 -17.991 -17.818 -17.576 -17.255 -18.064 -17.945 -17.694 -17.457 -17.208 -17.937 -17.706 -17.469 -17.286 -17.205 -17.703 -17.85 -17.595 -16.662 -16.185 -15.612 -17.734
0.506416 -17.552 -17.731 -17.864 -18.05 -17.992 -17.834 -17.841 -18.049 -17.989 -17.827 -17.591 -17.276 -18.052 -17.947 -17.706 -17.475 -17.229 -17.939 -17.718 -17.486 -17.306 -17.224 -17.713 -17.856 -17.609 -16.689 -16.215 -15.645 -17.742
0.521733 -17.488 -17.677 -17.823 -18.034 -17.99 -17.841 -17.812 -18.035 -17.987 -17.834 -17.605 -17.296 -18.038 -17.947 -17.718 -17.492 -17.25 -17.941 -17.729 -17.503 -17.325 -17.244 -17.723 -17.861 -17.623 -16.716 -16.245 -15.677 -17.75
0.537512 -17.42 -17.621 -17.781 -18.016 -17.986 -17.847 -17.782 -18.02 -17.983 -17.84 -17.618 -17.316 -18.022 -17.947 -17.728 -17.508 -17.271 -17.942 -17.739 -17.519 -17.343 -17.262 -17.731 -17.865 -17.636 -16.742 -16.274 -15.709 -17.756
0.553769 -17.35 -17.562 -17.736 -17.997 -17.98 -17.853 -17.751 -18.003 -17.978 -17.846 -17.631 -17.335 -18.005 -17.945 -17.738 -17.524 -17.291 -17.941 -17.749 -17.534 -17.362 -17.281 -17.739 -17.868 -17.648 -16.768 -16.303 -15.74 -17.762
0.570517 -17.277 -17.501 -17.689 -17.976 -17.974 -17.857 -17.718 -17.985 -17.971 -17.85 -17.643 -17.353 -17.986 -17.942 -17.747 -17.539 -17.31 -17.94 -17.757 -17.549 -17.38 -17.299 -17.746 -17.87 -17.659 -16.793 -16.332 -15.772 -17.767
0.587772 -17.201 -17.436 -17.64 -17.953 -17.966 -17.86 -17.684 -17.964 -17.963 -17.853 -17.654 -17.371 -17.965 -17.938 -17.755 -17.553 -17.329 -17.937 -17.765 -17.563 -17.397 -17.317 -17.752 -17.871 -17.67 -16.818 -16.361 -15.803 -17.771
0.605549 -17.123 -17.369 -17.588 -17.929 -17.957 -17.862 -17.649 -17.943 -17.954 -17.856 -17.664 -17.388 -17.943 -17.933 -17.763 -17.567 -17.347 -17.933 -17.772 -17.576 -17.414 -17.334 -17.757 -17.871 -17.68 -16.843 -16.389 -15.834 -17.774
0.623863 -17.041 -17.299 -17.534 -17.903 -17.946 -17.864 -17.612 -17.919 -17.944 -17.857 -17.674 -17.405 -17.919 -17.927 -17.769 -17.58 -17.365 -17.928 -17.778 -17.589 -17.43 -17.351 -17.761 -17.87 -17.689 -16.868 -16.417 -15.865 -17.776
0.642731 -16.957 -17.225 -17.477 -17.874 -17.934 -17.864 -17.574 -17.894 -17.932 -17.858 -17.683 -17.421 -17.893 -17.919 -17.775 -17.592 -17.382 -17.922 -17.784 -17.601 -17.446 -17.368 -17.764 -17.868 -17.697 -16.892 -16.445 -15.896 -17.777
0.66217 -16.869 -17.149 -17.418 -17.844 -17.92 -17.863 -17.534 -17.866 -17.918 -17.857 -17.691 -17.437 -17.865 -17.91 -17.779 -17.604 -17.399 -17.915 -17.788 -17.612 -17.461 -17.384 -17.767 -17.865 -17.705 -16.916 -16.472 -15.927 -17.777
0.682197 -16.779 -17.069 -17.356 -17.812 -17.905 -17.86 -17.493 -17.837 -17.903 -17.855 -17.698 -17.452 -17.835 -17.899 -17.783 -17.615 -17.415 -17.906 -17.791 -17.623 -17.475 -17.4 -17.768 -17.86 -17.711 -16.939 -16.5 -15.957 -17.777
0.70283 -16.685 -16.986 -17.291 -17.777 -17.889 -17.857 -17.45 -17.806 -17.887 -17.852 -17.704 -17.466 -17.803 -17.887 -17.785 -17.625 -17.43 -17.895 -17.794 -17.633 -17.489 -17.415 -17.768 -17.855 -17.717 -16.962 -16.527 -15.988 -17.775
0.724086 -16.589 -16.899 -17.224 -17.741 -17.87 -17.852 -17.406 -17.772 -17.869 -17.847 -17.71 -17.48 -17.769 -17.874 -17.787 -17.634 -17.445 -17.884 -17.795 -17.642 -17.502 -17.43 -17.767 -17.848 -17.722 -16.984 -16.553 -16.018 -17.772
0.745986 -16.489 -16.809 -17.154 -17.702 -17.85 -17.846 -17.361 -17.737 -17.849 -17.842 -17.714 -17.493 -17.733 -17.859 -17.787 -17.642 -17.459 -17.871 -17.796 -17.65 -17.515 -17.444 -17.766 -17.839 -17.725 -17.007 -16.58 -16.048 -17.768
0.768548 -16.386 -16.716 -17.082 -17.661 -17.828 -17.839 -17.314 -17.699 -17.827 -17.835 -17.717 -17.505 -17.694 -17.842 -17.787 -17.65 -17.472 -17.856 -17.795 -17.658 -17.527 -17.458 -17.763 -17.83 -17.728 -17.028 -16.606 -16.077 -17.763
0.791792 -16.279 -16.619 -17.006 -17.618 -17.805 -17.831 -17.266 -17.659 -17.804 -17.826 -17.72 -17.516 -17.654 -17.824 -17.785 -17.656 -17.485 -17.84 -17.793 -17.664 -17.538 -17.471 -17.759 -17.819 -17.73 -17.049 -16.632 -16.107 -17.756
0.815739 -16.17 -16.518 -16.927 -17.572 -17.78 -17.821 -17.216 -17.617 -17.779 -17.817 -17.721 -17.527 -17.611 -17.804 -17.782 -17.662 -17.497 -17.822 -17.79 -17.67 -17.549 -17.484 -17.753 -17.806 -17.731 -17.07 -16.657 -16.136 -17.749
0.840411 -16.057 -16.414 -16.846 -17.524 -17.752 -17.809 -17.165 -17.573 -17.752 -17.806 -17.721 -17.537 -17.565 -17.783 -17.778 -17.667 -17.508 -17.803 -17.786 -17.675 -17.559 -17.496 -17.747 -17.792 -17.73 -17.091 -16.682 -16.165 -17.74
0.865828 -15.941 -16.305 -16.761 -17.473 -17.723 -17.796 -17.113 -17.526 -17.723 -17.793 -17.721 -17.546 -17.518 -17.76 -17.772 -17.671 -17.519 -17.782 -17.78 -17.678 -17.568 -17.508 -17.739 -17.777 -17.729 -17.11 -16.707 -16.194 -17.731
0.892015 -15.821 -16.193 -16.673 -17.42 -17.692 -17.782 -17.058 -17.477 -17.692 -17.779 -17.719 -17.554 -17.467 -17.735 -17.766 -17.674 -17.528 -17.76 -17.773 -17.681 -17.576 -17.519 -17.73 -17.76 -17.726 -17.13 -16.732 -16.223 -17.72
0.918993 -15.699 -16.077 -16.582 -17.364 -17.659 -17.766 -17.003 -17.425 -17.659 -17.764 -17.716 -17.562 -17.414 -17.708 -17.757 -17.675 -17.537 -17.735 -17.765 -17.683 -17.583 -17.529 -17.72 -17.741 -17.722 -17.148 -16.756 -16.251 -17.707
0.946787 -15.573 -15.956 -16.488 -17.306 -17.624 -17.749 -16.946 -17.37 -17.624 -17.747 -17.712 -17.568 -17.359 -17.679 -17.748 -17.676 -17.545 -17.709 -17.756 -17.684 -17.59 -17.538 -17.709 -17.721 -17.717 -17.167 -16.779 -16.279 -17.694
0.975422 -15.444 -15.831 -16.391 -17.244 -17.586 -17.729 -16.887 -17.313 -17.587 -17.728 -17.706 -17.574 -17.3 -17.648 -17.737 -17.676 -17.552 -17.681 -17.745 -17.684 -17.596 -17.547 -17.696 -17.7 -17.711 -17.184 -16.803 -16.307 -17.679
1.004923 -15.311 -15.702 -16.29 -17.18 -17.547 -17.708 -16.827 -17.253 -17.548 -17.708 -17.699 -17.579 -17.239 -17.616 -17.725 -17.674 -17.559 -17.651 -17.733 -17.682 -17.601 -17.555 -17.682 -17.676 -17.703 -17.202 -16.826 -16.335 -17.663
1.035317 -15.176 -15.569 -16.186 -17.113 -17.505 -17.686 -16.765 -17.191 -17.506 -17.685 -17.691 -17.582 -17.175 -17.581 -17.711 -17.672 -17.564 -17.619 -17.719 -17.68 -17.604 -17.563 -17.666 -17.651 -17.695 -17.218 -16.848 -16.362 -17.645
1.066629 -15.037 -15.431 -16.078 -17.043 -17.46 -17.661 -16.702 -17.125 -17.462 -17.662 -17.682 -17.585 -17.109 -17.544 -17.696 -17.668 -17.569 -17.585 -17.704 -17.676 -17.607 -17.569 -17.649 -17.624 -17.684 -17.234 -16.87 -16.389 -17.626
1.098888 -14.896 -15.289 -15.967 -16.969 -17.414 -17.635 -16.637 -17.056 -17.416 -17.636 -17.671 -17.587 -17.039 -17.505 -17.679 -17.663 -17.572 -17.549 -17.688 -17.671 -17.609 -17.575 -17.631 -17.595 -17.673 -17.25 -16.892 -16.416 -17.606
1.132124 -14.752 -15.142 -15.853 -16.893 -17.365 -17.607 -16.57 -16.985 -17.368 -17.608 -17.659 -17.588 -16.966 -17.464 -17.661 -17.656 -17.574 -17.511 -17.669 -17.665 -17.61 -17.58 -17.611 -17.564 -17.66 -17.264 -16.913 -16.442 -17.584
1.166364 -14.605 -14.99 -15.734 -16.813 -17.313 -17.577 -16.502 -16.91 -17.316 -17.579 -17.646 -17.588 -16.89 -17.42 -17.641 -17.649 -17.576 -17.471 -17.65 -17.658 -17.61 -17.584 -17.59 -17.532 -17.645 -17.279 -16.934 -16.469 -17.561
1.20164 -14.456 -14.833 -15.613 -16.731 -17.259 -17.545 -16.432 -16.832 -17.263 -17.547 -17.631 -17.586 -16.81 -17.374 -17.619 -17.64 -17.576 -17.429 -17.628 -17.649 -17.609 -17.587 -17.567 -17.497 -17.629 -17.292 -16.955 -16.494 -17.536
1.237983 -14.304 -14.672 -15.487 -16.644 -17.202 -17.51 -16.36 -16.751 -17.207 -17.514 -17.615 -17.584 -16.728 -17.326 -17.595 -17.63 -17.576 -17.384 -17.605 -17.639 -17.607 -17.59 -17.542 -17.46 -17.612 -17.305 -16.975 -16.52 -17.51
1.275425 -14.151 -14.505 -15.358 -16.555 -17.143 -17.474 -16.287 -16.667 -17.148 -17.478 -17.597 -17.58 -16.642 -17.275 -17.57 -17.618 -17.574 -17.337 -17.58 -17.628 -17.603 -17.591 -17.516 -17.422 -17.593 -17.317 -16.994 -16.545 -17.483
1.313999 -13.996 -14.333 -15.225 -16.461 -17.081 -17.436 -16.212 -16.579 -17.086 -17.441 -17.577 -17.575 -16.552 -17.222 -17.543 -17.605 -17.571 -17.288 -17.553 -17.615 -17.599 -17.591 -17.488 -17.381 -17.572 -17.328 -17.013 -16.571 -17.453
1.35374 -13.84 -14.156 -15.088 -16.365 -17.016 -17.395 -16.135 -16.488 -17.022 -17.401 -17.556 -17.569 -16.459 -17.166 -17.514 -17.59 -17.567 -17.236 -17.524 -17.601 -17.593 -17.591 -17.458 -17.338 -17.55 -17.339 -17.032 -16.595 -17.423
1.394683 -13.683 -13.974 -14.947 -16.264 -16.948 -17.352 -16.056 -16.394 -16.955 -17.359 -17.533 -17.562 -16.362 -17.108 -17.483 -17.574 -17.561 -17.182 -17.494 -17.585 -17.586 -17.589 -17.427 -17.293 -17.526 -17.349 -17.05 -16.62 -17.39
1.436864 -13.526 -13.787 -14.803 -16.16 -16.877 -17.307 -15.976 -16.295 -16.884 -17.314 -17.508 -17.553 -16.262 -17.047 -17.45 -17.557 -17.555 -17.125 -17.461 -17.568 -17.578 -17.586 -17.394 -17.245 -17.5 -17.358 -17.067 -16.644 -17.356
1.480321 -13.369 -13.593 -14.655 -16.052 -16.803 -17.259 -15.894 -16.193 -16.811 -17.268 -17.482 -17.544 -16.158 -16.983 -17.415 -17.537 -17.547 -17.066 -17.427 -17.549 -17.568 -17.583 -17.359 -17.196 -17.472 -17.366 -17.084 -16.667 -17.321
1.525092 -13.214 -13.395 -14.503 -15.94 -16.726 -17.209 -15.81 -16.088 -16.735 -17.219 -17.454 -17.532 -16.05 -16.917 -17.378 -17.516 -17.538 -17.004 -17.39 -17.529 -17.558 -17.578 -17.322 -17.144 -17.443 -17.374 -17.1 -16.691 -17.284
1.571218 -13.06 -13.19 -14.347 -15.824 -16.646 -17.157 -15.724 -15.978 -16.656 -17.167 -17.424 -17.52 -15.938 -16.847 -17.339 -17.494 -17.528 -16.939 -17.352 -17.507 -17.545 -17.572 -17.284 -17.089 -17.412 -17.381 -17.116 -16.714 -17.245
1.618738 -12.908 -12.981 -14.187 -15.704 -16.562 -17.101 -15.636 -15.865 -16.574 -17.113 -17.392 -17.506 -15.822 -16.775 -17.297 -17.47 -17.516 -16.872 -17.311 -17.483 -17.532 -17.565 -17.243 -17.032 -17.379 -17.386 -17.131 -16.737 -17.204
1.667696 -12.76 -12.765 -14.023 -15.58 -16.476 -17.044 -15.546 -15.747 -16.488 -17.056 -17.359 -17.491 -15.702 -16.7 -17.254 -17.444 -17.503 -16.802 -17.268 -17.458 -17.517 -17.556 -17.201 -16.973 -17.344 -17.391 -17.146 -16.759 -17.162
1.718134 -12.617 -12.543 -13.856 -15.452 -16.386 -16.983 -15.455 -15.626 -16.399 -16.997 -17.323 -17.474 -15.578 -16.621 -17.208 -17.416 -17.488 -16.73 -17.223 -17.43 -17.5 -17.547 -17.157 -16.911 -17.307 -17.396 -17.16 -16.781 -17.119
1.770098 -12.478 -12.316 -13.685 -15.32 -16.293 -16.92 -15.361 -15.5 -16.307 -16.935 -17.285 -17.456 -15.45 -16.54 -17.16 -17.386 -17.472 -16.654 -17.176 -17.401 -17.482 -17.536 -17.111 -16.847 -17.268 -17.399 -17.174 -16.802 -17.073
1.823633 -12.346 -12.082 -13.51 -15.183 -16.196 -16.854 -15.265 -15.371 -16.212 -16.871 -17.246 -17.436 -15.317 -16.456 -17.109 -17.355 -17.455 -16.576 -17.126 -17.371 -17.463 -17.524 -17.062 -16.78 -17.226 -17.401 -17.186 -16.824 -17.026
1.878788 -12.22 -11.843 -13.331 -15.042 -16.096 -16.786 -15.168 -15.237 -16.113 -16.804 -17.204 -17.414 -15.18 -16.368 -17.056 -17.321 -17.436 -16.494 -17.074 -17.338 -17.442 -17.51 -17.012 -16.71 -17.183 -17.402 -17.199 -16.845 -16.978
1.93561 -12.101 -11.597 -13.149 -14.896 -15.992 -16.714 -15.068 -15.098 -16.011 -16.734 -17.161 -17.392 -15.039 -16.277 -17.001 -17.286 -17.415 -16.41 -17.02 -17.303 -17.419 -17.496 -16.96 -16.638 -17.138 -17.403 -17.21 -16.865 -16.927
1.994152 -11.99 -11.346 -12.963 -14.746 -15.884 -16.64 -14.967 -14.956 -15.905 -16.661 -17.115 -17.367 -14.893 -16.183 -16.943 -17.249 -17.393 -16.323 -16.963 -17.267 -17.395 -17.48 -16.906 -16.563 -17.091 -17.402 -17.221 -16.885 -16.875
2.054463 -11.887 -11.089 -12.774 -14.591 -15.773 -16.562 -14.863 -14.809 -15.795 -16.585 -17.067 -17.341 -14.743 -16.086 -16.883 -17.209 -17.369 -16.233 -16.904 -17.228 -17.369 -17.462 -16.849 -16.486 -17.041 -17.401 -17.232 -16.905 -16.822
2.116599 -11.793 -10.826 -12.582 -14.432 -15.659 -16.482 -14.757 -14.657 -15.682 -16.507 -17.017 -17.313 -14.588 -15.985 -16.82 -17.168 -17.344 -16.14 -16.842 -17.188 -17.341 -17.443 -16.791 -16.405 -16.99 -17.398 -17.241 -16.924 -16.767
2.180614 -11.706 -10.557 -12.386 -14.268 -15.54 -16.399 -14.65 -14.501 -15.566 -16.425 -16.965 -17.284 -14.428 -15.881 -16.754 -17.124 -17.317 -16.045 -16.778 -17.145 -17.312 -17.423 -16.73 -16.322 -16.936 -17.395 -17.251 -16.943 -16.71
2.246566 -11.628 -10.283 -12.187 -14.099 -15.418 -16.312 -14.54 -14.341 -15.445 -16.341 -16.91 -17.253 -14.264 -15.774 -16.686 -17.079 -17.288 -15.946 -16.712 -17.101 -17.281 -17.401 -16.668 -16.236 -16.879 -17.39 -17.259 -16.962 -16.651
2.314511 -11.557 -10.004 -11.986 -13.925 -15.292 -16.223 -14.428 -14.176 -15.321 -16.253 -16.854 -17.22 -14.095 -15.663 -16.616 -17.031 -17.258 -15.844 -16.642 -17.054 -17.248 -17.378 -16.603 -16.147 -16.821 -17.385 -17.267 -16.98 -16.592
2.384512 -11.493 -9.721 -11.781 -13.747 -15.162 -16.13 -14.314 -14.006 -15.194 -16.162 -16.795 -17.185 -13.921 -15.549 -16.542 -16.981 -17.226 -15.74 -16.571 -17.005 -17.214 -17.354 -16.536 -16.056 -16.76 -17.378 -17.274 -16.998 -16.53
2.45663 -11.436 -9.433 -11.574 -13.564 -15.028 -16.034 -14.198 -13.831 -15.062 -16.069 -16.734 -17.149 -13.742 -15.431 -16.466 -16.93 -17.192 -15.632 -16.496 -16.955 -17.178 -17.328 -16.467 -15.961 -16.697 -17.37 -17.28 -17.015 -16.467
2.530929 -11.384 -9.142 -11.364 -13.376 -14.891 -15.935 -14.081 -13.652 -14.927 -15.972 -16.671 -17.111 -13.559 -15.309 -16.387 -16.875 -17.157 -15.522 -16.42 -16.902 -17.14 -17.3 -16.396 -15.864 -16.632 -17.361 -17.286 -17.032 -16.403
2.607475 -11.338 -8.849 -11.152 -13.183 -14.749 -15.833 -13.961 -13.468 -14.788 -15.872 -16.605 -17.071 -13.37 -15.185 -16.305 -16.819 -17.12 -15.409 -16.34 -16.847 -17.1 -17.271 -16.322 -15.764 -16.564 -17.351 -17.291 -17.049 -16.338
2.686337 -11.296 -8.555 -10.937 -12.985 -14.603 -15.728 -13.839 -13.279 -14.645 -15.769 -16.537 -17.03 -13.177 -15.056 -16.221 -16.761 -17.081 -15.294 -16.258 -16.789 -17.058 -17.241 -16.247 -15.661 -16.494 -17.34 -17.295 -17.065 -16.271
2.767583 -11.259 -8.263 -10.721 -12.782 -14.454 -15.619 -13.716 -13.086 -14.499 -15.663 -16.467 -16.986 -12.978 -14.924 -16.134 -16.7 -17.04 -15.176 -16.174 -16.73 -17.015 -17.209 -16.169 -15.555 -16.422 -17.328 -17.298 -17.081 -16.203
2.851287 -11.225 -7.974 -10.503 -12.574 -14.301 -15.507 -13.59 -12.888 -14.348 -15.554 -16.394 -16.941 -12.775 -14.789 -16.044 -16.637 -16.997 -15.056 -16.087 -16.669 -16.97 -17.175 -16.09 -15.446 -16.348 -17.315 -17.301 -17.097 -16.134
2.937522 -11.193 -7.691 -10.283 -12.362 -14.143 -15.392 -13.463 -12.685 -14.194 -15.442 -16.32 -16.895 -12.567 -14.65 -15.951 -16.572 -16.953 -14.934 -15.997 -16.605 -16.922 -17.14 -16.008 -15.334 -16.271 -17.301 -17.304 -17.112 -16.064
3.026365 -11.165 -7.419 -10.062 -12.144 -13.982 -15.274 -13.334 -12.477 -14.037 -15.327 -16.243 -16.846 -12.354 -14.508 -15.856 -16.504 -16.907 -14.81 -15.906 -16.539 -16.874 -17.104 -15.924 -15.22 -16.192 -17.285 -17.305 -17.127 -15.993
3.117896 -11.138 -7.161 -9.839 -11.922 -13.817 -15.152 -13.203 -12.265 -13.875 -15.209 -16.164 -16.796 -12.136 -14.362 -15.758 -16.435 -16.859 -14.684 -15.811 -16.471 -16.823 -17.066 -15.838 -15.103 -16.11 -17.269 -17.306 -17.142 -15.921
3.212194 -11.114 -6.921 -9.615 -11.695 -13.648 -15.027 -13.071 -12.048 -13.71 -15.087 -16.082 -16.744 -11.914 -14.212 -15.657 -16.363 -16.81 -14.557 -15.714 -16.401 -16.771 -17.027 -15.75 -14.983 -16.027 -17.251 -17.306 -17.156 -15.848
3.309345 -11.091 -6.702 -9.39 -11.463 -13.476 -14.9 -12.937 -11.827 -13.541 -14.963 -15.999 -16.69 -11.686 -14.06 -15.553 -16.289 -16.758 -14.428 -15.615 -16.33 -16.716 -16.986 -15.66 -14.861 -15.941 -17.233 -17.306 -17.17 -15.775
3.409434 -11.069 -6.508 -9.164 -11.227 -13.299 -14.769 -12.801 -11.601 -13.369 -14.836 -15.913 -16.635 -11.454 -13.903 -15.447 -16.213 -16.705 -14.299 -15.514 -16.256 -16.66 -16.944 -15.568 -14.735 -15.853 -17.213 -17.305 -17.183 -15.701
3.51255 -11.049 -6.341 -8.938 -10.985 -13.119 -14.635 -12.665 -11.37 -13.193 -14.706 -15.826 -16.578 -11.218 -13.744 -15.338 -16.135 -16.651 -14.17 -15.411 -16.18 -16.603 -16.901 -15.474 -14.608 -15.763 -17.193 -17.303 -17.197 -15.628
3.618785 -11.03 -6.199 -8.71 -10.74 -12.936 -14.498 -12.527 -11.135 -13.014 -14.573 -15.736 -16.519 -10.976 -13.582 -15.227 -16.054 -16.594 -14.04 -15.306 -16.102 -16.543 -16.856 -15.379 -14.477 -15.671 -17.171 -17.301 -17.21 -15.553
3.728232 -11.012 -6.083 -8.482 -10.49 -12.748 -14.358 -12.388 -10.896 -12.832 -14.437 -15.644 -16.459 -10.731 -13.416 -15.113 -15.972 -16.536 -13.911 -15.198 -16.022 -16.483 -16.81 -15.281 -14.345 -15.576 -17.148 -17.298 -17.223 -15.479
3.84099 -10.994 -5.988 -8.254 -10.235 -12.558 -14.215 -12.248 -10.653 -12.647 -14.298 -15.551 -16.397 -10.48 -13.247 -14.997 -15.888 -16.477 -13.784 -15.089 -15.941 -16.42 -16.763 -15.182 -14.209 -15.48 -17.125 -17.294 -17.235 -15.406
3.957158 -10.978 -5.913 -8.025 -9.977 -12.364 -14.069 -12.107 -10.405 -12.458 -14.157 -15.456 -16.334 -10.226 -13.075 -14.878 -15.802 -16.416 -13.657 -14.979 -15.857 -16.356 -16.715 -15.081 -14.072 -15.382 -17.1 -17.29 -17.248 -15.332
4.07684 -10.962 -5.854 -7.795 -9.714 -12.166 -13.921 -11.966 -10.154 -12.266 -14.014 -15.358 -16.27 -9.968 -12.901 -14.757 -15.714 -16.353 -13.533 -14.867 -15.773 -16.291 -16.665 -14.979 -13.932 -15.283 -17.075 -17.286 -17.26 -15.259
4.200141 -10.947 -5.807 -7.566 -9.447 -11.966 -13.77 -11.825 -9.898 -12.072 -13.867 -15.26 -16.204 -9.705 -12.723 -14.634 -15.624 -16.29 -13.412 -14.753 -15.686 -16.224 -16.615 -14.875 -13.791 -15.181 -17.048 -17.281 -17.272 -15.187
4.327172 -10.932 -5.769 -7.336 -9.177 -11.763 -13.617 -11.683 -9.639 -11.875 -13.719 -15.159 -16.137 -9.439 -12.543 -14.509 -15.532 -16.224 -13.295 -14.639 -15.598 -16.156 -16.564 -14.77 -13.647 -15.078 -17.021 -17.276 -17.284 -15.115
4.458044 -10.919 -5.739 -7.106 -8.903 -11.557 -13.461 -11.541 -9.377 -11.675 -13.568 -15.057 -16.069 -9.169 -12.361 -14.382 -15.439 -16.158 -13.181 -14.524 -15.509 -16.087 -16.511 -14.663 -13.501 -14.973 -16.993 -17.27 -17.296 -15.045
4.592874 -10.906 -5.715 -6.876 -8.626 -11.348 -13.303 -11.4 -9.111 -11.473 -13.416 -14.954 -15.999 -8.896 -12.176 -14.252 -15.345 -16.09 -13.073 -14.408 -15.419 -16.016 -16.459 -14.555 -13.354 -14.867 -16.965 -17.264 -17.307 -14.976
4.731783 -10.893 -5.694 -6.66 -8.363 -11.15 -13.152 -11.267 -8.86 -11.281 -13.27 -14.855 -15.932 -8.637 -12.0 -14.129 -15.254 -16.024 -12.975 -14.298 -15.332 -15.948 -16.407 -14.452 -13.213 -14.766 -16.936 -17.256 -17.316 -14.912
4.874892 -10.868 -5.67 -6.636 -8.338 -11.125 -13.127 -11.243 -8.835 -11.256 -13.246 -14.831 -15.908 -8.613 -11.976 -14.104 -15.229 -16.0 -12.95 -14.274 -15.308 -15.923 -16.383 -14.427 -13.189 -14.741 -16.911 -17.231 -17.292 -14.888
5.02233 -10.845 -5.646 -6.612 -8.315 -11.102 -13.104 -11.22 -8.812 -11.233 -13.222 -14.807 -15.884 -8.589 -11.952 -14.081 -15.206 -15.976 -12.927 -14.25 -15.284 -15.9 -16.359 -14.404 -13.166 -14.718 -16.888 -17.208 -17.268 -14.864
5.174227 -10.822 -5.624 -6.59 -8.292 -11.079 -13.081 -11.197 -8.789 -11.21 -13.2 -14.785 -15.862 -8.567 -11.93 -14.058 -15.183 -15.954 -12.904 -14.228 -15.262 -15.877 -16.337 -14.381 -13.143 -14.695 -16.865 -17.185 -17.246 -14.842
5.330718 -10.801 -5.602 -6.568 -8.271 -11.058 -13.06 -11.176 -8.768 -11.189 -13.178 -14.763 -15.84 -8.545 -11.908 -14.037 -15.162 -15.932 -12.883 -14.206 -15.24 -15.856 -16.315 -14.36 -13.122 -14.674 -16.844 -17.164 -17.225 -14.82
5.491942 -10.78 -5.582 -6.548 -8.251 -11.038 -13.04 -11.155 -8.748 -11.169 -13.158 -14.743 -15.82 -8.525 -11.888 -14.017 -15.141 -15.912 -12.863 -14.186 -15.22 -15.836 -16.295 -14.34 -13.101 -14.653 -16.823 -17.144 -17.204 -14.8
5.658042 -10.761 -5.563 -6.529 -8.231 -11.018 -13.02 -11.136 -8.728 -11.149 -13.139 -14.724 -15.801 -8.506 -11.869 -13.997 -15.122 -15.893 -12.843 -14.167 -15.201 -15.816 -16.276 -14.32 -13.082 -14.634 -16.804 -17.124 -17.185 -14.78
5.829166 -10.743 -5.545 -6.511 -8.213 -11.0 -13.002 -11.118 -8.71 -11.131 -13.121 -14.706 -15.782 -8.487 -11.851 -13.979 -15.104 -15.875 -12.825 -14.149 -15.183 -15.798 -16.257 -14.302 -13.064 -14.616 -16.786 -17.106 -17.167 -14.762
6.005465 -10.726 -5.528 -6.494 -8.196 -10.983 -12.985 -11.101 -8.693 -11.114 -13.104 -14.689 -15.766 -8.471 -11.834 -13.962 -15.087 -15.858 -12.808 -14.132 -15.166 -15.781 -16.241 -14.285 -13.047 -14.599 -16.769 -17.089 -17.15 -14.746
6.187096 -10.711 -5.512 -6.478 -8.181 -10.968 -12.97 -11.085 -8.678 -11.099 -13.088 -14.673 -15.75 -8.455 -11.818 -13.947 -15.071 -15.842 -12.793 -14.116 -15.15 -15.766 -16.225 -14.27 -13.031 -14.583 -16.753 -17.074 -17.134 -14.73
6.37422 -10.696 -5.498 -6.464 -8.166 -10.953 -12.955 -11.071 -8.663 -11.084 -13.074 -14.659 -15.736 -8.441 -11.804 -13.932 -15.057 -15.828 -12.778 -14.102 -15.136 -15.751 -16.211 -14.255 -13.017 -14.569 -16.739 -17.059 -17.12 -14.715
6.567004 -10.683 -5.485 -6.451 -8.153 -10.94 -12.942 -11.058 -8.65 -11.071 -13.061 -14.646 -15.723 -8.428 -11.791 -13.919 -15.044 -15.815 -12.765 -14.089 -15.123 -15.738 -16.197 -14.242 -13.004 -14.556 -16.726 -17.046 -17.107 -14.702
6.765619 -10.671 -5.473 -6.439 -8.142 -10.928 -12.931 -11.046 -8.639 -11.059 -13.049 -14.634 -15.711 -8.416 -11.779 -13.908 -15.032 -15.803 -12.753 -14.077 -15.111 -15.727 -16.186 -14.231 -12.992 -14.544 -16.714 -17.035 -17.095 -14.691
6.97024 -10.661 -5.463 -6.428 -8.131 -10.918 -12.92 -11.036 -8.628 -11.049 -13.039 -14.624 -15.7 -8.405 -11.768 -13.897 -15.022 -15.793 -12.743 -14.067 -15.1 -15.716 -16.175 -14.22 -12.982 -14.534 -16.704 -17.024 -17.085 -14.68
7.181051 -10.652 -5.454 -6.42 -8.122 -10.909 -12.911 -11.027 -8.619 -11.04 -13.03 -14.615 -15.692 -8.397 -11.76 -13.888 -15.013 -15.784 -12.734 -14.058 -15.092 -15.707 -16.166 -14.211 -12.973 -14.525 -16.695 -17.015 -17.076 -14.671
7.398237 -10.645 -5.446 -6.412 -8.115 -10.902 -12.904 -11.019 -8.612 -11.033 -13.022 -14.607 -15.684 -8.389 -11.752 -13.881 -15.005 -15.776 -12.727 -14.05 -15.084 -15.7 -16.159 -14.204 -12.965 -14.518 -16.688 -17.008 -17.068 -14.664
7.621991 -10.639 -5.44 -6.406 -8.109 -10.896 -12.898 -11.013 -8.606 -11.027 -13.016 -14.601 -15.678 -8.383 -11.746 -13.875 -15.0 -15.77 -12.721 -14.044 -15.078 -15.694 -16.153 -14.198 -12.959 -14.512 -16.682 -17.002 -17.062 -14.658
7.852513 -10.634 -5.436 -6.402 -8.105 -10.891 -12.893 -11.009 -8.601 -11.022 -13.012 -14.597 -15.674 -8.379 -11.742 -13.87 -14.995 -15.766 -12.716 -14.04 -15.074 -15.689 -16.149 -14.193 -12.955 -14.507 -16.677 -16.997 -17.058 -14.654
8.090007 -10.631 -5.433 -6.399 -8.102 -10.888 -12.891 -11.006 -8.598 -11.019 -13.009 -14.594 -15.671 -8.376 -11.739 -13.868 -14.992 -15.763 -12.713 -14.037 -15.071 -15.687 -16.146 -14.191 -12.952 -14.504 -16.674 -16.995 -17.055 -14.651
8.334684 -10.63 -5.432 -6.398 -8.1 -10.887 -12.889 -11.005 -8.597 -11.018 -13.008 -14.593 -15.67 -8.375 -11.738 -13.866 -14.991 -15.762 -12.712 -14.036 -15.07 -15.685 -16.144 -14.189 -12.951 -14.503 -16.673 -16.993 -17.054 -14.649
8.586761 -10.631 -5.432 -6.398 -8.101 -10.888 -12.89 -11.005 -8.598 -11.019 -13.008 -14.593 -15.67 -8.375 -11.738 -13.867 -14.991 -15.762 -12.713 -14.036 -15.07 -15.686 -16.145 -14.19 -12.951 -14.503 -16.673 -16.994 -17.054 -14.65
8.846461 -10.633 -5.434 -6.4 -8.103 -10.89 -12.892 -11.007 -8.6 -11.021 -13.01 -14.595 -15.672 -8.377 -11.74 -13.869 -14.993 -15.764 -12.715 -14.038 -15.072 -15.688 -16.147 -14.192 -12.953 -14.505 -16.675 -16.996 -17.056 -14.652
9.114017 -10.636 -5.438 -6.404 -8.107 -10.893 -12.896 -11.011 -8.603 -11.024 -13.014 -14.599 -15.676 -8.381 -11.744 -13.873 -14.997 -15.768 -12.718 -14.042 -15.076 -15.692 -16.151 -14.196 -12.957 -14.509 -16.679 -17.0 -17.06 -14.656
9.389664 -10.642 -5.443 -6.409 -8.112 -10.899 -12.901 -11.017 -8.609 -11.03 -13.02 -14.604 -15.681 -8.386 -11.749 -13.878 -15.003 -15.774 -12.724 -14.047 -15.081 -15.697 -16.156 -14.201 -12.963 -14.515 -16.685 -17.005 -17.066 -14.661
9.673648 -10.649 -5.451 -6.417 -8.12 -10.906 -12.909 -11.024 -8.616 -11.037 -13.027 -14.612 -15.689 -8.394 -11.757 -13.885 -15.01 -15.781 -12.731 -14.055 -15.089 -15.704 -16.164 -14.208 -12.97 -14.522 -16.692 -17.012 -17.073 -14.669
9.966221 -10.659 -5.46 -6.426 -8.129 -10.916 -12.918 -11.033 -8.626 -11.047 -13.036 -14.621 -15.698 -8.403 -11.766 -13.895 -15.019 -15.79 -12.741 -14.064 -15.098 -15.714 -16.173 -14.218 -12.979 -14.531 -16.701 -17.022 -17.082 -14.678
10.267642 -10.67 -5.471 -6.437 -8.14 -10.927 -12.929 -11.044 -8.637 -11.058 -13.047 -14.632 -15.709 -8.414 -11.777 -13.906 -15.03 -15.801 -12.752 -14.075 -15.109 -15.725 -16.184 -14.229 -12.99 -14.542 -16.713 -17.033 -17.093 -14.689
10.57818 -10.683 -5.484 -6.45 -8.153 -10.94 -12.942 -11.057 -8.65 -11.071 -13.06 -14.645 -15.722 -8.427 -11.79 -13.919 -15.043 -15.814 -12.765 -14.088 -15.122 -15.738 -16.197 -14.242 -13.003 -14.556 -16.726 -17.046 -17.106 -14.702
10.89811 -10.698 -5.499 -6.465 -8.168 -10.955 -12.957 -11.072 -8.665 -11.086 -13.075 -14.66 -15.737 -8.442 -11.805 -13.934 -15.059 -15.829 -12.78 -14.103 -15.137 -15.753 -16.212 -14.257 -13.018 -14.571 -16.741 -17.061 -17.121 -14.717
11.227716 -10.715 -5.516 -6.482 -8.185 -10.972 -12.974 -11.09 -8.682 -11.103 -13.092 -14.677 -15.754 -8.459 -11.822 -13.951 -15.076 -15.846 -12.797 -14.12 -15.154 -15.77 -16.229 -14.274 -13.036 -14.588 -16.758 -17.078 -17.138 -14.734
11.56729 -10.734 -5.535 -6.501 -8.204 -10.991 -12.993 -11.109 -8.701 -11.122 -13.112 -14.696 -15.773 -8.478 -11.841 -13.97 -15.095 -15.866 -12.816 -14.139 -15.173 -15.789 -16.248 -14.293 -13.055 -14.607 -16.777 -17.097 -17.158 -14.753
11.917135 -10.755 -5.557 -6.523 -8.225 -11.012 -13.014 -11.13 -8.722 -11.143 -13.133 -14.718 -15.794 -8.499 -11.863 -13.991 -15.116 -15.887 -12.837 -14.161 -15.195 -15.81 -16.269 -14.314 -13.076 -14.628 -16.798 -17.118 -17.179 -14.774
12.277561 -10.778 -5.58 -6.546 -8.249 -11.036 -13.038 -11.153 -8.746 -11.167 -13.156 -14.741 -15.818 -8.523 -11.886 -14.015 -15.139 -15.91 -12.861 -14.184 -15.218 -15.834 -16.293 -14.338 -13.099 -14.651 -16.821 -17.142 -17.202 -14.798
12.648887 -10.804 -5.606 -6.572 -8.274 -11.061 -13.063 -11.179 -8.771 -11.192 -13.182 -14.767 -15.844 -8.549 -11.912 -14.04 -15.165 -15.936 -12.886 -14.21 -15.244 -15.859 -16.318 -14.363 -13.125 -14.677 -16.847 -17.167 -17.228 -14.823
13.031444 -10.832 -5.634 -6.599 -8.302 -11.089 -13.091 -11.207 -8.799 -11.22 -13.21 -14.795 -15.871 -8.576 -11.939 -14.068 -15.193 -15.964 -12.914 -14.238 -15.271 -15.887 -16.346 -14.391 -13.153 -14.705 -16.875 -17.195 -17.256 -14.851
13.425571 -10.862 -5.664 -6.63 -8.333 -11.119 -13.122 -11.237 -8.829 -11.25 -13.24 -14.825 -15.902 -8.607 -11.97 -14.098 -15.223 -15.994 -12.944 -14.268 -15.302 -15.917 -16.377 -14.421 -13.183 -14.735 -16.905 -17.225 -17.286 -14.882
13.831619 -10.895 -5.696 -6.662 -8.365 -11.152 -13.154 -11.27 -8.862 -11.283 -13.273 -14.857 -15.934 -8.639 -12.002 -14.131 -15.256 -16.027 -12.977 -14.3 -15.334 -15.95 -16.409 -14.454 -13.216 -14.768 -16.938 -17.258 -17.319 -14.914
14.249947 -10.93 -5.732 -6.697 -8.4 -11.187 -13.189 -11.305 -8.897 -11.318 -13.308 -14.893 -15.969 -8.674 -12.037 -14.166 -15.291 -16.062 -13.012 -14.336 -15.369 -15.985 -16.444 -14.489 -13.251 -14.803 -16.973 -17.293 -17.354 -14.949
14.680926 -10.968 -5.769 -6.735 -8.438 -11.225 -13.227 -11.342 -8.935 -11.356 -13.345 -14.93 -16.007 -8.712 -12.075 -14.204 -15.328 -16.099 -13.05 -14.373 -15.407 -16.023 -16.482 -14.527 -13.288 -14.84 -17.01 -17.331 -17.391 -14.987
15.124941 -11.008 -5.809 -6.775 -8.478 -11.265 -13.267 -11.383 -8.975 -11.396 -13.385 -14.97 -16.047 -8.752 -12.115 -14.244 -15.369 -16.139 -13.09 -14.413 -15.447 -16.063 -16.522 -14.567 -13.329 -14.881 -17.051 -17.371 -17.432 -15.027
15.582385 -11.051 -5.852 -6.818 -8.521 -11.308 -13.31 -11.425 -9.018 -11.439 -13.428 -15.013 -16.09 -8.795 -12.158 -14.287 -15.411 -16.182 -13.133 -14.456 -15.49 -16.106 -16.565 -14.61 -13.371 -14.923 -17.093 -17.414 -17.474 -15.07
16.053663 -11.096 -5.898 -6.864 -8.566 -11.353 -13.355 -11.471 -9.063 -11.484 -13.474 -15.059 -16.136 -8.841 -12.204 -14.332 -15.457 -16.228 -13.178 -14.502 -15.536 -16.151 -16.61 -14.655 -13.417 -14.969 -17.139 -17.459 -17.52 -15.115
16.539195 -11.144 -5.946 -6.912 -8.615 -11.402 -13.404 -11.519 -9.112 -11.533 -13.522 -15.107 -16.184 -8.889 -12.252 -14.381 -15.505 -16.276 -13.227 -14.55 -15.584 -16.2 -16.659 -14.704 -13.465 -15.017 -17.187 -17.508 -17.568 -15.164
17.039412 -11.196 -5.997 -6.963 -8.666 -11.453 -13.455 -11.57 -9.163 -11.584 -13.573 -15.158 -16.235 -8.94 -12.303 -14.432 -15.556 -16.327 -13.278 -14.601 -15.635 -16.251 -16.71 -14.755 -13.516 -15.068 -17.238 -17.559 -17.619 -15.215
17.554757 -11.25 -6.051 -7.017 -8.72 -11.507 -13.509 -11.624 -9.217 -11.638 -13.627 -15.212 -16.289 -8.994 -12.357 -14.486 -15.611 -16.381 -13.332 -14.655 -15.689 -16.305 -16.764 -14.809 -13.57 -15.123 -17.293 -17.613 -17.673 -15.269
18.085689 -11.307 -6.108 -7.074 -8.777 -11.564 -13.566 -11.682 -9.274 -11.695 -13.684 -15.269 -16.346 -9.051 -12.414 -14.543 -15.668 -16.438 -13.389 -14.712 -15.746 -16.362 -16.821 -14.866 -13.628 -15.18 -17.35 -17.67 -17.731 -15.326
18.632678 -11.367 -6.169 -7.134 -8.837 -11.624 -13.626 -11.742 -9.334 -11.755 -13.745 -15.33 -16.406 -9.111 -12.474 -14.603 -15.728 -16.499 -13.449 -14.773 -15.806 -16.422 -16.881 -14.926 -13.688 -15.24 -17.41 -17.73 -17.791 -15.386
19.196211 -11.43 -6.232 -7.198 -8.901 -11.687 -13.69 -11.805 -9.397 -11.818 -13.808 -15.393 -16.47 -9.175 -12.538 -14.667 -15.791 -16.562 -13.512 -14.836 -15.87 -16.486 -16.945 -14.99 -13.751 -15.303 -17.473 -17.794 -17.854 -15.45
19.776787 -11.497 -6.299 -7.264 -8.967 -11.754 -13.756 -11.872 -9.464 -11.885 -13.875 -15.46 -16.536 -9.241 -12.604 -14.733 -15.858 -16.629 -13.579 -14.903 -15.936 -16.552 -17.011 -15.056 -13.818 -15.37 -17.54 -17.86 -17.921 -15.516
20.374923 -11.567 -6.369 -7.334 -9.037 -11.824 -13.826 -11.942 -9.534 -11.955 -13.945 -15.53 -16.606 -9.311 -12.674 -14.803 -15.928 -16.699 -13.649 -14.973 -16.006 -16.622 -17.081 -15.126 -13.888 -15.44 -17.61 -17.93 -17.991 -15.586
20.991149 -11.641 -6.442 -7.408 -9.111 -11.898 -13.9 -12.015 -9.608 -12.029 -14.018 -15.603 -16.68 -9.385 -12.748 -14.877 -16.001 -16.772 -13.723 -15.046 -16.08 -16.696 -17.155 -15.2 -13.961 -15.513 -17.683 -18.004 -18.064 -15.66
21.626011 -11.718 -6.519 -7.485 -9.188 -11.975 -13.977 -12.092 -9.685 -12.106 -14.095 -15.68 -16.757 -9.462 -12.825 -14.954 -16.078 -16.849 -13.8 -15.123 -16.157 -16.773 -17.232 -15.277 -14.038 -15.59 -17.76 -18.081 -18.141 -15.737
22.280075 -11.798 -6.6 -7.566 -9.268 -12.055 -14.057 -12.173 -9.765 -12.186 -14.176 -15.761 -16.838 -9.543 -12.906 -15.034 -16.159 -16.93 -13.88 -15.204 -16.238 -16.853 -17.313 -15.357 -14.119 -15.671 -17.841 -18.161 -18.222 -15.817
22.953921 -11.883 -6.684 -7.65 -9.353 -12.14 -14.142 -12.257 -9.85 -12.271 -14.26 -15.845 -16.922 -9.627 -12.99 -15.119 -16.243 -17.014 -13.965 -15.288 -16.322 -16.938 -17.397 -15.442 -14.203 -15.755 -17.926 -18.246 -18.306 -15.902
23.648147 -11.971 -6.772 -7.738 -9.441 -12.228 -14.23 -12.346 -9.938 -12.359 -14.349 -15.933 -17.01 -9.715 -13.078 -15.207 -16.332 -17.103 -14.053 -15.376 -16.41 -17.026 -17.485 -15.53 -14.292 -15.844 -18.014 -18.334 -18.395 -15.99
24.363369 -12.063 -6.865 -7.831 -9.533 -12.32 -14.322 -12.438 -10.03 -12.451 -14.441 -16.026 -17.103 -9.808 -13.171 -15.299 -16.424 -17.195 -14.145 -15.469 -16.503 -17.118 -17.578 -15.622 -14.384 -15.936 -18.106 -18.426 -18.487 -16.082
25.100222 -12.16 -6.961 -7.927 -9.63 -12.417 -14.419 -12.534 -10.127 -12.548 -14.537 -16.122 -17.199 -9.904 -13.267 -15.396 -16.52 -17.291 -14.242 -15.565 -16.599 -17.215 -17.674 -15.719 -14.48 -16.032 -18.202 -18.523 -18.583 -16.179
25.859362 -12.26 -7.062 -8.028 -9.73 -12.517 -14.519 -12.635 -10.227 -12.648 -14.638 -16.223 -17.3 -10.005 -13.368 -15.496 -16.621 -17.392 -14.342 -15.666 -16.7 -17.315 -17.774 -15.819 -14.581 -16.133 -18.303 -18.623 -18.684 -16.279
26.64146 -12.365 -7.167 -8.133 -9.835 -12.622 -14.624 -12.74 -10.332 -12.753 -14.743 -16.328 -17.404 -10.109 -13.472 -15.601 -16.726 -17.497 -14.447 -15.771 -16.805 -17.42 -17.879 -15.924 -14.686 -16.238 -18.408 -18.728 -18.789 -16.384
27.447213 -12.474 -7.276 -8.242 -9.945 -12.732 -14.734 -12.849 -10.442 -12.863 -14.852 -16.437 -17.514 -10.219 -13.582 -15.711 -16.835 -17.606 -14.557 -15.88 -16.914 -17.53 -17.989 -16.034 -14.795 -16.347 -18.517 -18.838 -18.898 -16.494
28.277335 -12.588 -7.39 -8.356 -10.059 -12.846 -14.848 -12.963 -10.556 -12.977 -14.966 -16.551 -17.628 -10.333 -13.696 -15.825 -16.949 -17.72 -14.671 -15.994 -17.028 -17.644 -18.103 -16.148 -14.909 -16.461 -18.631 -18.952 -19.012 -16.608
29.132564 -12.707 -7.509 -8.475 -10.177 -12.964 -14.966 -13.082 -10.674 -13.095 -15.085 -16.67 -17.747 -10.452 -13.815 -15.943 -17.068 -17.839 -14.789 -16.113 -17.147 -17.762 -18.222 -16.266 -15.028 -16.58 -18.75 -19.07 -19.131 -16.726
30.013659 -12.831 -7.632 -8.598 -10.301 -13.088 -15.09 -13.206 -10.798 -13.219 -15.208 -16.793 -17.87 -10.575 -13.938 -16.067 -17.192 -17.962 -14.913 -16.236 -17.27 -17.886 -18.345 -16.39 -15.152 -16.704 -18.874 -19.194 -19.255 -16.85
30.921401 -12.959 -7.761 -8.727 -10.43 -13.217 -15.219 -13.334 -10.927 -13.348 -15.337 -16.922 -17.999 -10.704 -14.067 -16.196 -17.32 -18.091 -15.042 -16.365 -17.399 -18.015 -18.474 -16.519 -15.28 -16.832 -19.002 -19.323 -19.383 -16.979
31.856598 -13.093 -7.895 -8.861 -10.564 -13.35 -15.352 -13.468 -11.06 -13.481 -15.471 -17.056 -18.133 -10.838 -14.201 -16.329 -17.454 -18.225 -15.175 -16.499 -17.533 -18.148 -18.608 -16.652 -15.414 -16.966 -19.136 -19.456 -19.517 -17.113
32.820079 -13.232 -8.034 -9.0 -10.703 -13.489 -15.492 -13.607 -11.199 -13.62 -15.61 -17.195 -18.272 -10.977 -14.34 -16.469 -17.593 -18.364 -15.314 -16.638 -17.672 -18.288 -18.747 -16.792 -15.553 -17.105 -19.275 -19.596 -19.656 -17.252
33.8127 -13.377 -8.179 -9.144 -10.847 -13.634 -15.636 -13.752 -11.344 -13.765 -15.755 -17.34 -18.416 -11.121 -14.484 -16.613 -17.738 -18.509 -15.459 -16.783 -17.816 -18.432 -18.891 -16.936 -15.698 -17.25 -19.42 -19.74 -19.801 -17.396
34.835342 -13.527 -8.329 -9.295 -10.998 -13.784 -15.787 -13.902 -11.494 -13.915 -15.905 -17.49 -18.567 -11.272 -14.635 -16.763 -17.888 -18.659 -15.609 -16.933 -17.967 -18.582 -19.042 -17.086 -15.848 -17.4 -19.57 -19.89 -19.951 -17.547
35.888913 -13.683 -8.485 -9.451 -11.154 -13.94 -15.943 -14.058 -11.65 -14.071 -16.061 -17.646 -18.723 -11.428 -14.791 -16.92 -18.044 -18.815 -15.765 -17.089 -18.123 -18.738 -19.198 -17.243 -16.004 -17.556 -19.726 -20.047 -20.107 -17.703
36.974349 -13.845 -8.647 -9.613 -11.316 -14.103 -16.105 -14.22 -11.813 -14.234 -16.223 -17.808 -18.885 -11.59 -14.953 -17.082 -18.206 -18.977 -15.928 -17.251 -18.285 -18.901 -19.36 -17.405 -16.166 -17.718 -19.888 -20.209 -20.269 -17.865
38.092613 -14.014 -8.815 -9.781 -11.484 -14.271 -16.273 -14.389 -11.981 -14.402 -16.391 -17.976 -19.053 -11.758 -15.121 -17.25 -18.375 -19.145 -16.096 -17.419 -18.453 -19.069 -19.528 -17.573 -16.335 -17.887 -20.057 -20.377 -20.437 -18.033
39.244698 -14.188 -8.99 -9.956 -11.659 -14.445 -16.448 -14.563 -12.155 -14.576 -16.566 -18.151 -19.228 -11.933 -15.296 -17.425 -18.549 -19.32 -16.27 -17.594 -18.628 -19.243 -19.703 -17.748 -16.509 -18.061 -20.231 -20.552 -20.612 -18.208
40.431627 -14.37 -9.171 -10.137 -11.84 -14.627 -16.629 -14.744 -12.337 -14.758 -16.747 -18.332 -19.409 -12.114 -15.477 -17.606 -18.73 -19.501 -16.452 -17.775 -18.809 -19.425 -19.884 -17.929 -16.69 -18.242 -20.412 -20.733 -20.793 -18.389
41.654454 -14.557 -9.359 -10.325 -12.028 -14.815 -16.817 -14.932 -12.525 -14.946 -16.935 -18.52 -19.597 -12.302 -15.665 -17.794 -18.918 -19.689 -16.64 -17.963 -18.997 -19.613 -20.072 -18.117 -16.878 -18.43 -20.6 -20.921 -20.981 -18.577
42.914265 -14.752 -9.554 -10.52 -12.223 -15.009 -17.012 -15.127 -12.72 -15.14 -17.13 -18.715 -19.792 -12.497 -15.86 -17.989 -19.113 -19.884 -16.834 -18.158 -19.192 -19.808 -20.267 -18.312 -17.073 -18.625 -20.795 -21.116 -21.176 -18.772
44.212178 -14.954 -9.756 -10.722 -12.425 -15.212 -17.214 -15.329 -12.922 -15.343 -17.332 -18.917 -19.994 -12.699 -16.062 -18.191 -19.315 -20.086 -17.037 -18.36 -19.394 -20.01 -20.469 -18.514 -17.275 -18.827 -20.997 -21.318 -21.378 -18.974
45.549345 -15.164 -9.965 -10.931 -12.634 -15.421 -17.423 -15.539 -13.131 -15.552 -17.542 -19.126 -20.203 -12.908 -16.271 -18.4 -19.525 -20.296 -17.246 -18.569 -19.603 -20.219 -20.678 -18.723 -17.485 -19.037 -21.207 -21.527 -21.588 -19.183
46.926954 -15.381 -10.183 -11.148 -12.851 -15.638 -17.64 -15.756 -13.348 -15.769 -17.759 -19.344 -20.42 -13.125 -16.488 -18.617 -19.742 -20.513 -17.463 -18.787 -19.82 -20.436 -20.895 -18.94 -17.702 -19.254 -21.424 -21.744 -21.805 -19.4
48.346227 -15.606 -10.407 -11.373 -13.076 -15.863 -17.865 -15.981 -13.573 -15.994 -17.984 -19.568 -20.645 -13.35 -16.713 -18.842 -19.967 -20.738 -17.688 -19.011 -20.045 -20.661 -21.12 -19.165 -17.927 -19.479 -21.649 -21.969 -22.03 -19.625
49.808426 -15.839 -10.64 -11.606 -13.309 -16.096 -18.098 -16.214 -13.806 -16.227 -18.217 -19.801 -20.878 -13.583 -16.946 -19.075 -20.2 -20.971 -17.921 -19.244 -20.278 -20.894 -21.353 -19.398 -18.16 -19.712 -21.882 -22.202 -22.263 -19.858
51.314848 -16.079 -10.881 -11.859 -13.565 -16.348 -18.347 -16.462 -14.061 -16.479 -18.465 -20.047 -21.122 -13.839 -17.197 -19.322 -20.445 -21.214 -18.167 -19.491 -20.523 -21.138 -21.596 -19.644 -18.408 -19.958 -22.123 -22.442 -22.502 -20.102
52.86683 -16.302 -11.125 -12.526 -14.33 -16.973 -18.868 -16.946 -14.803 -17.09 -18.975 -20.456 -21.461 -14.596 -17.773 -19.784 -20.836 -21.55 -18.581 -19.924 -20.905 -21.479 -21.901 -20.062 -18.907 -20.372 -22.379 -22.652 -22.675 -20.438
54.465752 -16.532 -11.4 -13.209 -15.1 -17.601 -19.392 -17.444 -15.548 -17.705 -19.488 -20.868 -21.803 -15.357 -18.352 -20.249 -21.229 -21.888 -19.026 -20.365 -21.291 -21.823 -22.21 -20.484 -19.41 -20.79 -22.637 -22.864 -22.85 -20.787
56.113031 -16.77 -11.729 -13.908 -15.872 -18.232 -19.917 -17.953 -16.296 -18.324 -20.003 -21.282 -22.147 -16.12 -18.934 -20.715 -21.624 -22.228 -19.496 -20.812 -21.679 -22.169 -22.521 -20.91 -19.916 -21.21 -22.896 -23.078 -23.028 -21.149
57.810132 -17.018 -12.149 -14.623 -16.645 -18.863 -20.442 -18.472 -17.045 -18.944 -20.519 -21.698 -22.492 -16.884 -19.517 -21.181 -22.019 -22.568 -19.989 -21.262 -22.068 -22.516 -22.834 -21.338 -20.425 -21.631 -23.157 -23.294 -23.209 -21.521
59.55856 -17.275 -12.703 -15.356 -17.417 -19.494 -20.966 -18.999 -17.792 -19.564 -21.034 -22.114 -22.838 -17.645 -20.1 -21.647 -22.414 -22.909 -20.497 -21.714 -22.457 -22.863 -23.148 -21.769 -20.934 -22.054 -23.419 -23.511 -23.391 -21.903
61.359868 -17.545 -13.413 -16.104 -18.185 -20.122 -21.488 -19.533 -18.536 -20.182 -21.547 -22.53 -23.183 -18.403 -20.68 -22.111 -22.808 -23.248 -21.018 -22.167 -22.846 -23.21 -23.463 -22.2 -21.442 -22.475 -23.681 -23.73 -23.576 -22.293
63.215655 -17.832 -14.261 -16.868 -18.949 -20.746 -22.006 -20.074 -19.275 -20.797 -22.057 -22.945 -23.528 -19.155 -21.257 -22.571 -23.2 -23.587 -21.546 -22.619 -23.233 -23.556 -23.777 -22.631 -21.95 -22.895 -23.943 -23.95 -23.763 -22.691
65.127569 -18.141 -15.205 -17.646 -19.704 -21.363 -22.519 -20.619 -20.006 -21.407 -22.563 -23.357 -23.871 -19.9 -21.83 -23.028 -23.588 -23.923 -22.078 -23.068 -23.618 -23.899 -24.09 -23.062 -22.454 -23.313 -24.205 -24.171 -23.951 -23.093
67.097308 -18.483 -16.2 -18.436 -20.451 -21.974 -23.025 -21.168 -20.729 -22.011 -23.062 -23.766 -24.211 -20.634 -22.396 -23.48 -23.973 -24.257 -22.61 -23.513 -23.999 -24.24 -24.402 -23.49 -22.954 -23.727 -24.466 -24.393 -24.142 -23.499
69.126621 -18.871 -17.215 -19.233 -21.186 -22.576 -23.524 -21.719 -21.44 -22.606 -23.555 -24.171 -24.549 -21.358 -22.954 -23.926 -24.353 -24.588 -23.14 -23.954 -24.376 -24.577 -24.712 -23.916 -23.449 -24.137 -24.727 -24.615 -24.334 -23.908
71.217308 -19.322 -18.23 -20.036 -21.908 -23.167 -24.014 -22.273 -22.139 -23.192 -24.04 -24.571 -24.883 -22.067 -23.503 -24.365 -24.728 -24.915 -23.664 -24.388 -24.748 -24.911 -25.019 -24.339 -23.938 -24.542 -24.986 -24.838 -24.527 -24.317
73.371227 -19.851 -19.235 -20.84 -22.616 -23.746 -24.495 -22.827 -22.824 -23.766 -24.516 -24.965 -25.213 -22.762 -24.042 -24.795 -25.097 -25.238 -24.181 -24.815 -25.115 -25.241 -25.324 -24.757 -24.419 -24.941 -25.244 -25.06 -24.722 -24.726
75.59029 -20.468 -20.223 -21.64 -23.306 -24.312 -24.965 -23.381 -23.493 -24.328 -24.982 -25.352 -25.538 -23.44 -24.57 -25.217 -25.459 -25.557 -24.689 -25.234 -25.475 -25.565 -25.625 -25.17 -24.891 -25.333 -25.5 -25.283 -24.919 -25.134
77.876467 -21.165 -21.189 -22.433 -23.979 -24.864 -25.424 -23.935 -24.144 -24.876 -25.436 -25.732 -25.859 -24.1 -25.085 -25.63 -25.815 -25.871 -25.186 -25.644 -25.829 -25.885 -25.923 -25.577 -25.354 -25.718 -25.754 -25.506 -25.117 -25.538
80.231787 -21.926 -22.129 -23.214 -24.632 -25.401 -25.871 -24.488 -24.777 -25.41 -25.88 -26.105 -26.175 -24.74 -25.586 -26.033 -26.164 -26.18 -25.671 -26.045 -26.176 -26.2 -26.217 -25.977 -25.806 -26.094 -26.007 -25.729 -25.316 -25.939
82.658343 -22.73 -23.042 -23.981 -25.265 -25.921 -26.305 -25.039 -25.389 -25.927 -26.311 -26.469 -26.485 -25.36 -26.074 -26.426 -26.505 -26.483 -26.144 -26.436 -26.516 -26.509 -26.508 -26.37 -26.247 -26.463 -26.258 -25.952 -25.517 -26.334
85.158288 -23.553 -23.924 -24.729 -25.875 -26.425 -26.726 -25.587 -25.981 -26.429 -26.73 -26.825 -26.79 -25.957 -26.546 -26.808 -26.839 -26.782 -26.603 -26.817 -26.848 -26.814 -26.795 -26.755 -26.677 -26.823 -26.507 -26.175 -25.719 -26.724
87.733843 -24.381 -24.774 -25.456 -26.463 -26.911 -27.135 -26.131 -26.551 -26.913 -27.136 -27.173 -27.09 -26.533 -27.003 -27.18 -27.165 -27.075 -27.048 -27.188 -27.174 -27.113 -27.079 -27.132 -27.094 -27.174 -26.754 -26.398 -25.922 -27.106
90.387293 -25.2 -25.589 -26.16 -27.028 -27.379 -27.53 -26.672 -27.098 -27.38 -27.529 -27.512 -27.385 -27.085 -27.444 -27.541 -27.484 -27.364 -27.478 -27.549 -27.492 -27.406 -27.359 -27.499 -27.499 -27.517 -27.0 -26.621 -26.127 -27.481
93.120995 -26.001 -26.369 -26.838 -27.569 -27.83 -27.912 -27.207 -27.624 -27.83 -27.91 -27.843 -27.674 -27.615 -27.87 -27.892 -27.796 -27.648 -27.894 -27.9 -27.804 -27.696 -27.637 -27.858 -27.892 -27.851 -27.244 -26.844 -26.333 -27.848
95.937376 -26.778 -27.113 -27.49 -28.086 -28.264 -28.282 -27.737 -28.126 -28.263 -28.278 -28.166 -27.958 -28.121 -28.281 -28.234 -28.101 -27.927 -28.296 -28.242 -28.109 -27.981 -27.913 -28.208 -28.272 -28.177 -27.487 -27.067 -26.541 -28.207
98.838937 -27.526 -27.82 -28.114 -28.581 -28.681 -28.641 -28.259 -28.607 -28.679 -28.635 -28.482 -28.238 -28.605 -28.676 -28.565 -28.4 -28.202 -28.683 -28.574 -28.408 -28.262 -28.187 -28.549 -28.64 -28.495 -27.729 -27.291 -26.75 -28.557
101.828253 -28.243 -28.49 -28.71 -29.053 -29.081 -28.987 -28.772 -29.066 -29.079 -28.981 -28.79 -28.514 -29.067 -29.058 -28.888 -28.693 -28.473 -29.058 -28.898 -28.702 -28.54 -28.46 -28.882 -28.996 -28.805 -27.97 -27.516 -26.961 -28.899
104.907979 -28.927 -29.123 -29.277 -29.503 -29.466 -29.324 -29.274 -29.505 -29.463 -29.316 -29.091 -28.786 -29.507 -29.426 -29.203 -28.98 -28.741 -29.42 -29.214 -28.991 -28.815 -28.733 -29.207 -29.342 -29.109 -28.21 -27.741 -27.174 -29.233
108.080849 -29.577 -29.721 -29.817 -29.932 -29.837 -29.65 -29.763 -29.924 -29.834 -29.642 -29.387 -29.055 -29.928 -29.781 -29.51 -29.263 -29.006 -29.771 -29.523 -29.276 -29.088 -29.008 -29.523 -29.678 -29.407 -28.45 -27.967 -27.389 -29.558
111.349681 -30.193 -30.284 -30.33 -30.342 -30.194 -29.968 -30.239 -30.325 -30.191 -29.96 -29.677 -29.321 -30.331 -30.125 -29.811 -29.541 -29.269 -30.111 -29.826 -29.558 -29.36 -29.285 -29.833 -30.004 -29.698 -28.69 -28.195 -27.607 -29.876
114.717376 -30.776 -30.814 -30.816 -30.735 -30.54 -30.279 -30.699 -30.71 -30.536 -30.269 -29.962 -29.585 -30.716 -30.459 -30.105 -29.816 -29.529 -30.442 -30.124 -29.837 -29.632 -29.567 -30.136 -30.321 -29.985 -28.93 -28.424 -27.827 -30.187
118.186925 -31.328 -31.314 -31.278 -31.111 -30.874 -30.582 -31.143 -31.079 -30.871 -30.572 -30.244 -29.847 -31.087 -30.783 -30.395 -30.088 -29.789 -30.766 -30.418 -30.116 -29.905 -29.854 -30.434 -30.632 -30.268 -29.171 -28.655 -28.05 -30.492
121.761408 -31.851 -31.785 -31.717 -31.473 -31.2 -30.879 -31.571 -31.435 -31.196 -30.869 -30.522 -30.108 -31.443 -31.098 -30.68 -30.358 -30.047 -31.082 -30.709 -30.394 -30.181 -30.151 -30.727 -30.935 -30.547 -29.413 -28.888 -28.275 -30.792
125.443999 -32.349 -32.231 -32.135 -31.823 -31.517 -31.172 -31.983 -31.778 -31.513 -31.162 -30.797 -30.369 -31.787 -31.407 -30.962 -30.626 -30.305 -31.394 -30.999 -30.673 -30.462 -30.46 -31.016 -31.234 -30.824 -29.657 -29.124 -28.504 -31.086
129.237967 -32.826 -32.654 -32.534 -32.161 -31.827 -31.461 -32.379 -32.112 -31.823 -31.45 -31.071 -30.629 -32.121 -31.71 -31.241 -30.893 -30.564 -31.702 -31.289 -30.955 -30.749 -30.784 -31.301 -31.527 -31.099 -29.902 -29.362 -28.736 -31.377
133.146681 -33.285 -33.056 -32.916 -32.49 -32.131 -31.747 -32.76 -32.436 -32.127 -31.736 -31.344 -30.89 -32.446 -32.008 -31.519 -31.16 -30.823 -32.008 -31.58 -31.242 -31.046 -31.127 -31.584 -31.818 -31.372 -30.15 -29.604 -28.973 -31.665
137.173612 -33.733 -33.442 -33.284 -32.811 -32.431 -32.03 -33.129 -32.754 -32.427 -32.019 -31.616 -31.152 -32.764 -32.303 -31.795 -31.427 -31.083 -32.315 -31.876 -31.536 -31.355 -31.494 -31.866 -32.105 -31.645 -30.4 -29.848 -29.213 -31.951
141.322334 -34.175 -33.813 -33.639 -33.126 -32.728 -32.313 -33.485 -33.066 -32.724 -32.302 -31.889 -31.416 -33.076 -32.595 -32.072 -31.695 -31.346 -32.624 -32.177 -31.84 -31.681 -31.89 -32.146 -32.391 -31.919 -30.654 -30.097 -29.457 -32.236
145.596532 -34.617 -34.173 -33.984 -33.436 -33.022 -32.595 -33.832 -33.373 -33.018 -32.584 -32.163 -31.681 -33.384 -32.885 -32.349 -31.965 -31.61 -32.939 -32.489 -32.159 -32.03 -32.318 -32.427 -32.676 -32.193 -30.911 -30.35 -29.706 -32.52
150.0 -35.065 -34.523 -34.32 -33.742 -33.315 -32.878 -34.171 -33.677 -33.311 -32.866 -32.438 -31.95 -33.688 -33.175 -32.627 -32.237 -31.878 -33.264 -32.814 -32.496 -32.406 -32.783 -32.708 -32.962 -32.469 -31.171 -30.606 -29.96 -32.804
