# %ECSV 1.0
# ---
# datatype:
# - {name: time, datatype: float64}
# - {name: swift_uvot_uvw2, datatype: float64}
# - {name: swift_uvot_uvm2, datatype: float64}
# - {name: swift_uvot_uvw1, datatype: float64}
# - {name: swift_uvot_U, datatype: float64}
# - {name: swift_uvot_B, datatype: float64}
# - {name: swift_uvot_V, datatype: float64}
# - {name: swift_uvot_W, datatype: float64}
# - {name: johnson_U, datatype: float64}
# - {name: johnson_B, datatype: float64}
# - {name: johnson_V, datatype: float64}
# - {name: johnson_R, datatype: float64}
# - {name: johnson_I, datatype: float64}
# - {name: sdss_u, datatype: float64}
# - {name: sdss_g, datatype: float64}
# - {name: sdss_r, datatype: float64}
# - {name: sdss_i, datatype: float64}
# - {name: sdss_z, datatype: float64}
# - {name: PS1_g, datatype: float64}
# - {name: PS1_r, datatype: float64}
# - {name: PS1_i, datatype: float64}
# - {name: PS1_z, datatype: float64}
# - {name: PS1_Y, datatype: float64}
# - {name: ukirt_J, datatype: float64}
# - {name: ukirt_H, datatype: float64}
# - {name: ukirt_K, datatype: float64}
# meta: !!omap
# - comment: [E = 0.0022477106672309025, Eta0 = 8.02, GammaB = 12.0, dL = 0.012188, epsb = 6.760829753919819e-06, epse = 0.1, n = 0.15848931924611143,
#     p = 2.15, theta_obs = 0.0, xiN = 1.0, z = 0.0, type = grb, E_kiso = 5.1794746792312125]
# schema: astropy-2.0
time swift_uvot_uvw2 swift_uvot_uvm2 swift_uvot_uvw1 swift_uvot_U swift_uvot_B swift_uvot_V swift_uvot_W johnson_U johnson_B johnson_V johnson_R johnson_I sdss_u sdss_g sdss_r sdss_i sdss_z PS1_g PS1_r PS1_i PS1_z PS1_Y ukirt_J ukirt_H ukirt_K
0.01 -8.955 -8.905 -8.98 -9.173 -9.316 -9.455 -9.094 -9.196 -9.318 -9.46 -9.6 -9.749 -9.191 -9.363 -9.535 -9.656 -9.766 -9.427 -9.569 -9.689 -9.788 -9.957 -9.978 -10.148 -10.338
0.0102 -8.976 -8.926 -9.001 -9.194 -9.336 -9.476 -9.115 -9.216 -9.339 -9.481 -9.621 -9.77 -9.211 -9.384 -9.556 -9.677 -9.787 -9.448 -9.59 -9.71 -9.809 -9.977 -9.999 -10.168 -10.359
0.0105 -8.997 -8.947 -9.022 -9.215 -9.357 -9.496 -9.136 -9.237 -9.36 -9.502 -9.642 -9.791 -9.232 -9.405 -9.577 -9.697 -9.808 -9.469 -9.611 -9.731 -9.83 -9.998 -10.02 -10.189 -10.38
0.0107 -9.017 -8.968 -9.043 -9.236 -9.378 -9.517 -9.156 -9.258 -9.381 -9.522 -9.663 -9.811 -9.253 -9.426 -9.597 -9.718 -9.829 -9.489 -9.632 -9.752 -9.851 -10.019 -10.041 -10.21 -10.4
0.011 -9.038 -8.989 -9.064 -9.257 -9.399 -9.538 -9.177 -9.279 -9.401 -9.543 -9.684 -9.832 -9.274 -9.446 -9.618 -9.739 -9.85 -9.51 -9.653 -9.773 -9.872 -10.04 -10.062 -10.231 -10.421
0.0113 -9.059 -9.01 -9.084 -9.277 -9.42 -9.559 -9.198 -9.3 -9.422 -9.564 -9.705 -9.853 -9.295 -9.467 -9.639 -9.76 -9.87 -9.531 -9.674 -9.793 -9.892 -10.061 -10.082 -10.252 -10.442
0.0115 -9.08 -9.03 -9.105 -9.298 -9.441 -9.58 -9.219 -9.321 -9.443 -9.585 -9.725 -9.874 -9.316 -9.488 -9.66 -9.781 -9.891 -9.552 -9.694 -9.814 -9.913 -10.082 -10.103 -10.273 -10.463
0.0118 -9.101 -9.051 -9.126 -9.319 -9.461 -9.601 -9.24 -9.341 -9.464 -9.606 -9.746 -9.895 -9.336 -9.509 -9.681 -9.801 -9.912 -9.573 -9.715 -9.835 -9.934 -10.102 -10.124 -10.293 -10.484
0.0121 -9.121 -9.072 -9.147 -9.34 -9.482 -9.621 -9.261 -9.362 -9.485 -9.627 -9.767 -9.916 -9.357 -9.53 -9.702 -9.822 -9.933 -9.594 -9.736 -9.856 -9.955 -10.123 -10.145 -10.314 -10.505
0.0124 -9.142 -9.093 -9.168 -9.361 -9.503 -9.642 -9.281 -9.383 -9.505 -9.647 -9.788 -9.936 -9.378 -9.551 -9.722 -9.843 -9.954 -9.614 -9.757 -9.877 -9.976 -10.144 -10.166 -10.335 -10.525
0.0127 -9.153 -9.103 -9.178 -9.371 -9.514 -9.653 -9.292 -9.393 -9.516 -9.658 -9.798 -9.947 -9.388 -9.561 -9.733 -9.854 -9.964 -9.625 -9.767 -9.887 -9.986 -10.154 -10.176 -10.346 -10.536
0.013 -9.153 -9.104 -9.179 -9.372 -9.514 -9.653 -9.293 -9.394 -9.517 -9.658 -9.799 -9.948 -9.389 -9.562 -9.734 -9.854 -9.965 -9.625 -9.768 -9.888 -9.987 -10.155 -10.177 -10.346 -10.537
0.0133 -9.154 -9.105 -9.18 -9.373 -9.515 -9.654 -9.293 -9.395 -9.517 -9.659 -9.8 -9.948 -9.39 -9.562 -9.734 -9.855 -9.966 -9.626 -9.769 -9.889 -9.988 -10.156 -10.178 -10.347 -10.537
0.0136 -9.155 -9.105 -9.18 -9.373 -9.516 -9.655 -9.294 -9.396 -9.518 -9.66 -9.8 -9.949 -9.391 -9.563 -9.735 -9.856 -9.966 -9.627 -9.769 -9.889 -9.988 -10.157 -10.178 -10.348 -10.538
0.014 -9.156 -9.106 -9.181 -9.374 -9.516 -9.655 -9.295 -9.396 -9.519 -9.661 -9.801 -9.95 -9.391 -9.564 -9.736 -9.856 -9.967 -9.628 -9.77 -9.89 -9.989 -10.157 -10.179 -10.348 -10.539
0.0143 -9.156 -9.107 -9.182 -9.375 -9.517 -9.656 -9.295 -9.397 -9.519 -9.661 -9.802 -9.95 -9.392 -9.565 -9.736 -9.857 -9.968 -9.628 -9.771 -9.891 -9.99 -10.158 -10.18 -10.349 -10.539
0.0146 -9.157 -9.107 -9.182 -9.375 -9.518 -9.657 -9.296 -9.398 -9.52 -9.662 -9.802 -9.951 -9.393 -9.565 -9.737 -9.858 -9.968 -9.629 -9.772 -9.891 -9.99 -10.159 -10.18 -10.35 -10.54
0.015 -9.158 -9.108 -9.183 -9.376 -9.518 -9.658 -9.297 -9.398 -9.521 -9.663 -9.803 -9.952 -9.393 -9.566 -9.738 -9.858 -9.969 -9.63 -9.772 -9.892 -9.991 -10.159 -10.181 -10.35 -10.541
0.0154 -9.158 -9.109 -9.184 -9.377 -9.519 -9.658 -9.297 -9.399 -9.521 -9.663 -9.804 -9.952 -9.394 -9.567 -9.738 -9.859 -9.97 -9.63 -9.773 -9.893 -9.992 -10.16 -10.182 -10.351 -10.541
0.0157 -9.159 -9.11 -9.184 -9.377 -9.52 -9.659 -9.298 -9.4 -9.522 -9.664 -9.805 -9.953 -9.395 -9.567 -9.739 -9.86 -9.97 -9.631 -9.774 -9.893 -9.992 -10.161 -10.182 -10.352 -10.542
0.0161 -9.158 -9.108 -9.183 -9.376 -9.519 -9.658 -9.297 -9.399 -9.521 -9.663 -9.803 -9.952 -9.393 -9.566 -9.738 -9.859 -9.969 -9.63 -9.772 -9.892 -9.991 -10.159 -10.181 -10.351 -10.541
0.0165 -9.156 -9.106 -9.181 -9.374 -9.516 -9.655 -9.295 -9.396 -9.519 -9.661 -9.801 -9.95 -9.391 -9.564 -9.736 -9.856 -9.967 -9.628 -9.77 -9.89 -9.989 -10.157 -10.179 -10.348 -10.539
0.0169 -9.153 -9.104 -9.179 -9.372 -9.514 -9.653 -9.292 -9.394 -9.516 -9.658 -9.799 -9.947 -9.389 -9.562 -9.733 -9.854 -9.965 -9.625 -9.768 -9.888 -9.987 -10.155 -10.177 -10.346 -10.536
0.0173 -9.151 -9.102 -9.176 -9.369 -9.512 -9.651 -9.29 -9.392 -9.514 -9.656 -9.797 -9.945 -9.387 -9.559 -9.731 -9.852 -9.963 -9.623 -9.766 -9.885 -9.984 -10.153 -10.174 -10.344 -10.534
0.0177 -9.149 -9.099 -9.174 -9.367 -9.51 -9.649 -9.288 -9.39 -9.512 -9.654 -9.794 -9.943 -9.385 -9.557 -9.729 -9.85 -9.96 -9.621 -9.763 -9.883 -9.982 -10.151 -10.172 -10.342 -10.532
0.0181 -9.147 -9.097 -9.172 -9.365 -9.507 -9.646 -9.286 -9.387 -9.51 -9.652 -9.792 -9.941 -9.382 -9.555 -9.727 -9.847 -9.958 -9.619 -9.761 -9.881 -9.98 -10.148 -10.17 -10.339 -10.53
0.0186 -9.144 -9.095 -9.17 -9.363 -9.505 -9.644 -9.283 -9.385 -9.507 -9.649 -9.79 -9.938 -9.38 -9.553 -9.724 -9.845 -9.956 -9.616 -9.759 -9.879 -9.978 -10.146 -10.168 -10.337 -10.527
0.019 -9.142 -9.093 -9.167 -9.36 -9.503 -9.642 -9.281 -9.383 -9.505 -9.647 -9.788 -9.936 -9.378 -9.55 -9.722 -9.843 -9.954 -9.614 -9.757 -9.877 -9.976 -10.144 -10.166 -10.335 -10.525
0.0195 -9.14 -9.09 -9.165 -9.358 -9.501 -9.64 -9.279 -9.381 -9.503 -9.645 -9.785 -9.934 -9.376 -9.548 -9.72 -9.841 -9.951 -9.612 -9.754 -9.874 -9.973 -10.142 -10.163 -10.333 -10.523
0.02 -9.138 -9.088 -9.163 -9.356 -9.498 -9.637 -9.277 -9.378 -9.501 -9.643 -9.783 -9.932 -9.373 -9.546 -9.718 -9.838 -9.949 -9.61 -9.752 -9.872 -9.971 -10.139 -10.161 -10.33 -10.521
0.0204 -9.126 -9.076 -9.151 -9.344 -9.486 -9.626 -9.265 -9.366 -9.489 -9.631 -9.771 -9.92 -9.361 -9.534 -9.706 -9.826 -9.937 -9.598 -9.74 -9.86 -9.959 -10.127 -10.149 -10.318 -10.509
0.0209 -9.111 -9.062 -9.137 -9.33 -9.472 -9.611 -9.25 -9.352 -9.474 -9.616 -9.757 -9.905 -9.347 -9.52 -9.691 -9.812 -9.923 -9.583 -9.726 -9.846 -9.945 -10.113 -10.135 -10.304 -10.494
0.0214 -9.097 -9.047 -9.122 -9.315 -9.458 -9.597 -9.236 -9.338 -9.46 -9.602 -9.742 -9.891 -9.333 -9.505 -9.677 -9.798 -9.908 -9.569 -9.712 -9.831 -9.93 -10.099 -10.12 -10.29 -10.48
0.022 -9.083 -9.033 -9.108 -9.301 -9.443 -9.582 -9.222 -9.323 -9.446 -9.588 -9.728 -9.877 -9.318 -9.491 -9.663 -9.783 -9.894 -9.555 -9.697 -9.817 -9.916 -10.084 -10.106 -10.275 -10.466
0.0225 -9.068 -9.019 -9.094 -9.287 -9.429 -9.568 -9.207 -9.309 -9.431 -9.573 -9.714 -9.862 -9.304 -9.476 -9.648 -9.769 -9.88 -9.54 -9.683 -9.803 -9.902 -10.07 -10.092 -10.261 -10.451
0.023 -9.054 -9.004 -9.079 -9.272 -9.415 -9.554 -9.193 -9.295 -9.417 -9.559 -9.699 -9.848 -9.29 -9.462 -9.634 -9.755 -9.865 -9.526 -9.668 -9.788 -9.887 -10.056 -10.077 -10.247 -10.437
0.0236 -9.039 -8.99 -9.065 -9.258 -9.4 -9.539 -9.179 -9.28 -9.403 -9.544 -9.685 -9.834 -9.275 -9.448 -9.62 -9.74 -9.851 -9.511 -9.654 -9.774 -9.873 -10.041 -10.063 -10.232 -10.423
0.0242 -9.025 -8.976 -9.05 -9.243 -9.386 -9.525 -9.164 -9.266 -9.388 -9.53 -9.671 -9.819 -9.261 -9.433 -9.605 -9.726 -9.837 -9.497 -9.64 -9.76 -9.859 -10.027 -10.049 -10.218 -10.408
0.0247 -9.011 -8.961 -9.036 -9.229 -9.371 -9.511 -9.15 -9.251 -9.374 -9.516 -9.656 -9.805 -9.246 -9.419 -9.591 -9.712 -9.822 -9.483 -9.625 -9.745 -9.844 -10.012 -10.034 -10.203 -10.394
0.0253 -8.996 -8.947 -9.022 -9.215 -9.357 -9.496 -9.135 -9.237 -9.36 -9.501 -9.642 -9.79 -9.232 -9.405 -9.576 -9.697 -9.808 -9.468 -9.611 -9.731 -9.83 -9.998 -10.02 -10.189 -10.379
0.0259 -8.992 -8.943 -9.018 -9.211 -9.353 -9.492 -9.131 -9.233 -9.355 -9.497 -9.638 -9.786 -9.228 -9.401 -9.572 -9.693 -9.804 -9.464 -9.607 -9.727 -9.826 -9.994 -10.016 -10.185 -10.375
0.0266 -8.989 -8.939 -9.014 -9.207 -9.35 -9.489 -9.128 -9.23 -9.352 -9.494 -9.634 -9.783 -9.225 -9.397 -9.569 -9.69 -9.8 -9.461 -9.604 -9.723 -9.822 -9.991 -10.012 -10.182 -10.372
0.0272 -8.986 -8.936 -9.011 -9.204 -9.346 -9.485 -9.125 -9.226 -9.349 -9.491 -9.631 -9.78 -9.221 -9.394 -9.566 -9.686 -9.797 -9.458 -9.6 -9.72 -9.819 -9.987 -10.009 -10.178 -10.369
0.0279 -8.982 -8.933 -9.008 -9.201 -9.343 -9.482 -9.121 -9.223 -9.345 -9.487 -9.628 -9.776 -9.218 -9.39 -9.562 -9.683 -9.794 -9.454 -9.597 -9.717 -9.816 -9.984 -10.006 -10.175 -10.365
0.0285 -8.979 -8.929 -9.004 -9.197 -9.34 -9.479 -9.118 -9.219 -9.342 -9.484 -9.624 -9.773 -9.214 -9.387 -9.559 -9.68 -9.79 -9.451 -9.593 -9.713 -9.812 -9.98 -10.002 -10.172 -10.362
0.0292 -8.975 -8.926 -9.001 -9.194 -9.336 -9.475 -9.114 -9.216 -9.339 -9.48 -9.621 -9.769 -9.211 -9.384 -9.556 -9.676 -9.787 -9.447 -9.59 -9.71 -9.809 -9.977 -9.999 -10.168 -10.358
0.0299 -8.972 -8.923 -8.997 -9.19 -9.333 -9.472 -9.111 -9.213 -9.335 -9.477 -9.617 -9.766 -9.208 -9.38 -9.552 -9.673 -9.783 -9.444 -9.587 -9.706 -9.805 -9.974 -9.995 -10.165 -10.355
0.0307 -8.969 -8.919 -8.994 -9.187 -9.329 -9.468 -9.108 -9.209 -9.332 -9.474 -9.614 -9.763 -9.204 -9.377 -9.549 -9.669 -9.78 -9.441 -9.583 -9.703 -9.802 -9.97 -9.992 -10.161 -10.352
0.0314 -8.965 -8.916 -8.991 -9.184 -9.326 -9.465 -9.104 -9.206 -9.328 -9.47 -9.611 -9.759 -9.201 -9.373 -9.545 -9.666 -9.777 -9.437 -9.58 -9.7 -9.799 -9.967 -9.989 -10.158 -10.348
0.0322 -8.962 -8.913 -8.988 -9.18 -9.323 -9.462 -9.101 -9.203 -9.325 -9.467 -9.608 -9.756 -9.198 -9.37 -9.542 -9.663 -9.774 -9.434 -9.577 -9.697 -9.796 -9.964 -9.986 -10.155 -10.345
0.0329 -8.962 -8.913 -8.988 -9.181 -9.323 -9.462 -9.101 -9.203 -9.326 -9.467 -9.608 -9.756 -9.198 -9.371 -9.543 -9.663 -9.774 -9.434 -9.577 -9.697 -9.796 -9.964 -9.986 -10.155 -10.346
0.0337 -8.963 -8.913 -8.988 -9.181 -9.323 -9.463 -9.102 -9.203 -9.326 -9.468 -9.608 -9.757 -9.198 -9.371 -9.543 -9.664 -9.774 -9.435 -9.577 -9.697 -9.796 -9.964 -9.986 -10.155 -10.346
0.0345 -8.963 -8.914 -8.988 -9.181 -9.324 -9.463 -9.102 -9.204 -9.326 -9.468 -9.608 -9.757 -9.199 -9.371 -9.543 -9.664 -9.774 -9.435 -9.578 -9.697 -9.796 -9.965 -9.986 -10.156 -10.346
0.0354 -8.963 -8.914 -8.989 -9.182 -9.324 -9.463 -9.102 -9.204 -9.326 -9.468 -9.609 -9.757 -9.199 -9.372 -9.543 -9.664 -9.775 -9.435 -9.578 -9.698 -9.797 -9.965 -9.987 -10.156 -10.346
0.0362 -8.964 -8.914 -8.989 -9.182 -9.324 -9.463 -9.103 -9.204 -9.327 -9.469 -9.609 -9.758 -9.199 -9.372 -9.544 -9.664 -9.775 -9.436 -9.578 -9.698 -9.797 -9.965 -9.987 -10.156 -10.347
0.0371 -8.964 -8.914 -8.989 -9.182 -9.325 -9.464 -9.103 -9.205 -9.327 -9.469 -9.609 -9.758 -9.2 -9.372 -9.544 -9.665 -9.775 -9.436 -9.578 -9.698 -9.797 -9.966 -9.987 -10.157 -10.347
0.038 -8.964 -8.915 -8.989 -9.182 -9.325 -9.464 -9.103 -9.205 -9.327 -9.469 -9.61 -9.758 -9.2 -9.372 -9.544 -9.665 -9.776 -9.436 -9.579 -9.699 -9.798 -9.966 -9.988 -10.157 -10.347
0.0389 -8.964 -8.915 -8.99 -9.183 -9.325 -9.464 -9.103 -9.205 -9.328 -9.469 -9.61 -9.758 -9.2 -9.373 -9.545 -9.665 -9.776 -9.436 -9.579 -9.699 -9.798 -9.966 -9.988 -10.157 -10.347
0.0398 -8.965 -8.915 -8.99 -9.183 -9.325 -9.465 -9.104 -9.205 -9.328 -9.47 -9.61 -9.759 -9.2 -9.373 -9.545 -9.665 -9.776 -9.437 -9.579 -9.699 -9.798 -9.966 -9.988 -10.157 -10.348
0.0408 -8.962 -8.913 -8.988 -9.18 -9.323 -9.462 -9.101 -9.203 -9.325 -9.467 -9.608 -9.756 -9.198 -9.37 -9.542 -9.663 -9.774 -9.434 -9.577 -9.697 -9.796 -9.964 -9.986 -10.155 -10.345
0.0418 -8.95 -8.901 -8.975 -9.168 -9.311 -9.45 -9.089 -9.191 -9.313 -9.455 -9.596 -9.744 -9.186 -9.358 -9.53 -9.651 -9.761 -9.422 -9.565 -9.684 -9.783 -9.952 -9.973 -10.143 -10.333
0.0428 -8.938 -8.888 -8.963 -9.156 -9.299 -9.438 -9.077 -9.179 -9.301 -9.443 -9.583 -9.732 -9.174 -9.346 -9.518 -9.639 -9.749 -9.41 -9.553 -9.672 -9.771 -9.94 -9.961 -10.131 -10.321
0.0438 -8.926 -8.876 -8.951 -9.144 -9.287 -9.426 -9.065 -9.167 -9.289 -9.431 -9.571 -9.72 -9.162 -9.334 -9.506 -9.627 -9.737 -9.398 -9.54 -9.66 -9.759 -9.928 -9.949 -10.119 -10.309
0.0449 -8.914 -8.864 -8.939 -9.132 -9.275 -9.414 -9.053 -9.155 -9.277 -9.419 -9.559 -9.708 -9.149 -9.322 -9.494 -9.615 -9.725 -9.386 -9.528 -9.648 -9.747 -9.916 -9.937 -10.107 -10.297
0.046 -8.902 -8.852 -8.927 -9.12 -9.262 -9.402 -9.041 -9.142 -9.265 -9.407 -9.547 -9.696 -9.137 -9.31 -9.482 -9.603 -9.713 -9.374 -9.516 -9.636 -9.735 -9.903 -9.925 -10.094 -10.285
0.0471 -8.89 -8.84 -8.915 -9.108 -9.25 -9.389 -9.029 -9.13 -9.253 -9.395 -9.535 -9.684 -9.125 -9.298 -9.47 -9.59 -9.701 -9.362 -9.504 -9.624 -9.723 -9.891 -9.913 -10.082 -10.273
0.0482 -8.878 -8.828 -8.903 -9.096 -9.238 -9.377 -9.017 -9.118 -9.241 -9.383 -9.523 -9.672 -9.113 -9.286 -9.458 -9.578 -9.689 -9.35 -9.492 -9.612 -9.711 -9.879 -9.901 -10.07 -10.261
0.0494 -8.865 -8.816 -8.891 -9.084 -9.226 -9.365 -9.005 -9.106 -9.229 -9.37 -9.511 -9.66 -9.101 -9.274 -9.446 -9.566 -9.677 -9.337 -9.48 -9.6 -9.699 -9.867 -9.889 -10.058 -10.249
0.0506 -8.853 -8.804 -8.879 -9.072 -9.214 -9.353 -8.992 -9.094 -9.217 -9.358 -9.499 -9.647 -9.089 -9.262 -9.433 -9.554 -9.665 -9.325 -9.468 -9.588 -9.687 -9.855 -9.877 -10.046 -10.236
0.0518 -8.839 -8.789 -8.864 -9.057 -9.199 -9.339 -8.978 -9.079 -9.202 -9.344 -9.484 -9.633 -9.074 -9.247 -9.419 -9.54 -9.65 -9.311 -9.453 -9.573 -9.672 -9.84 -9.862 -10.031 -10.222
0.053 -8.82 -8.77 -8.845 -9.038 -9.181 -9.32 -8.959 -9.061 -9.183 -9.325 -9.465 -9.614 -9.056 -9.228 -9.4 -9.521 -9.631 -9.292 -9.434 -9.554 -9.653 -9.822 -9.843 -10.013 -10.203
0.0543 -8.801 -8.751 -8.826 -9.019 -9.162 -9.301 -8.94 -9.042 -9.164 -9.306 -9.446 -9.595 -9.037 -9.209 -9.381 -9.502 -9.612 -9.273 -9.416 -9.535 -9.634 -9.803 -9.824 -9.994 -10.184
0.0556 -8.782 -8.733 -8.807 -9.0 -9.143 -9.282 -8.921 -9.023 -9.145 -9.287 -9.427 -9.576 -9.018 -9.19 -9.362 -9.483 -9.593 -9.254 -9.397 -9.516 -9.615 -9.784 -9.805 -9.975 -10.165
0.057 -8.763 -8.714 -8.788 -8.981 -9.124 -9.263 -8.902 -9.004 -9.126 -9.268 -9.409 -9.557 -8.999 -9.171 -9.343 -9.464 -9.575 -9.235 -9.378 -9.497 -9.597 -9.765 -9.786 -9.956 -10.146
0.0584 -8.744 -8.695 -8.77 -8.962 -9.105 -9.244 -8.883 -8.985 -9.107 -9.249 -9.39 -9.538 -8.98 -9.152 -9.324 -9.445 -9.556 -9.216 -9.359 -9.479 -9.578 -9.746 -9.768 -9.937 -10.127
0.0598 -8.725 -8.676 -8.751 -8.944 -9.086 -9.225 -8.864 -8.966 -9.088 -9.23 -9.371 -9.519 -8.961 -9.134 -9.305 -9.426 -9.537 -9.197 -9.34 -9.46 -9.559 -9.727 -9.749 -9.918 -10.108
0.0612 -8.706 -8.657 -8.732 -8.925 -9.067 -9.206 -8.845 -8.947 -9.069 -9.211 -9.352 -9.5 -8.942 -9.115 -9.286 -9.407 -9.518 -9.178 -9.321 -9.441 -9.54 -9.708 -9.73 -9.899 -10.089
0.0627 -8.687 -8.638 -8.713 -8.906 -9.048 -9.187 -8.826 -8.928 -9.051 -9.192 -9.333 -9.481 -8.923 -9.096 -9.268 -9.388 -9.499 -9.159 -9.302 -9.422 -9.521 -9.689 -9.711 -9.88 -10.07
0.0642 -8.668 -8.619 -8.694 -8.887 -9.029 -9.168 -8.808 -8.909 -9.032 -9.173 -9.314 -9.463 -8.904 -9.077 -9.249 -9.369 -9.48 -9.14 -9.283 -9.403 -9.502 -9.67 -9.692 -9.861 -10.052
0.0657 -8.649 -8.599 -8.674 -8.867 -9.009 -9.148 -8.788 -8.889 -9.012 -9.154 -9.294 -9.443 -8.884 -9.057 -9.229 -9.349 -9.46 -9.121 -9.263 -9.383 -9.482 -9.65 -9.672 -9.841 -10.032
0.0673 -8.628 -8.578 -8.653 -8.846 -8.988 -9.127 -8.767 -8.868 -8.991 -9.133 -9.273 -9.422 -8.863 -9.036 -9.208 -9.328 -9.439 -9.1 -9.242 -9.362 -9.461 -9.629 -9.651 -9.82 -10.011
0.0689 -8.607 -8.557 -8.632 -8.825 -8.967 -9.107 -8.746 -8.847 -8.97 -9.112 -9.252 -9.401 -8.842 -9.015 -9.187 -9.308 -9.418 -9.079 -9.221 -9.341 -9.44 -9.608 -9.63 -9.799 -9.99
0.0706 -8.586 -8.536 -8.611 -8.804 -8.947 -9.086 -8.725 -8.827 -8.949 -9.091 -9.231 -9.38 -8.821 -8.994 -9.166 -9.287 -9.397 -9.058 -9.2 -9.32 -9.419 -9.588 -9.609 -9.779 -9.969
0.0723 -8.565 -8.515 -8.59 -8.783 -8.926 -9.065 -8.704 -8.806 -8.928 -9.07 -9.21 -9.359 -8.801 -8.973 -9.145 -9.266 -9.376 -9.037 -9.179 -9.299 -9.398 -9.567 -9.588 -9.758 -9.948
0.0741 -8.544 -8.495 -8.569 -8.762 -8.905 -9.044 -8.683 -8.785 -8.907 -9.049 -9.189 -9.338 -8.78 -8.952 -9.124 -9.245 -9.355 -9.016 -9.159 -9.278 -9.377 -9.546 -9.567 -9.737 -9.927
0.0758 -8.523 -8.474 -8.548 -8.741 -8.884 -9.023 -8.662 -8.764 -8.886 -9.028 -9.169 -9.317 -8.759 -8.931 -9.103 -9.224 -9.335 -8.995 -9.138 -9.258 -9.357 -9.525 -9.546 -9.716 -9.906
0.0777 -8.502 -8.453 -8.528 -8.721 -8.863 -9.002 -8.641 -8.743 -8.865 -9.007 -9.148 -9.296 -8.738 -8.91 -9.082 -9.203 -9.314 -8.974 -9.117 -9.237 -9.336 -9.504 -9.526 -9.695 -9.885
0.0795 -8.481 -8.432 -8.507 -8.7 -8.842 -8.981 -8.62 -8.722 -8.844 -8.986 -9.127 -9.275 -8.717 -8.89 -9.061 -9.182 -9.293 -8.953 -9.096 -9.216 -9.315 -9.483 -9.505 -9.674 -9.864
0.0815 -8.46 -8.411 -8.486 -8.679 -8.821 -8.96 -8.599 -8.701 -8.824 -8.965 -9.106 -9.254 -8.696 -8.869 -9.04 -9.161 -9.272 -8.932 -9.075 -9.195 -9.294 -9.462 -9.484 -9.653 -9.843
0.0834 -8.433 -8.384 -8.459 -8.652 -8.794 -8.933 -8.572 -8.674 -8.797 -8.938 -9.079 -9.227 -8.669 -8.842 -9.014 -9.134 -9.245 -8.905 -9.048 -9.168 -9.267 -9.435 -9.457 -9.626 -9.817
0.0854 -8.403 -8.354 -8.429 -8.622 -8.764 -8.903 -8.542 -8.644 -8.766 -8.908 -9.049 -9.197 -8.639 -8.812 -8.983 -9.104 -9.215 -8.875 -9.018 -9.138 -9.237 -9.405 -9.427 -9.596 -9.786
0.0875 -8.373 -8.324 -8.399 -8.592 -8.734 -8.873 -8.512 -8.614 -8.736 -8.878 -9.019 -9.167 -8.609 -8.782 -8.953 -9.074 -9.185 -8.845 -8.988 -9.108 -9.207 -9.375 -9.397 -9.566 -9.756
0.0896 -8.343 -8.294 -8.369 -8.562 -8.704 -8.843 -8.482 -8.584 -8.706 -8.848 -8.989 -9.137 -8.579 -8.751 -8.923 -9.044 -9.155 -8.815 -8.958 -9.078 -9.177 -9.345 -9.367 -9.536 -9.726
0.0918 -8.313 -8.264 -8.338 -8.531 -8.674 -8.813 -8.452 -8.554 -8.676 -8.818 -8.959 -9.107 -8.549 -8.721 -8.893 -9.014 -9.125 -8.785 -8.928 -9.048 -9.147 -9.315 -9.337 -9.506 -9.696
0.094 -8.283 -8.234 -8.308 -8.501 -8.644 -8.783 -8.422 -8.524 -8.646 -8.788 -8.929 -9.077 -8.519 -8.691 -8.863 -8.984 -9.094 -8.755 -8.898 -9.017 -9.116 -9.285 -9.306 -9.476 -9.666
0.0963 -8.253 -8.203 -8.278 -8.471 -8.614 -8.753 -8.392 -8.494 -8.616 -8.758 -8.898 -9.047 -8.489 -8.661 -8.833 -8.954 -9.064 -8.725 -8.868 -8.987 -9.086 -9.255 -9.276 -9.446 -9.636
0.0986 -8.223 -8.173 -8.248 -8.441 -8.584 -8.723 -8.362 -8.464 -8.586 -8.728 -8.868 -9.017 -8.459 -8.631 -8.803 -8.924 -9.034 -8.695 -8.837 -8.957 -9.056 -9.225 -9.246 -9.416 -9.606
0.101 -8.193 -8.143 -8.218 -8.411 -8.554 -8.693 -8.332 -8.434 -8.556 -8.698 -8.838 -8.987 -8.428 -8.601 -8.773 -8.894 -9.004 -8.665 -8.807 -8.927 -9.026 -9.195 -9.216 -9.386 -9.576
0.1034 -8.163 -8.113 -8.188 -8.381 -8.523 -8.663 -8.302 -8.403 -8.526 -8.668 -8.808 -8.957 -8.398 -8.571 -8.743 -8.864 -8.974 -8.635 -8.777 -8.897 -8.996 -9.164 -9.186 -9.355 -9.546
0.1059 -8.126 -8.077 -8.152 -8.345 -8.487 -8.626 -8.265 -8.367 -8.489 -8.631 -8.772 -8.92 -8.362 -8.535 -8.706 -8.827 -8.938 -8.598 -8.741 -8.861 -8.96 -9.128 -9.15 -9.319 -9.509
0.1084 -8.088 -8.039 -8.114 -8.307 -8.449 -8.588 -8.227 -8.329 -8.451 -8.593 -8.734 -8.882 -8.324 -8.497 -8.668 -8.789 -8.9 -8.56 -8.703 -8.823 -8.922 -9.09 -9.112 -9.281 -9.471
0.1111 -8.05 -8.001 -8.076 -8.269 -8.411 -8.55 -8.189 -8.291 -8.413 -8.555 -8.696 -8.844 -8.286 -8.458 -8.63 -8.751 -8.862 -8.522 -8.665 -8.785 -8.884 -9.052 -9.074 -9.243 -9.433
0.1137 -8.012 -7.963 -8.038 -8.231 -8.373 -8.512 -8.151 -8.253 -8.375 -8.517 -8.658 -8.806 -8.248 -8.42 -8.592 -8.713 -8.824 -8.484 -8.627 -8.747 -8.846 -9.014 -9.036 -9.205 -9.395
0.1165 -7.974 -7.925 -8.0 -8.193 -8.335 -8.474 -8.113 -8.215 -8.337 -8.479 -8.62 -8.768 -8.21 -8.382 -8.554 -8.675 -8.786 -8.446 -8.589 -8.709 -8.808 -8.976 -8.998 -9.167 -9.357
0.1193 -7.936 -7.887 -7.962 -8.154 -8.297 -8.436 -8.075 -8.177 -8.299 -8.441 -8.582 -8.73 -8.172 -8.344 -8.516 -8.637 -8.748 -8.408 -8.551 -8.671 -8.77 -8.938 -8.96 -9.129 -9.319
0.1222 -7.898 -7.849 -7.924 -8.116 -8.259 -8.398 -8.037 -8.139 -8.261 -8.403 -8.544 -8.692 -8.134 -8.306 -8.478 -8.599 -8.71 -8.37 -8.513 -8.633 -8.732 -8.9 -8.922 -9.091 -9.281
0.1251 -7.86 -7.811 -7.885 -8.078 -8.221 -8.36 -7.999 -8.101 -8.223 -8.365 -8.506 -8.654 -8.096 -8.268 -8.44 -8.561 -8.672 -8.332 -8.475 -8.595 -8.694 -8.862 -8.884 -9.053 -9.243
0.1281 -7.822 -7.773 -7.847 -8.04 -8.183 -8.322 -7.961 -8.063 -8.185 -8.327 -8.468 -8.616 -8.058 -8.23 -8.402 -8.523 -8.634 -8.294 -8.437 -8.557 -8.656 -8.824 -8.846 -9.015 -9.205
0.1312 -7.784 -7.735 -7.809 -8.002 -8.145 -8.284 -7.923 -8.025 -8.147 -8.289 -8.43 -8.578 -8.02 -8.192 -8.364 -8.485 -8.596 -8.256 -8.399 -8.518 -8.618 -8.786 -8.807 -8.977 -9.167
0.1344 -7.744 -7.695 -7.77 -7.963 -8.105 -8.244 -7.883 -7.985 -8.108 -8.249 -8.39 -8.538 -7.98 -8.153 -8.324 -8.445 -8.556 -8.216 -8.359 -8.479 -8.578 -8.746 -8.768 -8.937 -9.127
0.1376 -7.705 -7.655 -7.73 -7.923 -8.065 -8.204 -7.844 -7.945 -8.068 -8.21 -8.35 -8.499 -7.94 -8.113 -8.285 -8.405 -8.516 -8.177 -8.319 -8.439 -8.538 -8.706 -8.728 -8.897 -9.088
0.141 -7.665 -7.615 -7.69 -7.883 -8.025 -8.165 -7.804 -7.905 -8.028 -8.17 -8.31 -8.459 -7.9 -8.073 -8.245 -8.366 -8.476 -8.137 -8.279 -8.399 -8.498 -8.666 -8.688 -8.857 -9.048
0.1444 -7.625 -7.575 -7.65 -7.843 -7.986 -8.125 -7.764 -7.866 -7.988 -8.13 -8.27 -8.419 -7.861 -8.033 -8.205 -8.326 -8.436 -8.097 -8.24 -8.359 -8.458 -8.627 -8.648 -8.818 -9.008
0.1478 -7.585 -7.536 -7.61 -7.803 -7.946 -8.085 -7.724 -7.826 -7.948 -8.09 -8.231 -8.379 -7.821 -7.993 -8.165 -8.286 -8.397 -8.057 -8.2 -8.32 -8.419 -8.587 -8.609 -8.778 -8.968
0.1514 -7.545 -7.496 -7.571 -7.764 -7.906 -8.045 -7.684 -7.786 -7.908 -8.05 -8.191 -8.339 -7.781 -7.954 -8.125 -8.246 -8.357 -8.017 -8.16 -8.28 -8.379 -8.547 -8.569 -8.738 -8.928
0.1551 -7.505 -7.456 -7.531 -7.724 -7.866 -8.005 -7.645 -7.746 -7.869 -8.011 -8.151 -8.3 -7.741 -7.914 -8.086 -8.206 -8.317 -7.978 -8.12 -8.24 -8.339 -8.507 -8.529 -8.698 -8.889
0.1588 -7.466 -7.416 -7.491 -7.684 -7.826 -7.966 -7.605 -7.706 -7.829 -7.971 -8.111 -8.26 -7.701 -7.874 -8.046 -8.166 -8.277 -7.938 -8.08 -8.2 -8.299 -8.467 -8.489 -8.658 -8.849
0.1626 -7.426 -7.376 -7.451 -7.644 -7.787 -7.926 -7.565 -7.667 -7.789 -7.931 -8.071 -8.22 -7.662 -7.834 -8.006 -8.127 -8.237 -7.898 -8.04 -8.16 -8.259 -8.428 -8.449 -8.619 -8.809
0.1666 -7.385 -7.336 -7.411 -7.604 -7.746 -7.885 -7.524 -7.626 -7.748 -7.89 -8.031 -8.179 -7.621 -7.793 -7.965 -8.086 -8.197 -7.857 -8.0 -8.12 -8.219 -8.387 -8.409 -8.578 -8.768
0.1706 -7.336 -7.286 -7.361 -7.554 -7.697 -7.836 -7.475 -7.576 -7.699 -7.841 -7.981 -8.13 -7.571 -7.744 -7.916 -8.037 -8.147 -7.808 -7.95 -8.07 -8.169 -8.337 -8.359 -8.529 -8.719
0.1747 -7.286 -7.237 -7.312 -7.505 -7.647 -7.786 -7.425 -7.527 -7.649 -7.791 -7.932 -8.08 -7.522 -7.695 -7.866 -7.987 -8.098 -7.758 -7.901 -8.021 -8.12 -8.288 -8.31 -8.479 -8.669
0.1789 -7.237 -7.187 -7.262 -7.455 -7.598 -7.737 -7.376 -7.478 -7.6 -7.742 -7.882 -8.031 -7.473 -7.645 -7.817 -7.938 -8.048 -7.709 -7.851 -7.971 -8.07 -8.239 -8.26 -8.43 -8.62
0.1832 -7.187 -7.138 -7.213 -7.406 -7.548 -7.687 -7.327 -7.428 -7.551 -7.692 -7.833 -7.982 -7.423 -7.596 -7.768 -7.888 -7.999 -7.659 -7.802 -7.922 -8.021 -8.189 -8.211 -8.38 -8.571
0.1876 -7.138 -7.089 -7.163 -7.356 -7.499 -7.638 -7.277 -7.379 -7.501 -7.643 -7.784 -7.932 -7.374 -7.546 -7.718 -7.839 -7.949 -7.61 -7.753 -7.872 -7.971 -8.14 -8.161 -8.331 -8.521
0.1922 -7.089 -7.039 -7.114 -7.307 -7.449 -7.588 -7.228 -7.329 -7.452 -7.594 -7.734 -7.883 -7.324 -7.497 -7.669 -7.789 -7.9 -7.561 -7.703 -7.823 -7.922 -8.09 -8.112 -8.281 -8.472
0.1968 -7.039 -6.99 -7.065 -7.257 -7.4 -7.539 -7.178 -7.28 -7.402 -7.544 -7.685 -7.833 -7.275 -7.447 -7.619 -7.74 -7.851 -7.511 -7.654 -7.774 -7.873 -8.041 -8.063 -8.232 -8.422
0.2015 -6.99 -6.94 -7.015 -7.208 -7.35 -7.49 -7.129 -7.23 -7.353 -7.495 -7.635 -7.784 -7.225 -7.398 -7.57 -7.691 -7.801 -7.462 -7.604 -7.724 -7.823 -7.991 -8.013 -8.182 -8.373
0.2064 -6.94 -6.891 -6.966 -7.159 -7.301 -7.44 -7.079 -7.181 -7.303 -7.445 -7.586 -7.734 -7.176 -7.349 -7.52 -7.641 -7.752 -7.412 -7.555 -7.675 -7.774 -7.942 -7.964 -8.133 -8.323
0.2114 -6.889 -6.84 -6.915 -7.107 -7.25 -7.389 -7.028 -7.13 -7.252 -7.394 -7.535 -7.683 -7.125 -7.297 -7.469 -7.59 -7.701 -7.361 -7.504 -7.624 -7.723 -7.891 -7.913 -8.082 -8.272
0.2165 -6.832 -6.783 -6.858 -7.051 -7.193 -7.332 -6.971 -7.073 -7.196 -7.337 -7.478 -7.626 -7.068 -7.241 -7.413 -7.533 -7.644 -7.304 -7.447 -7.567 -7.666 -7.834 -7.856 -8.025 -8.216
0.2217 -6.776 -6.726 -6.801 -6.994 -7.136 -7.276 -6.915 -7.016 -7.139 -7.281 -7.421 -7.57 -7.011 -7.184 -7.356 -7.476 -7.587 -7.248 -7.39 -7.51 -7.609 -7.777 -7.799 -7.968 -8.159
0.2271 -6.719 -6.669 -6.744 -6.937 -7.08 -7.219 -6.858 -6.96 -7.082 -7.224 -7.364 -7.513 -6.955 -7.127 -7.299 -7.42 -7.53 -7.191 -7.334 -7.453 -7.552 -7.721 -7.742 -7.912 -8.102
0.2325 -6.662 -6.613 -6.688 -6.881 -7.023 -7.162 -6.801 -6.903 -7.025 -7.167 -7.308 -7.456 -6.898 -7.07 -7.242 -7.363 -7.474 -7.134 -7.277 -7.397 -7.496 -7.664 -7.686 -7.855 -8.045
0.2381 -6.605 -6.556 -6.631 -6.824 -6.966 -7.105 -6.744 -6.846 -6.969 -7.11 -7.251 -7.4 -6.841 -7.014 -7.186 -7.306 -7.417 -7.077 -7.22 -7.34 -7.439 -7.607 -7.629 -7.798 -7.989
0.2439 -6.549 -6.499 -6.574 -6.767 -6.909 -7.049 -6.688 -6.789 -6.912 -7.054 -7.194 -7.343 -6.784 -6.957 -7.129 -7.25 -7.36 -7.021 -7.163 -7.283 -7.382 -7.55 -7.572 -7.741 -7.932
0.2498 -6.492 -6.442 -6.517 -6.71 -6.853 -6.992 -6.631 -6.733 -6.855 -6.997 -7.137 -7.286 -6.728 -6.9 -7.072 -7.193 -7.303 -6.964 -7.107 -7.226 -7.325 -7.494 -7.515 -7.685 -7.875
0.2558 -6.435 -6.386 -6.461 -6.654 -6.796 -6.935 -6.574 -6.676 -6.798 -6.94 -7.081 -7.229 -6.671 -6.843 -7.015 -7.136 -7.247 -6.907 -7.05 -7.17 -7.269 -7.437 -7.459 -7.628 -7.818
0.262 -6.378 -6.329 -6.404 -6.597 -6.739 -6.878 -6.518 -6.619 -6.742 -6.883 -7.024 -7.173 -6.614 -6.787 -6.959 -7.079 -7.19 -6.85 -6.993 -7.113 -7.212 -7.38 -7.402 -7.571 -7.762
0.2683 -6.323 -6.273 -6.348 -6.541 -6.683 -6.823 -6.462 -6.563 -6.686 -6.828 -6.968 -7.117 -6.558 -6.731 -6.903 -7.024 -7.134 -6.795 -6.937 -7.057 -7.156 -7.324 -7.346 -7.515 -7.706
0.2748 -6.269 -6.219 -6.294 -6.487 -6.629 -6.769 -6.408 -6.509 -6.632 -6.774 -6.914 -7.063 -6.504 -6.677 -6.849 -6.969 -7.08 -6.741 -6.883 -7.003 -7.102 -7.27 -7.292 -7.461 -7.652
0.2814 -6.215 -6.165 -6.24 -6.433 -6.575 -6.714 -6.354 -6.455 -6.578 -6.72 -6.86 -7.009 -6.45 -6.623 -6.795 -6.915 -7.026 -6.687 -6.829 -6.949 -7.048 -7.216 -7.238 -7.407 -7.598
0.2882 -6.161 -6.111 -6.186 -6.379 -6.521 -6.66 -6.3 -6.401 -6.524 -6.666 -6.806 -6.955 -6.396 -6.569 -6.741 -6.861 -6.972 -6.633 -6.775 -6.895 -6.994 -7.162 -7.184 -7.353 -7.544
0.2951 -6.107 -6.057 -6.132 -6.325 -6.467 -6.606 -6.246 -6.347 -6.47 -6.612 -6.752 -6.901 -6.342 -6.515 -6.687 -6.807 -6.918 -6.579 -6.721 -6.841 -6.94 -7.108 -7.13 -7.299 -7.49
0.3022 -6.052 -6.003 -6.078 -6.271 -6.413 -6.552 -6.192 -6.293 -6.416 -6.558 -6.698 -6.847 -6.288 -6.461 -6.633 -6.753 -6.864 -6.525 -6.667 -6.787 -6.886 -7.054 -7.076 -7.245 -7.436
0.3095 -5.998 -5.949 -6.024 -6.217 -6.359 -6.498 -6.138 -6.239 -6.362 -6.503 -6.644 -6.793 -6.234 -6.407 -6.579 -6.699 -6.81 -6.47 -6.613 -6.733 -6.832 -7.0 -7.022 -7.191 -7.382
0.317 -5.944 -5.895 -5.97 -6.163 -6.305 -6.444 -6.083 -6.185 -6.308 -6.449 -6.59 -6.738 -6.18 -6.353 -6.525 -6.645 -6.756 -6.416 -6.559 -6.679 -6.778 -6.946 -6.968 -7.137 -7.327
0.3247 -5.89 -5.841 -5.916 -6.109 -6.251 -6.39 -6.029 -6.131 -6.253 -6.395 -6.536 -6.684 -6.126 -6.299 -6.47 -6.591 -6.702 -6.362 -6.505 -6.625 -6.724 -6.892 -6.914 -7.083 -7.273
0.3325 -5.836 -5.787 -5.862 -6.055 -6.197 -6.336 -5.975 -6.077 -6.199 -6.341 -6.482 -6.63 -6.072 -6.245 -6.416 -6.537 -6.648 -6.308 -6.451 -6.571 -6.67 -6.838 -6.86 -7.029 -7.219
0.3405 -5.784 -5.734 -5.809 -6.002 -6.145 -6.284 -5.923 -6.025 -6.147 -6.289 -6.429 -6.578 -6.02 -6.192 -6.364 -6.485 -6.595 -6.256 -6.399 -6.518 -6.617 -6.786 -6.807 -6.977 -7.167
0.3487 -5.733 -5.684 -5.759 -5.951 -6.094 -6.233 -5.872 -5.974 -6.096 -6.238 -6.379 -6.527 -5.969 -6.141 -6.313 -6.434 -6.545 -6.205 -6.348 -6.468 -6.567 -6.735 -6.757 -6.926 -7.116
0.3571 -5.682 -5.633 -5.708 -5.901 -6.043 -6.182 -5.821 -5.923 -6.045 -6.187 -6.328 -6.476 -5.918 -6.091 -6.262 -6.383 -6.494 -6.154 -6.297 -6.417 -6.516 -6.684 -6.706 -6.875 -7.065
0.3657 -5.632 -5.582 -5.657 -5.85 -5.992 -6.131 -5.771 -5.872 -5.995 -6.137 -6.277 -6.426 -5.867 -6.04 -6.212 -6.332 -6.443 -6.104 -6.246 -6.366 -6.465 -6.633 -6.655 -6.824 -7.015
0.3746 -5.581 -5.531 -5.606 -5.799 -5.942 -6.081 -5.72 -5.821 -5.944 -6.086 -6.226 -6.375 -5.816 -5.989 -6.161 -6.282 -6.392 -6.053 -6.195 -6.315 -6.414 -6.582 -6.604 -6.774 -6.964
0.3836 -5.53 -5.48 -5.555 -5.748 -5.891 -6.03 -5.669 -5.771 -5.893 -6.035 -6.175 -6.324 -5.766 -5.938 -6.11 -6.231 -6.341 -6.002 -6.145 -6.264 -6.363 -6.532 -6.553 -6.723 -6.913
0.3929 -5.479 -5.43 -5.505 -5.698 -5.84 -5.979 -5.618 -5.72 -5.842 -5.984 -6.125 -6.273 -5.715 -5.887 -6.059 -6.18 -6.291 -5.951 -6.094 -6.214 -6.313 -6.481 -6.503 -6.672 -6.862
0.4023 -5.428 -5.379 -5.454 -5.647 -5.789 -5.928 -5.567 -5.669 -5.792 -5.933 -6.074 -6.222 -5.664 -5.837 -6.008 -6.129 -6.24 -5.9 -6.043 -6.163 -6.262 -6.43 -6.452 -6.621 -6.811
0.412 -5.378 -5.328 -5.403 -5.596 -5.738 -5.877 -5.517 -5.618 -5.741 -5.883 -6.023 -6.172 -5.613 -5.786 -5.958 -6.078 -6.189 -5.85 -5.992 -6.112 -6.211 -6.379 -6.401 -6.57 -6.761
0.422 -5.327 -5.277 -5.352 -5.545 -5.688 -5.827 -5.466 -5.568 -5.69 -5.832 -5.972 -6.121 -5.562 -5.735 -5.907 -6.028 -6.138 -5.799 -5.941 -6.061 -6.16 -6.329 -6.35 -6.52 -6.71
0.4322 -5.272 -5.223 -5.297 -5.49 -5.633 -5.772 -5.411 -5.513 -5.635 -5.777 -5.918 -6.066 -5.508 -5.68 -5.852 -5.973 -6.084 -5.744 -5.887 -6.007 -6.106 -6.274 -6.296 -6.465 -6.655
0.4426 -5.215 -5.166 -5.241 -5.434 -5.576 -5.715 -5.354 -5.456 -5.579 -5.72 -5.861 -6.009 -5.451 -5.624 -5.795 -5.916 -6.027 -5.687 -5.83 -5.95 -6.049 -6.217 -6.239 -6.408 -6.598
0.4533 -5.159 -5.109 -5.184 -5.377 -5.519 -5.659 -5.298 -5.399 -5.522 -5.664 -5.804 -5.953 -5.394 -5.567 -5.739 -5.859 -5.97 -5.631 -5.773 -5.893 -5.992 -6.16 -6.182 -6.351 -6.542
0.4642 -5.102 -5.052 -5.127 -5.32 -5.463 -5.602 -5.241 -5.343 -5.465 -5.607 -5.747 -5.896 -5.338 -5.51 -5.682 -5.803 -5.913 -5.574 -5.717 -5.836 -5.935 -6.104 -6.125 -6.295 -6.485
0.4754 -5.045 -4.996 -5.071 -5.264 -5.406 -5.545 -5.184 -5.286 -5.408 -5.55 -5.691 -5.839 -5.281 -5.453 -5.625 -5.746 -5.857 -5.517 -5.66 -5.78 -5.879 -6.047 -6.069 -6.238 -6.428
0.4869 -4.988 -4.939 -5.014 -5.207 -5.349 -5.488 -5.128 -5.229 -5.352 -5.494 -5.634 -5.783 -5.224 -5.397 -5.569 -5.689 -5.8 -5.461 -5.603 -5.723 -5.822 -5.99 -6.012 -6.181 -6.372
0.4986 -4.932 -4.882 -4.957 -5.15 -5.293 -5.432 -5.071 -5.173 -5.295 -5.437 -5.577 -5.726 -5.167 -5.34 -5.512 -5.633 -5.743 -5.404 -5.546 -5.666 -5.765 -5.933 -5.955 -6.125 -6.315
0.5106 -4.875 -4.826 -4.9 -5.093 -5.236 -5.375 -5.014 -5.116 -5.238 -5.38 -5.521 -5.669 -5.111 -5.283 -5.455 -5.576 -5.687 -5.347 -5.49 -5.609 -5.709 -5.877 -5.898 -6.068 -6.258
0.523 -4.818 -4.769 -4.844 -5.037 -5.179 -5.318 -4.957 -5.059 -5.181 -5.323 -5.464 -5.612 -5.054 -5.227 -5.398 -5.519 -5.63 -5.29 -5.433 -5.553 -5.652 -5.82 -5.842 -6.011 -6.201
0.5356 -4.762 -4.712 -4.787 -4.98 -5.122 -5.262 -4.901 -5.002 -5.125 -5.267 -5.407 -5.556 -4.997 -5.17 -5.342 -5.462 -5.573 -5.234 -5.376 -5.496 -5.595 -5.763 -5.785 -5.954 -6.145
0.5485 -4.704 -4.654 -4.729 -4.922 -5.065 -5.204 -4.843 -4.945 -5.067 -5.209 -5.349 -5.498 -4.939 -5.112 -5.284 -5.405 -5.515 -5.176 -5.318 -5.438 -5.537 -5.706 -5.727 -5.897 -6.087
0.5617 -4.646 -4.596 -4.671 -4.864 -5.006 -5.146 -4.785 -4.886 -5.009 -5.151 -5.291 -5.44 -4.881 -5.054 -5.226 -5.347 -5.457 -5.118 -5.26 -5.38 -5.479 -5.647 -5.669 -5.838 -6.029
0.5753 -4.588 -4.538 -4.613 -4.806 -4.948 -5.087 -4.727 -4.828 -4.951 -5.093 -5.233 -5.382 -4.823 -4.996 -5.168 -5.288 -5.399 -5.06 -5.202 -5.322 -5.421 -5.589 -5.611 -5.78 -5.971
0.5891 -4.529 -4.48 -4.555 -4.748 -4.89 -5.029 -4.669 -4.77 -4.893 -5.034 -5.175 -5.324 -4.765 -4.938 -5.11 -5.23 -5.341 -5.002 -5.144 -5.264 -5.363 -5.531 -5.553 -5.722 -5.913
0.6034 -4.471 -4.422 -4.497 -4.69 -4.832 -4.971 -4.61 -4.712 -4.835 -4.976 -5.117 -5.265 -4.707 -4.88 -5.051 -5.172 -5.283 -4.943 -5.086 -5.206 -5.305 -5.473 -5.495 -5.664 -5.854
0.6179 -4.413 -4.364 -4.439 -4.632 -4.774 -4.913 -4.552 -4.654 -4.776 -4.918 -5.059 -5.207 -4.649 -4.822 -4.993 -5.114 -5.225 -4.885 -5.028 -5.148 -5.247 -5.415 -5.437 -5.606 -5.796
0.6328 -4.355 -4.306 -4.381 -4.573 -4.716 -4.855 -4.494 -4.596 -4.718 -4.86 -5.001 -5.149 -4.591 -4.763 -4.935 -5.056 -5.167 -4.827 -4.97 -5.09 -5.189 -5.357 -5.379 -5.548 -5.738
0.6481 -4.297 -4.248 -4.322 -4.515 -4.658 -4.797 -4.436 -4.538 -4.66 -4.802 -4.943 -5.091 -4.533 -4.705 -4.877 -4.998 -5.109 -4.769 -4.912 -5.031 -5.13 -5.299 -5.32 -5.49 -5.68
0.6637 -4.239 -4.189 -4.264 -4.457 -4.6 -4.739 -4.378 -4.48 -4.602 -4.744 -4.884 -5.033 -4.475 -4.647 -4.819 -4.94 -5.05 -4.711 -4.854 -4.973 -5.072 -5.241 -5.262 -5.432 -5.622
0.6797 -4.181 -4.131 -4.206 -4.399 -4.542 -4.681 -4.32 -4.422 -4.544 -4.686 -4.826 -4.975 -4.417 -4.589 -4.761 -4.882 -4.992 -4.653 -4.795 -4.915 -5.014 -5.183 -5.204 -5.374 -5.564
0.6961 -4.12 -4.071 -4.146 -4.339 -4.481 -4.62 -4.259 -4.361 -4.484 -4.625 -4.766 -4.915 -4.356 -4.529 -4.701 -4.821 -4.932 -4.592 -4.735 -4.855 -4.954 -5.122 -5.144 -5.313 -5.504
0.7129 -4.06 -4.01 -4.085 -4.278 -4.421 -4.56 -4.199 -4.301 -4.423 -4.565 -4.705 -4.854 -4.296 -4.468 -4.64 -4.761 -4.871 -4.532 -4.675 -4.794 -4.893 -5.062 -5.083 -5.253 -5.443
0.7301 -3.999 -3.95 -4.025 -4.218 -4.36 -4.499 -4.138 -4.24 -4.363 -4.504 -4.645 -4.793 -4.235 -4.408 -4.58 -4.7 -4.811 -4.471 -4.614 -4.734 -4.833 -5.001 -5.023 -5.192 -5.382
0.7477 -3.939 -3.889 -3.964 -4.157 -4.3 -4.439 -4.078 -4.18 -4.302 -4.444 -4.584 -4.733 -4.175 -4.347 -4.519 -4.64 -4.75 -4.411 -4.553 -4.673 -4.772 -4.941 -4.962 -5.132 -5.322
0.7658 -3.878 -3.829 -3.904 -4.097 -4.239 -4.378 -4.017 -4.119 -4.242 -4.383 -4.524 -4.672 -4.114 -4.287 -4.458 -4.579 -4.69 -4.35 -4.493 -4.613 -4.712 -4.88 -4.902 -5.071 -5.261
0.7842 -3.818 -3.768 -3.843 -4.036 -4.179 -4.318 -3.957 -4.059 -4.181 -4.323 -4.463 -4.612 -4.054 -4.226 -4.398 -4.519 -4.629 -4.29 -4.432 -4.552 -4.651 -4.82 -4.841 -5.011 -5.201
0.8032 -3.757 -3.708 -3.783 -3.976 -4.118 -4.257 -3.896 -3.998 -4.12 -4.262 -4.403 -4.551 -3.993 -4.166 -4.337 -4.458 -4.569 -4.229 -4.372 -4.492 -4.591 -4.759 -4.781 -4.95 -5.14
0.8225 -3.697 -3.647 -3.722 -3.915 -4.058 -4.197 -3.836 -3.938 -4.06 -4.202 -4.342 -4.491 -3.933 -4.105 -4.277 -4.398 -4.508 -4.169 -4.311 -4.431 -4.53 -4.699 -4.72 -4.89 -5.08
0.8424 -3.636 -3.587 -3.662 -3.855 -3.997 -4.136 -3.775 -3.877 -3.999 -4.141 -4.282 -4.43 -3.872 -4.045 -4.216 -4.337 -4.448 -4.108 -4.251 -4.371 -4.47 -4.638 -4.66 -4.829 -5.019
0.8627 -3.576 -3.527 -3.601 -3.794 -3.937 -4.076 -3.715 -3.817 -3.939 -4.081 -4.221 -4.37 -3.812 -3.984 -4.156 -4.277 -4.387 -4.048 -4.191 -4.31 -4.409 -4.578 -4.599 -4.769 -4.959
0.8835 -3.518 -3.468 -3.543 -3.736 -3.878 -4.018 -3.657 -3.758 -3.881 -4.023 -4.163 -4.312 -3.753 -3.926 -4.098 -4.218 -4.329 -3.99 -4.132 -4.252 -4.351 -4.519 -4.541 -4.71 -4.901
0.9048 -3.459 -3.41 -3.485 -3.678 -3.82 -3.959 -3.598 -3.7 -3.822 -3.964 -4.105 -4.253 -3.695 -3.868 -4.039 -4.16 -4.271 -3.931 -4.074 -4.194 -4.293 -4.461 -4.483 -4.652 -4.842
0.9266 -3.401 -3.352 -3.426 -3.619 -3.762 -3.901 -3.54 -3.642 -3.764 -3.906 -4.047 -4.195 -3.637 -3.809 -3.981 -4.102 -4.212 -3.873 -4.016 -4.135 -4.234 -4.403 -4.424 -4.594 -4.784
0.949 -3.343 -3.293 -3.368 -3.561 -3.703 -3.843 -3.482 -3.583 -3.706 -3.848 -3.988 -4.137 -3.578 -3.751 -3.923 -4.044 -4.154 -3.815 -3.957 -4.077 -4.176 -4.344 -4.366 -4.535 -4.726
0.9719 -3.284 -3.235 -3.31 -3.503 -3.645 -3.784 -3.423 -3.525 -3.648 -3.789 -3.93 -4.078 -3.52 -3.693 -3.865 -3.985 -4.096 -3.756 -3.899 -4.019 -4.118 -4.286 -4.308 -4.477 -4.667
0.9953 -3.226 -3.177 -3.251 -3.444 -3.587 -3.726 -3.365 -3.467 -3.589 -3.731 -3.872 -4.02 -3.462 -3.634 -3.806 -3.927 -4.038 -3.698 -3.841 -3.96 -4.06 -4.228 -4.249 -4.419 -4.609
1.0194 -3.168 -3.118 -3.193 -3.386 -3.529 -3.668 -3.307 -3.408 -3.531 -3.673 -3.813 -3.962 -3.403 -3.576 -3.748 -3.869 -3.979 -3.64 -3.782 -3.902 -4.001 -4.169 -4.191 -4.361 -4.551
1.0439 -3.109 -3.06 -3.135 -3.328 -3.47 -3.609 -3.249 -3.35 -3.473 -3.614 -3.755 -3.904 -3.345 -3.518 -3.69 -3.81 -3.921 -3.581 -3.724 -3.844 -3.943 -4.111 -4.133 -4.302 -4.493
1.0691 -3.051 -3.002 -3.077 -3.269 -3.412 -3.551 -3.19 -3.292 -3.414 -3.556 -3.697 -3.845 -3.287 -3.459 -3.631 -3.752 -3.863 -3.523 -3.666 -3.786 -3.885 -4.053 -4.075 -4.244 -4.434
1.0949 -2.994 -2.944 -3.019 -3.212 -3.355 -3.494 -3.133 -3.235 -3.357 -3.499 -3.639 -3.788 -3.23 -3.402 -3.574 -3.695 -3.805 -3.466 -3.608 -3.728 -3.827 -3.996 -4.017 -4.187 -4.377
1.1213 -2.94 -2.891 -2.965 -3.158 -3.301 -3.44 -3.079 -3.181 -3.303 -3.445 -3.586 -3.734 -3.176 -3.348 -3.52 -3.641 -3.751 -3.412 -3.555 -3.674 -3.773 -3.942 -3.963 -4.133 -4.323
1.1484 -2.886 -2.837 -2.912 -3.104 -3.247 -3.386 -3.025 -3.127 -3.249 -3.391 -3.532 -3.68 -3.122 -3.294 -3.466 -3.587 -3.698 -3.358 -3.501 -3.621 -3.72 -3.888 -3.91 -4.079 -4.269
1.1761 -2.832 -2.783 -2.858 -3.051 -3.193 -3.332 -2.971 -3.073 -3.195 -3.337 -3.478 -3.626 -3.068 -3.241 -3.412 -3.533 -3.644 -3.304 -3.447 -3.567 -3.666 -3.834 -3.856 -4.025 -4.215
1.2044 -2.778 -2.729 -2.804 -2.997 -3.139 -3.278 -2.918 -3.019 -3.142 -3.283 -3.424 -3.573 -3.014 -3.187 -3.359 -3.479 -3.59 -3.25 -3.393 -3.513 -3.612 -3.78 -3.802 -3.971 -4.162
1.2335 -2.725 -2.675 -2.75 -2.943 -3.085 -3.224 -2.864 -2.965 -3.088 -3.23 -3.37 -3.519 -2.96 -3.133 -3.305 -3.425 -3.536 -3.197 -3.339 -3.459 -3.558 -3.726 -3.748 -3.917 -4.108
1.2633 -2.671 -2.621 -2.696 -2.889 -3.032 -3.171 -2.81 -2.911 -3.034 -3.176 -3.316 -3.465 -2.906 -3.079 -3.251 -3.372 -3.482 -3.143 -3.285 -3.405 -3.504 -3.672 -3.694 -3.864 -4.054
1.2937 -2.617 -2.567 -2.642 -2.835 -2.978 -3.117 -2.756 -2.858 -2.98 -3.122 -3.262 -3.411 -2.853 -3.025 -3.197 -3.318 -3.428 -3.089 -3.232 -3.351 -3.45 -3.619 -3.64 -3.81 -4.0
1.3249 -2.563 -2.514 -2.588 -2.781 -2.924 -3.063 -2.702 -2.804 -2.926 -3.068 -3.209 -3.357 -2.799 -2.971 -3.143 -3.264 -3.375 -3.035 -3.178 -3.298 -3.397 -3.565 -3.587 -3.756 -3.946
1.3569 -2.509 -2.46 -2.535 -2.728 -2.87 -3.009 -2.648 -2.75 -2.872 -3.014 -3.155 -3.303 -2.745 -2.918 -3.089 -3.21 -3.321 -2.981 -3.124 -3.244 -3.343 -3.511 -3.533 -3.702 -3.892
1.3896 -2.455 -2.406 -2.481 -2.674 -2.816 -2.955 -2.594 -2.696 -2.818 -2.96 -3.101 -3.249 -2.691 -2.863 -3.035 -3.156 -3.267 -2.927 -3.07 -3.19 -3.289 -3.457 -3.479 -3.648 -3.838
1.4232 -2.401 -2.351 -2.426 -2.619 -2.761 -2.901 -2.54 -2.641 -2.764 -2.906 -3.046 -3.195 -2.636 -2.809 -2.981 -3.102 -3.212 -2.873 -3.015 -3.135 -3.234 -3.402 -3.424 -3.593 -3.784
1.4575 -2.346 -2.297 -2.372 -2.565 -2.707 -2.846 -2.485 -2.587 -2.709 -2.851 -2.992 -3.14 -2.582 -2.755 -2.926 -3.047 -3.158 -2.818 -2.961 -3.081 -3.18 -3.348 -3.37 -3.539 -3.729
1.4927 -2.292 -2.242 -2.317 -2.51 -2.653 -2.792 -2.431 -2.533 -2.655 -2.797 -2.937 -3.086 -2.528 -2.7 -2.872 -2.993 -3.103 -2.764 -2.906 -3.026 -3.125 -3.294 -3.315 -3.485 -3.675
1.5287 -2.237 -2.188 -2.263 -2.456 -2.598 -2.737 -2.376 -2.478 -2.601 -2.742 -2.883 -3.031 -2.473 -2.646 -2.817 -2.938 -3.049 -2.709 -2.852 -2.972 -3.071 -3.239 -3.261 -3.43 -3.62
1.5655 -2.183 -2.133 -2.208 -2.401 -2.544 -2.683 -2.322 -2.424 -2.546 -2.688 -2.828 -2.977 -2.419 -2.591 -2.763 -2.884 -2.994 -2.655 -2.798 -2.917 -3.016 -3.185 -3.206 -3.376 -3.566
1.6033 -2.128 -2.079 -2.154 -2.347 -2.489 -2.628 -2.268 -2.369 -2.492 -2.634 -2.774 -2.923 -2.364 -2.537 -2.709 -2.829 -2.94 -2.601 -2.743 -2.863 -2.962 -3.13 -3.152 -3.321 -3.512
1.642 -2.074 -2.025 -2.099 -2.292 -2.435 -2.574 -2.213 -2.315 -2.437 -2.579 -2.72 -2.868 -2.31 -2.482 -2.654 -2.775 -2.885 -2.546 -2.689 -2.808 -2.907 -3.076 -3.097 -3.267 -3.457
1.6816 -2.02 -1.97 -2.045 -2.238 -2.38 -2.519 -2.159 -2.26 -2.383 -2.525 -2.665 -2.814 -2.255 -2.428 -2.6 -2.72 -2.831 -2.492 -2.634 -2.754 -2.853 -3.021 -3.043 -3.212 -3.403
1.7222 -1.965 -1.916 -1.991 -2.183 -2.326 -2.465 -2.104 -2.206 -2.328 -2.47 -2.611 -2.759 -2.201 -2.373 -2.545 -2.666 -2.777 -2.437 -2.58 -2.7 -2.799 -2.967 -2.989 -3.158 -3.348
1.7637 -1.912 -1.863 -1.938 -2.13 -2.273 -2.412 -2.051 -2.153 -2.275 -2.417 -2.558 -2.706 -2.148 -2.32 -2.492 -2.613 -2.724 -2.384 -2.527 -2.647 -2.746 -2.914 -2.936 -3.105 -3.295
1.8062 -1.861 -1.811 -1.886 -2.079 -2.221 -2.36 -2.0 -2.101 -2.224 -2.366 -2.506 -2.655 -2.096 -2.269 -2.441 -2.561 -2.672 -2.333 -2.475 -2.595 -2.694 -2.862 -2.884 -3.053 -3.244
1.8498 -1.809 -1.759 -1.834 -2.027 -2.17 -2.309 -1.948 -2.05 -2.172 -2.314 -2.454 -2.603 -2.045 -2.217 -2.389 -2.51 -2.62 -2.281 -2.424 -2.543 -2.642 -2.811 -2.832 -3.002 -3.192
1.8944 -1.757 -1.708 -1.783 -1.976 -2.118 -2.257 -1.896 -1.998 -2.12 -2.262 -2.403 -2.551 -1.993 -2.166 -2.337 -2.458 -2.569 -2.229 -2.372 -2.492 -2.591 -2.759 -2.781 -2.95 -3.14
1.9401 -1.706 -1.656 -1.731 -1.924 -2.066 -2.206 -1.845 -1.946 -2.069 -2.211 -2.351 -2.5 -1.941 -2.114 -2.286 -2.406 -2.517 -2.178 -2.32 -2.44 -2.539 -2.707 -2.729 -2.898 -3.089
1.9869 -1.654 -1.605 -1.679 -1.872 -2.015 -2.154 -1.793 -1.895 -2.017 -2.159 -2.3 -2.448 -1.89 -2.062 -2.234 -2.355 -2.466 -2.126 -2.269 -2.388 -2.488 -2.656 -2.677 -2.847 -3.037
2.0349 -1.602 -1.553 -1.628 -1.821 -1.963 -2.102 -1.742 -1.843 -1.966 -2.107 -2.248 -2.397 -1.838 -2.011 -2.183 -2.303 -2.414 -2.074 -2.217 -2.337 -2.436 -2.604 -2.626 -2.795 -2.986
2.084 -1.551 -1.501 -1.576 -1.769 -1.912 -2.051 -1.69 -1.792 -1.914 -2.056 -2.196 -2.345 -1.787 -1.959 -2.131 -2.252 -2.362 -2.023 -2.165 -2.285 -2.384 -2.553 -2.574 -2.744 -2.934
2.1342 -1.499 -1.45 -1.525 -1.718 -1.86 -1.999 -1.638 -1.74 -1.862 -2.004 -2.145 -2.293 -1.735 -1.907 -2.079 -2.2 -2.311 -1.971 -2.114 -2.234 -2.333 -2.501 -2.523 -2.692 -2.882
2.1857 -1.448 -1.398 -1.473 -1.666 -1.808 -1.947 -1.587 -1.688 -1.811 -1.953 -2.093 -2.242 -1.683 -1.856 -2.028 -2.148 -2.259 -1.92 -2.062 -2.182 -2.281 -2.449 -2.471 -2.64 -2.831
2.2384 -1.397 -1.348 -1.423 -1.616 -1.758 -1.897 -1.537 -1.638 -1.761 -1.902 -2.043 -2.192 -1.633 -1.806 -1.978 -2.098 -2.209 -1.869 -2.012 -2.132 -2.231 -2.399 -2.421 -2.59 -2.781
2.2924 -1.348 -1.299 -1.373 -1.566 -1.709 -1.848 -1.487 -1.589 -1.711 -1.853 -1.994 -2.142 -1.584 -1.756 -1.928 -2.049 -2.16 -1.82 -1.963 -2.082 -2.182 -2.35 -2.371 -2.541 -2.731
2.3477 -1.299 -1.249 -1.324 -1.517 -1.659 -1.799 -1.438 -1.539 -1.662 -1.804 -1.944 -2.093 -1.534 -1.707 -1.879 -2.0 -2.11 -1.771 -1.913 -2.033 -2.132 -2.3 -2.322 -2.491 -2.682
2.4044 -1.249 -1.2 -1.275 -1.468 -1.61 -1.749 -1.388 -1.49 -1.612 -1.754 -1.895 -2.043 -1.485 -1.658 -1.829 -1.95 -2.061 -1.721 -1.864 -1.984 -2.083 -2.251 -2.273 -2.442 -2.632
2.4624 -1.2 -1.15 -1.225 -1.418 -1.561 -1.7 -1.339 -1.441 -1.563 -1.705 -1.845 -1.994 -1.436 -1.608 -1.78 -1.901 -2.011 -1.672 -1.815 -1.934 -2.033 -2.202 -2.223 -2.393 -2.583
2.5218 -1.151 -1.101 -1.176 -1.369 -1.511 -1.65 -1.29 -1.391 -1.514 -1.656 -1.796 -1.945 -1.386 -1.559 -1.731 -1.851 -1.962 -1.623 -1.765 -1.885 -1.984 -2.152 -2.174 -2.343 -2.534
2.5826 -1.101 -1.052 -1.127 -1.32 -1.462 -1.601 -1.24 -1.342 -1.464 -1.606 -1.747 -1.895 -1.337 -1.509 -1.681 -1.802 -1.913 -1.573 -1.716 -1.836 -1.935 -2.103 -2.125 -2.294 -2.484
2.6449 -1.052 -1.002 -1.077 -1.27 -1.413 -1.552 -1.191 -1.293 -1.415 -1.557 -1.697 -1.846 -1.288 -1.46 -1.632 -1.753 -1.863 -1.524 -1.666 -1.786 -1.885 -2.054 -2.075 -2.245 -2.435
2.7087 -1.002 -0.953 -1.028 -1.221 -1.363 -1.502 -1.141 -1.243 -1.366 -1.507 -1.648 -1.797 -1.238 -1.411 -1.583 -1.703 -1.814 -1.474 -1.617 -1.737 -1.836 -2.004 -2.026 -2.195 -2.386
2.7741 -0.953 -0.904 -0.978 -1.171 -1.314 -1.453 -1.092 -1.194 -1.316 -1.458 -1.599 -1.747 -1.189 -1.361 -1.533 -1.654 -1.765 -1.425 -1.568 -1.687 -1.787 -1.955 -1.976 -2.146 -2.336
2.841 -0.903 -0.854 -0.929 -1.122 -1.264 -1.403 -1.042 -1.144 -1.266 -1.408 -1.549 -1.697 -1.139 -1.311 -1.483 -1.604 -1.715 -1.375 -1.518 -1.638 -1.737 -1.905 -1.927 -2.096 -2.286
2.9095 -0.853 -0.804 -0.879 -1.072 -1.214 -1.353 -0.992 -1.094 -1.216 -1.358 -1.499 -1.647 -1.089 -1.261 -1.433 -1.554 -1.665 -1.325 -1.468 -1.588 -1.687 -1.855 -1.877 -2.046 -2.236
2.9797 -0.803 -0.754 -0.829 -1.021 -1.164 -1.303 -0.942 -1.044 -1.166 -1.308 -1.449 -1.597 -1.039 -1.211 -1.383 -1.504 -1.615 -1.275 -1.418 -1.538 -1.637 -1.805 -1.827 -1.996 -2.186
3.0516 -0.753 -0.704 -0.779 -0.971 -1.114 -1.253 -0.892 -0.994 -1.116 -1.258 -1.399 -1.547 -0.989 -1.161 -1.333 -1.454 -1.565 -1.225 -1.368 -1.488 -1.587 -1.755 -1.777 -1.946 -2.136
3.1252 -0.703 -0.654 -0.729 -0.921 -1.064 -1.203 -0.842 -0.944 -1.066 -1.208 -1.349 -1.497 -0.939 -1.111 -1.283 -1.404 -1.515 -1.175 -1.318 -1.438 -1.537 -1.705 -1.727 -1.896 -2.086
3.2006 -0.653 -0.604 -0.679 -0.871 -1.014 -1.153 -0.792 -0.894 -1.016 -1.158 -1.299 -1.447 -0.889 -1.061 -1.233 -1.354 -1.465 -1.125 -1.268 -1.388 -1.487 -1.655 -1.677 -1.846 -2.036
3.2778 -0.603 -0.554 -0.629 -0.821 -0.964 -1.103 -0.742 -0.844 -0.966 -1.108 -1.249 -1.397 -0.839 -1.011 -1.183 -1.304 -1.415 -1.075 -1.218 -1.338 -1.437 -1.605 -1.627 -1.796 -1.986
3.3569 -0.553 -0.504 -0.579 -0.771 -0.914 -1.053 -0.692 -0.794 -0.916 -1.058 -1.199 -1.347 -0.789 -0.961 -1.133 -1.254 -1.365 -1.025 -1.168 -1.288 -1.387 -1.555 -1.577 -1.746 -1.936
3.4378 -0.503 -0.454 -0.528 -0.721 -0.864 -1.003 -0.642 -0.744 -0.866 -1.008 -1.149 -1.297 -0.739 -0.911 -1.083 -1.204 -1.315 -0.975 -1.118 -1.238 -1.337 -1.505 -1.527 -1.696 -1.886
3.5208 -0.453 -0.404 -0.478 -0.671 -0.814 -0.953 -0.592 -0.694 -0.816 -0.958 -1.099 -1.247 -0.689 -0.861 -1.033 -1.154 -1.265 -0.925 -1.068 -1.188 -1.287 -1.455 -1.477 -1.646 -1.836
3.6057 -0.406 -0.357 -0.432 -0.625 -0.767 -0.906 -0.545 -0.647 -0.769 -0.911 -1.052 -1.2 -0.642 -0.814 -0.986 -1.107 -1.218 -0.878 -1.021 -1.141 -1.24 -1.408 -1.43 -1.599 -1.789
3.6927 -0.359 -0.31 -0.385 -0.578 -0.72 -0.859 -0.498 -0.6 -0.723 -0.864 -1.005 -1.153 -0.595 -0.768 -0.94 -1.06 -1.171 -0.831 -0.974 -1.094 -1.193 -1.361 -1.383 -1.552 -1.742
3.7818 -0.313 -0.263 -0.338 -0.531 -0.673 -0.813 -0.452 -0.553 -0.676 -0.818 -0.958 -1.107 -0.548 -0.721 -0.893 -1.013 -1.124 -0.785 -0.927 -1.047 -1.146 -1.314 -1.336 -1.505 -1.696
3.873 -0.266 -0.216 -0.291 -0.484 -0.627 -0.766 -0.405 -0.507 -0.629 -0.771 -0.911 -1.06 -0.502 -0.674 -0.846 -0.967 -1.077 -0.738 -0.88 -1.0 -1.099 -1.268 -1.289 -1.459 -1.649
3.9664 -0.219 -0.17 -0.244 -0.437 -0.58 -0.719 -0.358 -0.46 -0.582 -0.724 -0.865 -1.013 -0.455 -0.627 -0.799 -0.92 -1.031 -0.691 -0.834 -0.954 -1.053 -1.221 -1.243 -1.412 -1.602
4.0621 -0.172 -0.123 -0.198 -0.391 -0.533 -0.672 -0.311 -0.413 -0.535 -0.677 -0.818 -0.966 -0.408 -0.581 -0.752 -0.873 -0.984 -0.644 -0.787 -0.907 -1.006 -1.174 -1.196 -1.365 -1.555
4.1601 -0.126 -0.076 -0.151 -0.344 -0.486 -0.625 -0.265 -0.366 -0.489 -0.631 -0.771 -0.92 -0.361 -0.534 -0.706 -0.826 -0.937 -0.598 -0.74 -0.86 -0.959 -1.127 -1.149 -1.318 -1.509
4.2604 -0.079 -0.029 -0.104 -0.297 -0.44 -0.579 -0.218 -0.32 -0.442 -0.584 -0.724 -0.873 -0.314 -0.487 -0.659 -0.78 -0.89 -0.551 -0.693 -0.813 -0.912 -1.081 -1.102 -1.272 -1.462
4.3632 -0.032 0.017 -0.057 -0.25 -0.393 -0.532 -0.171 -0.273 -0.395 -0.537 -0.678 -0.826 -0.268 -0.44 -0.612 -0.733 -0.844 -0.504 -0.647 -0.766 -0.865 -1.034 -1.055 -1.225 -1.415
4.4685 0.015 0.064 -0.011 -0.204 -0.346 -0.485 -0.124 -0.226 -0.348 -0.49 -0.631 -0.779 -0.221 -0.394 -0.565 -0.686 -0.797 -0.457 -0.6 -0.72 -0.819 -0.987 -1.009 -1.178 -1.368
4.5763 0.061 0.11 0.035 -0.158 -0.3 -0.439 -0.078 -0.18 -0.303 -0.444 -0.585 -0.733 -0.175 -0.348 -0.52 -0.64 -0.751 -0.411 -0.554 -0.674 -0.773 -0.941 -0.963 -1.132 -1.322
4.6867 0.107 0.156 0.081 -0.112 -0.254 -0.393 -0.033 -0.134 -0.257 -0.398 -0.539 -0.688 -0.129 -0.302 -0.474 -0.594 -0.705 -0.365 -0.508 -0.628 -0.727 -0.895 -0.917 -1.086 -1.277
4.7997 0.153 0.202 0.127 -0.066 -0.208 -0.347 0.013 -0.088 -0.211 -0.353 -0.493 -0.642 -0.083 -0.256 -0.428 -0.548 -0.659 -0.32 -0.462 -0.582 -0.681 -0.849 -0.871 -1.04 -1.231
4.9155 0.198 0.248 0.173 -0.02 -0.162 -0.301 0.059 -0.042 -0.165 -0.307 -0.447 -0.596 -0.037 -0.21 -0.382 -0.502 -0.613 -0.274 -0.416 -0.536 -0.635 -0.803 -0.825 -0.994 -1.185
5.0341 0.244 0.294 0.219 0.026 -0.116 -0.255 0.105 0.004 -0.119 -0.261 -0.401 -0.55 0.009 -0.164 -0.336 -0.456 -0.567 -0.228 -0.37 -0.49 -0.589 -0.757 -0.779 -0.948 -1.139
5.1555 0.29 0.34 0.265 0.072 -0.07 -0.21 0.151 0.05 -0.073 -0.215 -0.355 -0.504 0.055 -0.118 -0.29 -0.41 -0.521 -0.182 -0.324 -0.444 -0.543 -0.711 -0.733 -0.902 -1.093
5.2799 0.336 0.386 0.311 0.118 -0.024 -0.164 0.197 0.096 -0.027 -0.169 -0.309 -0.458 0.101 -0.072 -0.244 -0.364 -0.475 -0.136 -0.278 -0.398 -0.497 -0.665 -0.687 -0.856 -1.047
5.4072 0.382 0.432 0.357 0.164 0.022 -0.118 0.243 0.142 0.019 -0.123 -0.263 -0.412 0.147 -0.026 -0.198 -0.319 -0.429 -0.09 -0.232 -0.352 -0.451 -0.619 -0.641 -0.81 -1.001
5.5377 0.428 0.478 0.403 0.21 0.067 -0.072 0.289 0.188 0.065 -0.077 -0.217 -0.366 0.193 0.02 -0.152 -0.273 -0.383 -0.044 -0.186 -0.306 -0.405 -0.573 -0.595 -0.765 -0.955
5.6713 0.473 0.523 0.448 0.255 0.113 -0.026 0.334 0.233 0.11 -0.032 -0.172 -0.321 0.238 0.065 -0.107 -0.227 -0.338 0.001 -0.141 -0.261 -0.36 -0.528 -0.55 -0.719 -0.91
5.8081 0.516 0.566 0.491 0.298 0.155 0.016 0.377 0.275 0.153 0.011 -0.129 -0.278 0.28 0.108 -0.064 -0.185 -0.295 0.044 -0.098 -0.218 -0.317 -0.486 -0.507 -0.677 -0.867
5.9482 0.559 0.608 0.534 0.341 0.198 0.059 0.42 0.318 0.196 0.054 -0.087 -0.235 0.323 0.151 -0.021 -0.142 -0.253 0.087 -0.056 -0.175 -0.275 -0.443 -0.464 -0.634 -0.824
6.0917 0.602 0.651 0.576 0.383 0.241 0.102 0.463 0.361 0.239 0.097 -0.044 -0.192 0.366 0.193 0.022 -0.099 -0.21 0.13 -0.013 -0.133 -0.232 -0.4 -0.422 -0.591 -0.781
6.2386 0.644 0.694 0.619 0.426 0.284 0.145 0.505 0.404 0.281 0.139 -0.001 -0.15 0.409 0.236 0.064 -0.056 -0.167 0.172 0.03 -0.09 -0.189 -0.357 -0.379 -0.548 -0.739
6.3891 0.687 0.737 0.662 0.469 0.326 0.187 0.548 0.446 0.324 0.182 0.042 -0.107 0.452 0.279 0.107 -0.014 -0.124 0.215 0.073 -0.047 -0.146 -0.314 -0.336 -0.506 -0.696
6.5433 0.73 0.779 0.705 0.512 0.369 0.23 0.591 0.489 0.367 0.225 0.084 -0.064 0.494 0.322 0.15 0.029 -0.081 0.258 0.115 -0.004 -0.103 -0.272 -0.293 -0.463 -0.653
6.7011 0.773 0.822 0.747 0.554 0.412 0.273 0.634 0.532 0.41 0.268 0.127 -0.021 0.537 0.364 0.193 0.072 -0.039 0.301 0.158 0.038 -0.061 -0.229 -0.251 -0.42 -0.61
6.8627 0.816 0.865 0.79 0.597 0.455 0.316 0.676 0.575 0.452 0.31 0.17 0.021 0.58 0.407 0.235 0.115 0.004 0.343 0.201 0.081 -0.018 -0.186 -0.208 -0.377 -0.568
7.0283 0.858 0.908 0.833 0.64 0.497 0.358 0.719 0.618 0.495 0.353 0.213 0.064 0.623 0.45 0.278 0.157 0.047 0.386 0.244 0.124 0.025 -0.143 -0.165 -0.335 -0.525
7.1978 0.902 0.951 0.876 0.683 0.541 0.402 0.763 0.661 0.539 0.397 0.256 0.108 0.666 0.494 0.322 0.201 0.09 0.43 0.287 0.167 0.068 -0.1 -0.122 -0.291 -0.481
7.3715 0.947 0.996 0.921 0.728 0.586 0.447 0.808 0.706 0.583 0.442 0.301 0.153 0.711 0.538 0.367 0.246 0.135 0.475 0.332 0.212 0.113 -0.055 -0.077 -0.246 -0.436
7.5493 0.992 1.041 0.966 0.773 0.631 0.492 0.852 0.751 0.628 0.486 0.346 0.197 0.756 0.583 0.411 0.291 0.18 0.519 0.377 0.257 0.158 -0.01 -0.032 -0.201 -0.392
7.7314 1.036 1.086 1.011 0.818 0.676 0.536 0.897 0.796 0.673 0.531 0.391 0.242 0.801 0.628 0.456 0.336 0.225 0.564 0.422 0.302 0.203 0.035 0.013 -0.156 -0.347
7.9179 1.081 1.131 1.056 0.863 0.72 0.581 0.942 0.84 0.718 0.576 0.436 0.287 0.846 0.673 0.501 0.38 0.27 0.609 0.467 0.347 0.248 0.08 0.058 -0.112 -0.302
8.1089 1.126 1.176 1.101 0.908 0.765 0.626 0.987 0.885 0.763 0.621 0.481 0.332 0.89 0.718 0.546 0.425 0.315 0.654 0.511 0.392 0.293 0.124 0.103 -0.067 -0.257
8.3045 1.171 1.22 1.146 0.953 0.81 0.671 1.032 0.93 0.808 0.666 0.525 0.377 0.935 0.763 0.591 0.47 0.359 0.699 0.556 0.437 0.337 0.169 0.148 -0.022 -0.212
8.5049 1.216 1.265 1.19 0.997 0.855 0.716 1.077 0.975 0.853 0.711 0.57 0.422 0.98 0.808 0.636 0.515 0.404 0.744 0.601 0.481 0.382 0.214 0.192 0.023 -0.167
8.71 1.261 1.31 1.235 1.042 0.9 0.761 1.122 1.02 0.897 0.756 0.615 0.467 1.025 0.852 0.681 0.56 0.449 0.789 0.646 0.526 0.427 0.259 0.237 0.068 -0.122
8.9201 1.306 1.355 1.28 1.087 0.945 0.806 1.166 1.065 0.942 0.8 0.66 0.511 1.07 0.897 0.725 0.605 0.494 0.833 0.691 0.571 0.472 0.304 0.282 0.113 -0.078
9.1353 1.348 1.398 1.323 1.13 0.988 0.848 1.209 1.108 0.985 0.843 0.703 0.554 1.113 0.94 0.768 0.648 0.537 0.876 0.734 0.614 0.515 0.347 0.325 0.156 -0.035
9.3557 1.389 1.439 1.364 1.171 1.029 0.889 1.25 1.149 1.026 0.884 0.744 0.595 1.154 0.981 0.809 0.689 0.578 0.917 0.775 0.655 0.556 0.388 0.366 0.197 0.006
9.5814 1.43 1.48 1.405 1.212 1.07 0.931 1.291 1.19 1.067 0.925 0.785 0.636 1.195 1.022 0.85 0.73 0.619 0.958 0.816 0.696 0.597 0.429 0.407 0.238 0.047
9.8125 1.471 1.521 1.446 1.253 1.111 0.972 1.332 1.231 1.108 0.966 0.826 0.677 1.236 1.063 0.891 0.771 0.66 0.999 0.857 0.737 0.638 0.47 0.448 0.279 0.088
10.0492 1.512 1.562 1.487 1.294 1.152 1.013 1.373 1.272 1.149 1.007 0.867 0.718 1.277 1.104 0.932 0.812 0.701 1.04 0.898 0.778 0.679 0.511 0.489 0.32 0.129
10.2917 1.553 1.603 1.528 1.335 1.193 1.054 1.414 1.313 1.19 1.048 0.908 0.759 1.318 1.145 0.973 0.853 0.742 1.081 0.939 0.819 0.72 0.552 0.53 0.361 0.17
10.5399 1.594 1.644 1.569 1.376 1.234 1.095 1.455 1.354 1.231 1.089 0.949 0.8 1.359 1.186 1.014 0.894 0.783 1.122 0.98 0.86 0.761 0.593 0.571 0.402 0.211
10.7942 1.635 1.685 1.61 1.417 1.275 1.136 1.496 1.395 1.272 1.13 0.99 0.841 1.4 1.227 1.055 0.935 0.824 1.163 1.021 0.901 0.802 0.634 0.612 0.443 0.252
11.0546 1.676 1.726 1.651 1.458 1.316 1.177 1.537 1.436 1.313 1.171 1.031 0.882 1.441 1.268 1.096 0.976 0.865 1.204 1.062 0.942 0.843 0.675 0.653 0.484 0.293
11.3212 1.717 1.767 1.692 1.499 1.357 1.218 1.578 1.477 1.354 1.212 1.072 0.923 1.482 1.309 1.137 1.017 0.906 1.245 1.103 0.983 0.884 0.716 0.694 0.525 0.334
11.5943 1.757 1.806 1.731 1.538 1.396 1.257 1.618 1.516 1.394 1.252 1.111 0.963 1.521 1.348 1.177 1.056 0.945 1.285 1.142 1.022 0.923 0.755 0.733 0.564 0.374
11.874 1.795 1.845 1.77 1.577 1.434 1.295 1.656 1.554 1.432 1.29 1.15 1.001 1.559 1.387 1.215 1.094 0.984 1.323 1.181 1.061 0.962 0.793 0.772 0.602 0.412
12.1605 1.834 1.883 1.808 1.615 1.473 1.334 1.695 1.593 1.47 1.329 1.188 1.04 1.598 1.425 1.253 1.133 1.022 1.362 1.219 1.099 1.0 0.832 0.81 0.641 0.451
12.4538 1.872 1.922 1.847 1.654 1.511 1.372 1.733 1.631 1.509 1.367 1.227 1.078 1.636 1.464 1.292 1.171 1.061 1.4 1.257 1.138 1.039 0.87 0.849 0.679 0.489
12.7542 1.911 1.96 1.885 1.692 1.55 1.411 1.771 1.67 1.547 1.405 1.265 1.116 1.675 1.502 1.33 1.21 1.099 1.438 1.296 1.176 1.077 0.909 0.887 0.718 0.527
13.0619 1.949 1.998 1.924 1.731 1.588 1.449 1.81 1.708 1.586 1.444 1.303 1.155 1.713 1.541 1.369 1.248 1.137 1.477 1.334 1.215 1.115 0.947 0.926 0.756 0.566
13.377 1.987 2.037 1.962 1.769 1.627 1.487 1.848 1.747 1.624 1.482 1.342 1.193 1.752 1.579 1.407 1.287 1.176 1.515 1.373 1.253 1.154 0.986 0.964 0.795 0.604
13.6997 2.026 2.075 2.0 1.807 1.665 1.526 1.887 1.785 1.663 1.521 1.38 1.232 1.79 1.618 1.446 1.325 1.214 1.554 1.411 1.291 1.192 1.024 1.002 0.833 0.643
14.0302 2.064 2.114 2.039 1.846 1.703 1.564 1.925 1.824 1.701 1.559 1.419 1.27 1.829 1.656 1.484 1.363 1.253 1.592 1.45 1.33 1.231 1.063 1.041 0.871 0.681
14.3686 2.103 2.152 2.077 1.884 1.742 1.603 1.964 1.862 1.74 1.598 1.457 1.309 1.867 1.694 1.523 1.402 1.291 1.631 1.488 1.368 1.269 1.101 1.079 0.91 0.72
14.7153 2.144 2.193 2.119 1.926 1.783 1.644 2.005 1.903 1.781 1.639 1.498 1.35 1.908 1.736 1.564 1.443 1.333 1.672 1.529 1.41 1.311 1.142 1.121 0.951 0.761
15.0702 2.186 2.235 2.161 1.968 1.825 1.686 2.047 1.945 1.823 1.681 1.54 1.392 1.95 1.778 1.606 1.485 1.374 1.714 1.571 1.452 1.352 1.184 1.163 0.993 0.803
15.4338 2.228 2.277 2.203 2.01 1.867 1.728 2.089 1.987 1.865 1.723 1.582 1.434 1.992 1.82 1.648 1.527 1.416 1.756 1.613 1.493 1.394 1.226 1.204 1.035 0.845
15.8061 2.27 2.319 2.245 2.052 1.909 1.77 2.131 2.029 1.907 1.765 1.624 1.476 2.034 1.862 1.69 1.569 1.458 1.798 1.655 1.535 1.436 1.268 1.246 1.077 0.887
16.1874 2.312 2.361 2.286 2.094 1.951 1.812 2.173 2.071 1.949 1.807 1.666 1.518 2.076 1.904 1.732 1.611 1.5 1.84 1.697 1.577 1.478 1.31 1.288 1.119 0.929
16.5779 2.354 2.403 2.328 2.136 1.993 1.854 2.215 2.113 1.991 1.849 1.708 1.56 2.118 1.946 1.774 1.653 1.542 1.882 1.739 1.619 1.52 1.352 1.33 1.161 0.971
16.9778 2.396 2.445 2.37 2.177 2.035 1.896 2.257 2.155 2.033 1.891 1.75 1.602 2.16 1.988 1.816 1.695 1.584 1.924 1.781 1.661 1.562 1.394 1.372 1.203 1.013
17.3873 2.438 2.487 2.412 2.219 2.077 1.938 2.299 2.197 2.075 1.933 1.792 1.644 2.202 2.03 1.858 1.737 1.626 1.966 1.823 1.703 1.604 1.436 1.414 1.245 1.055
17.8068 2.48 2.529 2.454 2.261 2.119 1.98 2.341 2.239 2.117 1.975 1.834 1.686 2.244 2.071 1.9 1.779 1.668 2.008 1.865 1.745 1.646 1.478 1.456 1.287 1.097
18.2363 2.522 2.571 2.496 2.303 2.161 2.022 2.383 2.281 2.159 2.017 1.876 1.728 2.286 2.113 1.942 1.821 1.71 2.05 1.907 1.787 1.688 1.52 1.498 1.329 1.139
18.6762 2.559 2.609 2.534 2.341 2.198 2.059 2.42 2.318 2.196 2.054 1.914 1.765 2.323 2.151 1.979 1.858 1.748 2.087 1.944 1.825 1.726 1.557 1.536 1.366 1.176
19.1268 2.596 2.646 2.571 2.378 2.235 2.096 2.457 2.355 2.233 2.091 1.951 1.802 2.36 2.188 2.016 1.895 1.785 2.124 1.982 1.862 1.763 1.594 1.573 1.403 1.213
19.5882 2.633 2.683 2.608 2.415 2.272 2.133 2.494 2.393 2.27 2.128 1.988 1.839 2.398 2.225 2.053 1.932 1.822 2.161 2.019 1.899 1.8 1.632 1.61 1.44 1.25
20.0607 2.67 2.72 2.645 2.452 2.31 2.17 2.531 2.43 2.307 2.165 2.025 1.876 2.435 2.262 2.09 1.969 1.859 2.198 2.056 1.936 1.837 1.669 1.647 1.478 1.287
20.5446 2.707 2.757 2.682 2.489 2.347 2.208 2.568 2.467 2.344 2.202 2.062 1.913 2.472 2.299 2.127 2.007 1.896 2.235 2.093 1.973 1.874 1.706 1.684 1.515 1.324
21.0402 2.745 2.794 2.719 2.526 2.384 2.245 2.605 2.504 2.381 2.239 2.099 1.95 2.509 2.336 2.164 2.044 1.933 2.272 2.13 2.01 1.911 1.743 1.721 1.552 1.361
21.5478 2.782 2.831 2.756 2.563 2.421 2.282 2.643 2.541 2.418 2.277 2.136 1.987 2.546 2.373 2.201 2.081 1.97 2.31 2.167 2.047 1.948 1.78 1.758 1.589 1.398
22.0676 2.819 2.868 2.793 2.6 2.458 2.319 2.68 2.578 2.456 2.314 2.173 2.025 2.583 2.41 2.239 2.118 2.007 2.347 2.204 2.084 1.985 1.817 1.795 1.626 1.436
22.5999 2.856 2.905 2.83 2.637 2.495 2.356 2.717 2.615 2.493 2.351 2.21 2.062 2.62 2.447 2.276 2.155 2.044 2.384 2.241 2.121 2.022 1.854 1.832 1.663 1.473
23.1451 2.893 2.942 2.867 2.674 2.532 2.393 2.754 2.652 2.53 2.388 2.247 2.099 2.657 2.484 2.313 2.192 2.081 2.421 2.278 2.158 2.059 1.891 1.869 1.7 1.51
23.7034 2.929 2.978 2.903 2.71 2.568 2.429 2.79 2.688 2.565 2.424 2.283 2.135 2.693 2.52 2.349 2.228 2.117 2.457 2.314 2.194 2.095 1.927 1.905 1.736 1.546
24.2752 2.965 3.014 2.939 2.746 2.604 2.465 2.825 2.724 2.601 2.46 2.319 2.17 2.729 2.556 2.384 2.264 2.153 2.493 2.35 2.23 2.131 1.963 1.941 1.772 1.581
24.8608 3.0 3.05 2.975 2.782 2.64 2.501 2.861 2.76 2.637 2.495 2.355 2.206 2.765 2.592 2.42 2.3 2.189 2.528 2.386 2.266 2.167 1.999 1.977 1.808 1.617
25.4606 3.036 3.086 3.011 2.818 2.676 2.537 2.897 2.796 2.673 2.531 2.391 2.242 2.801 2.628 2.456 2.336 2.225 2.564 2.422 2.302 2.203 2.035 2.013 1.844 1.653
26.0748 3.072 3.122 3.047 2.854 2.712 2.572 2.933 2.832 2.709 2.567 2.427 2.278 2.837 2.664 2.492 2.372 2.261 2.6 2.458 2.338 2.239 2.071 2.049 1.88 1.689
26.7038 3.108 3.158 3.083 2.89 2.748 2.608 2.969 2.868 2.745 2.603 2.463 2.314 2.873 2.7 2.528 2.407 2.297 2.636 2.494 2.374 2.275 2.107 2.085 1.916 1.725
27.3479 3.144 3.194 3.119 2.926 2.783 2.644 3.005 2.903 2.781 2.639 2.499 2.35 2.908 2.736 2.564 2.443 2.333 2.672 2.53 2.41 2.311 2.142 2.121 1.951 1.761
28.0077 3.18 3.23 3.155 2.962 2.819 2.68 3.041 2.939 2.817 2.675 2.535 2.386 2.944 2.772 2.6 2.479 2.369 2.708 2.566 2.446 2.347 2.178 2.157 1.987 1.797
28.6833 3.216 3.265 3.191 2.998 2.855 2.716 3.077 2.975 2.853 2.711 2.571 2.422 2.98 2.808 2.636 2.515 2.405 2.744 2.601 2.482 2.383 2.214 2.193 2.023 1.833
29.3752 3.252 3.302 3.227 3.034 2.891 2.752 3.113 3.011 2.889 2.747 2.607 2.458 3.016 2.844 2.672 2.551 2.441 2.78 2.638 2.518 2.419 2.25 2.229 2.059 1.869
30.0838 3.289 3.338 3.263 3.07 2.928 2.789 3.15 3.048 2.926 2.784 2.643 2.495 3.053 2.88 2.709 2.588 2.477 2.817 2.674 2.554 2.455 2.287 2.265 2.096 1.906
30.8096 3.325 3.375 3.3 3.107 2.965 2.825 3.186 3.085 2.962 2.82 2.68 2.531 3.09 2.917 2.745 2.624 2.514 2.853 2.711 2.591 2.492 2.324 2.302 2.133 1.942
31.5528 3.362 3.411 3.336 3.144 3.001 2.862 3.223 3.121 2.999 2.857 2.716 2.568 3.126 2.954 2.782 2.661 2.55 2.89 2.747 2.627 2.528 2.36 2.338 2.169 1.979
32.3139 3.398 3.448 3.373 3.18 3.038 2.899 3.259 3.158 3.035 2.893 2.753 2.604 3.163 2.99 2.818 2.698 2.587 2.926 2.784 2.664 2.565 2.397 2.375 2.206 2.015
33.0935 3.435 3.484 3.41 3.217 3.074 2.935 3.296 3.194 3.072 2.93 2.79 2.641 3.199 3.027 2.855 2.734 2.624 2.963 2.82 2.701 2.602 2.433 2.412 2.242 2.052
33.8918 3.472 3.521 3.446 3.253 3.111 2.972 3.333 3.231 3.108 2.967 2.826 2.678 3.236 3.063 2.891 2.771 2.66 3.0 2.857 2.737 2.638 2.47 2.448 2.279 2.089
34.7093 3.508 3.558 3.483 3.29 3.147 3.008 3.369 3.267 3.145 3.003 2.863 2.714 3.272 3.1 2.928 2.807 2.697 3.036 2.894 2.774 2.675 2.506 2.485 2.315 2.125
35.5466 3.545 3.594 3.519 3.326 3.184 3.045 3.406 3.304 3.182 3.04 2.899 2.751 3.309 3.136 2.965 2.844 2.733 3.073 2.93 2.81 2.711 2.543 2.521 2.352 2.162
36.4041 3.581 3.631 3.556 3.363 3.221 3.081 3.442 3.341 3.218 3.076 2.936 2.787 3.346 3.173 3.001 2.881 2.77 3.109 2.967 2.847 2.748 2.58 2.558 2.389 2.198
37.2823 3.617 3.666 3.592 3.399 3.256 3.117 3.478 3.376 3.254 3.112 2.971 2.823 3.381 3.209 3.037 2.916 2.805 3.145 3.002 2.883 2.784 2.615 2.594 2.424 2.234
38.1817 3.651 3.7 3.626 3.433 3.29 3.151 3.512 3.41 3.288 3.146 3.005 2.857 3.415 3.243 3.071 2.95 2.84 3.179 3.036 2.917 2.818 2.649 2.628 2.458 2.268
39.1028 3.685 3.734 3.66 3.467 3.324 3.185 3.546 3.444 3.322 3.18 3.039 2.891 3.449 3.277 3.105 2.984 2.874 3.213 3.07 2.951 2.852 2.683 2.662 2.492 2.302
40.046 3.719 3.768 3.694 3.501 3.358 3.219 3.58 3.478 3.356 3.214 3.074 2.925 3.483 3.311 3.139 3.018 2.908 3.247 3.104 2.985 2.886 2.717 2.696 2.526 2.336
41.0121 3.753 3.802 3.728 3.535 3.392 3.253 3.614 3.512 3.39 3.248 3.108 2.959 3.517 3.345 3.173 3.052 2.942 3.281 3.138 3.019 2.92 2.751 2.73 2.56 2.37
42.0014 3.787 3.837 3.762 3.569 3.426 3.287 3.648 3.546 3.424 3.282 3.142 2.993 3.551 3.379 3.207 3.086 2.976 3.315 3.172 3.053 2.954 2.785 2.764 2.594 2.404
43.0146 3.821 3.871 3.796 3.603 3.46 3.321 3.682 3.58 3.458 3.316 3.176 3.027 3.585 3.413 3.241 3.12 3.01 3.349 3.206 3.087 2.988 2.819 2.798 2.628 2.438
44.0523 3.855 3.905 3.83 3.637 3.494 3.355 3.716 3.614 3.492 3.35 3.21 3.061 3.619 3.447 3.275 3.154 3.044 3.383 3.24 3.121 3.022 2.853 2.832 2.662 2.472
45.1149 3.889 3.939 3.864 3.671 3.528 3.389 3.75 3.648 3.526 3.384 3.244 3.095 3.653 3.481 3.309 3.188 3.078 3.417 3.275 3.155 3.056 2.887 2.866 2.696 2.506
46.2033 3.923 3.973 3.898 3.705 3.562 3.423 3.784 3.682 3.56 3.418 3.278 3.129 3.687 3.515 3.343 3.222 3.112 3.451 3.309 3.189 3.09 2.921 2.9 2.73 2.54
47.3178 3.956 4.005 3.93 3.737 3.595 3.456 3.816 3.715 3.592 3.451 3.31 3.161 3.72 3.547 3.375 3.255 3.144 3.483 3.341 3.221 3.122 2.954 2.932 2.763 2.572
48.4593 3.986 4.036 3.961 3.768 3.626 3.487 3.847 3.746 3.623 3.481 3.341 3.192 3.751 3.578 3.406 3.286 3.175 3.514 3.372 3.252 3.153 2.985 2.963 2.794 2.603
49.6283 4.017 4.067 3.992 3.799 3.657 3.517 3.878 3.777 3.654 3.512 3.372 3.223 3.782 3.609 3.437 3.317 3.206 3.545 3.403 3.283 3.184 3.016 2.994 2.825 2.634
50.8255 4.048 4.098 4.023 3.83 3.688 3.548 3.909 3.808 3.685 3.543 3.403 3.254 3.813 3.64 3.468 3.347 3.237 3.576 3.434 3.314 3.215 3.047 3.025 2.856 2.665
52.0515 4.079 4.129 4.054 3.861 3.718 3.579 3.94 3.838 3.716 3.574 3.434 3.285 3.843 3.671 3.499 3.378 3.268 3.607 3.465 3.345 3.246 3.077 3.056 2.886 2.696
53.3072 4.11 4.16 4.085 3.892 3.749 3.61 3.971 3.869 3.747 3.605 3.465 3.316 3.874 3.702 3.53 3.409 3.299 3.638 3.495 3.376 3.277 3.108 3.087 2.917 2.727
54.5931 4.141 4.19 4.116 3.923 3.78 3.641 4.002 3.9 3.778 3.636 3.495 3.347 3.905 3.733 3.561 3.44 3.33 3.669 3.526 3.407 3.308 3.139 3.118 2.948 2.758
55.9101 4.172 4.221 4.147 3.954 3.811 3.672 4.033 3.931 3.809 3.667 3.526 3.378 3.936 3.764 3.592 3.471 3.36 3.7 3.557 3.437 3.338 3.17 3.148 2.979 2.789
57.2588 4.203 4.252 4.177 3.984 3.842 3.703 4.064 3.962 3.84 3.698 3.557 3.409 3.967 3.795 3.623 3.502 3.391 3.731 3.588 3.468 3.369 3.201 3.179 3.01 2.82
58.6401 4.234 4.283 4.208 4.015 3.873 3.734 4.095 3.993 3.871 3.729 3.588 3.44 3.998 3.825 3.654 3.533 3.422 3.762 3.619 3.499 3.4 3.232 3.21 3.041 2.851
60.0546 4.265 4.314 4.239 4.046 3.904 3.765 4.126 4.024 3.902 3.76 3.619 3.471 4.029 3.856 3.685 3.564 3.453 3.793 3.65 3.53 3.431 3.263 3.241 3.072 2.882
61.5034 4.296 4.345 4.27 4.078 3.935 3.796 4.157 4.055 3.933 3.791 3.65 3.502 4.06 3.888 3.716 3.595 3.484 3.824 3.681 3.561 3.462 3.294 3.272 3.103 2.913
62.987 4.327 4.376 4.302 4.109 3.966 3.827 4.188 4.086 3.964 3.822 3.681 3.533 4.091 3.919 3.747 3.626 3.515 3.855 3.712 3.593 3.494 3.325 3.304 3.134 2.944
64.5065 4.358 4.408 4.333 4.14 3.997 3.858 4.219 4.117 3.995 3.853 3.713 3.564 4.122 3.95 3.778 3.657 3.547 3.886 3.743 3.624 3.525 3.356 3.335 3.165 2.975
66.0626 4.389 4.439 4.364 4.171 4.028 3.889 4.25 4.148 4.026 3.884 3.744 3.595 4.153 3.981 3.809 3.688 3.578 3.917 3.775 3.655 3.556 3.387 3.366 3.196 3.006
67.6562 4.42 4.47 4.395 4.202 4.059 3.92 4.281 4.179 4.057 3.915 3.775 3.626 4.185 4.012 3.84 3.719 3.609 3.948 3.806 3.686 3.587 3.419 3.397 3.227 3.037
69.2883 4.451 4.501 4.426 4.233 4.091 3.951 4.312 4.211 4.088 3.946 3.806 3.657 4.216 4.043 3.871 3.75 3.64 3.979 3.837 3.717 3.618 3.45 3.428 3.259 3.068
70.9597 4.482 4.532 4.457 4.264 4.122 3.983 4.343 4.242 4.119 3.977 3.837 3.688 4.247 4.074 3.902 3.782 3.671 4.01 3.868 3.748 3.649 3.481 3.459 3.29 3.099
72.6715 4.514 4.563 4.488 4.295 4.153 4.014 4.374 4.273 4.15 4.008 3.868 3.719 4.278 4.105 3.933 3.813 3.702 4.041 3.899 3.779 3.68 3.512 3.49 3.321 3.13
74.4246 4.545 4.594 4.519 4.326 4.184 4.045 4.406 4.304 4.181 4.04 3.899 3.751 4.309 4.136 3.964 3.844 3.733 4.073 3.93 3.81 3.711 3.543 3.521 3.352 3.161
76.2199 4.587 4.636 4.562 4.369 4.226 4.087 4.448 4.346 4.224 4.082 3.942 3.793 4.351 4.179 4.007 3.886 3.776 4.115 3.972 3.853 3.754 3.585 3.564 3.394 3.204
78.0586 4.632 4.682 4.607 4.414 4.271 4.132 4.493 4.391 4.269 4.127 3.987 3.838 4.396 4.224 4.052 3.931 3.821 4.16 4.018 3.898 3.799 3.63 3.609 3.439 3.249
79.9416 4.677 4.727 4.652 4.459 4.317 4.177 4.538 4.437 4.314 4.172 4.032 3.883 4.442 4.269 4.097 3.976 3.866 4.205 4.063 3.943 3.844 3.676 3.654 3.485 3.294
81.87 4.722 4.772 4.697 4.504 4.362 4.223 4.583 4.482 4.359 4.217 4.077 3.928 4.487 4.314 4.142 4.022 3.911 4.25 4.108 3.988 3.889 3.721 3.699 3.53 3.339
83.845 4.768 4.817 4.742 4.549 4.407 4.268 4.629 4.527 4.404 4.263 4.122 3.974 4.532 4.359 4.187 4.067 3.956 4.296 4.153 4.033 3.934 3.766 3.744 3.575 3.385
85.8676 4.813 4.862 4.787 4.594 4.452 4.313 4.674 4.572 4.45 4.308 4.167 4.019 4.577 4.404 4.233 4.112 4.001 4.341 4.198 4.078 3.979 3.811 3.789 3.62 3.43
87.939 4.858 4.907 4.833 4.64 4.497 4.358 4.719 4.617 4.495 4.353 4.212 4.064 4.622 4.45 4.278 4.157 4.046 4.386 4.243 4.123 4.024 3.856 3.834 3.665 3.475
90.0604 4.903 4.953 4.878 4.685 4.542 4.403 4.764 4.662 4.54 4.398 4.258 4.109 4.667 4.495 4.323 4.202 4.092 4.431 4.288 4.169 4.07 3.901 3.88 3.71 3.52
92.2329 4.948 4.998 4.923 4.73 4.587 4.448 4.809 4.707 4.585 4.443 4.303 4.154 4.712 4.54 4.368 4.247 4.137 4.476 4.334 4.214 4.115 3.946 3.925 3.755 3.565
94.4579 4.993 5.043 4.968 4.775 4.633 4.493 4.854 4.753 4.63 4.488 4.348 4.199 4.758 4.585 4.413 4.293 4.182 4.521 4.379 4.259 4.16 3.992 3.97 3.801 3.61
96.7365 5.063 5.113 5.038 4.845 4.703 4.564 4.924 4.823 4.7 4.558 4.418 4.269 4.828 4.655 4.483 4.363 4.252 4.591 4.449 4.329 4.23 4.062 4.04 3.871 3.68
99.0701 5.135 5.184 5.109 4.916 4.774 4.635 4.996 4.894 4.772 4.63 4.489 4.341 4.899 4.727 4.555 4.434 4.323 4.663 4.52 4.4 4.301 4.133 4.111 3.942 3.752
101.4599 5.206 5.256 5.181 4.988 4.845 4.706 5.067 4.965 4.843 4.701 4.561 4.412 4.971 4.798 4.626 4.505 4.395 4.734 4.592 4.472 4.373 4.204 4.183 4.013 3.823
103.9075 5.278 5.327 5.252 5.059 4.917 4.778 5.139 5.037 4.914 4.773 4.632 4.484 5.042 4.869 4.697 4.577 4.466 4.806 4.663 4.543 4.444 4.276 4.254 4.085 3.894
106.4141 5.349 5.398 5.324 5.131 4.988 4.849 5.21 5.108 4.986 4.844 4.703 4.555 5.113 4.941 4.769 4.648 4.538 4.877 4.734 4.615 4.516 4.347 4.326 4.156 3.966
108.9811 5.42 5.47 5.395 5.202 5.06 4.92 5.281 5.18 5.057 4.915 4.775 4.626 5.185 5.012 4.84 4.72 4.609 4.948 4.806 4.686 4.587 4.419 4.397 4.228 4.037
111.6101 5.492 5.541 5.466 5.273 5.131 4.992 5.353 5.251 5.129 4.987 4.846 4.698 5.256 5.083 4.912 4.791 4.68 5.02 4.877 4.757 4.658 4.49 4.468 4.299 4.109
114.3025 5.563 5.613 5.538 5.345 5.202 5.063 5.424 5.322 5.2 5.058 4.918 4.769 5.327 5.155 4.983 4.862 4.752 5.091 4.949 4.829 4.73 4.561 4.54 4.37 4.18
117.0598 5.635 5.684 5.609 5.416 5.274 5.135 5.495 5.394 5.271 5.13 4.989 4.84 5.399 5.226 5.054 4.934 4.823 5.163 5.02 4.9 4.801 4.633 4.611 4.442 4.251
119.8836 5.709 5.759 5.684 5.491 5.348 5.209 5.57 5.468 5.346 5.204 5.064 4.915 5.473 5.301 5.129 5.008 4.898 5.237 5.095 4.975 4.876 4.707 4.686 4.516 4.326
122.7756 5.815 5.864 5.789 5.596 5.454 5.315 5.676 5.574 5.452 5.31 5.169 5.021 5.579 5.406 5.235 5.114 5.003 5.343 5.2 5.08 4.981 4.813 4.791 4.622 4.432
125.7373 5.92 5.97 5.895 5.702 5.56 5.42 5.781 5.68 5.557 5.415 5.275 5.126 5.685 5.512 5.34 5.219 5.109 5.448 5.306 5.186 5.087 4.919 4.897 4.728 4.537
128.7705 6.026 6.075 6.001 5.808 5.665 5.526 5.887 5.785 5.663 5.521 5.38 5.232 5.79 5.618 5.446 5.325 5.214 5.554 5.411 5.291 5.192 5.024 5.002 4.833 4.643
131.8769 6.131 6.181 6.106 5.913 5.771 5.632 5.992 5.891 5.768 5.626 5.486 5.337 5.896 5.723 5.551 5.431 5.32 5.659 5.517 5.397 5.298 5.13 5.108 4.939 4.748
135.0582 6.237 6.287 6.212 6.019 5.876 5.737 6.098 5.996 5.874 5.732 5.592 5.443 6.001 5.829 5.657 5.536 5.426 5.765 5.622 5.503 5.404 5.235 5.214 5.044 4.854
138.3162 6.343 6.392 6.317 6.124 5.982 5.843 6.204 6.102 5.98 5.838 5.697 5.549 6.107 5.934 5.763 5.642 5.531 5.871 5.728 5.608 5.509 5.341 5.319 5.15 4.96
141.6528 6.448 6.498 6.423 6.23 6.087 5.948 6.309 6.208 6.085 5.943 5.803 5.654 6.213 6.04 5.868 5.747 5.637 5.976 5.834 5.714 5.615 5.447 5.425 5.255 5.065
145.0699 6.554 6.603 6.528 6.335 6.193 6.054 6.415 6.313 6.191 6.049 5.908 5.76 6.318 6.146 5.974 5.853 5.742 6.082 5.939 5.819 5.72 5.552 5.53 5.361 5.171
148.5695 6.659 6.709 6.634 6.441 6.299 6.16 6.52 6.419 6.296 6.154 6.014 5.865 6.424 6.251 6.079 5.959 5.848 6.187 6.045 5.925 5.826 5.658 5.636 5.467 5.276
152.1534 6.781 6.83 6.755 6.562 6.42 6.281 6.642 6.54 6.417 6.276 6.135 5.987 6.545 6.372 6.201 6.08 5.969 6.309 6.166 6.046 5.947 5.779 5.757 5.588 5.398
155.8238 6.952 7.002 6.927 6.734 6.592 6.452 6.813 6.712 6.589 6.447 6.307 6.158 6.717 6.544 6.372 6.251 6.141 6.48 6.338 6.218 6.119 5.951 5.929 5.76 5.569
159.5828 7.124 7.173 7.099 6.906 6.763 6.624 6.985 6.883 6.761 6.619 6.478 6.33 6.888 6.716 6.544 6.423 6.313 6.652 6.509 6.39 6.291 6.122 6.101 5.931 5.741
163.4324 7.296 7.345 7.27 7.077 6.935 6.796 7.157 7.055 6.932 6.791 6.65 6.502 7.06 6.887 6.716 6.595 6.484 6.824 6.681 6.561 6.462 6.294 6.272 6.103 5.913
167.375 7.467 7.517 7.442 7.249 7.107 6.967 7.328 7.227 7.104 6.962 6.822 6.673 7.232 7.059 6.887 6.766 6.656 6.995 6.853 6.733 6.634 6.466 6.444 6.275 6.084
171.4126 7.639 7.688 7.614 7.421 7.278 7.139 7.5 7.398 7.276 7.134 6.993 6.845 7.403 7.231 7.059 6.938 6.827 7.167 7.024 6.905 6.805 6.637 6.616 6.446 6.256
175.5476 7.811 7.86 7.785 7.592 7.45 7.311 7.672 7.57 7.447 7.306 7.165 7.017 7.575 7.402 7.23 7.11 6.999 7.339 7.196 7.076 6.977 6.809 6.787 6.618 6.428
179.7823 7.982 8.032 7.957 7.764 7.622 7.482 7.843 7.742 7.619 7.477 7.337 7.188 7.747 7.574 7.402 7.281 7.171 7.51 7.368 7.248 7.149 6.981 6.959 6.79 6.599
184.1193 8.154 8.203 8.129 7.936 7.793 7.654 8.015 7.913 7.791 7.649 7.508 7.36 7.918 7.746 7.574 7.453 7.342 7.682 7.539 7.42 7.32 7.152 7.131 6.961 6.771
188.5608 8.326 8.375 8.3 8.107 7.965 7.826 8.187 8.085 7.962 7.821 7.68 7.532 8.09 7.917 7.745 7.625 7.514 7.854 7.711 7.591 7.492 7.324 7.302 7.133 6.942
193.1095 8.559 8.609 8.534 8.341 8.198 8.059 8.42 8.318 8.196 8.054 7.914 7.765 8.324 8.151 7.979 7.858 7.748 8.087 7.945 7.825 7.726 7.557 7.536 7.366 7.176
197.7679 8.894 8.944 8.869 8.676 8.533 8.394 8.755 8.653 8.531 8.389 8.249 8.1 8.658 8.486 8.314 8.193 8.083 8.422 8.279 8.16 8.061 7.892 7.871 7.701 7.511
202.5387 9.229 9.278 9.203 9.011 8.868 8.729 9.09 8.988 8.866 8.724 8.583 8.435 8.993 8.821 8.649 8.528 8.417 8.757 8.614 8.494 8.395 8.227 8.205 8.036 7.846
207.4245 9.564 9.613 9.538 9.345 9.203 9.064 9.425 9.323 9.201 9.059 8.918 8.77 9.328 9.155 8.984 8.863 8.752 9.092 8.949 8.829 8.73 8.562 8.54 8.371 8.181
212.4283 9.899 9.948 9.873 9.68 9.538 9.399 9.759 9.658 9.535 9.393 9.253 9.104 9.663 9.49 9.318 9.198 9.087 9.426 9.284 9.164 9.065 8.897 8.875 8.706 8.515
217.5527 10.233 10.283 10.208 10.015 9.873 9.733 10.094 9.993 9.87 9.728 9.588 9.439 9.998 9.825 9.653 9.533 9.422 9.761 9.619 9.499 9.4 9.232 9.21 9.041 8.85
222.8008 10.568 10.618 10.543 10.35 10.207 10.068 10.429 10.327 10.205 10.063 9.923 9.774 10.332 10.16 9.988 9.867 9.757 10.096 9.954 9.834 9.735 9.566 9.545 9.375 9.185
228.1754 10.903 10.952 10.878 10.685 10.542 10.403 10.764 10.662 10.54 10.398 10.257 10.109 10.667 10.495 10.323 10.202 10.092 10.431 10.288 10.169 10.07 9.901 9.88 9.71 9.52
233.6797 11.238 11.287 11.212 11.019 10.877 10.738 11.099 10.997 10.875 10.733 10.592 10.444 11.002 10.83 10.658 10.537 10.426 10.766 10.623 10.503 10.404 10.236 10.214 10.045 9.855
239.3168 11.573 11.622 11.547 11.354 11.212 11.073 11.434 11.332 11.209 11.068 10.927 10.779 11.337 11.164 10.993 10.872 10.761 11.101 10.958 10.838 10.739 10.571 10.549 10.38 10.19
245.0899 11.907 11.957 11.882 11.689 11.547 11.408 11.768 11.667 11.544 11.402 11.262 11.113 11.672 11.499 11.327 11.207 11.096 11.435 11.293 11.173 11.074 10.906 10.884 10.715 10.524
251.0022 12.242 12.292 12.217 12.024 11.882 11.742 12.103 12.002 11.879 11.737 11.597 11.448 12.007 11.834 11.662 11.541 11.431 11.77 11.628 11.508 11.409 11.241 11.219 11.05 10.859
257.0572 12.577 12.627 12.552 12.359 12.216 12.077 12.438 12.336 12.214 12.072 11.932 11.783 12.341 12.169 11.997 11.876 11.766 12.105 11.963 11.843 11.744 11.575 11.554 11.384 11.194
263.2582 12.912 12.961 12.887 12.694 12.551 12.412 12.773 12.671 12.549 12.407 12.266 12.118 12.676 12.504 12.332 12.211 12.1 12.44 12.297 12.178 12.079 11.91 11.889 11.719 11.529
269.6088 13.247 13.296 13.221 13.028 12.886 12.747 13.108 13.006 12.884 12.742 12.601 12.453 13.011 12.839 12.667 12.546 12.435 12.775 12.632 12.512 12.413 12.245 12.223 12.054 11.864
276.1126 13.582 13.631 13.556 13.363 13.221 13.082 13.443 13.341 13.218 13.077 12.936 12.788 13.346 13.173 13.001 12.881 12.77 13.11 12.967 12.847 12.748 12.58 12.558 12.389 12.199
282.7734 13.916 13.966 13.891 13.698 13.556 13.417 13.777 13.676 13.553 13.411 13.271 13.122 13.681 13.508 13.336 13.216 13.105 13.444 13.302 13.182 13.083 12.915 12.893 12.724 12.533
289.5947 14.251 14.301 14.226 14.033 13.891 13.751 14.112 14.011 13.888 13.746 13.606 13.457 14.016 13.843 13.671 13.55 13.44 13.779 13.637 13.517 13.418 13.25 13.228 13.059 12.868
296.5807 14.586 14.636 14.561 14.368 14.225 14.086 14.447 14.345 14.223 14.081 13.941 13.792 14.35 14.178 14.006 13.885 13.775 14.114 13.971 13.852 13.753 13.584 13.563 13.393 13.203
303.7351 14.921 14.97 14.896 14.703 14.56 14.421 14.782 14.68 14.558 14.416 14.275 14.127 14.685 14.513 14.341 14.22 14.109 14.449 14.306 14.186 14.087 13.919 13.897 13.728 13.538
311.0622 15.256 15.305 15.23 15.037 14.895 14.756 15.117 15.015 14.893 14.751 14.61 14.462 15.02 14.847 14.676 14.555 14.444 14.784 14.641 14.521 14.422 14.254 14.232 14.063 13.873
318.566 15.591 15.64 15.565 15.372 15.23 15.091 15.452 15.35 15.227 15.086 14.945 14.796 15.355 15.182 15.01 14.89 14.779 15.119 14.976 14.856 14.757 14.589 14.567 14.398 14.207
326.2508 15.925 15.975 15.9 15.707 15.565 15.426 15.786 15.685 15.562 15.42 15.28 15.131 15.69 15.517 15.345 15.225 15.114 15.453 15.311 15.191 15.092 14.924 14.902 14.733 14.542
334.121 16.26 16.31 16.235 16.042 15.899 15.76 16.121 16.02 15.897 15.755 15.615 15.466 16.025 15.852 15.68 15.559 15.449 15.788 15.646 15.526 15.427 15.259 15.237 15.067 14.877
342.181 16.595 16.645 16.57 16.377 16.234 16.095 16.456 16.354 16.232 16.09 15.95 15.801 16.359 16.187 16.015 15.894 15.784 16.123 15.98 15.861 15.762 15.593 15.572 15.402 15.212
350.4355 16.93 16.979 16.904 16.712 16.569 16.43 16.791 16.689 16.567 16.425 16.284 16.136 16.694 16.522 16.35 16.229 16.118 16.458 16.315 16.195 16.096 15.928 15.906 15.737 15.547
358.8891 17.265 17.314 17.239 17.046 16.904 16.765 17.126 17.024 16.902 16.76 16.619 16.471 17.029 16.856 16.685 16.564 16.453 16.793 16.65 16.53 16.431 16.263 16.241 16.072 15.882
367.5467 17.6 17.649 17.574 17.381 17.239 17.1 17.46 17.359 17.236 17.095 16.954 16.805 17.364 17.191 17.019 16.899 16.788 17.128 16.985 16.865 16.766 16.598 16.576 16.407 16.216
376.4131 17.934 17.984 17.909 17.716 17.574 17.434 17.795 17.694 17.571 17.429 17.289 17.14 17.699 17.526 17.354 17.234 17.123 17.462 17.32 17.2 17.101 16.933 16.911 16.742 16.551
385.4933 18.269 18.319 18.244 18.051 17.908 17.769 18.13 18.028 17.906 17.764 17.624 17.475 18.033 17.861 17.689 17.568 17.458 17.797 17.655 17.535 17.436 17.267 17.246 17.076 16.886
394.7926 18.604 18.653 18.579 18.386 18.243 18.104 18.465 18.363 18.241 18.099 17.959 17.81 18.368 18.196 18.024 17.903 17.793 18.132 17.989 17.87 17.771 17.602 17.581 17.411 17.221
404.3163 18.939 18.988 18.913 18.721 18.578 18.439 18.8 18.698 18.576 18.434 18.293 18.145 18.703 18.531 18.359 18.238 18.127 18.467 18.324 18.204 18.105 17.937 17.915 17.746 17.556
414.0697 19.274 19.323 19.248 19.055 18.913 18.774 19.135 19.033 18.911 18.769 18.628 18.48 19.038 18.865 18.694 18.573 18.462 18.802 18.659 18.539 18.44 18.272 18.25 18.081 17.891
424.0583 19.609 19.658 19.583 19.39 19.248 19.109 19.469 19.368 19.245 19.103 18.963 18.814 19.373 19.2 19.028 18.908 18.797 19.136 18.994 18.874 18.775 18.607 18.585 18.416 18.225
434.2879 19.943 19.993 19.918 19.725 19.583 19.443 19.804 19.703 19.58 19.438 19.298 19.149 19.708 19.535 19.363 19.243 19.132 19.471 19.329 19.209 19.11 18.942 18.92 18.751 18.56
444.7643 20.278 20.328 20.253 20.06 19.917 19.778 20.139 20.037 19.915 19.773 19.633 19.484 20.042 19.87 19.698 19.577 19.467 19.806 19.664 19.544 19.445 19.276 19.255 19.085 18.895
455.4934 20.613 20.662 20.588 20.395 20.252 20.113 20.474 20.372 20.25 20.108 19.967 19.819 20.377 20.205 20.033 19.912 19.802 20.141 19.998 19.879 19.78 19.611 19.59 19.42 19.23
466.4814 20.948 20.997 20.922 20.729 20.587 20.448 20.809 20.707 20.585 20.443 20.302 20.154 20.712 20.54 20.368 20.247 20.136 20.476 20.333 20.213 20.114 19.946 19.924 19.755 19.565
477.7344 21.283 21.332 21.257 21.064 20.922 20.783 21.144 21.042 20.919 20.778 20.637 20.489 21.047 20.874 20.703 20.582 20.471 20.811 20.668 20.548 20.449 20.281 20.259 20.09 19.9
489.2588 21.617 21.667 21.592 21.399 21.257 21.118 21.478 21.377 21.254 21.112 20.972 20.823 21.382 21.209 21.037 20.917 20.806 21.145 21.003 20.883 20.784 20.616 20.594 20.425 20.234
501.0613 21.952 22.002 21.927 21.734 21.592 21.452 21.813 21.712 21.589 21.447 21.307 21.158 21.717 21.544 21.372 21.251 21.141 21.48 21.338 21.218 21.119 20.951 20.929 20.76 20.569
513.1485 22.287 22.337 22.262 22.069 21.926 21.787 22.148 22.046 21.924 21.782 21.642 21.493 22.051 21.879 21.707 21.586 21.476 21.815 21.673 21.553 21.454 21.285 21.264 21.094 20.904
525.5272 22.622 22.671 22.597 22.404 22.261 22.122 22.483 22.381 22.259 22.117 21.976 21.828 22.386 22.214 22.042 21.921 21.81 22.15 22.007 21.888 21.788 21.62 21.599 21.429 21.239
538.2046 22.957 23.006 22.931 22.738 22.596 22.457 22.818 22.716 22.594 22.452 22.311 22.163 22.721 22.548 22.377 22.256 22.145 22.485 22.342 22.222 22.123 21.955 21.933 21.764 21.574
551.1878 23.292 23.341 23.266 23.073 22.931 22.792 23.153 23.051 22.928 22.787 22.646 22.498 23.056 22.883 22.711 22.591 22.48 22.82 22.677 22.557 22.458 22.29 22.268 22.099 21.908
564.4842 23.626 23.676 23.601 23.408 23.266 23.127 23.487 23.386 23.263 23.121 22.981 22.832 23.391 23.218 23.046 22.926 22.815 23.154 23.012 22.892 22.793 22.625 22.603 22.434 22.243
578.1013 23.961 24.011 23.936 23.743 23.6 23.461 23.822 23.721 23.598 23.456 23.316 23.167 23.726 23.553 23.381 23.26 23.15 23.489 23.347 23.227 23.128 22.96 22.938 22.768 22.578
592.0469 24.296 24.346 24.271 24.078 23.935 23.796 24.157 24.055 23.933 23.791 23.651 23.502 24.06 23.888 23.716 23.595 23.485 23.824 23.681 23.562 23.463 23.294 23.273 23.103 22.913
606.329 24.631 24.68 24.606 24.413 24.27 24.131 24.492 24.39 24.268 24.126 23.985 23.837 24.395 24.223 24.051 23.93 23.819 24.159 24.016 23.896 23.797 23.629 23.607 23.438 23.248
620.9555 24.966 25.015 24.94 24.747 24.605 24.466 24.827 24.725 24.603 24.461 24.32 24.172 24.73 24.557 24.386 24.265 24.154 24.494 24.351 24.231 24.132 23.964 23.942 23.773 23.583
635.9349 25.301 25.35 25.275 25.082 24.94 24.801 25.161 25.06 24.937 24.796 24.655 24.506 25.065 24.892 24.72 24.6 24.489 24.829 24.686 24.566 24.467 24.299 24.277 24.108 23.917
651.2757 25.635 25.685 25.61 25.417 25.275 25.136 25.496 25.395 25.272 25.13 24.99 24.841 25.4 25.227 25.055 24.935 24.824 25.163 25.021 24.901 24.802 24.634 24.612 24.443 24.252
666.9865 25.97 26.02 25.945 25.752 25.609 25.47 25.831 25.729 25.607 25.465 25.325 25.176 25.735 25.562 25.39 25.269 25.159 25.498 25.356 25.236 25.137 24.968 24.947 24.777 24.587
683.0763 26.305 26.354 26.28 26.087 25.944 25.805 26.166 26.064 25.942 25.8 25.66 25.511 26.069 25.897 25.725 25.604 25.494 25.833 25.69 25.571 25.472 25.303 25.282 25.112 24.922
699.5543 26.64 26.689 26.614 26.422 26.279 26.14 26.501 26.399 26.277 26.135 25.994 25.846 26.404 26.232 26.06 25.939 25.828 26.168 26.025 25.905 25.806 25.638 25.616 25.447 25.257
716.4297 26.975 27.024 26.949 26.756 26.614 26.475 26.836 26.734 26.612 26.47 26.329 26.181 26.739 26.566 26.395 26.274 26.163 26.503 26.36 26.24 26.141 25.973 25.951 25.782 25.592
733.7123 27.31 27.359 27.284 27.091 26.949 26.81 27.17 27.069 26.946 26.804 26.664 26.515 27.074 26.901 26.729 26.609 26.498 26.837 26.695 26.575 26.476 26.308 26.286 26.117 25.926
751.4117 27.644 27.694 27.619 27.426 27.284 27.144 27.505 27.404 27.281 27.139 26.999 26.85 27.409 27.236 27.064 26.944 26.833 27.172 27.03 26.91 26.811 26.643 26.621 26.452 26.261
769.5381 27.979 28.029 27.954 27.761 27.618 27.479 27.84 27.738 27.616 27.474 27.334 27.185 27.743 27.571 27.399 27.278 27.168 27.507 27.365 27.245 27.146 26.977 26.956 26.786 26.596
788.1018 28.314 28.363 28.289 28.096 27.953 27.814 28.175 28.073 27.951 27.809 27.668 27.52 28.078 27.906 27.734 27.613 27.503 27.842 27.699 27.58 27.481 27.312 27.291 27.121 26.931
807.1133 28.649 28.698 28.623 28.43 28.288 28.149 28.51 28.408 28.286 28.144 28.003 27.855 28.413 28.241 28.069 27.948 27.837 28.177 28.034 27.914 27.815 27.647 27.625 27.456 27.266
826.5834 28.984 29.033 28.958 28.765 28.623 28.484 28.845 28.743 28.62 28.479 28.338 28.19 28.748 28.575 28.404 28.283 28.172 28.512 28.369 28.249 28.15 27.982 27.96 27.791 27.601
846.5232 29.318 29.368 29.293 29.1 28.958 28.819 29.179 29.078 28.955 28.813 28.673 28.524 29.083 28.91 28.738 28.618 28.507 28.846 28.704 28.584 28.485 28.317 28.295 28.126 27.935
866.944 29.653 29.703 29.628 29.435 29.293 29.153 29.514 29.413 29.29 29.148 29.008 28.859 29.418 29.245 29.073 28.952 28.842 29.181 29.039 28.919 28.82 28.652 28.63 28.461 28.27
887.8575 29.988 30.038 29.963 29.77 29.627 29.488 29.849 29.747 29.625 29.483 29.343 29.194 29.752 29.58 29.408 29.287 29.177 29.516 29.374 29.254 29.155 28.986 28.965 28.795 28.605
909.2754 30.323 30.372 30.298 30.105 29.962 29.823 30.184 30.082 29.96 29.818 29.677 29.529 30.087 29.915 29.743 29.622 29.511 29.851 29.708 29.589 29.49 29.321 29.3 29.13 28.94
931.21 30.658 30.707 30.632 30.439 30.297 30.158 30.519 30.417 30.295 30.153 30.012 29.864 30.422 30.25 30.078 29.957 29.846 30.186 30.043 29.923 29.824 29.656 29.634 29.465 29.275
953.6737 30.993 31.042 30.967 30.774 30.632 30.493 30.854 30.752 30.629 30.488 30.347 30.199 30.757 30.584 30.412 30.292 30.181 30.521 30.378 30.258 30.159 29.991 29.969 29.8 29.61
976.6793 31.327 31.377 31.302 31.109 30.967 30.828 31.188 31.087 30.964 30.822 30.682 30.533 31.092 30.919 30.747 30.627 30.516 30.855 30.713 30.593 30.494 30.326 30.304 30.135 29.944
1000.2399 31.662 31.712 31.637 31.444 31.302 31.162 31.523 31.422 31.299 31.157 31.017 30.868 31.427 31.254 31.082 30.961 30.851 31.19 31.048 30.928 30.829 30.661 30.639 30.47 30.279
1024.3688 31.997 32.047 31.972 31.779 31.636 31.497 31.858 31.756 31.634 31.492 31.352 31.203 31.761 31.589 31.417 31.296 31.186 31.525 31.382 31.263 31.164 30.995 30.974 30.804 30.614
1049.0798 32.332 32.381 32.307 32.114 31.971 31.832 32.193 32.091 31.969 31.827 31.686 31.538 32.096 31.924 31.752 31.631 31.52 31.86 31.717 31.597 31.498 31.33 31.308 31.139 30.949
1074.3869 32.667 32.716 32.641 32.448 32.306 32.167 32.528 32.426 32.304 32.162 32.021 31.873 32.431 32.258 32.087 31.966 31.855 32.195 32.052 31.932 31.833 31.665 31.643 31.474 31.284
1100.3045 33.002 33.051 32.976 32.783 32.641 32.502 32.863 32.761 32.638 32.497 32.356 32.207 32.766 32.593 32.421 32.301 32.19 32.53 32.387 32.267 32.168 32.0 31.978 31.809 31.618
1126.8473 33.336 33.386 33.311 33.118 32.976 32.837 33.197 33.096 32.973 32.831 32.691 32.542 33.101 32.928 32.756 32.636 32.525 32.864 32.722 32.602 32.503 32.335 32.313 32.144 31.953
1154.0304 33.671 33.721 33.646 33.453 33.31 33.171 33.532 33.431 33.308 33.166 33.026 32.877 33.436 33.263 33.091 32.97 32.86 33.199 33.057 32.937 32.838 32.67 32.648 32.478 32.288
1181.8693 34.006 34.056 33.981 33.788 33.645 33.506 33.867 33.765 33.643 33.501 33.361 33.212 33.77 33.598 33.426 33.305 33.195 33.534 33.391 33.272 33.173 33.004 32.983 32.813 32.623
1210.3797 34.341 34.39 34.315 34.123 33.98 33.841 34.202 34.1 33.978 33.836 33.695 33.547 34.105 33.933 33.761 33.64 33.529 33.869 33.726 33.606 33.507 33.339 33.317 33.148 32.958
1239.5778 34.676 34.725 34.65 34.457 34.315 34.176 34.537 34.435 34.313 34.171 34.03 33.882 34.44 34.267 34.096 33.975 33.864 34.204 34.061 33.941 33.842 33.674 33.652 33.483 33.293
1269.4803 35.011 35.06 34.985 34.792 34.65 34.511 34.871 34.77 34.647 34.506 34.365 34.216 34.775 34.602 34.43 34.31 34.199 34.539 34.396 34.276 34.177 34.009 33.987 33.818 33.627
1300.1042 35.345 35.395 35.32 35.127 34.985 34.845 35.206 35.105 34.982 34.84 34.7 34.551 35.11 34.937 34.765 34.645 34.534 34.873 34.731 34.611 34.512 34.344 34.322 34.153 33.962
1331.4668 35.68 35.73 35.655 35.462 35.319 35.18 35.541 35.439 35.317 35.175 35.035 34.886 35.444 35.272 35.1 34.979 34.869 35.208 35.066 34.946 34.847 34.678 34.657 34.487 34.297
1363.586 36.015 36.064 35.99 35.797 35.654 35.515 35.876 35.774 35.652 35.51 35.37 35.221 35.779 35.607 35.435 35.314 35.204 35.543 35.4 35.281 35.182 35.013 34.992 34.822 34.632
1396.48 36.35 36.399 36.324 36.132 35.989 35.85 36.211 36.109 35.987 35.845 35.704 35.556 36.114 35.942 35.77 35.649 35.538 35.878 35.735 35.615 35.516 35.348 35.326 35.157 34.967
1430.1675 36.685 36.734 36.659 36.466 36.324 36.185 36.546 36.444 36.322 36.18 36.039 35.891 36.449 36.276 36.105 35.984 35.873 36.213 36.07 35.95 35.851 35.683 35.661 35.492 35.302
1464.6676 37.02 37.069 36.994 36.801 36.659 36.52 36.88 36.779 36.656 36.514 36.374 36.225 36.784 36.611 36.439 36.319 36.208 36.547 36.405 36.285 36.186 36.018 35.996 35.827 35.636
1500.0 37.354 37.404 37.329 37.136 36.994 36.854 37.215 37.114 36.991 36.849 36.709 36.56 37.119 36.946 36.774 36.654 36.543 36.882 36.74 36.62 36.521 36.353 36.331 36.162 35.971
