# %ECSV 1.0
# ---
# datatype:
# - {name: time, datatype: float64}
# - {name: swift_uvot_uvw2, datatype: float64}
# - {name: swift_uvot_uvm2, datatype: float64}
# - {name: swift_uvot_uvw1, datatype: float64}
# - {name: swift_uvot_U, datatype: float64}
# - {name: swift_uvot_B, datatype: float64}
# - {name: swift_uvot_V, datatype: float64}
# - {name: swift_uvot_W, datatype: float64}
# - {name: johnson_U, datatype: float64}
# - {name: johnson_B, datatype: float64}
# - {name: johnson_V, datatype: float64}
# - {name: johnson_R, datatype: float64}
# - {name: johnson_I, datatype: float64}
# - {name: sdss_u, datatype: float64}
# - {name: sdss_g, datatype: float64}
# - {name: sdss_r, datatype: float64}
# - {name: sdss_i, datatype: float64}
# - {name: sdss_z, datatype: float64}
# - {name: PS1_g, datatype: float64}
# - {name: PS1_r, datatype: float64}
# - {name: PS1_i, datatype: float64}
# - {name: PS1_z, datatype: float64}
# - {name: PS1_Y, datatype: float64}
# - {name: PS1_w, datatype: float64}
# - {name: ATLAS_c, datatype: float64}
# - {name: ATLAS_o, datatype: float64}
# - {name: ukirt_J, datatype: float64}
# - {name: ukirt_H, datatype: float64}
# - {name: ukirt_K, datatype: float64}
# - {name: Clear, datatype: float64}
# meta: !!omap
# - comment: [kappa = 3.0, type = villar, mass = 0.0012301715156502338, velocity = 0.17100000000000004, theta_obs = 0.0]
# schema: astropy-2.0
time swift_uvot_uvw2 swift_uvot_uvm2 swift_uvot_uvw1 swift_uvot_U swift_uvot_B swift_uvot_V swift_uvot_W johnson_U johnson_B johnson_V johnson_R johnson_I sdss_u sdss_g sdss_r sdss_i sdss_z PS1_g PS1_r PS1_i PS1_z PS1_Y PS1_w ATLAS_c ATLAS_o ukirt_J ukirt_H ukirt_K Clear
0.001 nan nan nan nan nan nan nan nan nan nan nan nan nan nan nan nan nan nan nan nan nan nan nan nan nan nan nan nan nan
0.00103 -2.476 -2.629 -2.736 -2.87 -2.785 -2.606 -2.69 -2.864 -2.782 -2.598 -2.348 -2.021 -2.868 -2.732 -2.469 -2.226 -1.973 -2.723 -2.482 -2.239 -2.053 -1.971 -2.481 -2.632 -2.367 -1.421 -0.941 -0.365 -2.513
0.001061 -3.299 -3.38 -3.416 -3.41 -3.253 -3.02 -3.32 -3.392 -3.249 -3.011 -2.723 -2.363 -3.397 -3.181 -2.859 -2.585 -2.31 -3.167 -2.875 -2.603 -2.403 -2.329 -2.883 -3.057 -2.745 -1.727 -1.23 -0.64 -2.927
0.001094 -3.742 -3.784 -3.789 -3.715 -3.523 -3.264 -3.674 -3.69 -3.519 -3.255 -2.95 -2.574 -3.697 -3.442 -3.092 -2.804 -2.519 -3.426 -3.11 -2.825 -2.62 -2.553 -3.122 -3.306 -2.972 -1.92 -1.415 -0.819 -3.172
0.001127 -4.045 -4.063 -4.048 -3.932 -3.719 -3.444 -3.923 -3.903 -3.715 -3.435 -3.119 -2.734 -3.91 -3.633 -3.265 -2.969 -2.677 -3.616 -3.286 -2.992 -2.785 -2.724 -3.3 -3.49 -3.143 -2.07 -1.56 -0.959 -3.353
0.001161 -4.277 -4.277 -4.249 -4.103 -3.876 -3.591 -4.119 -4.073 -3.873 -3.582 -3.258 -2.867 -4.08 -3.787 -3.408 -3.105 -2.809 -3.77 -3.429 -3.131 -2.921 -2.865 -3.445 -3.639 -3.282 -2.195 -1.682 -1.078 -3.501
0.001196 -4.466 -4.452 -4.416 -4.248 -4.011 -3.718 -4.281 -4.215 -4.007 -3.708 -3.379 -2.983 -4.223 -3.919 -3.531 -3.224 -2.924 -3.902 -3.554 -3.251 -3.041 -2.989 -3.57 -3.768 -3.404 -2.306 -1.79 -1.185 -3.628
0.001232 -4.627 -4.602 -4.558 -4.375 -4.129 -3.831 -4.421 -4.341 -4.126 -3.821 -3.488 -3.088 -4.348 -4.035 -3.641 -3.33 -3.029 -4.018 -3.665 -3.359 -3.148 -3.101 -3.682 -3.882 -3.513 -2.407 -1.889 -1.282 -3.741
0.001269 -4.767 -4.734 -4.685 -4.488 -4.237 -3.933 -4.545 -4.453 -4.233 -3.924 -3.588 -3.184 -4.461 -4.141 -3.741 -3.429 -3.125 -4.124 -3.767 -3.459 -3.248 -3.203 -3.784 -3.986 -3.612 -2.501 -1.981 -1.373 -3.844
0.001308 -4.892 -4.852 -4.799 -4.592 -4.336 -4.029 -4.658 -4.556 -4.332 -4.019 -3.68 -3.275 -4.565 -4.239 -3.835 -3.52 -3.215 -4.222 -3.861 -3.552 -3.34 -3.298 -3.879 -4.082 -3.705 -2.589 -2.068 -1.459 -3.94
0.001347 -5.006 -4.961 -4.904 -4.689 -4.429 -4.119 -4.762 -4.652 -4.425 -4.109 -3.768 -3.361 -4.661 -4.331 -3.924 -3.607 -3.301 -4.314 -3.95 -3.639 -3.428 -3.388 -3.968 -4.172 -3.793 -2.673 -2.151 -1.541 -4.03
0.001388 -5.111 -5.061 -5.002 -4.78 -4.516 -4.204 -4.858 -4.743 -4.513 -4.194 -3.852 -3.443 -4.751 -4.418 -4.008 -3.69 -3.383 -4.401 -4.035 -3.723 -3.511 -3.473 -4.053 -4.258 -3.877 -2.753 -2.231 -1.62 -4.115
0.00143 -5.208 -5.155 -5.093 -4.866 -4.6 -4.285 -4.949 -4.828 -4.596 -4.275 -3.932 -3.522 -4.836 -4.5 -4.089 -3.769 -3.461 -4.484 -4.116 -3.803 -3.591 -3.555 -4.134 -4.34 -3.957 -2.831 -2.308 -1.696 -4.197
0.001473 -5.3 -5.243 -5.179 -4.948 -4.68 -4.364 -5.035 -4.91 -4.676 -4.354 -4.009 -3.598 -4.918 -4.58 -4.166 -3.846 -3.537 -4.563 -4.194 -3.88 -3.668 -3.633 -4.212 -4.419 -4.034 -2.906 -2.382 -1.771 -4.275
0.001518 -5.386 -5.326 -5.261 -5.026 -4.757 -4.439 -5.117 -4.988 -4.753 -4.429 -4.084 -3.672 -4.996 -4.656 -4.241 -3.921 -3.611 -4.64 -4.27 -3.955 -3.743 -3.709 -4.287 -4.495 -4.109 -2.979 -2.455 -1.843 -4.351
0.001564 -5.467 -5.406 -5.34 -5.102 -4.831 -4.513 -5.195 -5.064 -4.827 -4.503 -4.157 -3.744 -5.072 -4.73 -4.314 -3.993 -3.683 -4.714 -4.343 -4.028 -3.816 -3.783 -4.361 -4.568 -4.182 -3.05 -2.526 -1.914 -4.425
0.001611 -5.545 -5.482 -5.416 -5.175 -4.903 -4.584 -5.27 -5.137 -4.9 -4.574 -4.228 -3.815 -5.145 -4.802 -4.386 -4.064 -3.754 -4.786 -4.414 -4.099 -3.887 -3.855 -4.432 -4.64 -4.253 -3.12 -2.596 -1.983 -4.496
0.00166 -5.62 -5.556 -5.488 -5.247 -4.974 -4.654 -5.343 -5.208 -4.97 -4.644 -4.297 -3.884 -5.216 -4.873 -4.455 -4.133 -3.823 -4.856 -4.484 -4.169 -3.956 -3.925 -4.502 -4.71 -4.323 -3.189 -2.664 -2.052 -4.566
0.00171 -5.692 -5.627 -5.559 -5.316 -5.042 -4.722 -5.413 -5.277 -5.039 -4.712 -4.365 -3.952 -5.286 -4.941 -4.523 -4.201 -3.891 -4.925 -4.552 -4.237 -4.024 -3.993 -4.57 -4.778 -4.391 -3.257 -2.732 -2.119 -4.634
0.001761 -5.761 -5.695 -5.627 -5.384 -5.11 -4.789 -5.481 -5.345 -5.106 -4.779 -4.432 -4.018 -5.353 -5.008 -4.59 -4.268 -3.957 -4.992 -4.619 -4.304 -4.091 -4.06 -4.637 -4.845 -4.457 -3.323 -2.798 -2.185 -4.701
0.001815 -5.828 -5.762 -5.694 -5.45 -5.176 -4.855 -5.548 -5.411 -5.172 -4.845 -4.498 -4.084 -5.419 -5.074 -4.656 -4.334 -4.023 -5.058 -4.685 -4.369 -4.157 -4.126 -4.703 -4.911 -4.523 -3.389 -2.864 -2.251 -4.767
0.00187 -5.893 -5.827 -5.758 -5.514 -5.24 -4.92 -5.612 -5.475 -5.237 -4.91 -4.562 -4.149 -5.484 -5.139 -4.721 -4.398 -4.088 -5.123 -4.75 -4.434 -4.222 -4.191 -4.767 -4.976 -4.588 -3.453 -2.928 -2.315 -4.832
0.001926 -5.955 -5.89 -5.822 -5.578 -5.304 -4.984 -5.676 -5.539 -5.3 -4.974 -4.626 -4.213 -5.547 -5.203 -4.784 -4.462 -4.152 -5.187 -4.814 -4.498 -4.286 -4.254 -4.831 -5.04 -4.652 -3.517 -2.993 -2.38 -4.896
0.001984 -6.017 -5.952 -5.883 -5.64 -5.367 -5.047 -5.738 -5.601 -5.363 -5.037 -4.689 -4.276 -5.61 -5.266 -4.847 -4.525 -4.215 -5.249 -4.876 -4.561 -4.349 -4.317 -4.894 -5.103 -4.715 -3.581 -3.056 -2.443 -4.959
0.002044 -6.076 -6.012 -5.944 -5.702 -5.429 -5.109 -5.798 -5.663 -5.425 -5.099 -4.752 -4.338 -5.671 -5.327 -4.91 -4.588 -4.277 -5.311 -4.939 -4.623 -4.411 -4.379 -4.956 -5.165 -4.777 -3.643 -3.119 -2.506 -5.021
0.002106 -6.135 -6.071 -6.003 -5.762 -5.49 -5.17 -5.858 -5.724 -5.486 -5.16 -4.813 -4.4 -5.732 -5.389 -4.971 -4.649 -4.339 -5.372 -5.0 -4.685 -4.472 -4.441 -5.018 -5.226 -4.839 -3.705 -3.181 -2.568 -5.082
0.00217 -6.191 -6.129 -6.062 -5.822 -5.55 -5.231 -5.916 -5.783 -5.546 -5.221 -4.874 -4.461 -5.792 -5.449 -5.032 -4.71 -4.4 -5.433 -5.061 -4.746 -4.533 -4.501 -5.078 -5.287 -4.9 -3.767 -3.243 -2.63 -5.143
0.002236 -6.247 -6.185 -6.119 -5.881 -5.609 -5.291 -5.974 -5.842 -5.605 -5.281 -4.935 -4.522 -5.85 -5.509 -5.092 -4.771 -4.461 -5.492 -5.121 -4.806 -4.594 -4.561 -5.139 -5.346 -4.96 -3.828 -3.304 -2.691 -5.203
0.002303 -6.302 -6.241 -6.175 -5.939 -5.668 -5.35 -6.03 -5.9 -5.664 -5.34 -4.994 -4.582 -5.909 -5.568 -5.152 -4.831 -4.522 -5.551 -5.18 -4.866 -4.654 -4.62 -5.198 -5.406 -5.02 -3.889 -3.365 -2.752 -5.262
0.002373 -6.355 -6.296 -6.231 -5.996 -5.726 -5.409 -6.086 -5.958 -5.723 -5.399 -5.054 -4.642 -5.966 -5.626 -5.211 -4.891 -4.581 -5.61 -5.239 -4.925 -4.713 -4.679 -5.257 -5.464 -5.079 -3.949 -3.425 -2.813 -5.321
0.002445 -6.407 -6.349 -6.286 -6.053 -5.784 -5.467 -6.141 -6.015 -5.78 -5.458 -5.113 -4.701 -6.023 -5.684 -5.27 -4.95 -4.641 -5.667 -5.298 -4.984 -4.772 -4.737 -5.316 -5.523 -5.138 -4.009 -3.485 -2.873 -5.379
0.002519 -6.459 -6.402 -6.339 -6.109 -5.841 -5.525 -6.195 -6.071 -5.837 -5.515 -5.171 -4.76 -6.079 -5.741 -5.328 -5.008 -4.7 -5.725 -5.356 -5.042 -4.83 -4.795 -5.374 -5.58 -5.196 -4.068 -3.545 -2.933 -5.437
0.002595 -6.509 -6.455 -6.393 -6.164 -5.898 -5.583 -6.249 -6.127 -5.894 -5.573 -5.229 -4.819 -6.135 -5.798 -5.386 -5.067 -4.758 -5.782 -5.414 -5.1 -4.888 -4.852 -5.431 -5.638 -5.254 -4.127 -3.604 -2.993 -5.494
0.002673 -6.559 -6.506 -6.445 -6.219 -5.954 -5.64 -6.301 -6.182 -5.95 -5.63 -5.287 -4.877 -6.19 -5.855 -5.443 -5.125 -4.817 -5.838 -5.471 -5.158 -4.946 -4.909 -5.488 -5.694 -5.312 -4.186 -3.663 -3.052 -5.551
0.002754 -6.608 -6.557 -6.497 -6.274 -6.009 -5.696 -6.354 -6.236 -6.006 -5.687 -5.344 -4.935 -6.245 -5.911 -5.5 -5.182 -4.875 -5.894 -5.528 -5.215 -5.003 -4.966 -5.545 -5.751 -5.369 -4.245 -3.722 -3.111 -5.608
0.002837 -6.656 -6.607 -6.548 -6.328 -6.065 -5.753 -6.405 -6.291 -6.061 -5.743 -5.401 -4.992 -6.299 -5.966 -5.557 -5.239 -4.932 -5.95 -5.584 -5.272 -5.06 -5.022 -5.601 -5.807 -5.426 -4.303 -3.781 -3.17 -5.664
0.002923 -6.704 -6.656 -6.599 -6.381 -6.12 -5.809 -6.456 -6.344 -6.116 -5.799 -5.457 -5.05 -6.352 -6.021 -5.613 -5.296 -4.989 -6.005 -5.64 -5.329 -5.117 -5.078 -5.658 -5.862 -5.483 -4.361 -3.839 -3.229 -5.72
0.003012 -6.75 -6.705 -6.649 -6.434 -6.174 -5.864 -6.506 -6.397 -6.17 -5.854 -5.514 -5.107 -6.406 -6.076 -5.669 -5.353 -5.047 -6.059 -5.696 -5.385 -5.173 -5.133 -5.713 -5.918 -5.539 -4.418 -3.897 -3.287 -5.775
0.003103 -6.796 -6.753 -6.698 -6.487 -6.228 -5.919 -6.556 -6.45 -6.224 -5.909 -5.57 -5.163 -6.458 -6.131 -5.725 -5.409 -5.103 -6.114 -5.751 -5.441 -5.229 -5.188 -5.769 -5.973 -5.595 -4.476 -3.955 -3.345 -5.83
0.003196 -6.842 -6.801 -6.747 -6.539 -6.282 -5.974 -6.606 -6.503 -6.278 -5.964 -5.625 -5.22 -6.511 -6.185 -5.78 -5.465 -5.16 -6.168 -5.806 -5.497 -5.285 -5.243 -5.824 -6.027 -5.65 -4.533 -4.012 -3.403 -5.885
0.003293 -6.886 -6.848 -6.795 -6.59 -6.335 -6.029 -6.655 -6.555 -6.331 -6.019 -5.681 -5.276 -6.563 -6.238 -5.835 -5.521 -5.216 -6.222 -5.861 -5.552 -5.34 -5.298 -5.878 -6.082 -5.706 -4.59 -4.07 -3.46 -5.94
0.003393 -6.931 -6.894 -6.843 -6.642 -6.388 -6.083 -6.703 -6.606 -6.384 -6.073 -5.736 -5.332 -6.614 -6.292 -5.89 -5.576 -5.272 -6.275 -5.916 -5.607 -5.396 -5.352 -5.933 -6.136 -5.761 -4.647 -4.127 -3.518 -5.994
0.003495 -6.974 -6.94 -6.891 -6.693 -6.441 -6.137 -6.751 -6.658 -6.437 -6.127 -5.791 -5.387 -6.666 -6.345 -5.945 -5.632 -5.328 -6.328 -5.97 -5.662 -5.451 -5.406 -5.987 -6.189 -5.816 -4.703 -4.184 -3.575 -6.048
0.003601 -7.017 -6.986 -6.938 -6.743 -6.493 -6.191 -6.799 -6.709 -6.49 -6.181 -5.845 -5.443 -6.717 -6.398 -5.999 -5.687 -5.383 -6.381 -6.024 -5.717 -5.506 -5.46 -6.041 -6.243 -5.87 -4.76 -4.241 -3.632 -6.101
0.00371 -7.06 -7.031 -6.984 -6.794 -6.545 -6.244 -6.846 -6.759 -6.542 -6.234 -5.9 -5.498 -6.767 -6.451 -6.053 -5.742 -5.439 -6.434 -6.078 -5.771 -5.56 -5.514 -6.095 -6.296 -5.925 -4.816 -4.297 -3.689 -6.155
0.003822 -7.101 -7.075 -7.03 -6.844 -6.597 -6.297 -6.892 -6.81 -6.593 -6.288 -5.954 -5.553 -6.817 -6.503 -6.107 -5.796 -5.494 -6.486 -6.132 -5.826 -5.614 -5.567 -6.148 -6.349 -5.979 -4.872 -4.354 -3.746 -6.208
0.003938 -7.143 -7.119 -7.076 -6.893 -6.649 -6.35 -6.939 -6.86 -6.645 -6.341 -6.008 -5.608 -6.867 -6.555 -6.161 -5.851 -5.549 -6.538 -6.185 -5.88 -5.669 -5.62 -6.201 -6.401 -6.033 -4.928 -4.41 -3.803 -6.261
0.004057 -7.184 -7.162 -7.121 -6.943 -6.7 -6.403 -6.985 -6.909 -6.696 -6.393 -6.062 -5.663 -6.917 -6.607 -6.214 -5.905 -5.604 -6.59 -6.238 -5.933 -5.723 -5.674 -6.254 -6.454 -6.086 -4.983 -4.466 -3.859 -6.313
0.00418 -7.224 -7.206 -7.166 -6.992 -6.751 -6.456 -7.03 -6.959 -6.747 -6.446 -6.115 -5.717 -6.966 -6.658 -6.267 -5.959 -5.658 -6.641 -6.291 -5.987 -5.776 -5.726 -6.307 -6.506 -6.14 -5.039 -4.522 -3.916 -6.366
0.004306 -7.264 -7.248 -7.211 -7.04 -6.802 -6.508 -7.075 -7.008 -6.798 -6.498 -6.169 -5.772 -7.015 -6.709 -6.32 -6.013 -5.713 -6.692 -6.344 -6.04 -5.83 -5.779 -6.36 -6.558 -6.193 -5.094 -4.578 -3.972 -6.418
0.004436 -7.303 -7.29 -7.255 -7.089 -6.852 -6.56 -7.12 -7.056 -6.849 -6.55 -6.222 -5.826 -7.064 -6.76 -6.373 -6.066 -5.767 -6.743 -6.396 -6.094 -5.883 -5.832 -6.412 -6.61 -6.246 -5.149 -4.634 -4.028 -6.47
0.00457 -7.342 -7.332 -7.298 -7.137 -6.902 -6.612 -7.165 -7.105 -6.899 -6.602 -6.275 -5.88 -7.112 -6.811 -6.425 -6.12 -5.821 -6.794 -6.448 -6.147 -5.937 -5.884 -6.464 -6.661 -6.299 -5.205 -4.689 -4.084 -6.522
0.004709 -7.381 -7.373 -7.342 -7.185 -6.952 -6.663 -7.209 -7.153 -6.949 -6.654 -6.328 -5.933 -7.161 -6.862 -6.478 -6.173 -5.875 -6.845 -6.5 -6.2 -5.99 -5.936 -6.516 -6.712 -6.352 -5.259 -4.745 -4.14 -6.573
0.004851 -7.419 -7.414 -7.385 -7.232 -7.002 -6.715 -7.252 -7.201 -6.999 -6.705 -6.38 -5.987 -7.208 -6.912 -6.53 -6.226 -5.929 -6.895 -6.552 -6.252 -6.043 -5.988 -6.568 -6.763 -6.404 -5.314 -4.8 -4.196 -6.624
0.004998 -7.456 -7.455 -7.427 -7.28 -7.052 -6.766 -7.296 -7.249 -7.048 -6.757 -6.433 -6.041 -7.256 -6.962 -6.582 -6.279 -5.983 -6.945 -6.604 -6.305 -6.096 -6.04 -6.619 -6.814 -6.457 -5.369 -4.855 -4.252 -6.676
0.005149 -7.493 -7.495 -7.469 -7.326 -7.101 -6.817 -7.339 -7.296 -7.097 -6.808 -6.485 -6.094 -7.303 -7.012 -6.634 -6.332 -6.036 -6.995 -6.656 -6.358 -6.148 -6.092 -6.671 -6.865 -6.509 -5.423 -4.91 -4.307 -6.727
0.005305 -7.53 -7.535 -7.511 -7.373 -7.15 -6.868 -7.382 -7.343 -7.147 -6.859 -6.537 -6.147 -7.35 -7.062 -6.686 -6.385 -6.09 -7.045 -6.707 -6.41 -6.201 -6.143 -6.722 -6.916 -6.561 -5.478 -4.965 -4.363 -6.777
0.005465 -7.566 -7.574 -7.553 -7.42 -7.199 -6.919 -7.424 -7.39 -7.195 -6.909 -6.589 -6.2 -7.397 -7.111 -6.737 -6.437 -6.143 -7.094 -6.758 -6.462 -6.253 -6.195 -6.773 -6.966 -6.613 -5.532 -5.02 -4.418 -6.828
0.00563 -7.602 -7.613 -7.594 -7.466 -7.248 -6.969 -7.466 -7.437 -7.244 -6.96 -6.641 -6.253 -7.444 -7.161 -6.788 -6.49 -6.196 -7.144 -6.809 -6.514 -6.306 -6.246 -6.824 -7.016 -6.665 -5.586 -5.075 -4.473 -6.878
0.005801 -7.637 -7.651 -7.635 -7.512 -7.296 -7.02 -7.508 -7.483 -7.293 -7.01 -6.693 -6.306 -7.49 -7.21 -6.84 -6.542 -6.249 -7.193 -6.86 -6.566 -6.358 -6.298 -6.875 -7.066 -6.716 -5.64 -5.13 -4.529 -6.929
0.005976 -7.672 -7.69 -7.675 -7.557 -7.344 -7.07 -7.55 -7.529 -7.341 -7.06 -6.744 -6.359 -7.536 -7.259 -6.891 -6.594 -6.302 -7.242 -6.911 -6.617 -6.41 -6.349 -6.925 -7.116 -6.768 -5.694 -5.184 -4.584 -6.979
0.006157 -7.707 -7.727 -7.715 -7.603 -7.392 -7.12 -7.591 -7.575 -7.389 -7.11 -6.795 -6.411 -7.582 -7.307 -6.941 -6.646 -6.355 -7.291 -6.961 -6.669 -6.462 -6.4 -6.975 -7.165 -6.819 -5.748 -5.239 -4.639 -7.029
0.006343 -7.741 -7.765 -7.755 -7.648 -7.44 -7.17 -7.632 -7.621 -7.437 -7.16 -6.847 -6.464 -7.628 -7.356 -6.992 -6.698 -6.407 -7.339 -7.012 -6.72 -6.513 -6.451 -7.026 -7.214 -6.87 -5.802 -5.293 -4.694 -7.078
0.006535 -7.775 -7.802 -7.794 -7.693 -7.488 -7.219 -7.673 -7.666 -7.484 -7.21 -6.898 -6.516 -7.673 -7.404 -7.043 -6.749 -6.46 -7.388 -7.062 -6.772 -6.565 -6.501 -7.076 -7.264 -6.921 -5.856 -5.347 -4.748 -7.128
0.006732 -7.808 -7.838 -7.833 -7.738 -7.535 -7.269 -7.713 -7.711 -7.532 -7.259 -6.949 -6.568 -7.718 -7.452 -7.093 -6.801 -6.512 -7.436 -7.112 -6.823 -6.616 -6.552 -7.125 -7.313 -6.972 -5.909 -5.402 -4.803 -7.177
0.006936 -7.841 -7.875 -7.872 -7.782 -7.582 -7.318 -7.753 -7.756 -7.579 -7.309 -6.999 -6.62 -7.763 -7.5 -7.143 -6.852 -6.564 -7.484 -7.162 -6.874 -6.668 -6.603 -7.175 -7.362 -7.022 -5.963 -5.456 -4.858 -7.226
0.007146 -7.873 -7.91 -7.911 -7.826 -7.63 -7.367 -7.793 -7.801 -7.626 -7.358 -7.05 -6.672 -7.807 -7.548 -7.193 -6.903 -6.616 -7.532 -7.212 -6.925 -6.719 -6.653 -7.225 -7.41 -7.073 -6.016 -5.51 -4.912 -7.275
0.007362 -7.906 -7.946 -7.949 -7.87 -7.676 -7.416 -7.832 -7.845 -7.673 -7.407 -7.1 -6.724 -7.852 -7.595 -7.243 -6.954 -6.668 -7.579 -7.262 -6.976 -6.77 -6.704 -7.274 -7.459 -7.123 -6.069 -5.564 -4.967 -7.324
0.007585 -7.937 -7.981 -7.987 -7.914 -7.723 -7.465 -7.872 -7.889 -7.719 -7.456 -7.151 -6.776 -7.896 -7.643 -7.293 -7.005 -6.72 -7.627 -7.311 -7.026 -6.821 -6.754 -7.323 -7.507 -7.174 -6.122 -5.618 -5.021 -7.373
0.007814 -7.968 -8.016 -8.024 -7.957 -7.769 -7.514 -7.911 -7.933 -7.766 -7.504 -7.201 -6.827 -7.94 -7.69 -7.343 -7.056 -6.772 -7.674 -7.361 -7.077 -6.872 -6.804 -7.372 -7.555 -7.224 -6.176 -5.671 -5.076 -7.422
0.00805 -7.999 -8.05 -8.061 -8.001 -7.816 -7.562 -7.949 -7.977 -7.812 -7.553 -7.251 -6.879 -7.983 -7.737 -7.392 -7.107 -6.824 -7.721 -7.41 -7.127 -6.923 -6.854 -7.421 -7.603 -7.274 -6.229 -5.725 -5.13 -7.47
0.008294 -8.03 -8.084 -8.098 -8.044 -7.862 -7.61 -7.988 -8.021 -7.858 -7.601 -7.301 -6.93 -8.027 -7.784 -7.441 -7.158 -6.875 -7.768 -7.459 -7.178 -6.974 -6.904 -7.47 -7.651 -7.324 -6.281 -5.779 -5.184 -7.518
0.008545 -8.06 -8.118 -8.134 -8.086 -7.907 -7.659 -8.026 -8.064 -7.904 -7.65 -7.351 -6.981 -8.07 -7.83 -7.491 -7.208 -6.927 -7.815 -7.508 -7.228 -7.025 -6.954 -7.519 -7.699 -7.373 -6.334 -5.832 -5.238 -7.566
0.008803 -8.089 -8.151 -8.171 -8.129 -7.953 -7.707 -8.064 -8.107 -7.95 -7.698 -7.401 -7.032 -8.113 -7.877 -7.54 -7.259 -6.978 -7.862 -7.557 -7.278 -7.075 -7.004 -7.567 -7.746 -7.423 -6.387 -5.886 -5.292 -7.614
0.009069 -8.119 -8.184 -8.206 -8.171 -7.999 -7.754 -8.101 -8.15 -7.995 -7.746 -7.45 -7.083 -8.156 -7.923 -7.589 -7.309 -7.029 -7.908 -7.605 -7.328 -7.126 -7.054 -7.615 -7.794 -7.472 -6.44 -5.939 -5.346 -7.662
0.009344 -8.147 -8.216 -8.242 -8.213 -8.044 -7.802 -8.138 -8.192 -8.04 -7.793 -7.5 -7.134 -8.198 -7.969 -7.637 -7.359 -7.08 -7.954 -7.654 -7.378 -7.176 -7.104 -7.664 -7.841 -7.522 -6.492 -5.992 -5.4 -7.71
0.009626 -8.176 -8.248 -8.277 -8.255 -8.089 -7.85 -8.176 -8.235 -8.085 -7.841 -7.549 -7.185 -8.241 -8.015 -7.686 -7.409 -7.131 -8.0 -7.702 -7.427 -7.226 -7.153 -7.712 -7.888 -7.571 -6.545 -6.046 -5.454 -7.757
0.009917 -8.204 -8.28 -8.312 -8.296 -8.134 -7.897 -8.212 -8.277 -8.13 -7.888 -7.598 -7.236 -8.283 -8.061 -7.735 -7.459 -7.182 -8.046 -7.751 -7.477 -7.276 -7.203 -7.76 -7.935 -7.62 -6.597 -6.099 -5.508 -7.805
0.010217 -8.231 -8.311 -8.346 -8.338 -8.179 -7.944 -8.249 -8.319 -8.175 -7.936 -7.647 -7.286 -8.324 -8.106 -7.783 -7.509 -7.233 -8.092 -7.799 -7.527 -7.327 -7.253 -7.807 -7.981 -7.669 -6.649 -6.152 -5.562 -7.852
0.010526 -8.259 -8.342 -8.381 -8.379 -8.223 -7.991 -8.285 -8.36 -8.22 -7.983 -7.696 -7.337 -8.366 -8.152 -7.831 -7.559 -7.284 -8.138 -7.847 -7.576 -7.376 -7.302 -7.855 -8.028 -7.718 -6.702 -6.205 -5.616 -7.899
0.010845 -8.285 -8.373 -8.414 -8.419 -8.267 -8.038 -8.321 -8.402 -8.264 -8.03 -7.745 -7.387 -8.407 -8.197 -7.879 -7.608 -7.335 -8.183 -7.895 -7.625 -7.426 -7.351 -7.902 -8.074 -7.766 -6.754 -6.258 -5.669 -7.946
0.011173 -8.312 -8.403 -8.448 -8.46 -8.311 -8.085 -8.357 -8.443 -8.308 -8.077 -7.793 -7.438 -8.448 -8.242 -7.927 -7.658 -7.385 -8.228 -7.943 -7.674 -7.476 -7.4 -7.95 -8.121 -7.815 -6.806 -6.311 -5.723 -7.992
0.011511 -8.338 -8.433 -8.481 -8.5 -8.355 -8.132 -8.392 -8.484 -8.352 -8.123 -7.842 -7.488 -8.489 -8.287 -7.975 -7.707 -7.436 -8.273 -7.99 -7.723 -7.526 -7.45 -7.997 -8.167 -7.863 -6.858 -6.364 -5.776 -8.039
0.011859 -8.363 -8.462 -8.514 -8.54 -8.399 -8.178 -8.427 -8.524 -8.396 -8.17 -7.89 -7.538 -8.53 -8.332 -8.023 -7.756 -7.486 -8.318 -8.038 -7.772 -7.575 -7.499 -8.044 -8.212 -7.912 -6.91 -6.416 -5.83 -8.085
0.012217 -8.388 -8.491 -8.546 -8.58 -8.443 -8.225 -8.462 -8.565 -8.439 -8.216 -7.939 -7.588 -8.57 -8.376 -8.07 -7.805 -7.536 -8.363 -8.085 -7.821 -7.625 -7.548 -8.091 -8.258 -7.96 -6.961 -6.469 -5.883 -8.132
0.012587 -8.413 -8.519 -8.579 -8.62 -8.486 -8.271 -8.497 -8.605 -8.483 -8.262 -7.987 -7.638 -8.61 -8.42 -8.118 -7.854 -7.586 -8.407 -8.132 -7.87 -7.674 -7.597 -8.138 -8.304 -8.008 -7.013 -6.522 -5.937 -8.178
0.012968 -8.437 -8.548 -8.61 -8.659 -8.529 -8.317 -8.531 -8.645 -8.526 -8.308 -8.035 -7.688 -8.65 -8.465 -8.165 -7.903 -7.636 -8.452 -8.179 -7.919 -7.724 -7.646 -8.184 -8.349 -8.056 -7.065 -6.574 -5.99 -8.224
0.01336 -8.461 -8.575 -8.642 -8.698 -8.572 -8.363 -8.566 -8.685 -8.569 -8.354 -8.083 -7.737 -8.69 -8.509 -8.212 -7.952 -7.686 -8.496 -8.226 -7.967 -7.773 -7.694 -8.231 -8.394 -8.103 -7.117 -6.627 -6.043 -8.27
0.013764 -8.484 -8.603 -8.673 -8.737 -8.615 -8.408 -8.599 -8.724 -8.611 -8.4 -8.131 -7.787 -8.729 -8.552 -8.259 -8.001 -7.736 -8.54 -8.273 -8.015 -7.822 -7.743 -8.277 -8.44 -8.151 -7.168 -6.679 -6.096 -8.315
0.01418 -8.507 -8.63 -8.704 -8.775 -8.657 -8.454 -8.633 -8.763 -8.654 -8.446 -8.178 -7.836 -8.768 -8.596 -8.306 -8.049 -7.786 -8.584 -8.32 -8.064 -7.871 -7.792 -8.323 -8.484 -8.199 -7.219 -6.732 -6.15 -8.361
0.014609 -8.53 -8.656 -8.734 -8.814 -8.7 -8.499 -8.666 -8.802 -8.696 -8.491 -8.226 -7.886 -8.807 -8.639 -8.353 -8.097 -7.835 -8.628 -8.366 -8.112 -7.92 -7.84 -8.369 -8.529 -8.246 -7.271 -6.784 -6.203 -8.406
0.015051 -8.552 -8.682 -8.764 -8.852 -8.742 -8.544 -8.7 -8.841 -8.739 -8.536 -8.273 -7.935 -8.846 -8.682 -8.399 -8.146 -7.885 -8.671 -8.413 -8.16 -7.969 -7.889 -8.415 -8.574 -8.293 -7.322 -6.836 -6.256 -8.452
0.015506 -8.574 -8.708 -8.794 -8.889 -8.784 -8.59 -8.732 -8.88 -8.781 -8.581 -8.32 -7.984 -8.884 -8.725 -8.446 -8.194 -7.934 -8.714 -8.459 -8.208 -8.017 -7.937 -8.461 -8.618 -8.34 -7.373 -6.889 -6.309 -8.497
0.015975 -8.595 -8.733 -8.824 -8.927 -8.826 -8.634 -8.765 -8.918 -8.822 -8.626 -8.368 -8.033 -8.922 -8.768 -8.492 -8.242 -7.984 -8.758 -8.505 -8.256 -8.066 -7.986 -8.506 -8.662 -8.387 -7.425 -6.941 -6.362 -8.542
0.016458 -8.616 -8.758 -8.853 -8.964 -8.867 -8.679 -8.797 -8.956 -8.864 -8.671 -8.415 -8.082 -8.96 -8.811 -8.538 -8.29 -8.033 -8.8 -8.551 -8.303 -8.115 -8.034 -8.552 -8.707 -8.434 -7.476 -6.993 -6.415 -8.586
0.016956 -8.636 -8.783 -8.881 -9.001 -8.908 -8.724 -8.829 -8.994 -8.905 -8.716 -8.461 -8.131 -8.998 -8.853 -8.584 -8.338 -8.082 -8.843 -8.597 -8.351 -8.163 -8.082 -8.597 -8.75 -8.481 -7.527 -7.045 -6.467 -8.631
0.017469 -8.656 -8.807 -8.91 -9.038 -8.949 -8.768 -8.861 -9.031 -8.946 -8.76 -8.508 -8.18 -9.035 -8.896 -8.63 -8.386 -8.131 -8.886 -8.643 -8.399 -8.211 -8.13 -8.642 -8.794 -8.528 -7.578 -7.097 -6.52 -8.675
0.017997 -8.675 -8.83 -8.938 -9.074 -8.99 -8.812 -8.893 -9.068 -8.987 -8.805 -8.555 -8.228 -9.072 -8.938 -8.676 -8.433 -8.18 -8.928 -8.688 -8.446 -8.26 -8.178 -8.687 -8.838 -8.574 -7.628 -7.149 -6.573 -8.72
0.018541 -8.694 -8.853 -8.965 -9.11 -9.031 -8.857 -8.924 -9.105 -9.028 -8.849 -8.601 -8.277 -9.109 -8.98 -8.721 -8.481 -8.229 -8.97 -8.733 -8.493 -8.308 -8.226 -8.732 -8.881 -8.62 -7.679 -7.2 -6.626 -8.764
0.019102 -8.713 -8.876 -8.992 -9.146 -9.072 -8.9 -8.955 -9.142 -9.068 -8.893 -8.648 -8.325 -9.145 -9.021 -8.767 -8.528 -8.278 -9.012 -8.779 -8.54 -8.356 -8.274 -8.777 -8.924 -8.667 -7.73 -7.252 -6.678 -8.808
0.01968 -8.731 -8.898 -9.019 -9.182 -9.112 -8.944 -8.986 -9.178 -9.109 -8.936 -8.694 -8.374 -9.182 -9.063 -8.812 -8.575 -8.326 -9.054 -8.824 -8.587 -8.404 -8.322 -8.821 -8.967 -8.713 -7.781 -7.304 -6.731 -8.852
0.020275 -8.749 -8.92 -9.046 -9.217 -9.152 -8.988 -9.016 -9.214 -9.149 -8.98 -8.74 -8.422 -9.218 -9.104 -8.857 -8.622 -8.375 -9.096 -8.869 -8.634 -8.452 -8.37 -8.866 -9.01 -8.759 -7.831 -7.356 -6.783 -8.895
0.020888 -8.766 -8.942 -9.072 -9.252 -9.192 -9.031 -9.046 -9.25 -9.189 -9.024 -8.786 -8.47 -9.253 -9.145 -8.902 -8.669 -8.423 -9.137 -8.914 -8.681 -8.5 -8.417 -8.91 -9.053 -8.804 -7.882 -7.407 -6.836 -8.939
0.02152 -8.782 -8.962 -9.097 -9.287 -9.231 -9.074 -9.076 -9.286 -9.228 -9.067 -8.832 -8.518 -9.289 -9.186 -8.947 -8.716 -8.472 -9.179 -8.958 -8.728 -8.547 -8.465 -8.954 -9.096 -8.85 -7.932 -7.459 -6.888 -8.982
0.022171 -8.799 -8.983 -9.123 -9.321 -9.271 -9.117 -9.106 -9.321 -9.268 -9.11 -8.877 -8.566 -9.324 -9.227 -8.992 -8.763 -8.52 -9.22 -9.003 -8.774 -8.595 -8.513 -8.998 -9.138 -8.896 -7.982 -7.51 -6.941 -9.025
0.022841 -8.814 -9.003 -9.148 -9.356 -9.31 -9.16 -9.135 -9.356 -9.307 -9.153 -8.923 -8.614 -9.359 -9.267 -9.036 -8.81 -8.568 -9.261 -9.047 -8.821 -8.642 -8.56 -9.041 -9.18 -8.941 -8.033 -7.561 -6.993 -9.068
0.023532 -8.83 -9.022 -9.172 -9.389 -9.349 -9.203 -9.164 -9.391 -9.346 -9.196 -8.968 -8.661 -9.393 -9.307 -9.081 -8.856 -8.616 -9.301 -9.092 -8.867 -8.69 -8.607 -9.085 -9.222 -8.986 -8.083 -7.613 -7.045 -9.111
0.024244 -8.844 -9.041 -9.196 -9.423 -9.387 -9.246 -9.193 -9.425 -9.384 -9.238 -9.014 -8.709 -9.428 -9.347 -9.125 -8.902 -8.664 -9.342 -9.136 -8.913 -8.737 -8.655 -9.128 -9.264 -9.031 -8.133 -7.664 -7.098 -9.154
0.024977 -8.858 -9.06 -9.22 -9.456 -9.426 -9.288 -9.222 -9.46 -9.423 -9.281 -9.059 -8.756 -9.462 -9.387 -9.169 -8.949 -8.712 -9.382 -9.18 -8.959 -8.784 -8.702 -9.172 -9.305 -9.076 -8.183 -7.715 -7.15 -9.196
0.025733 -8.872 -9.078 -9.243 -9.489 -9.464 -9.33 -9.25 -9.494 -9.461 -9.323 -9.104 -8.804 -9.495 -9.427 -9.213 -8.995 -8.759 -9.422 -9.223 -9.005 -8.831 -8.749 -9.215 -9.347 -9.121 -8.233 -7.766 -7.202 -9.239
0.026511 -8.885 -9.095 -9.266 -9.522 -9.502 -9.372 -9.278 -9.527 -9.499 -9.365 -9.149 -8.851 -9.529 -9.466 -9.257 -9.041 -8.807 -9.462 -9.267 -9.051 -8.878 -8.796 -9.258 -9.388 -9.166 -8.283 -7.817 -7.254 -9.281
0.027313 -8.898 -9.112 -9.289 -9.554 -9.54 -9.414 -9.306 -9.56 -9.537 -9.407 -9.193 -8.898 -9.562 -9.505 -9.3 -9.087 -8.854 -9.501 -9.31 -9.097 -8.925 -8.843 -9.3 -9.429 -9.21 -8.332 -7.869 -7.306 -9.323
0.028139 -8.91 -9.129 -9.311 -9.586 -9.577 -9.455 -9.333 -9.593 -9.575 -9.448 -9.238 -8.945 -9.595 -9.544 -9.344 -9.132 -8.902 -9.541 -9.354 -9.142 -8.972 -8.89 -9.343 -9.47 -9.255 -8.382 -7.919 -7.358 -9.365
0.02899 -8.922 -9.145 -9.332 -9.618 -9.614 -9.497 -9.361 -9.626 -9.612 -9.49 -9.282 -8.992 -9.627 -9.583 -9.387 -9.178 -8.949 -9.58 -9.397 -9.188 -9.018 -8.937 -9.385 -9.51 -9.299 -8.432 -7.97 -7.41 -9.406
0.029867 -8.933 -9.16 -9.353 -9.649 -9.651 -9.538 -9.387 -9.658 -9.649 -9.531 -9.326 -9.039 -9.659 -9.621 -9.43 -9.223 -8.996 -9.619 -9.44 -9.233 -9.065 -8.983 -9.428 -9.551 -9.343 -8.481 -8.021 -7.462 -9.448
0.03077 -8.944 -9.175 -9.374 -9.68 -9.688 -9.579 -9.414 -9.69 -9.686 -9.572 -9.37 -9.085 -9.691 -9.66 -9.473 -9.269 -9.043 -9.658 -9.483 -9.278 -9.111 -9.03 -9.47 -9.591 -9.387 -8.531 -8.072 -7.514 -9.489
0.031701 -8.954 -9.19 -9.394 -9.711 -9.725 -9.62 -9.44 -9.722 -9.722 -9.613 -9.414 -9.132 -9.723 -9.698 -9.516 -9.314 -9.09 -9.696 -9.525 -9.323 -9.158 -9.076 -9.512 -9.631 -9.43 -8.58 -8.123 -7.565 -9.53
0.032659 -8.963 -9.204 -9.414 -9.741 -9.761 -9.66 -9.467 -9.753 -9.758 -9.654 -9.458 -9.178 -9.754 -9.735 -9.558 -9.359 -9.137 -9.735 -9.568 -9.368 -9.204 -9.123 -9.553 -9.671 -9.474 -8.629 -8.173 -7.617 -9.571
0.033647 -8.973 -9.217 -9.434 -9.771 -9.797 -9.701 -9.492 -9.784 -9.794 -9.694 -9.502 -9.225 -9.785 -9.773 -9.601 -9.404 -9.183 -9.773 -9.61 -9.413 -9.25 -9.169 -9.595 -9.71 -9.517 -8.679 -8.224 -7.669 -9.612
0.034665 -8.981 -9.23 -9.453 -9.801 -9.833 -9.741 -9.518 -9.815 -9.83 -9.735 -9.545 -9.271 -9.815 -9.81 -9.643 -9.448 -9.23 -9.81 -9.652 -9.458 -9.296 -9.215 -9.636 -9.75 -9.561 -8.728 -8.274 -7.72 -9.652
0.035713 -8.989 -9.242 -9.471 -9.83 -9.868 -9.781 -9.543 -9.846 -9.866 -9.775 -9.588 -9.317 -9.845 -9.847 -9.685 -9.493 -9.276 -9.848 -9.694 -9.502 -9.342 -9.262 -9.677 -9.789 -9.604 -8.777 -8.325 -7.772 -9.693
0.036793 -8.996 -9.254 -9.489 -9.859 -9.903 -9.821 -9.568 -9.876 -9.901 -9.815 -9.632 -9.363 -9.875 -9.884 -9.727 -9.537 -9.323 -9.885 -9.736 -9.546 -9.387 -9.308 -9.718 -9.828 -9.647 -8.826 -8.375 -7.824 -9.733
0.037906 -9.003 -9.265 -9.507 -9.888 -9.938 -9.86 -9.593 -9.905 -9.936 -9.854 -9.674 -9.409 -9.905 -9.92 -9.768 -9.582 -9.369 -9.922 -9.777 -9.591 -9.433 -9.353 -9.759 -9.866 -9.689 -8.874 -8.425 -7.875 -9.773
0.039052 -9.009 -9.276 -9.524 -9.916 -9.972 -9.9 -9.617 -9.935 -9.97 -9.894 -9.717 -9.454 -9.934 -9.957 -9.81 -9.626 -9.415 -9.959 -9.819 -9.635 -9.478 -9.399 -9.8 -9.905 -9.732 -8.923 -8.476 -7.926 -9.812
0.040234 -9.015 -9.286 -9.541 -9.944 -10.007 -9.939 -9.641 -9.964 -10.005 -9.933 -9.76 -9.5 -9.963 -9.993 -9.851 -9.67 -9.461 -9.996 -9.86 -9.679 -9.524 -9.445 -9.84 -9.943 -9.774 -8.972 -8.526 -7.978 -9.852
0.04145 -9.02 -9.295 -9.557 -9.971 -10.041 -9.978 -9.665 -9.992 -10.039 -9.972 -9.802 -9.545 -9.991 -10.028 -9.892 -9.714 -9.507 -10.032 -9.901 -9.722 -9.569 -9.491 -9.88 -9.981 -9.816 -9.02 -8.576 -8.029 -9.891
0.042704 -9.025 -9.304 -9.573 -9.998 -10.074 -10.016 -9.688 -10.021 -10.072 -10.011 -9.845 -9.59 -10.019 -10.064 -9.933 -9.757 -9.552 -10.068 -9.942 -9.766 -9.614 -9.536 -9.92 -10.019 -9.858 -9.069 -8.626 -8.08 -9.93
0.043996 -9.029 -9.312 -9.588 -10.025 -10.108 -10.055 -9.712 -10.048 -10.106 -10.049 -9.887 -9.635 -10.047 -10.099 -9.974 -9.801 -9.598 -10.104 -9.982 -9.809 -9.659 -9.582 -9.96 -10.056 -9.9 -9.117 -8.676 -8.131 -9.969
0.045326 -9.032 -9.319 -9.602 -10.051 -10.141 -10.093 -9.734 -10.076 -10.139 -10.087 -9.928 -9.68 -10.074 -10.134 -10.014 -9.844 -9.643 -10.14 -10.023 -9.853 -9.704 -9.627 -10.0 -10.094 -9.942 -9.166 -8.726 -8.183 -10.008
0.046697 -9.035 -9.326 -9.617 -10.077 -10.174 -10.131 -9.757 -10.103 -10.172 -10.125 -9.97 -9.725 -10.101 -10.169 -10.054 -9.887 -9.689 -10.175 -10.063 -9.896 -9.748 -9.672 -10.039 -10.131 -9.983 -9.214 -8.775 -8.234 -10.047
0.048109 -9.037 -9.333 -9.63 -10.103 -10.206 -10.169 -9.779 -10.13 -10.204 -10.163 -10.012 -9.77 -10.127 -10.203 -10.095 -9.93 -9.734 -10.21 -10.103 -9.939 -9.793 -9.717 -10.078 -10.167 -10.025 -9.262 -8.825 -8.285 -10.085
0.049564 -9.038 -9.338 -9.643 -10.128 -10.238 -10.206 -9.801 -10.156 -10.236 -10.201 -10.053 -9.814 -10.153 -10.237 -10.134 -9.973 -9.779 -10.245 -10.143 -9.981 -9.837 -9.762 -10.117 -10.204 -10.066 -9.31 -8.875 -8.336 -10.123
0.051063 -9.039 -9.343 -9.656 -10.153 -10.27 -10.243 -9.823 -10.182 -10.268 -10.238 -10.094 -9.859 -10.179 -10.271 -10.174 -10.016 -9.823 -10.279 -10.182 -10.024 -9.882 -9.807 -10.156 -10.24 -10.107 -9.358 -8.924 -8.386 -10.161
0.052608 -9.039 -9.348 -9.668 -10.177 -10.302 -10.28 -9.844 -10.208 -10.3 -10.275 -10.135 -9.903 -10.204 -10.304 -10.213 -10.058 -9.868 -10.313 -10.222 -10.066 -9.926 -9.852 -10.194 -10.276 -10.147 -9.406 -8.974 -8.437 -10.198
0.054199 -9.039 -9.351 -9.679 -10.201 -10.333 -10.317 -9.865 -10.233 -10.331 -10.312 -10.176 -9.947 -10.229 -10.337 -10.253 -10.101 -9.913 -10.347 -10.261 -10.109 -9.97 -9.896 -10.233 -10.312 -10.188 -9.453 -9.023 -8.488 -10.236
0.055838 -9.038 -9.354 -9.69 -10.224 -10.364 -10.353 -9.886 -10.257 -10.362 -10.349 -10.216 -9.991 -10.253 -10.37 -10.292 -10.143 -9.957 -10.381 -10.3 -10.151 -10.014 -9.941 -10.271 -10.347 -10.228 -9.501 -9.072 -8.539 -10.273
0.057527 -9.036 -9.357 -9.701 -10.247 -10.394 -10.39 -9.906 -10.282 -10.393 -10.385 -10.257 -10.035 -10.277 -10.403 -10.33 -10.185 -10.001 -10.414 -10.338 -10.193 -10.057 -9.985 -10.309 -10.383 -10.268 -9.548 -9.122 -8.589 -10.31
0.059267 -9.034 -9.358 -9.71 -10.269 -10.424 -10.426 -9.926 -10.305 -10.423 -10.421 -10.297 -10.078 -10.301 -10.435 -10.369 -10.227 -10.045 -10.447 -10.377 -10.234 -10.101 -10.029 -10.346 -10.418 -10.308 -9.596 -9.171 -8.64 -10.347
0.061059 -9.031 -9.359 -9.72 -10.291 -10.454 -10.461 -9.946 -10.329 -10.453 -10.457 -10.337 -10.122 -10.324 -10.467 -10.407 -10.268 -10.089 -10.48 -10.415 -10.276 -10.144 -10.073 -10.384 -10.452 -10.348 -9.643 -9.22 -8.69 -10.383
0.062906 -9.027 -9.359 -9.728 -10.313 -10.483 -10.496 -9.965 -10.352 -10.482 -10.492 -10.376 -10.165 -10.347 -10.498 -10.445 -10.309 -10.133 -10.512 -10.453 -10.317 -10.187 -10.117 -10.421 -10.487 -10.387 -9.69 -9.269 -8.741 -10.419
0.064808 -9.023 -9.359 -9.736 -10.334 -10.512 -10.532 -9.984 -10.374 -10.511 -10.527 -10.416 -10.208 -10.369 -10.529 -10.483 -10.351 -10.177 -10.544 -10.491 -10.358 -10.23 -10.161 -10.457 -10.521 -10.426 -9.737 -9.318 -8.791 -10.455
0.066769 -9.018 -9.357 -9.744 -10.355 -10.541 -10.566 -10.003 -10.396 -10.54 -10.562 -10.455 -10.251 -10.39 -10.56 -10.52 -10.392 -10.22 -10.576 -10.528 -10.399 -10.273 -10.205 -10.494 -10.554 -10.465 -9.784 -9.366 -8.841 -10.491
0.068788 -9.012 -9.355 -9.751 -10.375 -10.569 -10.601 -10.021 -10.418 -10.568 -10.597 -10.494 -10.294 -10.412 -10.591 -10.558 -10.432 -10.263 -10.607 -10.565 -10.44 -10.316 -10.248 -10.53 -10.588 -10.504 -9.831 -9.415 -8.892 -10.526
0.070868 -9.006 -9.352 -9.757 -10.394 -10.597 -10.635 -10.039 -10.439 -10.596 -10.631 -10.533 -10.337 -10.432 -10.621 -10.595 -10.473 -10.306 -10.638 -10.602 -10.48 -10.358 -10.292 -10.566 -10.621 -10.543 -9.878 -9.464 -8.942 -10.562
0.073012 -8.998 -9.349 -9.762 -10.413 -10.625 -10.669 -10.057 -10.459 -10.624 -10.665 -10.571 -10.379 -10.452 -10.651 -10.631 -10.513 -10.349 -10.669 -10.639 -10.521 -10.401 -10.335 -10.602 -10.654 -10.581 -9.924 -9.512 -8.992 -10.597
0.07522 -8.991 -9.344 -9.767 -10.432 -10.652 -10.702 -10.074 -10.479 -10.651 -10.699 -10.61 -10.421 -10.472 -10.68 -10.668 -10.553 -10.392 -10.699 -10.675 -10.561 -10.443 -10.378 -10.638 -10.686 -10.619 -9.971 -9.561 -9.042 -10.631
0.077495 -8.982 -9.339 -9.771 -10.45 -10.678 -10.735 -10.091 -10.499 -10.678 -10.732 -10.648 -10.463 -10.491 -10.709 -10.704 -10.593 -10.435 -10.729 -10.712 -10.601 -10.485 -10.421 -10.673 -10.718 -10.657 -10.017 -9.609 -9.092 -10.666
0.079839 -8.973 -9.333 -9.775 -10.467 -10.705 -10.768 -10.108 -10.518 -10.704 -10.765 -10.685 -10.505 -10.51 -10.738 -10.74 -10.633 -10.477 -10.759 -10.747 -10.64 -10.526 -10.464 -10.708 -10.75 -10.694 -10.063 -9.657 -9.142 -10.7
0.082253 -8.962 -9.326 -9.778 -10.484 -10.73 -10.801 -10.124 -10.536 -10.73 -10.798 -10.723 -10.547 -10.528 -10.766 -10.775 -10.672 -10.519 -10.788 -10.783 -10.68 -10.568 -10.506 -10.743 -10.782 -10.731 -10.109 -9.705 -9.191 -10.733
0.084741 -8.952 -9.318 -9.78 -10.501 -10.756 -10.833 -10.14 -10.554 -10.755 -10.83 -10.76 -10.588 -10.546 -10.794 -10.811 -10.711 -10.561 -10.817 -10.818 -10.719 -10.609 -10.549 -10.777 -10.813 -10.768 -10.155 -9.753 -9.241 -10.767
0.087304 -8.94 -9.31 -9.782 -10.516 -10.781 -10.865 -10.155 -10.572 -10.78 -10.862 -10.797 -10.629 -10.563 -10.821 -10.846 -10.75 -10.603 -10.845 -10.853 -10.758 -10.651 -10.591 -10.811 -10.844 -10.805 -10.201 -9.801 -9.291 -10.8
0.089944 -8.928 -9.3 -9.782 -10.531 -10.805 -10.896 -10.17 -10.588 -10.805 -10.894 -10.834 -10.67 -10.579 -10.848 -10.88 -10.789 -10.644 -10.873 -10.888 -10.797 -10.692 -10.633 -10.845 -10.874 -10.841 -10.246 -9.849 -9.34 -10.833
0.092665 -8.914 -9.29 -9.782 -10.546 -10.829 -10.927 -10.184 -10.605 -10.829 -10.925 -10.87 -10.711 -10.595 -10.875 -10.915 -10.827 -10.686 -10.901 -10.922 -10.835 -10.732 -10.675 -10.879 -10.904 -10.877 -10.292 -9.896 -9.39 -10.866
0.095467 -8.9 -9.278 -9.782 -10.56 -10.853 -10.958 -10.199 -10.62 -10.853 -10.956 -10.907 -10.751 -10.61 -10.901 -10.949 -10.866 -10.727 -10.928 -10.956 -10.873 -10.773 -10.717 -10.912 -10.934 -10.913 -10.337 -9.944 -9.439 -10.898
0.098355 -8.886 -9.266 -9.78 -10.573 -10.876 -10.988 -10.212 -10.635 -10.876 -10.986 -10.942 -10.792 -10.625 -10.927 -10.982 -10.904 -10.768 -10.955 -10.99 -10.911 -10.813 -10.758 -10.945 -10.963 -10.949 -10.382 -9.991 -9.488 -10.93
0.101329 -8.87 -9.253 -9.778 -10.586 -10.898 -11.018 -10.226 -10.65 -10.898 -11.017 -10.978 -10.832 -10.638 -10.952 -11.016 -10.941 -10.809 -10.981 -11.024 -10.949 -10.853 -10.8 -10.977 -10.992 -10.984 -10.427 -10.039 -9.537 -10.961
0.104394 -8.854 -9.238 -9.775 -10.598 -10.92 -11.048 -10.239 -10.664 -10.921 -11.046 -11.013 -10.872 -10.652 -10.976 -11.049 -10.979 -10.849 -11.007 -11.057 -10.986 -10.893 -10.841 -11.009 -11.02 -11.019 -10.472 -10.086 -9.586 -10.993
0.107551 -8.836 -9.223 -9.771 -10.609 -10.942 -11.077 -10.251 -10.677 -10.942 -11.076 -11.048 -10.911 -10.665 -11.001 -11.082 -11.016 -10.889 -11.032 -11.089 -11.023 -10.933 -10.882 -11.041 -11.048 -11.053 -10.517 -10.133 -9.635 -11.024
0.110804 -8.818 -9.207 -9.766 -10.62 -10.962 -11.106 -10.263 -10.689 -10.963 -11.104 -11.083 -10.951 -10.677 -11.025 -11.114 -11.052 -10.929 -11.057 -11.122 -11.06 -10.972 -10.922 -11.073 -11.076 -11.088 -10.561 -10.18 -9.684 -11.054
0.114155 -8.799 -9.189 -9.761 -10.63 -10.983 -11.134 -10.275 -10.701 -10.984 -11.133 -11.117 -10.99 -10.688 -11.048 -11.146 -11.089 -10.969 -11.082 -11.154 -11.097 -11.011 -10.963 -11.104 -11.103 -11.122 -10.606 -10.227 -9.733 -11.084
0.117608 -8.779 -9.171 -9.755 -10.639 -11.003 -11.162 -10.286 -10.712 -11.004 -11.161 -11.151 -11.029 -10.698 -11.071 -11.177 -11.125 -11.008 -11.105 -11.185 -11.133 -11.05 -11.003 -11.134 -11.13 -11.155 -10.65 -10.273 -9.781 -11.114
0.121165 -8.759 -9.151 -9.747 -10.648 -11.022 -11.189 -10.296 -10.723 -11.023 -11.189 -11.184 -11.067 -10.708 -11.093 -11.208 -11.161 -11.048 -11.129 -11.216 -11.169 -11.089 -11.043 -11.165 -11.156 -11.188 -10.694 -10.32 -9.83 -11.144
0.124829 -8.737 -9.131 -9.739 -10.656 -11.041 -11.216 -10.306 -10.732 -11.042 -11.216 -11.218 -11.105 -10.717 -11.115 -11.239 -11.196 -11.087 -11.152 -11.247 -11.204 -11.127 -11.083 -11.195 -11.182 -11.221 -10.738 -10.366 -9.878 -11.173
0.128605 -8.714 -9.109 -9.73 -10.663 -11.059 -11.243 -10.316 -10.741 -11.06 -11.242 -11.251 -11.143 -10.726 -11.136 -11.269 -11.232 -11.125 -11.174 -11.277 -11.24 -11.165 -11.122 -11.224 -11.207 -11.254 -10.781 -10.412 -9.927 -11.201
0.132494 -8.691 -9.086 -9.72 -10.669 -11.076 -11.269 -10.325 -10.749 -11.078 -11.269 -11.283 -11.181 -10.734 -11.156 -11.299 -11.266 -11.164 -11.196 -11.307 -11.274 -11.203 -11.162 -11.253 -11.232 -11.286 -10.825 -10.458 -9.975 -11.23
0.136502 -8.667 -9.062 -9.709 -10.674 -11.093 -11.294 -10.333 -10.757 -11.095 -11.294 -11.315 -11.218 -10.74 -11.176 -11.329 -11.301 -11.202 -11.217 -11.337 -11.309 -11.24 -11.201 -11.282 -11.256 -11.317 -10.868 -10.504 -10.023 -11.258
0.14063 -8.641 -9.036 -9.697 -10.679 -11.109 -11.319 -10.341 -10.763 -11.111 -11.319 -11.347 -11.256 -10.746 -11.196 -11.358 -11.335 -11.24 -11.238 -11.366 -11.343 -11.277 -11.239 -11.31 -11.28 -11.349 -10.911 -10.55 -10.071 -11.285
0.144883 -8.615 -9.009 -9.684 -10.683 -11.124 -11.343 -10.349 -10.769 -11.126 -11.344 -11.378 -11.292 -10.752 -11.214 -11.386 -11.369 -11.277 -11.258 -11.395 -11.377 -11.314 -11.278 -11.338 -11.303 -11.379 -10.953 -10.595 -10.118 -11.312
0.149265 -8.588 -8.981 -9.67 -10.685 -11.139 -11.367 -10.356 -10.774 -11.141 -11.368 -11.409 -11.329 -10.756 -11.232 -11.414 -11.402 -11.314 -11.278 -11.423 -11.41 -11.351 -11.316 -11.366 -11.326 -11.41 -10.996 -10.641 -10.166 -11.339
0.15378 -8.56 -8.952 -9.655 -10.687 -11.153 -11.39 -10.362 -10.778 -11.156 -11.392 -11.439 -11.365 -10.759 -11.25 -11.442 -11.435 -11.351 -11.297 -11.45 -11.443 -11.387 -11.354 -11.393 -11.348 -11.44 -11.038 -10.686 -10.213 -11.365
0.15843 -8.531 -8.921 -9.639 -10.688 -11.166 -11.413 -10.367 -10.781 -11.169 -11.415 -11.469 -11.401 -10.762 -11.267 -11.469 -11.468 -11.388 -11.315 -11.478 -11.476 -11.423 -11.392 -11.419 -11.37 -11.469 -11.08 -10.731 -10.261 -11.39
0.163222 -8.5 -8.889 -9.622 -10.688 -11.179 -11.435 -10.373 -10.783 -11.182 -11.437 -11.499 -11.436 -10.763 -11.283 -11.496 -11.5 -11.424 -11.332 -11.504 -11.508 -11.458 -11.429 -11.445 -11.391 -11.498 -11.122 -10.776 -10.308 -11.415
0.168159 -8.469 -8.855 -9.604 -10.687 -11.19 -11.457 -10.377 -10.785 -11.194 -11.459 -11.528 -11.471 -10.764 -11.298 -11.522 -11.531 -11.459 -11.349 -11.53 -11.54 -11.493 -11.466 -11.47 -11.411 -11.527 -11.164 -10.82 -10.355 -11.44
0.173245 -8.437 -8.82 -9.584 -10.685 -11.201 -11.477 -10.381 -10.785 -11.205 -11.48 -11.556 -11.505 -10.763 -11.313 -11.547 -11.563 -11.495 -11.365 -11.556 -11.571 -11.528 -11.503 -11.495 -11.431 -11.555 -11.205 -10.865 -10.402 -11.464
0.178484 -8.404 -8.783 -9.563 -10.682 -11.211 -11.497 -10.384 -10.784 -11.215 -11.5 -11.584 -11.54 -10.762 -11.327 -11.572 -11.593 -11.53 -11.381 -11.581 -11.602 -11.562 -11.539 -11.52 -11.45 -11.583 -11.246 -10.909 -10.449 -11.488
0.183882 -8.37 -8.745 -9.541 -10.678 -11.221 -11.517 -10.386 -10.782 -11.225 -11.52 -11.612 -11.574 -10.759 -11.34 -11.596 -11.624 -11.564 -11.396 -11.605 -11.633 -11.596 -11.575 -11.543 -11.468 -11.61 -11.287 -10.953 -10.495 -11.511
0.189444 -8.335 -8.705 -9.518 -10.673 -11.229 -11.536 -10.388 -10.78 -11.233 -11.539 -11.639 -11.607 -10.756 -11.352 -11.62 -11.653 -11.599 -11.409 -11.629 -11.663 -11.63 -11.61 -11.567 -11.486 -11.636 -11.327 -10.996 -10.542 -11.533
0.195173 -8.298 -8.663 -9.493 -10.666 -11.236 -11.554 -10.388 -10.776 -11.241 -11.557 -11.665 -11.64 -10.751 -11.363 -11.643 -11.683 -11.632 -11.423 -11.652 -11.692 -11.663 -11.646 -11.589 -11.503 -11.662 -11.367 -11.04 -10.588 -11.555
0.201076 -8.261 -8.62 -9.467 -10.659 -11.243 -11.571 -10.389 -10.771 -11.248 -11.575 -11.691 -11.672 -10.745 -11.374 -11.665 -11.711 -11.666 -11.435 -11.675 -11.721 -11.695 -11.68 -11.611 -11.519 -11.687 -11.407 -11.083 -10.634 -11.576
0.207158 -8.223 -8.575 -9.44 -10.65 -11.248 -11.587 -10.388 -10.764 -11.253 -11.592 -11.716 -11.704 -10.738 -11.384 -11.687 -11.74 -11.699 -11.446 -11.696 -11.749 -11.727 -11.715 -11.632 -11.534 -11.712 -11.446 -11.126 -10.679 -11.597
0.213423 -8.183 -8.528 -9.411 -10.64 -11.253 -11.603 -10.386 -10.757 -11.258 -11.608 -11.74 -11.736 -10.73 -11.392 -11.708 -11.767 -11.731 -11.457 -11.718 -11.777 -11.759 -11.749 -11.653 -11.549 -11.736 -11.486 -11.169 -10.725 -11.617
0.219878 -8.143 -8.478 -9.381 -10.628 -11.256 -11.618 -10.384 -10.748 -11.262 -11.623 -11.764 -11.767 -10.72 -11.4 -11.728 -11.794 -11.763 -11.466 -11.738 -11.804 -11.79 -11.782 -11.673 -11.562 -11.759 -11.524 -11.211 -10.77 -11.636
0.226528 -8.102 -8.427 -9.349 -10.616 -11.258 -11.632 -10.381 -10.738 -11.264 -11.637 -11.788 -11.797 -10.709 -11.407 -11.748 -11.821 -11.794 -11.475 -11.758 -11.831 -11.821 -11.815 -11.692 -11.575 -11.782 -11.563 -11.253 -10.816 -11.655
0.233379 -8.059 -8.374 -9.315 -10.601 -11.26 -11.645 -10.376 -10.726 -11.266 -11.651 -11.81 -11.827 -10.696 -11.412 -11.766 -11.846 -11.825 -11.483 -11.777 -11.857 -11.851 -11.848 -11.711 -11.587 -11.804 -11.601 -11.295 -10.86 -11.673
0.240437 -8.016 -8.319 -9.28 -10.585 -11.26 -11.657 -10.371 -10.713 -11.266 -11.663 -11.832 -11.857 -10.683 -11.417 -11.784 -11.871 -11.855 -11.489 -11.795 -11.882 -11.88 -11.88 -11.728 -11.598 -11.825 -11.638 -11.337 -10.905 -11.69
0.247709 -7.971 -8.261 -9.243 -10.568 -11.258 -11.668 -10.365 -10.699 -11.265 -11.675 -11.853 -11.885 -10.667 -11.421 -11.801 -11.896 -11.885 -11.495 -11.812 -11.906 -11.909 -11.911 -11.745 -11.608 -11.845 -11.676 -11.378 -10.949 -11.706
0.255201 -7.926 -8.201 -9.205 -10.549 -11.256 -11.678 -10.358 -10.683 -11.263 -11.685 -11.873 -11.913 -10.65 -11.423 -11.817 -11.919 -11.914 -11.499 -11.828 -11.93 -11.937 -11.942 -11.761 -11.617 -11.865 -11.712 -11.419 -10.994 -11.722
0.262919 -7.88 -8.139 -9.164 -10.529 -11.252 -11.687 -10.349 -10.665 -11.26 -11.695 -11.893 -11.941 -10.631 -11.424 -11.833 -11.942 -11.943 -11.502 -11.844 -11.953 -11.965 -11.973 -11.776 -11.625 -11.884 -11.749 -11.459 -11.037 -11.736
0.270871 -7.832 -8.074 -9.122 -10.506 -11.247 -11.695 -10.34 -10.646 -11.255 -11.703 -11.911 -11.968 -10.611 -11.424 -11.847 -11.964 -11.971 -11.505 -11.858 -11.976 -11.992 -12.002 -11.791 -11.632 -11.902 -11.785 -11.5 -11.081 -11.75
0.279064 -7.784 -8.007 -9.077 -10.482 -11.24 -11.702 -10.329 -10.625 -11.249 -11.71 -11.929 -11.994 -10.589 -11.422 -11.86 -11.986 -11.998 -11.505 -11.871 -11.997 -12.018 -12.031 -11.804 -11.638 -11.919 -11.82 -11.539 -11.124 -11.763
0.287504 -7.735 -7.937 -9.031 -10.456 -11.232 -11.707 -10.318 -10.602 -11.241 -11.716 -11.945 -12.019 -10.565 -11.42 -11.872 -12.006 -12.024 -11.505 -11.884 -12.018 -12.044 -12.06 -11.816 -11.642 -11.935 -11.855 -11.579 -11.167 -11.775
0.296199 -7.686 -7.864 -8.982 -10.428 -11.222 -11.711 -10.304 -10.577 -11.232 -11.721 -11.961 -12.044 -10.539 -11.415 -11.883 -12.025 -12.05 -11.503 -11.895 -12.038 -12.068 -12.088 -11.828 -11.646 -11.95 -11.889 -11.618 -11.21 -11.786
0.305157 -7.635 -7.787 -8.931 -10.398 -11.211 -11.714 -10.29 -10.551 -11.221 -11.725 -11.976 -12.067 -10.511 -11.409 -11.893 -12.044 -12.075 -11.5 -11.905 -12.056 -12.092 -12.115 -11.838 -11.648 -11.964 -11.923 -11.656 -11.252 -11.796
0.314387 -7.584 -7.708 -8.878 -10.366 -11.198 -11.716 -10.274 -10.522 -11.208 -11.727 -11.99 -12.09 -10.481 -11.402 -11.902 -12.062 -12.099 -11.495 -11.914 -12.074 -12.115 -12.141 -11.847 -11.648 -11.977 -11.956 -11.694 -11.294 -11.805
0.323895 -7.532 -7.626 -8.822 -10.332 -11.183 -11.716 -10.257 -10.491 -11.194 -11.727 -12.002 -12.112 -10.449 -11.393 -11.909 -12.078 -12.122 -11.489 -11.922 -12.091 -12.138 -12.167 -11.855 -11.647 -11.989 -11.989 -11.732 -11.336 -11.813
0.333691 -7.48 -7.54 -8.764 -10.295 -11.166 -11.715 -10.238 -10.458 -11.178 -11.727 -12.014 -12.134 -10.414 -11.382 -11.915 -12.093 -12.144 -11.481 -11.929 -12.107 -12.159 -12.192 -11.862 -11.645 -11.999 -12.021 -11.769 -11.377 -11.82
0.343783 -7.427 -7.451 -8.704 -10.256 -11.147 -11.712 -10.218 -10.422 -11.159 -11.724 -12.024 -12.154 -10.378 -11.37 -11.92 -12.108 -12.166 -11.471 -11.934 -12.121 -12.179 -12.216 -11.867 -11.641 -12.009 -12.052 -11.806 -11.417 -11.825
0.354181 -7.374 -7.358 -8.64 -10.214 -11.126 -11.707 -10.196 -10.384 -11.139 -11.72 -12.033 -12.173 -10.338 -11.355 -11.923 -12.121 -12.186 -11.459 -11.937 -12.135 -12.198 -12.239 -11.871 -11.636 -12.017 -12.083 -11.842 -11.458 -11.829
0.364893 -7.321 -7.261 -8.574 -10.17 -11.103 -11.701 -10.172 -10.343 -11.117 -11.714 -12.04 -12.191 -10.296 -11.339 -11.925 -12.133 -12.205 -11.446 -11.94 -12.147 -12.217 -12.261 -11.874 -11.629 -12.024 -12.112 -11.877 -11.498 -11.832
0.375929 -7.268 -7.16 -8.505 -10.122 -11.078 -11.692 -10.146 -10.3 -11.092 -11.707 -12.046 -12.208 -10.251 -11.32 -11.925 -12.143 -12.223 -11.431 -11.94 -12.158 -12.234 -12.282 -11.875 -11.62 -12.029 -12.141 -11.912 -11.537 -11.834
0.387298 -7.214 -7.055 -8.432 -10.072 -11.05 -11.682 -10.119 -10.254 -11.065 -11.697 -12.051 -12.223 -10.203 -11.299 -11.924 -12.152 -12.24 -11.413 -11.939 -12.167 -12.25 -12.302 -11.875 -11.609 -12.033 -12.17 -11.946 -11.576 -11.834
0.399012 -7.161 -6.945 -8.356 -10.019 -11.02 -11.67 -10.089 -10.204 -11.036 -11.686 -12.054 -12.238 -10.152 -11.276 -11.92 -12.16 -12.256 -11.393 -11.936 -12.175 -12.264 -12.321 -11.873 -11.596 -12.035 -12.197 -11.979 -11.614 -11.832
0.41108 -7.109 -6.831 -8.277 -9.962 -10.987 -11.655 -10.057 -10.152 -11.004 -11.672 -12.055 -12.251 -10.098 -11.251 -11.915 -12.166 -12.271 -11.372 -11.931 -12.182 -12.277 -12.338 -11.869 -11.581 -12.035 -12.223 -12.012 -11.652 -11.829
0.423513 -7.057 -6.712 -8.195 -9.901 -10.952 -11.639 -10.023 -10.096 -10.969 -11.657 -12.055 -12.263 -10.04 -11.223 -11.908 -12.171 -12.284 -11.347 -11.925 -12.187 -12.289 -12.355 -11.863 -11.563 -12.034 -12.249 -12.044 -11.689 -11.824
0.436321 -7.005 -6.587 -8.108 -9.837 -10.913 -11.619 -9.987 -10.036 -10.931 -11.638 -12.052 -12.273 -9.978 -11.192 -11.898 -12.173 -12.296 -11.32 -11.916 -12.19 -12.3 -12.37 -11.856 -11.544 -12.031 -12.273 -12.075 -11.726 -11.818
0.449518 -6.954 -6.457 -8.018 -9.769 -10.871 -11.598 -9.948 -9.973 -10.89 -11.618 -12.048 -12.282 -9.913 -11.158 -11.887 -12.174 -12.306 -11.291 -11.905 -12.191 -12.309 -12.384 -11.846 -11.522 -12.025 -12.296 -12.105 -11.761 -11.809
0.463113 -6.904 -6.321 -7.923 -9.697 -10.826 -11.573 -9.906 -9.906 -10.846 -11.594 -12.042 -12.289 -9.844 -11.122 -11.873 -12.173 -12.314 -11.258 -11.892 -12.191 -12.316 -12.396 -11.835 -11.497 -12.018 -12.319 -12.135 -11.797 -11.799
0.47712 -6.856 -6.179 -7.824 -9.621 -10.777 -11.546 -9.862 -9.834 -10.798 -11.568 -12.033 -12.294 -9.77 -11.082 -11.856 -12.17 -12.321 -11.223 -11.876 -12.188 -12.321 -12.407 -11.821 -11.47 -12.008 -12.339 -12.163 -11.831 -11.786
0.49155 -6.808 -6.031 -7.721 -9.54 -10.725 -11.516 -9.815 -9.758 -10.747 -11.539 -12.022 -12.298 -9.692 -11.038 -11.837 -12.165 -12.326 -11.184 -11.858 -12.184 -12.325 -12.416 -11.804 -11.439 -11.997 -12.359 -12.191 -11.865 -11.771
0.506416 -6.762 -5.876 -7.613 -9.454 -10.669 -11.483 -9.764 -9.677 -10.692 -11.507 -12.009 -12.299 -9.609 -10.991 -11.816 -12.158 -12.329 -11.142 -11.837 -12.177 -12.326 -12.423 -11.785 -11.406 -11.982 -12.377 -12.217 -11.897 -11.754
0.521733 -6.717 -5.714 -7.5 -9.363 -10.608 -11.446 -9.71 -9.591 -10.632 -11.471 -11.993 -12.299 -9.52 -10.941 -11.791 -12.148 -12.33 -11.097 -11.813 -12.167 -12.326 -12.429 -11.764 -11.369 -11.965 -12.394 -12.242 -11.929 -11.735
0.537512 -6.674 -5.544 -7.381 -9.266 -10.543 -11.405 -9.653 -9.5 -10.569 -11.432 -11.974 -12.296 -9.427 -10.886 -11.763 -12.135 -12.329 -11.047 -11.786 -12.155 -12.323 -12.432 -11.739 -11.328 -11.945 -12.409 -12.266 -11.96 -11.713
0.553769 -6.632 -5.367 -7.257 -9.163 -10.473 -11.361 -9.592 -9.403 -10.5 -11.389 -11.953 -12.291 -9.327 -10.826 -11.731 -12.12 -12.326 -10.994 -11.755 -12.14 -12.318 -12.434 -11.712 -11.284 -11.922 -12.423 -12.289 -11.99 -11.688
0.570517 -6.592 -5.181 -7.127 -9.054 -10.398 -11.312 -9.527 -9.3 -10.427 -11.342 -11.928 -12.283 -9.221 -10.762 -11.696 -12.101 -12.32 -10.937 -11.721 -12.123 -12.31 -12.433 -11.681 -11.236 -11.896 -12.435 -12.311 -12.019 -11.66
0.587772 -6.553 -4.987 -6.991 -8.938 -10.318 -11.259 -9.458 -9.191 -10.348 -11.29 -11.9 -12.272 -9.109 -10.694 -11.657 -12.08 -12.311 -10.875 -11.684 -12.102 -12.3 -12.429 -11.647 -11.184 -11.866 -12.445 -12.33 -12.047 -11.629
0.605549 -6.516 -4.784 -6.849 -8.816 -10.232 -11.202 -9.385 -9.075 -10.264 -11.234 -11.868 -12.259 -8.99 -10.62 -11.614 -12.055 -12.3 -10.808 -11.642 -12.078 -12.287 -12.424 -11.609 -11.127 -11.833 -12.453 -12.349 -12.074 -11.595
0.623863 -6.479 -4.571 -6.699 -8.685 -10.14 -11.139 -9.307 -8.951 -10.174 -11.173 -11.832 -12.243 -8.863 -10.54 -11.567 -12.026 -12.286 -10.736 -11.596 -12.05 -12.27 -12.415 -11.567 -11.066 -11.796 -12.458 -12.366 -12.099 -11.558
0.642731 -6.444 -4.349 -6.543 -8.547 -10.042 -11.071 -9.223 -8.82 -10.077 -11.107 -11.792 -12.223 -8.728 -10.454 -11.515 -11.994 -12.268 -10.659 -11.545 -12.019 -12.251 -12.403 -11.521 -10.999 -11.755 -12.462 -12.38 -12.123 -11.517
0.66217 -6.41 -4.118 -6.379 -8.399 -9.936 -10.997 -9.135 -8.679 -9.973 -11.035 -11.748 -12.2 -8.584 -10.362 -11.458 -11.957 -12.247 -10.576 -11.49 -11.983 -12.227 -12.389 -11.47 -10.927 -11.709 -12.463 -12.393 -12.145 -11.472
0.682197 -6.376 -3.877 -6.207 -8.242 -9.823 -10.918 -9.04 -8.53 -9.862 -10.958 -11.699 -12.173 -8.431 -10.263 -11.395 -11.916 -12.222 -10.487 -11.429 -11.943 -12.2 -12.371 -11.415 -10.849 -11.658 -12.461 -12.404 -12.166 -11.422
0.70283 -6.342 -3.627 -6.026 -8.076 -9.701 -10.831 -8.94 -8.372 -9.744 -10.873 -11.646 -12.142 -8.268 -10.157 -11.327 -11.87 -12.193 -10.391 -11.363 -11.898 -12.169 -12.349 -11.355 -10.764 -11.603 -12.457 -12.413 -12.185 -11.369
0.724086 -6.309 -3.368 -5.837 -7.898 -9.571 -10.737 -8.833 -8.202 -9.616 -10.782 -11.586 -12.106 -8.095 -10.042 -11.253 -11.819 -12.16 -10.289 -11.291 -11.848 -12.134 -12.324 -11.289 -10.673 -11.541 -12.449 -12.42 -12.203 -11.311
0.745986 -6.275 -3.101 -5.638 -7.709 -9.432 -10.636 -8.719 -8.022 -9.479 -10.683 -11.521 -12.066 -7.91 -9.919 -11.172 -11.763 -12.122 -10.179 -11.212 -11.793 -12.093 -12.294 -11.217 -10.575 -11.474 -12.438 -12.424 -12.218 -11.248
0.768548 -6.241 -2.829 -5.429 -7.507 -9.282 -10.526 -8.597 -7.829 -9.333 -10.576 -11.45 -12.021 -7.712 -9.787 -11.083 -11.7 -12.079 -10.062 -11.127 -11.732 -12.048 -12.26 -11.138 -10.468 -11.401 -12.424 -12.425 -12.232 -11.179
0.791792 -6.206 -2.553 -5.21 -7.292 -9.122 -10.408 -8.468 -7.624 -9.176 -10.461 -11.371 -11.971 -7.501 -9.645 -10.987 -11.631 -12.031 -9.936 -11.033 -11.665 -11.997 -12.221 -11.053 -10.354 -11.32 -12.406 -12.423 -12.243 -11.105
0.815739 -6.169 -2.279 -4.979 -7.062 -8.95 -10.279 -8.33 -7.404 -9.008 -10.336 -11.286 -11.914 -7.276 -9.492 -10.882 -11.556 -11.977 -9.802 -10.932 -11.59 -11.94 -12.176 -10.961 -10.23 -11.233 -12.383 -12.418 -12.252 -11.026
0.840411 -6.131 -2.009 -4.736 -6.817 -8.765 -10.141 -8.183 -7.169 -8.827 -10.201 -11.192 -11.851 -7.035 -9.328 -10.768 -11.472 -11.917 -9.659 -10.822 -11.509 -11.876 -12.126 -10.861 -10.096 -11.137 -12.356 -12.41 -12.258 -10.94
0.865828 -6.09 -1.751 -4.481 -6.554 -8.567 -9.991 -8.026 -6.918 -8.633 -10.054 -11.091 -11.782 -6.777 -9.151 -10.645 -11.38 -11.85 -9.507 -10.703 -11.419 -11.806 -12.07 -10.752 -9.952 -11.032 -12.325 -12.398 -12.262 -10.847
0.892015 -6.046 -1.509 -4.212 -6.273 -8.353 -9.829 -7.859 -6.648 -8.424 -9.896 -10.979 -11.705 -6.501 -8.96 -10.51 -11.28 -11.775 -9.344 -10.574 -11.321 -11.728 -12.007 -10.633 -9.796 -10.918 -12.288 -12.382 -12.262 -10.747
0.918993 -6.0 -1.29 -3.929 -5.972 -8.124 -9.653 -7.68 -6.36 -8.2 -9.725 -10.858 -11.619 -6.205 -8.755 -10.364 -11.17 -11.693 -9.172 -10.434 -11.213 -11.642 -11.937 -10.505 -9.628 -10.794 -12.245 -12.361 -12.259 -10.64
0.946787 -5.95 -1.095 -3.63 -5.649 -7.877 -9.463 -7.489 -6.05 -7.958 -9.54 -10.726 -11.525 -5.888 -8.534 -10.206 -11.049 -11.602 -8.989 -10.282 -11.095 -11.547 -11.86 -10.366 -9.446 -10.659 -12.196 -12.336 -12.253 -10.525
0.975422 -5.896 -0.928 -3.315 -5.302 -7.611 -9.257 -7.285 -5.717 -7.698 -9.34 -10.582 -11.422 -5.547 -8.295 -10.033 -10.917 -11.501 -8.796 -10.118 -10.966 -11.442 -11.773 -10.215 -9.25 -10.512 -12.14 -12.306 -12.243 -10.402
1.004923 -5.838 -0.784 -2.981 -4.93 -7.324 -9.034 -7.068 -5.36 -7.418 -9.122 -10.425 -11.307 -5.18 -8.037 -9.846 -10.772 -11.389 -8.593 -9.94 -10.825 -11.326 -11.678 -10.051 -9.038 -10.352 -12.077 -12.27 -12.228 -10.271
1.035317 -5.775 -0.66 -2.628 -4.529 -7.014 -8.792 -6.835 -4.974 -7.116 -8.887 -10.255 -11.182 -4.785 -7.759 -9.642 -10.614 -11.266 -8.381 -9.747 -10.671 -11.199 -11.572 -9.873 -8.808 -10.177 -12.006 -12.227 -12.209 -10.13
1.066629 -5.706 -0.551 -2.254 -4.097 -6.679 -8.529 -6.587 -4.559 -6.79 -8.632 -10.068 -11.044 -4.359 -7.458 -9.42 -10.441 -11.131 -8.16 -9.538 -10.502 -11.059 -11.456 -9.679 -8.559 -9.987 -11.925 -12.178 -12.185 -9.98
1.098888 -5.631 -0.45 -1.856 -3.632 -6.317 -8.244 -6.322 -4.111 -6.438 -8.354 -9.866 -10.892 -3.9 -7.132 -9.178 -10.251 -10.982 -7.932 -9.313 -10.318 -10.905 -11.327 -9.469 -8.289 -9.78 -11.835 -12.122 -12.156 -9.82
1.132124 -5.549 -0.352 -1.433 -3.129 -5.925 -7.934 -6.04 -3.628 -6.057 -8.053 -9.644 -10.726 -3.404 -6.778 -8.914 -10.044 -10.818 -7.698 -9.07 -10.117 -10.736 -11.186 -9.24 -7.997 -9.554 -11.734 -12.058 -12.12 -9.65
1.166364 -5.46 -0.254 -0.982 -2.586 -5.5 -7.596 -5.739 -3.104 -5.644 -7.725 -9.403 -10.542 -2.867 -6.395 -8.627 -9.816 -10.637 -7.462 -8.808 -9.897 -10.55 -11.03 -8.992 -7.679 -9.308 -11.622 -11.984 -12.078 -9.47
1.20164 -5.364 -0.152 -0.5 -1.997 -5.039 -7.228 -5.419 -2.537 -5.197 -7.369 -9.139 -10.341 -2.285 -5.979 -8.313 -9.567 -10.438 -7.225 -8.526 -9.656 -10.346 -10.859 -8.72 -7.334 -9.039 -11.496 -11.901 -12.029 -9.28
1.237983 -5.258 -0.044 0.016 -1.358 -4.537 -6.827 -5.08 -1.921 -4.711 -6.98 -8.851 -10.12 -1.654 -5.526 -7.971 -9.293 -10.219 -6.991 -8.224 -9.394 -10.122 -10.67 -8.425 -6.958 -8.745 -11.355 -11.806 -11.971 -9.08
1.275425 -5.142 0.073 0.57 -0.664 -3.992 -6.388 -4.723 -1.252 -4.183 -6.555 -8.536 -9.876 -0.967 -5.033 -7.595 -8.992 -9.977 -6.762 -7.903 -9.107 -9.875 -10.463 -8.102 -6.549 -8.423 -11.198 -11.7 -11.905 -8.87
1.313999 -5.016 0.199 1.167 0.091 -3.397 -5.909 -4.349 -0.524 -3.609 -6.092 -8.191 -9.608 -0.22 -4.495 -7.184 -8.662 -9.71 -6.54 -7.562 -8.794 -9.604 -10.236 -7.75 -6.103 -8.071 -11.024 -11.579 -11.829 -8.65
1.35374 -4.878 0.337 1.81 0.914 -2.747 -5.383 -3.961 0.27 -2.982 -5.585 -7.813 -9.313 0.595 -3.907 -6.734 -8.298 -9.416 -6.324 -7.204 -8.454 -9.307 -9.987 -7.364 -5.615 -7.685 -10.829 -11.444 -11.741 -8.421
1.394683 -4.728 0.488 2.504 1.813 -2.037 -4.807 -3.563 1.138 -2.298 -5.029 -7.398 -8.988 1.485 -3.264 -6.239 -7.897 -9.09 -6.113 -6.832 -8.083 -8.98 -9.714 -6.941 -5.081 -7.262 -10.612 -11.292 -11.641 -8.184
1.436864 -4.562 0.653 3.258 2.796 -1.258 -4.173 -3.162 2.088 -1.55 -4.42 -6.943 -8.629 2.46 -2.559 -5.694 -7.455 -8.73 -5.904 -6.452 -7.681 -8.621 -9.416 -6.477 -4.496 -6.796 -10.369 -11.121 -11.528 -7.938
1.480321 -4.381 0.834 4.076 3.875 -0.403 -3.476 -2.764 3.131 -0.731 -3.75 -6.442 -8.233 3.53 -1.784 -5.093 -6.967 -8.331 -5.692 -6.071 -7.248 -8.227 -9.092 -5.966 -3.853 -6.284 -10.099 -10.928 -11.398 -7.683
1.525092 -4.182 1.033 4.966 5.062 0.538 -2.706 -2.377 4.277 0.169 -3.012 -5.89 -7.794 4.706 -0.931 -4.43 -6.426 -7.889 -5.474 -5.695 -6.785 -7.797 -8.739 -5.404 -3.145 -5.72 -9.797 -10.711 -11.252 -7.42
1.571218 -3.964 1.252 5.939 6.368 1.575 -1.855 -2.006 5.54 1.159 -2.198 -5.281 -7.309 6.002 0.009 -3.696 -5.826 -7.397 -5.243 -5.33 -6.295 -7.329 -8.357 -4.783 -2.365 -5.096 -9.458 -10.468 -11.085 -7.147
1.618738 -3.723 1.493 7.003 7.812 2.721 -0.911 -1.649 6.935 2.25 -1.299 -4.608 -6.77 7.434 1.049 -2.883 -5.16 -6.85 -4.995 -4.976 -5.784 -6.822 -7.946 -4.096 -1.502 -4.405 -9.079 -10.193 -10.896 -6.861
1.667696 -3.457 1.759 8.171 9.41 3.992 0.136 -1.303 8.48 3.455 -0.303 -3.862 -6.172 9.02 2.202 -1.979 -4.418 -6.24 -4.726 -4.63 -5.263 -6.278 -7.508 -3.333 -0.546 -3.64 -8.654 -9.884 -10.68 -6.56
1.718134 -3.163 2.053 9.458 11.186 5.403 1.302 -0.956 10.196 4.791 0.802 -3.034 -5.506 10.781 3.483 -0.972 -3.59 -5.559 -4.429 -4.284 -4.743 -5.704 -7.045 -2.486 0.516 -2.788 -8.175 -9.534 -10.436 -6.24
1.770098 -2.945 2.271 9.793 11.581 5.755 1.625 -0.734 10.584 5.133 1.117 -2.753 -5.243 11.174 3.819 -0.669 -3.308 -5.294 -4.211 -4.062 -4.502 -5.454 -6.809 -2.202 0.826 -2.503 -7.935 -9.309 -10.223 -6.019
1.823633 -2.726 2.489 10.012 11.799 5.973 1.843 -0.516 10.803 5.351 1.335 -2.535 -5.025 11.392 4.037 -0.451 -3.09 -5.076 -3.993 -3.843 -4.283 -5.236 -6.59 -1.984 1.044 -2.285 -7.717 -9.091 -10.005 -5.801
1.878788 -2.495 2.721 10.243 12.031 6.205 2.075 -0.284 11.034 5.583 1.567 -2.303 -4.793 11.624 4.269 -0.219 -2.858 -4.844 -3.761 -3.612 -4.052 -5.004 -6.359 -1.752 1.276 -2.053 -7.485 -8.859 -9.773 -5.57
1.93561 -2.248 2.967 10.49 12.277 6.451 2.321 -0.038 11.281 5.829 1.813 -2.057 -4.547 11.87 4.515 0.027 -2.612 -4.598 -3.515 -3.366 -3.806 -4.758 -6.112 -1.506 1.522 -1.807 -7.239 -8.613 -9.527 -5.323
1.994152 -1.987 3.228 10.751 12.538 6.712 2.582 0.223 11.542 6.09 2.074 -1.795 -4.286 12.132 4.776 0.289 -2.351 -4.337 -3.254 -3.104 -3.544 -4.497 -5.851 -1.244 1.783 -1.546 -6.978 -8.352 -9.266 -5.062
2.054463 -1.71 3.506 11.028 12.815 6.989 2.86 0.501 11.819 6.368 2.351 -1.518 -4.008 12.409 5.053 0.566 -2.073 -4.06 -2.977 -2.827 -3.267 -4.22 -5.574 -0.967 2.061 -1.268 -6.7 -8.074 -8.989 -4.785
2.116599 -1.415 3.8 11.323 13.11 7.284 3.154 0.795 12.114 6.662 2.646 -1.223 -3.714 12.704 5.348 0.861 -1.779 -3.765 -2.682 -2.532 -2.972 -3.925 -5.279 -0.673 2.355 -0.974 -6.406 -7.78 -8.694 -4.49
2.180614 -1.103 4.113 11.635 13.423 7.597 3.467 1.108 12.426 6.975 2.959 -0.911 -3.401 13.016 5.661 1.173 -1.466 -3.452 -2.369 -2.22 -2.66 -3.612 -4.967 -0.36 2.668 -0.661 -6.093 -7.467 -8.381 -4.177
2.246566 -0.771 4.445 11.967 13.754 7.928 3.799 1.44 12.758 7.307 3.291 -0.579 -3.069 13.348 5.993 1.505 -1.134 -3.12 -2.037 -1.888 -2.328 -3.28 -4.635 -0.028 3.0 -0.329 -5.761 -7.135 -8.049 -3.846
2.314511 -0.418 4.797 12.32 14.107 8.281 4.151 1.792 13.111 7.659 3.643 -0.227 -2.717 13.7 6.345 1.857 -0.782 -2.768 -1.685 -1.535 -1.975 -2.928 -4.282 0.324 3.352 0.023 -5.409 -6.783 -7.697 -3.493
2.384512 -0.044 5.171 12.694 14.481 8.655 4.525 2.166 13.485 8.033 4.017 0.147 -2.343 14.074 6.719 2.231 -0.408 -2.394 -1.311 -1.162 -1.602 -2.554 -3.908 0.698 3.726 0.397 -5.035 -6.409 -7.323 -3.119
2.45663 0.353 5.568 13.091 14.878 9.052 4.922 2.563 13.882 8.43 4.414 0.544 -1.946 14.471 7.116 2.628 -0.011 -1.997 -0.914 -0.765 -1.205 -2.157 -3.511 1.095 4.123 0.794 -4.638 -6.012 -6.926 -2.722
2.530929 0.774 5.99 13.512 15.299 9.473 5.343 2.984 14.303 8.851 4.835 0.966 -1.525 14.893 7.537 3.05 0.41 -1.576 -0.493 -0.343 -0.783 -1.736 -3.09 1.517 4.544 1.215 -4.217 -5.591 -6.505 -2.301
2.607475 1.221 6.437 13.959 15.746 9.92 5.791 3.432 14.75 9.298 5.282 1.413 -1.078 15.34 7.984 3.497 0.858 -1.129 -0.046 0.104 -0.336 -1.289 -2.643 1.964 4.991 1.662 -3.769 -5.143 -6.058 -1.854
2.686337 1.696 6.911 14.434 16.221 10.395 6.265 3.906 15.225 9.773 5.757 1.888 -0.603 15.815 8.459 3.972 1.332 -0.654 0.429 0.579 0.139 -0.814 -2.168 2.438 5.466 2.137 -3.295 -4.669 -5.583 -1.379
2.767583 2.2 7.415 14.938 16.725 10.899 6.769 4.41 15.729 10.277 6.261 2.391 -0.099 16.318 8.963 4.475 1.836 -0.15 0.933 1.082 0.642 -0.31 -1.664 2.942 5.97 2.641 -2.791 -4.165 -5.079 -0.875
2.851287 2.734 7.95 15.472 17.259 11.433 7.304 4.945 16.263 10.812 6.796 2.926 0.436 16.853 9.498 5.01 2.371 0.385 1.468 1.617 1.177 0.225 -1.13 3.477 6.505 3.176 -2.256 -3.63 -4.544 -0.341
2.937522 3.302 8.518 16.04 17.827 12.001 7.871 5.512 16.831 11.379 7.363 3.494 1.003 17.421 10.065 5.578 2.938 0.952 2.035 2.185 1.745 0.792 -0.562 4.045 7.072 3.743 -1.688 -3.063 -3.977 0.227
3.026365 3.904 9.12 16.642 18.43 12.604 8.474 6.115 17.433 11.982 7.966 4.096 1.606 18.023 10.668 6.18 3.541 1.555 2.638 2.787 2.347 1.395 0.04 4.647 7.675 4.346 -1.086 -2.46 -3.374 0.829
3.117896 4.544 9.759 17.282 19.069 13.243 9.113 6.754 18.073 12.621 8.605 4.736 2.245 18.663 11.307 6.82 4.18 2.194 3.277 3.427 2.987 2.034 0.68 5.286 8.314 4.985 -0.447 -1.821 -2.735 1.469
3.212194 5.223 10.438 17.961 19.748 13.922 9.792 7.433 18.752 13.3 9.284 5.414 2.924 19.341 11.986 7.498 4.859 2.873 3.956 4.105 3.665 2.713 1.359 5.965 8.993 5.664 0.232 -1.142 -2.056 2.148
3.309345 5.943 11.159 18.681 20.468 14.642 10.512 8.153 19.472 14.02 10.004 6.135 3.644 20.062 12.706 8.219 5.579 3.593 4.676 4.826 4.386 3.433 2.079 6.686 9.713 6.384 0.953 -0.422 -1.336 2.868
3.409434 6.708 11.923 19.446 21.233 15.407 11.277 8.918 20.237 14.785 10.769 6.899 4.409 20.826 13.471 8.983 6.344 4.358 5.441 5.59 5.15 4.198 2.844 7.45 10.478 7.149 1.717 0.343 -0.571 3.633
3.51255 7.519 12.735 20.257 22.044 16.218 12.089 9.73 21.048 15.596 11.58 7.711 5.221 21.638 14.282 9.795 7.156 5.169 6.252 6.402 5.962 5.009 3.655 8.262 11.289 7.96 2.529 1.155 0.24 4.444
3.618785 8.38 13.596 21.118 22.906 17.08 12.95 10.591 21.91 16.458 12.442 8.572 6.082 22.499 15.144 10.656 8.017 6.031 7.114 7.263 6.823 5.871 4.517 9.123 12.151 8.822 3.39 2.016 1.102 5.306
3.728232 9.295 14.51 22.033 23.82 17.994 13.864 11.505 22.824 17.372 13.356 9.487 6.996 23.414 16.058 11.571 8.931 6.945 8.028 8.178 7.738 6.785 5.431 10.037 13.065 9.736 4.304 2.93 2.016 6.22
3.84099 10.265 15.481 23.003 24.79 18.964 14.835 12.476 23.794 18.343 14.326 10.457 7.967 24.384 17.028 12.541 9.902 7.915 8.998 9.148 8.708 7.755 6.401 11.008 14.036 10.706 5.275 3.901 2.986 7.19
3.957158 11.295 16.511 24.033 25.82 19.994 15.865 13.506 24.824 19.373 15.356 11.487 8.997 25.414 18.058 13.571 10.932 8.945 10.028 10.178 9.738 8.785 7.431 12.038 15.066 11.737 6.305 4.931 4.016 8.22
4.07684 12.389 17.604 25.127 26.914 21.088 16.958 14.599 25.918 20.466 16.45 12.58 10.09 26.507 19.152 14.664 12.025 10.039 11.122 11.271 10.831 9.879 8.525 13.131 16.159 12.83 7.398 6.024 5.11 9.314
4.200141 13.549 18.765 26.287 28.074 22.248 18.118 15.759 27.078 21.626 17.61 13.741 11.25 27.668 20.312 15.825 13.185 11.199 12.282 12.432 11.992 11.039 9.685 14.292 17.319 13.99 8.559 7.184 6.27 10.474
4.327172 14.781 19.996 27.519 29.306 23.48 19.35 16.991 28.31 22.858 18.842 14.972 12.482 28.899 21.544 17.056 14.417 12.431 13.514 13.663 13.223 12.271 10.917 15.523 18.551 15.222 9.79 8.416 7.502 11.706
4.458044 16.088 21.303 28.826 30.613 24.787 20.657 18.298 29.617 24.165 20.149 16.28 13.789 30.207 22.851 18.364 15.724 13.738 14.821 14.971 14.531 13.578 12.224 16.831 19.858 16.529 11.097 9.723 8.809 13.013
4.592874 17.475 22.691 30.213 32.001 26.175 22.045 19.686 31.004 25.553 21.537 17.667 15.177 31.594 24.239 19.751 17.112 15.126 16.209 16.358 15.918 14.966 13.611 18.218 21.246 17.917 12.485 11.111 10.197 14.4
4.731783 18.948 24.164 31.686 33.473 27.647 23.518 21.159 32.477 27.025 23.009 19.14 16.65 33.067 25.711 21.224 18.585 16.598 17.681 17.831 17.391 16.438 15.084 19.691 22.719 19.389 13.958 12.584 11.669 15.873
4.874892 20.511 25.727 33.249 35.036 29.21 25.081 22.722 34.04 28.589 24.573 20.703 18.213 34.63 27.275 22.787 20.148 18.162 19.245 19.394 18.954 18.002 16.647 21.254 24.282 20.953 15.521 14.147 13.233 17.436
5.02233 22.17 27.386 34.908 36.696 30.87 26.74 24.381 35.7 30.248 26.232 22.362 19.872 36.289 28.934 24.446 21.807 19.821 20.904 21.053 20.613 19.661 18.307 22.913 25.941 22.612 17.18 15.806 14.892 19.096
5.174227 23.932 29.147 36.67 38.457 32.631 28.501 26.142 37.461 32.009 27.993 24.123 21.633 38.05 30.695 26.207 23.568 21.582 22.665 22.814 22.374 21.422 20.068 24.674 27.702 24.373 18.941 17.567 16.653 20.857
5.330718 25.801 31.016 38.539 40.326 34.5 30.37 28.011 39.33 33.878 29.862 25.993 23.502 39.919 32.564 28.077 25.437 23.451 24.534 24.684 24.244 23.291 21.937 26.543 29.571 26.242 20.81 19.436 18.522 22.726
5.491942 27.785 33.0 40.523 42.31 36.484 32.354 29.995 41.314 35.862 31.846 27.977 25.486 41.903 34.548 30.06 27.421 25.435 26.518 26.668 26.228 25.275 23.921 28.527 31.555 28.226 22.794 21.42 20.506 24.71
5.658042 29.89 35.106 42.628 44.416 38.59 34.46 32.101 43.419 37.968 33.952 30.082 27.592 44.009 36.654 32.166 29.527 27.541 28.624 28.773 28.333 27.381 26.026 30.633 33.661 30.332 24.9 23.526 22.612 26.816
5.829166 32.126 37.341 44.864 46.651 40.825 36.695 34.336 45.655 40.203 36.187 32.317 29.827 46.244 38.889 34.401 31.762 29.776 30.859 31.008 30.568 29.616 28.262 32.868 35.896 32.567 27.135 25.761 24.847 29.051
6.005465 34.498 39.713 47.236 49.023 43.197 39.067 36.708 48.027 42.575 38.559 34.69 32.199 48.617 41.261 36.774 34.134 32.148 33.231 33.381 32.941 31.988 30.634 35.241 38.268 34.939 29.507 28.133 27.219 31.423
6.187096 37.016 42.231 49.754 51.541 45.715 41.585 39.226 50.545 45.093 41.077 37.208 34.717 51.135 43.779 39.292 36.652 34.666 35.749 35.899 35.459 34.506 33.152 37.759 40.786 37.457 32.025 30.651 29.737 33.941
6.37422 39.688 44.904 52.426 54.214 48.388 44.258 41.899 53.217 47.766 43.75 39.88 37.39 53.807 46.452 41.964 39.325 37.339 38.422 38.571 38.131 37.179 35.824 40.431 43.459 40.13 34.698 33.324 32.41 36.614
6.567004 42.525 47.741 55.263 57.05 51.224 47.095 44.736 56.054 50.602 46.586 42.717 40.227 56.644 49.288 44.801 42.162 40.175 41.258 41.408 40.968 40.015 38.661 43.268 46.296 42.966 37.535 36.161 35.246 39.45
6.765619 45.536 50.752 58.274 60.061 54.235 50.105 47.747 59.065 53.613 49.597 45.728 43.237 59.655 52.299 47.812 45.173 43.186 44.269 44.419 43.979 43.026 41.672 46.279 49.306 45.977 40.546 39.172 38.257 42.461
6.97024 48.732 53.947 61.47 63.257 57.431 53.301 50.942 62.261 56.809 52.793 48.924 46.433 62.851 55.495 51.008 48.368 46.382 47.465 47.615 47.175 46.222 44.868 49.474 52.502 49.173 43.741 42.367 41.453 45.657
7.181051 52.124 57.339 64.862 66.649 60.823 56.693 54.334 65.653 60.201 56.185 52.316 49.825 66.243 58.887 54.4 51.76 49.774 50.857 51.007 50.567 49.614 48.26 52.866 55.894 52.565 47.133 45.759 44.845 49.049
7.398237 55.724 60.94 68.462 70.249 64.423 60.294 57.935 69.253 63.801 59.785 55.916 53.426 69.843 62.487 58.0 55.361 53.374 54.457 54.607 54.167 53.214 51.86 56.467 59.494 56.165 50.734 49.36 48.445 52.649
7.621991 59.545 64.761 72.283 74.071 68.245 64.115 61.756 73.074 67.623 63.607 59.737 57.247 73.664 66.309 61.821 59.182 57.196 58.279 58.428 57.988 57.036 55.681 60.288 63.316 59.987 54.555 53.181 52.267 56.471
7.852513 63.601 68.817 76.339 78.127 72.301 68.171 65.812 77.13 71.679 67.663 63.793 61.303 77.72 70.365 65.877 63.238 61.252 62.335 62.484 62.044 61.092 59.737 64.344 67.372 64.043 58.611 57.237 56.323 60.527
8.090007 67.906 73.122 80.644 82.432 76.606 72.476 70.117 81.436 75.984 71.968 68.098 65.608 82.025 74.67 70.182 67.543 65.557 66.64 66.789 66.349 65.397 64.043 68.649 71.677 68.348 62.916 61.542 60.628 64.832
8.334684 72.476 77.692 85.214 87.001 81.175 77.045 74.686 86.005 80.553 76.537 72.668 70.177 86.595 79.239 74.752 72.112 70.126 71.209 71.359 70.919 69.966 68.612 73.219 76.246 72.917 67.485 66.111 65.197 69.401
8.586761 77.326 82.541 90.064 91.851 86.025 81.895 79.536 90.855 85.403 81.387 77.518 75.027 91.445 84.089 79.602 76.962 74.976 76.059 76.209 75.769 74.816 73.462 78.069 81.096 77.767 72.335 70.961 70.047 74.251
8.846461 82.474 87.689 95.212 96.999 91.173 87.043 84.684 96.003 90.551 86.535 82.665 80.175 96.592 89.237 84.749 82.11 80.124 81.207 81.356 80.916 79.964 78.61 83.216 86.244 82.915 77.483 76.109 75.195 79.399
9.114017 87.937 93.153 100.675 102.463 96.637 92.507 90.148 101.466 96.015 91.999 88.129 85.639 102.056 94.701 90.213 87.574 85.588 86.671 86.82 86.38 85.428 84.073 88.68 91.708 88.379 82.947 81.573 80.659 84.863
9.389664 93.737 98.952 106.475 108.262 102.436 98.306 95.947 107.266 101.814 97.798 93.929 91.438 107.856 100.5 96.013 93.373 91.387 92.47 92.62 92.18 91.227 89.873 94.479 97.507 94.178 88.746 87.372 86.458 90.662
9.673648 99.892 105.108 112.63 114.417 108.591 104.462 102.103 113.421 107.97 103.954 100.084 97.594 114.011 106.656 102.168 99.529 97.542 98.626 98.775 98.335 97.382 96.028 100.635 103.663 100.334 94.902 93.528 92.613 96.817
9.966221 106.426 111.641 119.164 120.951 115.125 110.995 108.636 119.955 114.503 110.487 106.618 104.127 120.544 113.189 108.701 106.062 104.076 105.159 105.309 104.869 103.916 102.562 107.168 110.196 106.867 101.435 100.061 99.147 103.351
10.267642 113.36 118.576 126.098 127.885 122.059 117.93 115.571 126.889 121.438 117.422 113.552 111.062 127.479 120.124 115.636 112.997 111.01 112.094 112.243 111.803 110.85 109.496 114.103 117.131 113.802 108.37 106.996 106.081 110.285
10.57818 120.721 125.936 133.459 135.246 129.42 125.29 122.931 134.25 128.798 124.782 120.913 118.422 134.839 127.484 122.996 120.357 118.371 119.454 119.604 119.164 118.211 116.857 121.463 124.491 121.162 115.73 114.356 113.442 117.646
10.89811 128.533 133.749 141.271 143.058 137.232 133.103 130.744 142.062 136.61 132.594 128.725 126.234 142.652 135.296 130.809 128.17 126.183 127.266 127.416 126.976 126.023 124.669 129.276 132.303 128.974 123.543 122.169 121.254 125.458
11.227716 136.825 142.041 149.563 151.35 145.524 141.395 139.036 150.354 144.902 140.886 137.017 134.527 150.944 143.588 139.101 136.462 134.475 135.558 135.708 135.268 134.315 132.961 137.568 140.595 137.266 131.835 130.461 129.546 133.75
11.56729 145.626 150.842 158.364 160.152 154.326 150.196 147.837 159.155 153.704 149.688 145.818 143.328 159.745 152.39 147.902 145.263 143.277 144.36 144.509 144.069 143.117 141.762 146.369 149.397 146.068 140.636 139.262 138.348 142.551
11.917135 154.968 160.184 167.706 169.493 163.667 159.537 157.179 168.497 163.045 159.029 155.16 152.669 169.087 161.731 157.244 154.604 152.618 153.701 153.851 153.411 152.458 151.104 155.711 158.738 155.409 149.978 148.604 147.689 151.893
12.277561 164.883 170.099 177.621 179.408 173.582 169.453 167.094 178.412 172.961 168.944 165.075 162.585 179.002 171.646 167.159 164.52 162.533 163.616 163.766 163.326 162.373 161.019 165.626 168.654 165.325 159.893 158.519 157.604 161.808
12.648887 175.407 180.623 188.145 189.933 184.107 179.977 177.618 188.936 183.485 179.469 175.599 173.109 189.526 182.171 177.683 175.044 173.058 174.141 174.29 173.85 172.898 171.543 176.15 179.178 175.849 170.417 169.043 168.129 172.332
13.031444 186.578 191.793 199.316 201.103 195.277 191.147 188.788 200.107 194.655 190.639 186.769 184.279 200.696 193.341 188.853 186.214 184.228 185.311 185.461 185.021 184.068 182.714 187.32 190.348 187.019 181.587 180.213 179.299 183.503
13.425571 198.434 203.649 211.172 212.959 207.133 203.003 200.644 211.963 206.511 202.495 198.626 196.135 212.553 205.197 200.71 198.07 196.084 197.167 197.317 196.877 195.924 194.57 199.177 202.204 198.875 193.443 192.069 191.155 195.359
13.831619 211.018 216.234 223.756 225.543 219.717 215.588 213.229 224.547 219.095 215.079 211.21 208.719 225.137 217.781 213.294 210.655 208.668 209.751 209.901 209.461 208.508 207.154 211.761 214.788 211.459 206.028 204.654 203.739 207.943
14.249947 224.375 229.591 237.113 238.9 233.074 228.944 226.586 237.904 232.452 228.436 224.567 222.076 238.494 231.138 226.651 224.011 222.025 223.108 223.258 222.818 221.865 220.511 225.118 228.145 224.816 219.385 218.011 217.096 221.3
14.680926 238.552 243.768 251.29 253.077 247.251 243.122 240.763 252.081 246.629 242.613 238.744 236.253 252.671 245.315 240.828 238.189 236.202 237.285 237.435 236.995 236.042 234.688 239.295 242.322 238.993 233.562 232.188 231.273 235.477
15.124941 253.6 258.815 266.338 268.125 262.299 258.169 255.81 267.129 261.677 257.661 253.791 251.301 267.718 260.363 255.875 253.236 251.25 252.333 252.483 252.043 251.09 249.736 254.342 257.37 254.041 248.609 247.235 246.321 250.525
15.582385 269.571 274.787 282.309 284.096 278.27 274.141 271.782 283.1 277.649 273.632 269.763 267.273 283.69 276.334 271.847 269.208 267.221 268.304 268.454 268.014 267.061 265.707 270.314 273.342 270.012 264.581 263.207 262.292 266.496
16.053663 286.524 291.739 299.261 301.049 295.223 291.093 288.734 300.053 294.601 290.585 286.715 284.225 300.642 293.287 288.799 286.16 284.174 285.257 285.406 284.966 284.014 282.66 287.266 290.294 286.965 281.533 280.159 279.245 283.449
16.539195 304.517 309.732 317.255 319.042 313.216 309.086 306.727 318.046 312.594 308.578 304.709 302.218 318.635 311.28 306.793 304.153 302.167 303.25 303.4 302.96 302.007 300.653 305.259 308.287 304.958 299.526 298.152 297.238 301.442
17.039412 323.615 328.83 336.353 338.14 332.314 328.184 325.825 337.144 331.692 327.676 323.807 321.316 337.734 330.378 325.891 323.251 321.265 322.348 322.498 322.058 321.105 319.751 324.357 327.385 324.056 318.624 317.25 316.336 320.54
17.554757 343.885 349.101 356.623 358.411 352.585 348.455 346.096 357.415 351.963 347.947 344.077 341.587 358.004 350.649 346.161 343.522 341.536 342.619 342.768 342.328 341.376 340.022 344.628 347.656 344.327 338.895 337.521 336.607 340.811
18.085689 365.401 370.617 378.139 379.926 374.1 369.97 367.611 378.93 373.478 369.462 365.593 363.102 379.52 372.164 367.677 365.037 363.051 364.134 364.284 363.844 362.891 361.537 366.144 369.171 365.842 360.411 359.036 358.122 362.326
18.632678 388.237 393.453 400.975 402.763 396.937 392.807 390.448 401.767 396.315 392.299 388.429 385.939 402.356 395.001 390.513 387.874 385.888 386.971 387.12 386.68 385.728 384.374 388.98 392.008 388.679 383.247 381.873 380.959 385.163
19.196211 412.476 417.692 425.214 427.001 421.175 417.046 414.687 426.005 420.554 416.537 412.668 410.178 426.595 419.24 414.752 412.113 410.126 411.209 411.359 410.919 409.966 408.612 413.219 416.247 412.918 407.486 406.112 405.197 409.401
19.776787 438.203 443.419 450.941 452.729 446.903 442.773 440.414 451.732 446.281 442.265 438.395 435.905 452.322 444.967 440.479 437.84 435.854 436.937 437.086 436.646 435.694 434.339 438.946 441.974 438.645 433.213 431.839 430.925 435.128
20.374923 465.51 470.726 478.248 480.035 474.209 470.08 467.721 479.039 473.588 469.571 465.702 463.212 479.629 472.273 467.786 465.147 463.16 464.243 464.393 463.953 463.0 461.646 466.253 469.281 465.952 460.52 459.146 458.231 462.435
20.991149 494.494 499.709 507.232 509.019 503.193 499.063 496.704 508.023 502.571 498.555 494.686 492.195 508.613 501.257 496.77 494.13 492.144 493.227 493.377 492.937 491.984 490.63 495.237 498.264 494.935 489.503 488.129 487.215 491.419
21.626011 525.257 530.473 537.995 539.782 533.956 529.827 527.468 538.786 533.334 529.318 525.449 522.959 539.376 532.02 527.533 524.894 522.907 523.99 524.14 523.7 522.747 521.393 526.0 529.027 525.698 520.267 518.893 517.978 522.182
22.280075 557.909 563.125 570.647 572.435 566.609 562.479 560.12 571.438 565.987 561.971 558.101 555.611 572.028 564.673 560.185 557.546 555.56 556.643 556.792 556.352 555.4 554.045 558.652 561.68 558.351 552.919 551.545 550.631 554.834
22.953921 592.567 597.782 605.305 607.092 601.266 597.136 594.777 606.096 600.644 596.628 592.758 590.268 606.685 599.33 594.842 592.203 590.217 591.3 591.449 591.009 590.057 588.703 593.309 596.337 593.008 587.576 586.202 585.288 589.492
23.648147 629.352 634.568 642.09 643.877 638.051 633.921 631.562 642.881 637.429 633.413 629.544 627.053 643.471 636.115 631.628 628.988 627.002 628.085 628.235 627.795 626.842 625.488 630.095 633.122 629.793 624.361 622.987 622.073 626.277
24.363369 668.396 673.612 681.134 682.921 677.095 672.965 670.606 681.925 676.473 672.457 668.588 666.097 682.515 675.159 670.672 668.032 666.046 667.129 667.279 666.839 665.886 664.532 669.139 672.166 668.837 663.406 662.031 661.117 665.321
25.100222 709.837 715.053 722.575 724.363 718.537 714.407 712.048 723.366 717.915 713.899 710.029 707.539 723.956 716.601 712.113 709.474 707.488 708.571 708.72 708.28 707.328 705.973 710.58 713.608 710.279 704.847 703.473 702.559 706.762
25.859362 753.823 759.039 766.561 768.349 762.523 758.393 756.034 767.352 761.901 757.885 754.015 751.525 767.942 760.587 756.099 753.46 751.474 752.557 752.706 752.266 751.314 749.959 754.566 757.594 754.265 748.833 747.459 746.545 750.749
26.64146 nan nan nan nan nan nan nan nan nan nan nan nan nan nan nan nan nan nan nan nan nan nan nan nan nan nan nan nan nan
27.447213 nan nan nan nan nan nan nan nan nan nan nan nan nan nan nan nan nan nan nan nan nan nan nan nan nan nan nan nan nan
28.277335 nan nan nan nan nan nan nan nan nan nan nan nan nan nan nan nan nan nan nan nan nan nan nan nan nan nan nan nan nan
29.132564 nan nan nan nan nan nan nan nan nan nan nan nan nan nan nan nan nan nan nan nan nan nan nan nan nan nan nan nan nan
30.013659 nan nan nan nan nan nan nan nan nan nan nan nan nan nan nan nan nan nan nan nan nan nan nan nan nan nan nan nan nan
30.921401 nan nan nan nan nan nan nan nan nan nan nan nan nan nan nan nan nan nan nan nan nan nan nan nan nan nan nan nan nan
31.856598 nan nan nan nan nan nan nan nan nan nan nan nan nan nan nan nan nan nan nan nan nan nan nan nan nan nan nan nan nan
32.820079 nan nan nan nan nan nan nan nan nan nan nan nan nan nan nan nan nan nan nan nan nan nan nan nan nan nan nan nan nan
33.8127 nan nan nan nan nan nan nan nan nan nan nan nan nan nan nan nan nan nan nan nan nan nan nan nan nan nan nan nan nan
34.835342 nan nan nan nan nan nan nan nan nan nan nan nan nan nan nan nan nan nan nan nan nan nan nan nan nan nan nan nan nan
35.888913 nan nan nan nan nan nan nan nan nan nan nan nan nan nan nan nan nan nan nan nan nan nan nan nan nan nan nan nan nan
36.974349 nan nan nan nan nan nan nan nan nan nan nan nan nan nan nan nan nan nan nan nan nan nan nan nan nan nan nan nan nan
38.092613 nan nan nan nan nan nan nan nan nan nan nan nan nan nan nan nan nan nan nan nan nan nan nan nan nan nan nan nan nan
39.244698 nan nan nan nan nan nan nan nan nan nan nan nan nan nan nan nan nan nan nan nan nan nan nan nan nan nan nan nan nan
40.431627 nan nan nan nan nan nan nan nan nan nan nan nan nan nan nan nan nan nan nan nan nan nan nan nan nan nan nan nan nan
41.654454 nan nan nan nan nan nan nan nan nan nan nan nan nan nan nan nan nan nan nan nan nan nan nan nan nan nan nan nan nan
42.914265 nan nan nan nan nan nan nan nan nan nan nan nan nan nan nan nan nan nan nan nan nan nan nan nan nan nan nan nan nan
44.212178 nan nan nan nan nan nan nan nan nan nan nan nan nan nan nan nan nan nan nan nan nan nan nan nan nan nan nan nan nan
45.549345 nan nan nan nan nan nan nan nan nan nan nan nan nan nan nan nan nan nan nan nan nan nan nan nan nan nan nan nan nan
46.926954 nan nan nan nan nan nan nan nan nan nan nan nan nan nan nan nan nan nan nan nan nan nan nan nan nan nan nan nan nan
48.346227 nan nan nan nan nan nan nan nan nan nan nan nan nan nan nan nan nan nan nan nan nan nan nan nan nan nan nan nan nan
49.808426 nan nan nan nan nan nan nan nan nan nan nan nan nan nan nan nan nan nan nan nan nan nan nan nan nan nan nan nan nan
51.314848 nan nan nan nan nan nan nan nan nan nan nan nan nan nan nan nan nan nan nan nan nan nan nan nan nan nan nan nan nan
52.86683 nan nan nan nan nan nan nan nan nan nan nan nan nan nan nan nan nan nan nan nan nan nan nan nan nan nan nan nan nan
54.465752 nan nan nan nan nan nan nan nan nan nan nan nan nan nan nan nan nan nan nan nan nan nan nan nan nan nan nan nan nan
56.113031 nan nan nan nan nan nan nan nan nan nan nan nan nan nan nan nan nan nan nan nan nan nan nan nan nan nan nan nan nan
57.810132 nan nan nan nan nan nan nan nan nan nan nan nan nan nan nan nan nan nan nan nan nan nan nan nan nan nan nan nan nan
59.55856 nan nan nan nan nan nan nan nan nan nan nan nan nan nan nan nan nan nan nan nan nan nan nan nan nan nan nan nan nan
61.359868 nan nan nan nan nan nan nan nan nan nan nan nan nan nan nan nan nan nan nan nan nan nan nan nan nan nan nan nan nan
63.215655 nan nan nan nan nan nan nan nan nan nan nan nan nan nan nan nan nan nan nan nan nan nan nan nan nan nan nan nan nan
65.127569 nan nan nan nan nan nan nan nan nan nan nan nan nan nan nan nan nan nan nan nan nan nan nan nan nan nan nan nan nan
67.097308 nan nan nan nan nan nan nan nan nan nan nan nan nan nan nan nan nan nan nan nan nan nan nan nan nan nan nan nan nan
69.126621 nan nan nan nan nan nan nan nan nan nan nan nan nan nan nan nan nan nan nan nan nan nan nan nan nan nan nan nan nan
71.217308 nan nan nan nan nan nan nan nan nan nan nan nan nan nan nan nan nan nan nan nan nan nan nan nan nan nan nan nan nan
73.371227 nan nan nan nan nan nan nan nan nan nan nan nan nan nan nan nan nan nan nan nan nan nan nan nan nan nan nan nan nan
75.59029 nan nan nan nan nan nan nan nan nan nan nan nan nan nan nan nan nan nan nan nan nan nan nan nan nan nan nan nan nan
77.876467 nan nan nan nan nan nan nan nan nan nan nan nan nan nan nan nan nan nan nan nan nan nan nan nan nan nan nan nan nan
80.231787 nan nan nan nan nan nan nan nan nan nan nan nan nan nan nan nan nan nan nan nan nan nan nan nan nan nan nan nan nan
82.658343 nan nan nan nan nan nan nan nan nan nan nan nan nan nan nan nan nan nan nan nan nan nan nan nan nan nan nan nan nan
85.158288 nan nan nan nan nan nan nan nan nan nan nan nan nan nan nan nan nan nan nan nan nan nan nan nan nan nan nan nan nan
87.733843 nan nan nan nan nan nan nan nan nan nan nan nan nan nan nan nan nan nan nan nan nan nan nan nan nan nan nan nan nan
90.387293 nan nan nan nan nan nan nan nan nan nan nan nan nan nan nan nan nan nan nan nan nan nan nan nan nan nan nan nan nan
93.120995 nan nan nan nan nan nan nan nan nan nan nan nan nan nan nan nan nan nan nan nan nan nan nan nan nan nan nan nan nan
95.937376 nan nan nan nan nan nan nan nan nan nan nan nan nan nan nan nan nan nan nan nan nan nan nan nan nan nan nan nan nan
98.838937 nan nan nan nan nan nan nan nan nan nan nan nan nan nan nan nan nan nan nan nan nan nan nan nan nan nan nan nan nan
101.828253 nan nan nan nan nan nan nan nan nan nan nan nan nan nan nan nan nan nan nan nan nan nan nan nan nan nan nan nan nan
104.907979 nan nan nan nan nan nan nan nan nan nan nan nan nan nan nan nan nan nan nan nan nan nan nan nan nan nan nan nan nan
108.080849 nan nan nan nan nan nan nan nan nan nan nan nan nan nan nan nan nan nan nan nan nan nan nan nan nan nan nan nan nan
111.349681 nan nan nan nan nan nan nan nan nan nan nan nan nan nan nan nan nan nan nan nan nan nan nan nan nan nan nan nan nan
114.717376 nan nan nan nan nan nan nan nan nan nan nan nan nan nan nan nan nan nan nan nan nan nan nan nan nan nan nan nan nan
118.186925 nan nan nan nan nan nan nan nan nan nan nan nan nan nan nan nan nan nan nan nan nan nan nan nan nan nan nan nan nan
121.761408 nan nan nan nan nan nan nan nan nan nan nan nan nan nan nan nan nan nan nan nan nan nan nan nan nan nan nan nan nan
125.443999 nan nan nan nan nan nan nan nan nan nan nan nan nan nan nan nan nan nan nan nan nan nan nan nan nan nan nan nan nan
129.237967 nan nan nan nan nan nan nan nan nan nan nan nan nan nan nan nan nan nan nan nan nan nan nan nan nan nan nan nan nan
133.146681 nan nan nan nan nan nan nan nan nan nan nan nan nan nan nan nan nan nan nan nan nan nan nan nan nan nan nan nan nan
137.173612 nan nan nan nan nan nan nan nan nan nan nan nan nan nan nan nan nan nan nan nan nan nan nan nan nan nan nan nan nan
141.322334 nan nan nan nan nan nan nan nan nan nan nan nan nan nan nan nan nan nan nan nan nan nan nan nan nan nan nan nan nan
145.596532 nan nan nan nan nan nan nan nan nan nan nan nan nan nan nan nan nan nan nan nan nan nan nan nan nan nan nan nan nan
150.0 nan nan nan nan nan nan nan nan nan nan nan nan nan nan nan nan nan nan nan nan nan nan nan nan nan nan nan nan nan
