# %ECSV 1.0
# ---
# datatype:
# - {name: time, datatype: float64}
# - {name: swift_uvot_uvw2, datatype: float64}
# - {name: swift_uvot_uvm2, datatype: float64}
# - {name: swift_uvot_uvw1, datatype: float64}
# - {name: swift_uvot_U, datatype: float64}
# - {name: swift_uvot_B, datatype: float64}
# - {name: swift_uvot_V, datatype: float64}
# - {name: swift_uvot_W, datatype: float64}
# - {name: johnson_U, datatype: float64}
# - {name: johnson_B, datatype: float64}
# - {name: johnson_V, datatype: float64}
# - {name: johnson_R, datatype: float64}
# - {name: johnson_I, datatype: float64}
# - {name: sdss_u, datatype: float64}
# - {name: sdss_g, datatype: float64}
# - {name: sdss_r, datatype: float64}
# - {name: sdss_i, datatype: float64}
# - {name: sdss_z, datatype: float64}
# - {name: PS1_g, datatype: float64}
# - {name: PS1_r, datatype: float64}
# - {name: PS1_i, datatype: float64}
# - {name: PS1_z, datatype: float64}
# - {name: PS1_Y, datatype: float64}
# - {name: PS1_w, datatype: float64}
# - {name: ATLAS_c, datatype: float64}
# - {name: ATLAS_o, datatype: float64}
# - {name: ukirt_J, datatype: float64}
# - {name: ukirt_H, datatype: float64}
# - {name: ukirt_K, datatype: float64}
# - {name: Clear, datatype: float64}
# meta: !!omap
# - comment: [kappa = 1.0, type = villar, mass = 0.003465724215782086, velocity = 0.15533333333333332, theta_obs = 0.0]
# schema: astropy-2.0
time swift_uvot_uvw2 swift_uvot_uvm2 swift_uvot_uvw1 swift_uvot_U swift_uvot_B swift_uvot_V swift_uvot_W johnson_U johnson_B johnson_V johnson_R johnson_I sdss_u sdss_g sdss_r sdss_i sdss_z PS1_g PS1_r PS1_i PS1_z PS1_Y PS1_w ATLAS_c ATLAS_o ukirt_J ukirt_H ukirt_K Clear
0.001 nan nan nan nan nan nan nan nan nan nan nan nan nan nan nan nan nan nan nan nan nan nan nan nan nan nan nan nan nan
0.00103 -3.617 -3.637 -3.625 -3.513 -3.302 -3.029 -3.501 -3.485 -3.298 -3.02 -2.705 -2.321 -3.492 -3.217 -2.851 -2.555 -2.264 -3.2 -2.871 -2.579 -2.371 -2.309 -2.885 -3.075 -2.728 -1.658 -1.148 -0.548 -2.938
0.001061 -4.277 -4.232 -4.175 -3.961 -3.701 -3.391 -4.033 -3.924 -3.697 -3.381 -3.041 -2.633 -3.932 -3.603 -3.196 -2.88 -2.573 -3.586 -3.223 -2.912 -2.7 -2.66 -3.24 -3.445 -3.066 -1.945 -1.424 -0.814 -3.302
0.001094 -4.642 -4.562 -4.486 -4.222 -3.938 -3.611 -4.338 -4.181 -3.934 -3.601 -3.248 -2.83 -4.19 -3.835 -3.408 -3.082 -2.768 -3.819 -3.439 -3.12 -2.908 -2.884 -3.457 -3.668 -3.274 -2.13 -1.603 -0.988 -3.523
0.001127 -4.898 -4.795 -4.706 -4.412 -4.114 -3.776 -4.555 -4.369 -4.111 -3.766 -3.406 -2.981 -4.378 -4.007 -3.569 -3.236 -2.919 -3.992 -3.603 -3.28 -3.068 -3.056 -3.621 -3.836 -3.432 -2.274 -1.743 -1.125 -3.69
0.001161 -5.098 -4.978 -4.881 -4.566 -4.258 -3.913 -4.728 -4.521 -4.255 -3.902 -3.538 -3.108 -4.53 -4.149 -3.702 -3.366 -3.045 -4.135 -3.74 -3.413 -3.202 -3.2 -3.756 -3.975 -3.564 -2.395 -1.862 -1.242 -3.827
0.001196 -5.263 -5.131 -5.027 -4.697 -4.383 -4.032 -4.874 -4.651 -4.379 -4.021 -3.653 -3.22 -4.661 -4.271 -3.819 -3.479 -3.156 -4.259 -3.858 -3.53 -3.319 -3.325 -3.874 -4.095 -3.68 -2.503 -1.969 -1.347 -3.946
0.001232 -5.406 -5.263 -5.156 -4.814 -4.494 -4.139 -5.002 -4.767 -4.49 -4.128 -3.757 -3.322 -4.776 -4.381 -3.924 -3.582 -3.257 -4.369 -3.965 -3.635 -3.426 -3.438 -3.981 -4.203 -3.784 -2.602 -2.066 -1.443 -4.054
0.001269 -5.532 -5.382 -5.271 -4.92 -4.595 -4.237 -5.116 -4.872 -4.592 -4.227 -3.853 -3.416 -4.881 -4.482 -4.021 -3.677 -3.351 -4.47 -4.064 -3.733 -3.524 -3.542 -4.079 -4.302 -3.88 -2.694 -2.157 -1.533 -4.153
0.001308 -5.646 -5.49 -5.376 -5.017 -4.69 -4.329 -5.221 -4.969 -4.686 -4.319 -3.943 -3.504 -4.979 -4.575 -4.112 -3.767 -3.44 -4.565 -4.156 -3.824 -3.616 -3.638 -4.17 -4.395 -3.971 -2.781 -2.243 -1.619 -4.245
0.001347 -5.751 -5.589 -5.473 -5.109 -4.779 -4.416 -5.318 -5.061 -4.775 -4.406 -4.029 -3.589 -5.07 -4.663 -4.198 -3.852 -3.524 -4.654 -4.243 -3.91 -3.703 -3.729 -4.257 -4.482 -4.056 -2.864 -2.325 -1.7 -4.332
0.001388 -5.849 -5.683 -5.565 -5.196 -4.863 -4.499 -5.41 -5.147 -4.86 -4.488 -4.111 -3.669 -5.156 -4.747 -4.28 -3.933 -3.604 -4.738 -4.326 -3.993 -3.786 -3.816 -4.34 -4.565 -4.138 -2.943 -2.404 -1.779 -4.415
0.00143 -5.941 -5.771 -5.651 -5.279 -4.944 -4.579 -5.496 -5.229 -4.941 -4.568 -4.189 -3.747 -5.239 -4.828 -4.359 -4.011 -3.682 -4.819 -4.406 -4.072 -3.866 -3.898 -4.419 -4.645 -4.217 -3.02 -2.48 -1.855 -4.495
0.001473 -6.027 -5.854 -5.734 -5.358 -5.022 -4.655 -5.578 -5.308 -5.019 -4.645 -4.265 -3.823 -5.318 -4.905 -4.436 -4.087 -3.757 -4.897 -4.483 -4.149 -3.943 -3.977 -4.496 -4.722 -4.293 -3.095 -2.555 -1.929 -4.572
0.001518 -6.109 -5.934 -5.813 -5.434 -5.098 -4.73 -5.657 -5.385 -5.094 -4.719 -4.339 -3.896 -5.394 -4.981 -4.51 -4.16 -3.83 -4.972 -4.558 -4.223 -4.017 -4.054 -4.57 -4.797 -4.367 -3.168 -2.627 -2.001 -4.646
0.001564 -6.188 -6.011 -5.889 -5.509 -5.171 -4.802 -5.733 -5.459 -5.167 -4.792 -4.411 -3.967 -5.468 -5.054 -4.582 -4.232 -3.902 -5.045 -4.63 -4.295 -4.09 -4.128 -4.642 -4.87 -4.439 -3.239 -2.698 -2.071 -4.719
0.001611 -6.264 -6.085 -5.962 -5.581 -5.242 -4.873 -5.807 -5.531 -5.238 -4.863 -4.482 -4.038 -5.54 -5.125 -4.652 -4.303 -3.972 -5.117 -4.701 -4.366 -4.161 -4.2 -4.713 -4.941 -4.509 -3.308 -2.767 -2.141 -4.79
0.00166 -6.337 -6.157 -6.034 -5.651 -5.312 -4.943 -5.878 -5.601 -5.308 -4.932 -4.551 -4.106 -5.61 -5.194 -4.722 -4.371 -4.041 -5.186 -4.771 -4.435 -4.23 -4.27 -4.782 -5.01 -4.578 -3.377 -2.836 -2.209 -4.859
0.00171 -6.407 -6.227 -6.103 -5.719 -5.38 -5.01 -5.948 -5.669 -5.376 -5.0 -4.618 -4.174 -5.679 -5.262 -4.789 -4.439 -4.108 -5.255 -4.839 -4.503 -4.298 -4.339 -4.85 -5.078 -4.646 -3.444 -2.903 -2.276 -4.927
0.001761 -6.476 -6.295 -6.171 -5.787 -5.447 -5.077 -6.015 -5.736 -5.443 -5.067 -4.685 -4.24 -5.746 -5.329 -4.856 -4.506 -4.175 -5.322 -4.905 -4.57 -4.365 -4.406 -4.917 -5.145 -4.713 -3.511 -2.969 -2.342 -4.994
0.001815 -6.542 -6.361 -6.237 -5.852 -5.513 -5.143 -6.081 -5.802 -5.509 -5.132 -4.751 -4.306 -5.812 -5.395 -4.922 -4.571 -4.24 -5.387 -4.971 -4.636 -4.431 -4.472 -4.983 -5.211 -4.778 -3.576 -3.035 -2.408 -5.06
0.00187 -6.607 -6.426 -6.302 -5.917 -5.578 -5.208 -6.146 -5.867 -5.574 -5.197 -4.815 -4.371 -5.877 -5.46 -4.987 -4.636 -4.305 -5.452 -5.036 -4.7 -4.496 -4.537 -5.047 -5.275 -4.843 -3.641 -3.1 -2.473 -5.124
0.001926 -6.67 -6.489 -6.365 -5.981 -5.641 -5.272 -6.21 -5.931 -5.638 -5.261 -4.879 -4.435 -5.94 -5.524 -5.05 -4.7 -4.369 -5.516 -5.1 -4.764 -4.56 -4.6 -5.111 -5.339 -4.907 -3.705 -3.164 -2.537 -5.188
0.001984 -6.732 -6.551 -6.428 -6.044 -5.704 -5.335 -6.272 -5.994 -5.701 -5.324 -4.942 -4.498 -6.003 -5.587 -5.114 -4.763 -4.432 -5.579 -5.163 -4.827 -4.623 -4.663 -5.174 -5.402 -4.97 -3.768 -3.227 -2.6 -5.251
0.002044 -6.792 -6.612 -6.489 -6.106 -5.767 -5.397 -6.333 -6.056 -5.763 -5.386 -5.005 -4.561 -6.065 -5.649 -5.176 -4.826 -4.495 -5.641 -5.225 -4.89 -4.685 -4.725 -5.237 -5.465 -5.033 -3.831 -3.29 -2.663 -5.314
0.002106 -6.852 -6.672 -6.549 -6.167 -5.828 -5.459 -6.394 -6.117 -5.824 -5.448 -5.067 -4.623 -6.126 -5.71 -5.238 -4.888 -4.557 -5.703 -5.287 -4.952 -4.747 -4.786 -5.299 -5.526 -5.095 -3.893 -3.352 -2.726 -5.375
0.00217 -6.91 -6.732 -6.609 -6.227 -5.889 -5.52 -6.453 -6.177 -5.885 -5.509 -5.128 -4.684 -6.187 -5.771 -5.299 -4.949 -4.619 -5.763 -5.348 -5.013 -4.808 -4.846 -5.36 -5.587 -5.156 -3.955 -3.414 -2.788 -5.437
0.002236 -6.967 -6.79 -6.667 -6.287 -5.949 -5.58 -6.512 -6.237 -5.945 -5.57 -5.189 -4.745 -6.247 -5.832 -5.36 -5.01 -4.68 -5.824 -5.408 -5.073 -4.868 -4.906 -5.42 -5.648 -5.217 -4.016 -3.475 -2.849 -5.497
0.002303 -7.024 -6.847 -6.725 -6.346 -6.009 -5.64 -6.57 -6.296 -6.005 -5.63 -5.249 -4.806 -6.306 -5.891 -5.42 -5.071 -4.74 -5.883 -5.468 -5.133 -4.928 -4.965 -5.48 -5.708 -5.277 -4.077 -3.536 -2.91 -5.557
0.002373 -7.079 -6.904 -6.782 -6.404 -6.068 -5.7 -6.627 -6.355 -6.064 -5.689 -5.309 -4.866 -6.364 -5.951 -5.48 -5.131 -4.8 -5.942 -5.528 -5.193 -4.987 -5.024 -5.54 -5.767 -5.337 -4.138 -3.597 -2.971 -5.616
0.002445 -7.134 -6.96 -6.839 -6.462 -6.126 -5.759 -6.684 -6.413 -6.122 -5.749 -5.369 -4.926 -6.422 -6.009 -5.539 -5.19 -4.86 -6.001 -5.587 -5.252 -5.046 -5.081 -5.599 -5.826 -5.396 -4.198 -3.657 -3.031 -5.675
0.002519 -7.187 -7.015 -6.895 -6.52 -6.184 -5.818 -6.74 -6.47 -6.181 -5.807 -5.428 -4.985 -6.48 -6.068 -5.598 -5.249 -4.92 -6.059 -5.645 -5.311 -5.105 -5.139 -5.658 -5.885 -5.455 -4.258 -3.717 -3.091 -5.734
0.002595 -7.241 -7.07 -6.95 -6.577 -6.242 -5.876 -6.795 -6.527 -6.238 -5.865 -5.486 -5.044 -6.537 -6.125 -5.656 -5.308 -4.979 -6.117 -5.703 -5.369 -5.163 -5.196 -5.716 -5.943 -5.514 -4.317 -3.777 -3.151 -5.792
0.002673 -7.293 -7.124 -7.005 -6.633 -6.299 -5.934 -6.85 -6.584 -6.296 -5.923 -5.545 -5.103 -6.593 -6.183 -5.715 -5.367 -5.037 -6.174 -5.761 -5.427 -5.221 -5.253 -5.774 -6.0 -5.572 -4.376 -3.836 -3.211 -5.85
0.002754 -7.345 -7.177 -7.059 -6.689 -6.356 -5.991 -6.904 -6.64 -6.352 -5.981 -5.603 -5.161 -6.65 -6.24 -5.772 -5.425 -5.096 -6.231 -5.819 -5.485 -5.278 -5.309 -5.832 -6.058 -5.63 -4.435 -3.895 -3.27 -5.908
0.002837 -7.396 -7.23 -7.113 -6.745 -6.413 -6.049 -6.958 -6.696 -6.409 -6.038 -5.66 -5.219 -6.705 -6.297 -5.83 -5.483 -5.154 -6.287 -5.876 -5.542 -5.335 -5.364 -5.889 -6.115 -5.688 -4.493 -3.954 -3.329 -5.965
0.002923 -7.446 -7.283 -7.166 -6.8 -6.469 -6.105 -7.011 -6.751 -6.465 -6.095 -5.718 -5.277 -6.761 -6.353 -5.887 -5.54 -5.212 -6.344 -5.933 -5.599 -5.392 -5.42 -5.946 -6.171 -5.745 -4.552 -4.013 -3.388 -6.021
0.003012 -7.496 -7.335 -7.218 -6.855 -6.525 -6.162 -7.064 -6.806 -6.521 -6.151 -5.775 -5.335 -6.816 -6.409 -5.944 -5.598 -5.27 -6.399 -5.989 -5.656 -5.449 -5.475 -6.003 -6.228 -5.802 -4.61 -4.071 -3.446 -6.078
0.003103 -7.546 -7.386 -7.271 -6.909 -6.58 -6.218 -7.116 -6.861 -6.576 -6.208 -5.832 -5.392 -6.87 -6.465 -6.001 -5.655 -5.327 -6.455 -6.045 -5.713 -5.505 -5.53 -6.059 -6.284 -5.859 -4.668 -4.129 -3.505 -6.134
0.003196 -7.595 -7.437 -7.323 -6.963 -6.635 -6.274 -7.168 -6.915 -6.632 -6.264 -5.888 -5.449 -6.925 -6.52 -6.057 -5.711 -5.384 -6.51 -6.101 -5.769 -5.561 -5.584 -6.115 -6.34 -5.915 -4.725 -4.187 -3.563 -6.19
0.003293 -7.643 -7.487 -7.374 -7.017 -6.69 -6.33 -7.219 -6.969 -6.686 -6.319 -5.944 -5.506 -6.979 -6.576 -6.113 -5.768 -5.441 -6.565 -6.157 -5.825 -5.617 -5.638 -6.171 -6.395 -5.972 -4.783 -4.245 -3.621 -6.246
0.003393 -7.691 -7.538 -7.425 -7.071 -6.745 -6.385 -7.271 -7.023 -6.741 -6.375 -6.0 -5.562 -7.032 -6.631 -6.169 -5.824 -5.498 -6.62 -6.212 -5.88 -5.672 -5.692 -6.227 -6.451 -6.028 -4.84 -4.302 -3.678 -6.301
0.003495 -7.738 -7.587 -7.476 -7.124 -6.799 -6.441 -7.321 -7.076 -6.795 -6.43 -6.056 -5.619 -7.086 -6.685 -6.225 -5.88 -5.554 -6.674 -6.267 -5.936 -5.727 -5.746 -6.282 -6.506 -6.084 -4.897 -4.359 -3.736 -6.356
0.003601 -7.785 -7.637 -7.526 -7.177 -6.853 -6.496 -7.372 -7.129 -6.85 -6.485 -6.112 -5.675 -7.139 -6.74 -6.28 -5.936 -5.61 -6.728 -6.322 -5.991 -5.782 -5.8 -6.337 -6.56 -6.139 -4.954 -4.417 -3.793 -6.411
0.00371 -7.832 -7.685 -7.576 -7.229 -6.907 -6.55 -7.422 -7.182 -6.903 -6.54 -6.167 -5.731 -7.191 -6.794 -6.335 -5.992 -5.667 -6.782 -6.377 -6.046 -5.837 -5.853 -6.392 -6.615 -6.195 -5.011 -4.474 -3.851 -6.466
0.003822 -7.878 -7.734 -7.626 -7.282 -6.961 -6.605 -7.472 -7.235 -6.957 -6.595 -6.223 -5.787 -7.244 -6.848 -6.39 -6.048 -5.723 -6.836 -6.432 -6.101 -5.892 -5.906 -6.447 -6.669 -6.25 -5.067 -4.53 -3.908 -6.52
0.003938 -7.924 -7.782 -7.675 -7.334 -7.014 -6.659 -7.521 -7.287 -7.01 -6.649 -6.278 -5.843 -7.296 -6.901 -6.445 -6.103 -5.778 -6.89 -6.486 -6.156 -5.946 -5.959 -6.501 -6.723 -6.305 -5.123 -4.587 -3.965 -6.574
0.004057 -7.969 -7.83 -7.724 -7.386 -7.067 -6.714 -7.57 -7.339 -7.064 -6.703 -6.333 -5.898 -7.348 -6.955 -6.5 -6.158 -5.834 -6.943 -6.54 -6.21 -6.001 -6.011 -6.556 -6.777 -6.36 -5.18 -4.644 -4.021 -6.629
0.00418 -8.014 -7.878 -7.772 -7.437 -7.12 -6.768 -7.619 -7.391 -7.116 -6.757 -6.387 -5.953 -7.4 -7.008 -6.554 -6.213 -5.889 -6.996 -6.594 -6.265 -6.055 -6.064 -6.61 -6.831 -6.414 -5.236 -4.7 -4.078 -6.682
0.004306 -8.059 -7.925 -7.821 -7.488 -7.173 -6.821 -7.667 -7.442 -7.169 -6.811 -6.442 -6.009 -7.452 -7.061 -6.608 -6.268 -5.945 -7.049 -6.648 -6.319 -6.109 -6.116 -6.664 -6.885 -6.469 -5.292 -4.756 -4.135 -6.736
0.004436 -8.103 -7.971 -7.869 -7.54 -7.226 -6.875 -7.716 -7.494 -7.222 -6.865 -6.496 -6.064 -7.503 -7.114 -6.662 -6.323 -6.0 -7.101 -6.702 -6.373 -6.163 -6.168 -6.718 -6.938 -6.523 -5.347 -4.813 -4.191 -6.79
0.00457 -8.147 -8.018 -7.916 -7.59 -7.278 -6.928 -7.763 -7.545 -7.274 -6.918 -6.55 -6.119 -7.554 -7.167 -6.716 -6.377 -6.055 -7.154 -6.755 -6.427 -6.216 -6.22 -6.771 -6.991 -6.577 -5.403 -4.869 -4.248 -6.843
0.004709 -8.19 -8.064 -7.964 -7.641 -7.33 -6.982 -7.811 -7.596 -7.326 -6.971 -6.604 -6.173 -7.605 -7.219 -6.77 -6.432 -6.11 -7.206 -6.808 -6.48 -6.27 -6.272 -6.825 -7.044 -6.631 -5.459 -4.924 -4.304 -6.896
0.004851 -8.233 -8.11 -8.011 -7.691 -7.382 -7.035 -7.858 -7.646 -7.378 -7.024 -6.658 -6.228 -7.656 -7.272 -6.824 -6.486 -6.164 -7.258 -6.861 -6.534 -6.323 -6.324 -6.878 -7.097 -6.685 -5.514 -4.98 -4.36 -6.949
0.004998 -8.276 -8.155 -8.058 -7.742 -7.434 -7.088 -7.905 -7.697 -7.43 -7.077 -6.712 -6.282 -7.706 -7.324 -6.877 -6.54 -6.219 -7.31 -6.914 -6.587 -6.377 -6.375 -6.931 -7.15 -6.739 -5.569 -5.036 -4.416 -7.002
0.005149 -8.319 -8.201 -8.104 -7.792 -7.485 -7.14 -7.952 -7.747 -7.481 -7.13 -6.766 -6.337 -7.756 -7.376 -6.93 -6.594 -6.273 -7.362 -6.967 -6.641 -6.43 -6.427 -6.984 -7.202 -6.792 -5.624 -5.092 -4.472 -7.054
0.005305 -8.361 -8.246 -8.151 -7.841 -7.537 -7.193 -7.999 -7.797 -7.533 -7.183 -6.819 -6.391 -7.806 -7.427 -6.983 -6.648 -6.328 -7.414 -7.02 -6.694 -6.483 -6.478 -7.037 -7.254 -6.846 -5.68 -5.147 -4.528 -7.107
0.005465 -8.403 -8.29 -8.197 -7.891 -7.588 -7.245 -8.045 -7.847 -7.584 -7.235 -6.872 -6.445 -7.856 -7.479 -7.036 -6.702 -6.382 -7.465 -7.072 -6.747 -6.536 -6.529 -7.089 -7.307 -6.899 -5.735 -5.202 -4.583 -7.159
0.00563 -8.444 -8.335 -8.243 -7.94 -7.639 -7.298 -8.091 -7.897 -7.635 -7.287 -6.926 -6.499 -7.906 -7.531 -7.089 -6.755 -6.436 -7.516 -7.125 -6.8 -6.588 -6.58 -7.142 -7.359 -6.952 -5.789 -5.258 -4.639 -7.211
0.005801 -8.485 -8.379 -8.288 -7.989 -7.69 -7.35 -8.137 -7.946 -7.686 -7.34 -6.979 -6.553 -7.955 -7.582 -7.142 -6.809 -6.49 -7.567 -7.177 -6.853 -6.641 -6.631 -7.194 -7.41 -7.005 -5.844 -5.313 -4.695 -7.263
0.005976 -8.526 -8.422 -8.333 -8.038 -7.74 -7.402 -8.182 -7.995 -7.737 -7.392 -7.032 -6.607 -8.004 -7.633 -7.195 -6.862 -6.544 -7.618 -7.229 -6.905 -6.694 -6.682 -7.246 -7.462 -7.058 -5.899 -5.368 -4.75 -7.315
0.006157 -8.567 -8.466 -8.378 -8.087 -7.791 -7.454 -8.228 -8.044 -7.787 -7.444 -7.084 -6.66 -8.053 -7.684 -7.247 -6.915 -6.598 -7.669 -7.281 -6.958 -6.746 -6.733 -7.298 -7.514 -7.111 -5.953 -5.423 -4.805 -7.367
0.006343 -8.607 -8.509 -8.423 -8.136 -7.841 -7.505 -8.273 -8.093 -7.838 -7.495 -7.137 -6.714 -8.102 -7.735 -7.299 -6.968 -6.651 -7.72 -7.333 -7.01 -6.798 -6.784 -7.35 -7.565 -7.163 -6.008 -5.478 -4.861 -7.419
0.006535 -8.647 -8.552 -8.467 -8.184 -7.891 -7.557 -8.318 -8.142 -7.888 -7.547 -7.19 -6.767 -8.151 -7.785 -7.352 -7.021 -6.705 -7.77 -7.385 -7.063 -6.851 -6.834 -7.402 -7.616 -7.216 -6.062 -5.533 -4.916 -7.47
0.006732 -8.686 -8.595 -8.512 -8.232 -7.942 -7.609 -8.362 -8.19 -7.938 -7.598 -7.242 -6.821 -8.199 -7.836 -7.404 -7.074 -6.758 -7.821 -7.436 -7.115 -6.903 -6.885 -7.454 -7.668 -7.268 -6.117 -5.588 -4.971 -7.522
0.006936 -8.726 -8.637 -8.556 -8.28 -7.991 -7.66 -8.406 -8.239 -7.988 -7.65 -7.294 -6.874 -8.248 -7.886 -7.456 -7.127 -6.812 -7.871 -7.488 -7.167 -6.955 -6.935 -7.505 -7.719 -7.32 -6.171 -5.642 -5.026 -7.573
0.007146 -8.765 -8.679 -8.599 -8.328 -8.041 -7.711 -8.451 -8.287 -8.037 -7.701 -7.347 -6.927 -8.296 -7.937 -7.507 -7.18 -6.865 -7.921 -7.539 -7.219 -7.007 -6.986 -7.557 -7.769 -7.373 -6.225 -5.697 -5.081 -7.624
0.007362 -8.803 -8.721 -8.643 -8.376 -8.091 -7.762 -8.494 -8.335 -8.087 -7.752 -7.399 -6.98 -8.344 -7.987 -7.559 -7.232 -6.918 -7.971 -7.591 -7.271 -7.059 -7.036 -7.608 -7.82 -7.425 -6.279 -5.751 -5.136 -7.675
0.007585 -8.842 -8.762 -8.686 -8.423 -8.14 -7.813 -8.538 -8.383 -8.137 -7.803 -7.451 -7.033 -8.391 -8.037 -7.611 -7.285 -6.971 -8.021 -7.642 -7.323 -7.111 -7.086 -7.659 -7.871 -7.477 -6.333 -5.806 -5.191 -7.726
0.007814 -8.88 -8.804 -8.729 -8.47 -8.19 -7.864 -8.582 -8.43 -8.186 -7.854 -7.503 -7.086 -8.439 -8.086 -7.662 -7.337 -7.024 -8.071 -7.693 -7.375 -7.162 -7.136 -7.71 -7.921 -7.528 -6.387 -5.86 -5.246 -7.776
0.00805 -8.918 -8.845 -8.772 -8.518 -8.239 -7.915 -8.625 -8.478 -8.235 -7.905 -7.554 -7.138 -8.486 -8.136 -7.714 -7.389 -7.077 -8.12 -7.744 -7.426 -7.214 -7.187 -7.761 -7.972 -7.58 -6.441 -5.914 -5.301 -7.827
0.008294 -8.955 -8.885 -8.814 -8.564 -8.288 -7.965 -8.668 -8.525 -8.284 -7.955 -7.606 -7.191 -8.534 -8.186 -7.765 -7.441 -7.13 -8.17 -7.795 -7.478 -7.266 -7.237 -7.812 -8.022 -7.632 -6.494 -5.969 -5.355 -7.877
0.008545 -8.992 -8.926 -8.857 -8.611 -8.337 -8.016 -8.711 -8.572 -8.333 -8.006 -7.658 -7.244 -8.581 -8.235 -7.816 -7.493 -7.183 -8.219 -7.845 -7.529 -7.317 -7.287 -7.863 -8.072 -7.683 -6.548 -6.023 -5.41 -7.928
0.008803 -9.029 -8.966 -8.899 -8.658 -8.385 -8.066 -8.753 -8.619 -8.382 -8.056 -7.709 -7.296 -8.628 -8.284 -7.867 -7.545 -7.235 -8.268 -7.896 -7.581 -7.368 -7.336 -7.914 -8.122 -7.735 -6.602 -6.077 -5.464 -7.978
0.009069 -9.066 -9.006 -8.94 -8.704 -8.434 -8.116 -8.795 -8.666 -8.43 -8.106 -7.76 -7.349 -8.674 -8.333 -7.918 -7.597 -7.288 -8.317 -7.946 -7.632 -7.42 -7.386 -7.964 -8.172 -7.786 -6.655 -6.131 -5.519 -8.028
0.009344 -9.102 -9.045 -8.982 -8.75 -8.482 -8.166 -8.838 -8.712 -8.479 -8.156 -7.812 -7.401 -8.721 -8.382 -7.969 -7.649 -7.34 -8.366 -7.997 -7.683 -7.471 -7.436 -8.014 -8.221 -7.837 -6.709 -6.185 -5.573 -8.078
0.009626 -9.138 -9.085 -9.023 -8.796 -8.531 -8.216 -8.879 -8.759 -8.527 -8.206 -7.863 -7.453 -8.767 -8.431 -8.02 -7.701 -7.393 -8.415 -8.047 -7.734 -7.522 -7.486 -8.065 -8.271 -7.888 -6.762 -6.239 -5.628 -8.128
0.009917 -9.174 -9.124 -9.064 -8.842 -8.579 -8.266 -8.921 -8.805 -8.575 -8.256 -7.914 -7.505 -8.813 -8.48 -8.07 -7.752 -7.445 -8.463 -8.097 -7.785 -7.573 -7.535 -8.115 -8.32 -7.939 -6.815 -6.293 -5.682 -8.177
0.010217 -9.21 -9.163 -9.105 -8.888 -8.627 -8.316 -8.963 -8.851 -8.623 -8.306 -7.965 -7.557 -8.859 -8.529 -8.121 -7.804 -7.497 -8.512 -8.148 -7.836 -7.624 -7.585 -8.165 -8.37 -7.99 -6.868 -6.347 -5.736 -8.227
0.010526 -9.245 -9.201 -9.146 -8.933 -8.675 -8.365 -9.004 -8.897 -8.671 -8.356 -8.016 -7.609 -8.905 -8.577 -8.171 -7.855 -7.549 -8.56 -8.198 -7.887 -7.675 -7.635 -8.215 -8.419 -8.041 -6.922 -6.4 -5.791 -8.277
0.010845 -9.279 -9.239 -9.186 -8.979 -8.722 -8.415 -9.045 -8.943 -8.719 -8.405 -8.067 -7.661 -8.951 -8.625 -8.221 -7.906 -7.601 -8.609 -8.247 -7.938 -7.726 -7.684 -8.265 -8.468 -8.092 -6.975 -6.454 -5.845 -8.326
0.011173 -9.314 -9.277 -9.226 -9.024 -8.77 -8.464 -9.086 -8.988 -8.766 -8.455 -8.117 -7.713 -8.996 -8.674 -8.272 -7.958 -7.653 -8.657 -8.297 -7.989 -7.777 -7.734 -8.314 -8.517 -8.142 -7.028 -6.508 -5.899 -8.375
0.011511 -9.348 -9.315 -9.266 -9.069 -8.817 -8.514 -9.126 -9.034 -8.814 -8.504 -8.168 -7.765 -9.042 -8.722 -8.322 -8.009 -7.705 -8.705 -8.347 -8.039 -7.828 -7.783 -8.364 -8.566 -8.193 -7.081 -6.561 -5.953 -8.424
0.011859 -9.382 -9.352 -9.305 -9.114 -8.865 -8.563 -9.167 -9.079 -8.861 -8.553 -8.218 -7.816 -9.087 -8.77 -8.372 -8.06 -7.757 -8.753 -8.397 -8.09 -7.878 -7.832 -8.413 -8.615 -8.243 -7.134 -6.615 -6.007 -8.473
0.012217 -9.416 -9.389 -9.345 -9.158 -8.912 -8.612 -9.207 -9.124 -8.908 -8.602 -8.269 -7.868 -9.132 -8.817 -8.422 -8.111 -7.809 -8.8 -8.446 -8.14 -7.929 -7.882 -8.463 -8.663 -8.293 -7.186 -6.668 -6.061 -8.522
0.012587 -9.449 -9.426 -9.384 -9.203 -8.959 -8.661 -9.247 -9.169 -8.955 -8.651 -8.319 -7.919 -9.177 -8.865 -8.471 -8.162 -7.86 -8.848 -8.496 -8.19 -7.98 -7.931 -8.512 -8.712 -8.343 -7.239 -6.722 -6.115 -8.571
0.012968 -9.482 -9.463 -9.423 -9.247 -9.006 -8.71 -9.287 -9.214 -9.002 -8.7 -8.369 -7.971 -9.221 -8.913 -8.521 -8.212 -7.912 -8.896 -8.545 -8.241 -8.03 -7.98 -8.561 -8.76 -8.394 -7.292 -6.775 -6.169 -8.62
0.01336 -9.515 -9.499 -9.461 -9.291 -9.052 -8.758 -9.326 -9.258 -9.049 -8.749 -8.419 -8.022 -9.266 -8.96 -8.571 -8.263 -7.963 -8.943 -8.594 -8.291 -8.08 -8.03 -8.61 -8.808 -8.444 -7.345 -6.828 -6.222 -8.668
0.013764 -9.547 -9.535 -9.5 -9.335 -9.099 -8.807 -9.365 -9.303 -9.095 -8.797 -8.469 -8.073 -9.31 -9.007 -8.62 -8.314 -8.015 -8.99 -8.643 -8.341 -8.131 -8.079 -8.659 -8.857 -8.493 -7.397 -6.882 -6.276 -8.717
0.01418 -9.58 -9.571 -9.538 -9.379 -9.145 -8.855 -9.405 -9.347 -9.142 -8.846 -8.519 -8.124 -9.354 -9.054 -8.669 -8.364 -8.066 -9.037 -8.692 -8.391 -8.181 -8.128 -8.708 -8.905 -8.543 -7.45 -6.935 -6.33 -8.765
0.014609 -9.611 -9.606 -9.576 -9.422 -9.192 -8.904 -9.443 -9.391 -9.188 -8.894 -8.569 -8.175 -9.398 -9.101 -8.719 -8.415 -8.117 -9.084 -8.741 -8.441 -8.231 -8.177 -8.757 -8.952 -8.593 -7.502 -6.988 -6.384 -8.813
0.015051 -9.643 -9.641 -9.613 -9.466 -9.238 -8.952 -9.482 -9.435 -9.234 -8.943 -8.619 -8.226 -9.442 -9.148 -8.768 -8.465 -8.169 -9.131 -8.79 -8.491 -8.281 -8.226 -8.805 -9.0 -8.643 -7.555 -7.041 -6.437 -8.862
0.015506 -9.674 -9.676 -9.651 -9.509 -9.284 -9.0 -9.521 -9.478 -9.28 -8.991 -8.668 -8.277 -9.486 -9.195 -8.817 -8.515 -8.22 -9.178 -8.839 -8.541 -8.332 -8.275 -8.854 -9.048 -8.692 -7.607 -7.094 -6.491 -8.91
0.015975 -9.705 -9.711 -9.688 -9.552 -9.33 -9.048 -9.559 -9.522 -9.326 -9.039 -8.718 -8.328 -9.529 -9.241 -8.866 -8.565 -8.271 -9.225 -8.887 -8.59 -8.382 -8.324 -8.902 -9.095 -8.742 -7.659 -7.147 -6.545 -8.957
0.016458 -9.735 -9.745 -9.725 -9.595 -9.375 -9.096 -9.597 -9.565 -9.372 -9.087 -8.767 -8.379 -9.572 -9.288 -8.915 -8.615 -8.322 -9.271 -8.936 -8.64 -8.432 -8.373 -8.951 -9.143 -8.791 -7.712 -7.2 -6.598 -9.005
0.016956 -9.766 -9.779 -9.761 -9.637 -9.421 -9.144 -9.635 -9.608 -9.417 -9.134 -8.817 -8.43 -9.615 -9.334 -8.964 -8.665 -8.373 -9.318 -8.984 -8.69 -8.481 -8.422 -8.999 -9.19 -8.84 -7.764 -7.253 -6.652 -9.053
0.017469 -9.795 -9.812 -9.798 -9.68 -9.466 -9.192 -9.672 -9.651 -9.463 -9.182 -8.866 -8.48 -9.658 -9.38 -9.012 -8.715 -8.423 -9.364 -9.033 -8.739 -8.531 -8.47 -9.047 -9.237 -8.889 -7.816 -7.306 -6.705 -9.1
0.017997 -9.825 -9.846 -9.834 -9.722 -9.512 -9.239 -9.71 -9.694 -9.508 -9.23 -8.915 -8.531 -9.701 -9.426 -9.061 -8.765 -8.474 -9.41 -9.081 -8.788 -8.581 -8.519 -9.095 -9.284 -8.938 -7.868 -7.358 -6.758 -9.148
0.018541 -9.854 -9.879 -9.869 -9.764 -9.557 -9.287 -9.747 -9.737 -9.553 -9.277 -8.964 -8.581 -9.744 -9.472 -9.109 -8.815 -8.525 -9.456 -9.129 -8.838 -8.631 -8.568 -9.143 -9.331 -8.987 -7.92 -7.411 -6.812 -9.195
0.019102 -9.883 -9.911 -9.905 -9.806 -9.602 -9.334 -9.784 -9.779 -9.598 -9.325 -9.013 -8.632 -9.786 -9.518 -9.158 -8.865 -8.575 -9.502 -9.177 -8.887 -8.68 -8.617 -9.19 -9.378 -9.036 -7.972 -7.464 -6.865 -9.242
0.01968 -9.912 -9.944 -9.94 -9.847 -9.647 -9.381 -9.82 -9.821 -9.643 -9.372 -9.062 -8.682 -9.828 -9.564 -9.206 -8.914 -8.626 -9.547 -9.225 -8.936 -8.73 -8.665 -9.238 -9.425 -9.085 -8.024 -7.517 -6.918 -9.289
0.020275 -9.94 -9.976 -9.975 -9.889 -9.691 -9.428 -9.857 -9.863 -9.688 -9.419 -9.111 -8.732 -9.87 -9.609 -9.254 -8.964 -8.676 -9.593 -9.273 -8.985 -8.779 -8.714 -9.286 -9.471 -9.134 -8.076 -7.569 -6.972 -9.336
0.020888 -9.968 -10.008 -10.01 -9.93 -9.736 -9.475 -9.893 -9.905 -9.732 -9.466 -9.159 -8.782 -9.912 -9.655 -9.302 -9.013 -8.727 -9.639 -9.321 -9.034 -8.829 -8.762 -9.333 -9.518 -9.182 -8.127 -7.622 -7.025 -9.383
0.02152 -9.995 -10.039 -10.044 -9.971 -9.78 -9.522 -9.929 -9.947 -9.777 -9.513 -9.208 -8.832 -9.953 -9.7 -9.35 -9.062 -8.777 -9.684 -9.368 -9.083 -8.878 -8.811 -9.38 -9.564 -9.231 -8.179 -7.674 -7.078 -9.43
0.022171 -10.023 -10.07 -10.078 -10.012 -9.824 -9.569 -9.965 -9.988 -9.821 -9.559 -9.256 -8.882 -9.995 -9.745 -9.398 -9.112 -8.827 -9.729 -9.416 -9.132 -8.928 -8.859 -9.427 -9.61 -9.279 -8.231 -7.727 -7.131 -9.477
0.022841 -10.049 -10.101 -10.112 -10.053 -9.868 -9.615 -10.001 -10.029 -9.865 -9.606 -9.305 -8.932 -10.036 -9.79 -9.445 -9.161 -8.877 -9.774 -9.463 -9.181 -8.977 -8.908 -9.474 -9.656 -9.327 -8.282 -7.779 -7.184 -9.523
0.023532 -10.076 -10.131 -10.146 -10.093 -9.912 -9.662 -10.036 -10.07 -9.909 -9.653 -9.353 -8.982 -10.077 -9.835 -9.493 -9.21 -8.927 -9.819 -9.51 -9.229 -9.026 -8.956 -9.521 -9.702 -9.375 -8.334 -7.831 -7.237 -9.57
0.024244 -10.102 -10.161 -10.179 -10.134 -9.956 -9.708 -10.071 -10.111 -9.952 -9.699 -9.401 -9.032 -10.118 -9.879 -9.54 -9.259 -8.977 -9.864 -9.558 -9.278 -9.075 -9.005 -9.568 -9.748 -9.423 -8.385 -7.884 -7.29 -9.616
0.024977 -10.128 -10.191 -10.212 -10.174 -10.0 -9.754 -10.106 -10.152 -9.996 -9.745 -9.449 -9.082 -10.158 -9.924 -9.588 -9.307 -9.027 -9.908 -9.605 -9.326 -9.124 -9.053 -9.615 -9.794 -9.471 -8.437 -7.936 -7.343 -9.662
0.025733 -10.153 -10.22 -10.245 -10.213 -10.043 -9.8 -10.141 -10.192 -10.039 -9.791 -9.497 -9.131 -10.198 -9.968 -9.635 -9.356 -9.077 -9.953 -9.652 -9.375 -9.173 -9.101 -9.662 -9.839 -9.519 -8.488 -7.988 -7.396 -9.708
0.026511 -10.178 -10.249 -10.277 -10.253 -10.086 -9.846 -10.175 -10.233 -10.083 -9.837 -9.545 -9.181 -10.239 -10.012 -9.682 -9.405 -9.127 -9.997 -9.699 -9.423 -9.222 -9.149 -9.708 -9.884 -9.567 -8.54 -8.04 -7.449 -9.754
0.027313 -10.203 -10.278 -10.31 -10.292 -10.129 -9.892 -10.21 -10.273 -10.126 -9.883 -9.593 -9.23 -10.279 -10.056 -9.729 -9.453 -9.177 -10.042 -9.745 -9.471 -9.271 -9.197 -9.754 -9.93 -9.614 -8.591 -8.093 -7.502 -9.8
0.028139 -10.227 -10.307 -10.341 -10.332 -10.172 -9.938 -10.244 -10.313 -10.169 -9.929 -9.64 -9.279 -10.318 -10.1 -9.776 -9.502 -9.226 -10.086 -9.792 -9.52 -9.32 -9.246 -9.801 -9.975 -9.662 -8.642 -8.145 -7.554 -9.845
0.02899 -10.251 -10.335 -10.373 -10.371 -10.215 -9.983 -10.277 -10.352 -10.212 -9.975 -9.688 -9.329 -10.358 -10.144 -9.823 -9.55 -9.276 -10.129 -9.839 -9.568 -9.368 -9.294 -9.847 -10.02 -9.709 -8.693 -8.197 -7.607 -9.891
0.029867 -10.275 -10.362 -10.404 -10.409 -10.258 -10.029 -10.311 -10.392 -10.254 -10.02 -9.735 -9.378 -10.397 -10.187 -9.87 -9.599 -9.325 -10.173 -9.885 -9.616 -9.417 -9.342 -9.893 -10.065 -9.757 -8.744 -8.249 -7.66 -9.936
0.03077 -10.298 -10.389 -10.435 -10.448 -10.3 -10.074 -10.344 -10.431 -10.297 -10.065 -9.783 -9.427 -10.436 -10.231 -9.916 -9.647 -9.374 -10.217 -9.932 -9.664 -9.465 -9.39 -9.939 -10.109 -9.804 -8.795 -8.301 -7.713 -9.981
0.031701 -10.321 -10.416 -10.466 -10.486 -10.342 -10.119 -10.377 -10.47 -10.339 -10.111 -9.83 -9.476 -10.475 -10.274 -9.963 -9.695 -9.424 -10.26 -9.978 -9.711 -9.514 -9.438 -9.984 -10.154 -9.851 -8.846 -8.352 -7.765 -10.026
0.032659 -10.343 -10.443 -10.496 -10.524 -10.384 -10.164 -10.41 -10.509 -10.381 -10.156 -9.877 -9.525 -10.514 -10.317 -10.009 -9.743 -9.473 -10.304 -10.024 -9.759 -9.562 -9.485 -10.03 -10.198 -9.898 -8.897 -8.404 -7.818 -10.071
0.033647 -10.365 -10.469 -10.526 -10.562 -10.426 -10.209 -10.443 -10.547 -10.423 -10.201 -9.924 -9.574 -10.552 -10.36 -10.055 -9.791 -9.522 -10.347 -10.07 -9.807 -9.611 -9.533 -10.076 -10.243 -9.945 -8.948 -8.456 -7.87 -10.116
0.034665 -10.387 -10.495 -10.556 -10.6 -10.468 -10.254 -10.475 -10.585 -10.464 -10.245 -9.971 -9.622 -10.591 -10.403 -10.101 -9.839 -9.571 -10.39 -10.116 -9.854 -9.659 -9.581 -10.121 -10.287 -9.992 -8.999 -8.508 -7.923 -10.161
0.035713 -10.408 -10.52 -10.585 -10.637 -10.509 -10.298 -10.507 -10.624 -10.506 -10.29 -10.018 -9.671 -10.629 -10.445 -10.147 -9.886 -9.62 -10.433 -10.161 -9.902 -9.707 -9.629 -10.166 -10.331 -10.038 -9.049 -8.559 -7.975 -10.206
0.036793 -10.429 -10.545 -10.614 -10.674 -10.551 -10.343 -10.539 -10.661 -10.547 -10.335 -10.064 -9.72 -10.666 -10.488 -10.193 -9.934 -9.669 -10.475 -10.207 -9.949 -9.755 -9.676 -10.211 -10.374 -10.085 -9.1 -8.611 -8.028 -10.25
0.037906 -10.449 -10.57 -10.643 -10.711 -10.592 -10.387 -10.571 -10.699 -10.588 -10.379 -10.111 -9.768 -10.704 -10.53 -10.239 -9.981 -9.718 -10.518 -10.253 -9.996 -9.803 -9.724 -10.256 -10.418 -10.131 -9.151 -8.663 -8.08 -10.294
0.039052 -10.469 -10.594 -10.671 -10.748 -10.633 -10.431 -10.602 -10.736 -10.629 -10.423 -10.157 -9.817 -10.741 -10.572 -10.284 -10.029 -9.766 -10.56 -10.298 -10.043 -9.851 -9.772 -10.301 -10.462 -10.178 -9.201 -8.714 -8.133 -10.338
0.040234 -10.488 -10.618 -10.699 -10.784 -10.673 -10.475 -10.633 -10.774 -10.67 -10.467 -10.204 -9.865 -10.778 -10.614 -10.33 -10.076 -9.815 -10.602 -10.343 -10.09 -9.899 -9.819 -10.346 -10.505 -10.224 -9.252 -8.766 -8.185 -10.382
0.04145 -10.507 -10.641 -10.726 -10.82 -10.714 -10.519 -10.664 -10.811 -10.711 -10.511 -10.25 -9.913 -10.815 -10.656 -10.375 -10.123 -9.863 -10.644 -10.388 -10.137 -9.947 -9.866 -10.39 -10.548 -10.27 -9.302 -8.817 -8.237 -10.426
0.042704 -10.526 -10.664 -10.754 -10.856 -10.754 -10.563 -10.695 -10.847 -10.751 -10.555 -10.296 -9.961 -10.851 -10.697 -10.42 -10.17 -9.912 -10.686 -10.433 -10.184 -9.994 -9.914 -10.435 -10.591 -10.316 -9.352 -8.868 -8.289 -10.47
0.043996 -10.544 -10.687 -10.781 -10.892 -10.795 -10.607 -10.725 -10.884 -10.791 -10.598 -10.342 -10.009 -10.888 -10.738 -10.465 -10.217 -9.96 -10.728 -10.478 -10.231 -10.042 -9.961 -10.479 -10.634 -10.362 -9.403 -8.92 -8.342 -10.514
0.045326 -10.562 -10.709 -10.807 -10.927 -10.835 -10.65 -10.755 -10.92 -10.831 -10.642 -10.388 -10.057 -10.924 -10.78 -10.51 -10.264 -10.008 -10.769 -10.523 -10.277 -10.089 -10.008 -10.523 -10.677 -10.407 -9.453 -8.971 -8.394 -10.557
0.046697 -10.579 -10.73 -10.833 -10.962 -10.874 -10.693 -10.785 -10.956 -10.871 -10.685 -10.433 -10.105 -10.959 -10.821 -10.555 -10.311 -10.056 -10.811 -10.568 -10.324 -10.137 -10.056 -10.567 -10.719 -10.453 -9.503 -9.022 -8.446 -10.6
0.048109 -10.596 -10.752 -10.859 -10.997 -10.914 -10.736 -10.815 -10.991 -10.911 -10.728 -10.479 -10.153 -10.995 -10.861 -10.6 -10.357 -10.105 -10.852 -10.612 -10.37 -10.184 -10.103 -10.611 -10.762 -10.498 -9.553 -9.073 -8.498 -10.644
0.049564 -10.613 -10.772 -10.885 -11.032 -10.953 -10.779 -10.844 -11.027 -10.95 -10.771 -10.524 -10.2 -11.03 -10.902 -10.644 -10.404 -10.152 -10.893 -10.656 -10.417 -10.231 -10.15 -10.655 -10.804 -10.544 -9.603 -9.125 -8.55 -10.687
0.051063 -10.629 -10.793 -10.91 -11.066 -10.992 -10.822 -10.873 -11.062 -10.989 -10.814 -10.57 -10.248 -11.065 -10.942 -10.689 -10.45 -10.2 -10.934 -10.701 -10.463 -10.278 -10.197 -10.698 -10.846 -10.589 -9.653 -9.176 -8.602 -10.729
0.052608 -10.644 -10.813 -10.935 -11.1 -11.031 -10.865 -10.902 -11.097 -11.028 -10.857 -10.615 -10.295 -11.1 -10.982 -10.733 -10.497 -10.248 -10.974 -10.745 -10.509 -10.326 -10.244 -10.742 -10.888 -10.634 -9.703 -9.227 -8.654 -10.772
0.054199 -10.659 -10.832 -10.959 -11.134 -11.07 -10.907 -10.931 -11.131 -11.067 -10.899 -10.66 -10.343 -11.134 -11.022 -10.777 -10.543 -10.296 -11.014 -10.789 -10.555 -10.373 -10.29 -10.785 -10.929 -10.679 -9.753 -9.278 -8.706 -10.815
0.055838 -10.673 -10.851 -10.983 -11.167 -11.108 -10.949 -10.959 -11.165 -11.105 -10.942 -10.705 -10.39 -11.168 -11.062 -10.821 -10.589 -10.343 -11.055 -10.832 -10.601 -10.419 -10.337 -10.828 -10.971 -10.723 -9.802 -9.328 -8.758 -10.857
0.057527 -10.687 -10.869 -11.006 -11.2 -11.147 -10.991 -10.987 -11.199 -11.144 -10.984 -10.75 -10.437 -11.202 -11.102 -10.865 -10.635 -10.391 -11.095 -10.876 -10.646 -10.466 -10.384 -10.871 -11.012 -10.768 -9.852 -9.379 -8.809 -10.899
0.059267 -10.701 -10.887 -11.029 -11.233 -11.185 -11.033 -11.015 -11.233 -11.182 -11.026 -10.794 -10.484 -11.236 -11.141 -10.908 -10.68 -10.438 -11.134 -10.919 -10.692 -10.513 -10.431 -10.914 -11.053 -10.813 -9.902 -9.43 -8.861 -10.941
0.061059 -10.714 -10.905 -11.052 -11.265 -11.222 -11.075 -11.042 -11.267 -11.219 -11.067 -10.839 -10.531 -11.269 -11.18 -10.952 -10.726 -10.485 -11.174 -10.963 -10.737 -10.559 -10.477 -10.956 -11.094 -10.857 -9.951 -9.481 -8.913 -10.983
0.062906 -10.726 -10.922 -11.074 -11.297 -11.26 -11.116 -11.07 -11.3 -11.257 -11.109 -10.883 -10.578 -11.302 -11.219 -10.995 -10.772 -10.532 -11.213 -11.006 -10.783 -10.606 -10.524 -10.999 -11.135 -10.901 -10.001 -9.531 -8.964 -11.025
0.064808 -10.738 -10.938 -11.096 -11.329 -11.297 -11.158 -11.097 -11.332 -11.294 -11.15 -10.928 -10.624 -11.335 -11.258 -11.038 -10.817 -10.579 -11.252 -11.049 -10.828 -10.652 -10.57 -11.041 -11.175 -10.945 -10.05 -9.582 -9.016 -11.066
0.066769 -10.75 -10.954 -11.118 -11.361 -11.334 -11.199 -11.123 -11.365 -11.331 -11.192 -10.972 -10.671 -11.367 -11.296 -11.081 -10.862 -10.626 -11.291 -11.092 -10.873 -10.698 -10.616 -11.083 -11.216 -10.989 -10.099 -9.632 -9.068 -11.107
0.068788 -10.761 -10.97 -11.139 -11.392 -11.371 -11.24 -11.15 -11.397 -11.368 -11.233 -11.016 -10.717 -11.399 -11.335 -11.124 -10.907 -10.673 -11.33 -11.134 -10.918 -10.745 -10.662 -11.125 -11.256 -11.033 -10.148 -9.683 -9.119 -11.149
0.070868 -10.771 -10.984 -11.159 -11.423 -11.407 -11.281 -11.176 -11.429 -11.405 -11.273 -11.059 -10.764 -11.431 -11.372 -11.167 -10.952 -10.72 -11.369 -11.177 -10.963 -10.791 -10.709 -11.167 -11.296 -11.076 -10.197 -9.733 -9.171 -11.189
0.073012 -10.781 -10.999 -11.18 -11.453 -11.444 -11.321 -11.201 -11.46 -11.441 -11.314 -11.103 -10.81 -11.462 -11.41 -11.209 -10.997 -10.766 -11.407 -11.219 -11.007 -10.837 -10.755 -11.209 -11.336 -11.12 -10.246 -9.784 -9.222 -11.23
0.07522 -10.79 -11.013 -11.199 -11.484 -11.48 -11.361 -11.227 -11.492 -11.477 -11.355 -11.146 -10.856 -11.493 -11.448 -11.251 -11.042 -10.813 -11.445 -11.261 -11.052 -10.882 -10.801 -11.25 -11.375 -11.163 -10.295 -9.834 -9.273 -11.271
0.077495 -10.799 -11.026 -11.218 -11.513 -11.515 -11.402 -11.252 -11.523 -11.513 -11.395 -11.19 -10.902 -11.524 -11.485 -11.293 -11.087 -10.859 -11.483 -11.303 -11.096 -10.928 -10.846 -11.291 -11.414 -11.206 -10.344 -9.884 -9.325 -11.311
0.079839 -10.807 -11.039 -11.237 -11.543 -11.551 -11.441 -11.277 -11.553 -11.548 -11.435 -11.233 -10.948 -11.554 -11.522 -11.335 -11.131 -10.905 -11.52 -11.345 -11.141 -10.974 -10.892 -11.332 -11.453 -11.249 -10.393 -9.934 -9.376 -11.351
0.082253 -10.815 -11.051 -11.255 -11.572 -11.586 -11.481 -11.301 -11.583 -11.583 -11.474 -11.276 -10.993 -11.584 -11.559 -11.377 -11.175 -10.951 -11.557 -11.387 -11.185 -11.019 -10.938 -11.373 -11.492 -11.292 -10.441 -9.984 -9.427 -11.391
0.084741 -10.822 -11.062 -11.273 -11.601 -11.621 -11.521 -11.326 -11.613 -11.618 -11.514 -11.318 -11.039 -11.613 -11.595 -11.418 -11.219 -10.997 -11.595 -11.428 -11.229 -11.064 -10.983 -11.414 -11.531 -11.334 -10.49 -10.034 -9.478 -11.431
0.087304 -10.828 -11.073 -11.29 -11.629 -11.655 -11.56 -11.35 -11.642 -11.653 -11.553 -11.361 -11.084 -11.643 -11.631 -11.46 -11.263 -11.043 -11.631 -11.469 -11.273 -11.109 -11.029 -11.454 -11.569 -11.377 -10.539 -10.084 -9.529 -11.471
0.089944 -10.834 -11.083 -11.307 -11.657 -11.69 -11.599 -11.373 -11.671 -11.687 -11.592 -11.403 -11.13 -11.672 -11.667 -11.501 -11.307 -11.089 -11.668 -11.51 -11.316 -11.154 -11.074 -11.494 -11.607 -11.419 -10.587 -10.134 -9.58 -11.51
0.092665 -10.839 -11.093 -11.323 -11.685 -11.724 -11.638 -11.397 -11.7 -11.721 -11.631 -11.446 -11.175 -11.7 -11.703 -11.542 -11.351 -11.134 -11.704 -11.551 -11.36 -11.199 -11.119 -11.534 -11.645 -11.461 -10.635 -10.184 -9.631 -11.549
0.095467 -10.843 -11.102 -11.339 -11.712 -11.757 -11.676 -11.42 -11.728 -11.755 -11.67 -11.488 -11.22 -11.728 -11.738 -11.583 -11.394 -11.18 -11.74 -11.592 -11.403 -11.244 -11.164 -11.574 -11.683 -11.503 -10.683 -10.233 -9.682 -11.588
0.098355 -10.847 -11.11 -11.354 -11.738 -11.79 -11.714 -11.442 -11.756 -11.788 -11.708 -11.53 -11.265 -11.756 -11.773 -11.623 -11.437 -11.225 -11.776 -11.632 -11.446 -11.289 -11.209 -11.614 -11.72 -11.544 -10.731 -10.283 -9.733 -11.627
0.101329 -10.85 -11.118 -11.369 -11.765 -11.823 -11.752 -11.464 -11.784 -11.821 -11.746 -11.571 -11.309 -11.783 -11.808 -11.663 -11.48 -11.27 -11.811 -11.672 -11.489 -11.333 -11.254 -11.653 -11.757 -11.586 -10.779 -10.332 -9.783 -11.665
0.104394 -10.853 -11.125 -11.383 -11.791 -11.856 -11.79 -11.486 -11.811 -11.854 -11.784 -11.613 -11.354 -11.81 -11.843 -11.703 -11.523 -11.315 -11.846 -11.712 -11.532 -11.378 -11.299 -11.692 -11.794 -11.627 -10.827 -10.382 -9.834 -11.703
0.107551 -10.855 -11.131 -11.396 -11.816 -11.888 -11.828 -11.508 -11.837 -11.886 -11.822 -11.654 -11.398 -11.836 -11.877 -11.743 -11.566 -11.36 -11.881 -11.752 -11.574 -11.422 -11.344 -11.731 -11.831 -11.668 -10.875 -10.431 -9.885 -11.741
0.110804 -10.856 -11.137 -11.409 -11.841 -11.92 -11.865 -11.529 -11.864 -11.918 -11.859 -11.695 -11.442 -11.862 -11.911 -11.783 -11.608 -11.404 -11.916 -11.791 -11.617 -11.466 -11.388 -11.77 -11.867 -11.709 -10.922 -10.48 -9.935 -11.779
0.114155 -10.856 -11.142 -11.422 -11.866 -11.952 -11.902 -11.55 -11.889 -11.95 -11.896 -11.736 -11.486 -11.888 -11.944 -11.822 -11.651 -11.449 -11.95 -11.831 -11.659 -11.51 -11.433 -11.808 -11.903 -11.749 -10.97 -10.529 -9.986 -11.817
0.117608 -10.856 -11.146 -11.433 -11.89 -11.983 -11.938 -11.571 -11.915 -11.981 -11.933 -11.776 -11.53 -11.913 -11.977 -11.861 -11.693 -11.493 -11.984 -11.87 -11.701 -11.553 -11.477 -11.846 -11.939 -11.79 -11.017 -10.578 -10.036 -11.854
0.121165 -10.855 -11.149 -11.444 -11.913 -12.014 -11.975 -11.591 -11.94 -12.012 -11.969 -11.817 -11.574 -11.937 -12.01 -11.9 -11.735 -11.537 -12.017 -11.908 -11.743 -11.597 -11.521 -11.884 -11.974 -11.83 -11.065 -10.627 -10.086 -11.891
0.124829 -10.853 -11.152 -11.455 -11.936 -12.045 -12.011 -11.61 -11.964 -12.043 -12.006 -11.857 -11.617 -11.961 -12.043 -11.938 -11.776 -11.581 -12.05 -11.947 -11.785 -11.64 -11.565 -11.922 -12.009 -11.87 -11.112 -10.676 -10.137 -11.928
0.128605 -10.851 -11.154 -11.465 -11.959 -12.075 -12.047 -11.63 -11.988 -12.073 -12.041 -11.897 -11.661 -11.985 -12.075 -11.977 -11.818 -11.625 -12.083 -11.985 -11.826 -11.683 -11.609 -11.959 -12.044 -11.909 -11.159 -10.725 -10.187 -11.964
0.132494 -10.847 -11.155 -11.474 -11.981 -12.104 -12.082 -11.649 -12.011 -12.103 -12.077 -11.936 -11.704 -12.008 -12.106 -12.015 -11.859 -11.669 -12.116 -12.023 -11.867 -11.726 -11.652 -11.996 -12.078 -11.949 -11.206 -10.773 -10.237 -12.0
0.136502 -10.843 -11.155 -11.482 -12.002 -12.134 -12.117 -11.667 -12.034 -12.132 -12.112 -11.976 -11.747 -12.031 -12.138 -12.052 -11.9 -11.712 -12.148 -12.061 -11.908 -11.769 -11.696 -12.033 -12.112 -11.988 -11.252 -10.822 -10.287 -12.036
0.14063 -10.838 -11.154 -11.49 -12.023 -12.162 -12.152 -11.685 -12.056 -12.161 -12.147 -12.015 -11.789 -12.053 -12.169 -12.09 -11.941 -11.755 -12.18 -12.098 -11.949 -11.812 -11.739 -12.069 -12.146 -12.026 -11.299 -10.87 -10.336 -12.072
0.144883 -10.833 -11.153 -11.497 -12.044 -12.191 -12.186 -11.703 -12.078 -12.189 -12.182 -12.053 -11.832 -12.074 -12.199 -12.127 -11.982 -11.798 -12.211 -12.135 -11.989 -11.854 -11.782 -12.105 -12.179 -12.065 -11.345 -10.919 -10.386 -12.107
0.149265 -10.826 -11.15 -11.503 -12.063 -12.219 -12.22 -11.72 -12.099 -12.217 -12.216 -12.092 -11.874 -12.095 -12.229 -12.164 -12.022 -11.841 -12.242 -12.172 -12.03 -11.896 -11.825 -12.141 -12.212 -12.103 -11.392 -10.967 -10.436 -12.142
0.15378 -10.818 -11.147 -11.509 -12.082 -12.246 -12.254 -11.737 -12.12 -12.245 -12.25 -12.13 -11.916 -12.115 -12.259 -12.2 -12.062 -11.883 -12.272 -12.208 -12.07 -11.938 -11.868 -12.177 -12.245 -12.141 -11.438 -11.015 -10.485 -12.176
0.15843 -10.81 -11.143 -11.514 -12.101 -12.273 -12.287 -11.753 -12.14 -12.272 -12.283 -12.168 -11.958 -12.135 -12.288 -12.237 -12.102 -11.926 -12.302 -12.244 -12.109 -11.98 -11.91 -12.212 -12.277 -12.179 -11.484 -11.063 -10.535 -12.21
0.163222 -10.801 -11.138 -11.518 -12.119 -12.3 -12.32 -11.769 -12.159 -12.298 -12.316 -12.206 -11.999 -12.154 -12.317 -12.272 -12.141 -11.968 -12.332 -12.28 -12.149 -12.021 -11.952 -12.247 -12.309 -12.216 -11.529 -11.11 -10.584 -12.244
0.168159 -10.79 -11.131 -11.521 -12.136 -12.326 -12.353 -11.784 -12.178 -12.324 -12.349 -12.243 -12.041 -12.172 -12.345 -12.308 -12.18 -12.01 -12.361 -12.316 -12.188 -12.063 -11.995 -12.281 -12.341 -12.253 -11.575 -11.158 -10.634 -12.278
0.173245 -10.779 -11.124 -11.523 -12.153 -12.351 -12.385 -11.799 -12.196 -12.35 -12.381 -12.28 -12.082 -12.19 -12.373 -12.343 -12.219 -12.051 -12.39 -12.351 -12.227 -12.104 -12.037 -12.315 -12.372 -12.29 -11.62 -11.205 -10.683 -12.311
0.178484 -10.767 -11.116 -11.524 -12.169 -12.376 -12.417 -11.813 -12.214 -12.375 -12.413 -12.317 -12.123 -12.207 -12.401 -12.378 -12.258 -12.093 -12.418 -12.386 -12.265 -12.144 -12.078 -12.349 -12.402 -12.326 -11.666 -11.253 -10.732 -12.344
0.183882 -10.754 -11.106 -11.525 -12.184 -12.4 -12.448 -11.827 -12.231 -12.399 -12.444 -12.353 -12.163 -12.224 -12.427 -12.412 -12.296 -12.134 -12.446 -12.42 -12.304 -12.185 -12.12 -12.383 -12.432 -12.363 -11.711 -11.3 -10.78 -12.376
0.189444 -10.739 -11.095 -11.524 -12.198 -12.424 -12.479 -11.84 -12.247 -12.423 -12.475 -12.389 -12.203 -12.239 -12.454 -12.446 -12.334 -12.175 -12.473 -12.454 -12.342 -12.225 -12.161 -12.416 -12.462 -12.398 -11.756 -11.347 -10.829 -12.408
0.195173 -10.724 -11.084 -11.523 -12.212 -12.447 -12.509 -11.852 -12.262 -12.446 -12.506 -12.425 -12.243 -12.254 -12.479 -12.48 -12.372 -12.215 -12.5 -12.487 -12.379 -12.265 -12.202 -12.448 -12.491 -12.433 -11.8 -11.394 -10.878 -12.44
0.201076 -10.708 -11.071 -11.521 -12.225 -12.469 -12.539 -11.864 -12.277 -12.469 -12.536 -12.46 -12.283 -12.268 -12.504 -12.513 -12.409 -12.255 -12.526 -12.52 -12.416 -12.304 -12.243 -12.48 -12.52 -12.468 -11.845 -11.44 -10.926 -12.471
0.207158 -10.69 -11.056 -11.517 -12.237 -12.491 -12.568 -11.876 -12.29 -12.491 -12.565 -12.495 -12.322 -12.282 -12.529 -12.545 -12.446 -12.295 -12.552 -12.553 -12.453 -12.344 -12.283 -12.512 -12.548 -12.503 -11.889 -11.487 -10.975 -12.502
0.213423 -10.671 -11.041 -11.513 -12.248 -12.512 -12.597 -11.887 -12.303 -12.512 -12.594 -12.529 -12.361 -12.294 -12.553 -12.578 -12.482 -12.335 -12.577 -12.585 -12.49 -12.383 -12.323 -12.543 -12.575 -12.537 -11.933 -11.533 -11.023 -12.532
0.219878 -10.651 -11.024 -11.507 -12.258 -12.533 -12.625 -11.897 -12.315 -12.533 -12.622 -12.563 -12.4 -12.306 -12.576 -12.609 -12.518 -12.374 -12.601 -12.617 -12.526 -12.421 -12.363 -12.574 -12.602 -12.57 -11.977 -11.579 -11.071 -12.562
0.226528 -10.63 -11.006 -11.501 -12.268 -12.553 -12.652 -11.906 -12.326 -12.553 -12.65 -12.597 -12.438 -12.316 -12.599 -12.64 -12.554 -12.413 -12.625 -12.648 -12.562 -12.46 -12.402 -12.604 -12.629 -12.604 -12.02 -11.625 -11.119 -12.591
0.233379 -10.607 -10.986 -11.493 -12.276 -12.572 -12.679 -11.915 -12.337 -12.572 -12.677 -12.63 -12.476 -12.326 -12.621 -12.671 -12.589 -12.452 -12.648 -12.679 -12.597 -12.497 -12.442 -12.634 -12.655 -12.636 -12.063 -11.671 -11.166 -12.62
0.240437 -10.583 -10.965 -11.484 -12.283 -12.59 -12.706 -11.923 -12.346 -12.59 -12.704 -12.662 -12.513 -12.335 -12.642 -12.701 -12.624 -12.49 -12.67 -12.709 -12.632 -12.535 -12.481 -12.663 -12.68 -12.668 -12.106 -11.716 -11.214 -12.648
0.247709 -10.558 -10.942 -11.473 -12.29 -12.607 -12.732 -11.93 -12.354 -12.608 -12.73 -12.694 -12.551 -12.343 -12.662 -12.731 -12.659 -12.528 -12.692 -12.739 -12.666 -12.572 -12.519 -12.692 -12.704 -12.7 -12.149 -11.761 -11.261 -12.675
0.255201 -10.531 -10.917 -11.462 -12.295 -12.624 -12.757 -11.936 -12.362 -12.624 -12.755 -12.726 -12.587 -12.35 -12.682 -12.76 -12.692 -12.565 -12.713 -12.768 -12.7 -12.609 -12.557 -12.72 -12.728 -12.731 -12.191 -11.806 -11.308 -12.702
0.262919 -10.503 -10.891 -11.449 -12.299 -12.639 -12.781 -11.942 -12.368 -12.64 -12.78 -12.757 -12.624 -12.355 -12.701 -12.788 -12.726 -12.602 -12.733 -12.796 -12.734 -12.645 -12.595 -12.747 -12.751 -12.762 -12.233 -11.851 -11.355 -12.729
0.270871 -10.473 -10.863 -11.434 -12.302 -12.654 -12.805 -11.946 -12.373 -12.655 -12.803 -12.787 -12.659 -12.36 -12.719 -12.816 -12.759 -12.639 -12.752 -12.824 -12.766 -12.681 -12.632 -12.774 -12.774 -12.792 -12.275 -11.896 -11.402 -12.755
0.279064 -10.442 -10.834 -11.418 -12.304 -12.668 -12.827 -11.95 -12.377 -12.669 -12.827 -12.817 -12.695 -12.363 -12.736 -12.843 -12.791 -12.675 -12.771 -12.851 -12.799 -12.716 -12.669 -12.8 -12.795 -12.821 -12.316 -11.94 -11.448 -12.78
0.287504 -10.409 -10.802 -11.4 -12.304 -12.68 -12.849 -11.953 -12.379 -12.682 -12.849 -12.846 -12.729 -12.365 -12.752 -12.869 -12.823 -12.71 -12.788 -12.877 -12.831 -12.751 -12.706 -12.826 -12.816 -12.85 -12.357 -11.984 -11.494 -12.804
0.296199 -10.374 -10.768 -11.381 -12.303 -12.692 -12.871 -11.955 -12.381 -12.693 -12.87 -12.874 -12.764 -12.366 -12.767 -12.895 -12.854 -12.745 -12.805 -12.903 -12.862 -12.785 -12.742 -12.85 -12.836 -12.878 -12.398 -12.027 -11.54 -12.828
0.305157 -10.338 -10.733 -11.36 -12.301 -12.703 -12.891 -11.956 -12.381 -12.704 -12.891 -12.902 -12.797 -12.365 -12.781 -12.92 -12.884 -12.78 -12.82 -12.928 -12.892 -12.819 -12.777 -12.874 -12.855 -12.905 -12.438 -12.07 -11.586 -12.851
0.314387 -10.3 -10.695 -11.338 -12.297 -12.712 -12.91 -11.955 -12.379 -12.714 -12.91 -12.929 -12.831 -12.363 -12.794 -12.944 -12.914 -12.814 -12.835 -12.952 -12.922 -12.852 -12.812 -12.897 -12.873 -12.931 -12.478 -12.113 -11.631 -12.873
0.323895 -10.26 -10.654 -11.313 -12.292 -12.72 -12.929 -11.954 -12.376 -12.722 -12.929 -12.955 -12.863 -12.359 -12.806 -12.967 -12.943 -12.847 -12.849 -12.975 -12.951 -12.885 -12.847 -12.92 -12.89 -12.957 -12.517 -12.156 -11.676 -12.894
0.333691 -10.218 -10.612 -11.287 -12.285 -12.727 -12.946 -11.951 -12.372 -12.729 -12.947 -12.981 -12.895 -12.354 -12.817 -12.989 -12.972 -12.88 -12.861 -12.997 -12.98 -12.917 -12.881 -12.941 -12.906 -12.982 -12.556 -12.198 -11.721 -12.915
0.343783 -10.174 -10.567 -11.259 -12.277 -12.732 -12.962 -11.948 -12.366 -12.735 -12.963 -13.005 -12.926 -12.347 -12.827 -13.011 -12.999 -12.912 -12.872 -13.019 -13.008 -12.948 -12.914 -12.962 -12.921 -13.006 -12.595 -12.24 -11.766 -12.934
0.354181 -10.127 -10.519 -11.228 -12.266 -12.737 -12.978 -11.943 -12.358 -12.739 -12.979 -13.029 -12.957 -12.339 -12.835 -13.031 -13.026 -12.943 -12.882 -13.039 -13.034 -12.979 -12.947 -12.981 -12.935 -13.03 -12.633 -12.281 -11.81 -12.953
0.364893 -10.079 -10.468 -11.195 -12.254 -12.739 -12.992 -11.936 -12.348 -12.742 -12.993 -13.052 -12.987 -12.328 -12.842 -13.05 -13.052 -12.974 -12.891 -13.059 -13.06 -13.009 -12.979 -13.0 -12.948 -13.052 -12.67 -12.322 -11.854 -12.97
0.375929 -10.029 -10.415 -11.16 -12.24 -12.74 -13.004 -11.928 -12.337 -12.744 -13.006 -13.074 -13.016 -12.316 -12.847 -13.068 -13.077 -13.004 -12.898 -13.077 -13.086 -13.038 -13.01 -13.017 -12.959 -13.073 -12.707 -12.363 -11.897 -12.987
0.387298 -9.976 -10.359 -11.123 -12.224 -12.74 -13.016 -11.919 -12.323 -12.743 -13.018 -13.095 -13.044 -12.302 -12.851 -13.085 -13.101 -13.033 -12.904 -13.094 -13.11 -13.066 -13.041 -13.034 -12.969 -13.093 -12.743 -12.403 -11.94 -13.002
0.399012 -9.92 -10.299 -11.082 -12.205 -12.737 -13.026 -11.908 -12.308 -12.741 -13.028 -13.114 -13.071 -12.285 -12.853 -13.101 -13.124 -13.061 -12.908 -13.11 -13.133 -13.094 -13.071 -13.049 -12.978 -13.112 -12.779 -12.442 -11.983 -13.017
0.41108 -9.863 -10.236 -11.04 -12.185 -12.733 -13.034 -11.896 -12.29 -12.737 -13.037 -13.133 -13.098 -12.267 -12.854 -13.116 -13.146 -13.089 -12.911 -13.125 -13.155 -13.12 -13.1 -13.063 -12.985 -13.13 -12.814 -12.481 -12.025 -13.03
0.423513 -9.802 -10.169 -10.994 -12.161 -12.727 -13.041 -11.881 -12.27 -12.732 -13.045 -13.15 -13.123 -12.246 -12.853 -13.129 -13.167 -13.115 -12.912 -13.138 -13.176 -13.146 -13.128 -13.075 -12.991 -13.147 -12.848 -12.52 -12.067 -13.041
0.436321 -9.739 -10.098 -10.945 -12.136 -12.719 -13.047 -11.865 -12.247 -12.724 -13.051 -13.166 -13.147 -12.222 -12.85 -13.141 -13.187 -13.141 -12.911 -13.15 -13.196 -13.17 -13.155 -13.087 -12.995 -13.162 -12.882 -12.558 -12.108 -13.052
0.449518 -9.674 -10.024 -10.893 -12.107 -12.709 -13.05 -11.847 -12.222 -12.714 -13.055 -13.181 -13.171 -12.196 -12.845 -13.151 -13.205 -13.165 -12.908 -13.161 -13.215 -13.194 -13.182 -13.096 -12.997 -13.176 -12.914 -12.595 -12.149 -13.061
0.463113 -9.605 -9.945 -10.838 -12.076 -12.696 -13.052 -11.827 -12.194 -12.702 -13.057 -13.194 -13.193 -12.167 -12.838 -13.16 -13.222 -13.188 -12.903 -13.169 -13.232 -13.216 -13.207 -13.104 -12.997 -13.189 -12.946 -12.631 -12.189 -13.068
0.47712 -9.534 -9.862 -10.779 -12.041 -12.681 -13.052 -11.804 -12.163 -12.687 -13.057 -13.206 -13.214 -12.134 -12.828 -13.167 -13.238 -13.211 -12.896 -13.176 -13.248 -13.237 -13.231 -13.111 -12.996 -13.2 -12.977 -12.667 -12.229 -13.074
0.49155 -9.46 -9.774 -10.716 -12.004 -12.663 -13.05 -11.78 -12.129 -12.67 -13.056 -13.216 -13.233 -12.099 -12.817 -13.172 -13.252 -13.231 -12.887 -13.182 -13.262 -13.257 -13.254 -13.116 -12.992 -13.209 -13.008 -12.702 -12.268 -13.078
0.506416 -9.383 -9.681 -10.65 -11.963 -12.643 -13.045 -11.753 -12.092 -12.65 -13.052 -13.224 -13.252 -12.061 -12.802 -13.175 -13.265 -13.251 -12.875 -13.185 -13.275 -13.275 -13.276 -13.119 -12.986 -13.217 -13.037 -12.737 -12.306 -13.08
0.521733 -9.303 -9.582 -10.579 -11.918 -12.62 -13.038 -11.723 -12.051 -12.627 -13.045 -13.23 -13.268 -12.018 -12.785 -13.176 -13.276 -13.269 -12.861 -13.187 -13.286 -13.292 -13.296 -13.12 -12.978 -13.223 -13.065 -12.77 -12.344 -13.08
0.537512 -9.219 -9.478 -10.504 -11.87 -12.593 -13.029 -11.691 -12.006 -12.601 -13.037 -13.235 -13.284 -11.972 -12.766 -13.175 -13.285 -13.285 -12.844 -13.186 -13.296 -13.308 -13.315 -13.119 -12.967 -13.226 -13.092 -12.803 -12.381 -13.079
0.553769 -9.133 -9.368 -10.424 -11.817 -12.564 -13.017 -11.655 -11.957 -12.572 -13.025 -13.237 -13.297 -11.922 -12.743 -13.171 -13.292 -13.3 -12.824 -13.183 -13.303 -13.321 -13.333 -13.115 -12.954 -13.228 -13.118 -12.834 -12.417 -13.075
0.570517 -9.045 -9.251 -10.339 -11.76 -12.531 -13.002 -11.617 -11.905 -12.54 -13.011 -13.238 -13.309 -11.868 -12.717 -13.165 -13.297 -13.314 -12.801 -13.177 -13.309 -13.333 -13.349 -13.11 -12.938 -13.227 -13.142 -12.865 -12.452 -13.068
0.587772 -8.953 -9.128 -10.249 -11.698 -12.494 -12.984 -11.576 -11.847 -12.503 -12.994 -13.235 -13.319 -11.809 -12.687 -13.157 -13.3 -13.325 -12.775 -13.169 -13.312 -13.343 -13.363 -13.101 -12.918 -13.224 -13.165 -12.894 -12.487 -13.06
0.605549 -8.858 -8.997 -10.154 -11.631 -12.453 -12.963 -11.531 -11.785 -12.463 -12.974 -13.231 -13.327 -11.745 -12.654 -13.146 -13.301 -13.334 -12.746 -13.158 -13.313 -13.352 -13.376 -13.091 -12.896 -13.218 -13.187 -12.923 -12.521 -13.049
0.623863 -8.761 -8.859 -10.052 -11.559 -12.407 -12.939 -11.482 -11.717 -12.418 -12.95 -13.223 -13.332 -11.676 -12.617 -13.131 -13.299 -13.342 -12.712 -13.144 -13.312 -13.358 -13.387 -13.077 -12.87 -13.21 -13.208 -12.95 -12.553 -13.035
0.642731 -8.662 -8.712 -9.944 -11.481 -12.357 -12.911 -11.429 -11.645 -12.369 -12.923 -13.213 -13.336 -11.601 -12.575 -13.113 -13.294 -13.347 -12.675 -13.127 -13.308 -13.361 -13.395 -13.06 -12.841 -13.199 -13.226 -12.976 -12.585 -13.018
0.66217 -8.56 -8.556 -9.83 -11.397 -12.303 -12.878 -11.372 -11.566 -12.315 -12.891 -13.2 -13.337 -11.52 -12.53 -13.092 -13.287 -13.35 -12.633 -13.106 -13.301 -13.362 -13.402 -13.04 -12.807 -13.184 -13.243 -13.0 -12.615 -12.998
0.682197 -8.457 -8.391 -9.708 -11.306 -12.243 -12.842 -11.311 -11.48 -12.256 -12.856 -13.183 -13.335 -11.433 -12.479 -13.067 -13.276 -13.35 -12.586 -13.082 -13.291 -13.361 -13.406 -13.016 -12.77 -13.167 -13.258 -13.023 -12.645 -12.975
0.70283 -8.352 -8.216 -9.579 -11.209 -12.177 -12.801 -11.245 -11.388 -12.191 -12.816 -13.163 -13.331 -11.338 -12.423 -13.039 -13.263 -13.347 -12.535 -13.054 -13.277 -13.357 -13.407 -12.989 -12.728 -13.145 -13.271 -13.045 -12.673 -12.948
0.724086 -8.246 -8.03 -9.441 -11.103 -12.105 -12.755 -11.174 -11.289 -12.121 -12.771 -13.139 -13.323 -11.237 -12.361 -13.005 -13.245 -13.341 -12.479 -13.021 -13.26 -13.349 -13.406 -12.958 -12.681 -13.12 -13.282 -13.065 -12.699 -12.917
0.745986 -8.14 -7.832 -9.295 -10.99 -12.027 -12.704 -11.097 -11.182 -12.043 -12.721 -13.111 -13.312 -11.127 -12.294 -12.968 -13.224 -13.333 -12.416 -12.984 -13.24 -13.339 -13.402 -12.922 -12.629 -13.09 -13.291 -13.082 -12.725 -12.883
0.768548 -8.034 -7.622 -9.14 -10.868 -11.941 -12.647 -11.015 -11.066 -11.959 -12.665 -13.078 -13.298 -11.009 -12.22 -12.925 -13.199 -13.32 -12.348 -12.942 -13.215 -13.325 -13.394 -12.882 -12.571 -13.056 -13.297 -13.098 -12.748 -12.844
0.791792 -7.929 -7.398 -8.975 -10.736 -11.848 -12.583 -10.927 -10.941 -11.868 -12.603 -13.041 -13.28 -10.881 -12.139 -12.876 -13.169 -13.304 -12.273 -12.895 -13.186 -13.307 -13.384 -12.837 -12.507 -13.018 -13.3 -13.112 -12.77 -12.8
0.815739 -7.825 -7.161 -8.8 -10.594 -11.747 -12.514 -10.831 -10.807 -11.768 -12.535 -12.998 -13.258 -10.743 -12.051 -12.822 -13.135 -13.284 -12.191 -12.842 -13.153 -13.285 -13.369 -12.786 -12.437 -12.974 -13.301 -13.124 -12.791 -12.752
0.840411 -7.724 -6.907 -8.614 -10.441 -11.637 -12.437 -10.729 -10.661 -11.66 -12.46 -12.95 -13.231 -10.594 -11.954 -12.762 -13.095 -13.26 -12.102 -12.783 -13.114 -13.258 -13.351 -12.73 -12.36 -12.924 -13.298 -13.133 -12.809 -12.698
0.865828 -7.624 -6.638 -8.417 -10.276 -11.517 -12.352 -10.619 -10.505 -11.542 -12.377 -12.896 -13.199 -10.434 -11.849 -12.695 -13.05 -13.231 -12.004 -12.717 -13.069 -13.227 -13.329 -12.668 -12.275 -12.868 -13.292 -13.139 -12.825 -12.638
0.892015 -7.528 -6.351 -8.206 -10.099 -11.387 -12.258 -10.501 -10.335 -11.414 -12.285 -12.836 -13.163 -10.261 -11.734 -12.62 -12.998 -13.197 -11.898 -12.644 -13.019 -13.19 -13.301 -12.598 -12.182 -12.806 -13.283 -13.143 -12.839 -12.573
0.918993 -7.434 -6.045 -7.983 -9.907 -11.246 -12.156 -10.374 -10.152 -11.274 -12.185 -12.768 -13.12 -10.074 -11.608 -12.538 -12.94 -13.157 -11.782 -12.563 -12.962 -13.148 -13.269 -12.522 -12.08 -12.736 -13.269 -13.144 -12.851 -12.501
0.946787 -7.344 -5.72 -7.746 -9.7 -11.093 -12.043 -10.237 -9.955 -11.123 -12.075 -12.693 -13.072 -9.872 -11.472 -12.447 -12.875 -13.111 -11.655 -12.473 -12.898 -13.099 -13.231 -12.437 -11.969 -12.659 -13.251 -13.141 -12.86 -12.421
0.975422 -7.256 -5.374 -7.493 -9.476 -10.926 -11.92 -10.09 -9.741 -10.959 -11.954 -12.609 -13.017 -9.653 -11.323 -12.346 -12.802 -13.059 -11.518 -12.374 -12.826 -13.044 -13.188 -12.345 -11.847 -12.573 -13.229 -13.135 -12.867 -12.335
1.004923 -7.171 -5.008 -7.225 -9.235 -10.744 -11.785 -9.932 -9.51 -10.78 -11.822 -12.516 -12.954 -9.417 -11.161 -12.235 -12.72 -13.0 -11.369 -12.266 -12.746 -12.982 -13.138 -12.243 -11.713 -12.478 -13.201 -13.124 -12.87 -12.24
1.035317 -7.088 -4.62 -6.94 -8.973 -10.547 -11.637 -9.762 -9.26 -10.586 -11.676 -12.414 -12.884 -9.161 -10.985 -12.112 -12.629 -12.933 -11.207 -12.146 -12.656 -12.911 -13.08 -12.13 -11.568 -12.373 -13.168 -13.11 -12.87 -12.137
1.066629 -7.006 -4.213 -6.637 -8.69 -10.332 -11.474 -9.578 -8.989 -10.375 -11.517 -12.301 -12.805 -8.884 -10.793 -11.977 -12.528 -12.857 -11.031 -12.014 -12.556 -12.832 -13.016 -12.007 -11.409 -12.257 -13.129 -13.09 -12.867 -12.024
1.098888 -6.924 -3.789 -6.315 -8.384 -10.099 -11.296 -9.381 -8.696 -10.146 -11.343 -12.175 -12.716 -8.584 -10.583 -11.829 -12.416 -12.772 -10.841 -11.869 -12.446 -12.743 -12.942 -11.872 -11.235 -12.129 -13.083 -13.066 -12.859 -11.901
1.132124 -6.842 -3.353 -5.972 -8.052 -9.844 -11.101 -9.169 -8.377 -9.896 -11.152 -12.037 -12.618 -8.258 -10.355 -11.665 -12.291 -12.676 -10.634 -11.71 -12.323 -12.644 -12.859 -11.724 -11.045 -11.988 -13.03 -13.036 -12.848 -11.768
1.166364 -6.758 -2.915 -5.608 -7.691 -9.567 -10.887 -8.94 -8.031 -9.624 -10.943 -11.885 -12.507 -7.904 -10.105 -11.485 -12.153 -12.57 -10.411 -11.535 -12.187 -12.533 -12.767 -11.561 -10.837 -11.832 -12.969 -13.0 -12.831 -11.623
1.20164 -6.671 -2.49 -5.221 -7.299 -9.265 -10.653 -8.693 -7.655 -9.327 -10.713 -11.717 -12.384 -7.519 -9.833 -11.287 -11.999 -12.451 -10.17 -11.342 -12.036 -12.409 -12.663 -11.383 -10.61 -11.661 -12.899 -12.957 -12.81 -11.466
1.237983 -6.579 -2.094 -4.808 -6.873 -8.934 -10.395 -8.426 -7.245 -9.003 -10.462 -11.532 -12.247 -7.1 -9.535 -11.069 -11.829 -12.317 -9.911 -11.131 -11.87 -12.271 -12.546 -11.188 -10.361 -11.471 -12.819 -12.907 -12.783 -11.296
1.275425 -6.483 -1.745 -4.369 -6.408 -8.573 -10.112 -8.139 -6.799 -8.65 -10.185 -11.327 -12.095 -6.643 -9.209 -10.829 -11.641 -12.169 -9.632 -10.9 -11.685 -12.117 -12.416 -10.973 -10.089 -11.263 -12.728 -12.849 -12.75 -11.112
1.313999 -6.381 -1.452 -3.901 -5.902 -8.179 -9.801 -7.829 -6.311 -8.264 -9.882 -11.102 -11.926 -6.144 -8.852 -10.564 -11.432 -12.004 -9.335 -10.646 -11.48 -11.946 -12.271 -10.737 -9.791 -11.033 -12.626 -12.781 -12.711 -10.914
1.35374 -6.271 -1.214 -3.402 -5.348 -7.746 -9.459 -7.493 -5.779 -7.841 -9.548 -10.854 -11.738 -5.599 -8.461 -10.273 -11.201 -11.82 -9.02 -10.367 -11.254 -11.756 -12.109 -10.479 -9.463 -10.78 -12.51 -12.703 -12.663 -10.7
1.394683 -6.152 -1.017 -2.867 -4.743 -7.271 -9.082 -7.132 -5.195 -7.378 -9.18 -10.579 -11.528 -5.001 -8.032 -9.95 -10.945 -11.614 -8.688 -10.061 -11.004 -11.544 -11.929 -10.194 -9.104 -10.5 -12.378 -12.614 -12.608 -10.47
1.436864 -6.024 -0.845 -2.293 -4.079 -6.75 -8.666 -6.741 -4.556 -6.869 -8.775 -10.276 -11.296 -4.346 -7.559 -9.594 -10.66 -11.385 -8.345 -9.727 -10.726 -11.309 -11.728 -9.881 -8.709 -10.191 -12.23 -12.512 -12.543 -10.224
1.480321 -5.884 -0.684 -1.676 -3.35 -6.176 -8.206 -6.321 -3.853 -6.311 -8.328 -9.941 -11.037 -3.626 -7.04 -9.2 -10.344 -11.13 -7.994 -9.361 -10.419 -11.047 -11.504 -9.535 -8.274 -9.85 -12.063 -12.396 -12.467 -9.961
1.525092 -5.732 -0.522 -1.011 -2.548 -5.543 -7.698 -5.87 -3.08 -5.696 -7.834 -9.57 -10.749 -2.834 -6.466 -8.763 -9.992 -10.845 -7.643 -8.963 -10.078 -10.755 -11.255 -9.154 -7.795 -9.471 -11.875 -12.265 -12.38 -9.682
1.571218 -5.566 -0.352 -0.29 -1.664 -4.844 -7.134 -5.388 -2.227 -5.018 -7.287 -9.158 -10.428 -1.96 -5.833 -8.278 -9.6 -10.527 -7.299 -8.532 -9.701 -10.429 -10.978 -8.732 -7.266 -9.052 -11.663 -12.114 -12.28 -9.388
1.618738 -5.384 -0.169 0.493 -0.688 -4.071 -6.508 -4.877 -1.285 -4.269 -6.68 -8.702 -10.069 -0.993 -5.132 -7.739 -9.163 -10.17 -6.968 -8.069 -9.284 -10.067 -10.67 -8.266 -6.68 -8.587 -11.424 -11.944 -12.165 -9.078
1.667696 -5.185 0.031 1.347 0.394 -3.213 -5.811 -4.343 -0.24 -3.441 -6.007 -8.195 -9.669 0.078 -4.354 -7.138 -8.675 -9.771 -6.652 -7.577 -8.823 -9.663 -10.328 -7.748 -6.03 -8.069 -11.154 -11.75 -12.033 -8.755
1.718134 -4.966 0.25 2.281 1.595 -2.26 -5.034 -3.795 0.92 -2.522 -5.257 -7.63 -9.222 1.267 -3.489 -6.467 -8.129 -9.324 -6.35 -7.065 -8.315 -9.213 -9.95 -7.172 -5.309 -7.493 -10.848 -11.53 -11.881 -8.42
1.770098 -4.725 0.491 3.307 2.931 -1.197 -4.165 -3.247 2.211 -1.501 -4.42 -6.999 -8.721 2.592 -2.524 -5.717 -7.516 -8.821 -6.054 -6.544 -7.759 -8.713 -9.531 -6.53 -4.505 -6.849 -10.503 -11.28 -11.708 -8.074
1.823633 -4.458 0.758 4.438 4.424 -0.01 -3.191 -2.716 3.654 -0.364 -3.486 -6.295 -8.158 4.072 -1.447 -4.876 -6.827 -8.254 -5.755 -6.031 -7.156 -8.157 -9.07 -5.813 -3.608 -6.13 -10.111 -10.994 -11.509 -7.717
1.878788 -4.163 1.053 5.688 6.095 1.32 -2.097 -2.214 5.269 0.907 -2.438 -5.507 -7.526 5.73 -0.239 -3.931 -6.051 -7.615 -5.442 -5.537 -6.511 -7.545 -8.566 -5.009 -2.602 -5.322 -9.665 -10.668 -11.28 -7.349
1.93561 -3.834 1.381 7.076 7.972 2.815 -0.864 -1.741 7.085 2.33 -1.262 -4.621 -6.814 7.592 1.118 -2.865 -5.175 -6.892 -5.106 -5.068 -5.839 -6.875 -8.021 -4.106 -1.473 -4.415 -9.159 -10.296 -11.018 -6.964
1.994152 -3.468 1.747 8.623 10.089 4.501 0.53 -1.286 9.131 3.929 0.063 -3.625 -6.01 9.692 2.65 -1.659 -4.182 -6.072 -4.736 -4.614 -5.161 -6.155 -7.438 -3.087 -0.2 -3.392 -8.58 -9.87 -10.716 -6.558
2.054463 -3.058 2.157 10.354 12.483 6.408 2.112 -0.828 11.447 5.731 1.559 -2.501 -5.101 12.067 4.383 -0.291 -3.053 -5.14 -4.325 -4.156 -4.499 -5.399 -6.823 -1.935 1.24 -2.234 -7.918 -9.381 -10.367 -6.122
2.116599 -2.598 2.618 12.3 15.204 8.574 3.912 -0.344 14.076 7.77 3.253 -1.229 -4.069 14.765 6.352 1.266 -1.766 -4.077 -3.864 -3.673 -3.863 -4.631 -6.184 -0.626 2.875 -0.919 -7.159 -8.818 -9.964 -5.645
2.180614 -2.078 3.138 14.501 18.307 11.044 5.968 0.185 17.074 10.085 5.178 0.216 -2.896 17.84 8.597 3.044 -0.294 -2.861 -3.344 -3.143 -3.241 -3.872 -5.525 0.866 4.74 0.579 -6.285 -8.168 -9.497 -5.115
2.246566 -1.488 3.728 17.002 21.862 13.874 8.327 0.779 20.508 12.726 7.371 1.86 -1.558 21.362 11.17 5.085 1.396 -1.467 -2.754 -2.55 -2.6 -3.125 -4.838 2.575 6.876 2.293 -5.276 -7.416 -8.954 -4.521
2.314511 -0.815 4.401 19.863 25.954 17.129 11.044 1.453 24.456 15.75 9.88 3.741 -0.026 25.412 14.13 7.436 3.345 0.139 -2.081 -1.876 -1.907 -2.367 -4.106 4.541 9.333 4.265 -4.105 -6.542 -8.32 -3.846
2.384512 -0.044 5.172 23.157 30.689 20.892 14.188 2.225 29.019 19.233 12.761 5.898 1.733 30.092 17.551 10.157 5.602 1.994 -1.309 -1.105 -1.128 -1.558 -3.304 6.814 12.176 6.542 -2.742 -5.523 -7.577 -3.073
2.45663 0.846 6.062 26.975 36.194 25.265 17.845 3.114 34.319 23.263 16.083 8.385 3.76 35.527 21.527 13.321 8.228 4.145 -0.42 -0.215 -0.237 -0.655 -2.401 9.455 15.48 9.188 -1.149 -4.331 -6.704 -2.184
2.530929 1.674 6.89 30.125 40.691 28.862 20.874 3.942 38.647 26.576 18.825 10.468 5.482 39.962 24.807 15.959 10.439 5.974 0.408 0.613 0.592 0.176 -1.569 11.677 18.229 11.412 0.247 -3.253 -5.879 -1.355
2.607475 2.107 7.322 30.557 41.123 29.295 21.306 4.375 39.08 27.009 19.258 10.901 5.914 40.394 25.24 16.392 10.872 6.406 0.841 1.046 1.024 0.609 -1.137 12.11 18.662 11.845 0.68 -2.821 -5.447 -0.923
2.686337 2.566 7.781 31.016 41.582 29.754 21.765 4.834 39.539 27.468 19.717 11.36 6.373 40.853 25.699 16.851 11.331 6.866 1.3 1.505 1.483 1.068 -0.678 12.569 19.121 12.304 1.139 -2.362 -4.987 -0.464
2.767583 3.053 8.269 31.504 42.07 30.241 22.253 5.321 40.027 27.955 20.204 11.848 6.861 41.341 26.186 17.338 11.819 7.353 1.788 1.992 1.971 1.555 -0.19 13.057 19.608 12.791 1.626 -1.874 -4.5 0.024
2.851287 3.57 8.786 32.021 42.587 30.758 22.77 5.839 40.544 28.473 20.721 12.365 7.378 41.858 26.703 17.856 12.336 7.87 2.305 2.51 2.488 2.073 0.327 13.574 20.125 13.309 2.144 -1.357 -3.983 0.541
2.937522 4.119 9.335 32.57 43.136 31.307 23.319 6.388 41.093 29.022 21.27 12.914 7.927 42.407 27.252 18.405 12.885 8.419 2.854 3.059 3.037 2.622 0.876 14.123 20.674 13.858 2.693 -0.808 -3.434 1.09
3.026365 4.702 9.918 33.153 43.719 31.89 23.902 6.971 41.676 29.604 21.853 13.497 8.51 42.99 27.835 18.987 13.468 9.002 3.437 3.641 3.62 3.205 1.459 14.706 21.257 14.44 3.275 -0.225 -2.851 1.673
3.117896 5.321 10.536 33.771 44.337 32.509 24.52 7.589 42.294 30.223 22.472 14.115 9.128 43.608 28.454 19.606 14.086 9.621 4.055 4.26 4.238 3.823 2.077 15.324 21.876 15.059 3.894 0.393 -2.232 2.291
3.212194 5.977 11.193 34.428 44.994 33.165 25.177 8.246 42.951 30.879 23.128 14.772 9.785 44.265 29.11 20.262 14.743 10.277 4.712 4.916 4.895 4.48 2.734 15.981 22.532 15.715 4.551 1.05 -1.576 2.948
3.309345 6.674 11.89 35.125 45.691 33.862 25.874 8.942 43.647 31.576 23.825 15.468 10.482 44.962 29.807 20.959 15.439 10.974 5.408 5.613 5.592 5.176 3.431 16.677 23.229 16.412 5.247 1.747 -0.879 3.645
3.409434 7.414 12.629 35.864 46.43 34.602 26.613 9.682 44.387 32.316 24.565 16.208 11.221 45.701 30.547 21.699 16.179 11.713 6.148 6.353 6.331 5.916 4.17 17.417 23.969 17.152 5.987 2.486 -0.139 4.384
3.51255 8.199 13.414 36.649 47.215 35.387 27.398 10.467 45.172 33.101 25.35 16.993 12.006 46.486 31.332 22.484 16.964 12.499 6.933 7.138 7.116 6.701 4.955 18.202 24.754 17.937 6.772 3.271 0.646 5.169
3.618785 9.032 14.248 37.482 48.049 36.22 28.232 11.3 46.005 33.934 26.183 17.826 12.839 47.319 32.165 23.317 17.797 13.332 7.766 7.971 7.95 7.534 5.788 19.035 25.587 18.77 7.605 4.105 1.479 6.002
3.728232 9.916 15.132 38.367 48.933 37.104 29.116 12.185 46.89 34.819 27.067 18.711 13.724 48.204 33.049 24.202 18.682 14.216 8.651 8.855 8.834 8.419 6.673 19.92 26.471 19.654 8.49 4.989 2.363 6.887
3.84099 10.855 16.071 39.306 49.872 38.043 30.055 13.123 47.828 35.757 28.006 19.649 14.663 49.142 33.988 25.14 19.62 15.155 9.589 9.794 9.773 9.357 7.611 20.858 27.41 20.593 9.428 5.928 3.302 7.826
3.957158 11.851 17.067 40.302 50.868 39.039 31.051 14.12 48.825 36.754 29.002 20.646 15.659 50.139 34.984 26.137 20.617 16.151 10.586 10.791 10.769 10.354 8.608 21.855 28.406 21.589 10.425 6.924 4.298 8.822
4.07684 12.909 18.125 41.359 51.925 40.097 32.109 15.177 49.882 37.811 30.06 21.703 16.716 51.196 36.042 27.194 21.674 17.209 11.643 11.848 11.827 11.411 9.665 22.912 29.464 22.647 11.482 7.982 5.356 9.879
4.200141 14.031 19.247 42.482 53.048 41.219 33.231 16.3 51.005 38.934 31.182 22.826 17.839 52.319 37.164 28.317 22.797 18.331 12.766 12.97 12.949 12.534 10.788 24.035 30.586 23.769 12.605 9.104 6.478 11.002
4.327172 15.223 20.438 43.673 54.239 42.411 34.422 17.491 52.196 40.125 32.374 24.017 19.03 53.51 38.356 29.508 23.988 19.523 13.957 14.162 14.14 13.725 11.979 25.226 31.778 24.961 13.796 10.295 7.67 12.193
4.458044 16.487 21.703 44.938 55.504 43.675 35.687 18.756 53.461 41.39 33.638 25.282 20.295 54.775 39.62 30.772 25.253 20.787 15.222 15.426 15.405 14.99 13.244 26.491 33.042 26.225 15.061 11.56 8.934 13.458
4.592874 17.829 23.045 46.28 56.846 45.017 37.029 20.098 54.803 42.732 34.98 26.624 21.637 56.117 40.962 32.115 26.595 22.129 16.564 16.769 16.747 16.332 14.586 27.833 34.384 27.568 16.403 12.902 10.276 14.8
4.731783 19.254 24.47 47.705 58.271 46.442 38.454 21.522 56.227 44.156 36.405 28.048 23.062 57.541 42.387 33.539 28.019 23.554 17.988 18.193 18.172 17.756 16.01 29.257 35.809 28.992 17.827 14.327 11.701 16.225
4.874892 20.766 25.982 49.217 59.783 47.954 39.966 23.034 57.74 45.668 37.917 29.56 24.574 59.054 43.899 35.051 29.531 25.066 19.5 19.705 19.684 19.268 17.523 30.769 37.321 30.504 19.339 15.839 13.213 17.737
5.02233 22.371 27.587 50.822 61.388 49.559 41.571 24.639 59.344 47.273 39.522 31.165 26.179 60.658 45.504 36.656 31.136 26.671 21.105 21.31 21.289 20.873 19.127 32.374 38.926 32.109 20.944 17.444 14.818 19.342
5.174227 24.074 29.29 52.525 63.091 51.262 43.274 26.343 61.048 48.977 41.225 32.869 27.882 62.362 47.207 38.36 32.84 28.374 22.809 23.014 22.992 22.577 20.831 34.078 40.629 33.813 22.648 19.147 16.521 21.045
5.330718 25.883 31.098 54.333 64.899 53.071 45.082 28.151 62.856 50.785 43.033 34.677 29.69 64.17 49.016 40.168 34.648 30.182 24.617 24.822 24.8 24.385 22.639 35.886 42.437 35.621 24.456 20.955 18.329 22.853
5.491942 27.802 33.017 56.252 66.818 54.99 47.001 30.07 64.775 52.704 44.953 36.596 31.609 66.089 50.935 42.087 36.567 32.101 26.536 26.741 26.719 26.304 24.558 37.805 44.356 37.54 26.375 22.874 20.248 24.772
5.658042 29.839 35.054 58.289 68.855 57.027 49.038 32.107 66.812 54.741 46.989 38.633 33.646 68.126 52.972 44.124 38.604 34.138 28.573 28.778 28.756 28.341 26.595 39.842 46.393 39.577 28.412 24.911 22.285 26.809
5.829166 32.001 37.216 60.451 71.017 59.189 51.2 34.269 68.974 56.903 49.151 40.795 35.808 70.288 55.134 46.286 40.766 36.3 30.735 30.94 30.918 30.503 28.757 42.004 48.555 41.739 30.574 27.073 24.447 28.971
6.005465 34.295 39.511 62.746 73.312 61.483 53.495 36.564 71.269 59.198 51.446 43.09 38.103 72.583 57.428 48.58 43.061 38.595 33.03 33.234 33.213 32.798 31.052 44.299 50.85 44.033 32.869 29.368 26.742 31.266
6.187096 36.731 41.947 65.181 75.748 63.919 55.931 38.999 73.704 61.633 53.882 45.525 40.538 75.018 59.864 51.016 45.496 41.031 35.465 35.67 35.649 35.233 33.487 46.734 53.286 46.469 35.304 31.804 29.178 33.701
6.37422 39.316 44.532 67.767 78.333 66.504 58.516 41.585 76.29 64.218 56.467 48.111 43.124 77.604 62.449 53.601 48.082 43.616 38.051 38.255 38.234 37.818 36.073 49.32 55.871 49.054 37.889 34.389 31.763 36.287
6.567004 42.06 47.276 70.511 81.077 69.248 61.26 44.328 79.034 66.962 59.211 50.854 45.868 80.348 65.193 56.345 50.825 46.36 40.794 40.999 40.978 40.562 38.817 52.063 58.615 51.798 40.633 37.133 34.507 39.031
6.765619 44.972 50.188 73.423 83.989 72.16 64.172 47.241 81.946 69.875 62.123 53.767 48.78 83.26 68.106 59.258 53.738 49.272 43.707 43.912 43.89 43.475 41.729 54.976 61.527 54.711 43.546 40.045 37.419 41.943
6.97024 48.064 53.279 76.514 87.08 75.252 67.263 50.332 85.037 72.966 65.215 56.858 51.871 86.351 71.197 62.349 56.829 52.364 46.798 47.003 46.981 46.566 44.82 58.067 64.619 57.802 46.637 43.136 40.511 45.034
7.181051 51.345 56.56 79.795 90.361 78.533 70.545 53.613 88.318 76.247 68.496 60.139 55.152 89.632 74.478 65.63 60.11 55.645 50.079 50.284 50.262 49.847 48.101 61.348 67.9 61.083 49.918 46.418 43.792 48.315
7.398237 54.827 60.043 83.278 93.844 82.015 74.027 57.096 91.801 79.73 71.978 63.622 58.635 93.115 77.96 69.113 63.593 59.127 53.562 53.767 53.745 53.33 51.584 64.831 71.382 64.566 53.401 49.9 47.274 51.798
7.621991 58.524 63.739 86.974 97.54 85.712 77.724 60.792 95.497 83.426 75.675 67.318 62.331 96.811 81.657 72.809 67.289 62.824 57.258 57.463 57.441 57.026 55.28 68.527 75.079 68.262 57.097 53.596 50.971 55.494
7.852513 62.447 67.663 90.898 101.464 89.635 81.647 64.716 99.421 87.349 79.598 71.242 66.255 100.735 85.58 76.732 71.213 66.747 61.182 61.386 61.365 60.95 59.204 72.451 79.002 72.185 61.02 57.52 54.894 59.418
8.090007 66.611 71.827 95.062 105.628 93.799 85.811 68.88 103.585 91.514 83.762 75.406 70.419 104.899 89.744 80.897 75.377 70.911 65.346 65.551 65.529 65.114 63.368 76.615 83.166 76.35 65.185 61.684 59.058 63.582
8.334684 71.031 76.247 99.482 110.048 98.219 90.231 73.3 108.005 95.934 88.182 79.826 74.839 109.319 94.164 85.317 79.797 75.331 69.766 69.971 69.949 69.534 67.788 81.035 87.586 80.77 69.605 66.104 63.478 68.002
8.586761 75.723 80.938 104.173 114.739 102.911 94.922 77.991 112.696 100.625 92.874 84.517 79.53 114.01 98.856 90.008 84.488 80.023 74.457 74.662 74.64 74.225 72.479 85.726 92.278 85.461 74.296 70.795 68.17 72.693
8.846461 80.702 85.918 109.153 119.719 107.89 99.902 82.971 117.676 105.605 97.853 89.497 84.51 118.99 103.835 94.987 89.468 85.002 79.437 79.641 79.62 79.205 77.459 90.706 97.257 90.44 79.276 75.775 73.149 77.673
9.114017 85.987 91.203 114.438 125.004 113.175 105.187 88.256 122.961 110.89 103.138 94.782 89.795 124.275 109.12 100.273 94.753 90.287 84.722 84.927 84.905 84.49 82.744 95.991 102.542 95.726 84.561 81.06 78.434 82.958
9.389664 91.597 96.813 120.048 130.614 118.785 110.797 93.866 128.571 116.499 108.748 100.392 95.405 129.885 114.73 105.882 100.363 95.897 90.332 90.536 90.515 90.099 88.354 101.601 108.152 101.335 90.17 86.67 84.044 88.568
9.673648 97.551 102.767 126.002 136.568 124.739 116.751 99.82 134.525 122.454 114.702 106.346 101.359 135.839 120.684 111.837 106.317 101.851 96.286 96.49 96.469 96.054 94.308 107.555 114.106 107.289 96.125 92.624 89.998 94.522
9.966221 103.871 109.087 132.322 142.888 131.059 123.071 106.139 140.845 128.773 121.022 112.666 107.679 142.159 127.004 118.156 112.637 108.171 102.605 102.81 102.789 102.373 100.628 113.875 120.426 113.609 102.444 98.944 96.318 100.842
10.267642 110.579 115.795 139.029 149.596 137.767 129.779 112.847 147.552 135.481 127.73 119.373 114.386 148.866 133.712 124.864 119.344 114.879 109.313 109.518 109.497 109.081 107.335 120.582 127.134 120.317 109.152 105.652 103.026 107.549
10.57818 117.699 122.914 146.149 156.715 144.887 136.898 119.967 154.672 142.601 134.85 126.493 121.506 155.986 140.832 131.984 126.464 121.998 116.433 116.638 116.616 116.201 114.455 127.702 134.254 127.437 116.272 112.771 110.146 114.669
10.89811 125.256 130.471 153.706 164.272 152.444 144.455 127.524 162.229 150.158 142.407 134.05 129.063 163.543 148.389 139.541 134.021 129.555 123.99 124.195 124.173 123.758 122.012 135.259 141.81 134.994 123.829 120.328 117.702 122.226
11.227716 133.276 138.492 161.727 172.293 160.464 152.476 135.545 170.25 158.179 150.427 142.071 137.084 171.564 156.409 147.562 142.042 137.576 132.011 132.216 132.194 131.779 130.033 143.28 149.831 143.015 131.85 128.349 125.723 130.247
11.56729 141.79 147.006 170.24 180.807 168.978 160.99 144.058 178.763 166.692 158.941 150.584 145.597 180.077 164.923 156.075 150.555 146.09 140.524 140.729 140.708 140.292 138.546 151.793 158.345 151.528 140.363 136.863 134.237 138.76
11.917135 150.826 156.042 179.277 189.843 178.014 170.026 153.094 187.8 175.728 167.977 159.621 154.634 189.114 173.959 165.111 159.592 155.126 149.56 149.765 149.744 149.328 147.583 160.83 167.381 160.564 149.399 145.899 143.273 147.797
12.277561 160.417 165.633 188.868 199.434 187.605 179.617 162.686 197.391 185.319 177.568 169.212 164.225 198.705 183.55 174.702 169.183 164.717 159.152 159.356 159.335 158.919 157.174 170.421 176.972 170.155 158.99 155.49 152.864 157.388
12.648887 170.597 175.813 199.048 209.614 197.785 189.797 172.865 207.571 195.499 187.748 179.392 174.405 208.885 193.73 184.882 179.363 174.897 169.331 169.536 169.515 169.099 167.354 180.6 187.152 180.335 169.17 165.67 163.044 167.568
13.031444 181.402 186.618 209.853 220.419 208.59 200.602 183.671 218.376 206.304 198.553 190.197 185.21 219.69 204.535 195.687 190.168 185.702 180.137 180.341 180.32 179.904 178.159 191.406 197.957 191.14 179.975 176.475 173.849 178.373
13.425571 192.871 198.086 221.321 231.887 220.059 212.07 195.139 229.844 217.773 210.022 201.665 196.678 231.158 216.004 207.156 201.636 197.17 191.605 191.81 191.788 191.373 189.627 202.874 209.426 202.609 191.444 187.943 185.318 189.841
13.831619 205.043 210.259 233.494 244.06 232.231 224.243 207.312 242.017 229.946 222.194 213.838 208.851 243.331 228.176 219.329 213.809 209.343 203.778 203.982 203.961 203.546 201.8 215.047 221.598 214.781 203.617 200.116 197.49 202.014
14.249947 217.964 223.179 246.414 256.98 245.152 237.163 220.232 254.937 242.866 235.114 226.758 221.771 256.251 241.097 232.249 226.729 222.263 216.698 216.903 216.881 216.466 214.72 227.967 234.518 227.702 216.537 213.036 210.41 214.934
14.680926 231.677 236.893 260.128 270.694 258.865 250.877 233.945 268.65 256.579 248.828 240.471 235.485 269.964 254.81 245.962 240.442 235.977 230.411 230.616 230.595 230.179 228.433 241.68 248.232 241.415 230.25 226.75 224.124 228.648
15.124941 246.233 251.448 274.683 285.249 273.421 265.432 248.501 283.206 271.135 263.384 255.027 250.04 284.52 269.366 260.518 254.998 250.532 244.967 245.172 245.15 244.735 242.989 256.236 262.787 255.971 244.806 241.305 238.679 243.203
15.582385 261.682 266.898 290.132 300.698 288.87 280.882 263.95 298.655 286.584 278.833 270.476 265.489 299.969 284.815 275.967 270.447 265.982 260.416 260.621 260.6 260.184 258.438 271.685 278.237 271.42 260.255 256.755 254.129 258.652
16.053663 278.08 283.295 306.53 317.096 305.268 297.28 280.348 315.053 302.982 295.231 286.874 281.887 316.367 301.213 292.365 286.845 282.38 276.814 277.019 276.997 276.582 274.836 288.083 294.635 287.818 276.653 273.153 270.527 275.05
16.539195 295.485 300.7 323.935 334.501 322.673 314.684 297.753 332.458 320.387 312.636 304.279 299.292 333.772 318.618 309.77 304.25 299.784 294.219 294.424 294.402 293.987 292.241 305.488 312.04 305.223 294.058 290.557 287.932 292.455
17.039412 313.958 319.174 342.409 352.975 341.146 333.158 316.227 350.932 338.861 331.109 322.753 317.766 352.246 337.091 328.243 322.724 318.258 312.693 312.897 312.876 312.461 310.715 323.962 330.513 323.696 312.532 309.031 306.405 310.929
17.554757 333.566 338.782 362.017 372.583 360.754 352.766 335.835 370.54 358.468 350.717 342.361 337.374 371.854 356.699 347.851 342.332 337.866 332.301 332.505 332.484 332.068 330.323 343.57 350.121 343.304 332.139 328.639 326.013 330.537
18.085689 354.378 359.594 382.829 393.395 381.566 373.578 356.646 391.351 379.28 371.529 363.172 358.186 392.665 377.511 368.663 363.143 358.678 353.112 353.317 353.296 352.88 351.134 364.381 370.933 364.116 352.951 349.451 346.825 351.349
18.632678 376.468 381.683 404.918 415.484 403.656 395.668 378.736 413.441 401.37 393.619 385.262 380.275 414.755 399.601 390.753 385.233 380.768 375.202 375.407 375.385 374.97 373.224 386.471 393.023 386.206 375.041 371.541 368.915 373.438
19.196211 399.914 405.13 428.365 438.931 427.102 419.114 402.182 436.887 424.816 417.065 408.708 403.722 438.201 423.047 414.199 408.679 404.214 398.648 398.853 398.832 398.416 396.67 409.917 416.469 409.652 398.487 394.987 392.361 396.885
19.776787 424.8 430.016 453.25 463.816 451.988 444.0 427.068 461.773 449.702 441.951 433.594 428.607 463.087 447.933 439.085 433.565 429.1 423.534 423.739 423.718 423.302 421.556 434.803 441.355 434.538 423.373 419.873 417.247 421.77
20.374923 451.214 456.429 479.664 490.23 478.402 470.414 453.482 488.187 476.116 468.365 460.008 455.021 489.501 474.347 465.499 459.979 455.514 449.948 450.153 450.131 449.716 447.97 461.217 467.769 460.952 449.787 446.287 443.661 448.184
20.991149 479.25 484.465 507.7 518.266 506.438 498.449 481.518 516.223 504.152 496.401 488.044 483.057 517.537 502.383 493.535 488.015 483.549 477.984 478.189 478.167 477.752 476.006 489.253 495.805 488.988 477.823 474.322 471.697 476.22
21.626011 509.007 514.223 537.458 548.024 536.195 528.207 511.275 545.98 533.909 526.158 517.801 512.815 547.294 532.14 523.292 517.772 513.307 507.741 507.946 507.925 507.509 505.763 519.01 525.562 518.745 507.58 504.08 501.454 505.978
22.280075 540.592 545.807 569.042 579.608 567.78 559.791 542.86 577.565 565.494 557.743 549.386 544.399 578.879 563.725 554.877 549.357 544.891 539.326 539.531 539.509 539.094 537.348 550.595 557.146 550.33 539.165 535.664 533.038 537.562
22.953921 574.116 579.331 602.566 613.132 601.304 593.315 576.384 611.089 599.018 591.266 582.91 577.923 612.403 597.249 588.401 582.881 578.415 572.85 573.055 573.033 572.618 570.872 584.119 590.67 583.854 572.689 569.188 566.562 571.086
23.648147 609.698 614.914 638.148 648.715 636.886 628.898 611.966 646.671 634.6 626.849 618.492 613.505 647.985 632.831 623.983 618.463 613.998 608.432 608.637 608.616 608.2 606.454 619.701 626.253 619.436 608.271 604.771 602.145 606.668
24.363369 647.465 652.681 675.916 686.482 674.653 666.665 649.734 684.439 672.368 664.616 656.26 651.273 685.753 670.598 661.75 656.231 651.765 646.2 646.404 646.383 645.968 644.222 657.469 664.02 657.203 646.039 642.538 639.912 644.436
25.100222 687.552 692.767 716.002 726.568 714.74 706.751 689.82 724.525 712.454 704.703 696.346 691.359 725.839 710.685 701.837 696.317 691.851 686.286 686.491 686.469 686.054 684.308 697.555 704.106 697.29 686.125 682.624 679.998 684.522
25.859362 730.099 735.315 758.55 769.116 757.287 749.299 732.368 767.073 755.002 747.25 738.894 733.907 768.387 753.232 744.385 738.865 734.399 728.834 729.039 729.017 728.602 726.856 740.103 746.654 739.837 728.673 725.172 722.546 727.07
26.64146 775.26 780.475 nan nan nan nan 777.528 nan nan 794.258 784.057 779.067 nan nan 792.154 784.024 779.56 773.994 774.199 774.177 773.762 772.016 785.268 nan 785.005 773.833 770.332 767.707 772.23
27.447213 nan nan nan nan nan nan nan nan nan nan nan nan nan nan nan nan nan nan nan nan nan nan nan nan nan nan nan nan nan
28.277335 nan nan nan nan nan nan nan nan nan nan nan nan nan nan nan nan nan nan nan nan nan nan nan nan nan nan nan nan nan
29.132564 nan nan nan nan nan nan nan nan nan nan nan nan nan nan nan nan nan nan nan nan nan nan nan nan nan nan nan nan nan
30.013659 nan nan nan nan nan nan nan nan nan nan nan nan nan nan nan nan nan nan nan nan nan nan nan nan nan nan nan nan nan
30.921401 nan nan nan nan nan nan nan nan nan nan nan nan nan nan nan nan nan nan nan nan nan nan nan nan nan nan nan nan nan
31.856598 nan nan nan nan nan nan nan nan nan nan nan nan nan nan nan nan nan nan nan nan nan nan nan nan nan nan nan nan nan
32.820079 nan nan nan nan nan nan nan nan nan nan nan nan nan nan nan nan nan nan nan nan nan nan nan nan nan nan nan nan nan
33.8127 nan nan nan nan nan nan nan nan nan nan nan nan nan nan nan nan nan nan nan nan nan nan nan nan nan nan nan nan nan
34.835342 nan nan nan nan nan nan nan nan nan nan nan nan nan nan nan nan nan nan nan nan nan nan nan nan nan nan nan nan nan
35.888913 nan nan nan nan nan nan nan nan nan nan nan nan nan nan nan nan nan nan nan nan nan nan nan nan nan nan nan nan nan
36.974349 nan nan nan nan nan nan nan nan nan nan nan nan nan nan nan nan nan nan nan nan nan nan nan nan nan nan nan nan nan
38.092613 nan nan nan nan nan nan nan nan nan nan nan nan nan nan nan nan nan nan nan nan nan nan nan nan nan nan nan nan nan
39.244698 nan nan nan nan nan nan nan nan nan nan nan nan nan nan nan nan nan nan nan nan nan nan nan nan nan nan nan nan nan
40.431627 nan nan nan nan nan nan nan nan nan nan nan nan nan nan nan nan nan nan nan nan nan nan nan nan nan nan nan nan nan
41.654454 nan nan nan nan nan nan nan nan nan nan nan nan nan nan nan nan nan nan nan nan nan nan nan nan nan nan nan nan nan
42.914265 nan nan nan nan nan nan nan nan nan nan nan nan nan nan nan nan nan nan nan nan nan nan nan nan nan nan nan nan nan
44.212178 nan nan nan nan nan nan nan nan nan nan nan nan nan nan nan nan nan nan nan nan nan nan nan nan nan nan nan nan nan
45.549345 nan nan nan nan nan nan nan nan nan nan nan nan nan nan nan nan nan nan nan nan nan nan nan nan nan nan nan nan nan
46.926954 nan nan nan nan nan nan nan nan nan nan nan nan nan nan nan nan nan nan nan nan nan nan nan nan nan nan nan nan nan
48.346227 nan nan nan nan nan nan nan nan nan nan nan nan nan nan nan nan nan nan nan nan nan nan nan nan nan nan nan nan nan
49.808426 nan nan nan nan nan nan nan nan nan nan nan nan nan nan nan nan nan nan nan nan nan nan nan nan nan nan nan nan nan
51.314848 nan nan nan nan nan nan nan nan nan nan nan nan nan nan nan nan nan nan nan nan nan nan nan nan nan nan nan nan nan
52.86683 nan nan nan nan nan nan nan nan nan nan nan nan nan nan nan nan nan nan nan nan nan nan nan nan nan nan nan nan nan
54.465752 nan nan nan nan nan nan nan nan nan nan nan nan nan nan nan nan nan nan nan nan nan nan nan nan nan nan nan nan nan
56.113031 nan nan nan nan nan nan nan nan nan nan nan nan nan nan nan nan nan nan nan nan nan nan nan nan nan nan nan nan nan
57.810132 nan nan nan nan nan nan nan nan nan nan nan nan nan nan nan nan nan nan nan nan nan nan nan nan nan nan nan nan nan
59.55856 nan nan nan nan nan nan nan nan nan nan nan nan nan nan nan nan nan nan nan nan nan nan nan nan nan nan nan nan nan
61.359868 nan nan nan nan nan nan nan nan nan nan nan nan nan nan nan nan nan nan nan nan nan nan nan nan nan nan nan nan nan
63.215655 nan nan nan nan nan nan nan nan nan nan nan nan nan nan nan nan nan nan nan nan nan nan nan nan nan nan nan nan nan
65.127569 nan nan nan nan nan nan nan nan nan nan nan nan nan nan nan nan nan nan nan nan nan nan nan nan nan nan nan nan nan
67.097308 nan nan nan nan nan nan nan nan nan nan nan nan nan nan nan nan nan nan nan nan nan nan nan nan nan nan nan nan nan
69.126621 nan nan nan nan nan nan nan nan nan nan nan nan nan nan nan nan nan nan nan nan nan nan nan nan nan nan nan nan nan
71.217308 nan nan nan nan nan nan nan nan nan nan nan nan nan nan nan nan nan nan nan nan nan nan nan nan nan nan nan nan nan
73.371227 nan nan nan nan nan nan nan nan nan nan nan nan nan nan nan nan nan nan nan nan nan nan nan nan nan nan nan nan nan
75.59029 nan nan nan nan nan nan nan nan nan nan nan nan nan nan nan nan nan nan nan nan nan nan nan nan nan nan nan nan nan
77.876467 nan nan nan nan nan nan nan nan nan nan nan nan nan nan nan nan nan nan nan nan nan nan nan nan nan nan nan nan nan
80.231787 nan nan nan nan nan nan nan nan nan nan nan nan nan nan nan nan nan nan nan nan nan nan nan nan nan nan nan nan nan
82.658343 nan nan nan nan nan nan nan nan nan nan nan nan nan nan nan nan nan nan nan nan nan nan nan nan nan nan nan nan nan
85.158288 nan nan nan nan nan nan nan nan nan nan nan nan nan nan nan nan nan nan nan nan nan nan nan nan nan nan nan nan nan
87.733843 nan nan nan nan nan nan nan nan nan nan nan nan nan nan nan nan nan nan nan nan nan nan nan nan nan nan nan nan nan
90.387293 nan nan nan nan nan nan nan nan nan nan nan nan nan nan nan nan nan nan nan nan nan nan nan nan nan nan nan nan nan
93.120995 nan nan nan nan nan nan nan nan nan nan nan nan nan nan nan nan nan nan nan nan nan nan nan nan nan nan nan nan nan
95.937376 nan nan nan nan nan nan nan nan nan nan nan nan nan nan nan nan nan nan nan nan nan nan nan nan nan nan nan nan nan
98.838937 nan nan nan nan nan nan nan nan nan nan nan nan nan nan nan nan nan nan nan nan nan nan nan nan nan nan nan nan nan
101.828253 nan nan nan nan nan nan nan nan nan nan nan nan nan nan nan nan nan nan nan nan nan nan nan nan nan nan nan nan nan
104.907979 nan nan nan nan nan nan nan nan nan nan nan nan nan nan nan nan nan nan nan nan nan nan nan nan nan nan nan nan nan
108.080849 nan nan nan nan nan nan nan nan nan nan nan nan nan nan nan nan nan nan nan nan nan nan nan nan nan nan nan nan nan
111.349681 nan nan nan nan nan nan nan nan nan nan nan nan nan nan nan nan nan nan nan nan nan nan nan nan nan nan nan nan nan
114.717376 nan nan nan nan nan nan nan nan nan nan nan nan nan nan nan nan nan nan nan nan nan nan nan nan nan nan nan nan nan
118.186925 nan nan nan nan nan nan nan nan nan nan nan nan nan nan nan nan nan nan nan nan nan nan nan nan nan nan nan nan nan
121.761408 nan nan nan nan nan nan nan nan nan nan nan nan nan nan nan nan nan nan nan nan nan nan nan nan nan nan nan nan nan
125.443999 nan nan nan nan nan nan nan nan nan nan nan nan nan nan nan nan nan nan nan nan nan nan nan nan nan nan nan nan nan
129.237967 nan nan nan nan nan nan nan nan nan nan nan nan nan nan nan nan nan nan nan nan nan nan nan nan nan nan nan nan nan
133.146681 nan nan nan nan nan nan nan nan nan nan nan nan nan nan nan nan nan nan nan nan nan nan nan nan nan nan nan nan nan
137.173612 nan nan nan nan nan nan nan nan nan nan nan nan nan nan nan nan nan nan nan nan nan nan nan nan nan nan nan nan nan
141.322334 nan nan nan nan nan nan nan nan nan nan nan nan nan nan nan nan nan nan nan nan nan nan nan nan nan nan nan nan nan
145.596532 nan nan nan nan nan nan nan nan nan nan nan nan nan nan nan nan nan nan nan nan nan nan nan nan nan nan nan nan nan
150.0 nan nan nan nan nan nan nan nan nan nan nan nan nan nan nan nan nan nan nan nan nan nan nan nan nan nan nan nan nan
