# %ECSV 1.0
# ---
# datatype:
# - {name: time, datatype: float64}
# - {name: swift_uvot_uvw2, datatype: float64}
# - {name: swift_uvot_uvm2, datatype: float64}
# - {name: swift_uvot_uvw1, datatype: float64}
# - {name: swift_uvot_U, datatype: float64}
# - {name: swift_uvot_B, datatype: float64}
# - {name: swift_uvot_V, datatype: float64}
# - {name: swift_uvot_W, datatype: float64}
# - {name: johnson_U, datatype: float64}
# - {name: johnson_B, datatype: float64}
# - {name: johnson_V, datatype: float64}
# - {name: johnson_R, datatype: float64}
# - {name: johnson_I, datatype: float64}
# - {name: sdss_u, datatype: float64}
# - {name: sdss_g, datatype: float64}
# - {name: sdss_r, datatype: float64}
# - {name: sdss_i, datatype: float64}
# - {name: sdss_z, datatype: float64}
# - {name: PS1_g, datatype: float64}
# - {name: PS1_r, datatype: float64}
# - {name: PS1_i, datatype: float64}
# - {name: PS1_z, datatype: float64}
# - {name: PS1_Y, datatype: float64}
# - {name: PS1_w, datatype: float64}
# - {name: ATLAS_c, datatype: float64}
# - {name: ATLAS_o, datatype: float64}
# - {name: ukirt_J, datatype: float64}
# - {name: ukirt_H, datatype: float64}
# - {name: ukirt_K, datatype: float64}
# - {name: Clear, datatype: float64}
# meta: !!omap
# - comment: [E = 0.0011641960487160344, Eta0 = 8.02, GammaB = 12.0, dL = 0.012188, epsb = 6.760829753919819e-06, epse = 0.1, n = 0.000630957344480193,
#     p = 2.15, theta_obs = 0.29670597283903605, xiN = 1.0, z = 0.0, type = grb, E_kiso = 2.6826957952797246]
# schema: astropy-2.0
time swift_uvot_uvw2 swift_uvot_uvm2 swift_uvot_uvw1 swift_uvot_U swift_uvot_B swift_uvot_V swift_uvot_W johnson_U johnson_B johnson_V johnson_R johnson_I sdss_u sdss_g sdss_r sdss_i sdss_z PS1_g PS1_r PS1_i PS1_z PS1_Y PS1_w ATLAS_c ATLAS_o ukirt_J ukirt_H ukirt_K Clear
0.01 16.312 16.362 16.287 16.094 15.951 15.812 16.173 16.071 15.949 15.807 15.667 15.518 16.077 15.904 15.732 15.611 15.501 15.84 15.698 15.578 15.479 15.31 15.734 15.83 15.677 15.289 15.119 14.929 15.644
0.0102 16.168 16.217 16.143 15.95 15.807 15.668 16.029 15.927 15.805 15.663 15.522 15.374 15.932 15.76 15.588 15.467 15.356 15.696 15.553 15.434 15.334 15.166 15.59 15.685 15.532 15.145 14.975 14.785 15.5
0.0105 16.024 16.073 15.998 15.805 15.663 15.524 15.885 15.783 15.66 15.519 15.378 15.23 15.788 15.615 15.444 15.323 15.212 15.552 15.409 15.289 15.19 15.022 15.446 15.541 15.388 15.0 14.831 14.641 15.356
0.0107 15.879 15.929 15.854 15.661 15.519 15.379 15.74 15.639 15.516 15.374 15.234 15.085 15.644 15.471 15.299 15.179 15.068 15.407 15.265 15.145 15.046 14.878 15.301 15.397 15.244 14.856 14.687 14.496 15.211
0.011 15.735 15.785 15.71 15.517 15.374 15.235 15.596 15.494 15.372 15.23 15.09 14.941 15.499 15.327 15.155 15.034 14.924 15.263 15.12 15.001 14.902 14.733 15.157 15.252 15.1 14.712 14.542 14.352 15.067
0.0113 15.591 15.64 15.565 15.372 15.23 15.091 15.452 15.35 15.228 15.086 14.945 14.797 15.355 15.183 15.011 14.89 14.779 15.119 14.976 14.856 14.757 14.589 15.013 15.108 14.955 14.567 14.398 14.208 14.923
0.0115 15.447 15.496 15.421 15.228 15.086 14.947 15.307 15.206 15.083 14.941 14.801 14.652 15.211 15.038 14.866 14.746 14.635 14.974 14.832 14.712 14.613 14.445 14.869 14.964 14.811 14.423 14.254 14.063 14.778
0.0118 15.302 15.352 15.277 15.084 14.941 14.802 15.163 15.062 14.939 14.797 14.657 14.508 15.067 14.894 14.722 14.601 14.491 14.83 14.688 14.568 14.469 14.301 14.724 14.82 14.667 14.279 14.109 13.919 14.634
0.0121 15.158 15.207 15.133 14.94 14.797 14.658 15.019 14.917 14.795 14.653 14.512 14.364 14.922 14.75 14.578 14.457 14.346 14.686 14.543 14.424 14.324 14.156 14.58 14.675 14.522 14.135 13.965 13.775 14.49
0.0124 15.052 15.101 15.026 14.833 14.691 14.552 14.913 14.811 14.689 14.547 14.406 14.258 14.816 14.644 14.472 14.351 14.24 14.58 14.437 14.317 14.218 14.05 14.474 14.569 14.416 14.028 13.859 13.669 14.384
0.0127 14.995 15.045 14.97 14.777 14.635 14.496 14.856 14.755 14.632 14.49 14.35 14.201 14.76 14.587 14.415 14.295 14.184 14.523 14.381 14.261 14.162 13.994 14.418 14.513 14.36 13.972 13.803 13.612 14.327
0.013 14.939 14.989 14.914 14.721 14.578 14.439 14.8 14.698 14.576 14.434 14.294 14.145 14.703 14.531 14.359 14.238 14.128 14.467 14.324 14.205 14.106 13.937 14.361 14.456 14.304 13.916 13.746 13.556 14.271
0.0133 14.883 14.932 14.857 14.664 14.522 14.383 14.744 14.642 14.52 14.378 14.237 14.089 14.647 14.474 14.303 14.182 14.071 14.411 14.268 14.148 14.049 13.881 14.305 14.4 14.247 13.859 13.69 13.5 14.215
0.0136 14.826 14.876 14.801 14.608 14.466 14.326 14.687 14.586 14.463 14.321 14.181 14.032 14.591 14.418 14.246 14.126 14.015 14.354 14.212 14.092 13.993 13.825 14.248 14.344 14.191 13.803 13.634 13.443 14.158
0.014 14.77 14.819 14.745 14.552 14.409 14.27 14.631 14.529 14.407 14.265 14.124 13.976 14.534 14.362 14.19 14.069 13.959 14.298 14.155 14.036 13.937 13.768 14.192 14.287 14.135 13.747 13.577 13.387 14.102
0.0143 14.714 14.763 14.688 14.495 14.353 14.214 14.575 14.473 14.35 14.209 14.068 13.92 14.478 14.305 14.133 14.013 13.902 14.242 14.099 13.979 13.88 13.712 14.136 14.231 14.078 13.69 13.521 13.331 14.046
0.0146 14.657 14.707 14.632 14.439 14.296 14.157 14.518 14.417 14.294 14.152 14.012 13.863 14.422 14.249 14.077 13.956 13.846 14.185 14.043 13.923 13.824 13.656 14.079 14.175 14.022 13.634 13.464 13.274 13.989
0.015 14.601 14.65 14.575 14.383 14.24 14.101 14.462 14.36 14.238 14.096 13.955 13.807 14.365 14.193 14.021 13.9 13.789 14.129 13.986 13.866 13.767 13.599 14.023 14.118 13.965 13.577 13.408 13.218 13.933
0.0154 14.545 14.594 14.519 14.326 14.184 14.045 14.405 14.304 14.181 14.039 13.899 13.75 14.309 14.136 13.964 13.844 13.733 14.072 13.93 13.81 13.711 13.543 13.967 14.062 13.909 13.521 13.352 13.161 13.876
0.0157 14.472 14.522 14.447 14.254 14.112 13.972 14.333 14.232 14.109 13.967 13.827 13.678 14.237 14.064 13.892 13.771 13.661 14.0 13.858 13.738 13.639 13.471 13.894 13.99 13.837 13.449 13.28 13.089 13.804
0.0161 14.389 14.438 14.363 14.17 14.028 13.889 14.249 14.148 14.025 13.884 13.743 13.594 14.153 13.98 13.808 13.688 13.577 13.917 13.774 13.654 13.555 13.387 13.811 13.906 13.753 13.365 13.196 13.005 13.72
0.0165 14.305 14.354 14.279 14.086 13.944 13.805 14.166 14.064 13.942 13.8 13.659 13.511 14.069 13.897 13.725 13.604 13.493 13.833 13.69 13.57 13.471 13.303 13.727 13.822 13.669 13.281 13.112 12.922 13.637
0.0169 14.221 14.271 14.196 14.003 13.86 13.721 14.082 13.98 13.858 13.716 13.576 13.427 13.985 13.813 13.641 13.52 13.41 13.749 13.606 13.487 13.388 13.219 13.643 13.738 13.586 13.198 13.028 12.838 13.553
0.0173 14.137 14.187 14.112 13.919 13.777 13.637 13.998 13.897 13.774 13.632 13.492 13.343 13.902 13.729 13.557 13.436 13.326 13.665 13.523 13.403 13.304 13.136 13.559 13.655 13.502 13.114 12.945 12.754 13.469
0.0177 14.054 14.103 14.028 13.835 13.693 13.554 13.914 13.813 13.69 13.549 13.408 13.259 13.818 13.645 13.473 13.353 13.242 13.582 13.439 13.319 13.22 13.052 13.476 13.571 13.418 13.03 12.861 12.67 13.385
0.0181 13.97 14.019 13.944 13.751 13.609 13.47 13.831 13.729 13.607 13.465 13.324 13.176 13.734 13.562 13.39 13.269 13.158 13.498 13.355 13.235 13.136 12.968 13.392 13.487 13.334 12.946 12.777 12.587 13.302
0.0186 13.886 13.936 13.861 13.668 13.525 13.386 13.747 13.645 13.523 13.381 13.241 13.092 13.65 13.478 13.306 13.185 13.075 13.414 13.271 13.152 13.053 12.884 13.308 13.403 13.251 12.863 12.693 12.503 13.218
0.019 13.802 13.852 13.777 13.584 13.442 13.302 13.663 13.562 13.439 13.297 13.157 13.008 13.567 13.394 13.222 13.101 12.991 13.33 13.188 13.068 12.969 12.801 13.224 13.32 13.167 12.779 12.61 12.419 13.134
0.0195 13.719 13.768 13.693 13.5 13.358 13.219 13.579 13.478 13.355 13.214 13.073 12.924 13.483 13.31 13.138 13.018 12.907 13.247 13.104 12.984 12.885 12.717 13.141 13.236 13.083 12.695 12.526 12.335 13.05
0.02 13.468 13.517 13.443 13.25 13.107 12.968 13.329 13.227 13.105 12.963 12.822 12.674 13.232 13.06 12.888 12.767 12.656 12.996 12.853 12.733 12.634 12.466 12.89 12.985 12.832 12.444 12.275 12.085 12.8
0.0204 13.152 13.202 13.127 12.934 12.792 12.653 13.013 12.912 12.789 12.647 12.507 12.358 12.917 12.744 12.572 12.452 12.341 12.68 12.538 12.418 12.319 12.151 12.575 12.67 12.517 12.129 11.96 11.769 12.484
0.0209 12.837 12.886 12.812 12.619 12.476 12.337 12.698 12.596 12.474 12.332 12.191 12.043 12.601 12.429 12.257 12.136 12.025 12.365 12.222 12.103 12.003 11.835 12.259 12.354 12.201 11.814 11.644 11.454 12.169
0.0214 12.521 12.571 12.496 12.303 12.161 12.022 12.382 12.281 12.158 12.016 11.876 11.727 12.286 12.113 11.941 11.821 11.71 12.049 11.907 11.787 11.688 11.52 11.944 12.039 11.886 11.498 11.329 11.138 11.853
0.022 12.206 12.255 12.181 11.988 11.845 11.706 12.067 11.965 11.843 11.701 11.56 11.412 11.97 11.798 11.626 11.505 11.395 11.734 11.591 11.472 11.373 11.204 11.628 11.723 11.571 11.183 11.013 10.823 11.538
0.0225 11.891 11.94 11.865 11.672 11.53 11.391 11.751 11.65 11.527 11.385 11.245 11.096 11.655 11.482 11.31 11.19 11.079 11.418 11.276 11.156 11.057 10.889 11.313 11.408 11.255 10.867 10.698 10.507 11.222
0.023 11.575 11.624 11.55 11.357 11.214 11.075 11.436 11.334 11.212 11.07 10.93 10.781 11.339 11.167 10.995 10.874 10.764 11.103 10.96 10.841 10.742 10.573 10.997 11.092 10.94 10.552 10.382 10.192 10.907
0.0236 11.26 11.309 11.234 11.041 10.899 10.76 11.12 11.019 10.896 10.755 10.614 10.465 11.024 10.851 10.679 10.559 10.448 10.788 10.645 10.525 10.426 10.258 10.682 10.777 10.624 10.236 10.067 9.876 10.591
0.0242 10.944 10.994 10.919 10.726 10.583 10.444 10.805 10.703 10.581 10.439 10.299 10.15 10.708 10.536 10.364 10.243 10.133 10.472 10.329 10.21 10.111 9.942 10.366 10.461 10.309 9.921 9.751 9.561 10.276
0.0247 10.629 10.678 10.603 10.41 10.268 10.129 10.49 10.388 10.265 10.124 9.983 9.835 10.393 10.22 10.048 9.928 9.817 10.157 10.014 9.894 9.795 9.627 10.051 10.146 9.993 9.605 9.436 9.245 9.96
0.0253 10.467 10.517 10.442 10.249 10.107 9.967 10.328 10.227 10.104 9.962 9.822 9.673 10.232 10.059 9.887 9.767 9.656 9.995 9.853 9.733 9.634 9.466 9.889 9.985 9.832 9.444 9.275 9.084 9.799
0.0259 10.331 10.38 10.305 10.112 9.97 9.831 10.191 10.09 9.967 9.825 9.685 9.536 10.095 9.922 9.75 9.63 9.519 9.858 9.716 9.596 9.497 9.329 9.753 9.848 9.695 9.307 9.138 8.947 9.662
0.0266 10.194 10.243 10.168 9.975 9.833 9.694 10.055 9.953 9.831 9.689 9.548 9.4 9.958 9.785 9.614 9.493 9.382 9.722 9.579 9.459 9.36 9.192 9.616 9.711 9.558 9.17 9.001 8.811 9.526
0.0272 10.057 10.106 10.031 9.838 9.696 9.557 9.918 9.816 9.694 9.552 9.411 9.263 9.821 9.649 9.477 9.356 9.245 9.585 9.442 9.322 9.223 9.055 9.479 9.574 9.421 9.033 8.864 8.674 9.389
0.0279 9.92 9.969 9.895 9.702 9.559 9.42 9.781 9.679 9.557 9.415 9.274 9.126 9.684 9.512 9.34 9.219 9.109 9.448 9.305 9.186 9.087 8.918 9.342 9.437 9.285 8.897 8.727 8.537 9.252
0.0285 9.783 9.833 9.758 9.565 9.422 9.283 9.644 9.542 9.42 9.278 9.138 8.989 9.547 9.375 9.203 9.082 8.972 9.311 9.169 9.049 8.95 8.781 9.205 9.3 9.148 8.76 8.59 8.4 9.115
0.0292 9.646 9.696 9.621 9.428 9.286 9.146 9.507 9.406 9.283 9.141 9.001 8.852 9.411 9.238 9.066 8.945 8.835 9.174 9.032 8.912 8.813 8.645 9.068 9.164 9.011 8.623 8.454 8.263 8.978
0.0299 9.509 9.559 9.484 9.291 9.149 9.01 9.37 9.269 9.146 9.004 8.864 8.715 9.274 9.101 8.929 8.809 8.698 9.037 8.895 8.775 8.676 8.508 8.932 9.027 8.874 8.486 8.317 8.126 8.841
0.0307 9.373 9.422 9.347 9.154 9.012 8.873 9.234 9.132 9.009 8.868 8.727 8.579 9.137 8.964 8.792 8.672 8.561 8.901 8.758 8.638 8.539 8.371 8.795 8.89 8.737 8.349 8.18 7.99 8.705
0.0314 9.236 9.286 9.211 9.018 8.875 8.736 9.097 8.995 8.873 8.731 8.591 8.442 9.0 8.828 8.656 8.535 8.425 8.764 8.622 8.502 8.403 8.234 8.658 8.753 8.601 8.213 8.043 7.853 8.568
0.0322 9.156 9.205 9.131 8.938 8.795 8.656 9.017 8.915 8.793 8.651 8.51 8.362 8.92 8.748 8.576 8.455 8.344 8.684 8.541 8.421 8.322 8.154 8.578 8.673 8.52 8.132 7.963 7.773 8.488
0.0329 9.076 9.125 9.05 8.857 8.715 8.576 8.937 8.835 8.713 8.571 8.43 8.282 8.84 8.667 8.496 8.375 8.264 8.604 8.461 8.341 8.242 8.074 8.498 8.593 8.44 8.052 7.883 7.693 8.408
0.0337 8.995 9.045 8.97 8.777 8.635 8.496 8.856 8.755 8.632 8.49 8.35 8.201 8.76 8.587 8.415 8.295 8.184 8.523 8.381 8.261 8.162 7.994 8.418 8.513 8.36 7.972 7.803 7.612 8.327
0.0345 8.915 8.965 8.89 8.697 8.554 8.415 8.776 8.675 8.552 8.41 8.27 8.121 8.68 8.507 8.335 8.214 8.104 8.443 8.301 8.181 8.082 7.914 8.337 8.433 8.28 7.892 7.723 7.532 8.247
0.0354 8.835 8.884 8.81 8.617 8.474 8.335 8.696 8.594 8.472 8.33 8.19 8.041 8.599 8.427 8.255 8.134 8.024 8.363 8.22 8.101 8.002 7.833 8.257 8.352 8.2 7.812 7.642 7.452 8.167
0.0362 8.755 8.804 8.729 8.536 8.394 8.255 8.616 8.514 8.392 8.25 8.109 7.961 8.519 8.347 8.175 8.054 7.943 8.283 8.14 8.02 7.921 7.753 8.177 8.272 8.119 7.731 7.562 7.372 8.087
0.0371 8.675 8.724 8.649 8.456 8.314 8.175 8.536 8.434 8.311 8.17 8.029 7.881 8.439 8.266 8.094 7.974 7.863 8.203 8.06 7.94 7.841 7.673 8.097 8.192 8.039 7.651 7.482 7.291 8.006
0.038 8.594 8.644 8.569 8.376 8.234 8.094 8.455 8.354 8.231 8.089 7.949 7.8 8.359 8.186 8.014 7.894 7.783 8.122 7.98 7.86 7.761 7.593 8.016 8.112 7.959 7.571 7.402 7.211 7.926
0.0389 8.514 8.564 8.489 8.296 8.153 8.014 8.375 8.273 8.151 8.009 7.869 7.72 8.278 8.106 7.934 7.813 7.703 8.042 7.9 7.78 7.681 7.512 7.936 8.031 7.879 7.491 7.321 7.131 7.846
0.0398 8.438 8.487 8.412 8.219 8.077 7.938 8.299 8.197 8.074 7.933 7.792 7.644 8.202 8.029 7.858 7.737 7.626 7.966 7.823 7.703 7.604 7.436 7.86 7.955 7.802 7.414 7.245 7.055 7.77
0.0408 8.382 8.432 8.357 8.164 8.022 7.882 8.243 8.142 8.019 7.877 7.737 7.588 8.147 7.974 7.802 7.681 7.571 7.91 7.768 7.648 7.549 7.381 7.804 7.9 7.747 7.359 7.19 6.999 7.714
0.0418 8.327 8.376 8.302 8.109 7.966 7.827 8.188 8.086 7.964 7.822 7.681 7.533 8.091 7.919 7.747 7.626 7.515 7.855 7.712 7.593 7.493 7.325 7.749 7.844 7.691 7.304 7.134 6.944 7.659
0.0428 8.272 8.321 8.246 8.053 7.911 7.772 8.133 8.031 7.908 7.767 7.626 7.478 8.036 7.863 7.691 7.571 7.46 7.8 7.657 7.537 7.438 7.27 7.694 7.789 7.636 7.248 7.079 6.888 7.603
0.0438 8.216 8.266 8.191 7.998 7.855 7.716 8.077 7.976 7.853 7.711 7.571 7.422 7.981 7.808 7.636 7.515 7.405 7.744 7.602 7.482 7.383 7.215 7.638 7.734 7.581 7.193 7.023 6.833 7.548
0.0449 8.161 8.21 8.136 7.943 7.8 7.661 8.022 7.92 7.798 7.656 7.515 7.367 7.925 7.753 7.581 7.46 7.349 7.689 7.546 7.426 7.327 7.159 7.583 7.678 7.525 7.137 6.968 6.778 7.493
0.046 8.106 8.155 8.08 7.887 7.745 7.606 7.966 7.865 7.742 7.601 7.46 7.311 7.87 7.697 7.525 7.405 7.294 7.634 7.491 7.371 7.272 7.104 7.528 7.623 7.47 7.082 6.913 6.722 7.437
0.0471 8.05 8.1 8.025 7.832 7.689 7.55 7.911 7.809 7.687 7.545 7.405 7.256 7.815 7.642 7.47 7.349 7.239 7.578 7.436 7.316 7.217 7.048 7.472 7.568 7.415 7.027 6.857 6.667 7.382
0.0482 7.995 8.044 7.969 7.777 7.634 7.495 7.856 7.754 7.632 7.49 7.349 7.201 7.759 7.587 7.415 7.294 7.183 7.523 7.38 7.26 7.161 6.993 7.417 7.512 7.359 6.971 6.802 6.612 7.327
0.0494 7.94 7.989 7.914 7.721 7.579 7.44 7.8 7.699 7.576 7.434 7.294 7.145 7.704 7.531 7.359 7.239 7.128 7.467 7.325 7.205 7.106 6.938 7.362 7.457 7.304 6.916 6.747 6.556 7.271
0.0506 7.878 7.927 7.852 7.659 7.517 7.378 7.739 7.637 7.515 7.373 7.232 7.084 7.642 7.469 7.298 7.177 7.066 7.406 7.263 7.143 7.044 6.876 7.3 7.395 7.242 6.854 6.685 6.495 7.21
0.0518 7.8 7.85 7.775 7.582 7.439 7.3 7.661 7.559 7.437 7.295 7.155 7.006 7.564 7.392 7.22 7.099 6.989 7.328 7.186 7.066 6.967 6.798 7.222 7.317 7.165 6.777 6.607 6.417 7.132
0.053 7.723 7.772 7.697 7.504 7.362 7.223 7.584 7.482 7.359 7.218 7.077 6.929 7.487 7.314 7.142 7.022 6.911 7.251 7.108 6.988 6.889 6.721 7.145 7.24 7.087 6.699 6.53 6.34 7.055
0.0543 7.645 7.695 7.62 7.427 7.284 7.145 7.506 7.404 7.282 7.14 7.0 6.851 7.409 7.237 7.065 6.944 6.834 7.173 7.03 6.911 6.812 6.643 7.067 7.162 7.01 6.622 6.452 6.262 6.977
0.0556 7.568 7.617 7.542 7.349 7.207 7.068 7.428 7.327 7.204 7.063 6.922 6.773 7.332 7.159 6.987 6.867 6.756 7.096 6.953 6.833 6.734 6.566 6.99 7.085 6.932 6.544 6.375 6.184 6.899
0.057 7.49 7.539 7.465 7.272 7.129 6.99 7.351 7.249 7.127 6.985 6.844 6.696 7.254 7.082 6.91 6.789 6.679 7.018 6.875 6.756 6.657 6.488 6.912 7.007 6.855 6.467 6.297 6.107 6.822
0.0584 7.412 7.462 7.387 7.194 7.052 6.913 7.273 7.172 7.049 6.907 6.767 6.618 7.177 7.004 6.832 6.712 6.601 6.94 6.798 6.678 6.579 6.411 6.835 6.93 6.777 6.389 6.22 6.029 6.744
0.0598 7.335 7.384 7.31 7.117 6.974 6.835 7.196 7.094 6.972 6.83 6.689 6.541 7.099 6.927 6.755 6.634 6.523 6.863 6.72 6.601 6.501 6.333 6.757 6.852 6.699 6.312 6.142 5.952 6.667
0.0612 7.257 7.307 7.232 7.039 6.897 6.758 7.118 7.017 6.894 6.752 6.612 6.463 7.022 6.849 6.677 6.557 6.446 6.785 6.643 6.523 6.424 6.256 6.68 6.775 6.622 6.234 6.065 5.874 6.589
0.0627 7.18 7.229 7.154 6.962 6.819 6.68 7.041 6.939 6.817 6.675 6.534 6.386 6.944 6.772 6.6 6.479 6.368 6.708 6.565 6.445 6.346 6.178 6.602 6.697 6.544 6.156 5.987 5.797 6.512
0.0642 7.107 7.156 7.082 6.889 6.746 6.607 6.968 6.866 6.744 6.602 6.462 6.313 6.871 6.699 6.527 6.406 6.296 6.635 6.492 6.373 6.274 6.105 6.529 6.624 6.472 6.084 5.914 5.724 6.439
0.0657 7.04 7.09 7.015 6.822 6.679 6.54 6.901 6.799 6.677 6.535 6.395 6.246 6.805 6.632 6.46 6.339 6.229 6.568 6.426 6.306 6.207 6.039 6.462 6.558 6.405 6.017 5.847 5.657 6.372
0.0673 6.973 7.023 6.948 6.755 6.613 6.474 6.834 6.733 6.61 6.468 6.328 6.179 6.738 6.565 6.393 6.273 6.162 6.501 6.359 6.239 6.14 5.972 6.396 6.491 6.338 5.95 5.781 5.59 6.305
0.0689 6.907 6.956 6.881 6.688 6.546 6.407 6.768 6.666 6.543 6.402 6.261 6.113 6.671 6.498 6.326 6.206 6.095 6.435 6.292 6.172 6.073 5.905 6.329 6.424 6.271 5.883 5.714 5.524 6.239
0.0706 6.84 6.889 6.814 6.621 6.479 6.34 6.701 6.599 6.477 6.335 6.194 6.046 6.604 6.432 6.26 6.139 6.028 6.368 6.225 6.105 6.006 5.838 6.262 6.357 6.204 5.816 5.647 5.457 6.172
0.0723 6.773 6.822 6.748 6.555 6.412 6.273 6.634 6.532 6.41 6.268 6.128 5.979 6.537 6.365 6.193 6.072 5.962 6.301 6.158 6.039 5.94 5.771 6.195 6.29 6.138 5.75 5.58 5.39 6.105
0.0741 6.706 6.756 6.681 6.488 6.345 6.206 6.567 6.465 6.343 6.201 6.061 5.912 6.471 6.298 6.126 6.005 5.895 6.234 6.092 5.972 5.873 5.705 6.128 6.224 6.071 5.683 5.513 5.323 6.038
0.0758 6.639 6.689 6.614 6.421 6.279 6.14 6.5 6.399 6.276 6.134 5.994 5.845 6.404 6.231 6.059 5.939 5.828 6.167 6.025 5.905 5.806 5.638 6.062 6.157 6.004 5.616 5.447 5.256 5.971
0.0777 6.573 6.622 6.547 6.354 6.212 6.073 6.434 6.332 6.209 6.068 5.927 5.779 6.337 6.164 5.993 5.872 5.761 6.101 5.958 5.838 5.739 5.571 5.995 6.09 5.937 5.549 5.38 5.19 5.905
0.0795 6.506 6.555 6.48 6.287 6.145 6.006 6.367 6.265 6.143 6.001 5.86 5.712 6.27 6.098 5.926 5.805 5.694 6.034 5.891 5.771 5.672 5.504 5.928 6.023 5.87 5.482 5.313 5.123 5.838
0.0815 6.452 6.501 6.426 6.233 6.091 5.952 6.313 6.211 6.089 5.947 5.806 5.658 6.216 6.043 5.872 5.751 5.64 5.98 5.837 5.717 5.618 5.45 5.874 5.969 5.816 5.428 5.259 5.069 5.784
0.0834 6.407 6.456 6.382 6.189 6.046 5.907 6.268 6.166 6.044 5.902 5.761 5.613 6.171 5.999 5.827 5.706 5.595 5.935 5.792 5.673 5.574 5.405 5.829 5.924 5.772 5.384 5.214 5.024 5.739
0.0854 6.362 6.412 6.337 6.144 6.001 5.862 6.223 6.121 5.999 5.857 5.717 5.568 6.126 5.954 5.782 5.661 5.551 5.89 5.748 5.628 5.529 5.36 5.784 5.879 5.727 5.339 5.169 4.979 5.694
0.0875 6.317 6.367 6.292 6.099 5.957 5.817 6.178 6.077 5.954 5.812 5.672 5.523 6.082 5.909 5.737 5.617 5.506 5.845 5.703 5.583 5.484 5.316 5.74 5.835 5.682 5.294 5.125 4.934 5.649
0.0896 6.273 6.322 6.247 6.054 5.912 5.773 6.134 6.032 5.909 5.768 5.627 5.478 6.037 5.864 5.692 5.572 5.461 5.801 5.658 5.538 5.439 5.271 5.695 5.79 5.637 5.249 5.08 4.889 5.604
0.0918 6.228 6.277 6.202 6.009 5.867 5.728 6.089 5.987 5.865 5.723 5.582 5.434 5.992 5.819 5.648 5.527 5.416 5.756 5.613 5.493 5.394 5.226 5.65 5.745 5.592 5.204 5.035 4.845 5.56
0.094 6.183 6.232 6.158 5.965 5.822 5.683 6.044 5.942 5.82 5.678 5.537 5.389 5.947 5.775 5.603 5.482 5.372 5.711 5.568 5.449 5.35 5.181 5.605 5.7 5.548 5.16 4.99 4.8 5.515
0.0963 6.138 6.188 6.113 5.92 5.777 5.638 5.999 5.897 5.775 5.633 5.493 5.344 5.902 5.73 5.558 5.437 5.327 5.666 5.524 5.404 5.305 5.136 5.56 5.656 5.503 5.115 4.945 4.755 5.47
0.0986 6.093 6.143 6.068 5.875 5.733 5.594 5.954 5.853 5.73 5.588 5.448 5.299 5.858 5.685 5.513 5.393 5.282 5.621 5.479 5.359 5.26 5.092 5.516 5.611 5.458 5.07 4.901 4.71 5.425
0.101 6.049 6.098 6.023 5.83 5.688 5.549 5.91 5.808 5.685 5.544 5.403 5.255 5.813 5.64 5.468 5.348 5.237 5.577 5.434 5.314 5.215 5.047 5.471 5.566 5.413 5.025 4.856 4.665 5.38
0.1034 6.009 6.058 5.984 5.791 5.648 5.509 5.87 5.768 5.646 5.504 5.364 5.215 5.773 5.601 5.429 5.308 5.198 5.537 5.394 5.275 5.176 5.007 5.431 5.526 5.374 4.986 4.816 4.626 5.341
0.1059 5.971 6.021 5.946 5.753 5.611 5.472 5.832 5.731 5.608 5.466 5.326 5.177 5.736 5.563 5.391 5.271 5.16 5.499 5.357 5.237 5.138 4.97 5.394 5.489 5.336 4.948 4.779 4.588 5.303
0.1084 5.934 5.983 5.909 5.716 5.573 5.434 5.795 5.693 5.571 5.429 5.288 5.14 5.698 5.526 5.354 5.233 5.122 5.462 5.319 5.199 5.1 4.932 5.356 5.451 5.298 4.91 4.741 4.551 5.266
0.1111 5.896 5.946 5.871 5.678 5.536 5.396 5.757 5.656 5.533 5.391 5.251 5.102 5.661 5.488 5.316 5.196 5.085 5.424 5.282 5.162 5.063 4.895 5.319 5.414 5.261 4.873 4.704 4.513 5.228
0.1137 5.859 5.908 5.833 5.64 5.498 5.359 5.72 5.618 5.496 5.354 5.213 5.065 5.623 5.451 5.279 5.158 5.047 5.387 5.244 5.124 5.025 4.857 5.281 5.376 5.223 4.835 4.666 4.476 5.191
0.1165 5.821 5.871 5.796 5.603 5.461 5.321 5.682 5.581 5.458 5.316 5.176 5.027 5.586 5.413 5.241 5.12 5.01 5.349 5.207 5.087 4.988 4.82 5.243 5.339 5.186 4.798 4.629 4.438 5.153
0.1193 5.784 5.833 5.758 5.565 5.423 5.284 5.645 5.543 5.421 5.279 5.138 4.99 5.548 5.375 5.204 5.083 4.972 5.312 5.169 5.049 4.95 4.782 5.206 5.301 5.148 4.76 4.591 4.401 5.116
0.1222 5.746 5.796 5.721 5.528 5.385 5.246 5.607 5.505 5.383 5.241 5.101 4.952 5.51 5.338 5.166 5.045 4.935 5.274 5.132 5.012 4.913 4.744 5.168 5.263 5.111 4.723 4.553 4.363 5.078
0.1251 5.709 5.758 5.683 5.49 5.348 5.209 5.57 5.468 5.345 5.204 5.063 4.915 5.473 5.3 5.128 5.008 4.897 5.237 5.094 4.974 4.875 4.707 5.131 5.226 5.073 4.685 4.516 4.326 5.041
0.1281 5.671 5.721 5.646 5.453 5.31 5.171 5.532 5.43 5.308 5.166 5.026 4.877 5.435 5.263 5.091 4.97 4.86 5.199 5.056 4.937 4.838 4.669 5.093 5.188 5.036 4.648 4.478 4.288 5.003
0.1312 5.643 5.693 5.618 5.425 5.283 5.144 5.504 5.403 5.28 5.138 4.998 4.849 5.408 5.235 5.063 4.943 4.832 5.171 5.029 4.909 4.81 4.642 5.066 5.161 5.008 4.62 4.451 4.26 4.975
0.1344 5.617 5.667 5.592 5.399 5.257 5.117 5.478 5.377 5.254 5.112 4.972 4.823 5.382 5.209 5.037 4.916 4.806 5.145 5.003 4.883 4.784 4.616 5.039 5.135 4.982 4.594 4.425 4.234 4.949
0.1376 5.591 5.641 5.566 5.373 5.23 5.091 5.452 5.35 5.228 5.086 4.946 4.797 5.356 5.183 5.011 4.89 4.78 5.119 4.977 4.857 4.758 4.589 5.013 5.109 4.956 4.568 4.398 4.208 4.923
0.141 5.565 5.615 5.54 5.347 5.204 5.065 5.426 5.324 5.202 5.06 4.92 4.771 5.329 5.157 4.985 4.864 4.754 5.093 4.951 4.831 4.732 4.563 4.987 5.082 4.93 4.542 4.372 4.182 4.897
0.1444 5.539 5.588 5.514 5.321 5.178 5.039 5.4 5.298 5.176 5.034 4.893 4.745 5.303 5.131 4.959 4.838 4.728 5.067 4.924 4.805 4.706 4.537 4.961 5.056 4.904 4.516 4.346 4.156 4.871
0.1478 5.513 5.562 5.488 5.295 5.152 5.013 5.374 5.272 5.15 5.008 4.867 4.719 5.277 5.105 4.933 4.812 4.701 5.041 4.898 4.778 4.679 4.511 4.935 5.03 4.877 4.489 4.32 4.13 4.845
0.1514 5.487 5.536 5.461 5.268 5.126 4.987 5.348 5.246 5.124 4.982 4.841 4.693 5.251 5.079 4.907 4.786 4.675 5.015 4.872 4.752 4.653 4.485 4.909 5.004 4.851 4.463 4.294 4.104 4.819
0.1551 5.461 5.51 5.435 5.242 5.1 4.961 5.322 5.22 5.098 4.956 4.815 4.667 5.225 5.052 4.881 4.76 4.649 4.989 4.846 4.726 4.627 4.459 4.883 4.978 4.825 4.437 4.268 4.078 4.793
0.1588 5.435 5.484 5.409 5.216 5.074 4.935 5.296 5.194 5.071 4.93 4.789 4.641 5.199 5.026 4.854 4.734 4.623 4.963 4.82 4.7 4.601 4.433 4.857 4.952 4.799 4.411 4.242 4.052 4.767
0.1626 5.409 5.458 5.383 5.19 5.048 4.909 5.269 5.168 5.045 4.903 4.763 4.614 5.173 5.0 4.828 4.708 4.597 4.936 4.794 4.674 4.575 4.407 4.831 4.926 4.773 4.385 4.216 4.025 4.74
0.1666 5.383 5.433 5.358 5.165 5.023 4.884 5.244 5.143 5.02 4.878 4.738 4.589 5.148 4.975 4.803 4.683 4.572 4.911 4.769 4.649 4.55 4.382 4.806 4.901 4.748 4.36 4.191 4.0 4.715
0.1706 5.358 5.408 5.333 5.14 4.998 4.858 5.219 5.118 4.995 4.853 4.713 4.564 5.123 4.95 4.778 4.658 4.547 4.886 4.744 4.624 4.525 4.357 4.78 4.876 4.723 4.335 4.166 3.975 4.69
0.1747 5.333 5.383 5.308 5.115 4.973 4.833 5.194 5.093 4.97 4.828 4.688 4.539 5.098 4.925 4.753 4.632 4.522 4.861 4.719 4.599 4.5 4.332 4.755 4.851 4.698 4.31 4.141 3.95 4.665
0.1789 5.308 5.358 5.283 5.09 4.947 4.808 5.169 5.067 4.945 4.803 4.663 4.514 5.072 4.9 4.728 4.607 4.497 4.836 4.694 4.574 4.475 4.306 4.73 4.826 4.673 4.285 4.115 3.925 4.64
0.1832 5.283 5.333 5.258 5.065 4.922 4.783 5.144 5.042 4.92 4.778 4.638 4.489 5.047 4.875 4.703 4.582 4.472 4.811 4.669 4.549 4.45 4.281 4.705 4.8 4.648 4.26 4.09 3.9 4.615
0.1876 5.258 5.307 5.233 5.04 4.897 4.758 5.119 5.017 4.895 4.753 4.613 4.464 5.022 4.85 4.678 4.557 4.447 4.786 4.643 4.524 4.425 4.256 4.68 4.775 4.623 4.235 4.065 3.875 4.59
0.1922 5.233 5.282 5.208 5.015 4.872 4.733 5.094 4.992 4.87 4.728 4.587 4.439 4.997 4.825 4.653 4.532 4.421 4.761 4.618 4.499 4.399 4.231 4.655 4.75 4.597 4.21 4.04 3.85 4.565
0.1968 5.208 5.257 5.182 4.99 4.847 4.708 5.069 4.967 4.845 4.703 4.562 4.414 4.972 4.8 4.628 4.507 4.396 4.736 4.593 4.473 4.374 4.206 4.63 4.725 4.572 4.184 4.015 3.825 4.54
0.2015 5.183 5.232 5.157 4.964 4.822 4.683 5.044 4.942 4.82 4.678 4.537 4.389 4.947 4.774 4.603 4.482 4.371 4.711 4.568 4.448 4.349 4.181 4.605 4.7 4.547 4.159 3.99 3.8 4.515
0.2064 5.158 5.207 5.132 4.939 4.797 4.658 5.019 4.917 4.795 4.653 4.512 4.364 4.922 4.749 4.578 4.457 4.346 4.686 4.543 4.423 4.324 4.156 4.58 4.675 4.522 4.134 3.965 3.775 4.49
0.2114 5.133 5.182 5.107 4.914 4.772 4.633 4.994 4.892 4.77 4.628 4.487 4.339 4.897 4.725 4.553 4.432 4.321 4.661 4.518 4.398 4.299 4.131 4.555 4.65 4.497 4.109 3.94 3.75 4.465
0.2165 5.108 5.157 5.083 4.89 4.747 4.608 4.969 4.867 4.745 4.603 4.462 4.314 4.872 4.7 4.528 4.407 4.296 4.636 4.493 4.373 4.274 4.106 4.53 4.625 4.472 4.084 3.915 3.725 4.44
0.2217 5.083 5.132 5.058 4.865 4.722 4.583 4.944 4.842 4.72 4.578 4.437 4.289 4.847 4.675 4.503 4.382 4.272 4.611 4.468 4.349 4.25 4.081 4.505 4.6 4.448 4.06 3.89 3.7 4.415
0.2271 5.058 5.108 5.033 4.84 4.697 4.558 4.919 4.817 4.695 4.553 4.413 4.264 4.822 4.65 4.478 4.357 4.247 4.586 4.443 4.324 4.225 4.056 4.48 4.575 4.423 4.035 3.865 3.675 4.39
0.2325 5.033 5.083 5.008 4.815 4.672 4.533 4.894 4.792 4.67 4.528 4.388 4.239 4.797 4.625 4.453 4.332 4.222 4.561 4.419 4.299 4.2 4.031 4.455 4.55 4.398 4.01 3.84 3.65 4.365
0.2381 5.008 5.058 4.983 4.79 4.647 4.508 4.869 4.768 4.645 4.503 4.363 4.214 4.773 4.6 4.428 4.307 4.197 4.536 4.394 4.274 4.175 4.007 4.43 4.526 4.373 3.985 3.815 3.625 4.34
0.2439 4.983 5.033 4.958 4.765 4.623 4.483 4.844 4.743 4.62 4.478 4.338 4.189 4.748 4.575 4.403 4.282 4.172 4.511 4.369 4.249 4.15 3.982 4.405 4.501 4.348 3.96 3.791 3.6 4.315
0.2498 4.958 5.008 4.933 4.74 4.598 4.459 4.819 4.718 4.595 4.453 4.313 4.164 4.723 4.55 4.378 4.258 4.147 4.486 4.344 4.224 4.125 3.957 4.381 4.476 4.323 3.935 3.766 3.575 4.29
0.2558 4.934 4.983 4.908 4.715 4.573 4.434 4.794 4.693 4.57 4.428 4.288 4.139 4.698 4.525 4.353 4.233 4.122 4.461 4.319 4.199 4.1 3.932 4.356 4.451 4.298 3.91 3.741 3.55 4.265
0.262 4.91 4.959 4.885 4.692 4.549 4.41 4.771 4.669 4.547 4.405 4.264 4.116 4.674 4.502 4.33 4.209 4.098 4.438 4.295 4.176 4.076 3.908 4.332 4.427 4.274 3.887 3.717 3.527 4.242
0.2683 4.89 4.939 4.864 4.671 4.529 4.39 4.751 4.649 4.527 4.385 4.244 4.096 4.654 4.481 4.31 4.189 4.078 4.418 4.275 4.155 4.056 3.888 4.312 4.407 4.254 3.866 3.697 3.507 4.222
0.2748 4.869 4.919 4.844 4.651 4.509 4.37 4.73 4.629 4.506 4.364 4.224 4.075 4.634 4.461 4.289 4.169 4.058 4.397 4.255 4.135 4.036 3.868 4.292 4.387 4.234 3.846 3.677 3.486 4.201
0.2814 4.849 4.899 4.824 4.631 4.488 4.349 4.71 4.608 4.486 4.344 4.204 4.055 4.613 4.441 4.269 4.148 4.038 4.377 4.235 4.115 4.016 3.847 4.271 4.366 4.214 3.826 3.656 3.466 4.181
0.2882 4.829 4.878 4.803 4.611 4.468 4.329 4.69 4.588 4.466 4.324 4.183 4.035 4.593 4.421 4.249 4.128 4.017 4.357 4.214 4.094 3.995 3.827 4.251 4.346 4.193 3.805 3.636 3.446 4.161
0.2951 4.809 4.858 4.783 4.59 4.448 4.309 4.67 4.568 4.445 4.304 4.163 4.015 4.573 4.4 4.228 4.108 3.997 4.337 4.194 4.074 3.975 3.807 4.231 4.326 4.173 3.785 3.616 3.426 4.141
0.3022 4.788 4.838 4.763 4.57 4.428 4.288 4.649 4.548 4.425 4.283 4.143 3.994 4.553 4.38 4.208 4.088 3.977 4.316 4.174 4.054 3.955 3.787 4.21 4.306 4.153 3.765 3.596 3.405 4.12
0.3095 4.768 4.818 4.743 4.55 4.407 4.268 4.629 4.527 4.405 4.263 4.123 3.974 4.532 4.36 4.188 4.067 3.957 4.296 4.153 4.034 3.935 3.766 4.19 4.285 4.133 3.745 3.575 3.385 4.1
0.317 4.748 4.797 4.722 4.529 4.387 4.248 4.609 4.507 4.385 4.243 4.102 3.954 4.512 4.34 4.168 4.047 3.936 4.276 4.133 4.013 3.914 3.746 4.17 4.265 4.112 3.724 3.555 3.365 4.08
0.3247 4.728 4.777 4.702 4.509 4.367 4.228 4.588 4.487 4.364 4.223 4.082 3.933 4.492 4.319 4.147 4.027 3.916 4.256 4.113 3.993 3.894 3.726 4.15 4.245 4.092 3.704 3.535 3.344 4.059
0.3325 4.709 4.759 4.684 4.491 4.348 4.209 4.57 4.468 4.346 4.204 4.064 3.915 4.474 4.301 4.129 4.008 3.898 4.237 4.095 3.975 3.876 3.707 4.131 4.227 4.074 3.686 3.516 3.326 4.041
0.3405 4.693 4.743 4.668 4.475 4.333 4.193 4.554 4.453 4.33 4.188 4.048 3.899 4.458 4.285 4.113 3.993 3.882 4.221 4.079 3.959 3.86 3.692 4.115 4.211 4.058 3.67 3.501 3.31 4.025
0.3487 4.677 4.727 4.652 4.459 4.317 4.178 4.538 4.437 4.314 4.172 4.032 3.883 4.442 4.269 4.097 3.977 3.866 4.205 4.063 3.943 3.844 3.676 4.1 4.195 4.042 3.654 3.485 3.294 4.009
0.3571 4.662 4.711 4.636 4.443 4.301 4.162 4.523 4.421 4.298 4.157 4.016 3.867 4.426 4.253 4.081 3.961 3.85 4.19 4.047 3.927 3.828 3.66 4.084 4.179 4.026 3.638 3.469 3.278 3.993
0.3657 4.646 4.695 4.62 4.427 4.285 4.146 4.507 4.405 4.283 4.141 4.0 3.852 4.41 4.237 4.066 3.945 3.834 4.174 4.031 3.911 3.812 3.644 4.068 4.163 4.01 3.622 3.453 3.263 3.978
0.3746 4.63 4.679 4.604 4.411 4.269 4.13 4.491 4.389 4.267 4.125 3.984 3.836 4.394 4.222 4.05 3.929 3.818 4.158 4.015 3.895 3.796 3.628 4.052 4.147 3.994 3.606 3.437 3.247 3.962
0.3836 4.614 4.663 4.589 4.396 4.253 4.114 4.475 4.373 4.251 4.109 3.968 3.82 4.378 4.206 4.034 3.913 3.802 4.142 3.999 3.88 3.78 3.612 4.036 4.131 3.978 3.591 3.421 3.231 3.946
0.3929 4.598 4.648 4.573 4.38 4.237 4.098 4.459 4.357 4.235 4.093 3.953 3.804 4.362 4.19 4.018 3.897 3.787 4.126 3.983 3.864 3.765 3.596 4.02 4.115 3.963 3.575 3.405 3.215 3.93
0.4023 4.582 4.632 4.557 4.364 4.221 4.082 4.443 4.341 4.219 4.077 3.937 3.788 4.346 4.174 4.002 3.881 3.771 4.11 3.968 3.848 3.749 3.58 4.004 4.1 3.947 3.559 3.389 3.199 3.914
0.412 4.566 4.616 4.541 4.348 4.206 4.066 4.427 4.326 4.203 4.061 3.921 3.772 4.331 4.158 3.986 3.865 3.755 4.094 3.952 3.832 3.733 3.565 3.988 4.084 3.931 3.543 3.374 3.183 3.898
0.422 4.551 4.601 4.526 4.333 4.191 4.051 4.412 4.311 4.188 4.046 3.906 3.757 4.316 4.143 3.971 3.85 3.74 4.079 3.937 3.817 3.718 3.55 3.973 4.069 3.916 3.528 3.359 3.168 3.883
0.4322 4.537 4.586 4.512 4.319 4.176 4.037 4.398 4.296 4.174 4.032 3.891 3.743 4.301 4.129 3.957 3.836 3.726 4.065 3.922 3.803 3.704 3.535 3.959 4.054 3.902 3.514 3.344 3.154 3.869
0.4426 4.523 4.572 4.497 4.304 4.162 4.023 4.384 4.282 4.159 4.018 3.877 3.729 4.287 4.114 3.943 3.822 3.711 4.051 3.908 3.788 3.689 3.521 3.945 4.04 3.887 3.499 3.33 3.14 3.855
0.4533 4.508 4.558 4.483 4.29 4.148 4.008 4.369 4.268 4.145 4.003 3.863 3.714 4.273 4.1 3.928 3.807 3.697 4.036 3.894 3.774 3.675 3.507 3.93 4.026 3.873 3.485 3.316 3.125 3.84
0.4642 4.494 4.543 4.469 4.276 4.133 3.994 4.355 4.253 4.131 3.989 3.848 3.7 4.258 4.086 3.914 3.793 3.683 4.022 3.879 3.76 3.661 3.492 3.916 4.011 3.859 3.471 3.301 3.111 3.826
0.4754 4.48 4.529 4.454 4.261 4.119 3.98 4.341 4.239 4.116 3.975 3.834 3.686 4.244 4.071 3.9 3.779 3.668 4.008 3.865 3.745 3.646 3.478 3.902 3.997 3.844 3.456 3.287 3.097 3.812
0.4869 4.465 4.515 4.44 4.247 4.105 3.965 4.326 4.225 4.102 3.96 3.82 3.671 4.23 4.057 3.885 3.764 3.654 3.993 3.851 3.731 3.632 3.464 3.887 3.983 3.83 3.442 3.273 3.082 3.797
0.4986 4.451 4.5 4.426 4.233 4.09 3.951 4.312 4.21 4.088 3.946 3.805 3.657 4.215 4.043 3.871 3.75 3.639 3.979 3.836 3.717 3.617 3.449 3.873 3.968 3.815 3.428 3.258 3.068 3.783
0.5106 4.437 4.486 4.411 4.218 4.076 3.937 4.298 4.196 4.073 3.932 3.791 3.643 4.201 4.028 3.856 3.736 3.625 3.965 3.822 3.702 3.603 3.435 3.859 3.954 3.801 3.413 3.244 3.054 3.769
0.523 4.422 4.472 4.397 4.204 4.062 3.922 4.283 4.182 4.059 3.917 3.777 3.628 4.187 4.014 3.842 3.721 3.611 3.95 3.808 3.688 3.589 3.421 3.844 3.94 3.787 3.399 3.23 3.039 3.754
0.5356 4.41 4.459 4.384 4.191 4.049 3.91 4.271 4.169 4.047 3.905 3.764 3.616 4.174 4.002 3.83 3.709 3.598 3.938 3.795 3.675 3.576 3.408 3.832 3.927 3.774 3.386 3.217 3.027 3.742
0.5485 4.398 4.448 4.373 4.18 4.037 3.898 4.259 4.157 4.035 3.893 3.753 3.604 4.162 3.99 3.818 3.697 3.587 3.926 3.783 3.664 3.565 3.396 3.82 3.915 3.763 3.375 3.205 3.015 3.73
0.5617 4.386 4.436 4.361 4.168 4.026 3.886 4.247 4.146 4.023 3.881 3.741 3.592 4.151 3.978 3.806 3.686 3.575 3.914 3.772 3.652 3.553 3.385 3.808 3.904 3.751 3.363 3.194 3.003 3.718
0.5753 4.375 4.424 4.349 4.156 4.014 3.875 4.236 4.134 4.011 3.87 3.729 3.581 4.139 3.966 3.794 3.674 3.563 3.903 3.76 3.64 3.541 3.373 3.797 3.892 3.739 3.351 3.182 2.992 3.707
0.5891 4.363 4.412 4.337 4.145 4.002 3.863 4.224 4.122 4.0 3.858 3.717 3.569 4.127 3.955 3.783 3.662 3.551 3.891 3.748 3.628 3.529 3.361 3.785 3.88 3.727 3.339 3.17 2.98 3.695
0.6034 4.351 4.401 4.326 4.133 3.99 3.851 4.212 4.11 3.988 3.846 3.706 3.557 4.115 3.943 3.771 3.65 3.54 3.879 3.737 3.617 3.518 3.349 3.773 3.868 3.716 3.328 3.158 2.968 3.683
0.6179 4.339 4.389 4.314 4.121 3.979 3.84 4.2 4.099 3.976 3.834 3.694 3.545 4.104 3.931 3.759 3.639 3.528 3.867 3.725 3.605 3.506 3.338 3.762 3.857 3.704 3.316 3.147 2.956 3.671
0.6328 4.328 4.377 4.302 4.109 3.967 3.828 4.189 4.087 3.965 3.823 3.682 3.534 4.092 3.919 3.748 3.627 3.516 3.856 3.713 3.593 3.494 3.326 3.75 3.845 3.692 3.304 3.135 2.945 3.66
0.6481 4.316 4.365 4.291 4.098 3.955 3.816 4.177 4.075 3.953 3.811 3.67 3.522 4.08 3.908 3.736 3.615 3.504 3.844 3.701 3.582 3.482 3.314 3.738 3.833 3.68 3.293 3.123 2.933 3.648
0.6637 4.304 4.354 4.279 4.086 3.943 3.804 4.165 4.063 3.941 3.799 3.659 3.51 4.069 3.896 3.724 3.603 3.493 3.832 3.69 3.57 3.471 3.302 3.726 3.822 3.669 3.281 3.111 2.921 3.636
0.6797 4.291 4.341 4.266 4.073 3.931 3.791 4.152 4.051 3.928 3.786 3.646 3.497 4.056 3.883 3.711 3.59 3.48 3.819 3.677 3.557 3.458 3.29 3.713 3.809 3.656 3.268 3.099 2.908 3.623
0.6961 4.278 4.328 4.253 4.06 3.917 3.778 4.139 4.038 3.915 3.773 3.633 3.484 4.043 3.87 3.698 3.577 3.467 3.806 3.664 3.544 3.445 3.277 3.7 3.796 3.643 3.255 3.085 2.895 3.61
0.7129 4.265 4.315 4.24 4.047 3.904 3.765 4.126 4.024 3.902 3.76 3.62 3.471 4.029 3.857 3.685 3.564 3.454 3.793 3.651 3.531 3.432 3.263 3.687 3.782 3.63 3.242 3.072 2.882 3.597
0.7301 4.252 4.302 4.227 4.034 3.891 3.752 4.113 4.011 3.889 3.747 3.607 3.458 4.016 3.844 3.672 3.551 3.441 3.78 3.638 3.518 3.419 3.25 3.674 3.769 3.617 3.229 3.059 2.869 3.584
0.7477 4.239 4.288 4.214 4.021 3.878 3.739 4.1 3.998 3.876 3.734 3.594 3.445 4.003 3.831 3.659 3.538 3.428 3.767 3.624 3.505 3.406 3.237 3.661 3.756 3.604 3.216 3.046 2.856 3.571
0.7658 4.226 4.275 4.201 4.008 3.865 3.726 4.087 3.985 3.863 3.721 3.58 3.432 3.99 3.818 3.646 3.525 3.415 3.754 3.611 3.492 3.393 3.224 3.648 3.743 3.591 3.203 3.033 2.843 3.558
0.7842 4.213 4.262 4.188 3.995 3.852 3.713 4.074 3.972 3.85 3.708 3.567 3.419 3.977 3.805 3.633 3.512 3.401 3.741 3.598 3.478 3.379 3.211 3.635 3.73 3.577 3.189 3.02 2.83 3.545
0.8032 4.2 4.249 4.174 3.981 3.839 3.7 4.061 3.959 3.837 3.695 3.554 3.406 3.964 3.792 3.62 3.499 3.388 3.728 3.585 3.465 3.366 3.198 3.622 3.717 3.564 3.176 3.007 2.817 3.532
0.8225 4.187 4.236 4.161 3.968 3.826 3.687 4.048 3.946 3.824 3.682 3.541 3.393 3.951 3.778 3.607 3.486 3.375 3.715 3.572 3.452 3.353 3.185 3.609 3.704 3.551 3.163 2.994 2.804 3.519
0.8424 4.174 4.223 4.148 3.955 3.813 3.674 4.035 3.933 3.811 3.669 3.528 3.38 3.938 3.765 3.594 3.473 3.362 3.702 3.559 3.439 3.34 3.172 3.596 3.691 3.538 3.15 2.981 2.791 3.506
0.8627 4.157 4.207 4.132 3.939 3.796 3.657 4.018 3.916 3.794 3.652 3.512 3.363 3.921 3.749 3.577 3.456 3.346 3.685 3.542 3.423 3.324 3.155 3.579 3.674 3.522 3.134 2.964 2.774 3.489
0.8835 4.14 4.19 4.115 3.922 3.78 3.641 4.001 3.9 3.777 3.635 3.495 3.346 3.905 3.732 3.56 3.44 3.329 3.668 3.526 3.406 3.307 3.139 3.563 3.658 3.505 3.117 2.948 2.757 3.472
0.9048 4.124 4.173 4.098 3.905 3.763 3.624 3.985 3.883 3.761 3.619 3.478 3.33 3.888 3.716 3.544 3.423 3.312 3.652 3.509 3.389 3.29 3.122 3.546 3.641 3.488 3.1 2.931 2.741 3.456
0.9266 4.107 4.157 4.082 3.889 3.746 3.607 3.968 3.866 3.744 3.602 3.462 3.313 3.871 3.699 3.527 3.406 3.296 3.635 3.493 3.373 3.274 3.105 3.529 3.625 3.472 3.084 2.914 2.724 3.439
0.949 4.091 4.14 4.065 3.872 3.73 3.591 3.952 3.85 3.727 3.586 3.445 3.296 3.855 3.682 3.51 3.39 3.279 3.619 3.476 3.356 3.257 3.089 3.513 3.608 3.455 3.067 2.898 2.707 3.422
0.9719 4.074 4.123 4.049 3.856 3.713 3.574 3.935 3.833 3.711 3.569 3.428 3.28 3.838 3.666 3.494 3.373 3.262 3.602 3.459 3.34 3.241 3.072 3.496 3.591 3.438 3.051 2.881 2.691 3.406
0.9953 4.057 4.107 4.032 3.839 3.697 3.557 3.918 3.817 3.694 3.552 3.412 3.263 3.822 3.649 3.477 3.357 3.246 3.585 3.443 3.323 3.224 3.056 3.479 3.575 3.422 3.034 2.865 2.674 3.389
1.0194 4.041 4.09 4.015 3.822 3.68 3.541 3.902 3.8 3.678 3.536 3.395 3.247 3.805 3.632 3.461 3.34 3.229 3.569 3.426 3.306 3.207 3.039 3.463 3.558 3.405 3.017 2.848 2.658 3.373
1.0439 4.024 4.074 3.999 3.806 3.663 3.524 3.885 3.783 3.661 3.519 3.379 3.23 3.788 3.616 3.444 3.323 3.213 3.552 3.409 3.29 3.191 3.022 3.446 3.541 3.389 3.001 2.831 2.641 3.356
1.0691 4.008 4.057 3.983 3.79 3.647 3.508 3.869 3.767 3.645 3.503 3.362 3.214 3.772 3.6 3.428 3.307 3.197 3.536 3.393 3.274 3.175 3.006 3.43 3.525 3.373 2.985 2.815 2.625 3.34
1.0949 3.995 4.044 3.969 3.776 3.634 3.495 3.856 3.754 3.631 3.49 3.349 3.201 3.759 3.586 3.414 3.294 3.183 3.523 3.38 3.26 3.161 2.993 3.417 3.512 3.359 2.971 2.802 2.611 3.326
1.1213 3.981 4.031 3.956 3.763 3.62 3.481 3.842 3.74 3.618 3.476 3.336 3.187 3.746 3.573 3.401 3.28 3.17 3.509 3.367 3.247 3.148 2.98 3.403 3.499 3.346 2.958 2.788 2.598 3.313
1.1484 3.968 4.017 3.942 3.75 3.607 3.468 3.829 3.727 3.605 3.463 3.322 3.174 3.732 3.56 3.388 3.267 3.156 3.496 3.353 3.233 3.134 2.966 3.39 3.485 3.332 2.944 2.775 2.585 3.3
1.1761 3.954 4.004 3.929 3.736 3.594 3.455 3.815 3.714 3.591 3.449 3.309 3.16 3.719 3.546 3.374 3.254 3.143 3.482 3.34 3.22 3.121 2.953 3.377 3.472 3.319 2.931 2.762 2.571 3.286
1.2044 3.941 3.991 3.916 3.723 3.58 3.441 3.802 3.7 3.578 3.436 3.296 3.147 3.705 3.533 3.361 3.24 3.13 3.469 3.327 3.207 3.108 2.939 3.363 3.458 3.306 2.918 2.748 2.558 3.273
1.2335 3.928 3.977 3.902 3.709 3.567 3.428 3.789 3.687 3.565 3.423 3.282 3.134 3.692 3.519 3.348 3.227 3.116 3.456 3.313 3.193 3.094 2.926 3.35 3.445 3.292 2.904 2.735 2.545 3.26
1.2633 3.914 3.964 3.889 3.696 3.554 3.414 3.775 3.674 3.551 3.409 3.269 3.12 3.679 3.506 3.334 3.214 3.103 3.442 3.3 3.18 3.081 2.913 3.336 3.432 3.279 2.891 2.722 2.531 3.246
1.2937 3.901 3.95 3.876 3.683 3.54 3.401 3.762 3.66 3.538 3.396 3.255 3.107 3.665 3.493 3.321 3.2 3.09 3.429 3.286 3.167 3.068 2.899 3.323 3.418 3.266 2.878 2.708 2.518 3.233
1.3249 3.888 3.937 3.862 3.669 3.527 3.388 3.749 3.647 3.524 3.383 3.242 3.094 3.652 3.479 3.307 3.187 3.076 3.416 3.273 3.153 3.054 2.886 3.31 3.405 3.252 2.864 2.695 2.505 3.22
1.3569 3.873 3.923 3.848 3.655 3.513 3.374 3.734 3.633 3.51 3.368 3.228 3.079 3.638 3.465 3.293 3.173 3.062 3.401 3.259 3.139 3.04 2.872 3.296 3.391 3.238 2.85 2.681 2.49 3.205
1.3896 3.857 3.907 3.832 3.639 3.497 3.357 3.718 3.617 3.494 3.352 3.212 3.063 3.622 3.449 3.277 3.157 3.046 3.385 3.243 3.123 3.024 2.856 3.279 3.375 3.222 2.834 2.665 2.474 3.189
1.4232 3.841 3.891 3.816 3.623 3.48 3.341 3.702 3.6 3.478 3.336 3.196 3.047 3.606 3.433 3.261 3.14 3.03 3.369 3.227 3.107 3.008 2.84 3.263 3.359 3.206 2.818 2.648 2.458 3.173
1.4575 3.825 3.875 3.8 3.607 3.464 3.325 3.686 3.584 3.462 3.32 3.18 3.031 3.589 3.417 3.245 3.124 3.014 3.353 3.211 3.091 2.992 2.823 3.247 3.342 3.19 2.802 2.632 2.442 3.157
1.4927 3.809 3.858 3.784 3.591 3.448 3.309 3.67 3.568 3.446 3.304 3.164 3.015 3.573 3.401 3.229 3.108 2.998 3.337 3.194 3.075 2.976 2.807 3.231 3.326 3.174 2.786 2.616 2.426 3.141
1.5287 3.793 3.842 3.768 3.575 3.432 3.293 3.654 3.552 3.43 3.288 3.147 2.999 3.557 3.385 3.213 3.092 2.981 3.321 3.178 3.059 2.959 2.791 3.215 3.31 3.157 2.77 2.6 2.41 3.125
1.5655 3.777 3.826 3.751 3.558 3.416 3.277 3.638 3.536 3.414 3.272 3.131 2.983 3.541 3.369 3.197 3.076 2.965 3.305 3.162 3.042 2.943 2.775 3.199 3.294 3.141 2.753 2.584 2.394 3.109
1.6033 3.761 3.81 3.735 3.542 3.4 3.261 3.622 3.52 3.398 3.256 3.115 2.967 3.525 3.352 3.181 3.06 2.949 3.289 3.146 3.026 2.927 2.759 3.183 3.278 3.125 2.737 2.568 2.378 3.093
1.642 3.745 3.794 3.719 3.526 3.384 3.245 3.606 3.504 3.381 3.24 3.099 2.951 3.509 3.336 3.165 3.044 2.933 3.273 3.13 3.01 2.911 2.743 3.167 3.262 3.109 2.721 2.552 2.362 3.077
1.6816 3.729 3.778 3.703 3.51 3.368 3.229 3.589 3.488 3.365 3.224 3.083 2.934 3.493 3.32 3.148 3.028 2.917 3.256 3.114 2.994 2.895 2.727 3.151 3.246 3.093 2.705 2.536 2.345 3.06
1.7222 3.714 3.763 3.689 3.496 3.353 3.214 3.575 3.473 3.351 3.209 3.068 2.92 3.478 3.306 3.134 3.013 2.903 3.242 3.099 2.98 2.881 2.712 3.136 3.231 3.079 2.691 2.521 2.331 3.046
1.7637 3.701 3.751 3.676 3.483 3.341 3.202 3.562 3.461 3.338 3.196 3.056 2.907 3.466 3.293 3.121 3.001 2.89 3.229 3.087 2.967 2.868 2.7 3.124 3.219 3.066 2.678 2.509 2.318 3.033
1.8062 3.689 3.738 3.664 3.471 3.328 3.189 3.55 3.448 3.326 3.184 3.043 2.895 3.453 3.281 3.109 2.988 2.878 3.217 3.074 2.955 2.856 2.687 3.111 3.206 3.054 2.666 2.496 2.306 3.021
1.8498 3.676 3.726 3.651 3.458 3.316 3.177 3.537 3.436 3.313 3.171 3.031 2.882 3.441 3.268 3.096 2.976 2.865 3.204 3.062 2.942 2.843 2.675 3.099 3.194 3.041 2.653 2.484 2.293 3.008
1.8944 3.664 3.713 3.639 3.446 3.303 3.164 3.525 3.423 3.301 3.159 3.018 2.87 3.428 3.256 3.084 2.963 2.852 3.192 3.049 2.93 2.83 2.662 3.086 3.181 3.028 2.641 2.471 2.281 2.996
1.9401 3.651 3.701 3.626 3.433 3.291 3.152 3.512 3.411 3.288 3.146 3.006 2.857 3.416 3.243 3.071 2.951 2.84 3.179 3.037 2.917 2.818 2.65 3.074 3.169 3.016 2.628 2.459 2.268 2.983
1.9869 3.639 3.688 3.614 3.421 3.278 3.139 3.5 3.398 3.276 3.134 2.993 2.845 3.403 3.231 3.059 2.938 2.827 3.167 3.024 2.904 2.805 2.637 3.061 3.156 3.003 2.615 2.446 2.256 2.971
2.0349 3.626 3.676 3.601 3.408 3.266 3.127 3.487 3.386 3.263 3.121 2.981 2.832 3.391 3.218 3.046 2.926 2.815 3.154 3.012 2.892 2.793 2.625 3.049 3.144 2.991 2.603 2.434 2.243 2.958
2.084 3.614 3.663 3.588 3.396 3.253 3.114 3.475 3.373 3.251 3.109 2.968 2.82 3.378 3.206 3.034 2.913 2.802 3.142 2.999 2.879 2.78 2.612 3.036 3.131 2.978 2.59 2.421 2.231 2.946
2.1342 3.601 3.651 3.576 3.383 3.241 3.101 3.462 3.361 3.238 3.096 2.956 2.807 3.366 3.193 3.021 2.901 2.79 3.129 2.987 2.867 2.768 2.6 3.023 3.119 2.966 2.578 2.409 2.218 2.933
2.1857 3.592 3.641 3.567 3.374 3.231 3.092 3.453 3.351 3.229 3.087 2.946 2.798 3.356 3.184 3.012 2.891 2.78 3.12 2.977 2.857 2.758 2.59 3.014 3.109 2.956 2.568 2.399 2.209 2.924
2.2384 3.585 3.634 3.559 3.366 3.224 3.085 3.446 3.344 3.222 3.08 2.939 2.791 3.349 3.176 3.005 2.884 2.773 3.113 2.97 2.85 2.751 2.583 3.007 3.102 2.949 2.561 2.392 2.202 2.917
2.2924 3.577 3.627 3.552 3.359 3.217 3.078 3.438 3.337 3.214 3.072 2.932 2.783 3.342 3.169 2.997 2.877 2.766 3.105 2.963 2.843 2.744 2.576 3.0 3.095 2.942 2.554 2.385 2.194 2.909
2.3477 3.57 3.62 3.545 3.352 3.21 3.07 3.431 3.33 3.207 3.065 2.925 2.776 3.335 3.162 2.99 2.869 2.759 3.098 2.956 2.836 2.737 2.569 2.992 3.088 2.935 2.547 2.378 2.187 2.902
2.4044 3.563 3.613 3.538 3.345 3.202 3.063 3.424 3.322 3.2 3.058 2.918 2.769 3.327 3.155 2.983 2.862 2.752 3.091 2.948 2.829 2.73 2.561 2.985 3.08 2.928 2.54 2.37 2.18 2.895
2.4624 3.556 3.605 3.53 3.338 3.195 3.056 3.417 3.315 3.193 3.051 2.91 2.762 3.32 3.148 2.976 2.855 2.744 3.084 2.941 2.821 2.722 2.554 2.978 3.073 2.92 2.532 2.363 2.173 2.888
2.5218 3.549 3.598 3.523 3.33 3.188 3.049 3.41 3.308 3.185 3.044 2.903 2.755 3.313 3.14 2.969 2.848 2.737 3.077 2.934 2.814 2.715 2.547 2.971 3.066 2.913 2.525 2.356 2.166 2.881
2.5826 3.541 3.591 3.516 3.323 3.181 3.042 3.402 3.301 3.178 3.036 2.896 2.747 3.306 3.133 2.961 2.841 2.73 3.069 2.927 2.807 2.708 2.54 2.964 3.059 2.906 2.518 2.349 2.158 2.873
2.6449 3.534 3.584 3.509 3.316 3.173 3.034 3.395 3.293 3.171 3.029 2.889 2.74 3.299 3.126 2.954 2.833 2.723 3.062 2.92 2.8 2.701 2.532 2.956 3.052 2.899 2.511 2.341 2.151 2.866
2.7087 3.527 3.576 3.502 3.309 3.166 3.027 3.388 3.286 3.164 3.022 2.881 2.733 3.291 3.119 2.947 2.826 2.716 3.055 2.912 2.793 2.694 2.525 2.949 3.044 2.892 2.504 2.334 2.144 2.859
2.7741 3.516 3.566 3.491 3.298 3.155 3.016 3.377 3.275 3.153 3.011 2.871 2.722 3.28 3.108 2.936 2.815 2.705 3.044 2.902 2.782 2.683 2.514 2.938 3.033 2.881 2.493 2.323 2.133 2.848
2.841 3.504 3.553 3.478 3.286 3.143 3.004 3.365 3.263 3.141 2.999 2.858 2.71 3.268 3.096 2.924 2.803 2.692 3.032 2.889 2.769 2.67 2.502 2.926 3.021 2.868 2.48 2.311 2.121 2.836
2.9095 3.492 3.541 3.466 3.273 3.131 2.992 3.353 3.251 3.128 2.987 2.846 2.698 3.256 3.083 2.912 2.791 2.68 3.02 2.877 2.757 2.658 2.49 2.914 3.009 2.856 2.468 2.299 2.109 2.824
2.9797 3.479 3.529 3.454 3.261 3.119 2.98 3.34 3.239 3.116 2.974 2.834 2.685 3.244 3.071 2.899 2.779 2.668 3.007 2.865 2.745 2.646 2.478 2.902 2.997 2.844 2.456 2.287 2.096 2.811
3.0516 3.467 3.517 3.442 3.249 3.106 2.967 3.328 3.226 3.104 2.962 2.822 2.673 3.231 3.059 2.887 2.766 2.656 2.995 2.853 2.733 2.634 2.465 2.889 2.984 2.832 2.444 2.274 2.084 2.799
3.1252 3.455 3.504 3.43 3.237 3.094 2.955 3.316 3.214 3.092 2.95 2.809 2.661 3.219 3.047 2.875 2.754 2.643 2.983 2.84 2.72 2.621 2.453 2.877 2.972 2.819 2.431 2.262 2.072 2.787
3.2006 3.443 3.492 3.417 3.224 3.082 2.943 3.304 3.202 3.079 2.938 2.797 2.649 3.207 3.034 2.863 2.742 2.631 2.971 2.828 2.708 2.609 2.441 2.865 2.96 2.807 2.419 2.25 2.06 2.775
3.2778 3.43 3.48 3.405 3.212 3.07 2.931 3.291 3.19 3.067 2.925 2.785 2.636 3.195 3.022 2.85 2.73 2.619 2.958 2.816 2.696 2.597 2.429 2.853 2.948 2.795 2.407 2.238 2.047 2.762
3.3569 3.418 3.468 3.393 3.2 3.057 2.918 3.279 3.177 3.055 2.913 2.773 2.624 3.182 3.01 2.838 2.717 2.607 2.946 2.804 2.684 2.585 2.416 2.84 2.935 2.783 2.395 2.225 2.035 2.75
3.4378 3.406 3.455 3.381 3.188 3.045 2.906 3.267 3.165 3.043 2.901 2.76 2.612 3.17 2.998 2.826 2.705 2.594 2.934 2.791 2.671 2.572 2.404 2.828 2.923 2.77 2.382 2.213 2.023 2.738
3.5208 3.398 3.448 3.373 3.18 3.037 2.898 3.259 3.157 3.035 2.893 2.753 2.604 3.162 2.99 2.818 2.697 2.587 2.926 2.784 2.664 2.565 2.396 2.82 2.915 2.763 2.375 2.205 2.015 2.73
3.6057 3.391 3.44 3.366 3.173 3.03 2.891 3.252 3.15 3.028 2.886 2.745 2.597 3.155 2.983 2.811 2.69 2.58 2.919 2.776 2.657 2.558 2.389 2.813 2.908 2.756 2.368 2.198 2.008 2.723
3.6927 3.384 3.433 3.358 3.166 3.023 2.884 3.245 3.143 3.021 2.879 2.738 2.59 3.148 2.976 2.804 2.683 2.572 2.912 2.769 2.649 2.55 2.382 2.806 2.901 2.748 2.36 2.191 2.001 2.716
3.7818 3.377 3.426 3.351 3.158 3.016 2.877 3.238 3.136 3.014 2.872 2.731 2.583 3.141 2.968 2.797 2.676 2.565 2.905 2.762 2.642 2.543 2.375 2.799 2.894 2.741 2.353 2.184 1.994 2.709
3.873 3.37 3.419 3.344 3.151 3.009 2.87 3.231 3.129 3.006 2.865 2.724 2.576 3.134 2.961 2.789 2.669 2.558 2.898 2.755 2.635 2.536 2.368 2.792 2.887 2.734 2.346 2.177 1.987 2.702
3.9664 3.362 3.412 3.337 3.144 3.002 2.863 3.223 3.122 2.999 2.857 2.717 2.568 3.127 2.954 2.782 2.662 2.551 2.89 2.748 2.628 2.529 2.361 2.785 2.88 2.727 2.339 2.17 1.979 2.694
4.0621 3.355 3.405 3.33 3.137 2.995 2.855 3.216 3.115 2.992 2.85 2.71 2.561 3.12 2.947 2.775 2.655 2.544 2.883 2.741 2.621 2.522 2.354 2.777 2.873 2.72 2.332 2.163 1.972 2.687
4.1601 3.348 3.398 3.323 3.13 2.987 2.848 3.209 3.108 2.985 2.843 2.703 2.554 3.113 2.94 2.768 2.647 2.537 2.876 2.734 2.614 2.515 2.347 2.77 2.866 2.713 2.325 2.155 1.965 2.68
4.2604 3.341 3.391 3.316 3.123 2.98 2.841 3.202 3.1 2.978 2.836 2.696 2.547 3.105 2.933 2.761 2.64 2.53 2.869 2.727 2.607 2.508 2.339 2.763 2.858 2.706 2.318 2.148 1.958 2.673
4.3632 3.334 3.384 3.309 3.116 2.973 2.834 3.195 3.093 2.971 2.829 2.689 2.54 3.098 2.926 2.754 2.633 2.523 2.862 2.719 2.6 2.501 2.332 2.756 2.851 2.699 2.311 2.141 1.951 2.666
4.4685 3.332 3.381 3.306 3.113 2.971 2.832 3.192 3.091 2.968 2.826 2.686 2.537 3.096 2.923 2.751 2.631 2.52 2.859 2.717 2.597 2.498 2.33 2.754 2.849 2.696 2.308 2.139 1.948 2.663
4.5763 3.329 3.378 3.304 3.111 2.968 2.829 3.19 3.088 2.966 2.824 2.683 2.535 3.093 2.921 2.749 2.628 2.517 2.857 2.714 2.595 2.495 2.327 2.751 2.846 2.693 2.306 2.136 1.946 2.661
4.6867 3.326 3.376 3.301 3.108 2.966 2.827 3.187 3.086 2.963 2.821 2.681 2.532 3.091 2.918 2.746 2.626 2.515 2.854 2.712 2.592 2.493 2.325 2.749 2.844 2.691 2.303 2.134 1.943 2.658
4.7997 3.324 3.373 3.298 3.105 2.963 2.824 3.185 3.083 2.961 2.819 2.678 2.53 3.088 2.916 2.744 2.623 2.512 2.852 2.709 2.589 2.49 2.322 2.746 2.841 2.688 2.3 2.131 1.941 2.656
4.9155 3.321 3.371 3.296 3.103 2.961 2.821 3.182 3.081 2.958 2.816 2.676 2.527 3.086 2.913 2.741 2.62 2.51 2.849 2.707 2.587 2.488 2.32 2.743 2.839 2.686 2.298 2.129 1.938 2.653
5.0341 3.319 3.368 3.293 3.1 2.958 2.819 3.18 3.078 2.956 2.814 2.673 2.525 3.083 2.91 2.739 2.618 2.507 2.847 2.704 2.584 2.485 2.317 2.741 2.836 2.683 2.295 2.126 1.936 2.651
5.1555 3.316 3.366 3.291 3.098 2.955 2.816 3.177 3.075 2.953 2.811 2.671 2.522 3.08 2.908 2.736 2.615 2.505 2.844 2.702 2.582 2.483 2.314 2.738 2.834 2.681 2.293 2.123 1.933 2.648
5.2799 3.314 3.363 3.288 3.095 2.953 2.814 3.175 3.073 2.95 2.809 2.668 2.52 3.078 2.905 2.734 2.613 2.502 2.842 2.699 2.579 2.48 2.312 2.736 2.831 2.678 2.29 2.121 1.931 2.646
5.4072 3.311 3.361 3.286 3.093 2.95 2.811 3.172 3.07 2.948 2.806 2.666 2.517 3.075 2.903 2.731 2.61 2.5 2.839 2.696 2.577 2.478 2.309 2.733 2.828 2.676 2.288 2.118 1.928 2.643
5.5377 3.304 3.354 3.279 3.086 2.944 2.804 3.165 3.064 2.941 2.799 2.659 2.51 3.069 2.896 2.724 2.603 2.493 2.832 2.69 2.57 2.471 2.303 2.726 2.822 2.669 2.281 2.112 1.921 2.636
5.6713 3.274 3.324 3.249 3.056 2.914 2.774 3.135 3.034 2.911 2.769 2.629 2.48 3.039 2.866 2.694 2.574 2.463 2.802 2.66 2.54 2.441 2.273 2.697 2.792 2.639 2.251 2.082 1.891 2.606
5.8081 3.244 3.294 3.219 3.026 2.884 2.745 3.105 3.004 2.881 2.739 2.599 2.45 3.009 2.836 2.664 2.544 2.433 2.772 2.63 2.51 2.411 2.243 2.667 2.762 2.609 2.221 2.052 1.861 2.576
5.9482 3.214 3.264 3.189 2.996 2.854 2.715 3.075 2.974 2.851 2.709 2.569 2.42 2.979 2.806 2.634 2.514 2.403 2.742 2.6 2.48 2.381 2.213 2.637 2.732 2.579 2.191 2.022 1.831 2.546
6.0917 3.185 3.234 3.159 2.966 2.824 2.685 3.045 2.944 2.821 2.679 2.539 2.39 2.949 2.776 2.604 2.484 2.373 2.712 2.57 2.45 2.351 2.183 2.607 2.702 2.549 2.161 1.992 1.801 2.516
6.2386 3.155 3.204 3.129 2.936 2.794 2.655 3.016 2.914 2.791 2.65 2.509 2.36 2.919 2.746 2.574 2.454 2.343 2.683 2.54 2.42 2.321 2.153 2.577 2.672 2.519 2.131 1.962 1.771 2.486
6.3891 3.125 3.174 3.099 2.906 2.764 2.625 2.986 2.884 2.761 2.62 2.479 2.331 2.889 2.716 2.544 2.424 2.313 2.653 2.51 2.39 2.291 2.123 2.547 2.642 2.489 2.101 1.932 1.742 2.457
6.5433 3.095 3.144 3.069 2.876 2.734 2.595 2.956 2.854 2.732 2.59 2.449 2.301 2.859 2.686 2.515 2.394 2.283 2.623 2.48 2.36 2.261 2.093 2.517 2.612 2.459 2.071 1.902 1.712 2.427
6.7011 3.065 3.114 3.039 2.846 2.704 2.565 2.926 2.824 2.702 2.56 2.419 2.271 2.829 2.656 2.485 2.364 2.253 2.593 2.45 2.33 2.231 2.063 2.487 2.582 2.429 2.041 1.872 1.682 2.397
6.8627 3.035 3.084 3.009 2.816 2.674 2.535 2.896 2.794 2.672 2.53 2.389 2.241 2.799 2.626 2.455 2.334 2.223 2.563 2.42 2.3 2.201 2.033 2.457 2.552 2.399 2.011 1.842 1.652 2.367
7.0283 3.014 3.063 2.988 2.796 2.653 2.514 2.875 2.773 2.651 2.509 2.368 2.22 2.778 2.606 2.434 2.313 2.202 2.542 2.399 2.279 2.18 2.012 2.436 2.531 2.378 1.99 1.821 1.631 2.346
7.1978 3.014 3.064 2.989 2.796 2.654 2.515 2.875 2.774 2.651 2.509 2.369 2.22 2.779 2.606 2.434 2.314 2.203 2.542 2.4 2.28 2.181 2.013 2.437 2.532 2.379 1.991 1.822 1.631 2.346
7.3715 3.015 3.064 2.99 2.797 2.654 2.515 2.876 2.774 2.652 2.51 2.369 2.221 2.779 2.607 2.435 2.314 2.203 2.543 2.4 2.281 2.182 2.013 2.437 2.532 2.379 1.992 1.822 1.632 2.347
7.5493 3.016 3.065 2.99 2.797 2.655 2.516 2.876 2.775 2.652 2.51 2.37 2.221 2.78 2.607 2.435 2.315 2.204 2.543 2.401 2.281 2.182 2.014 2.438 2.533 2.38 1.992 1.823 1.632 2.347
7.7314 3.016 3.066 2.991 2.798 2.655 2.516 2.877 2.775 2.653 2.511 2.371 2.222 2.78 2.608 2.436 2.315 2.205 2.544 2.401 2.282 2.183 2.014 2.438 2.533 2.381 1.993 1.823 1.633 2.348
7.9179 3.017 3.066 2.991 2.798 2.656 2.517 2.878 2.776 2.653 2.512 2.371 2.223 2.781 2.608 2.436 2.316 2.205 2.545 2.402 2.282 2.183 2.015 2.439 2.534 2.381 1.993 1.824 1.633 2.348
8.1089 3.017 3.067 2.992 2.799 2.656 2.517 2.878 2.776 2.654 2.512 2.372 2.223 2.781 2.609 2.437 2.316 2.206 2.545 2.403 2.283 2.184 2.015 2.439 2.534 2.382 1.994 1.824 1.634 2.349
8.3045 3.018 3.067 2.992 2.799 2.657 2.518 2.879 2.777 2.655 2.513 2.372 2.224 2.782 2.609 2.438 2.317 2.206 2.546 2.403 2.283 2.184 2.016 2.44 2.535 2.382 1.994 1.825 1.635 2.35
8.5049 3.018 3.068 2.993 2.8 2.657 2.518 2.879 2.777 2.655 2.513 2.373 2.224 2.783 2.61 2.438 2.317 2.207 2.546 2.404 2.284 2.185 2.016 2.44 2.536 2.383 1.995 1.825 1.635 2.35
8.71 3.019 3.068 2.993 2.8 2.658 2.519 2.88 2.778 2.656 2.514 2.373 2.225 2.783 2.61 2.439 2.318 2.207 2.547 2.404 2.284 2.185 2.017 2.441 2.536 2.383 1.995 1.826 1.636 2.351
8.9201 3.02 3.07 2.995 2.802 2.659 2.52 2.881 2.779 2.657 2.515 2.375 2.226 2.784 2.612 2.44 2.319 2.209 2.548 2.405 2.286 2.187 2.018 2.442 2.537 2.385 1.997 1.827 1.637 2.352
9.1353 3.022 3.072 2.997 2.804 2.662 2.523 2.883 2.782 2.659 2.517 2.377 2.228 2.787 2.614 2.442 2.322 2.211 2.55 2.408 2.288 2.189 2.021 2.445 2.54 2.387 1.999 1.83 1.639 2.354
9.3557 3.025 3.074 2.999 2.806 2.664 2.525 2.886 2.784 2.662 2.52 2.379 2.231 2.789 2.616 2.445 2.324 2.213 2.553 2.41 2.29 2.191 2.023 2.447 2.542 2.389 2.001 1.832 1.642 2.357
9.5814 3.027 3.077 3.002 2.809 2.666 2.527 2.888 2.786 2.664 2.522 2.382 2.233 2.791 2.619 2.447 2.326 2.216 2.555 2.413 2.293 2.194 2.025 2.449 2.544 2.392 2.004 1.834 1.644 2.359
9.8125 3.029 3.079 3.004 2.811 2.669 2.53 2.89 2.789 2.666 2.524 2.384 2.235 2.794 2.621 2.449 2.329 2.218 2.557 2.415 2.295 2.196 2.028 2.452 2.547 2.394 2.006 1.837 1.646 2.361
10.0492 3.032 3.081 3.006 2.813 2.671 2.532 2.893 2.791 2.669 2.527 2.386 2.238 2.796 2.624 2.452 2.331 2.22 2.56 2.417 2.297 2.198 2.03 2.454 2.549 2.396 2.008 1.839 1.649 2.364
10.2917 3.034 3.084 3.009 2.816 2.673 2.534 2.895 2.793 2.671 2.529 2.389 2.24 2.798 2.626 2.454 2.333 2.223 2.562 2.42 2.3 2.201 2.032 2.456 2.551 2.399 2.011 1.841 1.651 2.366
10.5399 3.036 3.086 3.011 2.818 2.676 2.537 2.897 2.796 2.673 2.531 2.391 2.242 2.801 2.628 2.456 2.336 2.225 2.564 2.422 2.302 2.203 2.035 2.459 2.554 2.401 2.013 1.844 1.653 2.368
10.7942 3.039 3.088 3.013 2.82 2.678 2.539 2.9 2.798 2.676 2.534 2.393 2.245 2.803 2.631 2.459 2.338 2.227 2.567 2.424 2.304 2.205 2.037 2.461 2.556 2.403 2.015 1.846 1.656 2.371
11.0546 3.041 3.091 3.016 2.823 2.68 2.541 2.902 2.8 2.678 2.536 2.396 2.247 2.805 2.633 2.461 2.34 2.23 2.569 2.427 2.307 2.208 2.039 2.463 2.558 2.406 2.018 1.848 1.658 2.373
11.3212 3.041 3.091 3.016 2.823 2.68 2.541 2.902 2.8 2.678 2.536 2.396 2.247 2.805 2.633 2.461 2.34 2.23 2.569 2.427 2.307 2.208 2.039 2.463 2.558 2.406 2.018 1.848 1.658 2.373
11.5943 3.039 3.089 3.014 2.821 2.679 2.54 2.9 2.799 2.676 2.534 2.394 2.245 2.804 2.631 2.459 2.339 2.228 2.567 2.425 2.305 2.206 2.038 2.462 2.557 2.404 2.016 1.847 1.656 2.371
11.874 3.038 3.087 3.012 2.819 2.677 2.538 2.899 2.797 2.675 2.533 2.392 2.244 2.802 2.629 2.458 2.337 2.226 2.566 2.423 2.303 2.204 2.036 2.46 2.555 2.402 2.014 1.845 1.655 2.37
12.1605 3.036 3.085 3.011 2.818 2.675 2.536 2.897 2.795 2.673 2.531 2.39 2.242 2.8 2.628 2.456 2.335 2.225 2.564 2.421 2.302 2.203 2.034 2.458 2.553 2.401 2.013 1.843 1.653 2.368
12.4538 3.034 3.084 3.009 2.816 2.674 2.534 2.895 2.794 2.671 2.529 2.389 2.24 2.799 2.626 2.454 2.333 2.223 2.562 2.42 2.3 2.201 2.033 2.456 2.552 2.399 2.011 1.842 1.651 2.366
12.7542 3.033 3.082 3.007 2.814 2.672 2.533 2.893 2.792 2.669 2.528 2.387 2.238 2.797 2.624 2.452 2.332 2.221 2.561 2.418 2.298 2.199 2.031 2.455 2.55 2.397 2.009 1.84 1.649 2.364
13.0619 3.031 3.08 3.005 2.812 2.67 2.531 2.892 2.79 2.668 2.526 2.385 2.237 2.795 2.623 2.451 2.33 2.219 2.559 2.416 2.296 2.197 2.029 2.453 2.548 2.395 2.007 1.838 1.648 2.363
13.377 3.029 3.079 3.004 2.811 2.668 2.529 2.89 2.788 2.666 2.524 2.384 2.235 2.793 2.621 2.449 2.328 2.218 2.557 2.415 2.295 2.196 2.027 2.451 2.546 2.394 2.006 1.836 1.646 2.361
13.6997 3.027 3.077 3.002 2.809 2.667 2.528 2.888 2.787 2.664 2.522 2.382 2.233 2.792 2.619 2.447 2.327 2.216 2.555 2.413 2.293 2.194 2.026 2.45 2.545 2.392 2.004 1.835 1.644 2.359
14.0302 3.026 3.075 3.0 2.807 2.665 2.526 2.887 2.785 2.663 2.521 2.38 2.232 2.79 2.617 2.446 2.325 2.214 2.554 2.411 2.291 2.192 2.024 2.448 2.543 2.39 2.002 1.833 1.643 2.358
14.3686 3.054 3.103 3.028 2.835 2.693 2.554 2.915 2.813 2.691 2.549 2.408 2.26 2.818 2.645 2.474 2.353 2.242 2.582 2.439 2.319 2.22 2.052 2.476 2.571 2.418 2.03 1.861 1.671 2.386
14.7153 3.093 3.143 3.068 2.875 2.732 2.593 2.954 2.852 2.73 2.588 2.448 2.299 2.857 2.685 2.513 2.392 2.282 2.621 2.478 2.359 2.26 2.091 2.515 2.61 2.458 2.07 1.9 1.71 2.425
15.0702 3.132 3.182 3.107 2.914 2.772 2.633 2.993 2.892 2.769 2.627 2.487 2.338 2.897 2.724 2.552 2.432 2.321 2.66 2.518 2.398 2.299 2.131 2.555 2.65 2.497 2.109 1.94 1.749 2.464
15.4338 3.172 3.221 3.146 2.953 2.811 2.672 3.033 2.931 2.809 2.667 2.526 2.378 2.936 2.763 2.592 2.471 2.36 2.7 2.557 2.437 2.338 2.17 2.594 2.689 2.536 2.148 1.979 1.789 2.504
15.8061 3.211 3.26 3.186 2.993 2.85 2.711 3.072 2.97 2.848 2.706 2.566 2.417 2.975 2.803 2.631 2.51 2.4 2.739 2.596 2.477 2.378 2.209 2.633 2.728 2.576 2.188 2.018 1.828 2.543
16.1874 3.25 3.3 3.225 3.032 2.89 2.75 3.111 3.01 2.887 2.745 2.605 2.456 3.015 2.842 2.67 2.55 2.439 2.778 2.636 2.516 2.417 2.249 2.672 2.768 2.615 2.227 2.058 1.867 2.582
16.5779 3.29 3.339 3.264 3.071 2.929 2.79 3.151 3.049 2.927 2.785 2.644 2.496 3.054 2.881 2.71 2.589 2.478 2.818 2.675 2.555 2.456 2.288 2.712 2.807 2.654 2.266 2.097 1.907 2.622
16.9778 3.329 3.378 3.304 3.111 2.968 2.829 3.19 3.088 2.966 2.824 2.683 2.535 3.093 2.921 2.749 2.628 2.518 2.857 2.714 2.595 2.496 2.327 2.751 2.846 2.694 2.306 2.136 1.946 2.661
17.3873 3.368 3.418 3.343 3.15 3.008 2.868 3.229 3.128 3.005 2.863 2.723 2.574 3.133 2.96 2.788 2.667 2.557 2.896 2.754 2.634 2.535 2.367 2.79 2.886 2.733 2.345 2.176 1.985 2.7
17.8068 3.408 3.457 3.382 3.189 3.047 2.908 3.269 3.167 3.044 2.903 2.762 2.614 3.172 2.999 2.828 2.707 2.596 2.936 2.793 2.673 2.574 2.406 2.83 2.925 2.772 2.384 2.215 2.025 2.74
18.2363 3.467 3.517 3.442 3.249 3.106 2.967 3.328 3.227 3.104 2.962 2.822 2.673 3.232 3.059 2.887 2.766 2.656 2.995 2.853 2.733 2.634 2.466 2.889 2.985 2.832 2.444 2.274 2.084 2.799
18.6762 3.53 3.579 3.505 3.312 3.169 3.03 3.391 3.289 3.167 3.025 2.884 2.736 3.294 3.122 2.95 2.829 2.718 3.058 2.915 2.795 2.696 2.528 2.952 3.047 2.894 2.506 2.337 2.147 2.862
19.1268 3.593 3.642 3.567 3.374 3.232 3.093 3.454 3.352 3.229 3.088 2.947 2.799 3.357 3.184 3.012 2.892 2.781 3.121 2.978 2.858 2.759 2.591 3.015 3.11 2.957 2.569 2.4 2.209 2.924
19.5882 3.655 3.705 3.63 3.437 3.295 3.155 3.516 3.415 3.292 3.15 3.01 2.861 3.42 3.247 3.075 2.954 2.844 3.183 3.041 2.921 2.822 2.654 3.077 3.173 3.02 2.632 2.463 2.272 2.987
20.0607 3.718 3.767 3.693 3.5 3.357 3.218 3.579 3.477 3.355 3.213 3.072 2.924 3.482 3.31 3.138 3.017 2.906 3.246 3.103 2.984 2.884 2.716 3.14 3.235 3.082 2.695 2.525 2.335 3.05
20.5446 3.781 3.83 3.755 3.562 3.42 3.281 3.642 3.54 3.417 3.276 3.135 2.987 3.545 3.372 3.2 3.08 2.969 3.309 3.166 3.046 2.947 2.779 3.203 3.298 3.145 2.757 2.588 2.398 3.113
21.0402 3.843 3.893 3.818 3.625 3.483 3.343 3.704 3.603 3.48 3.338 3.198 3.049 3.608 3.435 3.263 3.142 3.032 3.371 3.229 3.109 3.01 2.842 3.265 3.361 3.208 2.82 2.651 2.46 3.175
21.5478 3.906 3.955 3.881 3.688 3.545 3.406 3.767 3.665 3.543 3.401 3.26 3.112 3.67 3.498 3.326 3.205 3.095 3.434 3.291 3.172 3.073 2.904 3.328 3.423 3.271 2.883 2.713 2.523 3.238
22.0676 3.969 4.018 3.943 3.75 3.608 3.469 3.83 3.728 3.605 3.464 3.323 3.175 3.733 3.56 3.389 3.268 3.157 3.497 3.354 3.234 3.135 2.967 3.391 3.486 3.333 2.945 2.776 2.586 3.301
22.5999 4.031 4.081 4.006 3.813 3.671 3.532 3.892 3.791 3.668 3.526 3.386 3.237 3.796 3.623 3.451 3.331 3.22 3.559 3.417 3.297 3.198 3.03 3.454 3.549 3.396 3.008 2.839 2.648 3.363
23.1451 4.103 4.153 4.078 3.885 3.742 3.603 3.964 3.862 3.74 3.598 3.458 3.309 3.867 3.695 3.523 3.402 3.292 3.631 3.489 3.369 3.27 3.101 3.525 3.62 3.468 3.08 2.91 2.72 3.435
23.7034 4.175 4.224 4.15 3.957 3.814 3.675 4.036 3.934 3.812 3.67 3.529 3.381 3.939 3.767 3.595 3.474 3.363 3.703 3.56 3.44 3.341 3.173 3.597 3.692 3.539 3.151 2.982 2.792 3.507
24.2752 4.247 4.296 4.221 4.028 3.886 3.747 4.108 4.006 3.883 3.742 3.601 3.453 4.011 3.838 3.667 3.546 3.435 3.775 3.632 3.512 3.413 3.245 3.669 3.764 3.611 3.223 3.054 2.864 3.579
24.8608 4.318 4.368 4.293 4.1 3.958 3.818 4.179 4.078 3.955 3.813 3.673 3.524 4.083 3.91 3.738 3.618 3.507 3.846 3.704 3.584 3.485 3.317 3.74 3.836 3.683 3.295 3.126 2.935 3.65
25.4606 4.39 4.44 4.365 4.172 4.029 3.89 4.251 4.149 4.027 3.885 3.745 3.596 4.154 3.982 3.81 3.689 3.579 3.918 3.775 3.656 3.557 3.388 3.812 3.907 3.755 3.367 3.197 3.007 3.722
26.0748 4.462 4.511 4.436 4.243 4.101 3.962 4.323 4.221 4.099 3.957 3.816 3.668 4.226 4.054 3.882 3.761 3.65 3.99 3.847 3.727 3.628 3.46 3.884 3.979 3.826 3.438 3.269 3.079 3.794
26.7038 4.534 4.583 4.508 4.315 4.173 4.034 4.394 4.293 4.17 4.029 3.888 3.739 4.298 4.125 3.953 3.833 3.722 4.062 3.919 3.799 3.7 3.532 3.956 4.051 3.898 3.51 3.341 3.15 3.865
27.3479 4.605 4.655 4.58 4.387 4.245 4.105 4.466 4.365 4.242 4.1 3.96 3.811 4.37 4.197 4.025 3.904 3.794 4.133 3.991 3.871 3.772 3.604 4.027 4.123 3.97 3.582 3.413 3.222 3.937
28.0077 4.677 4.726 4.652 4.459 4.316 4.177 4.538 4.436 4.314 4.172 4.032 3.883 4.441 4.269 4.097 3.976 3.866 4.205 4.062 3.943 3.844 3.675 4.099 4.194 4.042 3.654 3.484 3.294 4.009
28.6833 4.749 4.798 4.723 4.531 4.388 4.249 4.61 4.508 4.386 4.244 4.103 3.955 4.513 4.341 4.169 4.048 3.937 4.277 4.134 4.014 3.915 3.747 4.171 4.266 4.113 3.725 3.556 3.366 4.081
29.3752 4.821 4.871 4.796 4.603 4.461 4.322 4.682 4.581 4.458 4.316 4.176 4.027 4.586 4.413 4.241 4.121 4.01 4.349 4.207 4.087 3.988 3.82 4.244 4.339 4.186 3.798 3.629 3.438 4.153
30.0838 4.894 4.943 4.869 4.676 4.533 4.394 4.755 4.653 4.531 4.389 4.248 4.1 4.658 4.486 4.314 4.193 4.082 4.422 4.279 4.16 4.06 3.892 4.316 4.411 4.258 3.871 3.701 3.511 4.226
30.8096 4.966 5.016 4.941 4.748 4.606 4.467 4.827 4.726 4.603 4.461 4.321 4.172 4.731 4.558 4.386 4.266 4.155 4.494 4.352 4.232 4.133 3.965 4.389 4.484 4.331 3.943 3.774 3.583 4.298
31.5528 5.039 5.088 5.014 4.821 4.678 4.539 4.9 4.798 4.676 4.534 4.393 4.245 4.803 4.631 4.459 4.338 4.228 4.567 4.424 4.305 4.206 4.037 4.461 4.556 4.404 4.016 3.846 3.656 4.371
32.3139 5.112 5.161 5.086 4.893 4.751 4.612 4.972 4.871 4.748 4.606 4.466 4.317 4.876 4.703 4.531 4.411 4.3 4.639 4.497 4.377 4.278 4.11 4.534 4.629 4.476 4.088 3.919 3.728 4.443
33.0935 5.184 5.234 5.159 4.966 4.823 4.684 5.045 4.943 4.821 4.679 4.539 4.39 4.948 4.776 4.604 4.483 4.373 4.712 4.569 4.45 4.351 4.182 4.606 4.701 4.549 4.161 3.991 3.801 4.516
33.8918 5.257 5.306 5.231 5.038 4.896 4.757 5.118 5.016 4.893 4.752 4.611 4.463 5.021 4.848 4.676 4.556 4.445 4.785 4.642 4.522 4.423 4.255 4.679 4.774 4.621 4.233 4.064 3.873 4.588
34.7093 5.329 5.379 5.304 5.111 4.968 4.829 5.19 5.088 4.966 4.824 4.684 4.535 5.093 4.921 4.749 4.628 4.518 4.857 4.715 4.595 4.496 4.327 4.751 4.846 4.694 4.306 4.136 3.946 4.661
35.5466 5.402 5.451 5.376 5.183 5.041 4.902 5.263 5.161 5.038 4.897 4.756 4.608 5.166 4.993 4.822 4.701 4.59 4.93 4.787 4.667 4.568 4.4 4.824 4.919 4.766 4.378 4.209 4.019 4.734
36.4041 5.472 5.522 5.447 5.254 5.111 4.972 5.333 5.231 5.109 4.967 4.827 4.678 5.236 5.064 4.892 4.771 4.661 5.0 4.858 4.738 4.639 4.47 4.894 4.989 4.837 4.449 4.279 4.089 4.804
37.2823 5.538 5.587 5.512 5.32 5.177 5.038 5.399 5.297 5.175 5.033 4.892 4.744 5.302 5.13 4.958 4.837 4.726 5.066 4.923 4.803 4.704 4.536 4.96 5.055 4.902 4.514 4.345 4.155 4.87
38.1817 5.604 5.653 5.578 5.385 5.243 5.104 5.465 5.363 5.24 5.099 4.958 4.809 5.368 5.195 5.023 4.903 4.792 5.132 4.989 4.869 4.77 4.602 5.026 5.121 4.968 4.58 4.411 4.22 4.935
39.1028 5.669 5.719 5.644 5.451 5.309 5.169 5.53 5.429 5.306 5.164 5.024 4.875 5.434 5.261 5.089 4.968 4.858 5.197 5.055 4.935 4.836 4.668 5.091 5.187 5.034 4.646 4.477 4.286 5.001
40.046 5.735 5.784 5.71 5.517 5.374 5.235 5.596 5.494 5.372 5.23 5.09 4.941 5.499 5.327 5.155 5.034 4.924 5.263 5.12 5.001 4.902 4.733 5.157 5.252 5.1 4.712 4.542 4.352 5.067
41.0121 5.801 5.85 5.775 5.582 5.44 5.301 5.662 5.56 5.438 5.296 5.155 5.007 5.565 5.392 5.221 5.1 4.989 5.329 5.186 5.066 4.967 4.799 5.223 5.318 5.165 4.777 4.608 4.418 5.133
42.0014 5.866 5.916 5.841 5.648 5.506 5.367 5.727 5.626 5.503 5.361 5.221 5.072 5.631 5.458 5.286 5.166 5.055 5.394 5.252 5.132 5.033 4.865 5.289 5.384 5.231 4.843 4.674 4.483 5.198
43.0146 5.932 5.982 5.907 5.714 5.571 5.432 5.793 5.691 5.569 5.427 5.287 5.138 5.696 5.524 5.352 5.231 5.121 5.46 5.318 5.198 5.099 4.93 5.354 5.449 5.297 4.909 4.739 4.549 5.264
44.0523 5.998 6.047 5.973 5.78 5.637 5.498 5.859 5.757 5.635 5.493 5.352 5.204 5.762 5.59 5.418 5.297 5.186 5.526 5.383 5.263 5.164 4.996 5.42 5.515 5.362 4.974 4.805 4.615 5.33
45.1149 6.064 6.113 6.038 5.845 5.703 5.564 5.925 5.823 5.7 5.559 5.418 5.27 5.828 5.655 5.483 5.363 5.252 5.592 5.449 5.329 5.23 5.062 5.486 5.581 5.428 5.04 4.871 4.681 5.396
46.2033 6.125 6.175 6.1 5.907 5.764 5.625 5.986 5.884 5.762 5.62 5.48 5.331 5.889 5.717 5.545 5.424 5.314 5.653 5.51 5.391 5.292 5.123 5.547 5.642 5.49 5.102 4.932 4.742 5.457
47.3178 6.181 6.231 6.156 5.963 5.82 5.681 6.042 5.94 5.818 5.676 5.536 5.387 5.945 5.773 5.601 5.48 5.37 5.709 5.567 5.447 5.348 5.179 5.603 5.698 5.546 5.158 4.988 4.798 5.513
48.4593 6.237 6.287 6.212 6.019 5.876 5.737 6.098 5.997 5.874 5.732 5.592 5.443 6.002 5.829 5.657 5.536 5.426 5.765 5.623 5.503 5.404 5.236 5.659 5.755 5.602 5.214 5.044 4.854 5.569
49.6283 6.293 6.343 6.268 6.075 5.933 5.793 6.154 6.053 5.93 5.788 5.648 5.499 6.058 5.885 5.713 5.593 5.482 5.821 5.679 5.559 5.46 5.292 5.715 5.811 5.658 5.27 5.101 4.91 5.625
50.8255 6.349 6.399 6.324 6.131 5.989 5.85 6.21 6.109 5.986 5.844 5.704 5.555 6.114 5.941 5.769 5.649 5.538 5.877 5.735 5.615 5.516 5.348 5.772 5.867 5.714 5.326 5.157 4.966 5.681
52.0515 6.406 6.455 6.38 6.187 6.045 5.906 6.266 6.165 6.042 5.9 5.76 5.611 6.17 5.997 5.825 5.705 5.594 5.933 5.791 5.671 5.572 5.404 5.828 5.923 5.77 5.382 5.213 5.022 5.737
53.3072 6.462 6.511 6.436 6.243 6.101 5.962 6.323 6.221 6.098 5.957 5.816 5.668 6.226 6.053 5.881 5.761 5.65 5.99 5.847 5.727 5.628 5.46 5.884 5.979 5.826 5.438 5.269 5.078 5.793
54.5931 6.518 6.567 6.492 6.299 6.157 6.018 6.379 6.277 6.155 6.013 5.872 5.724 6.282 6.109 5.938 5.817 5.706 6.046 5.903 5.783 5.684 5.516 5.94 6.035 5.882 5.494 5.325 5.135 5.85
55.9101 6.574 6.623 6.548 6.355 6.213 6.074 6.435 6.333 6.211 6.069 5.928 5.78 6.338 6.165 5.994 5.873 5.762 6.102 5.959 5.839 5.74 5.572 5.996 6.091 5.938 5.55 5.381 5.191 5.906
57.2588 6.63 6.679 6.604 6.412 6.269 6.13 6.491 6.389 6.267 6.125 5.984 5.836 6.394 6.222 6.05 5.929 5.818 6.158 6.015 5.895 5.796 5.628 6.052 6.147 5.994 5.606 5.437 5.247 5.962
58.6401 6.685 6.734 6.659 6.467 6.324 6.185 6.546 6.444 6.322 6.18 6.039 5.891 6.449 6.277 6.105 5.984 5.873 6.213 6.07 5.95 5.851 5.683 6.107 6.202 6.049 5.661 5.492 5.302 6.017
60.0546 6.739 6.789 6.714 6.521 6.378 6.239 6.6 6.498 6.376 6.234 6.094 5.945 6.503 6.331 6.159 6.038 5.928 6.267 6.124 6.005 5.906 5.737 6.161 6.256 6.104 5.716 5.546 5.356 6.071
61.5034 6.793 6.843 6.768 6.575 6.433 6.293 6.654 6.553 6.43 6.288 6.148 5.999 6.558 6.385 6.213 6.092 5.982 6.321 6.179 6.059 5.96 5.792 6.215 6.311 6.158 5.77 5.601 5.41 6.125
62.987 6.848 6.897 6.822 6.629 6.487 6.348 6.708 6.607 6.484 6.342 6.202 6.053 6.612 6.439 6.267 6.147 6.036 6.375 6.233 6.113 6.014 5.846 6.27 6.365 6.212 5.824 5.655 5.464 6.179
64.5065 6.902 6.951 6.876 6.683 6.541 6.402 6.763 6.661 6.539 6.397 6.256 6.108 6.666 6.493 6.322 6.201 6.09 6.43 6.287 6.167 6.068 5.9 6.324 6.419 6.266 5.878 5.709 5.519 6.234
66.0626 6.956 7.005 6.931 6.738 6.595 6.456 6.817 6.715 6.593 6.451 6.31 6.162 6.72 6.548 6.376 6.255 6.145 6.484 6.341 6.222 6.123 5.954 6.378 6.473 6.321 5.933 5.763 5.573 6.288
67.6562 7.01 7.06 6.985 6.792 6.649 6.51 6.871 6.769 6.647 6.505 6.365 6.216 6.775 6.602 6.43 6.309 6.199 6.538 6.396 6.276 6.177 6.008 6.432 6.528 6.375 5.987 5.817 5.627 6.342
69.2883 7.064 7.114 7.039 6.846 6.704 6.565 6.925 6.824 6.701 6.559 6.419 6.27 6.829 6.656 6.484 6.364 6.253 6.592 6.45 6.33 6.231 6.063 6.487 6.582 6.429 6.041 5.872 5.681 6.396
70.9597 7.119 7.168 7.093 6.9 6.758 6.619 6.98 6.878 6.756 6.614 6.473 6.325 6.883 6.71 6.539 6.418 6.307 6.647 6.504 6.384 6.285 6.117 6.541 6.636 6.483 6.095 5.926 5.736 6.451
72.6715 7.173 7.222 7.148 6.955 6.812 6.673 7.034 6.932 6.81 6.668 6.527 6.379 6.937 6.765 6.593 6.472 6.361 6.701 6.558 6.438 6.339 6.171 6.595 6.69 6.537 6.149 5.98 5.79 6.505
74.4246 7.223 7.273 7.198 7.005 6.862 6.723 7.084 6.982 6.86 6.718 6.578 6.429 6.988 6.815 6.643 6.522 6.412 6.751 6.609 6.489 6.39 6.221 6.645 6.741 6.588 6.2 6.03 5.84 6.555
76.2199 7.272 7.322 7.247 7.054 6.911 6.772 7.133 7.031 6.909 6.767 6.627 6.478 7.036 6.864 6.692 6.571 6.461 6.8 6.657 6.538 6.439 6.27 6.694 6.789 6.637 6.249 6.079 5.889 6.604
78.0586 7.321 7.37 7.296 7.103 6.96 6.821 7.182 7.08 6.958 6.816 6.675 6.527 7.085 6.913 6.741 6.62 6.509 6.849 6.706 6.586 6.487 6.319 6.743 6.838 6.685 6.298 6.128 5.938 6.653
79.9416 7.37 7.419 7.344 7.151 7.009 6.87 7.231 7.129 7.007 6.865 6.724 6.576 7.134 6.962 6.79 6.669 6.558 6.898 6.755 6.635 6.536 6.368 6.792 6.887 6.734 6.346 6.177 5.987 6.702
81.87 7.419 7.468 7.393 7.2 7.058 6.919 7.28 7.178 7.055 6.914 6.773 6.625 7.183 7.01 6.839 6.718 6.607 6.947 6.804 6.684 6.585 6.417 6.841 6.936 6.783 6.395 6.226 6.036 6.751
83.845 7.468 7.517 7.442 7.249 7.107 6.968 7.328 7.227 7.104 6.962 6.822 6.673 7.232 7.059 6.887 6.767 6.656 6.995 6.853 6.733 6.634 6.466 6.89 6.985 6.832 6.444 6.275 6.084 6.799
85.8676 7.516 7.566 7.491 7.298 7.156 7.016 7.377 7.276 7.153 7.011 6.871 6.722 7.281 7.108 6.936 6.816 6.705 7.044 6.902 6.782 6.683 6.515 6.938 7.034 6.881 6.493 6.324 6.133 6.848
87.939 7.565 7.615 7.54 7.347 7.204 7.065 7.426 7.324 7.202 7.06 6.92 6.771 7.33 7.157 6.985 6.864 6.754 7.093 6.951 6.831 6.732 6.563 6.987 7.083 6.93 6.542 6.372 6.182 6.897
90.0604 7.614 7.664 7.589 7.396 7.253 7.114 7.475 7.373 7.251 7.109 6.969 6.82 7.378 7.206 7.034 6.913 6.803 7.142 6.999 6.88 6.781 6.612 7.036 7.131 6.979 6.591 6.421 6.231 6.946
92.2329 7.663 7.712 7.638 7.445 7.302 7.163 7.524 7.422 7.3 7.158 7.017 6.869 7.427 7.255 7.083 6.962 6.851 7.191 7.048 6.929 6.829 6.661 7.085 7.18 7.027 6.64 6.47 6.28 6.995
94.4579 7.708 7.758 7.683 7.49 7.347 7.208 7.569 7.468 7.345 7.203 7.063 6.914 7.473 7.3 7.128 7.007 6.897 7.236 7.094 6.974 6.875 6.707 7.13 7.226 7.073 6.685 6.515 6.325 7.04
96.7365 7.753 7.803 7.728 7.535 7.392 7.253 7.614 7.512 7.39 7.248 7.108 6.959 7.517 7.345 7.173 7.052 6.942 7.281 7.138 7.019 6.92 6.751 7.175 7.27 7.118 6.73 6.56 6.37 7.085
99.0701 7.798 7.847 7.772 7.579 7.437 7.298 7.659 7.557 7.435 7.293 7.152 7.004 7.562 7.39 7.218 7.097 6.986 7.326 7.183 7.063 6.964 6.796 7.22 7.315 7.162 6.774 6.605 6.415 7.13
101.4599 7.843 7.892 7.817 7.624 7.482 7.343 7.704 7.602 7.479 7.338 7.197 7.049 7.607 7.434 7.262 7.142 7.031 7.371 7.228 7.108 7.009 6.841 7.265 7.36 7.207 6.819 6.65 6.46 7.175
103.9075 7.887 7.937 7.862 7.669 7.527 7.388 7.748 7.647 7.524 7.382 7.242 7.093 7.652 7.479 7.307 7.187 7.076 7.415 7.273 7.153 7.054 6.886 7.31 7.405 7.252 6.864 6.695 6.504 7.219
106.4141 7.932 7.982 7.907 7.714 7.571 7.432 7.793 7.691 7.569 7.427 7.287 7.138 7.697 7.524 7.352 7.231 7.121 7.46 7.318 7.198 7.099 6.93 7.354 7.45 7.297 6.909 6.739 6.549 7.264
108.9811 7.977 8.026 7.952 7.759 7.616 7.477 7.838 7.736 7.614 7.472 7.331 7.183 7.741 7.569 7.397 7.276 7.166 7.505 7.362 7.243 7.144 6.975 7.399 7.494 7.342 6.954 6.784 6.594 7.309
111.6101 8.022 8.071 7.996 7.803 7.661 7.522 7.883 7.781 7.659 7.517 7.376 7.228 7.786 7.614 7.442 7.321 7.21 7.55 7.407 7.287 7.188 7.02 7.444 7.539 7.386 6.998 6.829 6.639 7.354
114.3025 8.067 8.116 8.041 7.848 7.706 7.567 7.928 7.826 7.703 7.562 7.421 7.273 7.831 7.658 7.486 7.366 7.255 7.595 7.452 7.332 7.233 7.065 7.489 7.584 7.431 7.043 6.874 6.683 7.398
117.0598 8.111 8.161 8.086 7.893 7.751 7.611 7.972 7.871 7.748 7.606 7.466 7.317 7.876 7.703 7.531 7.411 7.3 7.639 7.497 7.377 7.278 7.11 7.533 7.629 7.476 7.088 6.919 6.728 7.443
119.8836 8.154 8.203 8.129 7.936 7.793 7.654 8.015 7.913 7.791 7.649 7.508 7.36 7.918 7.746 7.574 7.453 7.343 7.682 7.539 7.42 7.321 7.152 7.576 7.671 7.519 7.131 6.961 6.771 7.486
122.7756 8.197 8.246 8.171 7.978 7.836 7.697 8.058 7.956 7.833 7.692 7.551 7.403 7.961 7.788 7.617 7.496 7.385 7.725 7.582 7.462 7.363 7.195 7.619 7.714 7.561 7.173 7.004 6.814 7.529
125.7373 8.239 8.289 8.214 8.021 7.879 7.739 8.1 7.999 7.876 7.734 7.594 7.445 8.004 7.831 7.659 7.538 7.428 7.767 7.625 7.505 7.406 7.238 7.661 7.757 7.604 7.216 7.047 6.856 7.571
128.7705 8.282 8.331 8.257 8.064 7.921 7.782 8.143 8.041 7.919 7.777 7.636 7.488 8.046 7.874 7.702 7.581 7.47 7.81 7.667 7.547 7.448 7.28 7.704 7.799 7.646 7.258 7.089 6.899 7.614
131.8769 8.325 8.374 8.299 8.106 7.964 7.825 8.185 8.084 7.961 7.82 7.679 7.53 8.089 7.916 7.744 7.624 7.513 7.853 7.71 7.59 7.491 7.323 7.747 7.842 7.689 7.301 7.132 6.941 7.656
135.0582 8.367 8.417 8.342 8.149 8.006 7.867 8.228 8.126 8.004 7.862 7.722 7.573 8.131 7.959 7.787 7.666 7.556 7.895 7.753 7.633 7.534 7.365 7.789 7.885 7.732 7.344 7.174 6.984 7.699
138.3162 8.41 8.459 8.384 8.191 8.049 7.91 8.271 8.169 8.047 7.905 7.764 7.616 8.174 8.002 7.83 7.709 7.598 7.938 7.795 7.675 7.576 7.408 7.832 7.927 7.774 7.386 7.217 7.027 7.742
141.6528 8.452 8.502 8.427 8.234 8.092 7.953 8.313 8.212 8.089 7.947 7.807 7.658 8.217 8.044 7.872 7.752 7.641 7.98 7.838 7.718 7.619 7.451 7.875 7.97 7.817 7.429 7.26 7.069 7.784
145.0699 8.495 8.545 8.47 8.277 8.134 7.995 8.356 8.254 8.132 7.99 7.85 7.701 8.259 8.087 7.915 7.794 7.684 8.023 7.88 7.761 7.662 7.493 7.917 8.012 7.86 7.472 7.302 7.112 7.827
148.5695 8.537 8.587 8.512 8.319 8.177 8.038 8.398 8.297 8.174 8.032 7.892 7.743 8.302 8.129 7.957 7.837 7.726 8.065 7.923 7.803 7.704 7.536 7.96 8.055 7.902 7.514 7.345 7.154 7.869
152.1534 8.578 8.628 8.553 8.36 8.217 8.078 8.439 8.337 8.215 8.073 7.933 7.784 8.342 8.17 7.998 7.877 7.767 8.106 7.964 7.844 7.745 7.576 8.0 8.096 7.943 7.555 7.385 7.195 7.91
155.8238 8.619 8.668 8.594 8.401 8.258 8.119 8.48 8.378 8.256 8.114 7.973 7.825 8.383 8.211 8.039 7.918 7.807 8.147 8.004 7.885 7.785 7.617 8.041 8.136 7.983 7.596 7.426 7.236 7.951
159.5828 8.66 8.709 8.634 8.441 8.299 8.16 8.521 8.419 8.297 8.155 8.014 7.866 8.424 8.251 8.08 7.959 7.848 8.188 8.045 7.925 7.826 7.658 8.082 8.177 8.024 7.636 7.467 7.277 7.992
163.4324 8.7 8.75 8.675 8.482 8.34 8.201 8.561 8.46 8.337 8.195 8.055 7.906 8.465 8.292 8.12 8.0 7.889 8.228 8.086 7.966 7.867 7.699 8.123 8.218 8.065 7.677 7.508 7.317 8.032
167.375 8.741 8.791 8.716 8.523 8.38 8.241 8.602 8.5 8.378 8.236 8.096 7.947 8.505 8.333 8.161 8.04 7.93 8.269 8.127 8.007 7.908 7.739 8.163 8.259 8.106 7.718 7.548 7.358 8.073
171.4126 8.782 8.831 8.757 8.564 8.421 8.282 8.643 8.541 8.419 8.277 8.136 7.988 8.546 8.374 8.202 8.081 7.97 8.31 8.167 8.047 7.948 7.78 8.204 8.299 8.146 7.759 7.589 7.399 8.114
175.5476 8.823 8.872 8.797 8.604 8.462 8.323 8.684 8.582 8.46 8.318 8.177 8.029 8.587 8.414 8.243 8.122 8.011 8.351 8.208 8.088 7.989 7.821 8.245 8.34 8.187 7.799 7.63 7.44 8.155
179.7823 8.863 8.913 8.838 8.645 8.503 8.364 8.724 8.623 8.5 8.358 8.218 8.069 8.628 8.455 8.283 8.163 8.052 8.391 8.249 8.129 8.03 7.862 8.286 8.381 8.228 7.84 7.671 7.48 8.195
184.1193 8.904 8.954 8.879 8.686 8.543 8.404 8.765 8.663 8.541 8.399 8.259 8.11 8.668 8.496 8.324 8.203 8.093 8.432 8.29 8.17 8.071 7.902 8.326 8.421 8.269 7.881 7.711 7.521 8.236
188.5608 8.944 8.993 8.918 8.725 8.583 8.444 8.805 8.703 8.58 8.439 8.298 8.15 8.708 8.535 8.363 8.243 8.132 8.472 8.329 8.209 8.11 7.942 8.366 8.461 8.308 7.92 7.751 7.56 8.275
193.1095 8.98 9.029 8.955 8.762 8.619 8.48 8.841 8.739 8.617 8.475 8.334 8.186 8.744 8.572 8.4 8.279 8.168 8.508 8.365 8.245 8.146 7.978 8.402 8.497 8.344 7.956 7.787 7.597 8.312
197.7679 9.016 9.066 8.991 8.798 8.655 8.516 8.877 8.776 8.653 8.511 8.371 8.222 8.781 8.608 8.436 8.315 8.205 8.544 8.402 8.282 8.183 8.015 8.438 8.534 8.381 7.993 7.823 7.633 8.348
202.5387 9.053 9.102 9.027 8.834 8.692 8.553 8.913 8.812 8.689 8.548 8.407 8.258 8.817 8.644 8.472 8.352 8.241 8.581 8.438 8.318 8.219 8.051 8.475 8.57 8.417 8.029 7.86 7.669 8.384
207.4245 9.089 9.138 9.063 8.871 8.728 8.589 8.95 8.848 8.726 8.584 8.443 8.295 8.853 8.681 8.509 8.388 8.277 8.617 8.474 8.354 8.255 8.087 8.511 8.606 8.453 8.065 7.896 7.706 8.421
212.4283 9.125 9.175 9.1 8.907 8.764 8.625 8.986 8.884 8.762 8.62 8.48 8.331 8.89 8.717 8.545 8.424 8.314 8.653 8.511 8.391 8.292 8.123 8.547 8.643 8.49 8.102 7.932 7.742 8.457
217.5527 9.162 9.211 9.136 8.943 8.801 8.662 9.022 8.921 8.798 8.656 8.516 8.367 8.926 8.753 8.581 8.461 8.35 8.689 8.547 8.427 8.328 8.16 8.584 8.679 8.526 8.138 7.969 7.778 8.493
222.8008 9.198 9.247 9.172 8.979 8.837 8.698 9.059 8.957 8.835 8.693 8.552 8.404 8.962 8.79 8.618 8.497 8.386 8.726 8.583 8.463 8.364 8.196 8.62 8.715 8.562 8.174 8.005 7.815 8.53
228.1754 9.234 9.284 9.209 9.016 8.873 8.734 9.095 8.993 8.871 8.729 8.589 8.44 8.998 8.826 8.654 8.533 8.423 8.762 8.62 8.5 8.401 8.232 8.656 8.751 8.599 8.211 8.041 7.851 8.566
233.6797 9.27 9.32 9.245 9.052 8.91 8.771 9.131 9.03 8.907 8.765 8.625 8.476 9.035 8.862 8.69 8.57 8.459 8.798 8.656 8.536 8.437 8.269 8.693 8.788 8.635 8.247 8.078 7.887 8.602
239.3168 9.306 9.356 9.281 9.088 8.945 8.806 9.167 9.065 8.943 8.801 8.661 8.512 9.07 8.898 8.726 8.605 8.495 8.834 8.691 8.572 8.473 8.304 8.728 8.823 8.671 8.283 8.113 7.923 8.638
245.0899 9.341 9.39 9.315 9.122 8.98 8.841 9.202 9.1 8.978 8.836 8.695 8.547 9.105 8.932 8.761 8.64 8.529 8.869 8.726 8.606 8.507 8.339 8.763 8.858 8.705 8.317 8.148 7.958 8.673
251.0022 9.375 9.425 9.35 9.157 9.015 8.876 9.236 9.135 9.012 8.87 8.73 8.581 9.14 8.967 8.795 8.675 8.564 8.903 8.761 8.641 8.542 8.374 8.798 8.893 8.74 8.352 8.183 7.992 8.707
257.0572 9.41 9.46 9.385 9.192 9.049 8.91 9.271 9.169 9.047 8.905 8.765 8.616 9.174 9.002 8.83 8.709 8.599 8.938 8.795 8.676 8.577 8.408 8.832 8.927 8.775 8.387 8.217 8.027 8.742
263.2582 9.445 9.494 9.419 9.226 9.084 8.945 9.306 9.204 9.082 8.94 8.799 8.651 9.209 9.036 8.865 8.744 8.633 8.973 8.83 8.71 8.611 8.443 8.867 8.962 8.809 8.421 8.252 8.062 8.777
269.6088 9.479 9.529 9.454 9.261 9.119 8.98 9.34 9.239 9.116 8.974 8.834 8.685 9.244 9.071 8.899 8.779 8.668 9.007 8.865 8.745 8.646 8.478 8.902 8.997 8.844 8.456 8.287 8.096 8.811
276.1126 9.514 9.564 9.489 9.296 9.153 9.014 9.375 9.273 9.151 9.009 8.869 8.72 9.278 9.106 8.934 8.813 8.703 9.042 8.9 8.78 8.681 8.512 8.936 9.031 8.879 8.491 8.321 8.131 8.846
282.7734 9.549 9.598 9.523 9.33 9.188 9.049 9.41 9.308 9.186 9.044 8.903 8.755 9.313 9.141 8.969 8.848 8.737 9.077 8.934 8.814 8.715 8.547 8.971 9.066 8.913 8.525 8.356 8.166 8.881
289.5947 9.583 9.633 9.558 9.365 9.223 9.084 9.444 9.343 9.22 9.078 8.938 8.789 9.348 9.175 9.003 8.883 8.772 9.111 8.969 8.849 8.75 8.582 9.006 9.101 8.948 8.56 8.391 8.2 8.915
296.5807 9.618 9.668 9.593 9.4 9.257 9.118 9.479 9.377 9.255 9.113 8.973 8.824 9.382 9.21 9.038 8.917 8.807 9.146 9.004 8.884 8.785 8.616 9.04 9.135 8.983 8.595 8.425 8.235 8.95
303.7351 9.652 9.701 9.626 9.433 9.291 9.152 9.512 9.411 9.288 9.147 9.006 8.857 9.416 9.243 9.071 8.951 8.84 9.18 9.037 8.917 8.818 8.65 9.074 9.169 9.016 8.628 8.459 8.268 8.983
311.0622 9.684 9.734 9.659 9.466 9.323 9.184 9.545 9.443 9.321 9.179 9.039 8.89 9.448 9.276 9.104 8.983 8.873 9.212 9.069 8.95 8.851 8.682 9.106 9.201 9.049 8.661 8.491 8.301 9.016
318.566 9.717 9.766 9.691 9.498 9.356 9.217 9.578 9.476 9.353 9.212 9.071 8.923 9.481 9.308 9.136 9.016 8.905 9.245 9.102 8.982 8.883 8.715 9.139 9.234 9.081 8.693 8.524 8.334 9.049
326.2508 9.749 9.799 9.724 9.531 9.388 9.249 9.61 9.508 9.386 9.244 9.104 8.955 9.513 9.341 9.169 9.048 8.938 9.277 9.135 9.015 8.916 8.747 9.171 9.266 9.114 8.726 8.556 8.366 9.081
334.121 9.782 9.831 9.756 9.563 9.421 9.282 9.643 9.541 9.419 9.277 9.136 8.988 9.546 9.373 9.202 9.081 8.97 9.31 9.167 9.047 8.948 8.78 9.204 9.299 9.146 8.758 8.589 8.399 9.114
342.181 9.814 9.864 9.789 9.596 9.453 9.314 9.675 9.573 9.451 9.309 9.169 9.02 9.579 9.406 9.234 9.113 9.003 9.342 9.2 9.08 8.981 8.812 9.236 9.332 9.179 8.791 8.621 8.431 9.146
350.4355 9.847 9.896 9.821 9.628 9.486 9.347 9.708 9.606 9.484 9.342 9.201 9.053 9.611 9.438 9.267 9.146 9.035 9.375 9.232 9.112 9.013 8.845 9.269 9.364 9.211 8.823 8.654 8.464 9.179
358.8891 9.879 9.929 9.854 9.661 9.519 9.379 9.74 9.639 9.516 9.374 9.234 9.085 9.644 9.471 9.299 9.178 9.068 9.407 9.265 9.145 9.046 8.878 9.301 9.397 9.244 8.856 8.687 8.496 9.211
367.5467 9.912 9.961 9.886 9.693 9.551 9.412 9.773 9.671 9.549 9.407 9.266 9.118 9.676 9.504 9.332 9.211 9.1 9.44 9.297 9.177 9.078 8.91 9.334 9.429 9.276 8.888 8.719 8.529 9.244
376.4131 9.944 9.994 9.919 9.726 9.584 9.444 9.805 9.704 9.581 9.439 9.299 9.15 9.709 9.536 9.364 9.243 9.133 9.472 9.33 9.21 9.111 8.943 9.366 9.462 9.309 8.921 8.752 8.561 9.276
385.4933 9.982 10.032 9.957 9.764 9.622 9.482 9.843 9.742 9.619 9.477 9.337 9.188 9.747 9.574 9.402 9.281 9.171 9.51 9.368 9.248 9.149 8.981 9.404 9.5 9.347 8.959 8.79 8.599 9.314
394.7926 10.022 10.072 9.997 9.804 9.662 9.522 9.883 9.782 9.659 9.517 9.377 9.228 9.787 9.614 9.442 9.322 9.211 9.55 9.408 9.288 9.189 9.021 9.444 9.54 9.387 8.999 8.83 8.639 9.354
404.3163 10.062 10.112 10.037 9.844 9.702 9.563 9.923 9.822 9.699 9.557 9.417 9.268 9.827 9.654 9.482 9.362 9.251 9.59 9.448 9.328 9.229 9.061 9.485 9.58 9.427 9.039 8.87 8.679 9.394
414.0697 10.102 10.152 10.077 9.884 9.742 9.603 9.963 9.862 9.739 9.597 9.457 9.308 9.867 9.694 9.522 9.402 9.291 9.63 9.488 9.368 9.269 9.101 9.525 9.62 9.467 9.079 8.91 8.719 9.434
424.0583 10.143 10.192 10.117 9.924 9.782 9.643 10.003 9.902 9.779 9.637 9.497 9.348 9.907 9.734 9.562 9.442 9.331 9.67 9.528 9.408 9.309 9.141 9.565 9.66 9.507 9.119 8.95 8.759 9.474
434.2879 10.183 10.232 10.157 9.964 9.822 9.683 10.043 9.942 9.819 9.678 9.537 9.388 9.947 9.774 9.602 9.482 9.371 9.711 9.568 9.448 9.349 9.181 9.605 9.7 9.547 9.159 8.99 8.799 9.514
444.7643 10.223 10.272 10.197 10.004 9.862 9.723 10.084 9.982 9.859 9.718 9.577 9.429 9.987 9.814 9.642 9.522 9.411 9.751 9.608 9.488 9.389 9.221 9.645 9.74 9.587 9.199 9.03 8.839 9.554
455.4934 10.263 10.312 10.237 10.044 9.902 9.763 10.124 10.022 9.899 9.758 9.617 9.469 10.027 9.854 9.683 9.562 9.451 9.791 9.648 9.528 9.429 9.261 9.685 9.78 9.627 9.239 9.07 8.88 9.595
466.4814 10.303 10.352 10.277 10.084 9.942 9.803 10.164 10.062 9.94 9.798 9.657 9.509 10.067 9.894 9.723 9.602 9.491 9.831 9.688 9.568 9.469 9.301 9.725 9.82 9.667 9.279 9.11 8.92 9.635
477.7344 10.343 10.392 10.317 10.124 9.982 9.843 10.204 10.102 9.98 9.838 9.697 9.549 10.107 9.934 9.763 9.642 9.531 9.871 9.728 9.608 9.509 9.341 9.765 9.86 9.707 9.319 9.15 8.96 9.675
489.2588 10.407 10.456 10.381 10.188 10.046 9.907 10.268 10.166 10.044 9.902 9.761 9.613 10.171 9.998 9.827 9.706 9.595 9.935 9.792 9.672 9.573 9.405 9.829 9.924 9.771 9.383 9.214 9.024 9.739
501.0613 10.474 10.524 10.449 10.256 10.114 9.974 10.335 10.234 10.111 9.969 9.829 9.68 10.239 10.066 9.894 9.773 9.663 10.002 9.86 9.74 9.641 9.473 9.896 9.992 9.839 9.451 9.282 9.091 9.806
513.1485 10.542 10.591 10.516 10.323 10.181 10.042 10.403 10.301 10.179 10.037 9.896 9.748 10.306 10.134 9.962 9.841 9.73 10.07 9.927 9.807 9.708 9.54 9.964 10.059 9.906 9.518 9.349 9.159 9.874
525.5272 10.609 10.659 10.584 10.391 10.249 10.11 10.47 10.369 10.246 10.104 9.964 9.815 10.374 10.201 10.029 9.909 9.798 10.137 9.995 9.875 9.776 9.608 10.032 10.127 9.974 9.586 9.417 9.226 9.941
538.2046 10.677 10.726 10.652 10.459 10.316 10.177 10.538 10.436 10.314 10.172 10.031 9.883 10.441 10.269 10.097 9.976 9.865 10.205 10.062 9.942 9.843 9.675 10.099 10.194 10.041 9.653 9.484 9.294 10.009
551.1878 10.744 10.794 10.719 10.526 10.384 10.245 10.605 10.504 10.381 10.239 10.099 9.95 10.509 10.336 10.164 10.044 9.933 10.272 10.13 10.01 9.911 9.743 10.167 10.262 10.109 9.721 9.552 9.361 10.076
564.4842 10.812 10.861 10.787 10.594 10.451 10.312 10.673 10.571 10.449 10.307 10.167 10.018 10.576 10.404 10.232 10.111 10.001 10.34 10.197 10.078 9.979 9.81 10.234 10.329 10.177 9.789 9.619 9.429 10.144
578.1013 10.88 10.929 10.854 10.661 10.519 10.38 10.74 10.639 10.516 10.375 10.234 10.085 10.644 10.471 10.299 10.179 10.068 10.408 10.265 10.145 10.046 9.878 10.302 10.397 10.244 9.856 9.687 9.496 10.211
592.0469 10.947 10.997 10.922 10.729 10.586 10.447 10.808 10.706 10.584 10.442 10.302 10.153 10.711 10.539 10.367 10.246 10.136 10.475 10.332 10.213 10.114 9.945 10.369 10.464 10.312 9.924 9.754 9.564 10.279
606.329 11.015 11.065 10.99 10.797 10.654 10.515 10.876 10.774 10.652 10.51 10.37 10.221 10.779 10.607 10.435 10.314 10.204 10.543 10.401 10.281 10.182 10.013 10.437 10.532 10.38 9.992 9.822 9.632 10.347
620.9555 11.116 11.166 11.091 10.898 10.756 10.617 10.977 10.876 10.753 10.611 10.471 10.322 10.881 10.708 10.536 10.416 10.305 10.644 10.502 10.382 10.283 10.115 10.539 10.634 10.481 10.093 9.924 9.733 10.448
635.9349 11.218 11.267 11.192 10.999 10.857 10.718 11.079 10.977 10.855 10.713 10.572 10.424 10.982 10.81 10.638 10.517 10.406 10.746 10.603 10.483 10.384 10.216 10.64 10.735 10.582 10.194 10.025 9.835 10.55
651.2757 11.319 11.369 11.294 11.101 10.958 10.819 11.18 11.078 10.956 10.814 10.674 10.525 11.083 10.911 10.739 10.618 10.508 10.847 10.705 10.585 10.486 10.317 10.741 10.836 10.684 10.296 10.126 9.936 10.651
666.9865 11.42 11.47 11.395 11.202 11.06 10.921 11.281 11.18 11.057 10.915 10.775 10.626 11.185 11.012 10.84 10.72 10.609 10.948 10.806 10.686 10.587 10.419 10.843 10.938 10.785 10.397 10.228 10.037 10.752
683.0763 11.522 11.571 11.496 11.303 11.161 11.022 11.383 11.281 11.159 11.017 10.876 10.728 11.286 11.114 10.942 10.821 10.71 11.05 10.907 10.787 10.688 10.52 10.944 11.039 10.886 10.498 10.329 10.139 10.854
699.5543 11.623 11.673 11.598 11.405 11.262 11.123 11.484 11.382 11.26 11.118 10.978 10.829 11.387 11.215 11.043 10.922 10.812 11.151 11.009 10.889 10.79 10.621 11.045 11.14 10.988 10.6 10.43 10.24 10.955
716.4297 11.724 11.774 11.699 11.506 11.364 11.225 11.585 11.484 11.361 11.219 11.079 10.93 11.489 11.316 11.144 11.024 10.913 11.252 11.11 10.99 10.891 10.723 11.147 11.242 11.089 10.701 10.532 10.341 11.056
733.7123 11.826 11.875 11.8 11.607 11.465 11.326 11.687 11.585 11.463 11.321 11.18 11.032 11.59 11.418 11.246 11.125 11.014 11.354 11.211 11.091 10.992 10.824 11.248 11.343 11.19 10.802 10.633 10.443 11.158
751.4117 11.927 11.977 11.902 11.709 11.566 11.427 11.788 11.686 11.564 11.422 11.282 11.133 11.691 11.519 11.347 11.226 11.116 11.455 11.313 11.193 11.094 10.925 11.349 11.444 11.292 10.904 10.734 10.544 11.259
769.5381 12.038 12.088 12.013 11.82 11.678 11.538 11.899 11.798 11.675 11.533 11.393 11.244 11.803 11.63 11.458 11.338 11.227 11.566 11.424 11.304 11.205 11.037 11.461 11.556 11.403 11.015 10.846 10.655 11.37
788.1018 12.202 12.252 12.177 11.984 11.842 11.702 12.063 11.962 11.839 11.697 11.557 11.408 11.967 11.794 11.622 11.502 11.391 11.73 11.588 11.468 11.369 11.201 11.625 11.72 11.567 11.179 11.01 10.819 11.534
807.1133 12.366 12.416 12.341 12.148 12.006 11.867 12.227 12.126 12.003 11.861 11.721 11.572 12.131 11.958 11.786 11.666 11.555 11.894 11.752 11.632 11.533 11.365 11.789 11.884 11.731 11.343 11.174 10.983 11.698
826.5834 12.53 12.58 12.505 12.312 12.17 12.031 12.391 12.29 12.167 12.025 11.885 11.736 12.295 12.122 11.95 11.83 11.719 12.058 11.916 11.796 11.697 11.529 11.953 12.048 11.895 11.507 11.338 11.147 11.862
846.5232 12.694 12.744 12.669 12.476 12.334 12.195 12.555 12.454 12.331 12.189 12.049 11.9 12.459 12.286 12.114 11.994 11.883 12.222 12.08 11.96 11.861 11.693 12.117 12.212 12.059 11.671 11.502 11.311 12.026
866.944 12.858 12.908 12.833 12.64 12.498 12.359 12.719 12.618 12.495 12.353 12.213 12.064 12.623 12.45 12.278 12.158 12.047 12.386 12.244 12.124 12.025 11.857 12.281 12.376 12.223 11.835 11.666 11.475 12.19
887.8575 13.022 13.072 12.997 12.804 12.662 12.523 12.883 12.782 12.659 12.517 12.377 12.228 12.787 12.614 12.442 12.322 12.211 12.55 12.408 12.288 12.189 12.021 12.445 12.54 12.387 11.999 11.83 11.639 12.354
909.2754 13.186 13.236 13.161 12.968 12.826 12.687 13.047 12.946 12.823 12.681 12.541 12.392 12.951 12.778 12.606 12.486 12.375 12.714 12.572 12.452 12.353 12.185 12.609 12.704 12.551 12.163 11.994 11.803 12.518
931.21 13.35 13.4 13.325 13.132 12.99 12.851 13.211 13.11 12.987 12.845 12.705 12.556 13.115 12.942 12.77 12.65 12.539 12.878 12.736 12.616 12.517 12.349 12.773 12.868 12.715 12.327 12.158 11.967 12.682
953.6737 13.514 13.564 13.489 13.296 13.154 13.015 13.375 13.274 13.151 13.009 12.869 12.72 13.279 13.106 12.934 12.814 12.703 13.042 12.9 12.78 12.681 12.513 12.937 13.032 12.879 12.491 12.322 12.131 12.846
976.6793 13.723 13.773 13.698 13.505 13.363 13.224 13.584 13.483 13.36 13.218 13.078 12.929 13.488 13.315 13.143 13.023 12.912 13.251 13.109 12.989 12.89 12.722 13.146 13.241 13.088 12.7 12.531 12.34 13.055
1000.2399 14.037 14.086 14.012 13.819 13.676 13.537 13.898 13.796 13.674 13.532 13.392 13.243 13.801 13.629 13.457 13.336 13.226 13.565 13.422 13.303 13.204 13.035 13.459 13.554 13.402 13.014 12.844 12.654 13.369
1024.3688 14.351 14.4 14.325 14.132 13.99 13.851 14.212 14.11 13.987 13.846 13.705 13.557 14.115 13.942 13.77 13.65 13.539 13.879 13.736 13.616 13.517 13.349 13.773 13.868 13.715 13.327 13.158 12.967 13.682
1049.0798 14.664 14.714 14.639 14.446 14.303 14.164 14.525 14.423 14.301 14.159 14.019 13.87 14.428 14.256 14.084 13.963 13.853 14.192 14.05 13.93 13.831 13.662 14.086 14.181 14.029 13.641 13.471 13.281 13.996
1074.3869 14.978 15.027 14.952 14.759 14.617 14.478 14.839 14.737 14.615 14.473 14.332 14.184 14.742 14.569 14.398 14.277 14.166 14.506 14.363 14.243 14.144 13.976 14.4 14.495 14.342 13.954 13.785 13.595 14.31
1100.3045 15.291 15.341 15.266 15.073 14.931 14.791 15.152 15.051 14.928 14.786 14.646 14.497 15.056 14.883 14.711 14.59 14.48 14.819 14.677 14.557 14.458 14.29 14.713 14.809 14.656 14.268 14.099 13.908 14.623
1126.8473 15.605 15.654 15.579 15.387 15.244 15.105 15.466 15.364 15.242 15.1 14.959 14.811 15.369 15.197 15.025 14.904 14.793 15.133 14.99 14.87 14.771 14.603 15.027 15.122 14.969 14.581 14.412 14.222 14.937
1154.0304 15.918 15.968 15.893 15.7 15.558 15.419 15.779 15.678 15.555 15.413 15.273 15.124 15.683 15.51 15.338 15.218 15.107 15.446 15.304 15.184 15.085 14.917 15.341 15.436 15.283 14.895 14.726 14.535 15.25
1181.8693 16.232 16.281 16.207 16.014 15.871 15.732 16.093 15.991 15.869 15.727 15.586 15.438 15.996 15.824 15.652 15.531 15.421 15.76 15.617 15.498 15.399 15.23 15.654 15.749 15.597 15.209 15.039 14.849 15.564
1210.3797 16.546 16.595 16.52 16.327 16.185 16.046 16.406 16.305 16.182 16.041 15.9 15.751 16.31 16.137 15.965 15.845 15.734 16.074 15.931 15.811 15.712 15.544 15.968 16.063 15.91 15.522 15.353 15.162 15.877
1239.5778 16.859 16.909 16.834 16.641 16.498 16.359 16.72 16.618 16.496 16.354 16.214 16.065 16.623 16.451 16.279 16.158 16.048 16.387 16.245 16.125 16.026 15.857 16.281 16.376 16.224 15.836 15.666 15.476 16.191
1269.4803 17.173 17.222 17.147 16.954 16.812 16.673 17.034 16.932 16.81 16.668 16.527 16.379 16.937 16.764 16.593 16.472 16.361 16.701 16.558 16.438 16.339 16.171 16.595 16.69 16.537 16.149 15.98 15.79 16.505
1300.1042 17.486 17.536 17.461 17.268 17.126 16.986 17.347 17.246 17.123 16.981 16.841 16.692 17.251 17.078 16.906 16.785 16.675 17.014 16.872 16.752 16.653 16.485 16.908 17.004 16.851 16.463 16.294 16.103 16.818
1331.4668 17.8 17.849 17.774 17.581 17.439 17.3 17.661 17.559 17.437 17.295 17.154 17.006 17.564 17.392 17.22 17.099 16.988 17.328 17.185 17.065 16.966 16.798 17.222 17.317 17.164 16.776 16.607 16.417 17.132
1363.586 18.113 18.163 18.088 17.895 17.753 17.614 17.974 17.873 17.75 17.608 17.468 17.319 17.878 17.705 17.533 17.413 17.302 17.641 17.499 17.379 17.28 17.112 17.536 17.631 17.478 17.09 16.921 16.73 17.445
1396.48 18.427 18.476 18.402 18.209 18.066 17.927 18.288 18.186 18.064 17.922 17.781 17.633 18.191 18.019 17.847 17.726 17.616 17.955 17.812 17.693 17.594 17.425 17.849 17.944 17.792 17.404 17.234 17.044 17.759
1430.1675 18.741 18.79 18.715 18.522 18.38 18.241 18.601 18.5 18.377 18.236 18.095 17.946 18.505 18.332 18.16 18.04 17.929 18.269 18.126 18.006 17.907 17.739 18.163 18.258 18.105 17.717 17.548 17.357 18.072
1464.6676 19.054 19.104 19.029 18.836 18.693 18.554 18.915 18.813 18.691 18.549 18.409 18.26 18.818 18.646 18.474 18.353 18.243 18.582 18.44 18.32 18.221 18.052 18.476 18.571 18.419 18.031 17.861 17.671 18.386
1500.0 19.368 19.417 19.342 19.149 19.007 18.868 19.229 19.127 19.005 18.863 18.722 18.574 19.132 18.959 18.788 18.667 18.556 18.896 18.753 18.633 18.534 18.366 18.79 18.885 18.732 18.344 18.175 17.985 18.7
