# %ECSV 1.0
# ---
# datatype:
# - {name: time, datatype: float64}
# - {name: swift_uvot_uvw2, datatype: float64}
# - {name: swift_uvot_uvm2, datatype: float64}
# - {name: swift_uvot_uvw1, datatype: float64}
# - {name: swift_uvot_U, datatype: float64}
# - {name: swift_uvot_B, datatype: float64}
# - {name: swift_uvot_V, datatype: float64}
# - {name: swift_uvot_W, datatype: float64}
# - {name: johnson_U, datatype: float64}
# - {name: johnson_B, datatype: float64}
# - {name: johnson_V, datatype: float64}
# - {name: johnson_R, datatype: float64}
# - {name: johnson_I, datatype: float64}
# - {name: sdss_u, datatype: float64}
# - {name: sdss_g, datatype: float64}
# - {name: sdss_r, datatype: float64}
# - {name: sdss_i, datatype: float64}
# - {name: sdss_z, datatype: float64}
# - {name: PS1_g, datatype: float64}
# - {name: PS1_r, datatype: float64}
# - {name: PS1_i, datatype: float64}
# - {name: PS1_z, datatype: float64}
# - {name: PS1_Y, datatype: float64}
# - {name: PS1_w, datatype: float64}
# - {name: ATLAS_c, datatype: float64}
# - {name: ATLAS_o, datatype: float64}
# - {name: ukirt_J, datatype: float64}
# - {name: ukirt_H, datatype: float64}
# - {name: ukirt_K, datatype: float64}
# - {name: Clear, datatype: float64}
# meta: !!omap
# - comment: [kappa = 0.5, type = villar, mass = 0.051209162050732976, velocity = 0.32766666666666666, theta_obs = 0.0]
# schema: astropy-2.0
time swift_uvot_uvw2 swift_uvot_uvm2 swift_uvot_uvw1 swift_uvot_U swift_uvot_B swift_uvot_V swift_uvot_W johnson_U johnson_B johnson_V johnson_R johnson_I sdss_u sdss_g sdss_r sdss_i sdss_z PS1_g PS1_r PS1_i PS1_z PS1_Y PS1_w ATLAS_c ATLAS_o ukirt_J ukirt_H ukirt_K Clear
0.001 770.972 776.188 nan nan nan 793.6 773.24 nan nan 788.252 779.766 774.78 nan nan 785.265 779.737 775.272 769.706 769.911 769.89 769.474 767.729 780.976 787.57 780.71 769.545 766.045 763.419 767.943
0.00103 -5.772 -5.734 -5.682 -5.477 -5.222 -4.916 -5.541 -5.442 -5.218 -4.906 -4.568 -4.163 -5.45 -5.126 -4.723 -4.408 -4.104 -5.109 -4.749 -4.439 -4.228 -4.185 -4.766 -4.969 -4.593 -3.478 -2.957 -2.348 -4.827
0.001061 -6.374 -6.272 -6.184 -5.893 -5.596 -5.259 -6.034 -5.85 -5.593 -5.249 -4.89 -4.465 -5.859 -5.489 -5.052 -4.72 -4.403 -5.475 -5.086 -4.763 -4.551 -4.538 -5.104 -5.319 -4.916 -3.758 -3.228 -2.61 -5.172
0.001094 -6.711 -6.576 -6.472 -6.138 -5.822 -5.47 -6.318 -6.092 -5.818 -5.46 -5.09 -4.657 -6.101 -5.71 -5.257 -4.916 -4.593 -5.698 -5.297 -4.968 -4.758 -4.765 -5.312 -5.534 -5.117 -3.94 -3.404 -2.782 -5.385
0.001127 -6.95 -6.793 -6.678 -6.319 -5.991 -5.63 -6.524 -6.271 -5.987 -5.62 -5.244 -4.805 -6.28 -5.876 -5.413 -5.067 -4.74 -5.866 -5.457 -5.125 -4.917 -4.94 -5.471 -5.696 -5.271 -4.081 -3.543 -2.919 -5.546
0.001161 -7.138 -6.964 -6.843 -6.466 -6.13 -5.763 -6.688 -6.417 -6.127 -5.753 -5.373 -4.93 -6.426 -6.013 -5.543 -5.194 -4.864 -6.005 -5.591 -5.256 -5.05 -5.086 -5.603 -5.83 -5.4 -4.202 -3.661 -3.035 -5.68
0.001196 -7.295 -7.109 -6.983 -6.593 -6.251 -5.879 -6.827 -6.543 -6.247 -5.869 -5.486 -5.04 -6.552 -6.133 -5.657 -5.306 -4.974 -6.126 -5.708 -5.372 -5.168 -5.213 -5.719 -5.947 -5.514 -4.309 -3.767 -3.139 -5.796
0.001232 -7.432 -7.236 -7.106 -6.706 -6.36 -5.984 -6.95 -6.655 -6.356 -5.974 -5.588 -5.14 -6.665 -6.24 -5.761 -5.407 -5.074 -6.234 -5.814 -5.477 -5.274 -5.327 -5.823 -6.053 -5.616 -4.407 -3.864 -3.235 -5.902
0.001269 -7.553 -7.349 -7.217 -6.809 -6.459 -6.081 -7.061 -6.757 -6.455 -6.071 -5.683 -5.234 -6.767 -6.339 -5.857 -5.501 -5.167 -6.334 -5.911 -5.574 -5.372 -5.432 -5.92 -6.151 -5.711 -4.498 -3.954 -3.325 -5.999
0.001308 -7.664 -7.453 -7.318 -6.905 -6.552 -6.172 -7.162 -6.852 -6.548 -6.161 -5.773 -5.321 -6.862 -6.431 -5.946 -5.59 -5.255 -6.427 -6.003 -5.665 -5.464 -5.529 -6.01 -6.242 -5.801 -4.584 -4.04 -3.41 -6.09
0.001347 -7.766 -7.55 -7.413 -6.995 -6.64 -6.258 -7.257 -6.942 -6.636 -6.247 -5.857 -5.405 -6.952 -6.518 -6.031 -5.674 -5.338 -6.515 -6.089 -5.751 -5.552 -5.621 -6.096 -6.328 -5.885 -4.667 -4.121 -3.491 -6.176
0.001388 -7.861 -7.641 -7.502 -7.08 -6.723 -6.34 -7.347 -7.027 -6.719 -6.329 -5.938 -5.485 -7.037 -6.601 -6.113 -5.755 -5.418 -6.599 -6.172 -5.833 -5.635 -5.707 -6.178 -6.411 -5.967 -4.746 -4.2 -3.57 -6.258
0.00143 -7.951 -7.727 -7.587 -7.162 -6.803 -6.419 -7.431 -7.108 -6.799 -6.408 -6.016 -5.563 -7.118 -6.681 -6.191 -5.833 -5.496 -6.679 -6.251 -5.912 -5.714 -5.79 -6.256 -6.49 -6.045 -4.823 -4.276 -3.645 -6.337
0.001473 -8.035 -7.809 -7.668 -7.24 -6.88 -6.495 -7.512 -7.186 -6.877 -6.484 -6.092 -5.638 -7.196 -6.757 -6.267 -5.908 -5.571 -6.756 -6.328 -5.989 -5.792 -5.87 -6.333 -6.566 -6.121 -4.897 -4.351 -3.719 -6.414
0.001518 -8.116 -7.887 -7.746 -7.316 -6.955 -6.569 -7.59 -7.262 -6.951 -6.558 -6.166 -5.711 -7.272 -6.832 -6.341 -5.981 -5.644 -6.831 -6.402 -6.063 -5.866 -5.947 -6.407 -6.641 -6.194 -4.97 -4.423 -3.791 -6.488
0.001564 -8.194 -7.963 -7.821 -7.389 -7.028 -6.641 -7.665 -7.335 -7.024 -6.631 -6.237 -5.782 -7.345 -6.905 -6.413 -6.053 -5.715 -6.904 -6.475 -6.135 -5.939 -6.021 -6.479 -6.713 -6.266 -5.041 -4.494 -3.862 -6.56
0.001611 -8.269 -8.037 -7.894 -7.461 -7.099 -6.712 -7.738 -7.407 -7.095 -6.701 -6.308 -5.852 -7.417 -6.975 -6.483 -6.123 -5.785 -6.975 -6.545 -6.206 -6.01 -6.093 -6.549 -6.784 -6.336 -5.11 -4.563 -3.931 -6.631
0.00166 -8.341 -8.108 -7.965 -7.531 -7.168 -6.781 -7.809 -7.477 -7.165 -6.77 -6.376 -5.921 -7.487 -7.045 -6.552 -6.192 -5.853 -7.045 -6.615 -6.275 -6.079 -6.164 -6.618 -6.853 -6.405 -5.179 -4.631 -4.0 -6.7
0.00171 -8.411 -8.177 -8.034 -7.599 -7.236 -6.849 -7.878 -7.545 -7.233 -6.838 -6.444 -5.988 -7.555 -7.113 -6.62 -6.259 -5.921 -7.113 -6.682 -6.343 -6.147 -6.233 -6.686 -6.921 -6.473 -5.246 -4.699 -4.067 -6.768
0.001761 -8.48 -8.245 -8.102 -7.666 -7.303 -6.915 -7.946 -7.612 -7.299 -6.905 -6.511 -6.055 -7.622 -7.179 -6.686 -6.326 -5.987 -7.18 -6.749 -6.409 -6.214 -6.3 -6.753 -6.987 -6.539 -5.312 -4.765 -4.133 -6.834
0.001815 -8.546 -8.311 -8.168 -7.732 -7.369 -6.981 -8.012 -7.678 -7.365 -6.97 -6.576 -6.12 -7.688 -7.245 -6.752 -6.391 -6.053 -7.245 -6.815 -6.475 -6.28 -6.366 -6.818 -7.053 -6.605 -5.378 -4.83 -4.198 -6.9
0.00187 -8.611 -8.376 -8.232 -7.797 -7.434 -7.046 -8.077 -7.743 -7.43 -7.035 -6.641 -6.185 -7.753 -7.31 -6.817 -6.456 -6.118 -7.31 -6.88 -6.54 -6.345 -6.431 -6.883 -7.118 -6.67 -5.443 -4.895 -4.263 -6.965
0.001926 -8.674 -8.439 -8.296 -7.861 -7.498 -7.11 -8.14 -7.806 -7.494 -7.099 -6.705 -6.249 -7.816 -7.374 -6.881 -6.52 -6.182 -7.374 -6.944 -6.604 -6.409 -6.494 -6.947 -7.182 -6.734 -5.507 -4.959 -4.327 -7.029
0.001984 -8.736 -8.502 -8.359 -7.923 -7.561 -7.173 -8.203 -7.869 -7.557 -7.162 -6.768 -6.312 -7.879 -7.437 -6.944 -6.583 -6.245 -7.437 -7.007 -6.667 -6.472 -6.557 -7.01 -7.245 -6.797 -5.57 -5.023 -4.391 -7.092
0.002044 -8.797 -8.563 -8.42 -7.986 -7.623 -7.235 -8.264 -7.931 -7.619 -7.225 -6.831 -6.375 -7.941 -7.499 -7.007 -6.646 -6.308 -7.499 -7.069 -6.729 -6.534 -6.619 -7.073 -7.307 -6.859 -5.633 -5.086 -4.454 -7.154
0.002106 -8.857 -8.624 -8.481 -8.047 -7.685 -7.297 -8.325 -7.993 -7.681 -7.287 -6.893 -6.437 -8.003 -7.561 -7.069 -6.708 -6.37 -7.561 -7.131 -6.791 -6.596 -6.68 -7.135 -7.369 -6.921 -5.695 -5.148 -4.516 -7.216
0.00217 -8.915 -8.683 -8.541 -8.108 -7.746 -7.359 -8.385 -8.054 -7.742 -7.348 -6.954 -6.499 -8.064 -7.622 -7.13 -6.77 -6.432 -7.622 -7.192 -6.852 -6.657 -6.74 -7.196 -7.43 -6.983 -5.757 -5.21 -4.578 -7.277
0.002236 -8.973 -8.742 -8.6 -8.168 -7.806 -7.419 -8.444 -8.114 -7.802 -7.409 -7.015 -6.56 -8.124 -7.683 -7.191 -6.831 -6.493 -7.682 -7.253 -6.913 -6.717 -6.8 -7.257 -7.491 -7.044 -5.818 -5.271 -4.64 -7.338
0.002303 -9.03 -8.8 -8.658 -8.227 -7.866 -7.48 -8.502 -8.173 -7.862 -7.469 -7.076 -6.621 -8.183 -7.743 -7.251 -6.891 -6.553 -7.742 -7.313 -6.973 -6.777 -6.859 -7.317 -7.551 -7.104 -5.879 -5.332 -4.701 -7.398
0.002373 -9.086 -8.857 -8.716 -8.286 -7.925 -7.539 -8.56 -8.232 -7.921 -7.529 -7.136 -6.681 -8.242 -7.802 -7.311 -6.951 -6.614 -7.801 -7.372 -7.033 -6.836 -6.917 -7.377 -7.611 -7.164 -5.94 -5.393 -4.762 -7.458
0.002445 -9.142 -8.914 -8.773 -8.344 -7.984 -7.599 -8.617 -8.291 -7.98 -7.588 -7.195 -6.741 -8.301 -7.861 -7.371 -7.011 -6.674 -7.86 -7.431 -7.092 -6.895 -6.975 -7.436 -7.67 -7.224 -6.0 -5.453 -4.822 -7.517
0.002519 -9.196 -8.97 -8.83 -8.402 -8.043 -7.658 -8.674 -8.349 -8.039 -7.647 -7.255 -6.8 -8.359 -7.92 -7.43 -7.071 -6.733 -7.919 -7.49 -7.151 -6.954 -7.032 -7.495 -7.729 -7.283 -6.06 -5.513 -4.882 -7.576
0.002595 -9.25 -9.026 -8.886 -8.46 -8.101 -7.716 -8.73 -8.406 -8.097 -7.705 -7.314 -6.86 -8.416 -7.978 -7.489 -7.13 -6.793 -7.977 -7.548 -7.209 -7.012 -7.089 -7.554 -7.787 -7.342 -6.119 -5.573 -4.942 -7.635
0.002673 -9.304 -9.081 -8.941 -8.517 -8.158 -7.774 -8.786 -8.463 -8.155 -7.764 -7.372 -6.919 -8.473 -8.036 -7.547 -7.188 -6.851 -8.034 -7.606 -7.267 -7.07 -7.145 -7.612 -7.845 -7.4 -6.179 -5.633 -5.002 -7.693
0.002754 -9.356 -9.135 -8.996 -8.573 -8.216 -7.832 -8.841 -8.52 -8.212 -7.821 -7.43 -6.977 -8.53 -8.093 -7.605 -7.247 -6.91 -8.091 -7.664 -7.325 -7.127 -7.201 -7.67 -7.903 -7.459 -6.238 -5.692 -5.061 -7.751
0.002837 -9.409 -9.189 -9.051 -8.629 -8.273 -7.89 -8.895 -8.576 -8.269 -7.879 -7.488 -7.035 -8.586 -8.151 -7.663 -7.305 -6.968 -8.148 -7.721 -7.383 -7.184 -7.256 -7.728 -7.96 -7.517 -6.296 -5.751 -5.12 -7.808
0.002923 -9.46 -9.243 -9.105 -8.685 -8.329 -7.947 -8.949 -8.632 -8.325 -7.936 -7.546 -7.093 -8.642 -8.207 -7.72 -7.363 -7.027 -8.205 -7.778 -7.44 -7.241 -7.312 -7.785 -8.018 -7.574 -6.355 -5.809 -5.179 -7.865
0.003012 -9.511 -9.296 -9.159 -8.741 -8.386 -8.004 -9.003 -8.688 -8.382 -7.993 -7.603 -7.151 -8.698 -8.264 -7.778 -7.42 -7.084 -8.261 -7.835 -7.497 -7.298 -7.366 -7.842 -8.074 -7.632 -6.413 -5.868 -5.237 -7.922
0.003103 -9.562 -9.348 -9.212 -8.796 -8.442 -8.061 -9.056 -8.743 -8.438 -8.05 -7.66 -7.209 -8.753 -8.32 -7.834 -7.478 -7.142 -8.317 -7.892 -7.553 -7.354 -7.421 -7.899 -8.131 -7.689 -6.471 -5.926 -5.296 -7.979
0.003196 -9.612 -9.4 -9.265 -8.851 -8.497 -8.117 -9.109 -8.798 -8.494 -8.106 -7.717 -7.266 -8.808 -8.376 -7.891 -7.535 -7.199 -8.373 -7.948 -7.61 -7.41 -7.475 -7.955 -8.187 -7.746 -6.529 -5.984 -5.354 -8.035
0.003293 -9.662 -9.452 -9.318 -8.905 -8.553 -8.173 -9.162 -8.853 -8.549 -8.162 -7.774 -7.323 -8.863 -8.432 -7.948 -7.592 -7.256 -8.428 -8.004 -7.666 -7.465 -7.529 -8.011 -8.243 -7.802 -6.586 -6.042 -5.412 -8.091
0.003393 -9.711 -9.504 -9.37 -8.959 -8.608 -8.229 -9.214 -8.907 -8.604 -8.218 -7.83 -7.38 -8.917 -8.487 -8.004 -7.648 -7.313 -8.483 -8.059 -7.722 -7.521 -7.583 -8.067 -8.299 -7.859 -6.644 -6.099 -5.47 -8.147
0.003495 -9.76 -9.555 -9.422 -9.013 -8.663 -8.285 -9.266 -8.961 -8.659 -8.274 -7.887 -7.437 -8.971 -8.542 -8.06 -7.705 -7.37 -8.538 -8.115 -7.777 -7.576 -7.636 -8.123 -8.354 -7.915 -6.701 -6.157 -5.528 -8.202
0.003601 -9.808 -9.605 -9.473 -9.067 -8.718 -8.34 -9.317 -9.015 -8.714 -8.33 -7.943 -7.493 -9.025 -8.597 -8.116 -7.761 -7.427 -8.593 -8.17 -7.833 -7.631 -7.689 -8.179 -8.41 -7.971 -6.758 -6.214 -5.585 -8.258
0.00371 -9.856 -9.656 -9.524 -9.121 -8.772 -8.395 -9.369 -9.069 -8.768 -8.385 -7.998 -7.549 -9.079 -8.652 -8.171 -7.817 -7.483 -8.647 -8.225 -7.888 -7.686 -7.742 -8.234 -8.465 -8.026 -6.815 -6.271 -5.643 -8.313
0.003822 -9.904 -9.706 -9.575 -9.174 -8.826 -8.451 -9.419 -9.122 -8.823 -8.44 -8.054 -7.606 -9.132 -8.707 -8.227 -7.873 -7.539 -8.701 -8.28 -7.943 -7.741 -7.795 -8.289 -8.52 -8.082 -6.872 -6.328 -5.7 -8.368
0.003938 -9.951 -9.755 -9.626 -9.227 -8.88 -8.505 -9.47 -9.175 -8.877 -8.495 -8.109 -7.662 -9.185 -8.761 -8.282 -7.929 -7.595 -8.755 -8.335 -7.998 -7.795 -7.848 -8.344 -8.574 -8.137 -6.928 -6.385 -5.757 -8.423
0.004057 -9.998 -9.805 -9.676 -9.279 -8.934 -8.56 -9.52 -9.228 -8.93 -8.549 -8.165 -7.717 -9.238 -8.815 -8.337 -7.984 -7.651 -8.809 -8.389 -8.053 -7.85 -7.9 -8.399 -8.629 -8.193 -6.985 -6.442 -5.814 -8.477
0.00418 -10.044 -9.854 -9.726 -9.332 -8.988 -8.615 -9.57 -9.281 -8.984 -8.604 -8.22 -7.773 -9.291 -8.869 -8.392 -8.039 -7.707 -8.862 -8.443 -8.107 -7.904 -7.952 -8.454 -8.683 -8.248 -7.041 -6.498 -5.871 -8.532
0.004306 -10.091 -9.902 -9.776 -9.384 -9.041 -8.669 -9.62 -9.333 -9.038 -8.658 -8.275 -7.829 -9.343 -8.923 -8.447 -8.095 -7.763 -8.916 -8.498 -8.161 -7.958 -8.004 -8.508 -8.737 -8.303 -7.097 -6.555 -5.927 -8.586
0.004436 -10.137 -9.951 -9.825 -9.436 -9.095 -8.723 -9.67 -9.386 -9.091 -8.712 -8.33 -7.884 -9.395 -8.976 -8.501 -8.15 -7.818 -8.969 -8.551 -8.216 -8.012 -8.056 -8.563 -8.791 -8.357 -7.153 -6.611 -5.984 -8.64
0.00457 -10.182 -9.999 -9.874 -9.488 -9.148 -8.777 -9.719 -9.438 -9.144 -8.766 -8.384 -7.939 -9.447 -9.03 -8.556 -8.205 -7.873 -9.022 -8.605 -8.27 -8.065 -8.107 -8.617 -8.845 -8.412 -7.209 -6.667 -6.04 -8.694
0.004709 -10.227 -10.047 -9.923 -9.54 -9.201 -8.831 -9.768 -9.49 -9.197 -8.82 -8.439 -7.994 -9.499 -9.083 -8.61 -8.259 -7.929 -9.075 -8.659 -8.324 -8.119 -8.159 -8.671 -8.898 -8.466 -7.265 -6.723 -6.097 -8.748
0.004851 -10.272 -10.095 -9.972 -9.591 -9.253 -8.885 -9.817 -9.541 -9.249 -8.874 -8.493 -8.049 -9.551 -9.136 -8.664 -8.314 -7.984 -9.128 -8.712 -8.377 -8.172 -8.21 -8.724 -8.952 -8.521 -7.32 -6.779 -6.153 -8.801
0.004998 -10.317 -10.142 -10.02 -9.642 -9.306 -8.938 -9.865 -9.593 -9.302 -8.927 -8.547 -8.104 -9.602 -9.189 -8.718 -8.369 -8.039 -9.18 -8.766 -8.431 -8.226 -8.262 -8.778 -9.005 -8.575 -7.376 -6.835 -6.209 -8.855
0.005149 -10.361 -10.189 -10.068 -9.693 -9.358 -8.991 -9.913 -9.644 -9.354 -8.981 -8.601 -8.159 -9.654 -9.241 -8.772 -8.423 -8.093 -9.233 -8.819 -8.485 -8.279 -8.313 -8.832 -9.058 -8.629 -7.431 -6.891 -6.265 -8.908
0.005305 -10.405 -10.236 -10.116 -9.744 -9.41 -9.045 -9.961 -9.695 -9.407 -9.034 -8.655 -8.213 -9.705 -9.294 -8.825 -8.477 -8.148 -9.285 -8.872 -8.538 -8.332 -8.364 -8.885 -9.111 -8.683 -7.487 -6.947 -6.321 -8.961
0.005465 -10.449 -10.282 -10.164 -9.795 -9.462 -9.098 -10.009 -9.746 -9.459 -9.087 -8.709 -8.268 -9.755 -9.346 -8.879 -8.531 -8.203 -9.337 -8.925 -8.591 -8.385 -8.415 -8.938 -9.164 -8.737 -7.542 -7.002 -6.377 -9.014
0.00563 -10.493 -10.329 -10.212 -9.845 -9.514 -9.151 -10.057 -9.797 -9.51 -9.14 -8.763 -8.322 -9.806 -9.399 -8.932 -8.585 -8.257 -9.389 -8.978 -8.645 -8.438 -8.465 -8.991 -9.217 -8.79 -7.597 -7.058 -6.433 -9.067
0.005801 -10.536 -10.375 -10.259 -9.896 -9.566 -9.204 -10.104 -9.847 -9.562 -9.193 -8.816 -8.376 -9.857 -9.451 -8.986 -8.639 -8.311 -9.441 -9.031 -8.698 -8.49 -8.516 -9.044 -9.269 -8.844 -7.652 -7.113 -6.488 -9.119
0.005976 -10.579 -10.42 -10.306 -9.946 -9.618 -9.256 -10.151 -9.898 -9.614 -9.246 -8.87 -8.431 -9.907 -9.503 -9.039 -8.693 -8.366 -9.492 -9.083 -8.751 -8.543 -8.567 -9.097 -9.322 -8.897 -7.707 -7.168 -6.544 -9.172
0.006157 -10.621 -10.466 -10.352 -9.996 -9.669 -9.309 -10.198 -9.948 -9.665 -9.298 -8.923 -8.485 -9.957 -9.554 -9.092 -8.747 -8.42 -9.544 -9.136 -8.803 -8.595 -8.617 -9.15 -9.374 -8.951 -7.762 -7.224 -6.6 -9.224
0.006343 -10.664 -10.511 -10.399 -10.046 -9.72 -9.361 -10.245 -9.998 -9.717 -9.351 -8.976 -8.539 -10.007 -9.606 -9.145 -8.8 -8.474 -9.595 -9.188 -8.856 -8.648 -8.667 -9.203 -9.426 -9.004 -7.816 -7.279 -6.655 -9.277
0.006535 -10.706 -10.556 -10.445 -10.095 -9.771 -9.413 -10.291 -10.048 -9.768 -9.403 -9.03 -8.592 -10.057 -9.658 -9.198 -8.854 -8.528 -9.646 -9.24 -8.909 -8.7 -8.718 -9.255 -9.478 -9.057 -7.871 -7.334 -6.71 -9.329
0.006732 -10.748 -10.601 -10.491 -10.145 -9.822 -9.466 -10.337 -10.097 -9.819 -9.455 -9.083 -8.646 -10.107 -9.709 -9.25 -8.907 -8.582 -9.698 -9.292 -8.961 -8.753 -8.768 -9.307 -9.53 -9.11 -7.926 -7.389 -6.766 -9.381
0.006936 -10.789 -10.645 -10.537 -10.194 -9.873 -9.518 -10.383 -10.147 -9.87 -9.507 -9.136 -8.7 -10.156 -9.76 -9.303 -8.961 -8.636 -9.749 -9.344 -9.014 -8.805 -8.818 -9.36 -9.582 -9.163 -7.98 -7.444 -6.821 -9.433
0.007146 -10.83 -10.69 -10.583 -10.243 -9.924 -9.57 -10.429 -10.196 -9.92 -9.559 -9.188 -8.753 -10.206 -9.811 -9.355 -9.014 -8.689 -9.799 -9.396 -9.066 -8.857 -8.868 -9.412 -9.634 -9.215 -8.035 -7.498 -6.876 -9.485
0.007362 -10.871 -10.734 -10.628 -10.292 -9.975 -9.622 -10.475 -10.246 -9.971 -9.611 -9.241 -8.807 -10.255 -9.862 -9.408 -9.067 -8.743 -9.85 -9.448 -9.119 -8.909 -8.918 -9.464 -9.685 -9.268 -8.089 -7.553 -6.931 -9.536
0.007585 -10.912 -10.778 -10.674 -10.341 -10.025 -9.673 -10.52 -10.295 -10.021 -9.663 -9.294 -8.86 -10.304 -9.913 -9.46 -9.12 -8.796 -9.901 -9.5 -9.171 -8.961 -8.968 -9.516 -9.737 -9.321 -8.143 -7.608 -6.986 -9.588
0.007814 -10.953 -10.821 -10.719 -10.389 -10.075 -9.725 -10.565 -10.344 -10.072 -9.715 -9.346 -8.914 -10.353 -9.964 -9.512 -9.173 -8.85 -9.951 -9.551 -9.223 -9.013 -9.018 -9.567 -9.788 -9.373 -8.197 -7.663 -7.041 -9.64
0.00805 -10.993 -10.865 -10.763 -10.438 -10.126 -9.776 -10.61 -10.392 -10.122 -9.766 -9.399 -8.967 -10.402 -10.015 -9.564 -9.226 -8.903 -10.002 -9.603 -9.275 -9.064 -9.068 -9.619 -9.839 -9.425 -8.251 -7.717 -7.096 -9.691
0.008294 -11.033 -10.908 -10.808 -10.486 -10.176 -9.828 -10.655 -10.441 -10.172 -9.817 -9.451 -9.02 -10.45 -10.065 -9.616 -9.278 -8.956 -10.052 -9.654 -9.327 -9.116 -9.118 -9.671 -9.89 -9.478 -8.306 -7.772 -7.151 -9.742
0.008545 -11.073 -10.951 -10.852 -10.534 -10.226 -9.879 -10.7 -10.49 -10.222 -9.869 -9.503 -9.073 -10.499 -10.116 -9.668 -9.331 -9.01 -10.102 -9.706 -9.379 -9.168 -9.167 -9.722 -9.941 -9.53 -8.36 -7.826 -7.206 -9.793
0.008803 -11.112 -10.993 -10.897 -10.582 -10.275 -9.93 -10.744 -10.538 -10.272 -9.92 -9.555 -9.126 -10.547 -10.166 -9.72 -9.383 -9.063 -10.152 -9.757 -9.43 -9.219 -9.217 -9.774 -9.992 -9.582 -8.413 -7.88 -7.26 -9.844
0.009069 -11.152 -11.036 -10.941 -10.63 -10.325 -9.981 -10.789 -10.586 -10.321 -9.971 -9.607 -9.179 -10.595 -10.216 -9.772 -9.436 -9.116 -10.202 -9.808 -9.482 -9.271 -9.267 -9.825 -10.043 -9.634 -8.467 -7.935 -7.315 -9.895
0.009344 -11.191 -11.078 -10.984 -10.678 -10.375 -10.032 -10.833 -10.634 -10.371 -10.022 -9.659 -9.232 -10.643 -10.266 -9.823 -9.488 -9.169 -10.252 -9.859 -9.534 -9.322 -9.316 -9.876 -10.093 -9.686 -8.521 -7.989 -7.37 -9.946
0.009626 -11.229 -11.12 -11.028 -10.726 -10.424 -10.083 -10.876 -10.682 -10.42 -10.073 -9.711 -9.284 -10.691 -10.316 -9.875 -9.54 -9.221 -10.302 -9.91 -9.585 -9.374 -9.366 -9.927 -10.144 -9.737 -8.575 -8.043 -7.424 -9.997
0.009917 -11.268 -11.162 -11.071 -10.773 -10.473 -10.134 -10.92 -10.73 -10.47 -10.124 -9.763 -9.337 -10.739 -10.366 -9.926 -9.593 -9.274 -10.351 -9.961 -9.637 -9.425 -9.415 -9.978 -10.194 -9.789 -8.628 -8.097 -7.479 -10.047
0.010217 -11.306 -11.203 -11.114 -10.82 -10.523 -10.184 -10.964 -10.777 -10.519 -10.174 -9.814 -9.39 -10.786 -10.415 -9.977 -9.645 -9.327 -10.401 -10.012 -9.688 -9.476 -9.465 -10.029 -10.245 -9.841 -8.682 -8.151 -7.533 -10.098
0.010526 -11.344 -11.244 -11.157 -10.867 -10.572 -10.235 -11.007 -10.825 -10.568 -10.225 -9.866 -9.442 -10.834 -10.465 -10.028 -9.697 -9.38 -10.45 -10.062 -9.739 -9.528 -9.514 -10.08 -10.295 -9.892 -8.736 -8.205 -7.588 -10.148
0.010845 -11.382 -11.285 -11.2 -10.914 -10.621 -10.285 -11.05 -10.872 -10.617 -10.275 -9.917 -9.495 -10.881 -10.514 -10.08 -9.749 -9.432 -10.499 -10.113 -9.791 -9.579 -9.563 -10.13 -10.345 -9.944 -8.789 -8.259 -7.642 -10.199
0.011173 -11.419 -11.326 -11.242 -10.961 -10.669 -10.336 -11.093 -10.919 -10.666 -10.326 -9.969 -9.547 -10.928 -10.564 -10.131 -9.801 -9.485 -10.549 -10.164 -9.842 -9.63 -9.613 -10.181 -10.395 -9.995 -8.842 -8.313 -7.696 -10.249
0.011511 -11.457 -11.367 -11.285 -11.008 -10.718 -10.386 -11.135 -10.966 -10.714 -10.376 -10.02 -9.599 -10.975 -10.613 -10.181 -9.852 -9.537 -10.598 -10.214 -9.893 -9.681 -9.662 -10.232 -10.445 -10.046 -8.896 -8.367 -7.751 -10.299
0.011859 -11.494 -11.407 -11.327 -11.054 -10.767 -10.436 -11.178 -11.013 -10.763 -10.426 -10.071 -9.651 -11.022 -10.662 -10.232 -9.904 -9.589 -10.647 -10.264 -9.944 -9.732 -9.711 -10.282 -10.495 -10.097 -8.949 -8.421 -7.805 -10.349
0.012217 -11.53 -11.447 -11.369 -11.101 -10.815 -10.486 -11.22 -11.06 -10.811 -10.476 -10.123 -9.704 -11.068 -10.711 -10.283 -9.956 -9.642 -10.695 -10.315 -9.995 -9.783 -9.76 -10.332 -10.544 -10.148 -9.002 -8.475 -7.859 -10.399
0.012587 -11.567 -11.487 -11.41 -11.147 -10.864 -10.536 -11.262 -11.106 -10.86 -10.526 -10.174 -9.756 -11.115 -10.76 -10.334 -10.007 -9.694 -10.744 -10.365 -10.046 -9.834 -9.809 -10.382 -10.594 -10.199 -9.055 -8.528 -7.913 -10.449
0.012968 -11.603 -11.526 -11.452 -11.193 -10.912 -10.586 -11.304 -11.153 -10.908 -10.576 -10.225 -9.808 -11.161 -10.809 -10.384 -10.059 -9.746 -10.793 -10.415 -10.097 -9.884 -9.859 -10.433 -10.643 -10.25 -9.109 -8.582 -7.967 -10.498
0.01336 -11.639 -11.566 -11.493 -11.239 -10.96 -10.636 -11.346 -11.199 -10.956 -10.626 -10.275 -9.86 -11.207 -10.857 -10.435 -10.11 -9.798 -10.841 -10.465 -10.147 -9.935 -9.908 -10.483 -10.693 -10.301 -9.162 -8.635 -8.021 -10.548
0.013764 -11.675 -11.605 -11.534 -11.284 -11.008 -10.685 -11.388 -11.245 -11.004 -10.675 -10.326 -9.911 -11.254 -10.906 -10.485 -10.162 -9.85 -10.89 -10.515 -10.198 -9.986 -9.957 -10.532 -10.742 -10.352 -9.215 -8.689 -8.075 -10.597
0.01418 -11.71 -11.644 -11.575 -11.33 -11.056 -10.735 -11.429 -11.291 -11.052 -10.725 -10.377 -9.963 -11.299 -10.954 -10.535 -10.213 -9.902 -10.938 -10.565 -10.249 -10.036 -10.006 -10.582 -10.791 -10.403 -9.268 -8.743 -8.129 -10.647
0.014609 -11.745 -11.682 -11.616 -11.375 -11.103 -10.784 -11.47 -11.337 -11.1 -10.774 -10.428 -10.015 -11.345 -11.002 -10.586 -10.264 -9.954 -10.986 -10.614 -10.299 -10.087 -10.055 -10.632 -10.84 -10.453 -9.32 -8.796 -8.183 -10.696
0.015051 -11.78 -11.721 -11.656 -11.421 -11.151 -10.834 -11.511 -11.383 -11.147 -10.824 -10.478 -10.067 -11.391 -11.051 -10.636 -10.315 -10.006 -11.034 -10.664 -10.35 -10.137 -10.104 -10.682 -10.889 -10.504 -9.373 -8.849 -8.237 -10.745
0.015506 -11.815 -11.759 -11.696 -11.466 -11.198 -10.883 -11.552 -11.428 -11.195 -10.873 -10.529 -10.118 -11.436 -11.099 -10.686 -10.366 -10.057 -11.082 -10.714 -10.4 -10.188 -10.153 -10.731 -10.938 -10.554 -9.426 -8.903 -8.291 -10.794
0.015975 -11.849 -11.797 -11.736 -11.511 -11.246 -10.932 -11.592 -11.473 -11.242 -10.922 -10.579 -10.17 -11.482 -11.147 -10.736 -10.417 -10.109 -11.13 -10.763 -10.45 -10.238 -10.202 -10.781 -10.987 -10.604 -9.479 -8.956 -8.345 -10.843
0.016458 -11.883 -11.834 -11.776 -11.556 -11.293 -10.981 -11.633 -11.519 -11.289 -10.971 -10.629 -10.221 -11.527 -11.195 -10.785 -10.468 -10.161 -11.178 -10.813 -10.501 -10.289 -10.25 -10.83 -11.035 -10.655 -9.531 -9.009 -8.399 -10.892
0.016956 -11.917 -11.872 -11.815 -11.6 -11.34 -11.03 -11.673 -11.564 -11.336 -11.02 -10.68 -10.272 -11.572 -11.242 -10.835 -10.519 -10.212 -11.225 -10.862 -10.551 -10.339 -10.299 -10.879 -11.084 -10.705 -9.584 -9.063 -8.452 -10.941
0.017469 -11.951 -11.909 -11.855 -11.645 -11.387 -11.079 -11.713 -11.609 -11.383 -11.069 -10.73 -10.324 -11.617 -11.29 -10.885 -10.569 -10.264 -11.273 -10.911 -10.601 -10.389 -10.348 -10.928 -11.132 -10.755 -9.637 -9.116 -8.506 -10.99
0.017997 -11.984 -11.946 -11.894 -11.689 -11.434 -11.128 -11.753 -11.653 -11.43 -11.118 -10.78 -10.375 -11.661 -11.337 -10.934 -10.62 -10.315 -11.32 -10.96 -10.651 -10.44 -10.397 -10.977 -11.18 -10.805 -9.689 -9.169 -8.56 -11.038
0.018541 -12.017 -11.982 -11.932 -11.733 -11.481 -11.176 -11.793 -11.698 -11.477 -11.167 -10.83 -10.426 -11.706 -11.385 -10.984 -10.671 -10.367 -11.368 -11.009 -10.701 -10.49 -10.446 -11.026 -11.229 -10.855 -9.742 -9.222 -8.613 -11.087
0.019102 -12.05 -12.019 -11.971 -11.777 -11.527 -11.225 -11.832 -11.743 -11.524 -11.215 -10.88 -10.477 -11.75 -11.432 -11.033 -10.721 -10.418 -11.415 -11.058 -10.751 -10.54 -10.494 -11.075 -11.277 -10.904 -9.794 -9.275 -8.667 -11.135
0.01968 -12.082 -12.055 -12.01 -11.821 -11.574 -11.273 -11.871 -11.787 -11.57 -11.264 -10.93 -10.528 -11.795 -11.479 -11.083 -10.771 -10.469 -11.462 -11.107 -10.801 -10.59 -10.543 -11.124 -11.325 -10.954 -9.847 -9.328 -8.721 -11.184
0.020275 -12.115 -12.091 -12.048 -11.865 -11.62 -11.322 -11.91 -11.831 -11.616 -11.312 -10.979 -10.579 -11.839 -11.526 -11.132 -10.822 -10.52 -11.509 -11.156 -10.851 -10.64 -10.592 -11.173 -11.373 -11.004 -9.899 -9.381 -8.774 -11.232
0.020888 -12.147 -12.126 -12.086 -11.908 -11.666 -11.37 -11.949 -11.875 -11.663 -11.36 -11.029 -10.63 -11.883 -11.573 -11.181 -10.872 -10.571 -11.556 -11.205 -10.901 -10.69 -10.64 -11.221 -11.42 -11.053 -9.951 -9.434 -8.828 -11.28
0.02152 -12.178 -12.162 -12.123 -11.952 -11.712 -11.418 -11.988 -11.919 -11.709 -11.408 -11.079 -10.681 -11.926 -11.62 -11.23 -10.922 -10.622 -11.603 -11.254 -10.95 -10.74 -10.689 -11.27 -11.468 -11.103 -10.003 -9.487 -8.881 -11.328
0.022171 -12.21 -12.197 -12.161 -11.995 -11.758 -11.466 -12.026 -11.962 -11.755 -11.456 -11.128 -10.732 -11.97 -11.667 -11.279 -10.972 -10.673 -11.65 -11.302 -11.0 -10.79 -10.738 -11.318 -11.516 -11.152 -10.056 -9.54 -8.934 -11.376
0.022841 -12.241 -12.231 -12.198 -12.038 -11.804 -11.514 -12.065 -12.006 -11.801 -11.504 -11.177 -10.782 -12.014 -11.713 -11.328 -11.022 -10.724 -11.696 -11.351 -11.049 -10.839 -10.786 -11.367 -11.563 -11.202 -10.108 -9.593 -8.988 -11.424
0.023532 -12.271 -12.266 -12.235 -12.081 -11.85 -11.562 -12.103 -12.049 -11.846 -11.552 -11.227 -10.833 -12.057 -11.759 -11.377 -11.072 -10.775 -11.743 -11.399 -11.099 -10.889 -10.835 -11.415 -11.611 -11.251 -10.16 -9.645 -9.041 -11.471
0.024244 -12.302 -12.3 -12.272 -12.124 -11.895 -11.61 -12.14 -12.093 -11.892 -11.6 -11.276 -10.884 -12.1 -11.806 -11.425 -11.122 -10.826 -11.789 -11.447 -11.148 -10.939 -10.883 -11.463 -11.658 -11.3 -10.212 -9.698 -9.094 -11.519
0.024977 -12.332 -12.334 -12.308 -12.166 -11.941 -11.657 -12.178 -12.136 -11.937 -11.648 -11.325 -10.934 -12.143 -11.852 -11.474 -11.172 -10.876 -11.835 -11.496 -11.198 -10.988 -10.932 -11.511 -11.705 -11.349 -10.264 -9.751 -9.148 -11.567
0.025733 -12.362 -12.367 -12.345 -12.208 -11.986 -11.705 -12.216 -12.178 -11.983 -11.695 -11.374 -10.985 -12.186 -11.898 -11.522 -11.222 -10.927 -11.881 -11.544 -11.247 -11.038 -10.98 -11.559 -11.752 -11.398 -10.316 -9.803 -9.201 -11.614
0.026511 -12.391 -12.401 -12.381 -12.251 -12.031 -11.752 -12.253 -12.221 -12.028 -11.743 -11.423 -11.035 -12.228 -11.944 -11.571 -11.272 -10.978 -11.927 -11.592 -11.296 -11.088 -11.029 -11.607 -11.799 -11.447 -10.368 -9.856 -9.254 -11.661
0.027313 -12.421 -12.434 -12.416 -12.293 -12.076 -11.799 -12.29 -12.264 -12.073 -11.79 -11.472 -11.085 -12.271 -11.99 -11.619 -11.321 -11.028 -11.973 -11.64 -11.345 -11.137 -11.077 -11.654 -11.846 -11.496 -10.419 -9.909 -9.307 -11.708
0.028139 -12.45 -12.467 -12.452 -12.334 -12.121 -11.847 -12.327 -12.306 -12.118 -11.837 -11.521 -11.136 -12.313 -12.035 -11.667 -11.371 -11.079 -12.019 -11.688 -11.394 -11.186 -11.126 -11.702 -11.892 -11.544 -10.471 -9.961 -9.36 -11.756
0.02899 -12.478 -12.499 -12.487 -12.376 -12.166 -11.894 -12.363 -12.348 -12.162 -11.884 -11.57 -11.186 -12.355 -12.081 -11.715 -11.42 -11.129 -12.064 -11.736 -11.443 -11.236 -11.174 -11.749 -11.939 -11.593 -10.523 -10.014 -9.413 -11.802
0.029867 -12.506 -12.531 -12.522 -12.417 -12.211 -11.941 -12.4 -12.39 -12.207 -11.931 -11.618 -11.236 -12.397 -12.126 -11.763 -11.469 -11.179 -12.11 -11.783 -11.492 -11.285 -11.222 -11.797 -11.985 -11.642 -10.575 -10.066 -9.467 -11.849
0.03077 -12.534 -12.563 -12.557 -12.459 -12.255 -11.988 -12.436 -12.432 -12.252 -11.978 -11.667 -11.286 -12.439 -12.172 -11.811 -11.519 -11.23 -12.155 -11.831 -11.541 -11.334 -11.27 -11.844 -12.032 -11.69 -10.626 -10.118 -9.52 -11.896
0.031701 -12.562 -12.595 -12.592 -12.5 -12.299 -12.034 -12.472 -12.474 -12.296 -12.025 -11.715 -11.336 -12.48 -12.217 -11.859 -11.568 -11.28 -12.201 -11.878 -11.59 -11.384 -11.319 -11.891 -12.078 -11.738 -10.678 -10.171 -9.573 -11.943
0.032659 -12.589 -12.626 -12.626 -12.541 -12.344 -12.081 -12.508 -12.515 -12.34 -12.072 -11.764 -11.386 -12.522 -12.262 -11.907 -11.617 -11.33 -12.246 -11.926 -11.639 -11.433 -11.367 -11.938 -12.124 -11.787 -10.729 -10.223 -9.626 -11.989
0.033647 -12.616 -12.657 -12.66 -12.581 -12.388 -12.128 -12.543 -12.556 -12.384 -12.118 -11.812 -11.435 -12.563 -12.307 -11.955 -11.666 -11.38 -12.291 -11.973 -11.687 -11.482 -11.415 -11.985 -12.17 -11.835 -10.781 -10.275 -9.678 -12.036
0.034665 -12.643 -12.688 -12.694 -12.622 -12.432 -12.174 -12.579 -12.598 -12.428 -12.165 -11.86 -11.485 -12.604 -12.352 -12.002 -11.715 -11.43 -12.336 -12.02 -11.736 -11.531 -11.463 -12.032 -12.216 -11.883 -10.832 -10.328 -9.731 -12.082
0.035713 -12.669 -12.718 -12.727 -12.662 -12.475 -12.22 -12.614 -12.638 -12.472 -12.211 -11.908 -11.535 -12.645 -12.396 -12.05 -11.764 -11.48 -12.38 -12.068 -11.784 -11.58 -11.511 -12.079 -12.262 -11.931 -10.884 -10.38 -9.784 -12.128
0.036793 -12.695 -12.748 -12.76 -12.702 -12.519 -12.266 -12.649 -12.679 -12.515 -12.257 -11.956 -11.584 -12.686 -12.441 -12.097 -11.813 -11.53 -12.425 -12.115 -11.833 -11.629 -11.56 -12.126 -12.307 -11.979 -10.935 -10.432 -9.837 -12.174
0.037906 -12.721 -12.778 -12.793 -12.742 -12.562 -12.313 -12.684 -12.72 -12.559 -12.303 -12.004 -11.634 -12.726 -12.485 -12.144 -11.861 -11.579 -12.469 -12.162 -11.881 -11.678 -11.608 -12.172 -12.353 -12.027 -10.986 -10.484 -9.89 -12.22
0.039052 -12.746 -12.807 -12.826 -12.782 -12.606 -12.358 -12.718 -12.76 -12.602 -12.349 -12.052 -11.683 -12.766 -12.529 -12.191 -11.91 -11.629 -12.514 -12.208 -11.929 -11.726 -11.656 -12.219 -12.398 -12.074 -11.038 -10.536 -9.943 -12.266
0.040234 -12.771 -12.836 -12.858 -12.822 -12.649 -12.404 -12.753 -12.8 -12.645 -12.395 -12.1 -11.733 -12.806 -12.573 -12.238 -11.958 -11.679 -12.558 -12.255 -11.977 -11.775 -11.704 -12.265 -12.444 -12.122 -11.089 -10.588 -9.995 -12.312
0.04145 -12.796 -12.865 -12.89 -12.861 -12.692 -12.45 -12.787 -12.84 -12.688 -12.441 -12.147 -11.782 -12.846 -12.617 -12.285 -12.007 -11.728 -12.602 -12.302 -12.025 -11.824 -11.752 -12.312 -12.489 -12.169 -11.14 -10.64 -10.048 -12.358
0.042704 -12.82 -12.893 -12.922 -12.9 -12.735 -12.496 -12.821 -12.88 -12.731 -12.487 -12.195 -11.831 -12.886 -12.661 -12.332 -12.055 -11.778 -12.646 -12.348 -12.073 -11.872 -11.8 -12.358 -12.534 -12.217 -11.191 -10.692 -10.101 -12.403
0.043996 -12.844 -12.921 -12.953 -12.939 -12.777 -12.541 -12.854 -12.92 -12.774 -12.532 -12.242 -11.88 -12.926 -12.705 -12.379 -12.104 -11.827 -12.69 -12.395 -12.121 -11.921 -11.847 -12.404 -12.579 -12.264 -11.242 -10.744 -10.153 -12.449
0.045326 -12.868 -12.949 -12.985 -12.978 -12.82 -12.586 -12.888 -12.959 -12.816 -12.578 -12.29 -11.93 -12.965 -12.748 -12.425 -12.152 -11.876 -12.734 -12.441 -12.169 -11.969 -11.895 -12.45 -12.623 -12.311 -11.293 -10.796 -10.206 -12.494
0.046697 -12.891 -12.976 -13.016 -13.016 -12.862 -12.632 -12.921 -12.998 -12.859 -12.623 -12.337 -11.979 -13.004 -12.791 -12.472 -12.2 -11.926 -12.777 -12.488 -12.217 -12.018 -11.943 -12.495 -12.668 -12.359 -11.344 -10.848 -10.259 -12.539
0.048109 -12.914 -13.003 -13.046 -13.055 -12.904 -12.677 -12.954 -13.037 -12.901 -12.668 -12.384 -12.027 -13.043 -12.835 -12.518 -12.248 -11.975 -12.821 -12.534 -12.265 -12.066 -11.991 -12.541 -12.712 -12.406 -11.395 -10.899 -10.311 -12.584
0.049564 -12.936 -13.029 -13.077 -13.093 -12.946 -12.722 -12.987 -13.076 -12.943 -12.713 -12.431 -12.076 -13.081 -12.878 -12.565 -12.296 -12.024 -12.864 -12.58 -12.312 -12.115 -12.039 -12.587 -12.757 -12.453 -11.445 -10.951 -10.364 -12.629
0.051063 -12.958 -13.056 -13.107 -13.131 -12.988 -12.767 -13.019 -13.115 -12.985 -12.758 -12.478 -12.125 -13.12 -12.921 -12.611 -12.344 -12.073 -12.907 -12.626 -12.36 -12.163 -12.086 -12.632 -12.801 -12.499 -11.496 -11.003 -10.416 -12.674
0.052608 -12.98 -13.082 -13.136 -13.168 -13.03 -12.811 -13.052 -13.153 -13.027 -12.803 -12.525 -12.174 -13.158 -12.963 -12.657 -12.391 -12.122 -12.95 -12.671 -12.407 -12.211 -12.134 -12.677 -12.845 -12.546 -11.547 -11.054 -10.468 -12.718
0.054199 -13.001 -13.107 -13.166 -13.206 -13.071 -12.856 -13.084 -13.191 -13.068 -12.847 -12.572 -12.222 -13.196 -13.006 -12.703 -12.439 -12.171 -12.993 -12.717 -12.455 -12.259 -12.181 -12.723 -12.889 -12.593 -11.598 -11.106 -10.521 -12.763
0.055838 -13.022 -13.132 -13.195 -13.243 -13.113 -12.9 -13.116 -13.229 -13.109 -12.892 -12.618 -12.271 -13.234 -13.048 -12.748 -12.487 -12.22 -13.035 -12.763 -12.502 -12.307 -12.229 -12.768 -12.933 -12.639 -11.648 -11.158 -10.573 -12.807
0.057527 -13.042 -13.157 -13.224 -13.28 -13.154 -12.945 -13.147 -13.267 -13.151 -12.936 -12.665 -12.319 -13.271 -13.09 -12.794 -12.534 -12.268 -13.078 -12.808 -12.549 -12.355 -12.276 -12.813 -12.976 -12.686 -11.699 -11.209 -10.625 -12.852
0.059267 -13.063 -13.181 -13.252 -13.316 -13.195 -12.989 -13.179 -13.304 -13.192 -12.98 -12.711 -12.368 -13.309 -13.133 -12.84 -12.581 -12.317 -13.12 -12.854 -12.596 -12.403 -12.324 -12.858 -13.02 -12.732 -11.749 -11.261 -10.678 -12.896
0.061059 -13.082 -13.205 -13.28 -13.353 -13.236 -13.033 -13.21 -13.341 -13.232 -13.025 -12.758 -12.416 -13.346 -13.174 -12.885 -12.629 -12.366 -13.163 -12.899 -12.643 -12.451 -12.371 -12.902 -13.063 -12.778 -11.8 -11.312 -10.73 -12.94
0.062906 -13.102 -13.229 -13.308 -13.389 -13.276 -13.077 -13.241 -13.378 -13.273 -13.069 -12.804 -12.464 -13.383 -13.216 -12.931 -12.676 -12.414 -13.205 -12.944 -12.69 -12.498 -12.419 -12.947 -13.107 -12.824 -11.85 -11.363 -10.782 -12.984
0.064808 -13.12 -13.252 -13.335 -13.425 -13.317 -13.121 -13.272 -13.415 -13.314 -13.112 -12.85 -12.512 -13.419 -13.258 -12.976 -12.723 -12.462 -13.247 -12.989 -12.737 -12.546 -12.466 -12.991 -13.15 -12.87 -11.9 -11.415 -10.834 -13.028
0.066769 -13.139 -13.275 -13.362 -13.461 -13.357 -13.164 -13.302 -13.452 -13.354 -13.156 -12.896 -12.56 -13.456 -13.299 -13.021 -12.77 -12.511 -13.288 -13.034 -12.784 -12.594 -12.513 -13.036 -13.193 -12.916 -11.95 -11.466 -10.887 -13.071
0.068788 -13.157 -13.297 -13.389 -13.496 -13.397 -13.208 -13.332 -13.488 -13.394 -13.199 -12.942 -12.608 -13.492 -13.34 -13.066 -12.817 -12.559 -13.33 -13.079 -12.83 -12.641 -12.56 -13.08 -13.235 -12.962 -12.001 -11.517 -10.939 -13.115
0.070868 -13.174 -13.319 -13.416 -13.532 -13.437 -13.251 -13.362 -13.524 -13.434 -13.243 -12.988 -12.656 -13.528 -13.381 -13.111 -12.863 -12.607 -13.371 -13.123 -12.877 -12.688 -12.608 -13.124 -13.278 -13.007 -12.051 -11.568 -10.991 -13.158
0.073012 -13.192 -13.341 -13.442 -13.567 -13.477 -13.294 -13.392 -13.56 -13.473 -13.286 -13.033 -12.704 -13.564 -13.422 -13.155 -12.91 -12.655 -13.412 -13.168 -12.923 -12.736 -12.655 -13.168 -13.32 -13.053 -12.101 -11.62 -11.043 -13.201
0.07522 -13.208 -13.362 -13.468 -13.601 -13.516 -13.337 -13.421 -13.595 -13.513 -13.329 -13.079 -12.752 -13.599 -13.463 -13.2 -12.957 -12.703 -13.453 -13.212 -12.97 -12.783 -12.702 -13.212 -13.363 -13.098 -12.151 -11.671 -11.095 -13.244
0.077495 -13.225 -13.383 -13.493 -13.636 -13.555 -13.38 -13.451 -13.631 -13.552 -13.372 -13.124 -12.799 -13.634 -13.504 -13.244 -13.003 -12.751 -13.494 -13.257 -13.016 -12.83 -12.749 -13.255 -13.405 -13.143 -12.201 -11.722 -11.147 -13.287
0.079839 -13.24 -13.403 -13.518 -13.67 -13.594 -13.423 -13.48 -13.666 -13.591 -13.415 -13.169 -12.847 -13.669 -13.544 -13.289 -13.049 -12.799 -13.535 -13.301 -13.062 -12.877 -12.796 -13.299 -13.447 -13.188 -12.251 -11.773 -11.199 -13.33
0.082253 -13.256 -13.423 -13.543 -13.704 -13.633 -13.465 -13.508 -13.7 -13.63 -13.457 -13.214 -12.894 -13.704 -13.584 -13.333 -13.096 -12.846 -13.576 -13.345 -13.108 -12.924 -12.842 -13.342 -13.488 -13.233 -12.3 -11.824 -11.251 -13.373
0.084741 -13.271 -13.442 -13.567 -13.738 -13.672 -13.508 -13.537 -13.735 -13.669 -13.5 -13.26 -12.941 -13.738 -13.624 -13.377 -13.142 -12.894 -13.616 -13.388 -13.154 -12.971 -12.889 -13.385 -13.53 -13.278 -12.35 -11.875 -11.302 -13.415
0.087304 -13.285 -13.461 -13.591 -13.771 -13.71 -13.55 -13.565 -13.769 -13.707 -13.542 -13.304 -12.988 -13.772 -13.664 -13.421 -13.188 -12.942 -13.656 -13.432 -13.2 -13.018 -12.936 -13.428 -13.572 -13.323 -12.4 -11.925 -11.354 -13.457
0.089944 -13.299 -13.479 -13.614 -13.804 -13.749 -13.592 -13.593 -13.803 -13.746 -13.584 -13.349 -13.035 -13.806 -13.703 -13.464 -13.234 -12.989 -13.696 -13.476 -13.245 -13.065 -12.983 -13.471 -13.613 -13.368 -12.449 -11.976 -11.406 -13.499
0.092665 -13.313 -13.497 -13.637 -13.837 -13.786 -13.634 -13.621 -13.837 -13.784 -13.626 -13.394 -13.082 -13.84 -13.743 -13.508 -13.279 -13.036 -13.736 -13.519 -13.291 -13.111 -13.029 -13.514 -13.654 -13.412 -12.499 -12.027 -11.458 -13.541
0.095467 -13.326 -13.515 -13.66 -13.869 -13.824 -13.675 -13.648 -13.87 -13.821 -13.668 -13.438 -13.129 -13.873 -13.782 -13.551 -13.325 -13.084 -13.775 -13.563 -13.336 -13.158 -13.076 -13.557 -13.695 -13.456 -12.548 -12.078 -11.509 -13.583
0.098355 -13.338 -13.532 -13.682 -13.902 -13.862 -13.717 -13.676 -13.903 -13.859 -13.709 -13.483 -13.176 -13.906 -13.821 -13.595 -13.371 -13.131 -13.815 -13.606 -13.382 -13.204 -13.122 -13.599 -13.736 -13.5 -12.598 -12.128 -11.561 -13.625
0.101329 -13.35 -13.548 -13.704 -13.933 -13.899 -13.758 -13.703 -13.936 -13.896 -13.751 -13.527 -13.223 -13.938 -13.859 -13.638 -13.416 -13.178 -13.854 -13.649 -13.427 -13.251 -13.168 -13.641 -13.776 -13.545 -12.647 -12.179 -11.613 -13.666
0.104394 -13.362 -13.564 -13.726 -13.965 -13.936 -13.799 -13.729 -13.969 -13.933 -13.792 -13.571 -13.269 -13.971 -13.898 -13.681 -13.461 -13.225 -13.893 -13.692 -13.472 -13.297 -13.215 -13.683 -13.817 -13.588 -12.696 -12.229 -11.664 -13.708
0.107551 -13.373 -13.58 -13.747 -13.996 -13.973 -13.84 -13.756 -14.001 -13.97 -13.833 -13.615 -13.316 -14.003 -13.936 -13.724 -13.506 -13.271 -13.931 -13.734 -13.517 -13.343 -13.261 -13.725 -13.857 -13.632 -12.746 -12.28 -11.716 -13.749
0.110804 -13.383 -13.595 -13.768 -14.027 -14.01 -13.881 -13.782 -14.033 -14.007 -13.874 -13.659 -13.362 -14.035 -13.974 -13.766 -13.551 -13.318 -13.97 -13.777 -13.562 -13.389 -13.307 -13.767 -13.897 -13.676 -12.795 -12.33 -11.767 -13.79
0.114155 -13.393 -13.61 -13.788 -14.058 -14.046 -13.922 -13.808 -14.065 -14.043 -13.915 -13.702 -13.408 -14.066 -14.012 -13.809 -13.596 -13.365 -14.008 -13.819 -13.606 -13.435 -13.353 -13.809 -13.936 -13.719 -12.844 -12.38 -11.818 -13.831
0.117608 -13.403 -13.624 -13.808 -14.088 -14.082 -13.962 -13.833 -14.096 -14.079 -13.955 -13.746 -13.454 -14.097 -14.05 -13.851 -13.641 -13.411 -14.046 -13.861 -13.651 -13.481 -13.399 -13.85 -13.976 -13.763 -12.893 -12.431 -11.87 -13.871
0.121165 -13.412 -13.637 -13.827 -14.118 -14.118 -14.002 -13.859 -14.127 -14.115 -13.995 -13.789 -13.5 -14.128 -14.087 -13.893 -13.686 -13.458 -14.084 -13.903 -13.696 -13.527 -13.445 -13.892 -14.015 -13.806 -12.942 -12.481 -11.921 -13.912
0.124829 -13.42 -13.65 -13.846 -14.148 -14.153 -14.042 -13.884 -14.157 -14.151 -14.036 -13.832 -13.546 -14.158 -14.124 -13.935 -13.73 -13.504 -14.122 -13.945 -13.74 -13.572 -13.491 -13.933 -14.055 -13.849 -12.99 -12.531 -11.972 -13.952
0.128605 -13.428 -13.662 -13.865 -14.177 -14.189 -14.082 -13.908 -14.188 -14.186 -14.075 -13.875 -13.592 -14.189 -14.161 -13.977 -13.774 -13.55 -14.159 -13.987 -13.784 -13.618 -13.537 -13.974 -14.093 -13.892 -13.039 -12.581 -12.024 -13.992
0.132494 -13.435 -13.674 -13.883 -14.206 -14.224 -14.122 -13.933 -14.218 -14.221 -14.115 -13.918 -13.638 -14.218 -14.198 -14.019 -13.819 -13.596 -14.197 -14.028 -13.828 -13.663 -13.582 -14.014 -14.132 -13.934 -13.088 -12.631 -12.075 -14.032
0.136502 -13.442 -13.685 -13.9 -14.235 -14.258 -14.161 -13.957 -14.247 -14.256 -14.155 -13.961 -13.683 -14.248 -14.234 -14.06 -13.863 -13.642 -14.234 -14.07 -13.872 -13.708 -13.628 -14.055 -14.171 -13.977 -13.136 -12.681 -12.126 -14.072
0.14063 -13.448 -13.696 -13.917 -14.263 -14.293 -14.2 -13.981 -14.277 -14.29 -14.194 -14.004 -13.729 -14.277 -14.27 -14.101 -13.907 -13.688 -14.27 -14.111 -13.916 -13.754 -13.673 -14.095 -14.209 -14.019 -13.185 -12.731 -12.177 -14.111
0.144883 -13.454 -13.706 -13.934 -14.291 -14.327 -14.239 -14.004 -14.306 -14.325 -14.233 -14.046 -13.774 -14.306 -14.306 -14.143 -13.95 -13.733 -14.307 -14.152 -13.959 -13.799 -13.718 -14.135 -14.247 -14.061 -13.233 -12.781 -12.228 -14.151
0.149265 -13.459 -13.716 -13.95 -14.318 -14.361 -14.278 -14.028 -14.334 -14.359 -14.272 -14.088 -13.819 -14.334 -14.341 -14.183 -13.994 -13.779 -14.343 -14.193 -14.003 -13.843 -13.764 -14.175 -14.285 -14.103 -13.281 -12.831 -12.279 -14.19
0.15378 -13.463 -13.724 -13.966 -14.345 -14.395 -14.316 -14.05 -14.363 -14.392 -14.31 -14.13 -13.864 -14.362 -14.377 -14.224 -14.037 -13.824 -14.379 -14.233 -14.046 -13.888 -13.809 -14.215 -14.322 -14.145 -13.329 -12.88 -12.33 -14.229
0.15843 -13.467 -13.733 -13.981 -14.372 -14.428 -14.355 -14.073 -14.39 -14.426 -14.349 -14.172 -13.909 -14.39 -14.412 -14.265 -14.081 -13.869 -14.414 -14.274 -14.089 -13.933 -13.854 -14.255 -14.36 -14.187 -13.377 -12.93 -12.381 -14.267
0.163222 -13.47 -13.74 -13.995 -14.398 -14.461 -14.393 -14.095 -14.418 -14.459 -14.387 -14.214 -13.953 -14.417 -14.447 -14.305 -14.124 -13.915 -14.45 -14.314 -14.132 -13.977 -13.899 -14.294 -14.397 -14.228 -13.425 -12.979 -12.431 -14.306
0.168159 -13.472 -13.747 -14.009 -14.424 -14.493 -14.43 -14.117 -14.445 -14.491 -14.425 -14.255 -13.998 -14.444 -14.481 -14.345 -14.167 -13.96 -14.485 -14.354 -14.175 -14.022 -13.944 -14.333 -14.434 -14.269 -13.473 -13.029 -12.482 -14.344
0.173245 -13.474 -13.754 -14.023 -14.449 -14.526 -14.468 -14.139 -14.471 -14.524 -14.462 -14.296 -14.042 -14.47 -14.515 -14.385 -14.209 -14.004 -14.52 -14.393 -14.218 -14.066 -13.988 -14.372 -14.47 -14.31 -13.521 -13.078 -12.533 -14.382
0.178484 -13.475 -13.759 -14.036 -14.474 -14.558 -14.505 -14.16 -14.498 -14.556 -14.5 -14.337 -14.087 -14.496 -14.549 -14.424 -14.252 -14.049 -14.554 -14.433 -14.26 -14.11 -14.033 -14.411 -14.507 -14.351 -13.569 -13.127 -12.583 -14.42
0.183882 -13.476 -13.764 -14.048 -14.499 -14.589 -14.542 -14.181 -14.524 -14.587 -14.537 -14.378 -14.131 -14.522 -14.583 -14.464 -14.294 -14.094 -14.589 -14.472 -14.303 -14.154 -14.077 -14.449 -14.543 -14.392 -13.616 -13.177 -12.634 -14.457
0.189444 -13.476 -13.768 -14.06 -14.523 -14.621 -14.579 -14.202 -14.549 -14.619 -14.573 -14.419 -14.175 -14.547 -14.616 -14.503 -14.336 -14.138 -14.623 -14.511 -14.345 -14.198 -14.122 -14.487 -14.578 -14.432 -13.664 -13.226 -12.684 -14.495
0.195173 -13.475 -13.772 -14.071 -14.547 -14.652 -14.615 -14.222 -14.574 -14.65 -14.61 -14.459 -14.218 -14.571 -14.649 -14.542 -14.378 -14.182 -14.656 -14.55 -14.387 -14.241 -14.166 -14.525 -14.614 -14.472 -13.711 -13.275 -12.735 -14.532
0.201076 -13.474 -13.775 -14.082 -14.57 -14.682 -14.652 -14.242 -14.598 -14.68 -14.646 -14.5 -14.262 -14.596 -14.681 -14.581 -14.42 -14.226 -14.69 -14.589 -14.428 -14.285 -14.21 -14.563 -14.649 -14.512 -13.758 -13.324 -12.785 -14.569
0.207158 -13.471 -13.777 -14.092 -14.593 -14.713 -14.688 -14.262 -14.622 -14.711 -14.682 -14.54 -14.305 -14.619 -14.714 -14.619 -14.462 -14.27 -14.723 -14.627 -14.47 -14.328 -14.254 -14.601 -14.684 -14.552 -13.806 -13.372 -12.835 -14.605
0.213423 -13.468 -13.778 -14.101 -14.615 -14.742 -14.723 -14.281 -14.646 -14.741 -14.718 -14.579 -14.349 -14.643 -14.746 -14.657 -14.503 -14.314 -14.755 -14.665 -14.511 -14.371 -14.297 -14.638 -14.719 -14.592 -13.853 -13.421 -12.885 -14.642
0.219878 -13.465 -13.779 -14.11 -14.637 -14.772 -14.758 -14.3 -14.669 -14.77 -14.753 -14.619 -14.392 -14.665 -14.777 -14.695 -14.544 -14.357 -14.788 -14.703 -14.552 -14.414 -14.341 -14.675 -14.753 -14.631 -13.899 -13.47 -12.935 -14.678
0.226528 -13.46 -13.779 -14.118 -14.658 -14.801 -14.793 -14.318 -14.692 -14.799 -14.789 -14.658 -14.435 -14.688 -14.808 -14.733 -14.585 -14.401 -14.819 -14.741 -14.593 -14.457 -14.384 -14.711 -14.787 -14.67 -13.946 -13.518 -12.985 -14.713
0.233379 -13.455 -13.777 -14.126 -14.678 -14.83 -14.828 -14.337 -14.714 -14.828 -14.823 -14.697 -14.477 -14.709 -14.839 -14.77 -14.626 -14.444 -14.851 -14.778 -14.634 -14.499 -14.428 -14.748 -14.821 -14.709 -13.993 -13.567 -13.035 -14.749
0.240437 -13.449 -13.776 -14.132 -14.699 -14.858 -14.862 -14.354 -14.735 -14.856 -14.858 -14.736 -14.52 -14.731 -14.87 -14.807 -14.667 -14.487 -14.882 -14.815 -14.674 -14.542 -14.471 -14.784 -14.854 -14.747 -14.039 -13.615 -13.085 -14.784
0.247709 -13.442 -13.773 -14.139 -14.718 -14.886 -14.896 -14.371 -14.756 -14.884 -14.892 -14.775 -14.562 -14.751 -14.9 -14.844 -14.707 -14.53 -14.913 -14.852 -14.715 -14.584 -14.514 -14.82 -14.887 -14.785 -14.086 -13.663 -13.135 -14.819
0.255201 -13.435 -13.769 -14.144 -14.737 -14.913 -14.93 -14.388 -14.777 -14.912 -14.926 -14.813 -14.604 -14.772 -14.929 -14.88 -14.747 -14.572 -14.944 -14.888 -14.755 -14.626 -14.557 -14.855 -14.919 -14.823 -14.132 -13.711 -13.184 -14.854
0.262919 -13.426 -13.765 -14.149 -14.756 -14.94 -14.963 -14.405 -14.797 -14.939 -14.959 -14.851 -14.646 -14.791 -14.958 -14.917 -14.787 -14.615 -14.974 -14.924 -14.795 -14.668 -14.599 -14.891 -14.952 -14.861 -14.178 -13.759 -13.234 -14.888
0.270871 -13.417 -13.759 -14.153 -14.774 -14.966 -14.996 -14.421 -14.816 -14.965 -14.992 -14.889 -14.688 -14.81 -14.987 -14.952 -14.826 -14.657 -15.003 -14.96 -14.834 -14.709 -14.642 -14.925 -14.984 -14.899 -14.224 -13.807 -13.284 -14.922
0.279064 -13.407 -13.753 -14.156 -14.791 -14.992 -15.029 -14.436 -14.835 -14.991 -15.025 -14.926 -14.729 -14.829 -15.015 -14.988 -14.866 -14.699 -15.033 -14.996 -14.873 -14.751 -14.684 -14.96 -15.015 -14.936 -14.269 -13.855 -13.333 -14.955
0.287504 -13.396 -13.746 -14.158 -14.807 -15.018 -15.061 -14.451 -14.853 -15.017 -15.057 -14.963 -14.77 -14.846 -15.043 -15.023 -14.905 -14.741 -15.062 -15.031 -14.912 -14.792 -14.726 -14.994 -15.046 -14.973 -14.315 -13.903 -13.382 -14.989
0.296199 -13.384 -13.737 -14.16 -14.823 -15.043 -15.093 -14.466 -14.871 -15.042 -15.089 -15.0 -14.811 -14.864 -15.071 -15.058 -14.943 -14.782 -15.09 -15.066 -14.951 -14.833 -14.768 -15.028 -15.077 -15.009 -14.36 -13.95 -13.431 -15.022
0.305157 -13.371 -13.728 -14.16 -14.839 -15.067 -15.124 -14.48 -14.888 -15.066 -15.121 -15.036 -14.852 -14.88 -15.098 -15.093 -14.982 -14.823 -15.118 -15.1 -14.989 -14.873 -14.81 -15.062 -15.107 -15.045 -14.406 -13.997 -13.48 -15.054
0.314387 -13.357 -13.718 -14.16 -14.853 -15.091 -15.155 -14.494 -14.904 -15.09 -15.152 -15.072 -14.892 -14.896 -15.124 -15.127 -15.02 -14.864 -15.145 -15.134 -15.027 -14.914 -14.851 -15.095 -15.137 -15.081 -14.451 -14.045 -13.529 -15.086
0.323895 -13.342 -13.706 -14.159 -14.867 -15.114 -15.185 -14.507 -14.919 -15.114 -15.182 -15.108 -14.932 -14.911 -15.15 -15.16 -15.058 -14.905 -15.172 -15.168 -15.065 -14.954 -14.892 -15.128 -15.166 -15.116 -14.495 -14.092 -13.578 -15.118
0.333691 -13.326 -13.694 -14.157 -14.88 -15.137 -15.216 -14.519 -14.934 -15.137 -15.213 -15.144 -14.972 -14.925 -15.175 -15.194 -15.095 -14.945 -15.199 -15.201 -15.103 -14.994 -14.933 -15.16 -15.195 -15.152 -14.54 -14.139 -13.627 -15.15
0.343783 -13.309 -13.68 -14.154 -14.893 -15.159 -15.245 -14.531 -14.948 -15.159 -15.242 -15.179 -15.012 -14.939 -15.2 -15.227 -15.132 -14.986 -15.224 -15.234 -15.14 -15.033 -14.974 -15.192 -15.224 -15.186 -14.585 -14.185 -13.675 -15.181
0.354181 -13.291 -13.665 -14.15 -14.904 -15.181 -15.274 -14.543 -14.962 -15.181 -15.272 -15.214 -15.051 -14.952 -15.225 -15.259 -15.169 -15.026 -15.25 -15.267 -15.177 -15.072 -15.014 -15.224 -15.252 -15.221 -14.629 -14.232 -13.724 -15.211
0.364893 -13.272 -13.649 -14.146 -14.915 -15.202 -15.303 -14.553 -14.974 -15.202 -15.3 -15.248 -15.09 -14.964 -15.248 -15.291 -15.206 -15.065 -15.275 -15.299 -15.213 -15.111 -15.055 -15.255 -15.279 -15.255 -14.673 -14.278 -13.772 -15.241
0.375929 -13.252 -13.631 -14.14 -14.925 -15.222 -15.331 -14.564 -14.986 -15.222 -15.329 -15.282 -15.129 -14.975 -15.271 -15.323 -15.242 -15.104 -15.299 -15.331 -15.249 -15.15 -15.094 -15.286 -15.306 -15.288 -14.717 -14.324 -13.82 -15.271
0.387298 -13.231 -13.612 -14.133 -14.934 -15.241 -15.358 -14.573 -14.997 -15.242 -15.356 -15.315 -15.167 -14.986 -15.294 -15.354 -15.277 -15.143 -15.322 -15.362 -15.285 -15.188 -15.134 -15.316 -15.332 -15.321 -14.76 -14.37 -13.868 -15.3
0.399012 -13.208 -13.592 -14.125 -14.942 -15.26 -15.385 -14.582 -15.007 -15.261 -15.383 -15.348 -15.205 -14.995 -15.316 -15.385 -15.313 -15.182 -15.345 -15.392 -15.32 -15.226 -15.173 -15.346 -15.358 -15.354 -14.804 -14.416 -13.916 -15.329
0.41108 -13.185 -13.571 -14.115 -14.949 -15.278 -15.412 -14.59 -15.016 -15.279 -15.41 -15.381 -15.243 -15.004 -15.337 -15.415 -15.348 -15.22 -15.368 -15.423 -15.355 -15.264 -15.212 -15.375 -15.383 -15.386 -14.847 -14.462 -13.964 -15.357
0.423513 -13.16 -13.548 -14.105 -14.955 -15.296 -15.437 -14.598 -15.024 -15.296 -15.436 -15.413 -15.28 -15.012 -15.357 -15.444 -15.382 -15.258 -15.389 -15.452 -15.39 -15.301 -15.251 -15.403 -15.408 -15.418 -14.889 -14.507 -14.011 -15.385
0.436321 -13.133 -13.523 -14.093 -14.961 -15.312 -15.462 -14.605 -15.031 -15.313 -15.461 -15.444 -15.317 -15.018 -15.377 -15.474 -15.416 -15.296 -15.41 -15.481 -15.424 -15.338 -15.29 -15.432 -15.432 -15.449 -14.932 -14.552 -14.058 -15.412
0.449518 -13.106 -13.497 -14.081 -14.965 -15.328 -15.487 -14.611 -15.038 -15.329 -15.486 -15.476 -15.353 -15.024 -15.396 -15.502 -15.45 -15.333 -15.43 -15.51 -15.457 -15.375 -15.328 -15.459 -15.455 -15.48 -14.974 -14.597 -14.106 -15.439
0.463113 -13.077 -13.469 -14.066 -14.968 -15.343 -15.511 -14.616 -15.043 -15.344 -15.51 -15.506 -15.389 -15.028 -15.414 -15.53 -15.483 -15.37 -15.45 -15.538 -15.491 -15.411 -15.365 -15.486 -15.477 -15.51 -15.016 -14.642 -14.153 -15.465
0.47712 -13.046 -13.44 -14.051 -14.97 -15.357 -15.534 -14.621 -15.047 -15.358 -15.533 -15.536 -15.425 -15.032 -15.431 -15.557 -15.515 -15.406 -15.469 -15.565 -15.523 -15.446 -15.402 -15.513 -15.499 -15.54 -15.058 -14.687 -14.199 -15.49
0.49155 -13.014 -13.409 -14.034 -14.971 -15.37 -15.556 -14.624 -15.05 -15.371 -15.556 -15.566 -15.46 -15.034 -15.447 -15.584 -15.547 -15.442 -15.486 -15.592 -15.555 -15.481 -15.439 -15.538 -15.52 -15.568 -15.099 -14.731 -14.246 -15.515
0.506416 -12.981 -13.376 -14.015 -14.97 -15.381 -15.577 -14.627 -15.051 -15.383 -15.577 -15.594 -15.494 -15.035 -15.463 -15.61 -15.579 -15.477 -15.503 -15.618 -15.587 -15.516 -15.476 -15.564 -15.541 -15.597 -15.14 -14.775 -14.292 -15.539
0.521733 -12.946 -13.341 -13.995 -14.968 -15.392 -15.598 -14.629 -15.052 -15.394 -15.598 -15.622 -15.529 -15.035 -15.478 -15.635 -15.609 -15.512 -15.519 -15.643 -15.618 -15.55 -15.512 -15.588 -15.56 -15.625 -15.181 -14.818 -14.338 -15.563
0.537512 -12.909 -13.304 -13.974 -14.965 -15.402 -15.618 -14.63 -15.051 -15.404 -15.619 -15.65 -15.562 -15.034 -15.491 -15.659 -15.64 -15.547 -15.534 -15.668 -15.648 -15.584 -15.547 -15.612 -15.579 -15.652 -15.221 -14.862 -14.384 -15.586
0.553769 -12.871 -13.265 -13.95 -14.961 -15.411 -15.637 -14.63 -15.049 -15.413 -15.638 -15.677 -15.595 -15.031 -15.504 -15.683 -15.669 -15.58 -15.549 -15.691 -15.678 -15.617 -15.582 -15.635 -15.596 -15.678 -15.261 -14.905 -14.43 -15.608
0.570517 -12.831 -13.223 -13.925 -14.955 -15.419 -15.655 -14.629 -15.045 -15.421 -15.656 -15.703 -15.628 -15.026 -15.515 -15.706 -15.698 -15.614 -15.562 -15.714 -15.707 -15.65 -15.617 -15.657 -15.613 -15.703 -15.3 -14.947 -14.475 -15.629
0.587772 -12.789 -13.18 -13.898 -14.947 -15.425 -15.672 -14.626 -15.04 -15.428 -15.673 -15.728 -15.659 -15.021 -15.526 -15.728 -15.726 -15.646 -15.574 -15.736 -15.735 -15.682 -15.651 -15.678 -15.629 -15.728 -15.339 -14.99 -14.52 -15.649
0.605549 -12.746 -13.134 -13.869 -14.938 -15.43 -15.688 -14.623 -15.033 -15.433 -15.69 -15.753 -15.691 -15.013 -15.535 -15.749 -15.754 -15.679 -15.585 -15.758 -15.763 -15.713 -15.684 -15.698 -15.643 -15.752 -15.378 -15.032 -14.565 -15.669
0.623863 -12.7 -13.085 -13.838 -14.927 -15.434 -15.703 -14.618 -15.025 -15.437 -15.705 -15.776 -15.721 -15.004 -15.543 -15.769 -15.781 -15.71 -15.594 -15.778 -15.79 -15.744 -15.717 -15.718 -15.657 -15.775 -15.416 -15.073 -14.609 -15.687
0.642731 -12.653 -13.034 -13.805 -14.914 -15.436 -15.717 -14.612 -15.015 -15.44 -15.719 -15.799 -15.751 -14.993 -15.549 -15.789 -15.807 -15.741 -15.603 -15.797 -15.816 -15.774 -15.749 -15.736 -15.67 -15.798 -15.453 -15.114 -14.653 -15.705
0.66217 -12.604 -12.98 -13.77 -14.9 -15.437 -15.729 -14.605 -15.003 -15.441 -15.732 -15.821 -15.78 -14.981 -15.555 -15.807 -15.832 -15.771 -15.61 -15.816 -15.841 -15.803 -15.781 -15.754 -15.681 -15.819 -15.49 -15.155 -14.697 -15.722
0.682197 -12.552 -12.924 -13.733 -14.883 -15.436 -15.741 -14.597 -14.99 -15.441 -15.744 -15.842 -15.808 -14.966 -15.558 -15.824 -15.856 -15.8 -15.616 -15.833 -15.865 -15.831 -15.811 -15.77 -15.691 -15.839 -15.527 -15.196 -14.74 -15.737
0.70283 -12.498 -12.864 -13.693 -14.865 -15.434 -15.751 -14.586 -14.974 -15.438 -15.754 -15.861 -15.836 -14.949 -15.561 -15.84 -15.879 -15.829 -15.62 -15.849 -15.888 -15.859 -15.842 -15.786 -15.7 -15.858 -15.563 -15.235 -14.783 -15.752
0.724086 -12.443 -12.801 -13.65 -14.844 -15.43 -15.759 -14.575 -14.956 -15.435 -15.763 -15.88 -15.863 -14.931 -15.561 -15.854 -15.901 -15.856 -15.623 -15.864 -15.911 -15.885 -15.871 -15.8 -15.707 -15.876 -15.598 -15.275 -14.826 -15.765
0.745986 -12.385 -12.734 -13.605 -14.821 -15.424 -15.766 -14.561 -14.936 -15.429 -15.771 -15.898 -15.888 -14.91 -15.56 -15.868 -15.922 -15.883 -15.624 -15.877 -15.932 -15.911 -15.899 -15.813 -15.713 -15.893 -15.633 -15.314 -14.868 -15.777
0.768548 -12.324 -12.664 -13.557 -14.795 -15.416 -15.772 -14.546 -14.914 -15.421 -15.777 -15.914 -15.913 -14.886 -15.558 -15.88 -15.942 -15.909 -15.623 -15.889 -15.952 -15.936 -15.927 -15.825 -15.717 -15.909 -15.667 -15.352 -14.91 -15.788
0.791792 -12.262 -12.59 -13.506 -14.767 -15.406 -15.776 -14.53 -14.889 -15.412 -15.781 -15.929 -15.937 -14.86 -15.553 -15.89 -15.961 -15.934 -15.621 -15.9 -15.971 -15.96 -15.954 -15.835 -15.72 -15.924 -15.7 -15.389 -14.951 -15.797
0.815739 -12.197 -12.512 -13.452 -14.737 -15.394 -15.778 -14.511 -14.861 -15.4 -15.784 -15.943 -15.959 -14.832 -15.546 -15.899 -15.979 -15.957 -15.616 -15.909 -15.989 -15.983 -15.98 -15.844 -15.721 -15.937 -15.732 -15.427 -14.991 -15.806
0.840411 -12.129 -12.43 -13.395 -14.703 -15.38 -15.779 -14.49 -14.831 -15.386 -15.785 -15.955 -15.981 -14.8 -15.538 -15.907 -15.995 -15.98 -15.61 -15.917 -16.006 -16.005 -16.004 -15.851 -15.72 -15.948 -15.764 -15.463 -15.032 -15.812
0.865828 -12.059 -12.344 -13.334 -14.666 -15.363 -15.777 -14.467 -14.798 -15.37 -15.784 -15.966 -16.001 -14.766 -15.527 -15.913 -16.01 -16.001 -15.602 -15.923 -16.021 -16.025 -16.028 -15.856 -15.717 -15.958 -15.795 -15.499 -15.071 -15.817
0.892015 -11.987 -12.253 -13.269 -14.626 -15.343 -15.773 -14.442 -14.762 -15.351 -15.781 -15.975 -16.02 -14.728 -15.513 -15.917 -16.023 -16.022 -15.591 -15.927 -16.034 -16.044 -16.051 -15.86 -15.712 -15.966 -15.825 -15.534 -15.11 -15.82
0.918993 -11.912 -12.157 -13.201 -14.583 -15.321 -15.768 -14.415 -14.722 -15.329 -15.776 -15.982 -16.038 -14.688 -15.498 -15.919 -16.035 -16.04 -15.578 -15.93 -16.046 -16.062 -16.072 -15.862 -15.705 -15.973 -15.853 -15.568 -15.149 -15.822
0.946787 -11.835 -12.055 -13.129 -14.536 -15.296 -15.759 -14.385 -14.679 -15.305 -15.768 -15.988 -16.054 -14.643 -15.479 -15.919 -16.045 -16.058 -15.562 -15.93 -16.057 -16.078 -16.092 -15.863 -15.695 -15.978 -15.881 -15.601 -15.187 -15.822
0.975422 -11.756 -11.948 -13.052 -14.485 -15.268 -15.749 -14.352 -14.632 -15.277 -15.758 -15.991 -16.068 -14.595 -15.458 -15.916 -16.053 -16.074 -15.544 -15.928 -16.065 -16.093 -16.111 -15.861 -15.683 -15.981 -15.908 -15.634 -15.224 -15.819
1.004923 -11.674 -11.835 -12.97 -14.431 -15.237 -15.735 -14.317 -14.582 -15.246 -15.745 -15.993 -16.081 -14.543 -15.433 -15.912 -16.06 -16.088 -15.523 -15.924 -16.072 -16.106 -16.128 -15.857 -15.669 -15.981 -15.934 -15.665 -15.26 -15.815
1.035317 -11.59 -11.716 -12.884 -14.371 -15.202 -15.719 -14.278 -14.527 -15.212 -15.73 -15.992 -16.093 -14.486 -15.406 -15.905 -16.064 -16.101 -15.499 -15.917 -16.077 -16.118 -16.144 -15.85 -15.652 -15.98 -15.958 -15.696 -15.295 -15.808
1.066629 -11.504 -11.59 -12.793 -14.308 -15.163 -15.7 -14.237 -14.467 -15.174 -15.712 -15.989 -16.102 -14.425 -15.375 -15.895 -16.066 -16.112 -15.471 -15.908 -16.079 -16.127 -16.157 -15.841 -15.631 -15.976 -15.981 -15.725 -15.33 -15.799
1.098888 -11.416 -11.456 -12.696 -14.239 -15.121 -15.678 -14.192 -14.403 -15.133 -15.69 -15.984 -16.109 -14.359 -15.34 -15.883 -16.066 -16.121 -15.44 -15.896 -16.08 -16.135 -16.17 -15.83 -15.608 -15.969 -16.003 -15.754 -15.364 -15.788
1.132124 -11.326 -11.316 -12.594 -14.165 -15.074 -15.652 -14.143 -14.334 -15.087 -15.665 -15.976 -16.115 -14.288 -15.302 -15.867 -16.064 -16.128 -15.405 -15.881 -16.077 -16.14 -16.18 -15.815 -15.581 -15.96 -16.023 -15.781 -15.397 -15.773
1.166364 -11.235 -11.166 -12.485 -14.085 -15.022 -15.623 -14.091 -14.259 -15.036 -15.637 -15.965 -16.118 -14.211 -15.259 -15.849 -16.058 -16.132 -15.367 -15.863 -16.073 -16.143 -16.188 -15.798 -15.551 -15.948 -16.041 -15.807 -15.428 -15.756
1.20164 -11.142 -11.009 -12.37 -13.999 -14.966 -15.589 -14.034 -14.179 -14.981 -15.604 -15.951 -16.118 -14.129 -15.212 -15.827 -16.05 -16.134 -15.324 -15.842 -16.065 -16.144 -16.194 -15.777 -15.516 -15.933 -16.058 -15.832 -15.459 -15.736
1.237983 -11.049 -10.842 -12.248 -13.907 -14.905 -15.552 -13.974 -14.092 -14.92 -15.568 -15.934 -16.116 -14.04 -15.16 -15.801 -16.039 -16.134 -15.277 -15.817 -16.055 -16.142 -16.198 -15.753 -15.478 -15.915 -16.073 -15.855 -15.489 -15.713
1.275425 -10.956 -10.665 -12.119 -13.808 -14.838 -15.51 -13.908 -13.998 -14.854 -15.527 -15.913 -16.111 -13.944 -15.103 -15.771 -16.025 -16.131 -15.225 -15.788 -16.041 -16.138 -16.2 -15.726 -15.435 -15.893 -16.086 -15.876 -15.517 -15.686
1.313999 -10.862 -10.477 -11.982 -13.701 -14.765 -15.463 -13.838 -13.898 -14.783 -15.481 -15.888 -16.104 -13.841 -15.041 -15.738 -16.007 -16.125 -15.167 -15.755 -16.024 -16.13 -16.198 -15.694 -15.387 -15.867 -16.097 -15.896 -15.544 -15.656
1.35374 -10.77 -10.279 -11.836 -13.586 -14.686 -15.411 -13.762 -13.789 -14.705 -15.431 -15.86 -16.092 -13.73 -14.972 -15.699 -15.986 -16.116 -15.104 -15.717 -16.003 -16.119 -16.194 -15.658 -15.335 -15.837 -16.106 -15.914 -15.57 -15.621
1.394683 -10.678 -10.068 -11.682 -13.463 -14.599 -15.353 -13.681 -13.673 -14.62 -15.374 -15.827 -16.078 -13.61 -14.898 -15.656 -15.96 -16.104 -15.036 -15.675 -15.978 -16.105 -16.187 -15.618 -15.277 -15.803 -16.112 -15.931 -15.594 -15.583
1.436864 -10.587 -9.844 -11.519 -13.33 -14.506 -15.289 -13.594 -13.547 -14.527 -15.312 -15.789 -16.06 -13.481 -14.816 -15.607 -15.93 -16.088 -14.961 -15.627 -15.948 -16.087 -16.176 -15.573 -15.213 -15.764 -16.116 -15.945 -15.616 -15.54
1.480321 -10.498 -9.607 -11.346 -13.188 -14.404 -15.219 -13.5 -13.412 -14.427 -15.243 -15.747 -16.038 -13.343 -14.727 -15.553 -15.895 -16.068 -14.879 -15.574 -15.915 -16.065 -16.162 -15.523 -15.142 -15.72 -16.117 -15.957 -15.637 -15.492
1.525092 -10.412 -9.354 -11.162 -13.035 -14.294 -15.142 -13.399 -13.266 -14.319 -15.168 -15.699 -16.011 -13.194 -14.631 -15.492 -15.856 -16.044 -14.789 -15.515 -15.876 -16.038 -16.144 -15.467 -15.065 -15.67 -16.114 -15.966 -15.656 -15.439
1.571218 -10.328 -9.087 -10.967 -12.87 -14.174 -15.057 -13.291 -13.109 -14.201 -15.085 -15.645 -15.98 -13.033 -14.525 -15.425 -15.811 -16.015 -14.692 -15.449 -15.831 -16.007 -16.122 -15.405 -14.981 -15.614 -16.109 -15.973 -15.673 -15.381
1.618738 -10.246 -8.802 -10.761 -12.692 -14.044 -14.964 -13.175 -12.94 -14.073 -14.993 -15.585 -15.943 -12.86 -14.411 -15.351 -15.759 -15.981 -14.586 -15.376 -15.781 -15.971 -16.095 -15.336 -14.888 -15.552 -16.1 -15.978 -15.688 -15.316
1.667696 -10.167 -8.5 -10.542 -12.501 -13.903 -14.862 -13.051 -12.758 -13.934 -14.894 -15.518 -15.902 -12.674 -14.286 -15.269 -15.702 -15.942 -14.471 -15.296 -15.725 -15.929 -16.063 -15.261 -14.787 -15.483 -16.087 -15.979 -15.7 -15.246
1.718134 -10.09 -8.181 -10.309 -12.295 -13.751 -14.75 -12.917 -12.561 -13.784 -14.784 -15.443 -15.854 -12.473 -14.151 -15.178 -15.637 -15.897 -14.347 -15.207 -15.661 -15.882 -16.026 -15.178 -14.677 -15.407 -16.07 -15.977 -15.71 -15.169
1.770098 -10.016 -7.842 -10.063 -12.073 -13.585 -14.628 -12.774 -12.349 -13.621 -14.664 -15.361 -15.8 -12.256 -14.003 -15.078 -15.565 -15.845 -14.211 -15.109 -15.59 -15.827 -15.984 -15.086 -14.556 -15.322 -16.048 -15.972 -15.718 -15.084
1.823633 -9.942 -7.485 -9.801 -11.834 -13.406 -14.494 -12.619 -12.12 -13.445 -14.533 -15.269 -15.738 -12.022 -13.843 -14.968 -15.485 -15.787 -14.065 -15.002 -15.511 -15.766 -15.935 -14.986 -14.425 -15.229 -16.022 -15.962 -15.722 -14.992
1.878788 -9.87 -7.11 -9.524 -11.576 -13.211 -14.347 -12.453 -11.873 -13.253 -14.39 -15.169 -15.67 -11.769 -13.669 -14.847 -15.395 -15.721 -13.906 -14.884 -15.423 -15.697 -15.879 -14.876 -14.281 -15.125 -15.99 -15.949 -15.724 -14.892
1.93561 -9.798 -6.719 -9.229 -11.296 -12.999 -14.187 -12.275 -11.606 -13.045 -14.233 -15.057 -15.592 -11.495 -13.479 -14.714 -15.296 -15.647 -13.734 -14.754 -15.325 -15.619 -15.815 -14.756 -14.125 -15.011 -15.952 -15.931 -15.721 -14.783
1.994152 -9.725 -6.317 -8.917 -10.995 -12.769 -14.012 -12.083 -11.317 -12.82 -14.062 -14.935 -15.506 -11.199 -13.273 -14.569 -15.185 -15.564 -13.548 -14.612 -15.217 -15.532 -15.744 -14.624 -13.954 -14.886 -15.908 -15.908 -15.715 -14.664
2.054463 -9.651 -5.911 -8.585 -10.668 -12.519 -13.821 -11.877 -11.003 -12.574 -13.875 -14.8 -15.409 -10.879 -13.049 -14.408 -15.063 -15.471 -13.347 -14.456 -15.097 -15.435 -15.664 -14.479 -13.768 -14.748 -15.857 -15.88 -15.706 -14.536
2.116599 -9.575 -5.511 -8.233 -10.314 -12.247 -13.611 -11.655 -10.664 -12.308 -13.67 -14.651 -15.302 -10.532 -12.804 -14.232 -14.928 -15.367 -13.13 -14.285 -14.964 -15.327 -15.574 -14.321 -13.565 -14.596 -15.798 -15.846 -15.691 -14.396
2.180614 -9.495 -5.13 -7.859 -9.93 -11.951 -13.382 -11.416 -10.296 -12.018 -13.446 -14.487 -15.183 -10.154 -12.538 -14.039 -14.779 -15.251 -12.897 -14.098 -14.818 -15.207 -15.473 -14.148 -13.343 -14.429 -15.73 -15.806 -15.672 -14.245
2.246566 -9.41 -4.784 -7.461 -9.514 -11.629 -13.13 -11.158 -9.895 -11.702 -13.2 -14.307 -15.05 -9.745 -12.247 -13.826 -14.613 -15.122 -12.647 -13.893 -14.655 -15.073 -15.36 -13.958 -13.101 -14.245 -15.654 -15.758 -15.647 -14.082
2.314511 -9.321 -4.485 -7.038 -9.061 -11.277 -12.855 -10.881 -9.46 -11.358 -12.931 -14.109 -14.902 -9.299 -11.93 -13.593 -14.43 -14.978 -12.38 -13.668 -14.476 -14.924 -15.234 -13.75 -12.837 -14.043 -15.566 -15.703 -15.617 -13.906
2.384512 -9.225 -4.236 -6.588 -8.568 -10.893 -12.553 -10.582 -8.986 -10.982 -12.636 -13.891 -14.739 -8.813 -11.584 -13.336 -14.228 -14.818 -12.095 -13.422 -14.278 -14.759 -15.094 -13.522 -12.548 -13.82 -15.468 -15.639 -15.58 -13.716
2.45663 -9.121 -4.031 -6.107 -8.03 -10.473 -12.221 -10.259 -8.469 -10.572 -12.313 -13.651 -14.557 -8.284 -11.204 -13.053 -14.005 -14.641 -11.795 -13.153 -14.059 -14.575 -14.939 -13.272 -12.231 -13.575 -15.356 -15.565 -15.536 -13.512
2.530929 -9.01 -3.858 -5.593 -7.444 -10.014 -11.856 -9.912 -7.904 -10.124 -11.957 -13.386 -14.356 -7.705 -10.789 -12.742 -13.757 -14.443 -11.481 -12.859 -13.818 -14.371 -14.765 -12.998 -11.884 -13.305 -15.231 -15.48 -15.484 -13.293
2.607475 -8.889 -3.703 -5.042 -6.802 -9.51 -11.454 -9.538 -7.286 -9.634 -11.566 -13.094 -14.132 -7.072 -10.333 -12.398 -13.483 -14.223 -11.157 -12.537 -13.551 -14.145 -14.573 -12.696 -11.503 -13.008 -15.089 -15.384 -15.424 -13.059
2.686337 -8.757 -3.555 -4.451 -6.099 -8.957 -11.012 -9.136 -6.608 -9.096 -11.136 -12.772 -13.884 -6.378 -9.833 -12.019 -13.179 -13.978 -10.827 -12.187 -13.256 -13.893 -14.359 -12.365 -11.085 -12.68 -14.93 -15.274 -15.353 -12.81
2.767583 -8.614 -3.403 -3.813 -5.328 -8.349 -10.523 -8.706 -5.865 -8.505 -10.662 -12.417 -13.609 -5.615 -9.282 -11.6 -12.842 -13.705 -10.497 -11.807 -12.93 -13.614 -14.121 -12.0 -10.625 -12.317 -14.751 -15.149 -15.272 -12.545
2.851287 -8.457 -3.243 -3.124 -4.48 -7.679 -9.983 -8.247 -5.047 -7.855 -10.138 -12.024 -13.302 -4.777 -8.675 -11.135 -12.468 -13.401 -10.174 -11.396 -12.57 -13.304 -13.857 -11.597 -10.119 -11.917 -14.549 -15.007 -15.178 -12.266
2.937522 -8.286 -3.071 -2.376 -3.546 -6.94 -9.385 -7.761 -4.145 -7.14 -9.559 -11.588 -12.961 -3.852 -8.005 -10.62 -12.051 -13.062 -9.863 -10.955 -12.173 -12.959 -13.565 -11.152 -9.559 -11.473 -14.322 -14.846 -15.07 -11.973
3.026365 -8.098 -2.883 -1.563 -2.514 -6.122 -8.721 -7.254 -3.148 -6.35 -8.917 -11.106 -12.581 -2.83 -7.263 -10.049 -11.587 -12.683 -9.565 -10.488 -11.735 -12.575 -13.241 -10.659 -8.941 -10.98 -14.066 -14.664 -14.946 -11.667
3.117896 -7.892 -2.676 -0.674 -1.371 -5.216 -7.983 -6.733 -2.045 -5.477 -8.204 -10.57 -12.157 -1.698 -6.441 -9.412 -11.069 -12.259 -9.279 -10.002 -11.253 -12.149 -12.882 -10.113 -8.255 -10.433 -13.778 -14.456 -14.805 -11.35
3.212194 -7.665 -2.45 0.299 -0.103 -4.209 -7.16 -6.212 -0.82 -4.509 -7.412 -9.974 -11.684 -0.441 -5.527 -8.702 -10.489 -11.784 -8.999 -9.507 -10.727 -11.676 -12.487 -9.505 -7.494 -9.825 -13.453 -14.221 -14.643 -11.023
3.309345 -7.415 -2.199 1.369 1.308 -3.087 -6.24 -5.703 0.544 -3.434 -6.53 -9.309 -11.154 0.958 -4.509 -7.908 -9.84 -11.251 -8.716 -9.016 -10.155 -11.152 -12.052 -8.829 -6.647 -9.146 -13.085 -13.954 -14.458 -10.685
3.409434 -7.139 -1.923 2.549 2.882 -1.834 -5.211 -5.219 2.066 -2.237 -5.544 -8.568 -10.56 2.519 -3.372 -7.019 -9.111 -10.651 -8.421 -8.542 -9.545 -10.574 -11.577 -8.073 -5.701 -8.387 -12.668 -13.65 -14.245 -10.336
3.51255 -6.832 -1.616 3.855 4.645 -0.431 -4.054 -4.763 3.771 -0.9 -4.44 -7.737 -9.893 4.268 -2.098 -6.02 -8.289 -9.974 -8.104 -8.089 -8.905 -9.943 -11.063 -7.226 -4.641 -7.536 -12.195 -13.304 -14.002 -9.972
3.618785 -6.49 -1.275 5.305 6.625 1.145 -2.752 -4.325 5.685 0.596 -3.201 -6.806 -9.143 6.232 -0.667 -4.893 -7.363 -9.209 -7.759 -7.653 -8.254 -9.263 -10.512 -6.274 -3.451 -6.58 -11.657 -12.908 -13.723 -9.589
3.728232 -6.11 -0.894 6.922 8.857 2.922 -1.28 -3.889 7.843 2.277 -1.807 -5.759 -8.297 8.446 0.948 -3.621 -6.313 -8.343 -7.376 -7.217 -7.613 -8.544 -9.929 -5.202 -2.11 -5.502 -11.044 -12.456 -13.402 -9.179
3.84099 -5.683 -0.467 8.732 11.381 4.932 0.389 -3.434 10.283 4.171 -0.234 -4.578 -7.341 10.95 2.774 -2.178 -5.122 -7.359 -6.949 -6.762 -6.995 -7.806 -9.321 -3.988 -0.593 -4.283 -10.343 -11.937 -13.032 -8.734
3.957158 -5.202 0.013 10.771 14.248 7.215 2.287 -2.942 13.054 6.313 1.546 -3.243 -6.257 13.792 4.849 -0.536 -3.764 -6.238 -6.468 -6.27 -6.394 -7.07 -8.693 -2.61 1.129 -2.9 -9.539 -11.341 -12.604 -8.242
4.07684 -4.66 0.556 13.077 17.518 9.817 4.455 -2.394 16.212 8.745 3.567 -1.727 -5.025 17.032 7.215 1.34 -2.211 -4.957 -5.925 -5.723 -5.786 -6.347 -8.041 -1.039 3.093 -1.323 -8.615 -10.653 -12.109 -7.694
4.200141 -4.043 1.172 15.701 21.264 12.796 6.941 -1.776 19.828 11.518 5.869 -0.003 -3.621 20.74 9.924 3.49 -0.429 -3.489 -5.309 -5.105 -5.141 -5.623 -7.354 0.76 5.342 0.481 -7.548 -9.858 -11.533 -7.075
4.327172 -3.34 1.876 18.706 25.575 16.224 9.804 -1.072 23.985 14.695 8.5 1.968 -2.015 25.004 13.04 5.966 1.624 -1.799 -4.605 -4.401 -4.427 -4.867 -6.611 2.829 7.93 2.555 -6.311 -8.934 -10.862 -6.37
4.458044 -2.533 2.683 22.167 30.561 20.186 13.115 -0.264 28.788 18.353 11.52 4.229 -0.173 29.929 16.642 8.831 4.001 0.151 -3.798 -3.594 -3.616 -4.038 -5.785 5.221 10.922 4.952 -4.873 -7.859 -10.077 -5.562
4.592874 -1.601 3.615 26.181 36.359 24.789 16.965 0.667 34.364 22.586 15.0 6.833 1.95 35.648 20.826 12.163 6.766 2.411 -2.867 -2.662 -2.684 -3.099 -4.845 8.001 14.4 7.735 -3.192 -6.601 -9.154 -4.631
4.731783 -1.072 4.144 27.379 37.945 26.116 18.128 1.197 35.902 23.831 16.079 7.723 2.736 37.216 22.061 13.213 7.694 3.228 -2.337 -2.133 -2.154 -2.569 -4.315 8.932 15.483 8.666 -2.498 -5.999 -8.625 -4.101
4.874892 -0.64 4.576 27.811 38.377 26.548 18.56 1.628 36.333 24.262 16.511 8.154 3.168 37.647 22.493 13.645 8.125 3.66 -1.906 -1.701 -1.722 -2.138 -3.884 9.363 15.915 9.098 -2.067 -5.567 -8.193 -3.669
5.02233 -0.182 5.034 28.269 38.835 27.006 19.018 2.087 36.792 24.721 16.969 8.613 3.626 38.106 22.951 14.103 8.584 4.118 -1.447 -1.243 -1.264 -1.679 -3.425 9.822 16.373 9.556 -1.608 -5.109 -7.735 -3.211
5.174227 0.305 5.52 28.755 39.321 27.493 19.504 2.573 37.278 25.207 17.456 9.099 4.112 38.592 23.438 14.59 9.07 4.604 -0.961 -0.756 -0.778 -1.193 -2.939 10.308 16.859 10.043 -1.122 -4.623 -7.249 -2.725
5.330718 0.821 6.036 29.271 39.837 28.009 20.021 3.089 37.794 25.723 17.972 9.615 4.628 39.108 23.954 15.106 9.586 5.121 -0.445 -0.24 -0.262 -0.677 -2.423 10.824 17.376 10.559 -0.606 -4.106 -6.732 -2.209
5.491942 1.369 6.584 29.819 40.385 28.557 20.568 3.637 38.342 26.271 18.52 10.163 5.176 39.656 24.502 15.654 10.134 5.669 0.103 0.308 0.286 -0.129 -1.875 11.372 17.924 11.107 -0.058 -3.559 -6.184 -1.661
5.658042 1.95 7.166 30.401 40.967 29.138 21.15 4.219 38.924 26.853 19.101 10.745 5.758 40.238 25.083 16.236 10.716 6.25 0.685 0.89 0.868 0.453 -1.293 11.954 18.505 11.689 0.524 -2.977 -5.603 -1.079
5.829166 2.568 7.783 31.018 41.584 29.756 21.767 4.836 39.541 27.47 19.719 11.362 6.375 40.855 25.701 16.853 11.333 6.867 1.302 1.507 1.485 1.07 -0.676 12.571 19.123 12.306 1.141 -2.36 -4.985 -0.462
6.005465 3.223 8.439 31.673 42.239 30.411 22.423 5.491 40.196 28.125 20.374 12.017 7.03 41.51 26.356 17.508 11.988 7.523 1.957 2.162 2.141 1.725 -0.021 13.226 19.778 12.961 1.796 -1.704 -4.33 0.193
6.187096 3.918 9.134 32.369 42.935 31.106 23.118 6.187 40.892 28.821 21.069 12.713 7.726 42.206 27.051 18.204 12.684 8.218 2.653 2.857 2.836 2.421 0.675 13.922 20.473 13.656 2.492 -1.009 -3.635 0.889
6.37422 4.656 9.872 33.107 43.673 31.844 23.856 6.925 41.63 29.559 21.807 13.451 8.464 42.944 27.789 18.942 13.422 8.956 3.391 3.596 3.574 3.159 1.413 14.66 21.211 14.395 3.23 -0.271 -2.897 1.627
6.567004 5.44 10.656 33.89 44.457 32.628 24.64 7.708 42.413 30.342 22.591 14.234 9.247 43.727 28.573 19.725 14.205 9.74 4.174 4.379 4.358 3.942 2.196 15.443 21.995 15.178 4.013 0.513 -2.113 2.41
6.765619 6.271 11.487 34.722 45.288 33.459 25.471 8.54 43.245 31.174 23.422 15.066 10.079 44.559 29.404 20.557 15.037 10.571 5.006 5.211 5.189 4.774 3.028 16.275 22.826 16.01 4.845 1.344 -1.282 3.242
6.97024 7.154 12.37 35.605 46.171 34.342 26.354 9.423 44.128 32.056 24.305 15.949 10.962 45.442 30.287 21.439 15.92 11.454 5.889 6.093 6.072 5.656 3.911 17.158 23.709 16.892 5.727 2.227 -0.399 4.125
7.181051 8.091 13.307 36.541 47.108 35.279 27.291 10.359 45.064 32.993 25.242 16.885 11.898 46.378 31.224 22.376 16.856 12.391 6.825 7.03 7.009 6.593 4.847 18.094 24.646 17.829 6.664 3.164 0.538 5.062
7.398237 9.085 14.301 37.536 48.102 36.273 28.285 11.354 46.059 33.988 26.236 17.88 12.893 47.373 32.218 23.371 17.851 13.385 7.82 8.024 8.003 7.588 5.842 19.089 25.64 18.823 7.659 4.158 1.532 6.056
7.621991 10.141 15.356 38.591 49.157 37.329 29.34 12.409 47.114 35.043 27.292 18.935 13.948 48.428 33.274 24.426 18.906 14.441 8.875 9.08 9.058 8.643 6.897 20.144 26.696 19.879 8.714 5.213 2.588 7.111
7.852513 11.261 16.477 39.711 50.278 38.449 30.461 13.529 48.234 36.163 28.412 20.055 15.068 49.548 34.394 25.546 20.026 15.561 9.995 10.2 10.179 9.763 8.017 21.264 27.816 20.999 9.834 6.334 3.708 8.231
8.090007 12.45 17.666 40.9 51.467 39.638 31.65 14.718 49.423 37.352 29.601 21.244 16.257 50.737 35.583 26.735 21.215 16.75 11.184 11.389 11.368 10.952 9.206 22.453 29.005 22.188 11.023 7.523 4.897 9.42
8.334684 13.712 18.928 42.162 52.729 40.9 32.912 15.98 50.685 38.614 30.863 22.506 17.519 51.999 36.845 27.997 22.477 18.012 12.446 12.651 12.63 12.214 10.468 23.715 30.267 23.45 12.285 8.785 6.159 10.683
8.586761 15.051 20.267 43.502 54.068 42.239 34.251 17.32 52.025 39.954 32.202 23.846 18.859 53.339 38.184 29.337 23.817 19.351 13.786 13.991 13.969 13.554 11.808 25.055 31.606 24.79 13.625 10.124 7.498 12.022
8.846461 16.473 21.689 44.924 55.49 43.661 35.673 18.742 53.447 41.376 33.624 25.268 20.281 54.761 39.606 30.758 25.239 20.773 15.208 15.412 15.391 14.976 13.23 26.477 33.028 26.211 15.047 11.546 8.92 13.444
9.114017 17.982 23.198 46.433 56.999 45.17 37.182 20.251 54.956 42.885 35.133 26.777 21.79 56.27 41.115 32.267 26.748 22.282 16.717 16.921 16.9 16.485 14.739 27.986 34.537 27.72 16.556 13.055 10.429 14.953
9.389664 19.584 24.8 48.035 58.601 46.772 38.784 21.852 56.557 44.486 36.735 28.378 23.391 57.871 42.717 33.869 28.349 23.884 18.318 18.523 18.502 18.086 16.34 29.587 36.139 29.322 18.157 14.657 12.031 16.555
9.673648 21.284 26.5 49.735 60.301 48.472 40.484 23.552 58.258 46.186 38.435 30.078 25.092 59.572 44.417 35.569 30.049 25.584 20.018 20.223 20.202 19.786 18.041 31.287 37.839 31.022 19.857 16.357 13.731 18.255
9.966221 23.089 28.304 51.539 62.105 50.277 42.288 25.357 60.062 47.991 40.239 31.883 26.896 61.376 46.222 37.374 31.854 27.388 21.823 22.028 22.006 21.591 19.845 33.092 39.643 32.827 21.662 18.161 15.535 20.059
10.267642 25.004 30.219 53.454 64.02 52.192 44.203 27.272 61.977 49.906 42.155 33.798 28.811 63.291 48.137 39.289 33.769 29.304 23.738 23.943 23.921 23.506 21.76 35.007 41.559 34.742 23.577 20.076 17.451 21.974
10.57818 27.037 32.252 55.487 66.053 54.225 46.236 29.305 64.01 51.939 44.188 35.831 30.844 65.324 50.17 41.322 35.802 31.336 25.771 25.976 25.954 25.539 23.793 37.04 43.592 36.775 25.61 22.109 19.483 24.007
10.89811 29.194 34.41 57.645 68.211 56.382 48.394 31.463 66.168 54.097 46.345 37.989 33.002 67.482 52.327 43.48 37.96 33.494 27.929 28.133 28.112 27.697 25.951 39.198 45.749 38.932 27.768 24.267 21.641 26.165
11.227716 31.484 36.7 59.935 70.501 58.672 50.684 33.753 68.458 56.387 48.635 40.279 35.292 69.772 54.617 45.77 40.25 35.784 30.219 30.424 30.402 29.987 28.241 41.488 48.039 41.223 30.058 26.557 23.931 28.455
11.56729 33.915 39.131 62.366 72.932 61.103 53.115 36.184 70.889 58.818 51.066 42.71 37.723 72.203 57.048 48.2 42.681 38.215 32.65 32.854 32.833 32.418 30.672 43.919 50.47 43.653 32.489 28.988 26.362 30.886
11.917135 36.495 41.711 64.946 75.512 63.683 55.695 38.764 73.469 61.398 53.646 45.29 40.303 74.783 59.628 50.781 45.261 40.795 35.23 35.434 35.413 34.998 33.252 46.499 53.05 46.233 35.069 31.568 28.942 33.466
12.277561 39.234 44.449 67.684 78.25 66.422 58.434 41.502 76.207 64.136 56.385 48.028 43.041 77.521 62.367 53.519 47.999 43.534 37.968 38.173 38.151 37.736 35.99 49.237 55.789 48.972 37.807 34.307 31.681 36.204
12.648887 42.14 47.356 70.591 81.157 69.328 61.34 44.409 79.114 67.043 59.291 50.935 45.948 80.428 65.273 56.426 50.906 46.44 40.875 41.08 41.058 40.643 38.897 52.144 58.695 51.879 40.714 37.213 34.587 39.111
13.031444 45.226 50.441 73.676 84.242 72.414 64.425 47.494 82.199 70.128 62.376 54.02 49.033 83.513 68.359 59.511 53.991 49.525 43.96 44.165 44.143 43.728 41.982 55.229 61.78 54.964 43.799 40.298 37.672 42.196
13.425571 48.5 53.716 76.951 87.517 75.688 67.7 50.768 85.474 73.402 65.651 57.294 52.308 86.788 71.633 62.785 57.266 52.8 47.234 47.439 47.418 47.002 45.257 58.503 65.055 58.238 47.073 43.573 40.947 45.471
13.831619 51.976 57.191 80.426 90.992 79.164 71.175 54.244 88.949 76.878 69.127 60.77 55.783 90.263 75.109 66.261 60.741 56.276 50.71 50.915 50.893 50.478 48.732 61.979 68.531 61.714 50.549 47.048 44.423 48.946
14.249947 55.665 60.88 84.115 94.681 82.853 74.864 57.933 92.638 80.567 72.816 64.459 59.472 93.952 78.798 69.95 64.43 59.965 54.399 54.604 54.582 54.167 52.421 65.668 72.22 65.403 54.238 50.737 48.112 52.635
14.680926 59.58 64.796 88.031 98.597 86.768 78.78 61.849 96.554 84.483 76.731 68.375 63.388 97.868 82.713 73.865 68.346 63.88 58.315 58.519 58.498 58.083 56.337 69.584 76.135 69.318 58.154 54.653 52.027 56.551
15.124941 63.736 68.952 92.187 102.753 90.924 82.936 66.005 100.71 88.639 80.887 72.531 67.544 102.024 86.869 78.021 72.502 68.036 62.471 62.675 62.654 62.239 60.493 73.74 80.291 73.474 62.31 58.809 56.183 60.707
15.582385 68.147 73.363 96.598 107.164 95.335 87.347 70.416 105.121 93.05 85.298 76.942 71.955 106.435 91.28 82.433 76.913 72.447 66.882 67.087 67.065 66.65 64.904 78.151 84.702 77.886 66.721 63.22 60.594 65.118
16.053663 72.829 78.045 101.28 111.846 100.017 92.029 75.098 109.803 97.732 89.98 81.624 76.637 111.117 95.962 87.115 81.595 77.129 71.564 71.769 71.747 71.332 69.586 82.833 89.384 82.568 71.403 67.902 65.276 69.8
16.539195 77.799 83.015 106.249 116.816 104.987 96.999 80.067 114.772 102.701 94.95 86.593 81.606 116.086 100.932 92.084 86.564 82.099 76.533 76.738 76.717 76.301 74.555 87.802 94.354 87.537 76.372 72.872 70.246 74.769
17.039412 83.074 88.289 111.524 122.09 110.262 102.273 85.342 120.047 107.976 100.225 91.868 86.881 121.361 106.207 97.359 91.839 87.373 81.808 82.013 81.991 81.576 79.83 93.077 99.629 92.812 81.647 78.146 75.52 80.044
17.554757 88.672 93.888 117.123 127.689 115.86 107.872 90.941 125.646 113.574 105.823 97.467 92.48 126.96 111.805 102.957 97.438 92.972 87.407 87.611 87.59 87.174 85.429 98.676 105.227 98.41 87.245 83.745 81.119 85.643
18.085689 94.614 99.83 123.065 133.631 121.802 113.814 96.883 131.588 119.517 111.765 103.409 98.422 132.902 117.747 108.9 103.38 98.914 93.349 93.554 93.532 93.117 91.371 104.618 111.169 104.353 93.188 89.687 87.061 91.585
18.632678 100.922 106.137 129.372 139.938 128.11 120.121 103.19 137.895 125.824 118.073 109.716 104.729 139.209 124.055 115.207 109.687 105.221 99.656 99.861 99.839 99.424 97.678 110.925 117.477 110.66 99.495 95.994 93.369 97.892
19.196211 107.616 112.832 136.067 146.633 134.804 126.816 109.885 144.59 132.518 124.767 116.411 111.424 145.904 130.749 121.901 116.382 111.916 106.351 106.555 106.534 106.118 104.373 117.62 124.171 117.354 106.189 102.689 100.063 104.587
19.776787 114.722 119.937 143.172 153.738 141.91 133.921 116.99 151.695 139.624 131.873 123.516 118.529 153.009 137.855 129.007 123.487 119.021 113.456 113.661 113.639 113.224 111.478 124.725 131.277 124.46 113.295 109.794 107.169 111.692
20.374923 122.263 127.479 150.714 161.28 149.451 141.463 124.532 159.237 147.166 139.414 131.058 126.071 160.551 145.396 136.549 131.029 126.563 120.998 121.203 121.181 120.766 119.02 132.267 138.818 132.002 120.837 117.336 114.71 119.234
20.991149 130.268 135.484 158.719 169.285 157.456 149.468 132.537 167.242 155.171 147.419 139.063 134.076 168.556 153.401 144.554 139.034 134.568 129.003 129.208 129.186 128.771 127.025 140.272 146.823 140.007 128.842 125.341 122.715 127.239
21.626011 138.765 143.981 167.215 177.781 165.953 157.965 141.033 175.738 163.667 155.916 147.559 142.572 177.052 161.898 153.05 147.53 143.065 137.499 137.704 137.683 137.267 135.521 148.768 155.32 148.503 137.338 133.838 131.212 135.735
22.280075 147.783 152.999 176.234 186.8 174.971 166.983 150.051 184.757 172.685 164.934 156.577 151.591 186.071 170.916 162.068 156.548 152.083 146.517 146.722 146.701 146.285 144.54 157.786 164.338 157.521 146.356 142.856 140.23 144.754
22.953921 157.355 162.571 185.805 196.372 184.543 176.555 159.623 194.328 182.257 174.506 166.149 161.162 195.642 180.488 171.64 166.12 161.655 156.089 156.294 156.273 155.857 154.111 167.358 173.91 167.093 155.928 152.428 149.802 154.326
23.648147 167.515 172.73 195.965 206.531 194.703 186.714 169.783 204.488 192.417 184.666 176.309 171.322 205.802 190.648 181.8 176.28 171.814 166.249 166.454 166.432 166.017 164.271 177.518 184.07 177.253 166.088 162.587 159.962 164.485
24.363369 178.298 183.514 206.749 217.315 205.486 197.498 180.567 215.272 203.2 195.449 187.093 182.106 216.586 201.431 192.583 187.064 182.598 177.033 177.237 177.216 176.8 175.055 188.302 194.853 188.036 176.871 173.371 170.745 175.269
25.100222 189.744 194.959 218.194 228.76 216.932 208.944 192.012 226.717 214.646 206.895 198.538 193.551 228.031 212.877 204.029 198.509 194.044 188.478 188.683 188.661 188.246 186.5 199.747 206.299 199.482 188.317 184.816 182.191 186.714
25.859362 201.892 207.108 230.343 240.909 229.08 221.092 204.161 238.866 226.795 219.043 210.687 205.7 240.18 225.025 216.177 210.658 206.192 200.627 200.831 200.81 200.395 198.649 211.896 218.447 211.63 200.466 196.965 194.339 198.863
26.64146 214.787 220.002 243.237 253.803 241.975 233.986 217.055 251.76 239.689 231.938 223.581 218.594 253.074 237.92 229.072 223.552 219.086 213.521 213.726 213.704 213.289 211.543 224.79 231.342 224.525 213.36 209.859 207.234 211.757
27.447213 228.473 233.688 256.923 267.489 255.661 247.673 230.741 265.446 253.375 245.624 237.267 232.28 266.76 251.606 242.758 237.238 232.773 227.207 227.412 227.39 226.975 225.229 238.476 245.028 238.211 227.046 223.546 220.92 225.443
28.277335 242.999 248.215 271.45 282.016 270.187 262.199 245.268 279.973 267.902 260.15 251.794 246.807 281.287 266.132 257.285 251.765 247.299 241.734 241.939 241.917 241.502 239.756 253.003 259.554 252.737 241.573 238.072 235.446 239.97
29.132564 258.418 263.634 286.868 297.434 285.606 277.618 260.686 295.391 283.32 275.569 267.212 262.225 296.705 281.551 272.703 267.183 262.718 257.152 257.357 257.336 256.92 255.174 268.421 274.973 268.156 256.991 253.491 250.865 255.388
30.013659 274.783 279.999 303.234 313.8 301.971 293.983 277.052 311.757 299.685 291.934 283.578 278.591 313.071 297.916 289.068 283.549 279.083 273.518 273.722 273.701 273.285 271.54 284.787 291.338 284.521 273.356 269.856 267.23 271.754
30.921401 292.153 297.369 320.604 331.17 319.341 311.353 294.422 329.127 317.056 309.304 300.948 295.961 330.441 315.286 306.439 300.919 296.453 290.888 291.092 291.071 290.656 288.91 302.157 308.708 301.891 290.727 287.226 284.6 289.124
31.856598 310.59 315.806 339.041 349.607 337.778 329.79 312.858 347.563 335.492 327.741 319.384 314.398 348.878 333.723 324.875 319.355 314.89 309.324 309.529 309.508 309.092 307.346 320.593 327.145 320.328 309.163 305.663 303.037 307.561
32.820079 330.159 335.374 358.609 369.175 357.347 349.359 332.427 367.132 355.061 347.31 338.953 333.966 368.446 353.292 344.444 338.924 334.459 328.893 329.098 329.076 328.661 326.915 340.162 346.714 339.897 328.732 325.232 322.606 327.129
33.8127 350.929 356.145 379.38 389.946 378.117 370.129 353.198 387.903 375.832 368.08 359.724 354.737 389.217 374.062 365.214 359.695 355.229 349.664 349.868 349.847 349.432 347.686 360.933 367.484 360.667 349.503 346.002 343.376 347.9
34.835342 372.975 378.191 401.426 411.992 400.163 392.175 375.243 409.948 397.877 390.126 381.769 376.783 411.263 396.108 387.26 381.74 377.275 371.709 371.914 371.893 371.477 369.731 382.978 389.53 382.713 371.548 368.048 365.422 369.946
35.888913 396.374 401.59 424.825 435.391 423.562 415.574 398.643 433.348 421.277 413.525 405.169 400.182 434.662 419.507 410.66 405.14 400.674 395.109 395.314 395.292 394.877 393.131 406.378 412.929 406.113 394.948 391.447 388.821 393.345
36.974349 421.211 426.426 449.661 460.227 448.399 440.41 423.479 458.184 446.113 438.362 430.005 425.018 459.498 444.344 435.496 429.976 425.511 419.945 420.15 420.128 419.713 417.967 431.214 437.766 430.949 419.784 416.283 413.658 418.181
38.092613 447.572 452.788 476.023 486.589 474.76 466.772 449.84 484.546 472.474 464.723 456.366 451.38 485.86 470.705 461.857 456.337 451.872 446.306 446.511 446.49 446.074 444.329 457.575 464.127 457.31 446.145 442.645 440.019 444.543
39.244698 475.552 480.768 504.003 514.569 502.74 494.752 477.82 512.525 500.454 492.703 484.346 479.36 513.84 498.685 489.837 484.317 479.852 474.286 474.491 474.47 474.054 472.308 485.555 492.107 485.29 474.125 470.625 467.999 472.523
40.431627 505.25 510.466 533.701 544.267 532.438 524.45 507.518 542.224 530.152 522.401 514.044 509.058 543.538 528.383 519.535 514.015 509.55 503.984 504.189 504.168 503.752 502.007 515.253 521.805 514.988 503.823 500.323 497.697 502.221
41.654454 536.772 541.987 565.222 575.788 563.96 555.971 539.04 573.745 561.674 553.923 545.566 540.579 575.059 559.905 551.057 545.537 541.071 535.506 535.711 535.689 535.274 533.528 546.775 553.327 546.51 535.345 531.844 529.219 533.742
42.914265 570.229 575.444 598.679 609.245 597.417 589.428 572.497 607.202 595.131 587.38 579.023 574.036 608.516 593.362 584.514 578.994 574.529 568.963 569.168 569.146 568.731 566.985 580.232 586.784 579.967 568.802 565.301 562.676 567.199
44.212178 605.74 610.956 634.191 644.757 632.928 624.94 608.009 642.714 630.643 622.891 614.535 609.548 644.028 628.873 620.025 614.506 610.04 604.475 604.679 604.658 604.243 602.497 615.744 622.295 615.478 604.314 600.813 598.187 602.711
45.549345 643.432 648.648 671.883 682.449 670.62 662.632 645.701 680.406 668.335 660.583 652.227 647.24 681.72 666.565 657.718 652.198 647.732 642.167 642.371 642.35 641.935 640.189 653.436 659.987 653.17 642.006 638.505 635.879 640.403
46.926954 683.439 688.654 711.889 722.455 710.627 702.638 685.707 720.412 708.341 700.59 692.233 687.246 721.726 706.572 697.724 692.204 687.739 682.173 682.378 682.356 681.941 680.195 693.442 699.994 693.177 682.012 678.511 675.886 680.409
48.346227 725.902 731.117 754.352 764.918 753.09 745.101 728.17 762.875 750.804 743.053 734.696 729.709 764.189 749.035 740.187 734.667 730.202 724.636 724.841 724.819 724.404 722.658 735.905 742.457 735.64 724.475 720.974 718.349 722.872
49.808426 770.972 776.188 nan nan nan 793.6 773.24 nan nan 788.252 779.766 774.78 nan nan 785.265 779.737 775.272 769.706 769.911 769.89 769.474 767.729 780.976 787.57 780.71 769.545 766.045 763.419 767.943
51.314848 770.972 776.188 nan nan nan 793.6 773.24 nan nan 788.252 779.766 774.78 nan nan 785.265 779.737 775.272 769.706 769.911 769.89 769.474 767.729 780.976 787.57 780.71 769.545 766.045 763.419 767.943
52.86683 770.972 776.188 nan nan nan 793.6 773.24 nan nan 788.252 779.766 774.78 nan nan 785.265 779.737 775.272 769.706 769.911 769.89 769.474 767.729 780.976 787.57 780.71 769.545 766.045 763.419 767.943
54.465752 770.972 776.188 nan nan nan 793.6 773.24 nan nan 788.252 779.766 774.78 nan nan 785.265 779.737 775.272 769.706 769.911 769.89 769.474 767.729 780.976 787.57 780.71 769.545 766.045 763.419 767.943
56.113031 770.972 776.188 nan nan nan 793.6 773.24 nan nan 788.252 779.766 774.78 nan nan 785.265 779.737 775.272 769.706 769.911 769.89 769.474 767.729 780.976 787.57 780.71 769.545 766.045 763.419 767.943
57.810132 770.972 776.188 nan nan nan 793.6 773.24 nan nan 788.252 779.766 774.78 nan nan 785.265 779.737 775.272 769.706 769.911 769.89 769.474 767.729 780.976 787.57 780.71 769.545 766.045 763.419 767.943
59.55856 770.972 776.188 nan nan nan 793.6 773.24 nan nan 788.252 779.766 774.78 nan nan 785.265 779.737 775.272 769.706 769.911 769.89 769.474 767.729 780.976 787.57 780.71 769.545 766.045 763.419 767.943
61.359868 770.972 776.188 nan nan nan 793.6 773.24 nan nan 788.252 779.766 774.78 nan nan 785.265 779.737 775.272 769.706 769.911 769.89 769.474 767.729 780.976 787.57 780.71 769.545 766.045 763.419 767.943
63.215655 770.972 776.188 nan nan nan 793.6 773.24 nan nan 788.252 779.766 774.78 nan nan 785.265 779.737 775.272 769.706 769.911 769.89 769.474 767.729 780.976 787.57 780.71 769.545 766.045 763.419 767.943
65.127569 770.972 776.188 nan nan nan 793.6 773.24 nan nan 788.252 779.766 774.78 nan nan 785.265 779.737 775.272 769.706 769.911 769.89 769.474 767.729 780.976 787.57 780.71 769.545 766.045 763.419 767.943
67.097308 770.972 776.188 nan nan nan 793.6 773.24 nan nan 788.252 779.766 774.78 nan nan 785.265 779.737 775.272 769.706 769.911 769.89 769.474 767.729 780.976 787.57 780.71 769.545 766.045 763.419 767.943
69.126621 770.972 776.188 nan nan nan 793.6 773.24 nan nan 788.252 779.766 774.78 nan nan 785.265 779.737 775.272 769.706 769.911 769.89 769.474 767.729 780.976 787.57 780.71 769.545 766.045 763.419 767.943
71.217308 770.972 776.188 nan nan nan 793.6 773.24 nan nan 788.252 779.766 774.78 nan nan 785.265 779.737 775.272 769.706 769.911 769.89 769.474 767.729 780.976 787.57 780.71 769.545 766.045 763.419 767.943
73.371227 770.972 776.188 nan nan nan 793.6 773.24 nan nan 788.252 779.766 774.78 nan nan 785.265 779.737 775.272 769.706 769.911 769.89 769.474 767.729 780.976 787.57 780.71 769.545 766.045 763.419 767.943
75.59029 770.972 776.188 nan nan nan 793.6 773.24 nan nan 788.252 779.766 774.78 nan nan 785.265 779.737 775.272 769.706 769.911 769.89 769.474 767.729 780.976 787.57 780.71 769.545 766.045 763.419 767.943
77.876467 770.972 776.188 nan nan nan 793.6 773.24 nan nan 788.252 779.766 774.78 nan nan 785.265 779.737 775.272 769.706 769.911 769.89 769.474 767.729 780.976 787.57 780.71 769.545 766.045 763.419 767.943
80.231787 770.972 776.188 nan nan nan 793.6 773.24 nan nan 788.252 779.766 774.78 nan nan 785.265 779.737 775.272 769.706 769.911 769.89 769.474 767.729 780.976 787.57 780.71 769.545 766.045 763.419 767.943
82.658343 770.972 776.188 nan nan nan 793.6 773.24 nan nan 788.252 779.766 774.78 nan nan 785.265 779.737 775.272 769.706 769.911 769.89 769.474 767.729 780.976 787.57 780.71 769.545 766.045 763.419 767.943
85.158288 770.972 776.188 nan nan nan 793.6 773.24 nan nan 788.252 779.766 774.78 nan nan 785.265 779.737 775.272 769.706 769.911 769.89 769.474 767.729 780.976 787.57 780.71 769.545 766.045 763.419 767.943
87.733843 770.972 776.188 nan nan nan 793.6 773.24 nan nan 788.252 779.766 774.78 nan nan 785.265 779.737 775.272 769.706 769.911 769.89 769.474 767.729 780.976 787.57 780.71 769.545 766.045 763.419 767.943
90.387293 770.972 776.188 nan nan nan 793.6 773.24 nan nan 788.252 779.766 774.78 nan nan 785.265 779.737 775.272 769.706 769.911 769.89 769.474 767.729 780.976 787.57 780.71 769.545 766.045 763.419 767.943
93.120995 770.972 776.188 nan nan nan 793.6 773.24 nan nan 788.252 779.766 774.78 nan nan 785.265 779.737 775.272 769.706 769.911 769.89 769.474 767.729 780.976 787.57 780.71 769.545 766.045 763.419 767.943
95.937376 770.972 776.188 nan nan nan 793.6 773.24 nan nan 788.252 779.766 774.78 nan nan 785.265 779.737 775.272 769.706 769.911 769.89 769.474 767.729 780.976 787.57 780.71 769.545 766.045 763.419 767.943
98.838937 770.972 776.188 nan nan nan 793.6 773.24 nan nan 788.252 779.766 774.78 nan nan 785.265 779.737 775.272 769.706 769.911 769.89 769.474 767.729 780.976 787.57 780.71 769.545 766.045 763.419 767.943
101.828253 770.972 776.188 nan nan nan 793.6 773.24 nan nan 788.252 779.766 774.78 nan nan 785.265 779.737 775.272 769.706 769.911 769.89 769.474 767.729 780.976 787.57 780.71 769.545 766.045 763.419 767.943
104.907979 770.972 776.188 nan nan nan 793.6 773.24 nan nan 788.252 779.766 774.78 nan nan 785.265 779.737 775.272 769.706 769.911 769.89 769.474 767.729 780.976 787.57 780.71 769.545 766.045 763.419 767.943
108.080849 770.972 776.188 nan nan nan 793.6 773.24 nan nan 788.252 779.766 774.78 nan nan 785.265 779.737 775.272 769.706 769.911 769.89 769.474 767.729 780.976 787.57 780.71 769.545 766.045 763.419 767.943
111.349681 770.972 776.188 nan nan nan 793.6 773.24 nan nan 788.252 779.766 774.78 nan nan 785.265 779.737 775.272 769.706 769.911 769.89 769.474 767.729 780.976 787.57 780.71 769.545 766.045 763.419 767.943
114.717376 770.972 776.188 nan nan nan 793.6 773.24 nan nan 788.252 779.766 774.78 nan nan 785.265 779.737 775.272 769.706 769.911 769.89 769.474 767.729 780.976 787.57 780.71 769.545 766.045 763.419 767.943
118.186925 770.972 776.188 nan nan nan 793.6 773.24 nan nan 788.252 779.766 774.78 nan nan 785.265 779.737 775.272 769.706 769.911 769.89 769.474 767.729 780.976 787.57 780.71 769.545 766.045 763.419 767.943
121.761408 770.972 776.188 nan nan nan 793.6 773.24 nan nan 788.252 779.766 774.78 nan nan 785.265 779.737 775.272 769.706 769.911 769.89 769.474 767.729 780.976 787.57 780.71 769.545 766.045 763.419 767.943
125.443999 770.972 776.188 nan nan nan 793.6 773.24 nan nan 788.252 779.766 774.78 nan nan 785.265 779.737 775.272 769.706 769.911 769.89 769.474 767.729 780.976 787.57 780.71 769.545 766.045 763.419 767.943
129.237967 770.972 776.188 nan nan nan 793.6 773.24 nan nan 788.252 779.766 774.78 nan nan 785.265 779.737 775.272 769.706 769.911 769.89 769.474 767.729 780.976 787.57 780.71 769.545 766.045 763.419 767.943
133.146681 770.972 776.188 nan nan nan 793.6 773.24 nan nan 788.252 779.766 774.78 nan nan 785.265 779.737 775.272 769.706 769.911 769.89 769.474 767.729 780.976 787.57 780.71 769.545 766.045 763.419 767.943
137.173612 770.972 776.188 nan nan nan 793.6 773.24 nan nan 788.252 779.766 774.78 nan nan 785.265 779.737 775.272 769.706 769.911 769.89 769.474 767.729 780.976 787.57 780.71 769.545 766.045 763.419 767.943
141.322334 770.972 776.188 nan nan nan 793.6 773.24 nan nan 788.252 779.766 774.78 nan nan 785.265 779.737 775.272 769.706 769.911 769.89 769.474 767.729 780.976 787.57 780.71 769.545 766.045 763.419 767.943
145.596532 770.972 776.188 nan nan nan 793.6 773.24 nan nan 788.252 779.766 774.78 nan nan 785.265 779.737 775.272 769.706 769.911 769.89 769.474 767.729 780.976 787.57 780.71 769.545 766.045 763.419 767.943
150.0 770.972 776.188 nan nan nan 793.6 773.24 nan nan 788.252 779.766 774.78 nan nan 785.265 779.737 775.272 769.706 769.911 769.89 769.474 767.729 780.976 787.57 780.71 769.545 766.045 763.419 767.943
