# %ECSV 1.0
# ---
# datatype:
# - {name: time, datatype: float64}
# - {name: swift_uvot_uvw2, datatype: float64}
# - {name: swift_uvot_uvm2, datatype: float64}
# - {name: swift_uvot_uvw1, datatype: float64}
# - {name: swift_uvot_U, datatype: float64}
# - {name: swift_uvot_B, datatype: float64}
# - {name: swift_uvot_V, datatype: float64}
# - {name: swift_uvot_W, datatype: float64}
# - {name: johnson_U, datatype: float64}
# - {name: johnson_B, datatype: float64}
# - {name: johnson_V, datatype: float64}
# - {name: johnson_R, datatype: float64}
# - {name: johnson_I, datatype: float64}
# - {name: sdss_u, datatype: float64}
# - {name: sdss_g, datatype: float64}
# - {name: sdss_r, datatype: float64}
# - {name: sdss_i, datatype: float64}
# - {name: sdss_z, datatype: float64}
# - {name: PS1_g, datatype: float64}
# - {name: PS1_r, datatype: float64}
# - {name: PS1_i, datatype: float64}
# - {name: PS1_z, datatype: float64}
# - {name: PS1_Y, datatype: float64}
# - {name: PS1_w, datatype: float64}
# - {name: ATLAS_c, datatype: float64}
# - {name: ATLAS_o, datatype: float64}
# - {name: ukirt_J, datatype: float64}
# - {name: ukirt_H, datatype: float64}
# - {name: ukirt_K, datatype: float64}
# - {name: Clear, datatype: float64}
# meta: !!omap
# - comment: [kappa = 3.0, type = villar, mass = 0.051209162050732976, velocity = 0.20233333333333337, theta_obs = 0.0, tfloor = 2500.0]
# schema: astropy-2.0
time swift_uvot_uvw2 swift_uvot_uvm2 swift_uvot_uvw1 swift_uvot_U swift_uvot_B swift_uvot_V swift_uvot_W johnson_U johnson_B johnson_V johnson_R johnson_I sdss_u sdss_g sdss_r sdss_i sdss_z PS1_g PS1_r PS1_i PS1_z PS1_Y PS1_w ATLAS_c ATLAS_o ukirt_J ukirt_H ukirt_K Clear
0.001 -18.498 -14.977 -11.513 -10.789 -10.295 -9.805 -11.379 -10.713 -10.291 -9.793 -9.328 -8.805 -10.725 -10.138 -9.53 -9.11 -8.727 -15.549 -15.342 -15.362 -15.774 -16.765 -9.629 -9.902 -9.361 -7.986 -7.401 -6.738 -9.74
0.00103 -18.47 -14.952 -11.53 -10.805 -10.311 -9.821 -11.395 -10.729 -10.308 -9.81 -9.344 -8.821 -10.741 -10.154 -9.547 -9.126 -8.744 -15.521 -15.315 -15.334 -15.746 -16.737 -9.646 -9.919 -9.378 -8.003 -7.418 -6.754 -9.757
0.001061 -18.443 -14.927 -11.547 -10.823 -10.329 -9.839 -11.413 -10.747 -10.325 -9.827 -9.362 -8.839 -10.759 -10.172 -9.565 -9.144 -8.761 -15.494 -15.288 -15.307 -15.719 -16.71 -9.664 -9.937 -9.395 -8.02 -7.436 -6.772 -9.774
0.001094 -18.417 -14.903 -11.566 -10.842 -10.348 -9.858 -11.431 -10.765 -10.344 -9.846 -9.381 -8.858 -10.777 -10.191 -9.583 -9.163 -8.78 -15.468 -15.261 -15.281 -15.692 -16.683 -9.682 -9.955 -9.414 -8.039 -7.455 -6.791 -9.793
0.001127 -18.391 -14.88 -11.585 -10.861 -10.367 -9.878 -11.451 -10.785 -10.364 -9.866 -9.401 -8.878 -10.797 -10.21 -9.603 -9.183 -8.8 -15.442 -15.235 -15.255 -15.666 -16.657 -9.702 -9.975 -9.434 -8.059 -7.474 -6.811 -9.813
0.001161 -18.365 -14.857 -11.606 -10.882 -10.388 -9.898 -11.471 -10.806 -10.384 -9.887 -9.422 -8.899 -10.818 -10.231 -9.624 -9.203 -8.821 -15.417 -15.21 -15.229 -15.641 -16.632 -9.723 -9.996 -9.455 -8.08 -7.495 -6.832 -9.834
0.001196 -18.34 -14.835 -11.628 -10.904 -10.41 -9.92 -11.493 -10.828 -10.406 -9.908 -9.443 -8.92 -10.84 -10.253 -9.646 -9.225 -8.843 -15.392 -15.185 -15.204 -15.616 -16.607 -9.745 -10.018 -9.477 -8.102 -7.517 -6.854 -9.855
0.001232 -18.316 -14.813 -11.65 -10.927 -10.433 -9.943 -11.516 -10.85 -10.429 -9.931 -9.466 -8.943 -10.862 -10.276 -9.669 -9.248 -8.866 -15.368 -15.161 -15.18 -15.591 -16.582 -9.768 -10.04 -9.499 -8.125 -7.54 -6.877 -9.878
0.001269 -18.292 -14.792 -11.674 -10.95 -10.456 -9.967 -11.539 -10.874 -10.453 -9.955 -9.49 -8.967 -10.886 -10.3 -9.692 -9.272 -8.889 -15.344 -15.137 -15.156 -15.567 -16.558 -9.791 -10.064 -9.523 -8.149 -7.564 -6.901 -9.902
0.001308 -18.268 -14.772 -11.698 -10.975 -10.481 -9.992 -11.564 -10.899 -10.477 -9.98 -9.515 -8.992 -10.911 -10.324 -9.717 -9.297 -8.914 -15.321 -15.114 -15.132 -15.544 -16.534 -9.816 -10.089 -9.548 -8.173 -7.589 -6.925 -9.927
0.001347 -18.245 -14.752 -11.724 -11.0 -10.507 -10.017 -11.589 -10.924 -10.503 -10.005 -9.54 -9.018 -10.936 -10.35 -9.743 -9.322 -8.94 -15.298 -15.091 -15.109 -15.521 -16.511 -9.842 -10.115 -9.574 -8.199 -7.615 -6.951 -9.952
0.001388 -18.223 -14.733 -11.75 -11.027 -10.533 -10.044 -11.616 -10.951 -10.53 -10.032 -9.567 -9.044 -10.963 -10.376 -9.769 -9.349 -8.967 -15.276 -15.068 -15.087 -15.498 -16.488 -9.868 -10.141 -9.6 -8.226 -7.641 -6.978 -9.979
0.00143 -18.201 -14.715 -11.777 -11.054 -10.561 -10.071 -11.643 -10.978 -10.557 -10.059 -9.594 -9.072 -10.99 -10.404 -9.797 -9.376 -8.994 -15.254 -15.047 -15.065 -15.476 -16.466 -9.896 -10.168 -9.628 -8.253 -7.669 -7.005 -10.006
0.001473 -18.179 -14.697 -11.805 -11.082 -10.589 -10.099 -11.671 -11.006 -10.585 -10.088 -9.623 -9.1 -11.018 -10.432 -9.825 -9.405 -9.022 -15.233 -15.025 -15.043 -15.454 -16.444 -9.924 -10.197 -9.656 -8.282 -7.697 -7.034 -10.034
0.001518 -18.158 -14.68 -11.834 -11.111 -10.618 -10.128 -11.699 -11.035 -10.614 -10.117 -9.652 -9.129 -11.047 -10.461 -9.854 -9.434 -9.051 -15.212 -15.004 -15.022 -15.433 -16.423 -9.953 -10.226 -9.685 -8.311 -7.726 -7.063 -10.063
0.001564 -18.137 -14.664 -11.863 -11.141 -10.647 -10.158 -11.729 -11.065 -10.644 -10.146 -9.681 -9.159 -11.077 -10.491 -9.884 -9.464 -9.081 -15.192 -14.984 -15.002 -15.412 -16.402 -9.983 -10.255 -9.715 -8.34 -7.756 -7.093 -10.093
0.001611 -18.117 -14.648 -11.894 -11.171 -10.678 -10.189 -11.759 -11.095 -10.674 -10.177 -9.712 -9.189 -11.107 -10.521 -9.914 -9.494 -9.112 -15.172 -14.964 -14.982 -15.392 -16.382 -10.013 -10.286 -9.745 -8.371 -7.787 -7.123 -10.124
0.00166 -18.097 -14.633 -11.924 -11.202 -10.709 -10.22 -11.79 -11.126 -10.705 -10.208 -9.743 -9.221 -11.138 -10.552 -9.945 -9.525 -9.143 -15.153 -14.944 -14.962 -15.372 -16.362 -10.044 -10.317 -9.776 -8.402 -7.818 -7.155 -10.155
0.00171 -18.078 -14.619 -11.956 -11.234 -10.741 -10.251 -11.821 -11.158 -10.737 -10.24 -9.775 -9.252 -11.17 -10.584 -9.977 -9.557 -9.175 -15.134 -14.925 -14.943 -15.353 -16.342 -10.076 -10.349 -9.808 -8.434 -7.85 -7.186 -10.186
0.001761 -18.059 -14.605 -11.988 -11.266 -10.773 -10.284 -11.853 -11.19 -10.769 -10.272 -9.807 -9.285 -11.202 -10.616 -10.01 -9.589 -9.207 -15.115 -14.906 -14.924 -15.334 -16.323 -10.108 -10.381 -9.84 -8.467 -7.882 -7.219 -10.219
0.001815 -18.04 -14.592 -12.021 -11.299 -10.806 -10.317 -11.886 -11.223 -10.802 -10.305 -9.84 -9.318 -11.235 -10.649 -10.042 -9.622 -9.24 -15.097 -14.888 -14.905 -15.315 -16.304 -10.141 -10.414 -9.873 -8.5 -7.915 -7.252 -10.252
0.00187 -18.022 -14.58 -12.054 -11.332 -10.839 -10.35 -11.919 -11.256 -10.835 -10.338 -9.874 -9.351 -11.268 -10.682 -10.076 -9.656 -9.274 -15.08 -14.87 -14.887 -15.296 -16.286 -10.175 -10.447 -9.907 -8.533 -7.949 -7.286 -10.285
0.001926 -18.004 -14.568 -12.087 -11.366 -10.873 -10.384 -11.953 -11.29 -10.869 -10.372 -9.908 -9.385 -11.302 -10.716 -10.11 -9.69 -9.308 -15.062 -14.852 -14.869 -15.278 -16.267 -10.209 -10.481 -9.941 -8.567 -7.983 -7.32 -10.319
0.001984 -17.986 -14.556 -12.122 -11.4 -10.907 -10.418 -11.987 -11.324 -10.903 -10.407 -9.942 -9.42 -11.336 -10.751 -10.144 -9.724 -9.342 -15.045 -14.835 -14.852 -15.261 -16.25 -10.243 -10.516 -9.975 -8.602 -8.018 -7.354 -10.353
0.002044 -17.969 -14.545 -12.156 -11.435 -10.942 -10.453 -12.021 -11.359 -10.938 -10.441 -9.977 -9.455 -11.371 -10.785 -10.179 -9.759 -9.377 -15.028 -14.818 -14.834 -15.243 -16.232 -10.278 -10.55 -10.01 -8.637 -8.052 -7.389 -10.388
0.002106 -17.952 -14.535 -12.191 -11.47 -10.977 -10.488 -12.056 -11.394 -10.973 -10.476 -10.012 -9.49 -11.406 -10.82 -10.214 -9.794 -9.412 -15.012 -14.801 -14.817 -15.226 -16.215 -10.313 -10.585 -10.045 -8.672 -8.088 -7.424 -10.423
0.00217 -17.935 -14.525 -12.226 -11.505 -11.012 -10.524 -12.091 -11.429 -11.009 -10.512 -10.048 -9.525 -11.441 -10.856 -10.25 -9.83 -9.448 -14.996 -14.785 -14.801 -15.209 -16.197 -10.348 -10.621 -10.081 -8.707 -8.123 -7.46 -10.459
0.002236 -17.918 -14.516 -12.261 -11.541 -11.048 -10.559 -12.127 -11.465 -11.044 -10.548 -10.083 -9.561 -11.477 -10.892 -10.285 -9.866 -9.484 -14.98 -14.769 -14.784 -15.192 -16.181 -10.384 -10.657 -10.116 -8.743 -8.159 -7.496 -10.494
0.002303 -17.902 -14.508 -12.297 -11.577 -11.084 -10.595 -12.162 -11.501 -11.08 -10.584 -10.119 -9.597 -11.512 -10.927 -10.322 -9.902 -9.52 -14.964 -14.753 -14.768 -15.176 -16.164 -10.42 -10.693 -10.153 -8.78 -8.195 -7.532 -10.53
0.002373 -17.885 -14.5 -12.333 -11.613 -11.12 -10.632 -12.198 -11.537 -11.116 -10.62 -10.156 -9.634 -11.549 -10.964 -10.358 -9.938 -9.556 -14.949 -14.737 -14.752 -15.159 -16.147 -10.456 -10.729 -10.189 -8.816 -8.232 -7.569 -10.567
0.002445 -17.869 -14.492 -12.369 -11.649 -11.157 -10.668 -12.234 -11.573 -11.153 -10.656 -10.192 -9.67 -11.585 -11.0 -10.394 -9.975 -9.593 -14.934 -14.722 -14.736 -15.143 -16.131 -10.493 -10.765 -10.225 -8.853 -8.269 -7.605 -10.603
0.002519 -17.854 -14.485 -12.405 -11.685 -11.193 -10.705 -12.271 -11.61 -11.189 -10.693 -10.229 -9.707 -11.621 -11.037 -10.431 -10.011 -9.629 -14.919 -14.706 -14.72 -15.127 -16.115 -10.529 -10.802 -10.262 -8.889 -8.305 -7.642 -10.64
0.002595 -17.838 -14.478 -12.442 -11.722 -11.23 -10.742 -12.307 -11.646 -11.226 -10.73 -10.266 -9.744 -11.658 -11.073 -10.468 -10.048 -9.666 -14.904 -14.691 -14.705 -15.111 -16.099 -10.566 -10.839 -10.299 -8.926 -8.342 -7.679 -10.676
0.002673 -17.822 -14.472 -12.478 -11.759 -11.267 -10.779 -12.344 -11.683 -11.263 -10.767 -10.303 -9.781 -11.695 -11.11 -10.505 -10.085 -9.703 -14.889 -14.676 -14.689 -15.096 -16.083 -10.603 -10.876 -10.336 -8.963 -8.38 -7.716 -10.713
0.002754 -17.807 -14.467 -12.515 -11.796 -11.304 -10.816 -12.38 -11.72 -11.3 -10.804 -10.34 -9.818 -11.732 -11.147 -10.542 -10.122 -9.74 -14.875 -14.661 -14.674 -15.08 -16.067 -10.64 -10.913 -10.373 -9.001 -8.417 -7.754 -10.75
0.002837 -17.791 -14.462 -12.552 -11.833 -11.341 -10.853 -12.417 -11.757 -11.337 -10.841 -10.377 -9.855 -11.769 -11.185 -10.579 -10.16 -9.778 -14.86 -14.646 -14.659 -15.064 -16.051 -10.678 -10.95 -10.41 -9.038 -8.454 -7.791 -10.788
0.002923 -17.776 -14.457 -12.589 -11.87 -11.378 -10.89 -12.454 -11.794 -11.374 -10.878 -10.414 -9.893 -11.806 -11.222 -10.616 -10.197 -9.815 -14.846 -14.632 -14.644 -15.049 -16.035 -10.715 -10.987 -10.448 -9.075 -8.492 -7.829 -10.825
0.003012 -17.761 -14.453 -12.626 -11.907 -11.415 -10.927 -12.491 -11.831 -11.412 -10.916 -10.452 -9.93 -11.843 -11.259 -10.654 -10.234 -9.853 -14.832 -14.617 -14.629 -15.034 -16.019 -10.752 -11.024 -10.485 -9.113 -8.529 -7.866 -10.862
0.003103 -17.746 -14.45 -12.663 -11.944 -11.453 -10.965 -12.528 -11.868 -11.449 -10.953 -10.489 -9.968 -11.88 -11.296 -10.691 -10.272 -9.89 -14.818 -14.603 -14.614 -15.018 -16.004 -10.789 -11.062 -10.522 -9.151 -8.567 -7.904 -10.9
0.003196 -17.731 -14.446 -12.7 -11.981 -11.49 -11.002 -12.565 -11.906 -11.486 -10.99 -10.527 -10.005 -11.917 -11.334 -10.729 -10.309 -9.928 -14.805 -14.589 -14.6 -15.003 -15.988 -10.827 -11.099 -10.56 -9.188 -8.604 -7.941 -10.937
0.003293 -17.716 -14.444 -12.737 -12.019 -11.527 -11.04 -12.602 -11.943 -11.524 -11.028 -10.564 -10.043 -11.955 -11.371 -10.766 -10.347 -9.965 -14.791 -14.575 -14.585 -14.988 -15.973 -10.864 -11.136 -10.597 -9.226 -8.642 -7.979 -10.974
0.003393 -17.701 -14.442 -12.774 -12.056 -11.565 -11.077 -12.639 -11.98 -11.561 -11.065 -10.602 -10.08 -11.992 -11.408 -10.804 -10.384 -10.003 -14.778 -14.561 -14.57 -14.973 -15.957 -10.902 -11.174 -10.635 -9.263 -8.68 -8.017 -11.012
0.003495 -17.686 -14.44 -12.811 -12.093 -11.602 -11.115 -12.676 -12.017 -11.598 -11.103 -10.639 -10.118 -12.029 -11.446 -10.841 -10.422 -10.04 -14.764 -14.547 -14.556 -14.958 -15.942 -10.939 -11.211 -10.672 -9.301 -8.718 -8.055 -11.049
0.003601 -17.671 -14.439 -12.848 -12.13 -11.639 -11.152 -12.713 -12.055 -11.636 -11.14 -10.677 -10.156 -12.067 -11.483 -10.879 -10.46 -10.078 -14.751 -14.533 -14.542 -14.943 -15.927 -10.977 -11.249 -10.71 -9.339 -8.755 -8.092 -11.087
0.00371 -17.657 -14.439 -12.885 -12.168 -11.677 -11.19 -12.75 -12.092 -11.673 -11.178 -10.715 -10.193 -12.104 -11.521 -10.916 -10.497 -10.116 -14.738 -14.519 -14.527 -14.928 -15.911 -11.014 -11.286 -10.748 -9.377 -8.793 -8.13 -11.124
0.003822 -17.642 -14.439 -12.922 -12.205 -11.714 -11.227 -12.787 -12.129 -11.711 -11.215 -10.752 -10.231 -12.141 -11.558 -10.954 -10.535 -10.153 -14.725 -14.506 -14.513 -14.913 -15.896 -11.052 -11.324 -10.785 -9.414 -8.831 -8.168 -11.162
0.003938 -17.628 -14.439 -12.959 -12.242 -11.752 -11.265 -12.823 -12.167 -11.748 -11.253 -10.79 -10.269 -12.179 -11.596 -10.991 -10.573 -10.191 -14.712 -14.492 -14.499 -14.898 -15.881 -11.09 -11.361 -10.823 -9.452 -8.869 -8.206 -11.199
0.004057 -17.613 -14.441 -12.996 -12.28 -11.789 -11.302 -12.86 -12.204 -11.785 -11.29 -10.827 -10.306 -12.216 -11.633 -11.029 -10.61 -10.229 -14.7 -14.479 -14.485 -14.884 -15.865 -11.127 -11.399 -10.86 -9.49 -8.906 -8.244 -11.237
0.00418 -17.599 -14.442 -13.033 -12.317 -11.827 -11.34 -12.897 -12.241 -11.823 -11.328 -10.865 -10.344 -12.253 -11.671 -11.067 -10.648 -10.267 -14.687 -14.465 -14.471 -14.869 -15.85 -11.165 -11.436 -10.898 -9.528 -8.944 -8.282 -11.274
0.004306 -17.584 -14.444 -13.07 -12.354 -11.864 -11.377 -12.934 -12.279 -11.86 -11.366 -10.903 -10.382 -12.29 -11.708 -11.104 -10.686 -10.304 -14.675 -14.452 -14.457 -14.854 -15.835 -11.202 -11.474 -10.936 -9.565 -8.982 -8.319 -11.312
0.004436 -17.57 -14.447 -13.107 -12.391 -11.901 -11.415 -12.971 -12.316 -11.898 -11.403 -10.94 -10.419 -12.328 -11.745 -11.142 -10.723 -10.342 -14.663 -14.439 -14.443 -14.84 -15.82 -11.24 -11.511 -10.973 -9.603 -9.02 -8.357 -11.349
0.00457 -17.555 -14.451 -13.144 -12.429 -11.939 -11.452 -13.008 -12.353 -11.935 -11.441 -10.978 -10.457 -12.365 -11.783 -11.179 -10.761 -10.38 -14.651 -14.426 -14.429 -14.825 -15.804 -11.277 -11.549 -11.011 -9.641 -9.058 -8.395 -11.387
0.004709 -17.541 -14.455 -13.181 -12.466 -11.976 -11.49 -13.045 -12.39 -11.972 -11.478 -11.015 -10.495 -12.402 -11.82 -11.217 -10.798 -10.417 -14.639 -14.413 -14.415 -14.81 -15.789 -11.315 -11.586 -11.048 -9.679 -9.095 -8.433 -11.424
0.004851 -17.527 -14.459 -13.217 -12.503 -12.014 -11.527 -13.082 -12.428 -12.01 -11.516 -11.053 -10.532 -12.44 -11.858 -11.254 -10.836 -10.455 -14.627 -14.401 -14.402 -14.796 -15.774 -11.352 -11.624 -11.086 -9.716 -9.133 -8.471 -11.462
0.004998 -17.513 -14.464 -13.254 -12.54 -12.051 -11.565 -13.119 -12.465 -12.047 -11.553 -11.09 -10.57 -12.477 -11.895 -11.292 -10.874 -10.493 -14.615 -14.388 -14.388 -14.781 -15.759 -11.39 -11.661 -11.123 -9.754 -9.171 -8.509 -11.499
0.005149 -17.499 -14.47 -13.291 -12.578 -12.088 -11.602 -13.155 -12.502 -12.085 -11.59 -11.128 -10.608 -12.514 -11.933 -11.329 -10.911 -10.53 -14.604 -14.376 -14.375 -14.767 -15.744 -11.427 -11.699 -11.161 -9.792 -9.209 -8.547 -11.537
0.005305 -17.485 -14.476 -13.328 -12.615 -12.126 -11.64 -13.192 -12.539 -12.122 -11.628 -11.166 -10.645 -12.551 -11.97 -11.367 -10.949 -10.568 -14.593 -14.364 -14.362 -14.753 -15.728 -11.465 -11.736 -11.199 -9.83 -9.247 -8.584 -11.574
0.005465 -17.471 -14.483 -13.365 -12.652 -12.163 -11.677 -13.229 -12.576 -12.159 -11.665 -11.203 -10.683 -12.588 -12.007 -11.404 -10.986 -10.606 -14.582 -14.352 -14.348 -14.738 -15.713 -11.502 -11.774 -11.236 -9.867 -9.284 -8.622 -11.612
0.00563 -17.457 -14.491 -13.401 -12.689 -12.2 -11.715 -13.266 -12.614 -12.196 -11.703 -11.241 -10.721 -12.625 -12.045 -11.442 -11.024 -10.643 -14.571 -14.34 -14.335 -14.724 -15.698 -11.54 -11.811 -11.274 -9.905 -9.322 -8.66 -11.649
0.005801 -17.443 -14.499 -13.438 -12.726 -12.237 -11.752 -13.302 -12.651 -12.234 -11.74 -11.278 -10.758 -12.663 -12.082 -11.479 -11.062 -10.681 -14.561 -14.328 -14.322 -14.71 -15.683 -11.577 -11.848 -11.311 -9.943 -9.36 -8.698 -11.686
0.005976 -17.43 -14.508 -13.475 -12.763 -12.275 -11.789 -13.339 -12.688 -12.271 -11.778 -11.316 -10.796 -12.7 -12.119 -11.517 -11.099 -10.718 -14.55 -14.316 -14.31 -14.696 -15.668 -11.614 -11.886 -11.349 -9.981 -9.398 -8.736 -11.724
0.006157 -17.416 -14.517 -13.511 -12.8 -12.312 -11.827 -13.375 -12.725 -12.308 -11.815 -11.353 -10.833 -12.737 -12.156 -11.554 -11.137 -10.756 -14.54 -14.305 -14.297 -14.682 -15.653 -11.652 -11.923 -11.386 -10.018 -9.436 -8.774 -11.761
0.006343 -17.403 -14.527 -13.548 -12.837 -12.349 -11.864 -13.412 -12.762 -12.345 -11.852 -11.391 -10.871 -12.774 -12.194 -11.592 -11.174 -10.794 -14.53 -14.294 -14.284 -14.668 -15.638 -11.689 -11.96 -11.424 -10.056 -9.473 -8.811 -11.798
0.006535 -17.389 -14.537 -13.585 -12.874 -12.386 -11.902 -13.449 -12.799 -12.383 -11.89 -11.428 -10.909 -12.811 -12.231 -11.629 -11.212 -10.831 -14.521 -14.283 -14.272 -14.654 -15.623 -11.727 -11.998 -11.461 -10.094 -9.511 -8.849 -11.836
0.006732 -17.376 -14.549 -13.621 -12.911 -12.424 -11.939 -13.485 -12.836 -12.42 -11.927 -11.466 -10.946 -12.848 -12.268 -11.667 -11.249 -10.869 -14.511 -14.272 -14.26 -14.64 -15.608 -11.764 -12.035 -11.499 -10.131 -9.549 -8.887 -11.873
0.006936 -17.363 -14.56 -13.658 -12.948 -12.461 -11.976 -13.521 -12.873 -12.457 -11.964 -11.503 -10.984 -12.885 -12.305 -11.704 -11.287 -10.906 -14.502 -14.261 -14.247 -14.626 -15.593 -11.801 -12.072 -11.536 -10.169 -9.587 -8.925 -11.91
0.007146 -17.35 -14.573 -13.694 -12.985 -12.498 -12.014 -13.558 -12.91 -12.494 -12.002 -11.541 -11.021 -12.922 -12.343 -11.742 -11.324 -10.944 -14.493 -14.251 -14.235 -14.613 -15.579 -11.839 -12.11 -11.573 -10.207 -9.624 -8.963 -11.948
0.007362 -17.337 -14.586 -13.731 -13.022 -12.535 -12.051 -13.594 -12.947 -12.531 -12.039 -11.578 -11.059 -12.959 -12.38 -11.779 -11.362 -10.982 -14.485 -14.241 -14.224 -14.599 -15.564 -11.876 -12.147 -11.611 -10.245 -9.662 -9.0 -11.985
0.007585 -17.324 -14.599 -13.767 -13.059 -12.572 -12.088 -13.631 -12.984 -12.568 -12.076 -11.615 -11.096 -12.996 -12.417 -11.816 -11.399 -11.019 -14.477 -14.231 -14.212 -14.586 -15.549 -11.913 -12.184 -11.648 -10.282 -9.7 -9.038 -12.022
0.007814 -17.311 -14.613 -13.803 -13.096 -12.609 -12.125 -13.667 -13.021 -12.605 -12.114 -11.653 -11.134 -13.033 -12.454 -11.854 -11.437 -11.057 -14.469 -14.221 -14.2 -14.572 -15.534 -11.951 -12.221 -11.686 -10.32 -9.738 -9.076 -12.059
0.00805 -17.298 -14.628 -13.84 -13.133 -12.646 -12.163 -13.703 -13.058 -12.643 -12.151 -11.69 -11.171 -13.069 -12.491 -11.891 -11.474 -11.094 -14.461 -14.212 -14.189 -14.559 -15.519 -11.988 -12.258 -11.723 -10.358 -9.775 -9.114 -12.097
0.008294 -17.286 -14.643 -13.876 -13.169 -12.683 -12.2 -13.739 -13.094 -12.68 -12.188 -11.728 -11.209 -13.106 -12.528 -11.928 -11.512 -11.132 -14.454 -14.202 -14.178 -14.546 -15.505 -12.025 -12.296 -11.76 -10.395 -9.813 -9.152 -12.134
0.008545 -17.273 -14.659 -13.912 -13.206 -12.72 -12.237 -13.776 -13.131 -12.717 -12.225 -11.765 -11.246 -13.143 -12.565 -11.966 -11.549 -11.169 -14.447 -14.194 -14.167 -14.533 -15.49 -12.062 -12.333 -11.798 -10.433 -9.851 -9.189 -12.171
0.008803 -17.261 -14.675 -13.948 -13.243 -12.757 -12.274 -13.812 -13.168 -12.754 -12.263 -11.802 -11.284 -13.18 -12.603 -12.003 -11.586 -11.207 -14.44 -14.185 -14.156 -14.52 -15.475 -12.1 -12.37 -11.835 -10.47 -9.889 -9.227 -12.208
0.009069 -17.249 -14.692 -13.984 -13.28 -12.794 -12.311 -13.848 -13.205 -12.791 -12.3 -11.84 -11.321 -13.217 -12.64 -12.04 -11.624 -11.244 -14.434 -14.177 -14.146 -14.507 -15.461 -12.137 -12.407 -11.872 -10.508 -9.926 -9.265 -12.245
0.009344 -17.237 -14.71 -14.02 -13.316 -12.831 -12.349 -13.884 -13.241 -12.827 -12.337 -11.877 -11.359 -13.253 -12.677 -12.077 -11.661 -11.282 -14.428 -14.169 -14.136 -14.495 -15.446 -12.174 -12.444 -11.91 -10.546 -9.964 -9.303 -12.282
0.009626 -17.225 -14.728 -14.057 -13.353 -12.868 -12.386 -13.92 -13.278 -12.864 -12.374 -11.914 -11.396 -13.29 -12.714 -12.115 -11.699 -11.319 -14.423 -14.161 -14.125 -14.482 -15.432 -12.211 -12.481 -11.947 -10.583 -10.002 -9.341 -12.319
0.009917 -17.214 -14.746 -14.093 -13.389 -12.905 -12.423 -13.956 -13.315 -12.901 -12.411 -11.951 -11.434 -13.327 -12.751 -12.152 -11.736 -11.357 -14.418 -14.153 -14.116 -14.47 -15.417 -12.248 -12.518 -11.984 -10.621 -10.039 -9.378 -12.357
0.010217 -17.202 -14.765 -14.128 -13.426 -12.942 -12.46 -13.991 -13.351 -12.938 -12.448 -11.989 -11.471 -13.363 -12.787 -12.189 -11.773 -11.394 -14.413 -14.146 -14.106 -14.457 -15.403 -12.285 -12.555 -12.021 -10.659 -10.077 -9.416 -12.394
0.010526 -17.191 -14.784 -14.164 -13.463 -12.979 -12.497 -14.027 -13.388 -12.975 -12.485 -12.026 -11.508 -13.4 -12.824 -12.226 -11.811 -11.432 -14.409 -14.14 -14.097 -14.445 -15.389 -12.322 -12.592 -12.059 -10.696 -10.115 -9.454 -12.431
0.010845 -17.18 -14.804 -14.2 -13.499 -13.016 -12.534 -14.063 -13.425 -13.012 -12.522 -12.063 -11.546 -13.436 -12.861 -12.263 -11.848 -11.469 -14.405 -14.133 -14.088 -14.433 -15.374 -12.359 -12.629 -12.096 -10.734 -10.152 -9.492 -12.468
0.011173 -17.169 -14.825 -14.236 -13.536 -13.052 -12.571 -14.099 -13.461 -13.049 -12.559 -12.1 -11.583 -13.473 -12.898 -12.3 -11.885 -11.506 -14.401 -14.127 -14.079 -14.422 -15.36 -12.397 -12.666 -12.133 -10.771 -10.19 -9.529 -12.505
0.011511 -17.158 -14.846 -14.272 -13.572 -13.089 -12.608 -14.134 -13.498 -13.085 -12.596 -12.137 -11.62 -13.509 -12.935 -12.338 -11.922 -11.544 -14.398 -14.122 -14.071 -14.41 -15.346 -12.434 -12.703 -12.17 -10.809 -10.228 -9.567 -12.542
0.011859 -17.148 -14.867 -14.307 -13.608 -13.126 -12.645 -14.17 -13.534 -13.122 -12.633 -12.175 -11.658 -13.546 -12.972 -12.375 -11.96 -11.581 -14.396 -14.117 -14.062 -14.398 -15.332 -12.471 -12.74 -12.207 -10.846 -10.265 -9.605 -12.578
0.012217 -17.137 -14.889 -14.343 -13.645 -13.162 -12.682 -14.205 -13.57 -13.159 -12.67 -12.212 -11.695 -13.582 -13.008 -12.412 -11.997 -11.618 -14.394 -14.112 -14.055 -14.387 -15.318 -12.508 -12.777 -12.244 -10.884 -10.303 -9.642 -12.615
0.012587 -17.127 -14.911 -14.379 -13.681 -13.199 -12.719 -14.241 -13.607 -13.195 -12.707 -12.249 -11.732 -13.619 -13.045 -12.449 -12.034 -11.656 -14.392 -14.107 -14.047 -14.376 -15.304 -12.544 -12.814 -12.282 -10.921 -10.341 -9.68 -12.652
0.012968 -17.117 -14.933 -14.414 -13.717 -13.236 -12.756 -14.276 -13.643 -13.232 -12.744 -12.286 -11.77 -13.655 -13.082 -12.486 -12.071 -11.693 -14.391 -14.104 -14.04 -14.365 -15.29 -12.581 -12.851 -12.319 -10.959 -10.378 -9.718 -12.689
0.01336 -17.107 -14.956 -14.449 -13.753 -13.272 -12.793 -14.312 -13.679 -13.268 -12.781 -12.323 -11.807 -13.691 -13.119 -12.523 -12.108 -11.73 -14.391 -14.1 -14.033 -14.355 -15.276 -12.618 -12.887 -12.356 -10.996 -10.416 -9.756 -12.726
0.013764 -17.098 -14.98 -14.485 -13.79 -13.309 -12.83 -14.347 -13.716 -13.305 -12.818 -12.36 -11.844 -13.727 -13.155 -12.56 -12.146 -11.768 -14.391 -14.097 -14.026 -14.344 -15.262 -12.655 -12.924 -12.393 -11.034 -10.453 -9.793 -12.763
0.01418 -17.089 -15.003 -14.52 -13.826 -13.345 -12.866 -14.382 -13.752 -13.342 -12.855 -12.397 -11.881 -13.763 -13.192 -12.597 -12.183 -11.805 -14.391 -14.094 -14.02 -14.334 -15.249 -12.692 -12.961 -12.43 -11.071 -10.491 -9.831 -12.799
0.014609 -17.08 -15.027 -14.555 -13.862 -13.382 -12.903 -14.417 -13.788 -13.378 -12.891 -12.434 -11.919 -13.8 -13.228 -12.634 -12.22 -11.842 -14.392 -14.092 -14.015 -14.324 -15.235 -12.729 -12.998 -12.467 -11.109 -10.528 -9.869 -12.836
0.015051 -17.071 -15.051 -14.59 -13.898 -13.418 -12.94 -14.452 -13.824 -13.414 -12.928 -12.471 -11.956 -13.836 -13.265 -12.67 -12.257 -11.879 -14.394 -14.09 -14.009 -14.314 -15.222 -12.766 -13.034 -12.504 -11.146 -10.566 -9.906 -12.873
0.015506 -17.062 -15.076 -14.625 -13.934 -13.455 -12.977 -14.487 -13.86 -13.451 -12.965 -12.508 -11.993 -13.872 -13.301 -12.707 -12.294 -11.917 -14.396 -14.089 -14.004 -14.305 -15.208 -12.802 -13.071 -12.541 -11.184 -10.604 -9.944 -12.909
0.015975 -17.054 -15.101 -14.66 -13.97 -13.491 -13.013 -14.522 -13.896 -13.487 -13.002 -12.545 -12.03 -13.908 -13.338 -12.744 -12.331 -11.954 -14.398 -14.089 -14.0 -14.295 -15.195 -12.839 -13.107 -12.578 -11.221 -10.641 -9.982 -12.946
0.016458 -17.046 -15.126 -14.695 -14.006 -13.527 -13.05 -14.557 -13.932 -13.523 -13.038 -12.582 -12.067 -13.944 -13.374 -12.781 -12.368 -11.991 -14.401 -14.088 -13.995 -14.286 -15.182 -12.876 -13.144 -12.614 -11.258 -10.679 -10.019 -12.983
0.016956 -17.039 -15.152 -14.73 -14.041 -13.563 -13.086 -14.592 -13.968 -13.56 -13.075 -12.619 -12.104 -13.98 -13.411 -12.818 -12.405 -12.028 -14.405 -14.089 -13.992 -14.278 -15.169 -12.912 -13.181 -12.651 -11.296 -10.716 -10.057 -13.019
0.017469 -17.031 -15.178 -14.765 -14.077 -13.6 -13.123 -14.626 -14.004 -13.596 -13.111 -12.656 -12.141 -14.015 -13.447 -12.854 -12.442 -12.065 -14.409 -14.09 -13.988 -14.269 -15.156 -12.949 -13.217 -12.688 -11.333 -10.754 -10.094 -13.056
0.017997 -17.024 -15.204 -14.8 -14.113 -13.636 -13.16 -14.661 -14.039 -13.632 -13.148 -12.692 -12.179 -14.051 -13.483 -12.891 -12.479 -12.102 -14.414 -14.091 -13.985 -14.261 -15.143 -12.986 -13.253 -12.725 -11.37 -10.791 -10.132 -13.092
0.018541 -17.017 -15.23 -14.834 -14.148 -13.672 -13.196 -14.695 -14.075 -13.668 -13.184 -12.729 -12.216 -14.087 -13.519 -12.928 -12.516 -12.139 -14.42 -14.093 -13.983 -14.253 -15.13 -13.022 -13.29 -12.762 -11.408 -10.829 -10.17 -13.129
0.019102 -17.011 -15.256 -14.869 -14.184 -13.708 -13.233 -14.73 -14.111 -13.704 -13.221 -12.766 -12.253 -14.122 -13.556 -12.965 -12.553 -12.176 -14.426 -14.095 -13.981 -14.246 -15.117 -13.059 -13.326 -12.798 -11.445 -10.866 -10.207 -13.165
0.01968 -17.005 -15.283 -14.903 -14.22 -13.744 -13.269 -14.764 -14.146 -13.74 -13.257 -12.803 -12.29 -14.158 -13.592 -13.001 -12.589 -12.213 -14.432 -14.098 -13.98 -14.239 -15.105 -13.095 -13.363 -12.835 -11.482 -10.904 -10.245 -13.201
0.020275 -16.999 -15.31 -14.937 -14.255 -13.78 -13.305 -14.798 -14.182 -13.776 -13.294 -12.839 -12.327 -14.194 -13.628 -13.038 -12.626 -12.25 -14.439 -14.102 -13.979 -14.232 -15.093 -13.132 -13.399 -12.872 -11.52 -10.941 -10.282 -13.238
0.020888 -16.993 -15.337 -14.972 -14.29 -13.816 -13.342 -14.832 -14.217 -13.812 -13.33 -12.876 -12.363 -14.229 -13.664 -13.074 -12.663 -12.287 -14.447 -14.106 -13.978 -14.225 -15.08 -13.168 -13.435 -12.908 -11.557 -10.978 -10.32 -13.274
0.02152 -16.988 -15.364 -15.006 -14.326 -13.852 -13.378 -14.866 -14.253 -13.848 -13.366 -12.913 -12.4 -14.264 -13.7 -13.111 -12.7 -12.324 -14.455 -14.111 -13.978 -14.219 -15.068 -13.204 -13.471 -12.945 -11.594 -11.016 -10.358 -13.31
0.022171 -16.983 -15.392 -15.04 -14.361 -13.888 -13.414 -14.9 -14.288 -13.884 -13.403 -12.949 -12.437 -14.3 -13.736 -13.147 -12.737 -12.361 -14.464 -14.116 -13.979 -14.213 -15.057 -13.241 -13.507 -12.982 -11.631 -11.053 -10.395 -13.346
0.022841 -16.979 -15.419 -15.074 -14.396 -13.923 -13.451 -14.934 -14.323 -13.92 -13.439 -12.986 -12.474 -14.335 -13.772 -13.184 -12.773 -12.398 -14.474 -14.122 -13.98 -14.208 -15.045 -13.277 -13.544 -13.018 -11.669 -11.091 -10.433 -13.383
0.023532 -16.975 -15.447 -15.107 -14.431 -13.959 -13.487 -14.967 -14.359 -13.955 -13.475 -13.022 -12.511 -14.37 -13.808 -13.22 -12.81 -12.435 -14.484 -14.129 -13.982 -14.203 -15.033 -13.313 -13.58 -13.055 -11.706 -11.128 -10.47 -13.419
0.024244 -16.971 -15.475 -15.141 -14.466 -13.995 -13.523 -15.001 -14.394 -13.991 -13.511 -13.059 -12.548 -14.405 -13.844 -13.256 -12.847 -12.472 -14.495 -14.136 -13.984 -14.199 -15.022 -13.349 -13.616 -13.091 -11.743 -11.165 -10.508 -13.455
0.024977 -16.967 -15.503 -15.175 -14.501 -14.03 -13.559 -15.034 -14.429 -14.027 -13.547 -13.095 -12.584 -14.44 -13.879 -13.293 -12.883 -12.509 -14.506 -14.143 -13.987 -14.194 -15.011 -13.385 -13.652 -13.127 -11.78 -11.203 -10.545 -13.491
0.025733 -16.964 -15.531 -15.208 -14.536 -14.066 -13.595 -15.068 -14.464 -14.062 -13.583 -13.131 -12.621 -14.475 -13.915 -13.329 -12.92 -12.545 -14.518 -14.152 -13.99 -14.191 -15.0 -13.421 -13.687 -13.164 -11.817 -11.24 -10.583 -13.527
0.026511 -16.962 -15.559 -15.242 -14.571 -14.101 -13.631 -15.101 -14.499 -14.097 -13.619 -13.168 -12.658 -14.51 -13.951 -13.365 -12.956 -12.582 -14.53 -14.16 -13.994 -14.187 -14.989 -13.458 -13.723 -13.2 -11.854 -11.277 -10.62 -13.562
0.027313 -16.959 -15.587 -15.275 -14.606 -14.137 -13.667 -15.134 -14.534 -14.133 -13.655 -13.204 -12.695 -14.545 -13.986 -13.401 -12.993 -12.619 -14.543 -14.17 -13.998 -14.185 -14.978 -13.493 -13.759 -13.236 -11.891 -11.315 -10.657 -13.598
0.028139 -16.957 -15.615 -15.308 -14.64 -14.172 -13.703 -15.167 -14.568 -14.168 -13.691 -13.24 -12.731 -14.58 -14.022 -13.437 -13.029 -12.656 -14.557 -14.18 -14.003 -14.182 -14.968 -13.529 -13.795 -13.273 -11.928 -11.352 -10.695 -13.634
0.02899 -16.956 -15.643 -15.341 -14.675 -14.207 -13.738 -15.2 -14.603 -14.203 -13.727 -13.277 -12.768 -14.615 -14.057 -13.473 -13.065 -12.692 -14.571 -14.191 -14.009 -14.18 -14.958 -13.565 -13.83 -13.309 -11.965 -11.389 -10.732 -13.67
0.029867 -16.954 -15.672 -15.374 -14.709 -14.242 -13.774 -15.232 -14.638 -14.239 -13.763 -13.313 -12.804 -14.649 -14.092 -13.509 -13.102 -12.729 -14.585 -14.202 -14.015 -14.179 -14.948 -13.601 -13.866 -13.345 -12.002 -11.426 -10.77 -13.705
0.03077 -16.953 -15.7 -15.406 -14.744 -14.278 -13.81 -15.265 -14.672 -14.274 -13.798 -13.349 -12.841 -14.684 -14.128 -13.545 -13.138 -12.765 -14.6 -14.214 -14.022 -14.178 -14.938 -13.637 -13.902 -13.381 -12.039 -11.463 -10.807 -13.741
0.031701 -16.953 -15.728 -15.439 -14.778 -14.313 -13.846 -15.297 -14.706 -14.309 -13.834 -13.385 -12.877 -14.718 -14.163 -13.581 -13.174 -12.802 -14.616 -14.226 -14.029 -14.177 -14.929 -13.673 -13.937 -13.417 -12.076 -11.501 -10.844 -13.777
0.032659 -16.953 -15.757 -15.471 -14.812 -14.347 -13.881 -15.329 -14.741 -14.344 -13.87 -13.421 -12.914 -14.752 -14.198 -13.617 -13.211 -12.838 -14.632 -14.239 -14.037 -14.177 -14.92 -13.708 -13.973 -13.453 -12.113 -11.538 -10.882 -13.812
0.033647 -16.953 -15.785 -15.504 -14.846 -14.382 -13.917 -15.362 -14.775 -14.379 -13.905 -13.457 -12.95 -14.786 -14.233 -13.653 -13.247 -12.875 -14.649 -14.252 -14.046 -14.178 -14.911 -13.744 -14.008 -13.489 -12.15 -11.575 -10.919 -13.847
0.034665 -16.954 -15.813 -15.536 -14.88 -14.417 -13.952 -15.393 -14.809 -14.413 -13.941 -13.493 -12.987 -14.82 -14.268 -13.689 -13.283 -12.911 -14.666 -14.266 -14.055 -14.179 -14.902 -13.779 -14.043 -13.525 -12.187 -11.612 -10.957 -13.883
0.035713 -16.955 -15.842 -15.568 -14.914 -14.452 -13.987 -15.425 -14.843 -14.448 -13.976 -13.529 -13.023 -14.854 -14.303 -13.724 -13.319 -12.948 -14.684 -14.281 -14.065 -14.181 -14.894 -13.815 -14.078 -13.561 -12.224 -11.649 -10.994 -13.918
0.036793 -16.956 -15.87 -15.599 -14.948 -14.486 -14.023 -15.457 -14.877 -14.483 -14.011 -13.564 -13.059 -14.888 -14.338 -13.76 -13.355 -12.984 -14.702 -14.296 -14.075 -14.183 -14.886 -13.85 -14.113 -13.596 -12.261 -11.686 -11.031 -13.953
0.037906 -16.958 -15.898 -15.631 -14.981 -14.521 -14.058 -15.488 -14.911 -14.517 -14.046 -13.6 -13.095 -14.922 -14.373 -13.796 -13.391 -13.02 -14.72 -14.312 -14.086 -14.186 -14.878 -13.886 -14.149 -13.632 -12.297 -11.723 -11.068 -13.988
0.039052 -16.96 -15.926 -15.663 -15.015 -14.555 -14.093 -15.519 -14.944 -14.552 -14.082 -13.636 -13.132 -14.956 -14.407 -13.831 -13.427 -13.057 -14.739 -14.328 -14.097 -14.189 -14.871 -13.921 -14.184 -13.668 -12.334 -11.76 -11.106 -14.023
0.040234 -16.963 -15.954 -15.694 -15.048 -14.59 -14.128 -15.551 -14.978 -14.586 -14.117 -13.672 -13.168 -14.989 -14.442 -13.867 -13.463 -13.093 -14.759 -14.345 -14.109 -14.193 -14.863 -13.956 -14.218 -13.703 -12.371 -11.797 -11.143 -14.058
0.04145 -16.965 -15.982 -15.725 -15.081 -14.624 -14.163 -15.581 -15.011 -14.62 -14.152 -13.707 -13.204 -15.023 -14.476 -13.902 -13.499 -13.129 -14.779 -14.362 -14.122 -14.197 -14.857 -13.991 -14.253 -13.739 -12.408 -11.834 -11.18 -14.093
0.042704 -16.969 -16.01 -15.756 -15.115 -14.658 -14.198 -15.612 -15.045 -14.654 -14.187 -13.743 -13.24 -15.056 -14.511 -13.937 -13.535 -13.165 -14.799 -14.38 -14.135 -14.202 -14.85 -14.026 -14.288 -13.774 -12.444 -11.871 -11.217 -14.128
0.043996 -16.972 -16.038 -15.787 -15.148 -14.692 -14.233 -15.643 -15.078 -14.688 -14.222 -13.778 -13.276 -15.089 -14.545 -13.972 -13.57 -13.201 -14.82 -14.398 -14.149 -14.207 -14.844 -14.061 -14.323 -13.81 -12.481 -11.908 -11.254 -14.163
0.045326 -16.976 -16.065 -15.817 -15.18 -14.726 -14.268 -15.673 -15.111 -14.722 -14.256 -13.813 -13.312 -15.122 -14.579 -14.008 -13.606 -13.237 -14.841 -14.417 -14.163 -14.213 -14.839 -14.096 -14.357 -13.845 -12.517 -11.945 -11.292 -14.197
0.046697 -16.98 -16.093 -15.847 -15.213 -14.76 -14.303 -15.703 -15.144 -14.756 -14.291 -13.849 -13.348 -15.155 -14.614 -14.043 -13.641 -13.273 -14.862 -14.436 -14.178 -14.22 -14.833 -14.131 -14.392 -13.88 -12.554 -11.982 -11.329 -14.232
0.048109 -16.984 -16.12 -15.878 -15.246 -14.794 -14.337 -15.733 -15.177 -14.79 -14.326 -13.884 -13.383 -15.188 -14.648 -14.078 -13.677 -13.309 -14.884 -14.456 -14.193 -14.227 -14.828 -14.166 -14.426 -13.916 -12.59 -12.019 -11.366 -14.266
0.049564 -16.989 -16.148 -15.908 -15.278 -14.827 -14.372 -15.763 -15.209 -14.824 -14.36 -13.919 -13.419 -15.221 -14.681 -14.113 -13.712 -13.345 -14.906 -14.476 -14.209 -14.235 -14.824 -14.2 -14.46 -13.951 -12.627 -12.055 -11.403 -14.301
0.051063 -16.994 -16.175 -15.937 -15.311 -14.861 -14.406 -15.792 -15.242 -14.857 -14.395 -13.954 -13.455 -15.253 -14.715 -14.147 -13.748 -13.381 -14.929 -14.496 -14.226 -14.243 -14.82 -14.235 -14.495 -13.986 -12.663 -12.092 -11.44 -14.335
0.052608 -17.0 -16.202 -15.967 -15.343 -14.894 -14.441 -15.821 -15.274 -14.89 -14.429 -13.989 -13.491 -15.285 -14.749 -14.182 -13.783 -13.417 -14.952 -14.517 -14.243 -14.252 -14.816 -14.269 -14.529 -14.021 -12.7 -12.129 -11.477 -14.369
0.054199 -17.005 -16.228 -15.996 -15.375 -14.928 -14.475 -15.85 -15.306 -14.924 -14.463 -14.024 -13.526 -15.318 -14.783 -14.217 -13.818 -13.452 -14.975 -14.538 -14.26 -14.262 -14.813 -14.303 -14.563 -14.056 -12.736 -12.166 -11.514 -14.403
0.055838 -17.011 -16.255 -16.025 -15.407 -14.961 -14.509 -15.879 -15.338 -14.957 -14.497 -14.059 -13.562 -15.35 -14.816 -14.252 -13.854 -13.488 -14.998 -14.56 -14.278 -14.272 -14.81 -14.338 -14.597 -14.091 -12.772 -12.202 -11.551 -14.437
0.057527 -17.017 -16.281 -16.054 -15.438 -14.994 -14.543 -15.907 -15.37 -14.99 -14.532 -14.094 -13.597 -15.382 -14.849 -14.286 -13.889 -13.523 -15.022 -14.582 -14.297 -14.283 -14.807 -14.372 -14.63 -14.125 -12.809 -12.239 -11.588 -14.471
0.059267 -17.023 -16.307 -16.082 -15.47 -15.027 -14.577 -15.936 -15.402 -15.023 -14.565 -14.129 -13.633 -15.413 -14.883 -14.32 -13.924 -13.559 -15.046 -14.605 -14.316 -14.294 -14.805 -14.406 -14.664 -14.16 -12.845 -12.275 -11.625 -14.505
0.061059 -17.03 -16.333 -16.11 -15.501 -15.059 -14.611 -15.964 -15.434 -15.055 -14.599 -14.163 -13.668 -15.445 -14.916 -14.355 -13.959 -13.594 -15.07 -14.627 -14.335 -14.306 -14.804 -14.44 -14.698 -14.194 -12.881 -12.312 -11.662 -14.539
0.062906 -17.037 -16.359 -16.138 -15.532 -15.092 -14.644 -15.991 -15.465 -15.088 -14.633 -14.198 -13.703 -15.476 -14.949 -14.389 -13.994 -13.63 -15.094 -14.65 -14.355 -14.318 -14.803 -14.474 -14.731 -14.229 -12.917 -12.348 -11.699 -14.572
0.064808 -17.043 -16.384 -16.166 -15.563 -15.124 -14.678 -16.019 -15.496 -15.121 -14.667 -14.232 -13.738 -15.507 -14.981 -14.423 -14.028 -13.665 -15.119 -14.674 -14.375 -14.331 -14.802 -14.508 -14.764 -14.263 -12.953 -12.385 -11.735 -14.606
0.066769 -17.05 -16.41 -16.193 -15.594 -15.157 -14.712 -16.046 -15.527 -15.153 -14.7 -14.266 -13.773 -15.538 -15.014 -14.457 -14.063 -13.7 -15.144 -14.697 -14.396 -14.344 -14.802 -14.541 -14.798 -14.298 -12.989 -12.421 -11.772 -14.639
0.068788 -17.057 -16.434 -16.221 -15.625 -15.189 -14.745 -16.073 -15.558 -15.185 -14.734 -14.301 -13.808 -15.569 -15.047 -14.491 -14.098 -13.735 -15.169 -14.721 -14.417 -14.358 -14.802 -14.575 -14.831 -14.332 -13.025 -12.458 -11.809 -14.672
0.070868 -17.065 -16.459 -16.247 -15.655 -15.221 -14.778 -16.099 -15.589 -15.217 -14.767 -14.335 -13.843 -15.6 -15.079 -14.525 -14.132 -13.771 -15.194 -14.746 -14.438 -14.373 -14.803 -14.608 -14.864 -14.366 -13.061 -12.494 -11.846 -14.705
0.073012 -17.072 -16.483 -16.274 -15.685 -15.253 -14.811 -16.125 -15.619 -15.249 -14.8 -14.369 -13.878 -15.63 -15.111 -14.558 -14.167 -13.806 -15.219 -14.77 -14.46 -14.388 -14.805 -14.641 -14.896 -14.4 -13.097 -12.53 -11.882 -14.738
0.07522 -17.079 -16.507 -16.3 -15.715 -15.284 -14.844 -16.151 -15.649 -15.28 -14.833 -14.403 -13.913 -15.66 -15.143 -14.592 -14.201 -13.84 -15.244 -14.795 -14.482 -14.403 -14.807 -14.675 -14.929 -14.434 -13.133 -12.567 -11.919 -14.771
0.077495 -17.087 -16.531 -16.326 -15.745 -15.316 -14.877 -16.177 -15.679 -15.312 -14.866 -14.437 -13.948 -15.69 -15.175 -14.626 -14.235 -13.875 -15.27 -14.82 -14.505 -14.419 -14.809 -14.708 -14.961 -14.467 -13.168 -12.603 -11.956 -14.803
0.079839 -17.094 -16.554 -16.351 -15.774 -15.347 -14.91 -16.202 -15.709 -15.343 -14.899 -14.47 -13.982 -15.72 -15.207 -14.659 -14.27 -13.91 -15.295 -14.845 -14.527 -14.436 -14.812 -14.74 -14.994 -14.501 -13.204 -12.639 -11.992 -14.836
0.082253 -17.102 -16.577 -16.377 -15.804 -15.378 -14.942 -16.227 -15.739 -15.374 -14.931 -14.504 -14.017 -15.75 -15.239 -14.692 -14.304 -13.945 -15.321 -14.87 -14.551 -14.453 -14.816 -14.773 -15.026 -14.535 -13.24 -12.675 -12.029 -14.868
0.084741 -17.109 -16.6 -16.401 -15.833 -15.409 -14.975 -16.251 -15.768 -15.405 -14.964 -14.537 -14.051 -15.779 -15.27 -14.725 -14.338 -13.979 -15.347 -14.896 -14.574 -14.47 -14.82 -14.806 -15.058 -14.568 -13.275 -12.711 -12.066 -14.9
0.087304 -17.117 -16.622 -16.426 -15.861 -15.44 -15.007 -16.275 -15.797 -15.436 -14.996 -14.571 -14.086 -15.808 -15.301 -14.758 -14.371 -14.014 -15.373 -14.922 -14.598 -14.488 -14.824 -14.838 -15.09 -14.601 -13.311 -12.747 -12.102 -14.933
0.089944 -17.124 -16.644 -16.45 -15.89 -15.47 -15.039 -16.299 -15.826 -15.467 -15.028 -14.604 -14.12 -15.837 -15.332 -14.791 -14.405 -14.048 -15.399 -14.948 -14.622 -14.507 -14.829 -14.871 -15.122 -14.634 -13.346 -12.783 -12.138 -14.964
0.092665 -17.132 -16.666 -16.474 -15.918 -15.501 -15.071 -16.322 -15.855 -15.497 -15.06 -14.637 -14.154 -15.866 -15.363 -14.824 -14.439 -14.083 -15.425 -14.974 -14.646 -14.525 -14.835 -14.903 -15.153 -14.667 -13.381 -12.819 -12.175 -14.996
0.095467 -17.139 -16.687 -16.497 -15.946 -15.531 -15.103 -16.345 -15.883 -15.527 -15.092 -14.67 -14.188 -15.894 -15.394 -14.856 -14.472 -14.117 -15.451 -15.0 -14.671 -14.545 -14.841 -14.935 -15.185 -14.7 -13.417 -12.855 -12.211 -15.028
0.098355 -17.146 -16.707 -16.52 -15.974 -15.561 -15.135 -16.368 -15.911 -15.557 -15.123 -14.703 -14.222 -15.922 -15.424 -14.889 -14.506 -14.151 -15.477 -15.026 -14.695 -14.564 -14.847 -14.967 -15.216 -14.733 -13.452 -12.891 -12.248 -15.059
0.101329 -17.153 -16.728 -16.542 -16.001 -15.591 -15.166 -16.39 -15.939 -15.587 -15.155 -14.735 -14.256 -15.95 -15.455 -14.921 -14.539 -14.185 -15.503 -15.052 -14.72 -14.584 -14.855 -14.998 -15.247 -14.766 -13.487 -12.927 -12.284 -15.09
0.104394 -17.159 -16.747 -16.564 -16.028 -15.62 -15.197 -16.412 -15.967 -15.616 -15.186 -14.768 -14.29 -15.977 -15.485 -14.953 -14.572 -14.219 -15.529 -15.079 -14.746 -14.604 -14.862 -15.03 -15.278 -14.798 -13.522 -12.962 -12.32 -15.121
0.107551 -17.166 -16.766 -16.585 -16.055 -15.649 -15.228 -16.433 -15.994 -15.645 -15.217 -14.8 -14.323 -16.004 -15.515 -14.985 -14.605 -14.253 -15.555 -15.105 -14.771 -14.625 -14.871 -15.061 -15.308 -14.83 -13.557 -12.998 -12.356 -15.152
0.110804 -17.172 -16.785 -16.606 -16.082 -15.678 -15.259 -16.453 -16.021 -15.674 -15.248 -14.833 -14.357 -16.031 -15.544 -15.017 -14.638 -14.286 -15.58 -15.132 -14.796 -14.646 -14.879 -15.092 -15.339 -14.863 -13.592 -13.034 -12.392 -15.183
0.114155 -17.178 -16.803 -16.627 -16.108 -15.707 -15.29 -16.474 -16.047 -15.703 -15.279 -14.865 -14.39 -16.058 -15.574 -15.048 -14.671 -14.32 -15.606 -15.158 -14.822 -14.668 -14.888 -15.123 -15.369 -14.895 -13.627 -13.069 -12.429 -15.213
0.117608 -17.183 -16.821 -16.647 -16.134 -15.735 -15.321 -16.493 -16.074 -15.732 -15.309 -14.897 -14.423 -16.084 -15.603 -15.079 -14.703 -14.353 -15.632 -15.185 -14.848 -14.689 -14.898 -15.154 -15.399 -14.926 -13.661 -13.104 -12.465 -15.243
0.121165 -17.189 -16.838 -16.667 -16.159 -15.764 -15.351 -16.513 -16.1 -15.76 -15.34 -14.928 -14.456 -16.11 -15.632 -15.111 -14.736 -14.387 -15.658 -15.212 -14.874 -14.711 -14.908 -15.185 -15.429 -14.958 -13.696 -13.14 -12.501 -15.273
0.124829 -17.194 -16.855 -16.686 -16.184 -15.792 -15.381 -16.531 -16.125 -15.788 -15.37 -14.96 -14.489 -16.136 -15.66 -15.142 -14.768 -14.42 -15.683 -15.238 -14.9 -14.734 -14.919 -15.215 -15.458 -14.99 -13.731 -13.175 -12.536 -15.303
0.128605 -17.198 -16.871 -16.704 -16.209 -15.819 -15.411 -16.55 -16.15 -15.815 -15.4 -14.991 -14.522 -16.161 -15.689 -15.173 -14.8 -14.453 -15.709 -15.265 -14.926 -14.756 -14.93 -15.245 -15.488 -15.021 -13.765 -13.21 -12.572 -15.333
0.132494 -17.202 -16.886 -16.722 -16.234 -15.847 -15.44 -16.567 -16.175 -15.843 -15.429 -15.023 -14.555 -16.186 -15.717 -15.203 -14.832 -14.486 -15.734 -15.292 -14.952 -14.779 -14.942 -15.275 -15.517 -15.052 -13.799 -13.246 -12.608 -15.362
0.136502 -17.206 -16.9 -16.739 -16.258 -15.874 -15.47 -16.584 -16.2 -15.87 -15.459 -15.054 -14.588 -16.21 -15.745 -15.234 -14.864 -14.519 -15.759 -15.318 -14.979 -14.802 -14.954 -15.305 -15.546 -15.083 -13.834 -13.281 -12.644 -15.391
0.14063 -17.209 -16.914 -16.756 -16.281 -15.9 -15.499 -16.601 -16.224 -15.897 -15.488 -15.085 -14.62 -16.234 -15.772 -15.264 -14.895 -14.551 -15.784 -15.345 -15.005 -14.825 -14.967 -15.334 -15.574 -15.114 -13.868 -13.316 -12.68 -15.42
0.144883 -17.211 -16.928 -16.772 -16.304 -15.927 -15.528 -16.617 -16.248 -15.923 -15.517 -15.115 -14.652 -16.258 -15.799 -15.294 -14.927 -14.584 -15.809 -15.371 -15.032 -14.849 -14.98 -15.364 -15.603 -15.144 -13.902 -13.351 -12.715 -15.449
0.149265 -17.213 -16.94 -16.787 -16.327 -15.953 -15.557 -16.632 -16.271 -15.949 -15.546 -15.146 -14.684 -16.281 -15.826 -15.324 -14.958 -14.616 -15.834 -15.398 -15.058 -14.872 -14.994 -15.393 -15.631 -15.175 -13.936 -13.385 -12.751 -15.477
0.15378 -17.215 -16.952 -16.802 -16.349 -15.979 -15.585 -16.646 -16.294 -15.975 -15.574 -15.176 -14.716 -16.304 -15.853 -15.353 -14.989 -14.648 -15.859 -15.424 -15.085 -14.896 -15.008 -15.421 -15.658 -15.205 -13.97 -13.42 -12.786 -15.505
0.15843 -17.215 -16.963 -16.816 -16.371 -16.004 -15.613 -16.66 -16.316 -16.0 -15.602 -15.206 -14.748 -16.327 -15.879 -15.383 -15.02 -14.68 -15.883 -15.45 -15.111 -14.92 -15.022 -15.45 -15.686 -15.235 -14.003 -13.455 -12.822 -15.533
0.163222 -17.215 -16.974 -16.829 -16.393 -16.029 -15.641 -16.674 -16.338 -16.025 -15.63 -15.236 -14.78 -16.349 -15.905 -15.412 -15.051 -14.712 -15.907 -15.477 -15.137 -14.944 -15.037 -15.478 -15.713 -15.264 -14.037 -13.489 -12.857 -15.56
0.168159 -17.215 -16.983 -16.842 -16.414 -16.054 -15.669 -16.686 -16.36 -16.05 -15.658 -15.266 -14.811 -16.37 -15.931 -15.441 -15.081 -14.744 -15.931 -15.503 -15.164 -14.968 -15.052 -15.506 -15.74 -15.294 -14.07 -13.524 -12.893 -15.588
0.173245 -17.213 -16.992 -16.854 -16.434 -16.078 -15.696 -16.698 -16.381 -16.074 -15.685 -15.295 -14.842 -16.391 -15.956 -15.469 -15.112 -14.775 -15.955 -15.529 -15.19 -14.993 -15.068 -15.534 -15.766 -15.323 -14.104 -13.558 -12.928 -15.614
0.178484 -17.211 -16.999 -16.865 -16.454 -16.102 -15.723 -16.709 -16.402 -16.098 -15.712 -15.324 -14.873 -16.412 -15.981 -15.498 -15.142 -14.807 -15.978 -15.554 -15.217 -15.017 -15.084 -15.561 -15.793 -15.352 -14.137 -13.592 -12.963 -15.641
0.183882 -17.208 -17.006 -16.875 -16.473 -16.126 -15.749 -16.72 -16.422 -16.122 -15.739 -15.353 -14.904 -16.432 -16.006 -15.526 -15.172 -14.838 -16.001 -15.58 -15.243 -15.042 -15.1 -15.588 -15.819 -15.381 -14.17 -13.627 -12.998 -15.667
0.189444 -17.204 -17.012 -16.885 -16.492 -16.149 -15.776 -16.729 -16.441 -16.145 -15.765 -15.381 -14.935 -16.451 -16.03 -15.553 -15.201 -14.869 -16.024 -15.605 -15.269 -15.066 -15.117 -15.615 -15.844 -15.409 -14.203 -13.661 -13.033 -15.693
0.195173 -17.199 -17.017 -16.893 -16.51 -16.171 -15.802 -16.738 -16.46 -16.168 -15.791 -15.41 -14.965 -16.47 -16.054 -15.581 -15.231 -14.9 -16.046 -15.63 -15.296 -15.091 -15.133 -15.642 -15.869 -15.438 -14.236 -13.695 -13.068 -15.719
0.201076 -17.193 -17.021 -16.901 -16.528 -16.194 -15.827 -16.746 -16.479 -16.19 -15.817 -15.438 -14.996 -16.488 -16.077 -15.608 -15.26 -14.93 -16.068 -15.655 -15.322 -15.116 -15.151 -15.668 -15.894 -15.465 -14.269 -13.729 -13.103 -15.744
0.207158 -17.187 -17.024 -16.908 -16.545 -16.215 -15.853 -16.753 -16.497 -16.211 -15.842 -15.466 -15.026 -16.506 -16.1 -15.635 -15.289 -14.961 -16.09 -15.68 -15.348 -15.141 -15.168 -15.694 -15.919 -15.493 -14.301 -13.762 -13.138 -15.769
0.213423 -17.179 -17.026 -16.914 -16.561 -16.237 -15.878 -16.76 -16.514 -16.233 -15.867 -15.493 -15.056 -16.523 -16.122 -15.661 -15.317 -14.991 -16.112 -15.705 -15.373 -15.165 -15.186 -15.719 -15.943 -15.52 -14.334 -13.796 -13.172 -15.794
0.219878 -17.17 -17.027 -16.919 -16.577 -16.257 -15.902 -16.765 -16.53 -16.254 -15.892 -15.52 -15.085 -16.54 -16.144 -15.688 -15.346 -15.021 -16.133 -15.729 -15.399 -15.19 -15.204 -15.744 -15.966 -15.547 -14.366 -13.83 -13.207 -15.818
0.226528 -17.16 -17.026 -16.923 -16.592 -16.278 -15.926 -16.77 -16.546 -16.274 -15.916 -15.547 -15.115 -16.556 -16.166 -15.714 -15.374 -15.051 -16.154 -15.753 -15.425 -15.215 -15.222 -15.769 -15.99 -15.574 -14.398 -13.863 -13.241 -15.842
0.233379 -17.148 -17.025 -16.926 -16.607 -16.297 -15.95 -16.773 -16.562 -16.294 -15.94 -15.574 -15.144 -16.571 -16.187 -15.739 -15.402 -15.08 -16.174 -15.777 -15.45 -15.239 -15.241 -15.793 -16.012 -15.601 -14.43 -13.896 -13.276 -15.865
0.240437 -17.136 -17.022 -16.928 -16.62 -16.316 -15.974 -16.776 -16.576 -16.313 -15.963 -15.6 -15.173 -16.585 -16.208 -15.764 -15.429 -15.109 -16.194 -15.801 -15.475 -15.264 -15.259 -15.817 -16.035 -15.627 -14.462 -13.929 -13.31 -15.888
0.247709 -17.122 -17.018 -16.928 -16.633 -16.335 -15.996 -16.778 -16.59 -16.331 -15.986 -15.626 -15.201 -16.599 -16.228 -15.789 -15.456 -15.138 -16.213 -15.824 -15.5 -15.289 -15.278 -15.841 -16.057 -15.652 -14.493 -13.962 -13.344 -15.91
0.255201 -17.107 -17.012 -16.928 -16.645 -16.353 -16.019 -16.778 -16.603 -16.349 -16.009 -15.652 -15.229 -16.612 -16.247 -15.814 -15.483 -15.167 -16.232 -15.847 -15.525 -15.313 -15.297 -15.864 -16.078 -15.678 -14.525 -13.995 -13.378 -15.932
0.262919 -17.09 -17.006 -16.926 -16.657 -16.371 -16.041 -16.778 -16.616 -16.367 -16.031 -15.677 -15.258 -16.624 -16.266 -15.838 -15.51 -15.196 -16.251 -15.869 -15.55 -15.337 -15.317 -15.887 -16.099 -15.703 -14.556 -14.028 -13.412 -15.954
0.270871 -17.072 -16.997 -16.924 -16.667 -16.387 -16.063 -16.777 -16.627 -16.384 -16.052 -15.702 -15.285 -16.636 -16.285 -15.861 -15.536 -15.224 -16.269 -15.892 -15.574 -15.362 -15.336 -15.909 -16.12 -15.727 -14.587 -14.061 -13.446 -15.975
0.279064 -17.053 -16.988 -16.92 -16.677 -16.404 -16.084 -16.774 -16.638 -16.4 -16.074 -15.726 -15.313 -16.647 -16.302 -15.884 -15.562 -15.252 -16.286 -15.913 -15.598 -15.386 -15.355 -15.931 -16.14 -15.752 -14.618 -14.093 -13.48 -15.996
0.287504 -17.032 -16.977 -16.914 -16.686 -16.419 -16.104 -16.77 -16.648 -16.415 -16.094 -15.75 -15.34 -16.656 -16.32 -15.907 -15.588 -15.279 -16.303 -15.935 -15.622 -15.41 -15.375 -15.952 -16.159 -15.776 -14.648 -14.125 -13.514 -16.016
0.296199 -17.009 -16.964 -16.908 -16.694 -16.434 -16.124 -16.766 -16.657 -16.43 -16.114 -15.774 -15.367 -16.665 -16.336 -15.929 -15.613 -15.307 -16.319 -15.956 -15.645 -15.434 -15.394 -15.973 -16.178 -15.799 -14.679 -14.157 -13.547 -16.036
0.305157 -16.985 -16.95 -16.9 -16.701 -16.448 -16.144 -16.76 -16.665 -16.444 -16.134 -15.797 -15.393 -16.673 -16.352 -15.951 -15.638 -15.334 -16.335 -15.977 -15.669 -15.457 -15.414 -15.994 -16.196 -15.822 -14.709 -14.189 -13.581 -16.055
0.314387 -16.959 -16.934 -16.891 -16.707 -16.461 -16.163 -16.753 -16.673 -16.458 -16.153 -15.82 -15.42 -16.681 -16.367 -15.973 -15.662 -15.361 -16.35 -15.997 -15.692 -15.481 -15.434 -16.014 -16.214 -15.845 -14.739 -14.221 -13.614 -16.073
0.323895 -16.931 -16.916 -16.88 -16.712 -16.474 -16.181 -16.745 -16.679 -16.47 -16.171 -15.842 -15.446 -16.687 -16.382 -15.994 -15.686 -15.387 -16.365 -16.017 -15.714 -15.504 -15.453 -16.033 -16.231 -15.867 -14.769 -14.253 -13.647 -16.091
0.333691 -16.901 -16.897 -16.867 -16.716 -16.486 -16.199 -16.735 -16.684 -16.482 -16.189 -15.864 -15.471 -16.692 -16.396 -16.014 -15.71 -15.413 -16.379 -16.036 -15.737 -15.527 -15.473 -16.052 -16.247 -15.888 -14.798 -14.284 -13.68 -16.109
0.343783 -16.87 -16.876 -16.854 -16.718 -16.497 -16.216 -16.725 -16.689 -16.493 -16.206 -15.886 -15.496 -16.696 -16.409 -16.034 -15.733 -15.439 -16.392 -16.055 -15.758 -15.55 -15.493 -16.07 -16.263 -15.909 -14.828 -14.316 -13.713 -16.125
0.354181 -16.836 -16.853 -16.838 -16.72 -16.507 -16.232 -16.713 -16.692 -16.503 -16.223 -15.907 -15.521 -16.699 -16.421 -16.053 -15.756 -15.464 -16.405 -16.073 -15.78 -15.572 -15.512 -16.088 -16.278 -15.93 -14.857 -14.347 -13.746 -16.142
0.364893 -16.8 -16.828 -16.821 -16.721 -16.516 -16.248 -16.7 -16.694 -16.513 -16.239 -15.927 -15.546 -16.701 -16.433 -16.072 -15.779 -15.489 -16.416 -16.091 -15.801 -15.595 -15.532 -16.105 -16.293 -15.95 -14.886 -14.377 -13.778 -16.157
0.375929 -16.762 -16.801 -16.802 -16.72 -16.525 -16.263 -16.685 -16.695 -16.521 -16.254 -15.947 -15.57 -16.702 -16.443 -16.09 -15.8 -15.514 -16.427 -16.109 -15.822 -15.617 -15.551 -16.121 -16.306 -15.97 -14.914 -14.408 -13.811 -16.172
0.387298 -16.722 -16.772 -16.782 -16.718 -16.532 -16.278 -16.669 -16.695 -16.529 -16.269 -15.966 -15.593 -16.701 -16.453 -16.107 -15.822 -15.538 -16.438 -16.125 -15.842 -15.638 -15.571 -16.137 -16.319 -15.989 -14.942 -14.439 -13.843 -16.186
0.399012 -16.68 -16.74 -16.759 -16.715 -16.539 -16.291 -16.652 -16.693 -16.535 -16.283 -15.985 -15.616 -16.7 -16.462 -16.124 -15.843 -15.562 -16.447 -16.142 -15.862 -15.66 -15.59 -16.152 -16.331 -16.007 -14.97 -14.469 -13.875 -16.2
0.41108 -16.636 -16.707 -16.735 -16.711 -16.544 -16.304 -16.633 -16.691 -16.541 -16.296 -16.003 -15.639 -16.697 -16.47 -16.14 -15.863 -15.585 -16.456 -16.157 -15.882 -15.681 -15.609 -16.166 -16.343 -16.025 -14.998 -14.499 -13.907 -16.213
0.423513 -16.589 -16.671 -16.709 -16.705 -16.549 -16.317 -16.613 -16.687 -16.545 -16.308 -16.021 -15.661 -16.692 -16.477 -16.156 -15.883 -15.608 -16.463 -16.172 -15.901 -15.701 -15.628 -16.18 -16.353 -16.042 -15.025 -14.529 -13.939 -16.225
0.436321 -16.539 -16.633 -16.681 -16.698 -16.552 -16.328 -16.591 -16.681 -16.549 -16.319 -16.038 -15.683 -16.687 -16.484 -16.171 -15.902 -15.631 -16.47 -16.186 -15.919 -15.721 -15.646 -16.193 -16.363 -16.059 -15.053 -14.558 -13.971 -16.236
0.449518 -16.487 -16.592 -16.651 -16.689 -16.555 -16.339 -16.568 -16.675 -16.551 -16.33 -16.054 -15.704 -16.68 -16.489 -16.185 -15.921 -15.653 -16.476 -16.2 -15.937 -15.741 -15.665 -16.205 -16.372 -16.075 -15.079 -14.588 -14.002 -16.246
0.463113 -16.433 -16.549 -16.618 -16.679 -16.556 -16.348 -16.544 -16.666 -16.552 -16.34 -16.07 -15.725 -16.671 -16.493 -16.199 -15.939 -15.674 -16.481 -16.213 -15.954 -15.761 -15.683 -16.217 -16.38 -16.09 -15.106 -14.617 -14.034 -16.256
0.47712 -16.375 -16.504 -16.584 -16.667 -16.556 -16.357 -16.518 -16.657 -16.553 -16.349 -16.085 -15.746 -16.661 -16.496 -16.211 -15.957 -15.695 -16.484 -16.225 -15.971 -15.78 -15.701 -16.227 -16.387 -16.105 -15.132 -14.646 -14.065 -16.265
0.49155 -16.315 -16.455 -16.547 -16.654 -16.555 -16.365 -16.49 -16.645 -16.551 -16.357 -16.099 -15.765 -16.65 -16.498 -16.223 -15.974 -15.716 -16.487 -16.236 -15.988 -15.798 -15.719 -16.237 -16.393 -16.119 -15.158 -14.674 -14.096 -16.273
0.506416 -16.252 -16.404 -16.508 -16.639 -16.552 -16.372 -16.461 -16.633 -16.549 -16.364 -16.113 -15.785 -16.636 -16.499 -16.234 -15.99 -15.736 -16.489 -16.247 -16.003 -15.816 -15.736 -16.246 -16.398 -16.132 -15.183 -14.703 -14.126 -16.28
0.521733 -16.186 -16.35 -16.467 -16.622 -16.548 -16.378 -16.43 -16.618 -16.545 -16.37 -16.125 -15.803 -16.621 -16.498 -16.244 -16.006 -15.756 -16.489 -16.256 -16.018 -15.834 -15.753 -16.254 -16.402 -16.144 -15.208 -14.731 -14.157 -16.286
0.537512 -16.117 -16.293 -16.423 -16.604 -16.543 -16.383 -16.398 -16.602 -16.54 -16.375 -16.137 -15.821 -16.605 -16.496 -16.254 -16.021 -15.775 -16.489 -16.265 -16.033 -15.851 -15.77 -16.261 -16.404 -16.156 -15.233 -14.758 -14.187 -16.291
0.553769 -16.045 -16.233 -16.377 -16.583 -16.536 -16.386 -16.364 -16.584 -16.533 -16.379 -16.148 -15.839 -16.586 -16.493 -16.262 -16.035 -15.793 -16.487 -16.273 -16.046 -15.868 -15.786 -16.267 -16.406 -16.166 -15.257 -14.786 -14.217 -16.295
0.570517 -15.97 -16.17 -16.328 -16.561 -16.528 -16.389 -16.328 -16.564 -16.526 -16.382 -16.159 -15.856 -16.566 -16.489 -16.269 -16.048 -15.811 -16.484 -16.28 -16.059 -15.884 -15.802 -16.272 -16.407 -16.176 -15.281 -14.813 -14.247 -16.298
0.587772 -15.892 -16.103 -16.276 -16.536 -16.519 -16.391 -16.291 -16.542 -16.516 -16.383 -16.168 -15.872 -16.544 -16.483 -16.276 -16.061 -15.828 -16.479 -16.286 -16.071 -15.899 -15.818 -16.277 -16.406 -16.185 -15.304 -14.84 -14.277 -16.3
0.605549 -15.81 -16.034 -16.222 -16.51 -16.508 -16.391 -16.252 -16.518 -16.505 -16.384 -16.177 -15.887 -16.519 -16.476 -16.281 -16.073 -15.844 -16.474 -16.291 -16.083 -15.914 -15.833 -16.28 -16.404 -16.193 -15.327 -14.866 -14.306 -16.301
0.623863 -15.725 -15.961 -16.165 -16.481 -16.495 -16.39 -16.211 -16.492 -16.492 -16.383 -16.184 -15.902 -16.493 -16.468 -16.286 -16.084 -15.86 -16.467 -16.295 -16.094 -15.928 -15.848 -16.282 -16.401 -16.2 -15.35 -14.893 -14.335 -16.301
0.642731 -15.636 -15.884 -16.105 -16.45 -16.48 -16.388 -16.168 -16.464 -16.478 -16.381 -16.191 -15.916 -16.465 -16.458 -16.289 -16.094 -15.875 -16.458 -16.299 -16.103 -15.941 -15.862 -16.283 -16.397 -16.207 -15.372 -14.918 -14.364 -16.3
0.66217 -15.544 -15.803 -16.042 -16.417 -16.464 -16.384 -16.124 -16.434 -16.462 -16.378 -16.197 -15.929 -16.434 -16.446 -16.291 -16.103 -15.889 -16.448 -16.3 -16.112 -15.954 -15.876 -16.282 -16.391 -16.212 -15.394 -14.944 -14.393 -16.297
0.682197 -15.448 -15.719 -15.976 -16.382 -16.446 -16.379 -16.078 -16.402 -16.444 -16.373 -16.201 -15.942 -16.401 -16.432 -16.292 -16.112 -15.903 -16.436 -16.301 -16.12 -15.966 -15.889 -16.281 -16.383 -16.216 -15.415 -14.969 -14.421 -16.293
0.70283 -15.348 -15.631 -15.907 -16.344 -16.426 -16.373 -16.03 -16.367 -16.424 -16.367 -16.205 -15.954 -16.365 -16.417 -16.292 -16.119 -15.916 -16.423 -16.301 -16.128 -15.977 -15.901 -16.278 -16.375 -16.219 -15.435 -14.994 -14.449 -16.289
0.724086 -15.245 -15.539 -15.834 -16.303 -16.405 -16.365 -15.981 -16.33 -16.403 -16.36 -16.207 -15.965 -16.327 -16.401 -16.291 -16.125 -15.928 -16.408 -16.299 -16.134 -15.988 -15.913 -16.275 -16.364 -16.22 -15.455 -15.018 -14.477 -16.282
0.745986 -15.137 -15.443 -15.758 -16.26 -16.381 -16.356 -15.929 -16.29 -16.379 -16.351 -16.208 -15.975 -16.287 -16.382 -16.288 -16.131 -15.939 -16.391 -16.296 -16.139 -15.998 -15.924 -16.269 -16.353 -16.221 -15.475 -15.042 -14.505 -16.275
0.768548 -15.026 -15.342 -15.679 -16.214 -16.355 -16.345 -15.876 -16.248 -16.353 -16.34 -16.209 -15.984 -16.244 -16.361 -16.284 -16.135 -15.95 -16.373 -16.292 -16.143 -16.006 -15.935 -16.263 -16.339 -16.22 -15.494 -15.066 -14.532 -16.266
0.791792 -14.91 -15.238 -15.596 -16.166 -16.327 -16.333 -15.821 -16.203 -16.325 -16.328 -16.207 -15.992 -16.198 -16.339 -16.278 -16.138 -15.959 -16.352 -16.286 -16.146 -16.014 -15.945 -16.255 -16.324 -16.219 -15.512 -15.089 -14.559 -16.255
0.815739 -14.791 -15.128 -15.51 -16.114 -16.296 -16.318 -15.764 -16.155 -16.295 -16.314 -16.205 -15.999 -16.149 -16.314 -16.271 -16.141 -15.968 -16.33 -16.279 -16.148 -16.021 -15.954 -16.245 -16.307 -16.215 -15.53 -15.111 -14.586 -16.244
0.840411 -14.667 -15.014 -15.42 -16.06 -16.264 -16.302 -15.705 -16.104 -16.263 -16.299 -16.201 -16.005 -16.098 -16.288 -16.263 -16.142 -15.976 -16.306 -16.271 -16.149 -16.028 -15.962 -16.234 -16.288 -16.211 -15.547 -15.134 -14.612 -16.23
0.865828 -14.539 -14.896 -15.326 -16.002 -16.229 -16.285 -15.643 -16.051 -16.228 -16.281 -16.196 -16.011 -16.043 -16.259 -16.253 -16.141 -15.982 -16.279 -16.261 -16.149 -16.033 -15.97 -16.222 -16.268 -16.205 -15.564 -15.155 -14.638 -16.216
0.892015 -14.407 -14.772 -15.228 -15.941 -16.191 -16.265 -15.58 -15.994 -16.191 -16.262 -16.19 -16.015 -15.985 -16.228 -16.241 -16.14 -15.988 -16.251 -16.249 -16.147 -16.037 -15.977 -16.208 -16.245 -16.198 -15.58 -15.177 -14.664 -16.199
0.918993 -14.271 -14.643 -15.126 -15.877 -16.152 -16.243 -15.515 -15.934 -16.151 -16.241 -16.182 -16.018 -15.925 -16.195 -16.228 -16.137 -15.992 -16.22 -16.236 -16.145 -16.04 -15.983 -16.192 -16.221 -16.189 -15.595 -15.197 -14.689 -16.181
0.946787 -14.13 -14.509 -15.02 -15.809 -16.109 -16.22 -15.448 -15.871 -16.109 -16.217 -16.172 -16.02 -15.86 -16.159 -16.213 -16.133 -15.996 -16.187 -16.221 -16.14 -16.042 -15.988 -16.175 -16.194 -16.178 -15.609 -15.218 -14.714 -16.162
0.975422 -13.985 -14.37 -14.91 -15.738 -16.063 -16.194 -15.379 -15.804 -16.064 -16.192 -16.161 -16.021 -15.792 -16.121 -16.196 -16.127 -15.998 -16.152 -16.204 -16.135 -16.043 -15.992 -16.156 -16.166 -16.166 -15.623 -15.237 -14.738 -16.14
1.004923 -13.836 -14.225 -14.796 -15.664 -16.015 -16.166 -15.308 -15.734 -16.016 -16.165 -16.148 -16.02 -15.721 -16.08 -16.177 -16.12 -16.0 -16.114 -16.185 -16.128 -16.042 -15.995 -16.135 -16.135 -16.153 -15.636 -15.256 -14.763 -16.117
1.035317 -13.682 -14.075 -14.677 -15.585 -15.964 -16.135 -15.234 -15.661 -15.965 -16.135 -16.134 -16.019 -15.646 -16.037 -16.156 -16.111 -16.0 -16.073 -16.165 -16.119 -16.041 -15.997 -16.112 -16.102 -16.137 -15.648 -15.275 -14.786 -16.092
1.066629 -13.525 -13.919 -14.553 -15.503 -15.91 -16.103 -15.159 -15.583 -15.912 -16.103 -16.117 -16.016 -15.567 -15.99 -16.134 -16.101 -15.998 -16.031 -16.142 -16.109 -16.038 -15.998 -16.088 -16.066 -16.12 -15.659 -15.293 -14.81 -16.065
1.098888 -13.363 -13.756 -14.425 -15.416 -15.853 -16.068 -15.081 -15.502 -15.855 -16.068 -16.099 -16.011 -15.485 -15.941 -16.109 -16.089 -15.996 -15.985 -16.117 -16.098 -16.034 -15.998 -16.061 -16.028 -16.101 -15.67 -15.31 -14.833 -16.037
1.132124 -13.197 -13.588 -14.293 -15.326 -15.792 -16.03 -15.001 -15.417 -15.795 -16.032 -16.08 -16.006 -15.398 -15.889 -16.082 -16.076 -15.992 -15.936 -16.091 -16.084 -16.028 -15.997 -16.033 -15.988 -16.08 -15.679 -15.327 -14.855 -16.006
1.166364 -13.028 -13.413 -14.155 -15.231 -15.728 -15.99 -14.918 -15.327 -15.731 -15.992 -16.058 -15.998 -15.307 -15.834 -16.053 -16.06 -15.987 -15.885 -16.062 -16.069 -16.021 -15.995 -16.002 -15.945 -16.057 -15.688 -15.343 -14.877 -15.974
1.20164 -12.855 -13.232 -14.012 -15.132 -15.661 -15.947 -14.833 -15.234 -15.665 -15.95 -16.034 -15.99 -15.211 -15.776 -16.022 -16.043 -15.98 -15.831 -16.031 -16.053 -16.013 -15.991 -15.969 -15.899 -16.032 -15.696 -15.359 -14.899 -15.939
1.237983 -12.678 -13.044 -13.865 -15.028 -15.59 -15.902 -14.746 -15.136 -15.594 -15.905 -16.008 -15.979 -15.112 -15.715 -15.988 -16.024 -15.972 -15.773 -15.997 -16.034 -16.003 -15.986 -15.934 -15.851 -16.005 -15.703 -15.374 -14.92 -15.902
1.275425 -12.499 -12.849 -13.712 -14.919 -15.516 -15.853 -14.656 -15.033 -15.521 -15.857 -15.98 -15.968 -15.007 -15.65 -15.952 -16.003 -15.962 -15.713 -15.961 -16.013 -15.991 -15.98 -15.897 -15.8 -15.976 -15.708 -15.388 -14.941 -15.864
1.313999 -12.318 -12.648 -13.554 -14.806 -15.437 -15.801 -14.564 -14.926 -15.443 -15.807 -15.95 -15.954 -14.898 -15.582 -15.913 -15.98 -15.95 -15.649 -15.923 -15.991 -15.978 -15.972 -15.858 -15.746 -15.945 -15.713 -15.401 -14.961 -15.823
1.35374 -12.134 -12.438 -13.391 -14.688 -15.355 -15.747 -14.469 -14.814 -15.361 -15.753 -15.917 -15.939 -14.784 -15.51 -15.872 -15.955 -15.937 -15.582 -15.882 -15.966 -15.963 -15.963 -15.816 -15.688 -15.911 -15.717 -15.414 -14.98 -15.779
1.394683 -11.949 -12.222 -13.222 -14.564 -15.268 -15.689 -14.371 -14.697 -15.276 -15.696 -15.883 -15.922 -14.665 -15.435 -15.827 -15.928 -15.922 -15.511 -15.838 -15.939 -15.946 -15.952 -15.771 -15.628 -15.875 -15.72 -15.425 -15.0 -15.734
1.436864 -11.764 -11.998 -13.048 -14.435 -15.178 -15.628 -14.271 -14.575 -15.186 -15.636 -15.845 -15.903 -14.54 -15.356 -15.78 -15.899 -15.906 -15.437 -15.792 -15.911 -15.928 -15.94 -15.724 -15.565 -15.836 -15.721 -15.436 -15.018 -15.686
1.480321 -11.579 -11.766 -12.868 -14.301 -15.083 -15.563 -14.168 -14.448 -15.092 -15.572 -15.805 -15.882 -14.411 -15.273 -15.73 -15.867 -15.887 -15.359 -15.743 -15.879 -15.907 -15.927 -15.675 -15.498 -15.795 -15.721 -15.447 -15.036 -15.636
1.525092 -11.396 -11.526 -12.683 -14.161 -14.984 -15.495 -14.062 -14.315 -14.994 -15.506 -15.763 -15.859 -14.275 -15.185 -15.677 -15.833 -15.867 -15.278 -15.69 -15.846 -15.885 -15.911 -15.623 -15.428 -15.751 -15.72 -15.456 -15.054 -15.584
1.571218 -11.216 -11.278 -12.492 -14.016 -14.88 -15.423 -13.953 -14.177 -14.891 -15.435 -15.718 -15.834 -14.134 -15.094 -15.621 -15.796 -15.845 -15.192 -15.635 -15.81 -15.86 -15.894 -15.568 -15.354 -15.704 -15.718 -15.464 -15.071 -15.529
1.618738 -11.039 -11.021 -12.296 -13.864 -14.771 -15.348 -13.841 -14.033 -14.784 -15.361 -15.67 -15.807 -13.988 -14.998 -15.562 -15.757 -15.82 -15.103 -15.577 -15.771 -15.834 -15.875 -15.51 -15.277 -15.654 -15.714 -15.472 -15.087 -15.471
1.667696 -10.868 -10.756 -12.094 -13.707 -14.658 -15.268 -13.726 -13.884 -14.672 -15.283 -15.619 -15.778 -13.835 -14.898 -15.499 -15.715 -15.794 -15.009 -15.515 -15.73 -15.805 -15.854 -15.449 -15.196 -15.602 -15.709 -15.478 -15.103 -15.411
1.718134 -10.703 -10.482 -11.886 -13.543 -14.539 -15.185 -13.608 -13.728 -14.555 -15.201 -15.565 -15.747 -13.676 -14.794 -15.433 -15.671 -15.765 -14.911 -15.45 -15.686 -15.774 -15.832 -15.386 -15.111 -15.547 -15.703 -15.484 -15.118 -15.349
1.770098 -10.545 -10.2 -11.672 -13.372 -14.416 -15.097 -13.487 -13.566 -14.433 -15.115 -15.509 -15.713 -13.51 -14.685 -15.364 -15.623 -15.734 -14.809 -15.381 -15.64 -15.741 -15.807 -15.319 -15.022 -15.488 -15.695 -15.489 -15.132 -15.284
1.823633 -10.397 -9.908 -11.453 -13.195 -14.287 -15.005 -13.362 -13.397 -14.305 -15.025 -15.449 -15.677 -13.338 -14.571 -15.29 -15.573 -15.701 -14.703 -15.309 -15.59 -15.705 -15.781 -15.249 -14.929 -15.426 -15.686 -15.492 -15.146 -15.216
1.878788 -10.258 -9.607 -11.227 -13.011 -14.152 -14.909 -13.235 -13.222 -14.173 -14.93 -15.386 -15.639 -13.159 -14.452 -15.213 -15.52 -15.665 -14.592 -15.233 -15.538 -15.667 -15.752 -15.176 -14.833 -15.361 -15.675 -15.495 -15.159 -15.146
1.93561 -10.129 -9.297 -10.997 -12.821 -14.012 -14.808 -13.103 -13.04 -14.034 -14.831 -15.319 -15.598 -12.973 -14.328 -15.132 -15.463 -15.627 -14.477 -15.154 -15.482 -15.626 -15.721 -15.1 -14.731 -15.293 -15.663 -15.496 -15.172 -15.073
1.994152 -10.011 -8.977 -10.76 -12.622 -13.866 -14.703 -12.969 -12.851 -13.891 -14.728 -15.249 -15.554 -12.78 -14.198 -15.047 -15.404 -15.586 -14.356 -15.07 -15.424 -15.582 -15.688 -15.02 -14.626 -15.221 -15.649 -15.497 -15.183 -14.997
2.054463 -9.903 -8.649 -10.519 -12.417 -13.715 -14.593 -12.831 -12.655 -13.741 -14.62 -15.176 -15.508 -12.58 -14.064 -14.958 -15.341 -15.542 -14.232 -14.983 -15.362 -15.536 -15.652 -14.937 -14.516 -15.146 -15.633 -15.496 -15.194 -14.919
2.116599 -9.805 -8.312 -10.271 -12.203 -13.557 -14.477 -12.689 -12.451 -13.586 -14.507 -15.099 -15.459 -12.372 -13.924 -14.865 -15.274 -15.496 -14.102 -14.891 -15.297 -15.487 -15.614 -14.851 -14.402 -15.067 -15.616 -15.494 -15.204 -14.838
2.180614 -9.717 -7.966 -10.019 -11.982 -13.393 -14.357 -12.543 -12.24 -13.424 -14.389 -15.019 -15.406 -12.156 -13.778 -14.767 -15.204 -15.447 -13.968 -14.796 -15.228 -15.435 -15.574 -14.76 -14.282 -14.984 -15.596 -15.491 -15.214 -14.754
2.246566 -9.637 -7.613 -9.761 -11.753 -13.222 -14.231 -12.394 -12.021 -13.256 -14.266 -14.934 -15.351 -11.932 -13.626 -14.665 -15.131 -15.395 -13.828 -14.696 -15.156 -15.38 -15.531 -14.667 -14.158 -14.897 -15.575 -15.486 -15.223 -14.668
2.314511 -9.564 -7.254 -9.498 -11.516 -13.045 -14.1 -12.241 -11.795 -13.082 -14.138 -14.846 -15.293 -11.7 -13.468 -14.558 -15.053 -15.34 -13.684 -14.591 -15.08 -15.322 -15.486 -14.569 -14.03 -14.807 -15.552 -15.48 -15.23 -14.578
2.384512 -9.498 -6.89 -9.231 -11.27 -12.861 -13.964 -12.084 -11.56 -12.901 -14.004 -14.754 -15.232 -11.459 -13.305 -14.446 -14.972 -15.282 -13.536 -14.482 -15.0 -15.261 -15.438 -14.467 -13.896 -14.712 -15.527 -15.473 -15.238 -14.487
2.45663 -9.438 -6.524 -8.958 -11.015 -12.67 -13.822 -11.923 -11.316 -12.714 -13.865 -14.657 -15.168 -11.21 -13.135 -14.33 -14.887 -15.221 -13.382 -14.369 -14.917 -15.196 -15.387 -14.362 -13.757 -14.613 -15.5 -15.465 -15.244 -14.392
2.530929 -9.382 -6.16 -8.681 -10.752 -12.472 -13.674 -11.758 -11.064 -12.519 -13.721 -14.557 -15.1 -10.952 -12.958 -14.208 -14.798 -15.156 -13.224 -14.251 -14.829 -15.129 -15.333 -14.253 -13.612 -14.51 -15.471 -15.455 -15.249 -14.296
2.607475 -9.33 -5.802 -8.4 -10.479 -12.267 -13.52 -11.589 -10.803 -12.318 -13.57 -14.452 -15.03 -10.685 -12.775 -14.081 -14.705 -15.088 -13.061 -14.128 -14.738 -15.057 -15.277 -14.139 -13.463 -14.402 -15.439 -15.444 -15.254 -14.196
2.686337 -9.281 -5.458 -8.114 -10.197 -12.054 -13.359 -11.416 -10.534 -12.109 -13.414 -14.343 -14.955 -10.409 -12.585 -13.949 -14.607 -15.017 -12.894 -14.0 -14.643 -14.983 -15.217 -14.021 -13.307 -14.29 -15.406 -15.431 -15.257 -14.095
2.767583 -9.235 -5.134 -7.824 -9.906 -11.833 -13.193 -11.239 -10.254 -11.893 -13.251 -14.229 -14.877 -10.123 -12.389 -13.812 -14.505 -14.942 -12.723 -13.868 -14.543 -14.904 -15.155 -13.899 -13.147 -14.174 -15.37 -15.417 -15.26 -13.991
2.851287 -9.19 -4.838 -7.53 -9.604 -11.605 -13.02 -11.058 -9.966 -11.67 -13.083 -14.111 -14.796 -9.827 -12.185 -13.669 -14.399 -14.863 -12.549 -13.73 -14.439 -14.822 -15.089 -13.773 -12.98 -14.053 -15.331 -15.401 -15.262 -13.884
2.937522 -9.147 -4.578 -7.231 -9.293 -11.369 -12.84 -10.873 -9.667 -11.439 -12.908 -13.988 -14.71 -9.521 -11.974 -13.52 -14.287 -14.781 -12.371 -13.588 -14.33 -14.736 -15.021 -13.642 -12.808 -13.927 -15.291 -15.383 -15.263 -13.776
3.026365 -9.105 -4.356 -6.929 -8.971 -11.124 -12.654 -10.684 -9.359 -11.2 -12.726 -13.86 -14.622 -9.205 -11.756 -13.366 -14.172 -14.695 -12.191 -13.44 -14.217 -14.646 -14.949 -13.507 -12.629 -13.796 -15.248 -15.364 -15.263 -13.666
3.117896 -9.064 -4.173 -6.622 -8.639 -10.871 -12.461 -10.49 -9.041 -10.953 -12.538 -13.727 -14.529 -8.878 -11.53 -13.205 -14.051 -14.605 -12.009 -13.288 -14.1 -14.553 -14.874 -13.367 -12.445 -13.66 -15.202 -15.343 -15.262 -13.555
3.212194 -9.023 -4.026 -6.311 -8.296 -10.61 -12.26 -10.293 -8.712 -10.698 -12.343 -13.59 -14.432 -8.541 -11.296 -13.039 -13.925 -14.511 -11.827 -13.13 -13.978 -14.455 -14.795 -13.222 -12.254 -13.52 -15.154 -15.321 -15.26 -13.442
3.309345 -8.982 -3.91 -5.995 -7.942 -10.34 -12.053 -10.092 -8.372 -10.435 -12.142 -13.447 -14.331 -8.192 -11.055 -12.866 -13.795 -14.413 -11.645 -12.968 -13.851 -14.353 -14.714 -13.072 -12.057 -13.374 -15.103 -15.297 -15.257 -13.327
3.409434 -8.942 -3.818 -5.675 -7.577 -10.06 -11.838 -9.887 -8.022 -10.163 -11.933 -13.3 -14.226 -7.833 -10.805 -12.687 -13.659 -14.311 -11.464 -12.801 -13.72 -14.247 -14.629 -12.918 -11.854 -13.222 -15.049 -15.271 -15.253 -13.212
3.51255 -8.902 -3.743 -5.351 -7.2 -9.772 -11.615 -9.679 -7.66 -9.883 -11.717 -13.147 -14.117 -7.462 -10.548 -12.502 -13.518 -14.204 -11.285 -12.629 -13.583 -14.136 -14.541 -12.758 -11.643 -13.066 -14.993 -15.243 -15.248 -13.097
3.618785 -8.861 -3.68 -5.021 -6.812 -9.475 -11.385 -9.468 -7.288 -9.593 -11.493 -12.989 -14.004 -7.079 -10.282 -12.309 -13.372 -14.094 -11.112 -12.453 -13.442 -14.022 -14.449 -12.594 -11.427 -12.904 -14.934 -15.213 -15.241 -12.981
3.728232 -8.821 -3.626 -4.686 -6.412 -9.167 -11.147 -9.253 -6.903 -9.295 -11.263 -12.825 -13.887 -6.684 -10.007 -12.111 -13.22 -13.978 -10.943 -12.273 -13.296 -13.903 -14.354 -12.424 -11.203 -12.737 -14.872 -15.182 -15.234 -12.865
3.84099 -8.769 -3.57 -4.536 -6.239 -9.026 -11.028 -9.144 -6.736 -9.157 -11.146 -12.731 -13.808 -6.513 -9.876 -12.005 -13.13 -13.9 -10.851 -12.174 -13.208 -13.824 -14.283 -12.328 -11.09 -12.642 -14.812 -15.132 -15.192 -12.788
3.957158 -8.71 -3.512 -4.478 -6.181 -8.968 -10.97 -9.085 -6.678 -9.099 -11.088 -12.673 -13.75 -6.455 -9.818 -11.947 -13.071 -13.842 -10.793 -12.116 -13.15 -13.766 -14.225 -12.27 -11.031 -12.583 -14.753 -15.074 -15.134 -12.73
4.07684 -8.652 -3.454 -4.42 -6.122 -8.909 -10.911 -9.027 -6.619 -9.04 -11.03 -12.615 -13.692 -6.397 -9.76 -11.888 -13.013 -13.784 -10.734 -12.058 -13.092 -13.707 -14.167 -12.211 -10.973 -12.525 -14.695 -15.015 -15.076 -12.671
4.200141 -8.594 -3.396 -4.361 -6.064 -8.851 -10.853 -8.969 -6.561 -8.982 -10.972 -12.557 -13.633 -6.338 -9.701 -11.83 -12.955 -13.726 -10.676 -12.0 -13.033 -13.649 -14.108 -12.153 -10.915 -12.467 -14.637 -14.957 -15.018 -12.613
4.327172 -8.536 -3.337 -4.303 -6.006 -8.793 -10.795 -8.911 -6.503 -8.924 -10.914 -12.498 -13.575 -6.28 -9.643 -11.772 -12.897 -13.668 -10.618 -11.941 -12.975 -13.591 -14.05 -12.095 -10.857 -12.409 -14.579 -14.899 -14.96 -12.555
4.458044 -8.478 -3.279 -4.245 -5.948 -8.735 -10.737 -8.853 -6.445 -8.866 -10.856 -12.44 -13.517 -6.222 -9.585 -11.714 -12.839 -13.61 -10.56 -11.883 -12.917 -13.533 -13.992 -12.037 -10.799 -12.351 -14.521 -14.841 -14.902 -12.497
4.592874 -8.42 -3.221 -4.187 -5.89 -8.677 -10.679 -8.795 -6.387 -8.808 -10.798 -12.382 -13.459 -6.164 -9.527 -11.656 -12.781 -13.552 -10.502 -11.825 -12.859 -13.475 -13.934 -11.979 -10.741 -12.293 -14.463 -14.783 -14.844 -12.439
4.731783 -8.362 -3.164 -4.13 -5.832 -8.619 -10.621 -8.737 -6.329 -8.75 -10.74 -12.325 -13.401 -6.106 -9.47 -11.598 -12.723 -13.494 -10.444 -11.768 -12.802 -13.417 -13.876 -11.921 -10.683 -12.235 -14.405 -14.725 -14.786 -12.381
4.874892 -8.304 -3.106 -4.072 -5.775 -8.561 -10.564 -8.679 -6.271 -8.692 -10.682 -12.267 -13.344 -6.049 -9.412 -11.541 -12.665 -13.436 -10.386 -11.71 -12.744 -13.359 -13.819 -11.864 -10.625 -12.177 -14.347 -14.668 -14.728 -12.324
5.02233 -8.247 -3.048 -4.014 -5.717 -8.504 -10.506 -8.622 -6.214 -8.635 -10.624 -12.209 -13.286 -5.991 -9.354 -11.483 -12.608 -13.378 -10.329 -11.652 -12.686 -13.302 -13.761 -11.806 -10.568 -12.12 -14.29 -14.61 -14.67 -12.266
5.174227 -8.189 -2.991 -3.957 -5.66 -8.446 -10.449 -8.564 -6.156 -8.577 -10.567 -12.152 -13.229 -5.934 -9.297 -11.425 -12.55 -13.321 -10.271 -11.595 -12.629 -13.244 -13.704 -11.748 -10.51 -12.062 -14.232 -14.552 -14.613 -12.209
5.330718 -8.132 -2.933 -3.899 -5.602 -8.389 -10.391 -8.507 -6.099 -8.52 -10.51 -12.094 -13.171 -5.876 -9.239 -11.368 -12.493 -13.264 -10.214 -11.537 -12.571 -13.187 -13.646 -11.691 -10.453 -12.005 -14.175 -14.495 -14.556 -12.151
5.491942 -8.075 -2.876 -3.842 -5.545 -8.332 -10.334 -8.45 -6.042 -8.463 -10.452 -12.037 -13.114 -5.819 -9.182 -11.311 -12.436 -13.206 -10.157 -11.48 -12.514 -13.13 -13.589 -11.634 -10.396 -11.948 -14.118 -14.438 -14.498 -12.094
5.658042 -8.018 -2.819 -3.785 -5.488 -8.275 -10.277 -8.392 -5.985 -8.406 -10.395 -11.98 -13.057 -5.762 -9.125 -11.254 -12.378 -13.149 -10.1 -11.423 -12.457 -13.073 -13.532 -11.577 -10.338 -11.89 -14.061 -14.381 -14.441 -12.037
5.829166 -7.961 -2.762 -3.728 -5.431 -8.218 -10.22 -8.336 -5.928 -8.349 -10.338 -11.923 -13.0 -5.705 -9.068 -11.197 -12.322 -13.092 -10.043 -11.366 -12.4 -13.016 -13.475 -11.52 -10.282 -11.834 -14.004 -14.324 -14.384 -11.98
6.005465 -7.904 -2.706 -3.671 -5.374 -8.161 -10.163 -8.279 -5.871 -8.292 -10.282 -11.867 -12.943 -5.648 -9.011 -11.14 -12.265 -13.036 -9.986 -11.31 -12.343 -12.959 -13.418 -11.463 -10.225 -11.777 -13.947 -14.267 -14.328 -11.923
6.187096 -7.847 -2.649 -3.615 -5.318 -8.104 -10.107 -8.222 -5.814 -8.235 -10.225 -11.81 -12.887 -5.592 -8.955 -11.084 -12.208 -12.979 -9.929 -11.253 -12.287 -12.903 -13.362 -11.407 -10.168 -11.72 -13.89 -14.211 -14.271 -11.867
6.37422 -7.791 -2.592 -3.558 -5.261 -8.048 -10.05 -8.166 -5.758 -8.179 -10.169 -11.753 -12.83 -5.535 -8.898 -11.027 -12.152 -12.923 -9.873 -11.196 -12.23 -12.846 -13.305 -11.35 -10.112 -11.664 -13.834 -14.154 -14.215 -11.81
6.567004 -7.735 -2.536 -3.502 -5.205 -7.992 -9.994 -8.109 -5.702 -8.123 -10.112 -11.697 -12.774 -5.479 -8.842 -10.971 -12.095 -12.866 -9.817 -11.14 -12.174 -12.79 -13.249 -11.294 -10.055 -11.607 -13.778 -14.098 -14.158 -11.754
6.765619 -7.678 -2.48 -3.446 -5.149 -7.936 -9.938 -8.053 -5.646 -8.067 -10.056 -11.641 -12.718 -5.423 -8.786 -10.915 -12.039 -12.81 -9.761 -11.084 -12.118 -12.734 -13.193 -11.238 -9.999 -11.551 -13.721 -14.042 -14.102 -11.698
6.97024 -7.622 -2.424 -3.39 -5.093 -7.88 -9.882 -7.997 -5.59 -8.011 -10.0 -11.585 -12.662 -5.367 -8.73 -10.859 -11.983 -12.754 -9.705 -11.028 -12.062 -12.678 -13.137 -11.182 -9.943 -11.495 -13.665 -13.986 -14.046 -11.642
7.181051 -7.567 -2.368 -3.334 -5.037 -7.824 -9.826 -7.941 -5.534 -7.955 -9.944 -11.529 -12.606 -5.311 -8.674 -10.803 -11.927 -12.698 -9.649 -10.972 -12.006 -12.622 -13.081 -11.126 -9.887 -11.439 -13.609 -13.93 -13.99 -11.586
7.398237 -7.511 -2.312 -3.278 -4.981 -7.768 -9.77 -7.886 -5.478 -7.899 -9.889 -11.473 -12.55 -5.255 -8.618 -10.747 -11.872 -12.643 -9.593 -10.916 -11.95 -12.566 -13.025 -11.07 -9.832 -11.384 -13.554 -13.874 -13.935 -11.53
7.621991 -7.455 -2.257 -3.223 -4.926 -7.712 -9.715 -7.83 -5.422 -7.843 -9.833 -11.418 -12.495 -5.2 -8.563 -10.691 -11.816 -12.587 -9.537 -10.861 -11.895 -12.51 -12.97 -11.014 -9.776 -11.328 -13.498 -13.818 -13.879 -11.475
7.852513 -7.4 -2.201 -3.167 -4.87 -7.657 -9.659 -7.775 -5.367 -7.788 -9.777 -11.362 -12.439 -5.144 -8.507 -10.636 -11.761 -12.531 -9.482 -10.805 -11.839 -12.455 -12.914 -10.959 -9.721 -11.273 -13.443 -13.763 -13.824 -11.419
8.090007 -7.344 -2.146 -3.112 -4.815 -7.601 -9.604 -7.719 -5.312 -7.732 -9.722 -11.307 -12.384 -5.089 -8.452 -10.581 -11.705 -12.476 -9.426 -10.75 -11.784 -12.4 -12.859 -10.904 -9.665 -11.217 -13.387 -13.708 -13.768 -11.364
8.334684 -7.289 -2.091 -3.057 -4.759 -7.546 -9.548 -7.664 -5.256 -7.677 -9.667 -11.252 -12.328 -5.034 -8.397 -10.525 -11.65 -12.421 -9.371 -10.695 -11.729 -12.344 -12.803 -10.848 -9.61 -11.162 -13.332 -13.652 -13.713 -11.308
8.586761 -7.234 -2.035 -3.001 -4.704 -7.491 -9.493 -7.609 -5.201 -7.622 -9.612 -11.196 -12.273 -4.978 -8.341 -10.47 -11.595 -12.366 -9.316 -10.639 -11.673 -12.289 -12.748 -10.793 -9.555 -11.107 -13.277 -13.597 -13.658 -11.253
8.846461 -7.179 -1.98 -2.946 -4.649 -7.436 -9.438 -7.554 -5.146 -7.567 -9.556 -11.141 -12.218 -4.923 -8.286 -10.415 -11.54 -12.31 -9.261 -10.584 -11.618 -12.234 -12.693 -10.738 -9.5 -11.052 -13.222 -13.542 -13.603 -11.198
9.114017 -7.124 -1.925 -2.891 -4.594 -7.381 -9.383 -7.499 -5.091 -7.512 -9.501 -11.086 -12.163 -4.868 -8.231 -10.36 -11.485 -12.255 -9.206 -10.529 -11.563 -12.179 -12.638 -10.683 -9.445 -10.997 -13.167 -13.487 -13.547 -11.143
9.389664 -7.069 -1.87 -2.836 -4.539 -7.326 -9.328 -7.444 -5.036 -7.457 -9.446 -11.031 -12.108 -4.813 -8.176 -10.305 -11.43 -12.2 -9.151 -10.474 -11.508 -12.124 -12.583 -10.628 -9.39 -10.942 -13.112 -13.432 -13.492 -11.088
9.673648 -7.014 -1.815 -2.781 -4.484 -7.271 -9.273 -7.389 -4.981 -7.402 -9.391 -10.976 -12.053 -4.758 -8.121 -10.25 -11.375 -12.145 -9.096 -10.419 -11.453 -12.069 -12.528 -10.573 -9.335 -10.887 -13.057 -13.377 -13.438 -11.033
9.966221 -6.959 -1.76 -2.726 -4.429 -7.216 -9.218 -7.334 -4.926 -7.347 -9.337 -10.921 -11.998 -4.703 -8.066 -10.195 -11.32 -12.091 -9.041 -10.364 -11.398 -12.014 -12.473 -10.518 -9.28 -10.832 -13.002 -13.322 -13.383 -10.978
10.267642 -6.904 -1.706 -2.671 -4.374 -7.161 -9.163 -7.279 -4.871 -7.292 -9.282 -10.866 -11.943 -4.648 -8.011 -10.14 -11.265 -12.036 -8.986 -10.309 -11.343 -11.959 -12.418 -10.463 -9.225 -10.777 -12.947 -13.267 -13.328 -10.923
10.57818 -6.849 -1.651 -2.616 -4.319 -7.106 -9.108 -7.224 -4.816 -7.237 -9.227 -10.812 -11.888 -4.593 -7.956 -10.085 -11.21 -11.981 -8.931 -10.255 -11.288 -11.904 -12.363 -10.408 -9.17 -10.722 -12.892 -13.212 -13.273 -10.868
10.89811 -6.794 -1.596 -2.562 -4.264 -7.051 -9.053 -7.169 -4.761 -7.182 -9.172 -10.757 -11.834 -4.539 -7.902 -10.03 -11.155 -11.926 -8.876 -10.2 -11.234 -11.849 -12.308 -10.353 -9.115 -10.667 -12.837 -13.157 -13.218 -10.813
11.227716 -6.739 -1.541 -2.507 -4.209 -6.996 -8.998 -7.114 -4.706 -7.127 -9.117 -10.702 -11.779 -4.484 -7.847 -9.975 -11.1 -11.871 -8.821 -10.145 -11.179 -11.794 -12.254 -10.298 -9.06 -10.612 -12.782 -13.102 -13.163 -10.758
11.56729 -6.684 -1.486 -2.452 -4.155 -6.941 -8.943 -7.059 -4.651 -7.072 -9.062 -10.647 -11.724 -4.429 -7.792 -9.92 -11.045 -11.816 -8.766 -10.09 -11.124 -11.739 -12.199 -10.243 -9.005 -10.557 -12.727 -13.047 -13.108 -10.704
11.917135 -6.629 -1.431 -2.397 -4.1 -6.886 -8.889 -7.004 -4.596 -7.017 -9.007 -10.592 -11.669 -4.374 -7.737 -9.865 -10.99 -11.761 -8.711 -10.035 -11.069 -11.684 -12.144 -10.188 -8.95 -10.502 -12.672 -12.992 -13.053 -10.649
12.277561 -6.574 -1.376 -2.342 -4.044 -6.831 -8.833 -6.949 -4.541 -6.962 -8.952 -10.537 -11.614 -4.319 -7.682 -9.81 -10.935 -11.706 -8.656 -9.98 -11.014 -11.629 -12.089 -10.133 -8.895 -10.447 -12.617 -12.937 -12.998 -10.594
12.648887 -6.519 -1.321 -2.287 -3.989 -6.776 -8.778 -6.894 -4.486 -6.907 -8.897 -10.482 -11.559 -4.264 -7.627 -9.755 -10.88 -11.651 -8.601 -9.925 -10.959 -11.574 -12.033 -10.078 -8.84 -10.392 -12.562 -12.882 -12.943 -10.538
13.031444 -6.464 -1.266 -2.231 -3.934 -6.721 -8.723 -6.839 -4.431 -6.852 -8.842 -10.426 -11.503 -4.208 -7.571 -9.7 -10.825 -11.596 -8.546 -9.87 -10.903 -11.519 -11.978 -10.023 -8.785 -10.337 -12.507 -12.827 -12.888 -10.483
13.425571 -6.409 -1.21 -2.176 -3.879 -6.666 -8.668 -6.784 -4.376 -6.797 -8.786 -10.371 -11.448 -4.153 -7.516 -9.645 -10.77 -11.54 -8.491 -9.814 -10.848 -11.464 -11.923 -9.968 -8.73 -10.282 -12.452 -12.772 -12.832 -10.428
13.831619 -6.353 -1.155 -2.121 -3.824 -6.611 -8.613 -6.728 -4.321 -6.742 -8.731 -10.316 -11.393 -4.098 -7.461 -9.59 -10.714 -11.485 -8.436 -9.759 -10.793 -11.409 -11.868 -9.913 -8.674 -10.226 -12.396 -12.717 -12.777 -10.373
14.249947 -6.298 -1.1 -2.066 -3.768 -6.555 -8.557 -6.673 -4.265 -6.686 -8.676 -10.261 -11.337 -4.042 -7.405 -9.534 -10.659 -11.43 -8.38 -9.704 -10.737 -11.353 -11.812 -9.857 -8.619 -10.171 -12.341 -12.661 -12.722 -10.317
14.680926 -6.243 -1.044 -2.01 -3.713 -6.5 -8.502 -6.617 -4.21 -6.631 -8.62 -10.205 -11.282 -3.987 -7.35 -9.479 -10.603 -11.374 -8.325 -9.648 -10.682 -11.298 -11.757 -9.802 -8.563 -10.115 -12.285 -12.606 -12.666 -10.262
15.124941 -6.187 -0.989 -1.954 -3.657 -6.444 -8.446 -6.562 -4.154 -6.575 -8.565 -10.15 -11.226 -3.931 -7.294 -9.423 -10.548 -11.319 -8.269 -9.593 -10.626 -11.242 -11.701 -9.746 -8.508 -10.06 -12.23 -12.55 -12.611 -10.206
15.582385 -6.131 -0.933 -1.899 -3.602 -6.388 -8.391 -6.506 -4.098 -6.519 -8.509 -10.094 -11.171 -3.876 -7.239 -9.368 -10.492 -11.263 -8.213 -9.537 -10.571 -11.186 -11.646 -9.691 -8.452 -10.004 -12.174 -12.495 -12.555 -10.151
16.053663 -6.076 -0.877 -1.843 -3.546 -6.333 -8.335 -6.45 -4.043 -6.464 -8.453 -10.038 -11.115 -3.82 -7.183 -9.312 -10.436 -11.207 -8.158 -9.481 -10.515 -11.131 -11.59 -9.635 -8.396 -9.948 -12.118 -12.439 -12.499 -10.095
16.539195 -6.02 -0.821 -1.787 -3.49 -6.277 -8.279 -6.395 -3.987 -6.408 -8.397 -9.982 -11.059 -3.764 -7.127 -9.256 -10.381 -11.151 -8.102 -9.425 -10.459 -11.075 -11.534 -9.579 -8.341 -9.893 -12.063 -12.383 -12.443 -10.039
17.039412 -5.964 -0.765 -1.731 -3.434 -6.221 -8.223 -6.339 -3.931 -6.352 -8.341 -9.926 -11.003 -3.708 -7.071 -9.2 -10.325 -11.095 -8.046 -9.369 -10.403 -11.019 -11.478 -9.523 -8.285 -9.837 -12.007 -12.327 -12.387 -9.983
17.554757 -5.908 -0.709 -1.675 -3.378 -6.165 -8.167 -6.282 -3.875 -6.296 -8.285 -9.87 -10.947 -3.652 -7.015 -9.144 -10.268 -11.039 -7.99 -9.313 -10.347 -10.963 -11.422 -9.467 -8.228 -9.781 -11.951 -12.271 -12.331 -9.927
18.085689 -5.851 -0.653 -1.619 -3.322 -6.109 -8.111 -6.226 -3.819 -6.24 -8.229 -9.814 -10.891 -3.596 -6.959 -9.088 -10.212 -10.983 -7.934 -9.257 -10.291 -10.907 -11.366 -9.411 -8.172 -9.724 -11.894 -12.215 -12.275 -9.871
18.632678 -5.795 -0.597 -1.563 -3.265 -6.052 -8.054 -6.17 -3.762 -6.183 -8.173 -9.758 -10.835 -3.54 -6.903 -9.031 -10.156 -10.927 -7.877 -9.201 -10.235 -10.85 -11.309 -9.354 -8.116 -9.668 -11.838 -12.158 -12.219 -9.814
19.196211 -5.739 -0.54 -1.506 -3.209 -5.996 -7.998 -6.114 -3.706 -6.127 -8.116 -9.701 -10.778 -3.483 -6.846 -8.975 -10.1 -10.87 -7.821 -9.144 -10.178 -10.794 -11.253 -9.298 -8.06 -9.612 -11.782 -12.102 -12.162 -9.758
19.776787 -5.682 -0.484 -1.45 -3.152 -5.939 -7.941 -6.057 -3.649 -6.07 -8.06 -9.645 -10.722 -3.427 -6.79 -8.918 -10.043 -10.814 -7.764 -9.088 -10.122 -10.737 -11.197 -9.241 -8.003 -9.555 -11.725 -12.045 -12.106 -9.702
20.374923 -5.626 -0.427 -1.393 -3.096 -5.883 -7.885 -6.0 -3.593 -6.014 -8.003 -9.588 -10.665 -3.37 -6.733 -8.862 -9.986 -10.757 -7.708 -9.031 -10.065 -10.681 -11.14 -9.185 -7.946 -9.498 -11.668 -11.989 -12.049 -9.645
20.991149 -5.569 -0.37 -1.336 -3.039 -5.826 -7.828 -5.944 -3.536 -5.957 -7.946 -9.531 -10.608 -3.313 -6.676 -8.805 -9.93 -10.7 -7.651 -8.974 -10.008 -10.624 -11.083 -9.128 -7.89 -9.442 -11.612 -11.932 -11.993 -9.588
21.626011 -5.512 -0.314 -1.279 -2.982 -5.769 -7.771 -5.887 -3.479 -5.9 -7.89 -9.474 -10.551 -3.256 -6.619 -8.748 -9.873 -10.644 -7.594 -8.918 -9.951 -10.567 -11.026 -9.071 -7.833 -9.385 -11.555 -11.875 -11.936 -9.531
22.280075 -5.455 -0.257 -1.222 -2.925 -5.712 -7.714 -5.83 -3.422 -5.843 -7.833 -9.417 -10.494 -3.199 -6.562 -8.691 -9.816 -10.587 -7.537 -8.861 -9.894 -10.51 -10.969 -9.014 -7.776 -9.328 -11.498 -11.818 -11.879 -9.474
22.953921 -5.398 -0.199 -1.165 -2.868 -5.655 -7.657 -5.773 -3.365 -5.786 -7.776 -9.36 -10.437 -3.142 -6.505 -8.634 -9.759 -10.53 -7.48 -8.803 -9.837 -10.453 -10.912 -8.957 -7.719 -9.271 -11.441 -11.761 -11.822 -9.417
23.648147 -5.341 -0.142 -1.108 -2.811 -5.598 -7.6 -5.715 -3.308 -5.729 -7.718 -9.303 -10.38 -3.085 -6.448 -8.577 -9.701 -10.472 -7.423 -8.746 -9.78 -10.396 -10.855 -8.9 -7.661 -9.214 -11.384 -11.704 -11.764 -9.36
24.363369 -5.283 -0.085 -1.051 -2.754 -5.54 -7.543 -5.658 -3.25 -5.671 -7.661 -9.246 -10.323 -3.028 -6.391 -8.52 -9.644 -10.415 -7.365 -8.689 -9.723 -10.338 -10.798 -8.843 -7.604 -9.156 -11.326 -11.647 -11.707 -9.303
25.100222 -5.226 -0.027 -0.993 -2.696 -5.483 -7.485 -5.601 -3.193 -5.614 -7.604 -9.188 -10.265 -2.97 -6.333 -8.462 -9.587 -10.358 -7.308 -8.631 -9.665 -10.281 -10.74 -8.785 -7.547 -9.099 -11.269 -11.589 -11.65 -9.245
25.859362 -5.168 0.03 -0.936 -2.639 -5.425 -7.428 -5.543 -3.135 -5.556 -7.546 -9.131 -10.208 -2.913 -6.276 -8.405 -9.529 -10.3 -7.25 -8.574 -9.608 -10.224 -10.683 -8.728 -7.489 -9.041 -11.211 -11.532 -11.592 -9.188
26.64146 -5.111 0.088 -0.878 -2.581 -5.368 -7.37 -5.486 -3.078 -5.499 -7.488 -9.073 -10.15 -2.855 -6.218 -8.347 -9.472 -10.242 -7.193 -8.516 -9.55 -10.166 -10.625 -8.67 -7.432 -8.984 -11.154 -11.474 -11.534 -9.13
27.447213 -5.053 0.145 -0.82 -2.523 -5.31 -7.312 -5.428 -3.02 -5.441 -7.431 -9.015 -10.092 -2.797 -6.16 -8.289 -9.414 -10.185 -7.135 -8.459 -9.492 -10.108 -10.567 -8.612 -7.374 -8.926 -11.096 -11.416 -11.477 -9.072
28.277335 -4.995 0.203 -0.763 -2.465 -5.252 -7.254 -5.37 -2.962 -5.383 -7.373 -8.958 -10.034 -2.739 -6.103 -8.231 -9.356 -10.127 -7.077 -8.401 -9.435 -10.05 -10.509 -8.554 -7.316 -8.868 -11.038 -11.358 -11.419 -9.014
29.132564 -4.937 0.261 -0.705 -2.407 -5.194 -7.196 -5.312 -2.904 -5.325 -7.315 -8.9 -9.977 -2.682 -6.045 -8.173 -9.298 -10.069 -7.019 -8.343 -9.377 -9.992 -10.451 -8.496 -7.258 -8.81 -10.98 -11.3 -11.361 -8.956
30.013659 -4.879 0.319 -0.646 -2.349 -5.136 -7.138 -5.254 -2.846 -5.267 -7.257 -8.842 -9.918 -2.623 -5.986 -8.115 -9.24 -10.011 -6.961 -8.285 -9.318 -9.934 -10.393 -8.438 -7.2 -8.752 -10.922 -11.242 -11.303 -8.898
30.921401 -4.821 0.378 -0.588 -2.291 -5.078 -7.08 -5.196 -2.788 -5.209 -7.199 -8.783 -9.86 -2.565 -5.928 -8.057 -9.182 -9.953 -6.903 -8.226 -9.26 -9.876 -10.335 -8.38 -7.142 -8.694 -10.864 -11.184 -11.245 -8.84
31.856598 -4.763 0.436 -0.53 -2.233 -5.02 -7.022 -5.137 -2.73 -5.151 -7.14 -8.725 -9.802 -2.507 -5.87 -7.999 -9.123 -9.894 -6.845 -8.168 -9.202 -9.818 -10.277 -8.322 -7.083 -8.635 -10.805 -11.126 -11.186 -8.782
32.820079 -4.704 0.494 -0.472 -2.174 -4.961 -6.963 -5.079 -2.671 -5.092 -7.082 -8.667 -9.744 -2.449 -5.812 -7.94 -9.065 -9.836 -6.786 -8.11 -9.144 -9.759 -10.219 -8.263 -7.025 -8.577 -10.747 -11.067 -11.128 -8.723
33.8127 -4.646 0.553 -0.413 -2.116 -4.903 -6.905 -5.021 -2.613 -5.034 -7.023 -8.608 -9.685 -2.39 -5.753 -7.882 -9.007 -9.777 -6.728 -8.051 -9.085 -9.701 -10.16 -8.205 -6.966 -8.519 -10.689 -11.009 -11.069 -8.665
34.835342 -4.587 0.611 -0.355 -2.057 -4.844 -6.846 -4.962 -2.554 -4.975 -6.965 -8.55 -9.626 -2.331 -5.695 -7.823 -8.948 -9.719 -6.669 -7.993 -9.027 -9.642 -10.101 -8.146 -6.908 -8.46 -10.63 -10.95 -11.011 -8.606
35.888913 -4.528 0.67 -0.296 -1.999 -4.785 -6.788 -4.903 -2.496 -4.917 -6.906 -8.491 -9.568 -2.273 -5.636 -7.765 -8.889 -9.66 -6.61 -7.934 -8.968 -9.584 -10.043 -8.088 -6.849 -8.401 -10.571 -10.892 -10.952 -8.548
36.974349 -4.47 0.729 -0.237 -1.94 -4.727 -6.729 -4.844 -2.437 -4.858 -6.847 -8.432 -9.509 -2.214 -5.577 -7.706 -8.83 -9.601 -6.552 -7.875 -8.909 -9.525 -9.984 -8.029 -6.79 -8.342 -10.512 -10.833 -10.893 -8.489
38.092613 -4.411 0.788 -0.178 -1.881 -4.668 -6.67 -4.786 -2.378 -4.799 -6.788 -8.373 -9.45 -2.155 -5.518 -7.647 -8.772 -9.542 -6.493 -7.816 -8.85 -9.466 -9.925 -7.97 -6.732 -8.284 -10.454 -10.774 -10.834 -8.43
39.244698 -4.352 0.847 -0.119 -1.822 -4.609 -6.611 -4.727 -2.319 -4.74 -6.729 -8.314 -9.391 -2.096 -5.459 -7.588 -8.713 -9.483 -6.434 -7.757 -8.791 -9.407 -9.866 -7.911 -6.673 -8.225 -10.395 -10.715 -10.775 -8.371
40.431627 -4.293 0.906 -0.06 -1.763 -4.55 -6.552 -4.667 -2.26 -4.681 -6.67 -8.255 -9.332 -2.037 -5.4 -7.529 -8.653 -9.424 -6.375 -7.698 -8.732 -9.348 -9.807 -7.852 -6.613 -8.165 -10.336 -10.656 -10.716 -8.312
41.654454 -4.233 0.965 -0.001 -1.704 -4.491 -6.493 -4.608 -2.201 -4.622 -6.611 -8.196 -9.273 -1.978 -5.341 -7.47 -8.594 -9.365 -6.316 -7.639 -8.673 -9.289 -9.748 -7.793 -6.554 -8.106 -10.276 -10.597 -10.657 -8.253
42.914265 -4.174 1.024 0.058 -1.644 -4.431 -6.433 -4.549 -2.141 -4.562 -6.552 -8.137 -9.214 -1.919 -5.282 -7.41 -8.535 -9.306 -6.256 -7.58 -8.614 -9.229 -9.688 -7.733 -6.495 -8.047 -10.217 -10.537 -10.598 -8.193
44.212178 -4.115 1.084 0.118 -1.585 -4.372 -6.374 -4.49 -2.082 -4.503 -6.492 -8.077 -9.154 -1.859 -5.222 -7.351 -8.476 -9.246 -6.197 -7.52 -8.554 -9.17 -9.629 -7.674 -6.436 -7.988 -10.158 -10.478 -10.539 -8.134
45.549345 -4.055 1.143 0.177 -1.526 -4.312 -6.315 -4.43 -2.022 -4.443 -6.433 -8.018 -9.095 -1.8 -5.163 -7.291 -8.416 -9.187 -6.137 -7.461 -8.495 -9.11 -9.57 -7.615 -6.376 -7.928 -10.098 -10.418 -10.479 -8.075
46.926954 -3.996 1.203 0.237 -1.466 -4.253 -6.255 -4.371 -1.963 -4.384 -6.373 -7.958 -9.035 -1.74 -5.103 -7.232 -8.357 -9.127 -6.078 -7.401 -8.435 -9.051 -9.51 -7.555 -6.317 -7.869 -10.039 -10.359 -10.42 -8.015
48.346227 -3.936 1.262 0.296 -1.406 -4.193 -6.195 -4.311 -1.903 -4.324 -6.314 -7.899 -8.975 -1.68 -5.044 -7.172 -8.297 -9.068 -6.018 -7.342 -8.376 -8.991 -9.45 -7.495 -6.257 -7.809 -9.979 -10.299 -10.36 -7.955
49.808426 -3.876 1.322 0.356 -1.347 -4.133 -6.136 -4.251 -1.843 -4.264 -6.254 -7.839 -8.916 -1.621 -4.984 -7.113 -8.237 -9.008 -5.958 -7.282 -8.316 -8.931 -9.391 -7.436 -6.197 -7.749 -9.919 -10.24 -10.3 -7.896
51.314848 -3.817 1.382 0.416 -1.287 -4.074 -6.076 -4.191 -1.784 -4.205 -6.194 -7.779 -8.856 -1.561 -4.924 -7.053 -8.177 -8.948 -5.899 -7.222 -8.256 -8.872 -9.331 -7.376 -6.137 -7.689 -9.859 -10.18 -10.24 -7.836
52.86683 -3.757 1.442 0.476 -1.227 -4.014 -6.016 -4.131 -1.724 -4.145 -6.134 -7.719 -8.796 -1.501 -4.864 -6.993 -8.117 -8.888 -5.839 -7.162 -8.196 -8.812 -9.271 -7.316 -6.077 -7.629 -9.799 -10.12 -10.18 -7.776
54.465752 -3.697 1.502 0.536 -1.167 -3.954 -5.956 -4.071 -1.664 -4.085 -6.074 -7.659 -8.736 -1.441 -4.804 -6.933 -8.057 -8.828 -5.779 -7.102 -8.136 -8.752 -9.211 -7.256 -6.017 -7.569 -9.739 -10.06 -10.12 -7.716
56.113031 -3.636 1.562 0.596 -1.107 -3.894 -5.896 -4.011 -1.604 -4.025 -6.014 -7.599 -8.676 -1.381 -4.744 -6.873 -7.997 -8.768 -5.719 -7.042 -8.076 -8.692 -9.151 -7.196 -5.957 -7.509 -9.679 -10.0 -10.06 -7.656
57.810132 -3.576 1.622 0.656 -1.047 -3.833 -5.836 -3.951 -1.543 -3.964 -5.954 -7.539 -8.616 -1.321 -4.684 -6.812 -7.937 -8.708 -5.658 -6.982 -8.016 -8.631 -9.091 -7.135 -5.897 -7.449 -9.619 -9.939 -10.0 -7.596
59.55856 -3.516 1.682 0.717 -0.986 -3.773 -5.775 -3.891 -1.483 -3.904 -5.894 -7.479 -8.555 -1.26 -4.623 -6.752 -7.877 -8.648 -5.598 -6.922 -7.955 -8.571 -9.03 -7.075 -5.837 -7.389 -9.559 -9.879 -9.94 -7.535
61.359868 -3.456 1.743 0.777 -0.926 -3.713 -5.715 -3.83 -1.423 -3.844 -5.833 -7.418 -8.495 -1.2 -4.563 -6.692 -7.817 -8.587 -5.538 -6.861 -7.895 -8.511 -8.97 -7.015 -5.776 -7.329 -9.499 -9.819 -9.879 -7.475
63.215655 -3.395 1.803 0.837 -0.866 -3.652 -5.654 -3.77 -1.362 -3.783 -5.773 -7.358 -8.435 -1.14 -4.503 -6.631 -7.756 -8.527 -5.477 -6.801 -7.835 -8.45 -8.91 -6.954 -5.716 -7.268 -9.438 -9.758 -9.819 -7.415
65.127569 -3.335 1.864 0.898 -0.805 -3.592 -5.594 -3.71 -1.302 -3.723 -5.712 -7.297 -8.374 -1.079 -4.442 -6.571 -7.696 -8.466 -5.417 -6.74 -7.774 -8.39 -8.849 -6.894 -5.656 -7.208 -9.378 -9.698 -9.758 -7.354
67.097308 -3.274 1.924 0.958 -0.744 -3.531 -5.533 -3.649 -1.241 -3.662 -5.652 -7.237 -8.313 -1.019 -4.382 -6.51 -7.635 -8.406 -5.356 -6.68 -7.714 -8.329 -8.788 -6.833 -5.595 -7.147 -9.317 -9.637 -9.698 -7.293
69.126621 -3.213 1.985 1.019 -0.684 -3.471 -5.473 -3.588 -1.181 -3.602 -5.591 -7.176 -8.253 -0.958 -4.321 -6.45 -7.574 -8.345 -5.296 -6.619 -7.653 -8.269 -8.728 -6.773 -5.534 -7.086 -9.256 -9.577 -9.637 -7.233
71.217308 -3.153 2.046 1.08 -0.623 -3.41 -5.412 -3.527 -1.12 -3.541 -5.53 -7.115 -8.192 -0.897 -4.26 -6.389 -7.513 -8.284 -5.235 -6.558 -7.592 -8.208 -8.667 -6.712 -5.473 -7.026 -9.196 -9.516 -9.576 -7.172
73.371227 -3.092 2.107 1.141 -0.562 -3.349 -5.351 -3.467 -1.059 -3.48 -5.469 -7.054 -8.131 -0.836 -4.199 -6.328 -7.453 -8.223 -5.174 -6.497 -7.531 -8.147 -8.606 -6.651 -5.413 -6.965 -9.135 -9.455 -9.516 -7.111
75.59029 -3.031 2.168 1.202 -0.501 -3.288 -5.29 -3.406 -0.998 -3.419 -5.409 -6.993 -8.07 -0.775 -4.138 -6.267 -7.392 -8.163 -5.113 -6.436 -7.47 -8.086 -8.545 -6.59 -5.352 -6.904 -9.074 -9.394 -9.455 -7.05
77.876467 -2.97 2.229 1.263 -0.44 -3.227 -5.229 -3.345 -0.937 -3.358 -5.348 -6.932 -8.009 -0.714 -4.077 -6.206 -7.331 -8.102 -5.052 -6.375 -7.409 -8.025 -8.484 -6.529 -5.291 -6.843 -9.013 -9.333 -9.394 -6.989
80.231787 -2.909 2.29 1.324 -0.379 -3.166 -5.168 -3.284 -0.876 -3.297 -5.286 -6.871 -7.948 -0.653 -4.016 -6.145 -7.27 -8.04 -4.991 -6.314 -7.348 -7.964 -8.423 -6.468 -5.23 -6.782 -8.952 -9.272 -9.333 -6.928
82.658343 -2.848 2.351 1.385 -0.318 -3.105 -5.107 -3.222 -0.815 -3.236 -5.225 -6.81 -7.887 -0.592 -3.955 -6.084 -7.208 -7.979 -4.93 -6.253 -7.287 -7.903 -8.362 -6.407 -5.168 -6.721 -8.891 -9.211 -9.271 -6.867
85.158288 -2.786 2.412 1.446 -0.257 -3.044 -5.046 -3.161 -0.754 -3.175 -5.164 -6.749 -7.826 -0.531 -3.894 -6.023 -7.147 -7.918 -4.869 -6.192 -7.226 -7.842 -8.301 -6.346 -5.107 -6.659 -8.829 -9.15 -9.21 -6.806
87.733843 -2.725 2.473 1.507 -0.195 -2.982 -4.984 -3.1 -0.692 -3.113 -5.103 -6.688 -7.765 -0.47 -3.833 -5.961 -7.086 -7.857 -4.807 -6.131 -7.165 -7.78 -8.239 -6.284 -5.046 -6.598 -8.768 -9.088 -9.149 -6.744
90.387293 -2.664 2.535 1.569 -0.134 -2.921 -4.923 -3.039 -0.631 -3.052 -5.041 -6.626 -7.703 -0.408 -3.771 -5.9 -7.025 -7.795 -4.746 -6.069 -7.103 -7.719 -8.178 -6.223 -4.985 -6.537 -8.707 -9.027 -9.088 -6.683
93.120995 -2.602 2.596 1.63 -0.073 -2.859 -4.862 -2.977 -0.569 -2.99 -4.98 -6.565 -7.642 -0.347 -3.71 -5.838 -6.963 -7.734 -4.684 -6.008 -7.042 -7.657 -8.117 -6.161 -4.923 -6.475 -8.645 -8.965 -9.026 -6.622
95.937376 -2.541 2.658 1.692 -0.011 -2.798 -4.8 -2.916 -0.508 -2.929 -4.918 -6.503 -7.58 -0.285 -3.648 -5.777 -6.902 -7.672 -4.623 -5.946 -6.98 -7.596 -8.055 -6.1 -4.862 -6.414 -8.584 -8.904 -8.965 -6.56
98.838937 -2.479 2.719 1.753 0.051 -2.736 -4.738 -2.854 -0.446 -2.867 -4.857 -6.442 -7.519 -0.224 -3.587 -5.715 -6.84 -7.611 -4.561 -5.885 -6.919 -7.534 -7.994 -6.038 -4.8 -6.352 -8.522 -8.842 -8.903 -6.498
101.828253 -2.418 2.781 1.815 0.112 -2.675 -4.677 -2.792 -0.385 -2.806 -4.795 -6.38 -7.457 -0.162 -3.525 -5.654 -6.778 -7.549 -4.5 -5.823 -6.857 -7.473 -7.932 -5.977 -4.738 -6.29 -8.46 -8.781 -8.841 -6.437
104.907979 -2.356 2.843 1.877 0.174 -2.613 -4.615 -2.731 -0.323 -2.744 -4.733 -6.318 -7.395 -0.1 -3.463 -5.592 -6.717 -7.487 -4.438 -5.761 -6.795 -7.411 -7.87 -5.915 -4.677 -6.229 -8.399 -8.719 -8.78 -6.375
108.080849 -2.294 2.904 1.939 0.236 -2.551 -4.553 -2.669 -0.261 -2.682 -4.672 -6.257 -7.333 -0.038 -3.401 -5.53 -6.655 -7.426 -4.376 -5.7 -6.733 -7.349 -7.808 -5.853 -4.615 -6.167 -8.337 -8.657 -8.718 -6.313
111.349681 -2.232 2.966 2.0 0.298 -2.489 -4.491 -2.607 -0.199 -2.62 -4.61 -6.195 -7.272 0.023 -3.34 -5.468 -6.593 -7.364 -4.314 -5.638 -6.672 -7.287 -7.746 -5.791 -4.553 -6.105 -8.275 -8.595 -8.656 -6.251
114.717376 -2.17 3.028 2.062 0.36 -2.427 -4.429 -2.545 -0.137 -2.558 -4.548 -6.133 -7.21 0.085 -3.278 -5.406 -6.531 -7.302 -4.252 -5.576 -6.61 -7.225 -7.685 -5.729 -4.491 -6.043 -8.213 -8.533 -8.594 -6.189
118.186925 -2.108 3.09 2.124 0.422 -2.365 -4.367 -2.483 -0.075 -2.496 -4.486 -6.071 -7.148 0.147 -3.216 -5.344 -6.469 -7.24 -4.19 -5.514 -6.548 -7.163 -7.623 -5.667 -4.429 -5.981 -8.151 -8.471 -8.532 -6.127
121.761408 -2.046 3.152 2.186 0.484 -2.303 -4.305 -2.421 -0.013 -2.434 -4.424 -6.009 -7.085 0.21 -3.154 -5.282 -6.407 -7.178 -4.128 -5.452 -6.486 -7.101 -7.56 -5.605 -4.367 -5.919 -8.089 -8.409 -8.47 -6.065
125.443999 -1.984 3.214 2.249 0.546 -2.241 -4.243 -2.359 0.049 -2.372 -4.362 -5.946 -7.023 0.272 -3.091 -5.22 -6.345 -7.116 -4.066 -5.39 -6.423 -7.039 -7.498 -5.543 -4.305 -5.857 -8.027 -8.347 -8.408 -6.003
129.237967 -1.922 3.277 2.311 0.608 -2.179 -4.181 -2.297 0.111 -2.31 -4.299 -5.884 -6.961 0.334 -3.029 -5.158 -6.283 -7.053 -4.004 -5.327 -6.361 -6.977 -7.436 -5.481 -4.243 -5.795 -7.965 -8.285 -8.346 -5.941
133.146681 -1.86 3.339 2.373 0.67 -2.117 -4.119 -2.234 0.173 -2.248 -4.237 -5.822 -6.899 0.396 -2.967 -5.096 -6.22 -6.991 -3.942 -5.265 -6.299 -6.915 -7.374 -5.419 -4.18 -5.732 -7.902 -8.223 -8.283 -5.879
137.173612 -1.797 3.401 2.435 0.733 -2.054 -4.056 -2.172 0.236 -2.185 -4.175 -5.76 -6.837 0.458 -2.905 -5.033 -6.158 -6.929 -3.879 -5.203 -6.237 -6.852 -7.311 -5.356 -4.118 -5.67 -7.84 -8.16 -8.221 -5.816
141.322334 -1.735 3.464 2.498 0.795 -1.992 -3.994 -2.11 0.298 -2.123 -4.112 -5.697 -6.774 0.521 -2.842 -4.971 -6.096 -6.866 -3.817 -5.14 -6.174 -6.79 -7.249 -5.294 -4.056 -5.608 -7.778 -8.098 -8.159 -5.754
145.596532 -1.672 3.526 2.56 0.857 -1.929 -3.932 -2.047 0.361 -2.06 -4.05 -5.635 -6.712 0.583 -2.78 -4.908 -6.033 -6.804 -3.754 -5.078 -6.112 -6.727 -7.187 -5.232 -3.993 -5.545 -7.715 -8.035 -8.096 -5.692
150.0 -1.61 3.589 2.623 0.92 -1.867 -3.869 -1.985 0.423 -1.998 -3.987 -5.572 -6.649 0.646 -2.717 -4.846 -5.971 -6.741 -3.692 -5.015 -6.049 -6.665 -7.124 -5.169 -3.931 -5.483 -7.653 -7.973 -8.034 -5.629
