# %ECSV 1.0
# ---
# datatype:
# - {name: time, datatype: float64}
# - {name: swift_uvot_uvw2, datatype: float64}
# - {name: swift_uvot_uvm2, datatype: float64}
# - {name: swift_uvot_uvw1, datatype: float64}
# - {name: swift_uvot_U, datatype: float64}
# - {name: swift_uvot_B, datatype: float64}
# - {name: swift_uvot_V, datatype: float64}
# - {name: swift_uvot_W, datatype: float64}
# - {name: johnson_U, datatype: float64}
# - {name: johnson_B, datatype: float64}
# - {name: johnson_V, datatype: float64}
# - {name: johnson_R, datatype: float64}
# - {name: johnson_I, datatype: float64}
# - {name: sdss_u, datatype: float64}
# - {name: sdss_g, datatype: float64}
# - {name: sdss_r, datatype: float64}
# - {name: sdss_i, datatype: float64}
# - {name: sdss_z, datatype: float64}
# - {name: PS1_g, datatype: float64}
# - {name: PS1_r, datatype: float64}
# - {name: PS1_i, datatype: float64}
# - {name: PS1_z, datatype: float64}
# - {name: PS1_Y, datatype: float64}
# - {name: PS1_w, datatype: float64}
# - {name: ATLAS_c, datatype: float64}
# - {name: ATLAS_o, datatype: float64}
# - {name: ukirt_J, datatype: float64}
# - {name: ukirt_H, datatype: float64}
# - {name: ukirt_K, datatype: float64}
# - {name: Clear, datatype: float64}
# meta: !!omap
# - comment: [kappa = 3.0, type = villar, mass = 0.027507471329904786, velocity = 0.265, theta_obs = 0.0]
# schema: astropy-2.0
time swift_uvot_uvw2 swift_uvot_uvm2 swift_uvot_uvw1 swift_uvot_U swift_uvot_B swift_uvot_V swift_uvot_W johnson_U johnson_B johnson_V johnson_R johnson_I sdss_u sdss_g sdss_r sdss_i sdss_z PS1_g PS1_r PS1_i PS1_z PS1_Y PS1_w ATLAS_c ATLAS_o ukirt_J ukirt_H ukirt_K Clear
0.001 nan nan nan nan nan nan nan nan nan nan nan nan nan nan nan nan nan nan nan nan nan nan nan nan nan nan nan nan nan
0.00103 -4.458 -4.512 -4.525 -4.469 -4.287 -4.035 -4.414 -4.446 -4.284 -4.026 -3.726 -3.355 -4.453 -4.209 -3.866 -3.582 -3.3 -4.193 -3.884 -3.602 -3.399 -3.329 -3.895 -4.076 -3.748 -2.706 -2.203 -1.608 -3.943
0.001061 -5.155 -5.141 -5.105 -4.938 -4.701 -4.409 -4.971 -4.906 -4.698 -4.399 -4.07 -3.674 -4.913 -4.609 -4.221 -3.915 -3.615 -4.592 -4.245 -3.942 -3.732 -3.68 -4.261 -4.458 -4.095 -2.997 -2.481 -1.876 -4.319
0.001094 -5.538 -5.489 -5.43 -5.209 -4.946 -4.634 -5.287 -5.172 -4.942 -4.624 -4.282 -3.874 -5.18 -4.848 -4.438 -4.121 -3.813 -4.831 -4.465 -4.153 -3.942 -3.903 -4.483 -4.688 -4.307 -3.184 -2.662 -2.051 -4.545
0.001127 -5.804 -5.732 -5.659 -5.405 -5.127 -4.803 -5.512 -5.366 -5.123 -4.793 -4.443 -4.027 -5.374 -5.024 -4.602 -4.277 -3.965 -5.008 -4.632 -4.315 -4.102 -4.075 -4.65 -4.86 -4.468 -3.329 -2.803 -2.189 -4.715
0.001161 -6.011 -5.921 -5.84 -5.563 -5.274 -4.942 -5.69 -5.521 -5.27 -4.932 -4.576 -4.155 -5.53 -5.168 -4.737 -4.408 -4.093 -5.153 -4.77 -4.449 -4.237 -4.217 -4.787 -5.0 -4.602 -3.452 -2.923 -2.307 -4.855
0.001196 -6.182 -6.079 -5.991 -5.697 -5.4 -5.062 -5.84 -5.655 -5.396 -5.052 -4.692 -4.268 -5.663 -5.293 -4.855 -4.523 -4.205 -5.278 -4.89 -4.566 -4.354 -4.342 -4.907 -5.122 -4.719 -3.56 -3.03 -2.412 -4.976
0.001232 -6.328 -6.216 -6.122 -5.816 -5.513 -5.171 -5.971 -5.772 -5.509 -5.16 -4.798 -4.37 -5.781 -5.404 -4.962 -4.627 -4.307 -5.39 -4.998 -4.672 -4.461 -4.455 -5.015 -5.232 -4.824 -3.66 -3.128 -2.508 -5.084
0.001269 -6.458 -6.337 -6.24 -5.924 -5.616 -5.27 -6.087 -5.879 -5.612 -5.26 -4.895 -4.465 -5.888 -5.506 -5.059 -4.723 -4.402 -5.493 -5.097 -4.77 -4.559 -4.558 -5.113 -5.332 -4.921 -3.752 -3.219 -2.599 -5.184
0.001308 -6.575 -6.448 -6.347 -6.023 -5.712 -5.363 -6.194 -5.978 -5.708 -5.353 -4.985 -4.554 -5.987 -5.601 -5.151 -4.813 -4.49 -5.588 -5.189 -4.862 -4.651 -4.654 -5.206 -5.425 -5.012 -3.839 -3.305 -2.684 -5.277
0.001347 -6.682 -6.549 -6.446 -6.116 -5.801 -5.45 -6.293 -6.07 -5.798 -5.44 -5.071 -4.639 -6.079 -5.69 -5.238 -4.898 -4.575 -5.677 -5.277 -4.948 -4.738 -4.744 -5.293 -5.514 -5.098 -3.922 -3.387 -2.766 -5.365
0.001388 -6.781 -6.644 -6.539 -6.203 -5.887 -5.534 -6.385 -6.157 -5.883 -5.523 -5.154 -4.72 -6.166 -5.774 -5.32 -4.979 -4.656 -5.762 -5.36 -5.031 -4.821 -4.83 -5.376 -5.597 -5.18 -4.002 -3.466 -2.844 -5.449
0.00143 -6.874 -6.733 -6.627 -6.287 -5.968 -5.614 -6.473 -6.24 -5.964 -5.603 -5.232 -4.798 -6.25 -5.855 -5.4 -5.058 -4.733 -5.844 -5.44 -5.11 -4.901 -4.912 -5.456 -5.678 -5.26 -4.079 -3.543 -2.92 -5.529
0.001473 -6.961 -6.818 -6.71 -6.367 -6.046 -5.691 -6.556 -6.32 -6.043 -5.681 -5.309 -4.873 -6.329 -5.933 -5.476 -5.134 -4.809 -5.922 -5.518 -5.187 -4.978 -4.991 -5.533 -5.755 -5.336 -4.154 -3.617 -2.995 -5.606
0.001518 -7.044 -6.899 -6.79 -6.444 -6.122 -5.766 -6.636 -6.397 -6.118 -5.755 -5.383 -4.947 -6.406 -6.009 -5.551 -5.208 -4.882 -5.997 -5.592 -5.262 -5.053 -5.068 -5.608 -5.83 -5.41 -4.227 -3.69 -3.067 -5.681
0.001564 -7.124 -6.976 -6.866 -6.518 -6.196 -5.839 -6.712 -6.471 -6.192 -5.828 -5.455 -5.019 -6.48 -6.082 -5.623 -5.28 -4.954 -6.071 -5.665 -5.334 -5.125 -5.142 -5.68 -5.903 -5.482 -4.298 -3.761 -3.137 -5.754
0.001611 -7.2 -7.051 -6.94 -6.591 -6.267 -5.909 -6.786 -6.543 -6.263 -5.899 -5.526 -5.089 -6.553 -6.153 -5.694 -5.35 -5.024 -6.142 -5.736 -5.405 -5.196 -5.213 -5.751 -5.974 -5.553 -4.367 -3.83 -3.207 -5.825
0.00166 -7.273 -7.123 -7.012 -6.661 -6.337 -5.979 -6.858 -6.614 -6.333 -5.968 -5.595 -5.158 -6.623 -6.223 -5.763 -5.419 -5.093 -6.212 -5.806 -5.474 -5.266 -5.284 -5.82 -6.044 -5.622 -4.436 -3.899 -3.275 -5.894
0.00171 -7.344 -7.193 -7.082 -6.73 -6.405 -6.047 -6.927 -6.682 -6.402 -6.037 -5.663 -5.225 -6.692 -6.291 -5.831 -5.487 -5.161 -6.28 -5.874 -5.542 -5.334 -5.352 -5.888 -6.112 -5.69 -4.503 -3.966 -3.342 -5.962
0.001761 -7.413 -7.261 -7.149 -6.797 -6.472 -6.114 -6.995 -6.75 -6.469 -6.103 -5.729 -5.292 -6.759 -6.358 -5.898 -5.553 -5.227 -6.347 -5.941 -5.609 -5.401 -5.419 -5.955 -6.179 -5.757 -4.57 -4.032 -3.409 -6.029
0.001815 -7.479 -7.327 -7.216 -6.863 -6.538 -6.179 -7.061 -6.815 -6.535 -6.169 -5.795 -5.357 -6.825 -6.424 -5.963 -5.619 -5.293 -6.413 -6.006 -5.675 -5.466 -5.485 -6.021 -6.244 -5.822 -4.635 -4.098 -3.474 -6.095
0.00187 -7.544 -7.392 -7.28 -6.928 -6.603 -6.244 -7.126 -6.88 -6.599 -6.234 -5.86 -5.422 -6.89 -6.489 -6.028 -5.684 -5.357 -6.478 -6.071 -5.739 -5.531 -5.55 -6.086 -6.309 -5.887 -4.7 -4.163 -3.539 -6.16
0.001926 -7.607 -7.456 -7.344 -6.992 -6.667 -6.308 -7.19 -6.944 -6.663 -6.298 -5.924 -5.486 -6.953 -6.553 -6.092 -5.748 -5.421 -6.542 -6.135 -5.803 -5.595 -5.614 -6.149 -6.373 -5.951 -4.764 -4.227 -3.603 -6.224
0.001984 -7.669 -7.518 -7.406 -7.054 -6.73 -6.371 -7.252 -7.007 -6.726 -6.361 -5.987 -5.549 -7.016 -6.616 -6.155 -5.811 -5.485 -6.605 -6.198 -5.866 -5.658 -5.677 -6.213 -6.436 -6.014 -4.827 -4.29 -3.666 -6.287
0.002044 -7.729 -7.579 -7.467 -7.116 -6.792 -6.433 -7.313 -7.069 -6.788 -6.423 -6.049 -5.612 -7.078 -6.678 -6.217 -5.874 -5.547 -6.667 -6.26 -5.929 -5.72 -5.738 -6.275 -6.498 -6.077 -4.89 -4.353 -3.729 -6.349
0.002106 -7.788 -7.638 -7.528 -7.177 -6.853 -6.495 -7.373 -7.13 -6.849 -6.485 -6.111 -5.674 -7.139 -6.739 -6.279 -5.935 -5.609 -6.728 -6.322 -5.99 -5.782 -5.8 -6.337 -6.56 -6.138 -4.952 -4.415 -3.792 -6.411
0.00217 -7.846 -7.697 -7.587 -7.237 -6.914 -6.556 -7.433 -7.19 -6.91 -6.546 -6.172 -5.735 -7.199 -6.8 -6.34 -5.997 -5.671 -6.789 -6.383 -6.052 -5.843 -5.86 -6.398 -6.621 -6.2 -5.014 -4.477 -3.854 -6.472
0.002236 -7.903 -7.755 -7.645 -7.297 -6.974 -6.617 -7.491 -7.249 -6.97 -6.606 -6.233 -5.796 -7.259 -6.86 -6.401 -6.058 -5.732 -6.849 -6.443 -6.112 -5.903 -5.92 -6.458 -6.681 -6.26 -5.075 -4.538 -3.915 -6.532
0.002303 -7.959 -7.812 -7.703 -7.356 -7.033 -6.676 -7.549 -7.308 -7.03 -6.666 -6.293 -5.857 -7.318 -6.92 -6.461 -6.118 -5.792 -6.908 -6.503 -6.172 -5.963 -5.979 -6.518 -6.741 -6.32 -5.136 -4.599 -3.976 -6.592
0.002373 -8.014 -7.869 -7.759 -7.414 -7.092 -6.736 -7.605 -7.367 -7.088 -6.725 -6.353 -5.917 -7.376 -6.979 -6.521 -6.178 -5.853 -6.967 -6.563 -6.232 -6.023 -6.038 -6.578 -6.8 -6.38 -5.197 -4.66 -4.037 -6.651
0.002445 -8.068 -7.924 -7.816 -7.472 -7.151 -6.795 -7.662 -7.425 -7.147 -6.784 -6.412 -5.977 -7.434 -7.037 -6.58 -6.237 -5.912 -7.026 -6.621 -6.291 -6.082 -6.096 -6.637 -6.859 -6.439 -5.257 -4.72 -4.097 -6.71
0.002519 -8.122 -7.979 -7.871 -7.529 -7.209 -6.853 -7.717 -7.482 -7.205 -6.843 -6.471 -6.036 -7.491 -7.096 -6.639 -6.296 -5.972 -7.084 -6.68 -6.35 -6.14 -6.153 -6.695 -6.917 -6.498 -5.316 -4.78 -4.157 -6.768
0.002595 -8.174 -8.033 -7.926 -7.585 -7.266 -6.911 -7.772 -7.539 -7.262 -6.901 -6.53 -6.095 -7.548 -7.153 -6.697 -6.355 -6.031 -7.141 -6.738 -6.408 -6.198 -6.21 -6.753 -6.975 -6.557 -5.376 -4.84 -4.217 -6.826
0.002673 -8.226 -8.086 -7.98 -7.641 -7.323 -6.969 -7.826 -7.595 -7.319 -6.959 -6.588 -6.153 -7.604 -7.21 -6.755 -6.414 -6.089 -7.198 -6.796 -6.466 -6.256 -6.267 -6.811 -7.033 -6.615 -5.435 -4.899 -4.277 -6.884
0.002754 -8.277 -8.139 -8.034 -7.697 -7.38 -7.026 -7.88 -7.651 -7.376 -7.016 -6.646 -6.212 -7.66 -7.267 -6.813 -6.472 -6.148 -7.255 -6.853 -6.523 -6.314 -6.323 -6.869 -7.09 -6.673 -5.494 -4.958 -4.336 -6.941
0.002837 -8.328 -8.192 -8.087 -7.752 -7.436 -7.083 -7.933 -7.706 -7.432 -7.073 -6.703 -6.27 -7.715 -7.324 -6.87 -6.529 -6.206 -7.311 -6.91 -6.581 -6.371 -6.379 -6.926 -7.147 -6.73 -5.552 -5.017 -4.395 -6.998
0.002923 -8.377 -8.243 -8.139 -7.807 -7.492 -7.14 -7.986 -7.761 -7.488 -7.13 -6.76 -6.327 -7.77 -7.38 -6.927 -6.587 -6.263 -7.367 -6.967 -6.638 -6.428 -6.435 -6.982 -7.203 -6.787 -5.61 -5.075 -4.453 -7.055
0.003012 -8.427 -8.294 -8.192 -7.862 -7.547 -7.196 -8.038 -7.816 -7.543 -7.186 -6.817 -6.385 -7.825 -7.436 -6.984 -6.644 -6.321 -7.423 -7.023 -6.694 -6.484 -6.49 -7.039 -7.259 -6.844 -5.668 -5.133 -4.512 -7.111
0.003103 -8.475 -8.345 -8.243 -7.916 -7.602 -7.252 -8.09 -7.87 -7.599 -7.242 -6.874 -6.442 -7.879 -7.491 -7.04 -6.701 -6.378 -7.478 -7.079 -6.751 -6.54 -6.545 -7.095 -7.315 -6.901 -5.726 -5.191 -4.57 -7.167
0.003196 -8.523 -8.395 -8.294 -7.969 -7.657 -7.308 -8.141 -7.924 -7.653 -7.298 -6.93 -6.499 -7.933 -7.546 -7.096 -6.757 -6.435 -7.533 -7.135 -6.807 -6.596 -6.599 -7.151 -7.371 -6.957 -5.784 -5.249 -4.628 -7.223
0.003293 -8.571 -8.445 -8.345 -8.023 -7.712 -7.364 -8.192 -7.977 -7.708 -7.353 -6.986 -6.555 -7.987 -7.601 -7.152 -6.814 -6.492 -7.588 -7.19 -6.863 -6.652 -6.654 -7.207 -7.426 -7.013 -5.841 -5.307 -4.686 -7.278
0.003393 -8.618 -8.495 -8.396 -8.076 -7.766 -7.419 -8.243 -8.031 -7.762 -7.409 -7.042 -6.612 -8.04 -7.656 -7.208 -6.87 -6.548 -7.643 -7.246 -6.918 -6.707 -6.708 -7.262 -7.481 -7.069 -5.898 -5.364 -4.744 -7.333
0.003495 -8.665 -8.543 -8.445 -8.128 -7.82 -7.474 -8.293 -8.084 -7.816 -7.464 -7.098 -6.668 -8.093 -7.71 -7.263 -6.926 -6.605 -7.697 -7.301 -6.974 -6.763 -6.762 -7.317 -7.536 -7.125 -5.955 -5.422 -4.801 -7.388
0.003601 -8.711 -8.592 -8.495 -8.181 -7.874 -7.529 -8.343 -8.136 -7.87 -7.518 -7.153 -6.724 -8.145 -7.764 -7.318 -6.982 -6.661 -7.751 -7.355 -7.029 -6.818 -6.815 -7.372 -7.59 -7.18 -6.012 -5.479 -4.859 -7.443
0.00371 -8.757 -8.64 -8.544 -8.233 -7.927 -7.583 -8.392 -8.189 -7.924 -7.573 -7.209 -6.78 -8.198 -7.818 -7.373 -7.037 -6.717 -7.804 -7.41 -7.084 -6.873 -6.869 -7.427 -7.645 -7.235 -6.068 -5.536 -4.916 -7.497
0.003822 -8.802 -8.688 -8.593 -8.285 -7.981 -7.637 -8.441 -8.241 -7.977 -7.627 -7.264 -6.836 -8.25 -7.872 -7.428 -7.093 -6.773 -7.858 -7.464 -7.138 -6.927 -6.922 -7.481 -7.699 -7.29 -6.125 -5.592 -4.973 -7.551
0.003938 -8.847 -8.735 -8.642 -8.336 -8.034 -7.691 -8.49 -8.292 -8.03 -7.681 -7.319 -6.891 -8.301 -7.925 -7.482 -7.148 -6.828 -7.911 -7.518 -7.193 -6.982 -6.975 -7.535 -7.752 -7.345 -6.181 -5.649 -5.03 -7.605
0.004057 -8.891 -8.782 -8.69 -8.388 -8.086 -7.745 -8.538 -8.344 -8.082 -7.735 -7.373 -6.947 -8.353 -7.978 -7.537 -7.203 -6.884 -7.964 -7.572 -7.247 -7.036 -7.028 -7.589 -7.806 -7.4 -6.237 -5.705 -5.087 -7.659
0.00418 -8.935 -8.828 -8.737 -8.439 -8.139 -7.799 -8.586 -8.395 -8.135 -7.789 -7.428 -7.002 -8.404 -8.031 -7.591 -7.257 -6.939 -8.017 -7.626 -7.302 -7.09 -7.08 -7.643 -7.859 -7.454 -6.293 -5.762 -5.143 -7.713
0.004306 -8.979 -8.874 -8.785 -8.489 -8.191 -7.852 -8.634 -8.446 -8.187 -7.842 -7.482 -7.057 -8.455 -8.084 -7.645 -7.312 -6.994 -8.069 -7.68 -7.356 -7.144 -7.133 -7.697 -7.913 -7.508 -6.349 -5.818 -5.2 -7.766
0.004436 -9.022 -8.92 -8.832 -8.54 -8.243 -7.906 -8.681 -8.497 -8.239 -7.895 -7.536 -7.112 -8.506 -8.136 -7.699 -7.367 -7.049 -8.121 -7.733 -7.41 -7.198 -7.185 -7.75 -7.966 -7.562 -6.404 -5.874 -5.256 -7.819
0.00457 -9.065 -8.966 -8.879 -8.59 -8.295 -7.959 -8.729 -8.548 -8.291 -7.949 -7.59 -7.166 -8.556 -8.188 -7.752 -7.421 -7.104 -8.174 -7.786 -7.463 -7.251 -7.237 -7.804 -8.018 -7.616 -6.46 -5.93 -5.313 -7.872
0.004709 -9.107 -9.011 -8.925 -8.64 -8.347 -8.012 -8.775 -8.598 -8.343 -8.001 -7.644 -7.221 -8.607 -8.24 -7.806 -7.475 -7.158 -8.225 -7.839 -7.517 -7.305 -7.289 -7.857 -8.071 -7.67 -6.515 -5.986 -5.369 -7.925
0.004851 -9.149 -9.055 -8.972 -8.69 -8.398 -8.064 -8.822 -8.648 -8.394 -8.054 -7.697 -7.275 -8.657 -8.292 -7.859 -7.529 -7.213 -8.277 -7.892 -7.57 -7.358 -7.341 -7.91 -8.123 -7.723 -6.571 -6.041 -5.425 -7.977
0.004998 -9.191 -9.1 -9.018 -8.739 -8.449 -8.117 -8.868 -8.698 -8.446 -8.107 -7.751 -7.33 -8.707 -8.344 -7.912 -7.583 -7.267 -8.329 -7.945 -7.624 -7.412 -7.393 -7.962 -8.176 -7.777 -6.626 -6.097 -5.481 -8.03
0.005149 -9.232 -9.144 -9.063 -8.789 -8.5 -8.169 -8.914 -8.747 -8.497 -8.159 -7.804 -7.384 -8.756 -8.396 -7.965 -7.637 -7.322 -8.38 -7.997 -7.677 -7.465 -7.445 -8.015 -8.228 -7.83 -6.681 -6.152 -5.537 -8.082
0.005305 -9.273 -9.188 -9.108 -8.838 -8.551 -8.222 -8.96 -8.797 -8.548 -8.211 -7.857 -7.438 -8.806 -8.447 -8.018 -7.69 -7.376 -8.431 -8.05 -7.73 -7.518 -7.496 -8.067 -8.28 -7.883 -6.736 -6.208 -5.592 -8.134
0.005465 -9.314 -9.231 -9.153 -8.887 -8.602 -8.274 -9.005 -8.846 -8.598 -8.264 -7.91 -7.492 -8.855 -8.498 -8.071 -7.744 -7.43 -8.482 -8.102 -7.783 -7.57 -7.547 -8.12 -8.332 -7.936 -6.791 -6.263 -5.648 -8.186
0.00563 -9.354 -9.274 -9.198 -8.935 -8.653 -8.326 -9.05 -8.895 -8.649 -8.315 -7.963 -7.545 -8.904 -8.549 -8.123 -7.797 -7.484 -8.533 -8.154 -7.835 -7.623 -7.599 -8.172 -8.383 -7.989 -6.845 -6.318 -5.704 -8.238
0.005801 -9.394 -9.317 -9.243 -8.984 -8.703 -8.377 -9.095 -8.944 -8.699 -8.367 -8.016 -7.599 -8.952 -8.6 -8.176 -7.85 -7.537 -8.584 -8.206 -7.888 -7.676 -7.65 -8.224 -8.435 -8.042 -6.9 -6.373 -5.759 -8.29
0.005976 -9.433 -9.36 -9.287 -9.032 -8.753 -8.429 -9.14 -8.992 -8.749 -8.419 -8.069 -7.653 -9.001 -8.651 -8.228 -7.903 -7.591 -8.635 -8.258 -7.941 -7.728 -7.701 -8.276 -8.486 -8.094 -6.955 -6.428 -5.814 -8.341
0.006157 -9.473 -9.402 -9.331 -9.08 -8.803 -8.48 -9.184 -9.041 -8.799 -8.47 -8.121 -7.706 -9.049 -8.701 -8.28 -7.956 -7.645 -8.685 -8.31 -7.993 -7.781 -7.752 -8.327 -8.537 -8.147 -7.009 -6.483 -5.87 -8.392
0.006343 -9.511 -9.444 -9.374 -9.128 -8.853 -8.532 -9.228 -9.089 -8.849 -8.522 -8.173 -7.759 -9.097 -8.751 -8.332 -8.009 -7.698 -8.735 -8.361 -8.045 -7.833 -7.803 -8.379 -8.588 -8.199 -7.063 -6.538 -5.925 -8.444
0.006535 -9.55 -9.486 -9.418 -9.176 -8.903 -8.583 -9.272 -9.137 -8.899 -8.573 -8.226 -7.812 -9.145 -8.802 -8.384 -8.062 -7.751 -8.785 -8.413 -8.097 -7.885 -7.853 -8.43 -8.639 -8.251 -7.118 -6.593 -5.98 -8.495
0.006732 -9.588 -9.527 -9.461 -9.223 -8.952 -8.634 -9.316 -9.185 -8.948 -8.624 -8.278 -7.866 -9.193 -8.852 -8.436 -8.114 -7.805 -8.835 -8.464 -8.149 -7.937 -7.904 -8.482 -8.689 -8.303 -7.172 -6.648 -6.035 -8.546
0.006936 -9.626 -9.568 -9.504 -9.27 -9.001 -8.685 -9.359 -9.232 -8.998 -8.675 -8.33 -7.919 -9.241 -8.901 -8.487 -8.167 -7.858 -8.885 -8.515 -8.201 -7.989 -7.955 -8.533 -8.74 -8.355 -7.226 -6.702 -6.09 -8.596
0.007146 -9.664 -9.609 -9.546 -9.317 -9.051 -8.736 -9.402 -9.28 -9.047 -8.726 -8.382 -7.971 -9.288 -8.951 -8.539 -8.219 -7.911 -8.935 -8.566 -8.253 -8.041 -8.005 -8.584 -8.79 -8.407 -7.28 -6.757 -6.145 -8.647
0.007362 -9.701 -9.649 -9.589 -9.364 -9.1 -8.786 -9.445 -9.327 -9.096 -8.776 -8.433 -8.024 -9.335 -9.001 -8.59 -8.271 -7.964 -8.984 -8.617 -8.305 -8.093 -8.056 -8.635 -8.841 -8.459 -7.334 -6.811 -6.2 -8.698
0.007585 -9.738 -9.689 -9.631 -9.411 -9.148 -8.837 -9.488 -9.374 -9.145 -8.827 -8.485 -8.077 -9.382 -9.05 -8.641 -8.324 -8.017 -9.033 -8.668 -8.356 -8.144 -8.106 -8.686 -8.891 -8.51 -7.387 -6.865 -6.255 -8.748
0.007814 -9.775 -9.729 -9.672 -9.457 -9.197 -8.887 -9.53 -9.421 -9.193 -8.877 -8.537 -8.129 -9.429 -9.099 -8.692 -8.376 -8.069 -9.083 -8.719 -8.408 -8.196 -8.156 -8.736 -8.941 -8.562 -7.441 -6.92 -6.309 -8.798
0.00805 -9.811 -9.769 -9.714 -9.504 -9.246 -8.937 -9.572 -9.468 -9.242 -8.928 -8.588 -8.182 -9.476 -9.148 -8.743 -8.428 -8.122 -9.132 -8.77 -8.459 -8.248 -8.207 -8.787 -8.991 -8.613 -7.495 -6.974 -6.364 -8.848
0.008294 -9.847 -9.808 -9.755 -9.55 -9.294 -8.987 -9.614 -9.514 -9.29 -8.978 -8.639 -8.234 -9.522 -9.197 -8.794 -8.479 -8.175 -9.181 -8.82 -8.511 -8.299 -8.257 -8.837 -9.04 -8.664 -7.548 -7.028 -6.419 -8.898
0.008545 -9.883 -9.847 -9.796 -9.596 -9.342 -9.037 -9.656 -9.56 -9.339 -9.028 -8.691 -8.287 -9.568 -9.246 -8.845 -8.531 -8.227 -9.229 -8.87 -8.562 -8.35 -8.307 -8.887 -9.09 -8.715 -7.602 -7.082 -6.473 -8.948
0.008803 -9.918 -9.885 -9.837 -9.641 -9.39 -9.087 -9.698 -9.606 -9.387 -9.078 -8.742 -8.339 -9.614 -9.295 -8.896 -8.583 -8.279 -9.278 -8.921 -8.613 -8.402 -8.357 -8.938 -9.139 -8.766 -7.655 -7.136 -6.528 -8.998
0.009069 -9.953 -9.924 -9.878 -9.687 -9.438 -9.137 -9.739 -9.652 -9.435 -9.127 -8.793 -8.391 -9.66 -9.343 -8.946 -8.634 -8.332 -9.326 -8.971 -8.664 -8.453 -8.407 -8.988 -9.189 -8.817 -7.709 -7.19 -6.582 -9.047
0.009344 -9.988 -9.962 -9.918 -9.732 -9.486 -9.187 -9.78 -9.698 -9.482 -9.177 -8.844 -8.443 -9.706 -9.392 -8.996 -8.686 -8.384 -9.375 -9.021 -8.715 -8.504 -8.457 -9.038 -9.238 -8.868 -7.762 -7.244 -6.636 -9.097
0.009626 -10.022 -10.0 -9.958 -9.777 -9.534 -9.236 -9.821 -9.744 -9.53 -9.226 -8.894 -8.495 -9.751 -9.44 -9.047 -8.737 -8.436 -9.423 -9.071 -8.766 -8.555 -8.506 -9.087 -9.287 -8.919 -7.815 -7.298 -6.691 -9.146
0.009917 -10.056 -10.037 -9.997 -9.822 -9.581 -9.285 -9.861 -9.789 -9.577 -9.276 -8.945 -8.547 -9.797 -9.488 -9.097 -8.788 -8.488 -9.471 -9.121 -8.817 -8.606 -8.556 -9.137 -9.336 -8.969 -7.868 -7.351 -6.745 -9.196
0.010217 -10.09 -10.074 -10.037 -9.867 -9.628 -9.335 -9.902 -9.834 -9.625 -9.325 -8.996 -8.598 -9.842 -9.536 -9.147 -8.84 -8.54 -9.519 -9.17 -8.867 -8.657 -8.606 -9.187 -9.385 -9.02 -7.921 -7.405 -6.799 -9.245
0.010526 -10.123 -10.111 -10.076 -9.912 -9.676 -9.384 -9.942 -9.879 -9.672 -9.374 -9.046 -8.65 -9.887 -9.584 -9.197 -8.891 -8.592 -9.567 -9.22 -8.918 -8.708 -8.656 -9.236 -9.433 -9.07 -7.974 -7.459 -6.853 -9.294
0.010845 -10.157 -10.148 -10.115 -9.956 -9.723 -9.433 -9.982 -9.924 -9.719 -9.423 -9.096 -8.702 -9.932 -9.632 -9.247 -8.942 -8.643 -9.615 -9.27 -8.968 -8.758 -8.705 -9.285 -9.482 -9.121 -8.027 -7.512 -6.907 -9.342
0.011173 -10.189 -10.184 -10.154 -10.0 -9.769 -9.482 -10.021 -9.969 -9.766 -9.472 -9.147 -8.753 -9.976 -9.679 -9.297 -8.992 -8.695 -9.662 -9.319 -9.019 -8.809 -8.755 -9.335 -9.53 -9.171 -8.08 -7.566 -6.961 -9.391
0.011511 -10.222 -10.22 -10.192 -10.044 -9.816 -9.53 -10.061 -10.013 -9.812 -9.521 -9.197 -8.805 -10.021 -9.726 -9.346 -9.043 -8.747 -9.71 -9.368 -9.069 -8.86 -8.804 -9.384 -9.579 -9.221 -8.133 -7.619 -7.015 -9.44
0.011859 -10.254 -10.256 -10.23 -10.088 -9.863 -9.579 -10.1 -10.057 -9.859 -9.569 -9.247 -8.856 -10.065 -9.774 -9.396 -9.094 -8.798 -9.757 -9.417 -9.119 -8.91 -8.854 -9.433 -9.627 -9.271 -8.185 -7.672 -7.069 -9.488
0.012217 -10.286 -10.291 -10.268 -10.131 -9.909 -9.627 -10.139 -10.101 -9.905 -9.618 -9.297 -8.907 -10.109 -9.821 -9.445 -9.144 -8.85 -9.804 -9.466 -9.169 -8.961 -8.903 -9.481 -9.675 -9.321 -8.238 -7.726 -7.123 -9.537
0.012587 -10.317 -10.326 -10.306 -10.175 -9.955 -9.676 -10.178 -10.145 -9.952 -9.666 -9.347 -8.958 -10.153 -9.868 -9.494 -9.195 -8.901 -9.851 -9.515 -9.22 -9.011 -8.952 -9.53 -9.723 -9.37 -8.291 -7.779 -7.177 -9.585
0.012968 -10.348 -10.361 -10.343 -10.218 -10.001 -9.724 -10.216 -10.189 -9.998 -9.715 -9.396 -9.009 -10.196 -9.915 -9.544 -9.245 -8.952 -9.898 -9.564 -9.27 -9.061 -9.002 -9.579 -9.77 -9.42 -8.343 -7.832 -7.231 -9.633
0.01336 -10.379 -10.395 -10.38 -10.261 -10.047 -9.772 -10.255 -10.233 -10.044 -9.763 -9.446 -9.06 -10.24 -9.961 -9.593 -9.296 -9.003 -9.945 -9.613 -9.319 -9.112 -9.051 -9.627 -9.818 -9.47 -8.396 -7.885 -7.285 -9.681
0.013764 -10.41 -10.43 -10.417 -10.304 -10.093 -9.82 -10.293 -10.276 -10.09 -9.811 -9.496 -9.111 -10.283 -10.008 -9.642 -9.346 -9.055 -9.991 -9.662 -9.369 -9.162 -9.1 -9.676 -9.866 -9.519 -8.448 -7.939 -7.338 -9.729
0.01418 -10.44 -10.464 -10.454 -10.347 -10.139 -9.868 -10.331 -10.319 -10.135 -9.859 -9.545 -9.162 -10.326 -10.054 -9.691 -9.396 -9.106 -10.038 -9.71 -9.419 -9.212 -9.149 -9.724 -9.913 -9.568 -8.5 -7.992 -7.392 -9.777
0.014609 -10.47 -10.497 -10.49 -10.389 -10.184 -9.916 -10.368 -10.362 -10.181 -9.907 -9.594 -9.213 -10.369 -10.101 -9.739 -9.446 -9.157 -10.084 -9.759 -9.469 -9.262 -9.198 -9.772 -9.96 -9.618 -8.553 -8.045 -7.446 -9.824
0.015051 -10.499 -10.53 -10.526 -10.431 -10.23 -9.963 -10.406 -10.405 -10.226 -9.954 -9.644 -9.264 -10.412 -10.147 -9.788 -9.496 -9.207 -10.13 -9.807 -9.518 -9.312 -9.247 -9.82 -10.007 -9.667 -8.605 -8.097 -7.499 -9.872
0.015506 -10.528 -10.563 -10.562 -10.473 -10.275 -10.011 -10.443 -10.448 -10.271 -10.002 -9.693 -9.314 -10.454 -10.193 -9.836 -9.546 -9.258 -10.176 -9.855 -9.568 -9.362 -9.296 -9.868 -10.054 -9.716 -8.657 -8.15 -7.553 -9.919
0.015975 -10.557 -10.596 -10.597 -10.515 -10.32 -10.058 -10.48 -10.49 -10.316 -10.049 -9.742 -9.365 -10.497 -10.238 -9.885 -9.596 -9.309 -10.222 -9.904 -9.617 -9.411 -9.345 -9.916 -10.101 -9.765 -8.709 -8.203 -7.606 -9.967
0.016458 -10.586 -10.628 -10.632 -10.557 -10.365 -10.106 -10.517 -10.532 -10.361 -10.096 -9.791 -9.415 -10.539 -10.284 -9.933 -9.645 -9.36 -10.268 -9.952 -9.666 -9.461 -9.394 -9.964 -10.148 -9.814 -8.761 -8.256 -7.659 -10.014
0.016956 -10.614 -10.66 -10.667 -10.598 -10.409 -10.153 -10.553 -10.574 -10.406 -10.144 -9.84 -9.465 -10.581 -10.33 -9.981 -9.695 -9.41 -10.314 -10.0 -9.715 -9.511 -9.443 -10.011 -10.195 -9.862 -8.813 -8.309 -7.713 -10.061
0.017469 -10.642 -10.692 -10.702 -10.64 -10.454 -10.2 -10.59 -10.616 -10.45 -10.191 -9.888 -9.516 -10.623 -10.375 -10.03 -9.744 -9.461 -10.359 -10.047 -9.765 -9.56 -9.492 -10.059 -10.241 -9.911 -8.865 -8.361 -7.766 -10.108
0.017997 -10.669 -10.723 -10.736 -10.681 -10.498 -10.247 -10.626 -10.658 -10.495 -10.238 -9.937 -9.566 -10.664 -10.42 -10.078 -9.794 -9.511 -10.405 -10.095 -9.814 -9.61 -9.54 -10.106 -10.287 -9.96 -8.917 -8.414 -7.819 -10.155
0.018541 -10.696 -10.754 -10.77 -10.722 -10.543 -10.293 -10.661 -10.699 -10.539 -10.284 -9.986 -9.616 -10.705 -10.465 -10.125 -9.843 -9.561 -10.45 -10.143 -9.863 -9.659 -9.589 -10.154 -10.334 -10.008 -8.969 -8.467 -7.873 -10.201
0.019102 -10.723 -10.784 -10.804 -10.762 -10.587 -10.34 -10.697 -10.74 -10.583 -10.331 -10.034 -9.666 -10.747 -10.51 -10.173 -9.892 -9.612 -10.495 -10.19 -9.911 -9.709 -9.638 -10.201 -10.38 -10.056 -9.02 -8.519 -7.926 -10.248
0.01968 -10.749 -10.815 -10.838 -10.803 -10.631 -10.387 -10.733 -10.781 -10.627 -10.378 -10.082 -9.716 -10.788 -10.555 -10.221 -9.941 -9.662 -10.54 -10.238 -9.96 -9.758 -9.686 -10.248 -10.426 -10.105 -9.072 -8.572 -7.979 -10.294
0.020275 -10.775 -10.845 -10.871 -10.843 -10.674 -10.433 -10.768 -10.822 -10.671 -10.424 -10.131 -9.766 -10.828 -10.6 -10.268 -9.99 -9.712 -10.585 -10.285 -10.009 -9.807 -9.735 -10.295 -10.472 -10.153 -9.124 -8.624 -8.032 -10.341
0.020888 -10.801 -10.874 -10.904 -10.883 -10.718 -10.479 -10.803 -10.863 -10.714 -10.47 -10.179 -9.815 -10.869 -10.644 -10.316 -10.039 -9.762 -10.63 -10.332 -10.057 -9.856 -9.784 -10.341 -10.517 -10.201 -9.175 -8.677 -8.085 -10.387
0.02152 -10.826 -10.903 -10.936 -10.923 -10.761 -10.525 -10.837 -10.903 -10.758 -10.517 -10.227 -9.865 -10.909 -10.689 -10.363 -10.088 -9.812 -10.674 -10.379 -10.106 -9.906 -9.832 -10.388 -10.563 -10.249 -9.227 -8.729 -8.138 -10.433
0.022171 -10.851 -10.932 -10.969 -10.962 -10.805 -10.571 -10.872 -10.944 -10.801 -10.563 -10.275 -9.915 -10.949 -10.733 -10.41 -10.137 -9.862 -10.719 -10.426 -10.154 -9.955 -9.88 -10.435 -10.608 -10.297 -9.278 -8.781 -8.191 -10.479
0.022841 -10.876 -10.961 -11.001 -11.002 -10.848 -10.617 -10.906 -10.984 -10.844 -10.609 -10.323 -9.964 -10.989 -10.777 -10.457 -10.186 -9.911 -10.763 -10.473 -10.203 -10.004 -9.929 -10.481 -10.654 -10.344 -9.33 -8.833 -8.244 -10.525
0.023532 -10.9 -10.989 -11.032 -11.041 -10.891 -10.663 -10.94 -11.023 -10.887 -10.654 -10.37 -10.014 -11.029 -10.821 -10.504 -10.234 -9.961 -10.807 -10.52 -10.251 -10.052 -9.977 -10.527 -10.699 -10.392 -9.381 -8.886 -8.297 -10.57
0.024244 -10.924 -11.017 -11.064 -11.08 -10.933 -10.709 -10.974 -11.063 -10.93 -10.7 -10.418 -10.063 -11.069 -10.865 -10.551 -10.283 -10.011 -10.851 -10.567 -10.299 -10.101 -10.025 -10.574 -10.744 -10.439 -9.432 -8.938 -8.35 -10.616
0.024977 -10.947 -11.044 -11.095 -11.119 -10.976 -10.754 -11.008 -11.102 -10.973 -10.746 -10.466 -10.112 -11.108 -10.908 -10.598 -10.331 -10.06 -10.895 -10.613 -10.347 -10.15 -10.074 -10.62 -10.789 -10.487 -9.483 -8.99 -8.403 -10.661
0.025733 -10.97 -11.072 -11.126 -11.157 -11.018 -10.799 -11.041 -11.142 -11.015 -10.791 -10.513 -10.162 -11.147 -10.952 -10.645 -10.379 -10.11 -10.938 -10.659 -10.395 -10.199 -10.122 -10.666 -10.833 -10.534 -9.535 -9.042 -8.456 -10.707
0.026511 -10.993 -11.098 -11.156 -11.195 -11.061 -10.845 -11.074 -11.181 -11.057 -10.836 -10.56 -10.211 -11.186 -10.995 -10.691 -10.427 -10.159 -10.982 -10.706 -10.443 -10.247 -10.17 -10.711 -10.878 -10.581 -9.586 -9.094 -8.509 -10.752
0.027313 -11.015 -11.125 -11.187 -11.233 -11.103 -10.89 -11.107 -11.219 -11.099 -10.881 -10.607 -10.26 -11.224 -11.038 -10.738 -10.475 -10.208 -11.025 -10.752 -10.491 -10.296 -10.218 -10.757 -10.922 -10.628 -9.637 -9.146 -8.561 -10.797
0.028139 -11.037 -11.151 -11.216 -11.271 -11.145 -10.935 -11.14 -11.258 -11.141 -10.926 -10.655 -10.309 -11.263 -11.081 -10.784 -10.523 -10.258 -11.068 -10.798 -10.539 -10.344 -10.266 -10.803 -10.967 -10.675 -9.688 -9.198 -8.614 -10.842
0.02899 -11.058 -11.176 -11.246 -11.309 -11.186 -10.98 -11.172 -11.296 -11.183 -10.971 -10.702 -10.357 -11.301 -11.124 -10.83 -10.571 -10.307 -11.111 -10.844 -10.586 -10.393 -10.314 -10.848 -11.011 -10.722 -9.738 -9.25 -8.667 -10.887
0.029867 -11.08 -11.201 -11.275 -11.346 -11.228 -11.024 -11.204 -11.334 -11.225 -11.016 -10.748 -10.406 -11.339 -11.166 -10.876 -10.619 -10.356 -11.154 -10.89 -10.634 -10.441 -10.362 -10.893 -11.055 -10.769 -9.789 -9.302 -8.719 -10.931
0.03077 -11.1 -11.226 -11.304 -11.383 -11.269 -11.069 -11.236 -11.372 -11.266 -11.06 -10.795 -10.455 -11.377 -11.209 -10.922 -10.667 -10.405 -11.197 -10.936 -10.681 -10.489 -10.41 -10.939 -11.099 -10.815 -9.84 -9.353 -8.772 -10.976
0.031701 -11.12 -11.251 -11.333 -11.42 -11.31 -11.113 -11.268 -11.41 -11.307 -11.105 -10.842 -10.504 -11.414 -11.251 -10.968 -10.714 -10.454 -11.24 -10.981 -10.729 -10.537 -10.457 -10.984 -11.142 -10.862 -9.891 -9.405 -8.824 -11.02
0.032659 -11.14 -11.275 -11.361 -11.457 -11.351 -11.157 -11.299 -11.447 -11.348 -11.149 -10.888 -10.552 -11.451 -11.293 -11.014 -10.762 -10.502 -11.282 -11.027 -10.776 -10.585 -10.505 -11.029 -11.186 -10.908 -9.941 -9.457 -8.877 -11.064
0.033647 -11.16 -11.299 -11.389 -11.493 -11.392 -11.201 -11.331 -11.484 -11.389 -11.193 -10.935 -10.6 -11.488 -11.335 -11.059 -10.809 -10.551 -11.324 -11.072 -10.823 -10.633 -10.553 -11.073 -11.229 -10.955 -9.992 -9.508 -8.929 -11.108
0.034665 -11.179 -11.322 -11.417 -11.529 -11.433 -11.245 -11.362 -11.521 -11.43 -11.237 -10.981 -10.649 -11.525 -11.377 -11.104 -10.857 -10.6 -11.366 -11.117 -10.87 -10.681 -10.601 -11.118 -11.273 -11.001 -10.043 -9.56 -8.982 -11.152
0.035713 -11.197 -11.345 -11.444 -11.565 -11.473 -11.289 -11.393 -11.558 -11.47 -11.281 -11.027 -10.697 -11.562 -11.418 -11.15 -10.904 -10.648 -11.408 -11.162 -10.917 -10.729 -10.648 -11.162 -11.316 -11.047 -10.093 -9.611 -9.034 -11.196
0.036793 -11.216 -11.367 -11.471 -11.601 -11.513 -11.333 -11.423 -11.594 -11.51 -11.325 -11.073 -10.745 -11.598 -11.46 -11.195 -10.951 -10.697 -11.45 -11.207 -10.964 -10.777 -10.696 -11.207 -11.359 -11.093 -10.143 -9.663 -9.087 -11.24
0.037906 -11.233 -11.389 -11.497 -11.636 -11.553 -11.376 -11.453 -11.63 -11.55 -11.368 -11.119 -10.793 -11.634 -11.501 -11.24 -10.998 -10.745 -11.492 -11.252 -11.011 -10.825 -10.743 -11.251 -11.401 -11.138 -10.194 -9.714 -9.139 -11.283
0.039052 -11.251 -11.411 -11.524 -11.671 -11.593 -11.42 -11.483 -11.666 -11.59 -11.412 -11.165 -10.841 -11.67 -11.542 -11.285 -11.045 -10.793 -11.533 -11.297 -11.057 -10.872 -10.79 -11.295 -11.444 -11.184 -10.244 -9.766 -9.191 -11.327
0.040234 -11.267 -11.432 -11.549 -11.706 -11.633 -11.463 -11.513 -11.702 -11.63 -11.455 -11.211 -10.889 -11.705 -11.583 -11.33 -11.091 -10.841 -11.574 -11.342 -11.104 -10.92 -10.838 -11.339 -11.487 -11.23 -10.294 -9.817 -9.243 -11.37
0.04145 -11.284 -11.453 -11.575 -11.741 -11.672 -11.506 -11.543 -11.737 -11.669 -11.498 -11.256 -10.937 -11.741 -11.624 -11.374 -11.138 -10.89 -11.615 -11.386 -11.15 -10.967 -10.885 -11.383 -11.529 -11.275 -10.345 -9.868 -9.296 -11.413
0.042704 -11.3 -11.473 -11.6 -11.775 -11.711 -11.549 -11.572 -11.773 -11.708 -11.541 -11.302 -10.985 -11.776 -11.664 -11.419 -11.185 -10.938 -11.656 -11.43 -11.197 -11.014 -10.932 -11.427 -11.571 -11.32 -10.395 -9.919 -9.348 -11.456
0.043996 -11.316 -11.493 -11.625 -11.809 -11.75 -11.591 -11.601 -11.808 -11.747 -11.584 -11.347 -11.032 -11.811 -11.704 -11.463 -11.231 -10.985 -11.697 -11.475 -11.243 -11.062 -10.979 -11.47 -11.613 -11.366 -10.445 -9.971 -9.4 -11.499
0.045326 -11.331 -11.512 -11.649 -11.843 -11.789 -11.634 -11.63 -11.842 -11.786 -11.626 -11.392 -11.08 -11.845 -11.744 -11.507 -11.277 -11.033 -11.737 -11.519 -11.289 -11.109 -11.027 -11.514 -11.655 -11.411 -10.495 -10.022 -9.452 -11.542
0.046697 -11.345 -11.531 -11.673 -11.876 -11.828 -11.676 -11.659 -11.877 -11.825 -11.669 -11.438 -11.127 -11.879 -11.784 -11.551 -11.324 -11.081 -11.778 -11.563 -11.335 -11.156 -11.074 -11.557 -11.696 -11.456 -10.545 -10.073 -9.504 -11.584
0.048109 -11.359 -11.55 -11.697 -11.91 -11.866 -11.719 -11.687 -11.911 -11.863 -11.711 -11.483 -11.174 -11.913 -11.824 -11.595 -11.37 -11.129 -11.818 -11.606 -11.381 -11.203 -11.121 -11.6 -11.738 -11.5 -10.594 -10.124 -9.556 -11.627
0.049564 -11.373 -11.568 -11.72 -11.943 -11.904 -11.761 -11.715 -11.945 -11.902 -11.753 -11.527 -11.222 -11.947 -11.864 -11.639 -11.416 -11.176 -11.858 -11.65 -11.427 -11.25 -11.167 -11.643 -11.779 -11.545 -10.644 -10.175 -9.608 -11.669
0.051063 -11.386 -11.586 -11.743 -11.975 -11.942 -11.803 -11.743 -11.978 -11.939 -11.795 -11.572 -11.269 -11.98 -11.903 -11.683 -11.461 -11.224 -11.898 -11.694 -11.472 -11.296 -11.214 -11.686 -11.82 -11.59 -10.694 -10.226 -9.66 -11.711
0.052608 -11.399 -11.603 -11.766 -12.008 -11.98 -11.844 -11.771 -12.011 -11.977 -11.837 -11.617 -11.316 -12.014 -11.942 -11.726 -11.507 -11.271 -11.937 -11.737 -11.518 -11.343 -11.261 -11.729 -11.861 -11.634 -10.743 -10.277 -9.712 -11.753
0.054199 -11.412 -11.62 -11.788 -12.04 -12.018 -11.886 -11.798 -12.045 -12.015 -11.879 -11.661 -11.363 -12.046 -11.981 -11.77 -11.553 -11.318 -11.977 -11.78 -11.563 -11.39 -11.308 -11.771 -11.902 -11.678 -10.793 -10.327 -9.763 -11.795
0.055838 -11.423 -11.636 -11.81 -12.071 -12.055 -11.927 -11.825 -12.077 -12.052 -11.92 -11.705 -11.409 -12.079 -12.02 -11.813 -11.598 -11.365 -12.016 -11.823 -11.609 -11.436 -11.354 -11.813 -11.943 -11.722 -10.843 -10.378 -9.815 -11.836
0.057527 -11.435 -11.652 -11.831 -12.103 -12.092 -11.968 -11.852 -12.11 -12.089 -11.961 -11.75 -11.456 -12.111 -12.058 -11.856 -11.644 -11.412 -12.055 -11.866 -11.654 -11.483 -11.401 -11.856 -11.983 -11.766 -10.892 -10.429 -9.867 -11.878
0.059267 -11.446 -11.667 -11.852 -12.134 -12.129 -12.009 -11.878 -12.142 -12.126 -12.003 -11.794 -11.503 -12.143 -12.096 -11.899 -11.689 -11.459 -12.093 -11.909 -11.699 -11.529 -11.447 -11.898 -12.023 -11.81 -10.941 -10.48 -9.919 -11.919
0.061059 -11.456 -11.682 -11.873 -12.165 -12.165 -12.05 -11.905 -12.174 -12.163 -12.043 -11.838 -11.549 -12.175 -12.135 -11.942 -11.734 -11.506 -12.132 -11.952 -11.744 -11.575 -11.494 -11.94 -12.063 -11.854 -10.991 -10.53 -9.97 -11.96
0.062906 -11.466 -11.696 -11.893 -12.195 -12.202 -12.091 -11.931 -12.205 -12.199 -12.084 -11.881 -11.596 -12.206 -12.172 -11.984 -11.779 -11.553 -12.17 -11.994 -11.789 -11.621 -11.54 -11.981 -12.103 -11.898 -11.04 -10.581 -10.022 -12.001
0.064808 -11.475 -11.71 -11.913 -12.226 -12.238 -12.131 -11.957 -12.237 -12.235 -12.125 -11.925 -11.642 -12.237 -12.21 -12.027 -11.824 -11.6 -12.209 -12.036 -11.834 -11.667 -11.586 -12.023 -12.143 -11.941 -11.089 -10.631 -10.074 -12.042
0.066769 -11.484 -11.723 -11.932 -12.256 -12.273 -12.172 -11.982 -12.267 -12.271 -12.165 -11.968 -11.688 -12.268 -12.247 -12.069 -11.869 -11.646 -12.246 -12.078 -11.878 -11.713 -11.632 -12.064 -12.182 -11.984 -11.138 -10.682 -10.125 -12.082
0.068788 -11.492 -11.736 -11.951 -12.285 -12.309 -12.212 -12.007 -12.298 -12.307 -12.205 -12.012 -11.734 -12.298 -12.285 -12.111 -11.913 -11.693 -12.284 -12.12 -11.923 -11.759 -11.678 -12.106 -12.221 -12.027 -11.187 -10.732 -10.177 -12.123
0.070868 -11.5 -11.748 -11.969 -12.314 -12.344 -12.252 -12.032 -12.328 -12.342 -12.245 -12.055 -11.78 -12.329 -12.322 -12.153 -11.958 -11.739 -12.322 -12.162 -11.967 -11.805 -11.724 -12.147 -12.26 -12.07 -11.236 -10.782 -10.228 -12.163
0.073012 -11.508 -11.76 -11.987 -12.343 -12.379 -12.291 -12.057 -12.358 -12.377 -12.285 -12.098 -11.826 -12.358 -12.358 -12.195 -12.002 -11.785 -12.359 -12.204 -12.011 -11.85 -11.77 -12.187 -12.299 -12.113 -11.285 -10.832 -10.279 -12.203
0.07522 -11.514 -11.771 -12.005 -12.372 -12.414 -12.331 -12.082 -12.388 -12.412 -12.325 -12.141 -11.871 -12.388 -12.395 -12.236 -12.046 -11.831 -12.396 -12.245 -12.055 -11.896 -11.816 -12.228 -12.338 -12.156 -11.333 -10.883 -10.331 -12.243
0.077495 -11.521 -11.781 -12.022 -12.4 -12.449 -12.37 -12.106 -12.417 -12.447 -12.364 -12.184 -11.917 -12.417 -12.431 -12.278 -12.091 -11.877 -12.433 -12.287 -12.099 -11.941 -11.862 -12.269 -12.376 -12.198 -11.382 -10.933 -10.382 -12.282
0.079839 -11.526 -11.792 -12.039 -12.428 -12.483 -12.409 -12.13 -12.446 -12.481 -12.403 -12.226 -11.962 -12.446 -12.467 -12.319 -12.134 -11.923 -12.469 -12.328 -12.143 -11.987 -11.908 -12.309 -12.415 -12.241 -11.431 -10.983 -10.433 -12.322
0.082253 -11.531 -11.801 -12.055 -12.456 -12.517 -12.448 -12.154 -12.475 -12.515 -12.442 -12.269 -12.008 -12.474 -12.503 -12.36 -12.178 -11.969 -12.506 -12.369 -12.187 -12.032 -11.953 -12.349 -12.453 -12.283 -11.479 -11.033 -10.485 -12.361
0.084741 -11.536 -11.81 -12.071 -12.483 -12.551 -12.487 -12.177 -12.504 -12.549 -12.481 -12.311 -12.053 -12.502 -12.538 -12.401 -12.222 -12.014 -12.542 -12.41 -12.231 -12.077 -11.999 -12.389 -12.49 -12.325 -11.528 -11.083 -10.536 -12.4
0.087304 -11.54 -11.818 -12.086 -12.51 -12.584 -12.525 -12.2 -12.532 -12.582 -12.52 -12.353 -12.098 -12.53 -12.573 -12.442 -12.265 -12.06 -12.578 -12.45 -12.274 -12.122 -12.044 -12.429 -12.528 -12.367 -11.576 -11.133 -10.587 -12.439
0.089944 -11.544 -11.826 -12.101 -12.536 -12.618 -12.564 -12.223 -12.559 -12.616 -12.558 -12.395 -12.143 -12.557 -12.608 -12.482 -12.309 -12.105 -12.614 -12.491 -12.317 -12.167 -12.089 -12.469 -12.565 -12.409 -11.624 -11.183 -10.638 -12.478
0.092665 -11.547 -11.833 -12.115 -12.562 -12.651 -12.602 -12.246 -12.586 -12.648 -12.596 -12.437 -12.188 -12.585 -12.643 -12.522 -12.352 -12.151 -12.649 -12.531 -12.36 -12.211 -12.134 -12.508 -12.602 -12.45 -11.673 -11.232 -10.689 -12.517
0.095467 -11.549 -11.84 -12.129 -12.588 -12.683 -12.64 -12.268 -12.613 -12.681 -12.634 -12.478 -12.233 -12.611 -12.678 -12.563 -12.395 -12.196 -12.684 -12.571 -12.403 -12.256 -12.179 -12.547 -12.639 -12.491 -11.721 -11.282 -10.74 -12.555
0.098355 -11.551 -11.846 -12.142 -12.613 -12.715 -12.677 -12.29 -12.64 -12.714 -12.672 -12.519 -12.277 -12.637 -12.712 -12.603 -12.438 -12.241 -12.719 -12.611 -12.446 -12.3 -12.224 -12.586 -12.676 -12.533 -11.769 -11.332 -10.791 -12.593
0.101329 -11.552 -11.852 -12.155 -12.638 -12.748 -12.714 -12.312 -12.666 -12.746 -12.709 -12.561 -12.322 -12.663 -12.746 -12.642 -12.481 -12.286 -12.754 -12.651 -12.489 -12.345 -12.269 -12.625 -12.712 -12.574 -11.817 -11.381 -10.842 -12.631
0.104394 -11.553 -11.856 -12.168 -12.663 -12.779 -12.752 -12.333 -12.692 -12.777 -12.746 -12.602 -12.366 -12.689 -12.779 -12.682 -12.523 -12.331 -12.788 -12.69 -12.531 -12.389 -12.314 -12.664 -12.749 -12.614 -11.864 -11.431 -10.893 -12.669
0.107551 -11.553 -11.861 -12.18 -12.687 -12.811 -12.788 -12.355 -12.717 -12.809 -12.783 -12.643 -12.41 -12.714 -12.813 -12.721 -12.566 -12.375 -12.822 -12.729 -12.574 -12.433 -12.359 -12.702 -12.785 -12.655 -11.912 -11.48 -10.943 -12.707
0.110804 -11.552 -11.864 -12.191 -12.711 -12.842 -12.825 -12.376 -12.742 -12.84 -12.82 -12.683 -12.454 -12.739 -12.846 -12.76 -12.608 -12.42 -12.856 -12.769 -12.616 -12.477 -12.403 -12.741 -12.82 -12.695 -11.96 -11.529 -10.994 -12.744
0.114155 -11.551 -11.867 -12.202 -12.734 -12.873 -12.862 -12.396 -12.767 -12.871 -12.857 -12.724 -12.498 -12.763 -12.879 -12.799 -12.65 -12.464 -12.889 -12.807 -12.658 -12.521 -12.448 -12.779 -12.856 -12.736 -12.007 -11.579 -11.045 -12.781
0.117608 -11.55 -11.869 -12.212 -12.757 -12.903 -12.898 -12.417 -12.791 -12.902 -12.893 -12.764 -12.542 -12.787 -12.911 -12.838 -12.692 -12.508 -12.923 -12.846 -12.7 -12.564 -12.492 -12.816 -12.891 -12.776 -12.055 -11.628 -11.095 -12.818
0.121165 -11.547 -11.871 -12.222 -12.779 -12.933 -12.934 -12.437 -12.815 -12.932 -12.929 -12.804 -12.586 -12.811 -12.943 -12.877 -12.734 -12.552 -12.956 -12.885 -12.742 -12.608 -12.536 -12.854 -12.926 -12.816 -12.102 -11.677 -11.146 -12.855
0.124829 -11.544 -11.872 -12.232 -12.802 -12.963 -12.969 -12.456 -12.839 -12.962 -12.965 -12.844 -12.629 -12.834 -12.975 -12.915 -12.775 -12.596 -12.988 -12.923 -12.783 -12.651 -12.58 -12.891 -12.961 -12.855 -12.15 -11.726 -11.196 -12.891
0.128605 -11.541 -11.872 -12.24 -12.823 -12.993 -13.005 -12.476 -12.862 -12.991 -13.0 -12.884 -12.672 -12.857 -13.007 -12.953 -12.817 -12.64 -13.021 -12.961 -12.825 -12.694 -12.624 -12.929 -12.995 -12.895 -12.197 -11.775 -11.247 -12.927
0.132494 -11.537 -11.872 -12.248 -12.844 -13.022 -13.04 -12.495 -12.884 -13.02 -13.036 -12.924 -12.715 -12.879 -13.038 -12.991 -12.858 -12.684 -13.053 -12.999 -12.866 -12.737 -12.668 -12.966 -13.029 -12.934 -12.244 -11.824 -11.297 -12.964
0.136502 -11.532 -11.871 -12.256 -12.865 -13.05 -13.075 -12.514 -12.906 -13.049 -13.071 -12.963 -12.758 -12.901 -13.069 -13.028 -12.899 -12.727 -13.085 -13.036 -12.907 -12.78 -12.712 -13.002 -13.063 -12.973 -12.291 -11.873 -11.348 -12.999
0.14063 -11.527 -11.869 -12.263 -12.885 -13.079 -13.109 -12.532 -12.928 -13.078 -13.105 -13.002 -12.801 -12.922 -13.1 -13.066 -12.94 -12.771 -13.116 -13.074 -12.948 -12.823 -12.756 -13.039 -13.097 -13.012 -12.338 -11.922 -11.398 -13.035
0.144883 -11.521 -11.867 -12.27 -12.905 -13.107 -13.144 -12.551 -12.949 -13.106 -13.14 -13.041 -12.844 -12.943 -13.13 -13.103 -12.981 -12.814 -13.147 -13.111 -12.988 -12.866 -12.799 -13.075 -13.13 -13.051 -12.385 -11.97 -11.448 -13.07
0.149265 -11.514 -11.864 -12.276 -12.925 -13.135 -13.178 -12.569 -12.97 -13.134 -13.174 -13.08 -12.887 -12.964 -13.16 -13.14 -13.021 -12.857 -13.178 -13.148 -13.029 -12.908 -12.843 -13.111 -13.163 -13.089 -12.431 -12.019 -11.498 -13.105
0.15378 -11.507 -11.86 -12.281 -12.944 -13.162 -13.211 -12.586 -12.991 -13.161 -13.208 -13.118 -12.929 -12.984 -13.19 -13.176 -13.061 -12.9 -13.209 -13.184 -13.069 -12.951 -12.886 -13.147 -13.196 -13.127 -12.478 -12.067 -11.548 -13.14
0.15843 -11.499 -11.855 -12.286 -12.962 -13.189 -13.245 -12.603 -13.011 -13.188 -13.242 -13.156 -12.971 -13.003 -13.219 -13.213 -13.102 -12.943 -13.239 -13.221 -13.109 -12.993 -12.929 -13.182 -13.228 -13.165 -12.524 -12.116 -11.598 -13.175
0.163222 -11.49 -11.85 -12.29 -12.98 -13.216 -13.278 -12.62 -13.03 -13.215 -13.275 -13.194 -13.013 -13.022 -13.248 -13.249 -13.141 -12.985 -13.269 -13.257 -13.149 -13.035 -12.972 -13.218 -13.26 -13.203 -12.571 -12.164 -11.648 -13.209
0.168159 -11.481 -11.844 -12.294 -12.997 -13.242 -13.311 -12.637 -13.049 -13.241 -13.308 -13.232 -13.055 -13.041 -13.277 -13.285 -13.181 -13.028 -13.299 -13.293 -13.189 -13.077 -13.015 -13.253 -13.292 -13.241 -12.617 -12.212 -11.698 -13.243
0.173245 -11.471 -11.837 -12.297 -13.014 -13.268 -13.344 -12.653 -13.068 -13.267 -13.341 -13.27 -13.097 -13.059 -13.305 -13.321 -13.221 -13.07 -13.328 -13.328 -13.228 -13.118 -13.057 -13.287 -13.324 -13.278 -12.663 -12.261 -11.748 -13.277
0.178484 -11.46 -11.829 -12.299 -13.031 -13.293 -13.376 -12.669 -13.086 -13.293 -13.373 -13.307 -13.138 -13.077 -13.333 -13.356 -13.26 -13.112 -13.357 -13.364 -13.267 -13.16 -13.1 -13.322 -13.355 -13.315 -12.709 -12.309 -11.798 -13.311
0.183882 -11.449 -11.821 -12.301 -13.047 -13.318 -13.408 -12.685 -13.103 -13.318 -13.405 -13.344 -13.179 -13.094 -13.361 -13.391 -13.299 -13.154 -13.385 -13.399 -13.306 -13.201 -13.142 -13.356 -13.386 -13.352 -12.755 -12.357 -11.848 -13.344
0.189444 -11.437 -11.811 -12.302 -13.062 -13.343 -13.439 -12.7 -13.12 -13.343 -13.437 -13.381 -13.221 -13.11 -13.388 -13.426 -13.338 -13.195 -13.413 -13.434 -13.345 -13.242 -13.184 -13.39 -13.416 -13.388 -12.8 -12.405 -11.897 -13.377
0.195173 -11.424 -11.801 -12.302 -13.077 -13.367 -13.471 -12.715 -13.137 -13.367 -13.468 -13.418 -13.262 -13.126 -13.414 -13.46 -13.376 -13.237 -13.441 -13.468 -13.384 -13.283 -13.227 -13.424 -13.447 -13.424 -12.846 -12.452 -11.947 -13.41
0.201076 -11.411 -11.79 -12.302 -13.091 -13.391 -13.502 -12.73 -13.152 -13.391 -13.499 -13.454 -13.302 -13.142 -13.441 -13.495 -13.415 -13.278 -13.469 -13.502 -13.422 -13.324 -13.268 -13.457 -13.476 -13.46 -12.892 -12.5 -11.996 -13.442
0.207158 -11.396 -11.778 -12.301 -13.105 -13.414 -13.532 -12.744 -13.168 -13.414 -13.53 -13.49 -13.343 -13.157 -13.467 -13.529 -13.453 -13.319 -13.496 -13.536 -13.46 -13.364 -13.31 -13.49 -13.506 -13.496 -12.937 -12.548 -12.046 -13.475
0.213423 -11.382 -11.766 -12.299 -13.118 -13.437 -13.562 -12.758 -13.183 -13.437 -13.561 -13.526 -13.383 -13.171 -13.492 -13.562 -13.491 -13.36 -13.522 -13.57 -13.498 -13.405 -13.352 -13.523 -13.535 -13.532 -12.982 -12.595 -12.095 -13.507
0.219878 -11.366 -11.752 -12.297 -13.13 -13.459 -13.592 -12.772 -13.197 -13.46 -13.591 -13.562 -13.423 -13.185 -13.518 -13.596 -13.528 -13.401 -13.549 -13.603 -13.536 -13.445 -13.393 -13.556 -13.564 -13.567 -13.027 -12.642 -12.144 -13.538
0.226528 -11.35 -11.738 -12.294 -13.142 -13.481 -13.622 -12.785 -13.211 -13.482 -13.621 -13.597 -13.463 -13.198 -13.542 -13.629 -13.566 -13.442 -13.574 -13.636 -13.574 -13.485 -13.434 -13.588 -13.592 -13.602 -13.072 -12.69 -12.193 -13.57
0.233379 -11.333 -11.723 -12.29 -13.154 -13.503 -13.651 -12.797 -13.224 -13.504 -13.65 -13.632 -13.503 -13.211 -13.567 -13.661 -13.603 -13.482 -13.6 -13.669 -13.611 -13.524 -13.475 -13.62 -13.621 -13.637 -13.117 -12.737 -12.242 -13.601
0.240437 -11.315 -11.706 -12.286 -13.164 -13.524 -13.68 -12.81 -13.236 -13.525 -13.679 -13.667 -13.542 -13.223 -13.591 -13.694 -13.64 -13.522 -13.625 -13.702 -13.648 -13.564 -13.516 -13.651 -13.648 -13.671 -13.162 -12.784 -12.291 -13.631
0.247709 -11.297 -11.689 -12.28 -13.175 -13.544 -13.708 -12.822 -13.248 -13.545 -13.708 -13.701 -13.582 -13.234 -13.614 -13.726 -13.677 -13.562 -13.65 -13.734 -13.684 -13.603 -13.557 -13.683 -13.676 -13.705 -13.206 -12.831 -12.34 -13.662
0.255201 -11.278 -11.671 -12.274 -13.184 -13.564 -13.736 -12.834 -13.26 -13.565 -13.736 -13.735 -13.621 -13.245 -13.637 -13.758 -13.713 -13.602 -13.674 -13.766 -13.721 -13.642 -13.598 -13.714 -13.703 -13.739 -13.251 -12.878 -12.389 -13.692
0.262919 -11.258 -11.652 -12.268 -13.193 -13.584 -13.764 -12.845 -13.27 -13.585 -13.764 -13.769 -13.66 -13.255 -13.659 -13.789 -13.749 -13.641 -13.697 -13.797 -13.757 -13.681 -13.638 -13.744 -13.729 -13.772 -13.295 -12.925 -12.438 -13.722
0.270871 -11.237 -11.632 -12.26 -13.201 -13.603 -13.791 -12.856 -13.281 -13.604 -13.791 -13.803 -13.698 -13.265 -13.682 -13.82 -13.785 -13.68 -13.721 -13.828 -13.793 -13.72 -13.678 -13.775 -13.755 -13.805 -13.339 -12.971 -12.487 -13.751
0.279064 -11.216 -11.611 -12.252 -13.209 -13.621 -13.818 -12.866 -13.29 -13.623 -13.818 -13.836 -13.736 -13.274 -13.703 -13.851 -13.82 -13.719 -13.744 -13.859 -13.828 -13.758 -13.718 -13.805 -13.781 -13.838 -13.383 -13.018 -12.535 -13.78
0.287504 -11.194 -11.589 -12.243 -13.215 -13.639 -13.844 -12.876 -13.299 -13.641 -13.845 -13.869 -13.774 -13.282 -13.724 -13.881 -13.856 -13.758 -13.766 -13.889 -13.864 -13.796 -13.758 -13.834 -13.806 -13.871 -13.426 -13.064 -12.584 -13.809
0.296199 -11.171 -11.566 -12.233 -13.222 -13.657 -13.87 -12.886 -13.307 -13.659 -13.871 -13.901 -13.812 -13.29 -13.745 -13.911 -13.89 -13.797 -13.788 -13.919 -13.899 -13.834 -13.797 -13.864 -13.831 -13.903 -13.47 -13.11 -12.632 -13.838
0.305157 -11.148 -11.542 -12.222 -13.227 -13.673 -13.896 -12.895 -13.314 -13.676 -13.897 -13.933 -13.85 -13.297 -13.765 -13.941 -13.925 -13.835 -13.809 -13.949 -13.933 -13.872 -13.836 -13.892 -13.856 -13.935 -13.513 -13.156 -12.68 -13.866
0.314387 -11.123 -11.516 -12.211 -13.232 -13.69 -13.921 -12.903 -13.321 -13.692 -13.922 -13.965 -13.887 -13.303 -13.784 -13.97 -13.959 -13.873 -13.83 -13.978 -13.968 -13.909 -13.875 -13.921 -13.88 -13.966 -13.557 -13.202 -12.729 -13.893
0.323895 -11.098 -11.49 -12.198 -13.236 -13.705 -13.946 -12.912 -13.327 -13.708 -13.947 -13.997 -13.924 -13.308 -13.803 -13.999 -13.993 -13.911 -13.85 -14.007 -14.002 -13.946 -13.914 -13.949 -13.903 -13.997 -13.6 -13.248 -12.777 -13.921
0.333691 -11.073 -11.463 -12.185 -13.239 -13.72 -13.97 -12.919 -13.332 -13.723 -13.971 -14.028 -13.961 -13.313 -13.822 -14.027 -14.027 -13.948 -13.87 -14.036 -14.036 -13.983 -13.953 -13.977 -13.926 -14.028 -13.643 -13.294 -12.825 -13.948
0.343783 -11.046 -11.434 -12.171 -13.241 -13.735 -13.993 -12.927 -13.337 -13.738 -13.995 -14.059 -13.998 -13.317 -13.84 -14.055 -14.06 -13.985 -13.89 -14.064 -14.069 -14.02 -13.991 -14.004 -13.949 -14.058 -13.685 -13.34 -12.873 -13.974
0.354181 -11.019 -11.404 -12.156 -13.243 -13.749 -14.017 -12.934 -13.341 -13.752 -14.019 -14.089 -14.034 -13.32 -13.857 -14.083 -14.093 -14.022 -13.908 -14.091 -14.102 -14.056 -14.029 -14.031 -13.971 -14.088 -13.728 -13.385 -12.92 -14.001
0.364893 -10.991 -11.373 -12.14 -13.244 -13.762 -14.039 -12.94 -13.344 -13.765 -14.042 -14.119 -14.07 -13.322 -13.874 -14.11 -14.126 -14.059 -13.927 -14.119 -14.135 -14.092 -14.067 -14.058 -13.993 -14.118 -13.77 -13.43 -12.968 -14.026
0.375929 -10.962 -11.341 -12.123 -13.244 -13.774 -14.061 -12.946 -13.346 -13.778 -14.064 -14.149 -14.105 -13.324 -13.89 -14.136 -14.158 -14.095 -13.944 -14.145 -14.167 -14.128 -14.105 -14.084 -14.014 -14.147 -13.812 -13.475 -13.015 -14.052
0.387298 -10.933 -11.308 -12.105 -13.243 -13.786 -14.083 -12.951 -13.347 -13.79 -14.086 -14.178 -14.14 -13.324 -13.905 -14.163 -14.19 -14.131 -13.961 -14.172 -14.2 -14.163 -14.142 -14.11 -14.034 -14.176 -13.854 -13.52 -13.063 -14.077
0.399012 -10.903 -11.273 -12.086 -13.241 -13.797 -14.104 -12.956 -13.348 -13.802 -14.107 -14.207 -14.175 -13.324 -13.92 -14.188 -14.222 -14.167 -13.978 -14.197 -14.231 -14.198 -14.179 -14.135 -14.054 -14.205 -13.896 -13.565 -13.11 -14.102
0.41108 -10.872 -11.237 -12.066 -13.239 -13.808 -14.125 -12.96 -13.348 -13.812 -14.128 -14.236 -14.21 -13.323 -13.935 -14.214 -14.253 -14.203 -13.994 -14.223 -14.263 -14.233 -14.216 -14.16 -14.074 -14.232 -13.937 -13.61 -13.157 -14.126
0.423513 -10.84 -11.2 -12.046 -13.235 -13.818 -14.145 -12.964 -13.347 -13.822 -14.149 -14.264 -14.244 -13.321 -13.948 -14.238 -14.284 -14.238 -14.009 -14.248 -14.293 -14.267 -14.252 -14.184 -14.093 -14.26 -13.978 -13.654 -13.204 -14.149
0.436321 -10.808 -11.161 -12.024 -13.231 -13.827 -14.164 -12.967 -13.345 -13.832 -14.168 -14.291 -14.278 -13.318 -13.961 -14.263 -14.314 -14.273 -14.024 -14.272 -14.324 -14.301 -14.288 -14.208 -14.111 -14.287 -14.019 -13.698 -13.251 -14.173
0.449518 -10.775 -11.121 -12.001 -13.225 -13.835 -14.183 -12.97 -13.342 -13.84 -14.187 -14.318 -14.312 -13.315 -13.974 -14.286 -14.344 -14.307 -14.038 -14.296 -14.354 -14.335 -14.324 -14.232 -14.129 -14.314 -14.06 -13.742 -13.298 -14.195
0.463113 -10.742 -11.08 -11.977 -13.219 -13.843 -14.201 -12.972 -13.338 -13.848 -14.206 -14.345 -14.345 -13.31 -13.985 -14.31 -14.374 -14.341 -14.051 -14.319 -14.384 -14.368 -14.36 -14.255 -14.146 -14.34 -14.1 -13.786 -13.345 -14.218
0.47712 -10.708 -11.037 -11.952 -13.212 -13.849 -14.218 -12.973 -13.333 -13.855 -14.224 -14.371 -14.378 -13.304 -13.996 -14.332 -14.403 -14.375 -14.064 -14.342 -14.413 -14.401 -14.395 -14.277 -14.162 -14.365 -14.141 -13.83 -13.391 -14.24
0.49155 -10.673 -10.993 -11.925 -13.203 -13.855 -14.235 -12.974 -13.327 -13.861 -14.241 -14.397 -14.411 -13.298 -14.006 -14.355 -14.431 -14.408 -14.075 -14.365 -14.442 -14.434 -14.43 -14.299 -14.178 -14.391 -14.181 -13.874 -13.437 -14.261
0.506416 -10.638 -10.947 -11.898 -13.194 -13.86 -14.252 -12.974 -13.32 -13.867 -14.258 -14.422 -14.443 -13.29 -14.015 -14.376 -14.46 -14.441 -14.087 -14.386 -14.47 -14.466 -14.465 -14.32 -14.193 -14.415 -14.22 -13.917 -13.484 -14.282
0.521733 -10.602 -10.899 -11.87 -13.183 -13.865 -14.267 -12.974 -13.312 -13.871 -14.274 -14.446 -14.474 -13.281 -14.024 -14.397 -14.487 -14.474 -14.097 -14.407 -14.498 -14.498 -14.499 -14.341 -14.208 -14.439 -14.26 -13.96 -13.53 -14.302
0.537512 -10.565 -10.85 -11.84 -13.172 -13.868 -14.282 -12.973 -13.303 -13.875 -14.289 -14.47 -14.506 -13.271 -14.032 -14.417 -14.514 -14.506 -14.107 -14.428 -14.525 -14.53 -14.533 -14.361 -14.222 -14.463 -14.299 -14.003 -13.576 -14.322
0.553769 -10.529 -10.8 -11.809 -13.159 -13.87 -14.296 -12.971 -13.293 -13.878 -14.303 -14.494 -14.537 -13.261 -14.039 -14.437 -14.541 -14.538 -14.116 -14.448 -14.552 -14.56 -14.566 -14.381 -14.235 -14.486 -14.338 -14.046 -13.621 -14.341
0.570517 -10.491 -10.747 -11.777 -13.145 -13.872 -14.309 -12.968 -13.282 -13.88 -14.317 -14.517 -14.567 -13.248 -14.045 -14.456 -14.567 -14.569 -14.124 -14.467 -14.579 -14.591 -14.599 -14.4 -14.247 -14.508 -14.377 -14.088 -13.667 -14.36
0.587772 -10.453 -10.693 -11.743 -13.13 -13.872 -14.322 -12.965 -13.27 -13.881 -14.33 -14.539 -14.597 -13.235 -14.05 -14.475 -14.593 -14.6 -14.131 -14.486 -14.604 -14.621 -14.632 -14.419 -14.259 -14.53 -14.415 -14.13 -13.712 -14.378
0.605549 -10.415 -10.637 -11.708 -13.114 -13.872 -14.334 -12.961 -13.257 -13.881 -14.343 -14.561 -14.626 -13.221 -14.054 -14.492 -14.618 -14.63 -14.137 -14.504 -14.63 -14.651 -14.664 -14.436 -14.27 -14.551 -14.453 -14.172 -13.757 -14.396
0.623863 -10.377 -10.58 -11.672 -13.096 -13.871 -14.345 -12.957 -13.242 -13.88 -14.354 -14.582 -14.655 -13.205 -14.058 -14.509 -14.643 -14.66 -14.143 -14.521 -14.654 -14.68 -14.696 -14.454 -14.28 -14.572 -14.491 -14.214 -13.802 -14.412
0.642731 -10.338 -10.52 -11.635 -13.078 -13.868 -14.355 -12.951 -13.226 -13.878 -14.365 -14.603 -14.684 -13.188 -14.06 -14.526 -14.666 -14.69 -14.148 -14.538 -14.679 -14.709 -14.728 -14.47 -14.289 -14.592 -14.528 -14.256 -13.847 -14.429
0.66217 -10.299 -10.459 -11.596 -13.057 -13.865 -14.364 -12.945 -13.209 -13.875 -14.375 -14.623 -14.712 -13.17 -14.062 -14.541 -14.69 -14.719 -14.151 -14.554 -14.702 -14.737 -14.759 -14.486 -14.298 -14.611 -14.565 -14.297 -13.892 -14.444
0.682197 -10.26 -10.395 -11.555 -13.036 -13.86 -14.373 -12.938 -13.19 -13.87 -14.383 -14.642 -14.739 -13.15 -14.062 -14.556 -14.713 -14.747 -14.154 -14.569 -14.725 -14.764 -14.789 -14.501 -14.305 -14.63 -14.601 -14.338 -13.936 -14.459
0.70283 -10.221 -10.33 -11.513 -13.013 -13.854 -14.38 -12.93 -13.17 -13.865 -14.391 -14.661 -14.766 -13.129 -14.062 -14.57 -14.735 -14.775 -14.156 -14.583 -14.747 -14.791 -14.819 -14.516 -14.312 -14.648 -14.638 -14.378 -13.98 -14.474
0.724086 -10.182 -10.262 -11.47 -12.988 -13.847 -14.387 -12.921 -13.149 -13.859 -14.399 -14.678 -14.793 -13.106 -14.06 -14.583 -14.756 -14.803 -14.157 -14.596 -14.769 -14.818 -14.849 -14.529 -14.318 -14.665 -14.674 -14.419 -14.024 -14.487
0.745986 -10.143 -10.192 -11.425 -12.962 -13.839 -14.393 -12.911 -13.126 -13.851 -14.405 -14.695 -14.818 -13.082 -14.057 -14.596 -14.777 -14.829 -14.156 -14.609 -14.79 -14.844 -14.878 -14.542 -14.323 -14.681 -14.709 -14.459 -14.068 -14.5
0.768548 -10.104 -10.12 -11.378 -12.935 -13.83 -14.397 -12.9 -13.102 -13.842 -14.41 -14.712 -14.844 -13.057 -14.053 -14.607 -14.797 -14.856 -14.155 -14.621 -14.81 -14.869 -14.906 -14.554 -14.327 -14.697 -14.744 -14.498 -14.111 -14.512
0.791792 -10.065 -10.046 -11.33 -12.906 -13.819 -14.401 -12.888 -13.076 -13.832 -14.414 -14.727 -14.868 -13.03 -14.048 -14.618 -14.816 -14.881 -14.153 -14.632 -14.83 -14.894 -14.934 -14.566 -14.329 -14.712 -14.779 -14.538 -14.154 -14.524
0.815739 -10.026 -9.969 -11.28 -12.875 -13.807 -14.403 -12.876 -13.048 -13.82 -14.417 -14.742 -14.892 -13.001 -14.042 -14.627 -14.834 -14.906 -14.149 -14.642 -14.848 -14.918 -14.962 -14.576 -14.331 -14.725 -14.813 -14.577 -14.197 -14.534
0.840411 -9.988 -9.89 -11.229 -12.842 -13.794 -14.405 -12.862 -13.019 -13.808 -14.419 -14.756 -14.915 -12.97 -14.034 -14.636 -14.852 -14.93 -14.144 -14.651 -14.866 -14.941 -14.988 -14.586 -14.332 -14.739 -14.846 -14.616 -14.24 -14.544
0.865828 -9.951 -9.809 -11.175 -12.808 -13.779 -14.405 -12.847 -12.988 -13.793 -14.42 -14.769 -14.938 -12.938 -14.026 -14.643 -14.869 -14.954 -14.138 -14.659 -14.884 -14.964 -15.015 -14.594 -14.331 -14.751 -14.88 -14.654 -14.282 -14.553
0.892015 -9.914 -9.724 -11.12 -12.772 -13.762 -14.404 -12.831 -12.955 -13.778 -14.419 -14.78 -14.959 -12.904 -14.015 -14.65 -14.885 -14.977 -14.131 -14.666 -14.9 -14.986 -15.04 -14.602 -14.33 -14.762 -14.912 -14.692 -14.324 -14.561
0.918993 -9.877 -9.637 -11.062 -12.733 -13.744 -14.401 -12.814 -12.921 -13.76 -14.418 -14.792 -14.98 -12.868 -14.004 -14.655 -14.9 -14.999 -14.122 -14.672 -14.915 -15.007 -15.065 -14.609 -14.327 -14.772 -14.945 -14.73 -14.366 -14.568
0.946787 -9.842 -9.548 -11.003 -12.693 -13.725 -14.398 -12.795 -12.884 -13.741 -14.415 -14.802 -15.001 -12.83 -13.99 -14.66 -14.914 -15.021 -14.112 -14.676 -14.93 -15.027 -15.089 -14.614 -14.323 -14.781 -14.976 -14.767 -14.408 -14.575
0.975422 -9.807 -9.455 -10.942 -12.651 -13.704 -14.393 -12.776 -12.846 -13.721 -14.411 -14.811 -15.02 -12.79 -13.976 -14.663 -14.927 -15.041 -14.101 -14.68 -14.943 -15.047 -15.113 -14.619 -14.318 -14.79 -15.007 -14.803 -14.449 -14.58
1.004923 -9.773 -9.359 -10.878 -12.607 -13.681 -14.386 -12.755 -12.805 -13.699 -14.405 -14.818 -15.039 -12.747 -13.96 -14.665 -14.939 -15.061 -14.088 -14.682 -14.956 -15.065 -15.135 -14.622 -14.311 -14.797 -15.038 -14.84 -14.49 -14.584
1.035317 -9.741 -9.26 -10.813 -12.56 -13.656 -14.379 -12.732 -12.762 -13.675 -14.398 -14.825 -15.056 -12.703 -13.942 -14.666 -14.951 -15.08 -14.073 -14.684 -14.967 -15.083 -15.157 -14.625 -14.303 -14.803 -15.068 -14.875 -14.53 -14.587
1.066629 -9.709 -9.158 -10.745 -12.511 -13.629 -14.369 -12.708 -12.717 -13.649 -14.39 -14.831 -15.073 -12.656 -13.922 -14.665 -14.961 -15.098 -14.057 -14.683 -14.978 -15.1 -15.178 -14.626 -14.293 -14.808 -15.097 -14.911 -14.57 -14.589
1.098888 -9.679 -9.053 -10.675 -12.459 -13.601 -14.358 -12.683 -12.67 -13.621 -14.38 -14.835 -15.089 -12.607 -13.901 -14.663 -14.97 -15.115 -14.039 -14.682 -14.987 -15.116 -15.199 -14.626 -14.282 -14.811 -15.126 -14.946 -14.61 -14.59
1.132124 -9.65 -8.944 -10.602 -12.405 -13.57 -14.346 -12.656 -12.62 -13.591 -14.368 -14.839 -15.104 -12.555 -13.877 -14.659 -14.977 -15.131 -14.02 -14.679 -14.995 -15.131 -15.218 -14.624 -14.269 -14.813 -15.154 -14.98 -14.649 -14.59
1.166364 -9.622 -8.831 -10.527 -12.349 -13.537 -14.331 -12.628 -12.568 -13.56 -14.354 -14.84 -15.117 -12.501 -13.852 -14.654 -14.984 -15.146 -13.999 -14.675 -15.002 -15.145 -15.236 -14.622 -14.255 -14.814 -15.181 -15.014 -14.688 -14.589
1.20164 -9.595 -8.715 -10.449 -12.289 -13.503 -14.315 -12.598 -12.513 -13.526 -14.339 -14.841 -15.13 -12.444 -13.825 -14.648 -14.989 -15.16 -13.975 -14.669 -15.008 -15.157 -15.254 -14.617 -14.238 -14.814 -15.207 -15.047 -14.727 -14.586
1.237983 -9.57 -8.595 -10.369 -12.227 -13.465 -14.297 -12.566 -12.455 -13.489 -14.322 -14.84 -15.142 -12.384 -13.795 -14.639 -14.993 -15.173 -13.95 -14.661 -15.012 -15.169 -15.27 -14.612 -14.22 -14.812 -15.233 -15.079 -14.765 -14.582
1.275425 -9.547 -8.471 -10.286 -12.162 -13.426 -14.277 -12.532 -12.394 -13.451 -14.303 -14.837 -15.152 -12.321 -13.764 -14.63 -14.995 -15.185 -13.923 -14.652 -15.015 -15.179 -15.286 -14.605 -14.201 -14.808 -15.258 -15.111 -14.802 -14.577
1.313999 -9.525 -8.342 -10.2 -12.093 -13.383 -14.255 -12.497 -12.33 -13.409 -14.282 -14.833 -15.161 -12.255 -13.73 -14.618 -14.996 -15.195 -13.894 -14.641 -15.017 -15.188 -15.3 -14.596 -14.179 -14.803 -15.282 -15.142 -14.839 -14.57
1.35374 -9.504 -8.21 -10.111 -12.022 -13.338 -14.231 -12.459 -12.263 -13.366 -14.259 -14.828 -15.169 -12.186 -13.694 -14.604 -14.996 -15.204 -13.863 -14.628 -15.017 -15.196 -15.313 -14.585 -14.155 -14.797 -15.305 -15.173 -14.876 -14.562
1.394683 -9.484 -8.073 -10.019 -11.946 -13.291 -14.204 -12.42 -12.193 -13.319 -14.234 -14.82 -15.175 -12.114 -13.655 -14.588 -14.993 -15.212 -13.829 -14.613 -15.015 -15.203 -15.325 -14.573 -14.129 -14.788 -15.327 -15.203 -14.911 -14.552
1.436864 -9.466 -7.931 -9.924 -11.867 -13.24 -14.175 -12.378 -12.119 -13.27 -14.206 -14.811 -15.18 -12.037 -13.613 -14.571 -14.989 -15.218 -13.793 -14.597 -15.012 -15.208 -15.335 -14.559 -14.1 -14.778 -15.348 -15.232 -14.947 -14.541
1.480321 -9.449 -7.785 -9.826 -11.785 -13.186 -14.144 -12.334 -12.041 -13.217 -14.176 -14.8 -15.183 -11.957 -13.569 -14.551 -14.984 -15.223 -13.754 -14.578 -15.006 -15.211 -15.345 -14.543 -14.069 -14.765 -15.368 -15.26 -14.981 -14.528
1.525092 -9.433 -7.634 -9.723 -11.698 -13.129 -14.11 -12.287 -11.96 -13.162 -14.143 -14.786 -15.185 -11.873 -13.521 -14.528 -14.976 -15.227 -13.712 -14.556 -14.999 -15.213 -15.352 -14.525 -14.036 -14.751 -15.387 -15.287 -15.015 -14.513
1.571218 -9.418 -7.478 -9.618 -11.607 -13.069 -14.073 -12.238 -11.874 -13.103 -14.108 -14.771 -15.185 -11.785 -13.471 -14.504 -14.966 -15.228 -13.668 -14.533 -14.99 -15.213 -15.359 -14.505 -14.0 -14.734 -15.405 -15.314 -15.049 -14.496
1.618738 -9.405 -7.317 -9.508 -11.511 -13.005 -14.033 -12.186 -11.784 -13.04 -14.069 -14.753 -15.183 -11.692 -13.417 -14.476 -14.954 -15.228 -13.621 -14.507 -14.979 -15.211 -15.363 -14.482 -13.961 -14.716 -15.421 -15.339 -15.081 -14.478
1.667696 -9.392 -7.151 -9.395 -11.411 -12.937 -13.99 -12.131 -11.689 -12.974 -14.028 -14.734 -15.18 -11.595 -13.36 -14.446 -14.94 -15.226 -13.571 -14.478 -14.966 -15.207 -15.366 -14.457 -13.919 -14.694 -15.436 -15.364 -15.113 -14.457
1.718134 -9.38 -6.98 -9.277 -11.306 -12.865 -13.944 -12.074 -11.59 -12.904 -13.983 -14.711 -15.174 -11.493 -13.299 -14.414 -14.924 -15.222 -13.517 -14.447 -14.95 -15.201 -15.367 -14.43 -13.874 -14.671 -15.45 -15.387 -15.144 -14.434
1.770098 -9.368 -6.805 -9.156 -11.196 -12.789 -13.894 -12.013 -11.486 -12.83 -13.935 -14.686 -15.166 -11.385 -13.234 -14.378 -14.905 -15.216 -13.461 -14.412 -14.932 -15.194 -15.367 -14.4 -13.826 -14.644 -15.462 -15.409 -15.174 -14.409
1.823633 -9.357 -6.624 -9.029 -11.08 -12.709 -13.841 -11.949 -11.376 -12.751 -13.883 -14.658 -15.156 -11.272 -13.165 -14.339 -14.884 -15.208 -13.4 -14.375 -14.912 -15.183 -15.364 -14.367 -13.775 -14.615 -15.473 -15.431 -15.204 -14.381
1.878788 -9.346 -6.439 -8.898 -10.958 -12.624 -13.784 -11.881 -11.261 -12.668 -13.828 -14.627 -15.144 -11.154 -13.092 -14.296 -14.859 -15.197 -13.336 -14.334 -14.888 -15.171 -15.359 -14.331 -13.719 -14.583 -15.482 -15.45 -15.232 -14.352
1.93561 -9.335 -6.251 -8.762 -10.83 -12.533 -13.722 -11.81 -11.139 -12.58 -13.769 -14.593 -15.129 -11.029 -13.014 -14.25 -14.832 -15.184 -13.269 -14.29 -14.862 -15.156 -15.352 -14.292 -13.66 -14.547 -15.489 -15.469 -15.259 -14.319
1.994152 -9.324 -6.059 -8.621 -10.695 -12.438 -13.657 -11.735 -11.011 -12.486 -13.705 -14.556 -15.111 -10.897 -12.931 -14.2 -14.801 -15.168 -13.197 -14.242 -14.832 -15.138 -15.343 -14.249 -13.597 -14.509 -15.495 -15.486 -15.286 -14.284
2.054463 -9.313 -5.865 -8.474 -10.553 -12.336 -13.586 -11.656 -10.877 -12.387 -13.637 -14.515 -15.091 -10.759 -12.844 -14.146 -14.767 -15.15 -13.121 -14.19 -14.799 -15.117 -15.331 -14.203 -13.529 -14.466 -15.498 -15.501 -15.311 -14.246
2.116599 -9.301 -5.67 -8.322 -10.404 -12.229 -13.511 -11.572 -10.735 -12.283 -13.564 -14.471 -15.068 -10.613 -12.75 -14.088 -14.73 -15.128 -13.04 -14.134 -14.763 -15.094 -15.316 -14.153 -13.457 -14.42 -15.5 -15.515 -15.334 -14.204
2.180614 -9.289 -5.476 -8.163 -10.247 -12.115 -13.43 -11.484 -10.585 -12.172 -13.485 -14.422 -15.041 -10.459 -12.651 -14.025 -14.689 -15.103 -12.955 -14.074 -14.723 -15.067 -15.299 -14.1 -13.379 -14.37 -15.499 -15.528 -15.357 -14.16
2.246566 -9.276 -5.284 -7.999 -10.081 -11.995 -13.344 -11.391 -10.427 -12.054 -13.402 -14.37 -15.011 -10.297 -12.546 -13.957 -14.643 -15.075 -12.864 -14.009 -14.679 -15.036 -15.278 -14.042 -13.296 -14.315 -15.495 -15.538 -15.378 -14.112
2.314511 -9.262 -5.097 -7.827 -9.906 -11.867 -13.252 -11.292 -10.261 -11.929 -13.312 -14.312 -14.977 -10.126 -12.433 -13.884 -14.594 -15.043 -12.769 -13.939 -14.631 -15.002 -15.255 -13.979 -13.208 -14.256 -15.489 -15.546 -15.398 -14.061
2.384512 -9.246 -4.918 -7.649 -9.722 -11.731 -13.153 -11.188 -10.085 -11.797 -13.216 -14.25 -14.94 -9.945 -12.314 -13.806 -14.54 -15.008 -12.669 -13.864 -14.578 -14.964 -15.227 -13.912 -13.114 -14.192 -15.481 -15.553 -15.416 -14.006
2.45663 -9.229 -4.748 -7.462 -9.527 -11.587 -13.047 -11.079 -9.899 -11.656 -13.114 -14.183 -14.898 -9.754 -12.187 -13.721 -14.48 -14.968 -12.563 -13.783 -14.521 -14.922 -15.196 -13.839 -13.013 -14.123 -15.469 -15.557 -15.432 -13.947
2.530929 -9.211 -4.59 -7.268 -9.321 -11.435 -12.934 -10.963 -9.703 -11.507 -13.004 -14.11 -14.852 -9.552 -12.053 -13.63 -14.416 -14.924 -12.451 -13.696 -14.458 -14.875 -15.162 -13.761 -12.905 -14.048 -15.454 -15.558 -15.447 -13.884
2.607475 -9.191 -4.446 -7.066 -9.104 -11.272 -12.814 -10.84 -9.494 -11.349 -12.887 -14.031 -14.801 -9.338 -11.909 -13.532 -14.345 -14.875 -12.334 -13.603 -14.389 -14.823 -15.122 -13.677 -12.79 -13.967 -15.436 -15.557 -15.46 -13.817
2.686337 -9.168 -4.317 -6.854 -8.873 -11.099 -12.684 -10.711 -9.274 -11.181 -12.761 -13.946 -14.745 -9.112 -11.756 -13.426 -14.269 -14.821 -12.21 -13.503 -14.315 -14.766 -15.079 -13.586 -12.668 -13.879 -15.414 -15.554 -15.47 -13.745
2.767583 -9.144 -4.202 -6.633 -8.629 -10.916 -12.546 -10.573 -9.04 -11.002 -12.627 -13.854 -14.683 -8.872 -11.593 -13.313 -14.186 -14.761 -12.081 -13.395 -14.234 -14.703 -15.03 -13.489 -12.536 -13.785 -15.389 -15.547 -15.479 -13.669
2.851287 -9.117 -4.103 -6.401 -8.371 -10.72 -12.398 -10.428 -8.793 -10.811 -12.483 -13.755 -14.615 -8.618 -11.419 -13.191 -14.096 -14.696 -11.946 -13.28 -14.147 -14.635 -14.976 -13.384 -12.396 -13.683 -15.359 -15.537 -15.485 -13.587
2.937522 -9.087 -4.015 -6.159 -8.096 -10.512 -12.239 -10.275 -8.529 -10.609 -12.329 -13.648 -14.541 -8.347 -11.233 -13.06 -13.998 -14.624 -11.805 -13.157 -14.052 -14.559 -14.917 -13.271 -12.246 -13.574 -15.324 -15.524 -15.488 -13.5
3.026365 -9.054 -3.939 -5.904 -7.804 -10.29 -12.069 -10.112 -8.25 -10.392 -12.164 -13.532 -14.46 -8.06 -11.035 -12.919 -13.892 -14.545 -11.658 -13.024 -13.949 -14.477 -14.851 -13.15 -12.085 -13.455 -15.285 -15.507 -15.489 -13.408
3.117896 -9.017 -3.87 -5.636 -7.494 -10.053 -11.886 -9.941 -7.952 -10.162 -11.987 -13.408 -14.372 -7.755 -10.824 -12.767 -13.777 -14.458 -11.506 -12.883 -13.837 -14.387 -14.779 -13.02 -11.913 -13.327 -15.24 -15.485 -15.487 -13.31
3.212194 -8.977 -3.807 -5.355 -7.164 -9.8 -11.691 -9.759 -7.635 -9.916 -11.797 -13.273 -14.275 -7.429 -10.598 -12.604 -13.652 -14.364 -11.349 -12.731 -13.717 -14.289 -14.699 -12.88 -11.728 -13.19 -15.189 -15.46 -15.481 -13.206
3.309345 -8.933 -3.747 -5.059 -6.812 -9.529 -11.48 -9.566 -7.297 -9.654 -11.593 -13.128 -14.17 -7.082 -10.355 -12.428 -13.517 -14.261 -11.188 -12.569 -13.586 -14.182 -14.613 -12.729 -11.531 -13.041 -15.132 -15.43 -15.472 -13.096
3.409434 -8.885 -3.687 -4.746 -6.437 -9.24 -11.254 -9.362 -6.937 -9.373 -11.374 -12.971 -14.055 -6.712 -10.096 -12.238 -13.371 -14.148 -11.024 -12.395 -13.444 -14.066 -14.517 -12.566 -11.318 -12.88 -15.069 -15.394 -15.459 -12.98
3.51255 -8.832 -3.627 -4.416 -6.036 -8.93 -11.011 -9.147 -6.551 -9.072 -11.139 -12.801 -13.931 -6.317 -9.818 -12.033 -13.212 -14.025 -10.858 -12.21 -13.291 -13.939 -14.413 -12.391 -11.091 -12.707 -14.998 -15.353 -15.442 -12.857
3.618785 -8.774 -3.565 -4.067 -5.608 -8.598 -10.75 -8.92 -6.139 -8.751 -10.885 -12.618 -13.795 -5.894 -9.52 -11.813 -13.04 -13.891 -10.69 -12.012 -13.126 -13.801 -14.3 -12.202 -10.846 -12.52 -14.918 -15.306 -15.421 -12.728
3.728232 -8.711 -3.498 -3.697 -5.15 -8.242 -10.468 -8.68 -5.698 -8.406 -10.613 -12.42 -13.646 -5.441 -9.2 -11.574 -12.853 -13.744 -10.523 -11.801 -12.946 -13.65 -14.176 -11.999 -10.583 -12.317 -14.83 -15.252 -15.394 -12.592
3.84099 -8.641 -3.427 -3.304 -4.658 -7.859 -10.164 -8.428 -5.225 -8.035 -10.319 -12.206 -13.485 -4.955 -8.855 -11.317 -12.65 -13.584 -10.357 -11.578 -12.753 -13.487 -14.041 -11.779 -10.3 -12.099 -14.733 -15.191 -15.362 -12.449
3.957158 -8.566 -3.351 -2.886 -4.131 -7.447 -9.836 -8.164 -4.717 -7.638 -10.002 -11.974 -13.309 -4.434 -8.485 -11.038 -12.43 -13.41 -10.193 -11.341 -12.543 -13.308 -13.893 -11.541 -9.995 -11.862 -14.625 -15.122 -15.325 -12.3
4.07684 -8.483 -3.267 -2.44 -3.565 -7.004 -9.482 -7.888 -4.171 -7.21 -9.66 -11.723 -13.118 -3.873 -8.085 -10.737 -12.19 -13.219 -10.033 -11.091 -12.317 -13.114 -13.733 -11.284 -9.665 -11.606 -14.505 -15.045 -15.281 -12.143
4.200141 -8.392 -3.177 -1.965 -2.955 -6.526 -9.098 -7.602 -3.583 -6.749 -9.29 -11.451 -12.909 -3.269 -7.654 -10.41 -11.929 -13.011 -9.875 -10.829 -12.072 -12.903 -13.559 -11.006 -9.31 -11.328 -14.373 -14.957 -15.23 -11.981
4.327172 -8.294 -3.078 -1.457 -2.298 -6.01 -8.683 -7.306 -2.949 -6.252 -8.89 -11.157 -12.681 -2.619 -7.188 -10.055 -11.646 -12.784 -9.721 -10.556 -11.809 -12.674 -13.369 -10.705 -8.926 -11.026 -14.227 -14.859 -15.171 -11.811
4.458044 -8.186 -2.97 -0.912 -1.588 -5.452 -8.233 -7.003 -2.265 -5.716 -8.457 -10.836 -12.433 -1.916 -6.684 -9.67 -11.336 -12.535 -9.568 -10.274 -11.525 -12.424 -13.163 -10.378 -8.51 -10.699 -14.065 -14.75 -15.103 -11.636
4.592874 -8.068 -2.852 -0.328 -0.821 -4.848 -7.743 -6.697 -1.525 -5.136 -7.986 -10.489 -12.162 -1.156 -6.138 -9.252 -10.999 -12.263 -9.415 -9.986 -11.219 -12.153 -12.94 -10.024 -8.059 -10.343 -13.886 -14.627 -15.027 -11.454
4.731783 -7.939 -2.724 0.3 0.009 -4.192 -7.211 -6.391 -0.723 -4.508 -7.476 -10.11 -11.865 -0.333 -5.546 -8.796 -10.631 -11.965 -9.259 -9.694 -10.892 -11.858 -12.699 -9.638 -7.57 -9.956 -13.688 -14.491 -14.939 -11.265
4.874892 -7.799 -2.583 0.976 0.911 -3.481 -6.632 -6.089 0.148 -3.827 -6.92 -9.698 -11.541 0.561 -4.902 -8.298 -10.228 -11.638 -9.1 -9.402 -10.543 -11.539 -12.438 -9.217 -7.037 -9.534 -13.47 -14.338 -14.841 -11.069
5.02233 -7.645 -2.429 1.706 1.89 -2.706 -5.999 -5.794 1.094 -3.087 -6.316 -9.248 -11.186 1.532 -4.201 -7.755 -9.787 -11.279 -8.933 -9.114 -10.173 -11.193 -12.157 -8.759 -6.458 -9.074 -13.228 -14.168 -14.729 -10.867
5.174227 -7.477 -2.261 2.496 2.957 -1.861 -5.308 -5.507 2.125 -2.282 -5.656 -8.757 -10.797 2.59 -3.436 -7.161 -9.304 -10.885 -8.755 -8.831 -9.783 -10.819 -11.855 -8.258 -5.826 -8.571 -12.96 -13.978 -14.603 -10.656
5.330718 -7.292 -2.077 3.351 4.121 -0.939 -4.552 -5.229 3.25 -1.405 -4.935 -8.221 -10.37 3.745 -2.601 -6.51 -8.772 -10.451 -8.565 -8.555 -9.379 -10.418 -11.532 -7.71 -5.134 -8.02 -12.663 -13.766 -14.46 -10.435
5.491942 -7.09 -1.875 4.28 5.395 0.07 -3.722 -4.955 4.48 -0.447 -4.146 -7.633 -9.901 5.008 -1.686 -5.796 -8.188 -9.973 -8.36 -8.282 -8.964 -9.989 -11.189 -7.109 -4.378 -7.416 -12.333 -13.53 -14.3 -10.202
5.658042 -6.868 -1.652 5.292 6.791 1.178 -2.809 -4.682 5.829 0.601 -3.281 -6.988 -9.384 6.393 -0.682 -5.01 -7.545 -9.445 -8.136 -8.01 -8.546 -9.535 -10.826 -6.449 -3.547 -6.753 -11.967 -13.266 -14.119 -9.956
5.829166 -6.654 -1.438 6.084 7.871 2.045 -2.084 -4.443 6.875 1.423 -2.593 -6.462 -8.952 7.465 0.109 -4.378 -7.017 -9.004 -7.921 -7.771 -8.211 -9.164 -10.518 -5.911 -2.884 -6.213 -11.644 -13.018 -13.933 -9.729
6.005465 -6.491 -1.275 6.247 8.035 2.209 -1.921 -4.28 7.038 1.587 -2.429 -6.299 -8.789 7.628 0.273 -4.215 -6.854 -8.84 -7.757 -7.608 -8.048 -9.0 -10.355 -5.748 -2.72 -6.049 -11.481 -12.855 -13.769 -9.565
6.187096 -6.317 -1.101 6.421 8.208 2.382 -1.748 -4.106 7.212 1.76 -2.256 -6.125 -8.616 7.802 0.446 -4.041 -6.68 -8.667 -7.584 -7.434 -7.874 -8.827 -10.181 -5.574 -2.547 -5.876 -11.307 -12.681 -13.596 -9.392
6.37422 -6.133 -0.917 6.605 8.393 2.567 -1.563 -3.922 7.397 1.945 -2.071 -5.941 -8.431 7.986 0.631 -3.857 -6.496 -8.482 -7.399 -7.25 -7.69 -8.642 -9.996 -5.39 -2.362 -5.691 -11.123 -12.497 -13.411 -9.207
6.567004 -5.937 -0.721 6.801 8.589 2.763 -1.367 -3.726 7.592 2.141 -1.875 -5.745 -8.235 8.182 0.827 -3.661 -6.3 -8.286 -7.203 -7.054 -7.494 -8.446 -9.801 -5.194 -2.166 -5.495 -10.927 -12.301 -13.215 -9.012
6.765619 -5.728 -0.513 7.01 8.797 2.971 -1.159 -3.518 7.801 2.349 -1.667 -5.537 -8.027 8.39 1.035 -3.453 -6.092 -8.078 -6.995 -6.846 -7.286 -8.238 -9.592 -4.986 -1.958 -5.287 -10.719 -12.093 -13.007 -8.803
6.97024 -5.507 -0.292 7.231 9.018 3.192 -0.938 -3.297 8.022 2.57 -1.446 -5.316 -7.806 8.611 1.256 -3.232 -5.871 -7.857 -6.774 -6.625 -7.065 -8.017 -9.371 -4.765 -1.737 -5.066 -10.498 -11.872 -12.786 -8.582
7.181051 -5.273 -0.057 7.465 9.252 3.426 -0.703 -3.062 8.256 2.805 -1.211 -5.081 -7.571 8.846 1.491 -2.997 -5.636 -7.623 -6.539 -6.39 -6.83 -7.783 -9.137 -4.53 -1.502 -4.831 -10.263 -11.637 -12.552 -8.348
7.398237 -5.023 0.192 7.715 9.502 3.676 -0.454 -2.813 8.506 3.054 -0.962 -4.832 -7.322 9.095 1.74 -2.748 -5.387 -7.373 -6.29 -6.141 -6.581 -7.533 -8.887 -4.281 -1.253 -4.582 -10.014 -11.388 -12.302 -8.098
7.621991 -4.759 0.457 7.979 9.766 3.94 -0.189 -2.548 8.77 3.318 -0.698 -4.567 -7.057 9.36 2.004 -2.483 -5.122 -7.109 -6.026 -5.876 -6.316 -7.269 -8.623 -4.016 -0.989 -4.318 -9.749 -11.123 -12.038 -7.834
7.852513 -4.478 0.738 8.26 10.047 4.221 0.092 -2.267 9.051 3.599 -0.417 -4.286 -6.777 9.641 2.285 -2.202 -4.841 -6.828 -5.745 -5.595 -6.035 -6.988 -8.342 -3.735 -0.708 -4.037 -9.468 -10.842 -11.757 -7.553
8.090007 -4.18 1.036 8.558 10.345 4.519 0.39 -1.969 9.349 3.898 -0.118 -3.988 -6.478 9.939 2.584 -1.904 -4.543 -6.53 -5.446 -5.297 -5.737 -6.69 -8.044 -3.437 -0.409 -3.738 -9.17 -10.544 -11.459 -7.255
8.334684 -3.863 1.353 8.875 10.662 4.836 0.706 -1.653 9.666 4.214 0.198 -3.671 -6.162 10.256 2.9 -1.587 -4.227 -6.213 -5.13 -4.98 -5.42 -6.373 -7.727 -3.12 -0.093 -3.422 -8.854 -10.228 -11.142 -6.938
8.586761 -3.527 1.689 9.211 10.998 5.172 1.042 -1.317 10.002 4.55 0.534 -3.335 -5.826 10.592 3.236 -1.251 -3.891 -5.877 -4.794 -4.644 -5.084 -6.037 -7.391 -2.784 0.243 -3.086 -8.517 -9.892 -10.806 -6.602
8.846461 -3.17 2.045 9.568 11.355 5.529 1.399 -0.96 10.359 4.907 0.891 -2.979 -5.469 10.948 3.593 -0.895 -3.534 -5.52 -4.437 -4.287 -4.727 -5.68 -7.034 -2.428 0.6 -2.729 -8.161 -9.535 -10.449 -6.245
9.114017 -2.792 2.424 9.946 11.733 5.907 1.778 -0.581 10.737 5.286 1.269 -2.6 -5.09 11.327 3.972 -0.516 -3.155 -5.142 -4.059 -3.909 -4.349 -5.302 -6.656 -2.049 0.979 -2.35 -7.782 -9.156 -10.071 -5.867
9.389664 -2.39 2.826 10.348 12.135 6.309 2.18 -0.179 11.139 5.687 1.671 -2.198 -4.688 11.729 4.373 -0.114 -2.753 -4.74 -3.657 -3.507 -3.947 -4.9 -6.254 -1.647 1.381 -1.949 -7.38 -8.754 -9.669 -5.465
9.673648 -1.963 3.252 10.775 12.562 6.736 2.606 0.247 11.566 6.114 2.098 -1.771 -4.262 12.156 4.8 0.313 -2.327 -4.313 -3.23 -3.08 -3.52 -4.473 -5.827 -1.221 1.807 -1.522 -6.954 -8.328 -9.242 -5.038
9.966221 -1.51 3.705 11.228 13.015 7.189 3.059 0.7 12.019 6.567 2.551 -1.319 -3.809 12.608 5.253 0.765 -1.874 -3.86 -2.777 -2.628 -3.068 -4.02 -5.374 -0.768 2.26 -1.069 -6.501 -7.875 -8.789 -4.585
10.267642 -1.03 4.186 11.708 13.495 7.669 3.54 1.181 12.499 7.047 3.031 -0.838 -3.328 13.089 5.733 1.246 -1.393 -3.38 -2.297 -2.147 -2.587 -3.54 -4.894 -0.287 2.74 -0.589 -6.02 -7.394 -8.309 -4.105
10.57818 -0.52 4.696 12.218 14.005 8.179 4.05 1.691 13.009 7.558 3.541 -0.328 -2.818 13.599 6.243 1.756 -0.883 -2.87 -1.787 -1.637 -2.077 -3.03 -4.384 0.223 3.251 -0.079 -5.51 -6.884 -7.799 -3.595
10.89811 0.022 5.237 12.76 14.547 8.721 4.591 2.232 13.551 8.099 4.083 0.214 -2.277 14.14 6.785 2.297 -0.342 -2.328 -1.245 -1.095 -1.535 -2.488 -3.842 0.764 3.792 0.463 -4.969 -6.343 -7.257 -3.053
11.227716 0.596 5.812 13.334 15.122 9.296 5.166 2.807 14.125 8.674 4.658 0.788 -1.702 14.715 7.36 2.872 0.233 -1.753 -0.67 -0.521 -0.961 -1.913 -3.268 1.339 4.367 1.038 -4.394 -5.768 -6.682 -2.479
11.56729 1.206 6.422 13.944 15.731 9.905 5.776 3.417 14.735 9.284 5.268 1.398 -1.092 15.325 7.97 3.482 0.843 -1.143 -0.06 0.089 -0.351 -1.303 -2.658 1.949 4.977 1.648 -3.784 -5.158 -6.072 -1.869
11.917135 1.854 7.069 14.592 16.379 10.553 6.423 4.064 15.383 9.931 5.915 2.046 -0.445 15.973 8.617 4.13 1.49 -0.496 0.587 0.737 0.297 -0.656 -2.01 2.596 5.624 2.295 -3.137 -4.511 -5.425 -1.221
12.277561 2.541 7.757 15.279 17.066 11.24 7.11 4.751 16.07 10.618 6.602 2.733 0.242 16.66 9.304 4.817 2.177 0.191 1.274 1.424 0.984 0.031 -1.323 3.284 6.311 2.982 -2.449 -3.824 -4.738 -0.534
12.648887 3.27 8.486 16.008 17.795 11.969 7.84 5.481 16.799 11.348 7.332 3.462 0.972 17.389 10.034 5.546 2.907 0.92 2.004 2.153 1.713 0.76 -0.594 4.013 7.041 3.712 -1.72 -3.094 -4.009 0.195
13.031444 4.044 9.26 16.782 18.57 12.744 8.614 6.255 17.573 12.122 8.106 4.236 1.746 18.163 10.808 6.32 3.681 1.695 2.778 2.927 2.487 1.535 0.18 4.787 7.815 4.486 -0.946 -2.32 -3.234 0.97
13.425571 4.866 10.082 17.604 19.391 13.565 9.436 7.077 18.395 12.943 8.927 5.058 2.568 18.985 11.629 7.142 4.503 2.516 3.599 3.749 3.309 2.356 1.002 5.609 8.637 5.307 -0.124 -1.498 -2.413 1.791
13.831619 5.738 10.954 18.476 20.263 14.437 10.308 7.949 19.267 13.816 9.8 5.93 3.44 19.857 12.502 8.014 5.375 3.388 4.472 4.621 4.181 3.228 1.874 6.481 9.509 6.18 0.748 -0.626 -1.541 2.663
14.249947 6.664 11.88 19.402 21.189 15.363 11.233 8.875 20.193 14.741 10.725 6.856 4.365 20.783 13.427 8.94 6.3 4.314 5.397 5.547 5.107 4.154 2.8 7.407 10.434 7.105 1.674 0.3 -0.615 3.589
14.680926 7.647 12.862 20.385 22.172 16.346 12.216 9.857 21.176 15.724 11.708 7.838 5.348 21.765 14.41 9.922 7.283 5.297 6.38 6.529 6.089 5.137 3.783 8.389 11.417 8.088 2.656 1.282 0.368 4.572
15.124941 8.689 13.905 21.427 23.215 17.389 13.259 10.9 22.218 16.767 12.751 8.881 6.391 22.808 15.453 10.965 8.326 6.34 7.423 7.572 7.132 6.18 4.825 9.432 12.46 9.131 3.699 2.325 1.411 5.614
15.582385 9.796 15.012 22.534 24.321 18.495 14.366 12.007 23.325 17.874 13.858 9.988 7.498 23.915 16.56 12.072 9.433 7.447 8.53 8.679 8.239 7.287 5.932 10.539 13.567 10.238 4.806 3.432 2.518 6.721
16.053663 10.971 16.187 23.709 25.496 19.67 15.541 13.182 24.5 19.049 15.032 11.163 8.673 25.09 17.734 13.247 10.608 8.621 9.704 9.854 9.414 8.461 7.107 11.714 14.742 11.412 5.981 4.607 3.692 7.896
16.539195 12.218 17.434 24.956 26.743 20.917 16.788 14.429 25.747 20.296 16.279 12.41 9.92 26.337 18.981 14.494 11.855 9.868 10.951 11.101 10.661 9.708 8.354 12.961 15.989 12.659 7.228 5.854 4.939 9.143
17.039412 13.542 18.757 26.28 28.067 22.241 18.111 15.752 27.071 21.619 17.603 13.734 11.243 27.661 20.305 15.818 13.178 11.192 12.275 12.425 11.985 11.032 9.678 14.284 17.312 13.983 8.551 7.177 6.263 10.467
17.554757 14.947 20.162 27.685 29.472 23.646 19.516 17.157 28.476 23.024 19.008 15.139 12.648 29.065 21.71 17.222 14.583 12.597 13.68 13.83 13.39 12.437 11.083 15.689 18.717 15.388 9.956 8.582 7.668 11.872
18.085689 16.438 21.653 29.176 30.963 25.137 21.007 18.648 29.967 24.515 20.499 16.63 14.139 30.557 23.201 18.714 16.074 14.088 15.171 15.321 14.881 13.928 12.574 17.18 20.208 16.879 11.447 10.073 9.159 13.363
18.632678 18.02 23.236 30.758 32.546 26.72 22.59 20.231 31.55 26.098 22.082 18.212 15.722 32.139 24.784 20.296 17.657 15.671 16.754 16.903 16.463 15.511 14.157 18.763 21.791 18.462 13.03 11.656 10.742 14.946
19.196211 19.7 24.916 32.438 34.226 28.4 24.27 21.911 33.229 27.778 23.762 19.892 17.402 33.819 26.464 21.976 19.337 17.351 18.434 18.583 18.143 17.191 15.836 20.443 23.471 20.142 14.71 13.336 12.422 16.625
19.776787 21.483 26.699 34.221 36.009 30.183 26.053 23.694 35.012 29.561 25.545 21.675 19.185 35.602 28.247 23.759 21.12 19.134 20.217 20.366 19.926 18.974 17.619 22.226 25.254 21.925 16.493 15.119 14.205 18.408
20.374923 23.376 28.592 36.114 37.901 32.075 27.945 25.586 36.905 31.453 27.437 23.568 21.077 37.495 30.139 25.652 23.012 21.026 22.109 22.259 21.819 20.866 19.512 24.119 27.146 23.817 18.385 17.011 16.097 20.301
20.991149 25.385 30.6 38.123 39.91 34.084 29.954 27.595 38.914 33.462 29.446 25.576 23.086 39.503 32.148 27.66 25.021 23.035 24.118 24.267 23.827 22.875 21.521 26.127 29.155 25.826 20.394 19.02 18.106 22.31
21.626011 27.517 32.732 40.255 42.042 36.216 32.086 29.727 41.046 35.594 31.578 27.708 25.218 41.635 34.28 29.792 27.153 25.167 26.25 26.4 25.96 25.007 23.653 28.259 31.287 27.958 22.526 21.152 20.238 24.442
22.280075 29.78 34.995 42.518 44.305 38.479 34.349 31.99 43.309 37.857 33.841 29.971 27.481 43.898 36.543 32.055 29.416 27.43 28.513 28.663 28.222 27.27 25.916 30.522 33.55 30.221 24.789 23.415 22.501 26.705
22.953921 32.182 37.397 44.92 46.707 40.881 36.751 34.392 45.711 40.259 36.243 32.373 29.883 46.3 38.945 34.457 31.818 29.832 30.915 31.064 30.624 29.672 28.318 32.924 35.952 32.623 27.191 25.817 24.903 29.107
23.648147 34.731 39.947 47.469 49.256 43.43 39.3 36.941 48.26 42.808 38.792 34.923 32.432 48.85 41.494 37.007 34.367 32.381 33.464 33.614 33.174 32.221 30.867 35.474 38.501 35.172 29.741 28.367 27.452 31.656
24.363369 37.437 42.653 50.175 51.962 46.136 42.006 39.647 50.966 45.514 41.498 37.629 35.138 51.556 44.2 39.713 37.073 35.087 36.17 36.32 35.88 34.927 33.573 38.18 41.207 37.878 32.446 31.072 30.158 34.362
25.100222 40.309 45.525 53.047 54.834 49.008 44.878 42.52 53.838 48.386 44.37 40.501 38.01 54.428 47.072 42.585 39.945 37.959 39.042 39.192 38.752 37.799 36.445 41.052 44.079 40.75 35.319 33.945 33.03 37.234
25.859362 43.357 48.573 56.095 57.883 52.057 47.927 45.568 56.886 51.435 47.419 43.549 41.059 57.476 50.121 45.633 42.994 41.008 42.091 42.24 41.8 40.848 39.493 44.1 47.128 43.799 38.367 36.993 36.079 40.283
26.64146 46.593 51.809 59.331 61.118 55.292 51.163 48.804 60.122 54.67 50.654 46.785 44.295 60.712 53.356 48.869 46.23 44.243 45.326 45.476 45.036 44.083 42.729 47.336 50.363 47.034 41.603 40.229 39.314 43.518
27.447213 50.027 55.243 62.765 64.553 58.727 54.597 52.238 63.556 58.105 54.089 50.219 47.729 64.146 56.791 52.303 49.664 47.678 48.761 48.91 48.47 47.518 46.163 50.77 53.798 50.469 45.037 43.663 42.749 46.952
28.277335 53.673 58.888 66.411 68.198 62.372 58.242 55.883 67.202 61.75 57.734 53.864 51.374 67.791 60.436 55.948 53.309 51.323 52.406 52.555 52.115 51.163 49.809 54.415 57.443 54.114 48.682 47.308 46.394 50.598
29.132564 57.542 62.757 70.28 72.067 66.241 62.111 59.752 71.071 65.619 61.603 57.733 55.243 71.66 64.305 59.817 57.178 55.192 56.275 56.425 55.985 55.032 53.678 58.284 61.312 57.983 52.551 51.177 50.263 54.467
30.013659 61.648 66.864 74.386 76.173 70.347 66.218 63.859 75.177 69.726 65.709 61.84 59.35 75.767 68.411 63.924 61.285 59.298 60.381 60.531 60.091 59.138 57.784 62.391 65.419 62.089 56.658 55.284 54.369 58.573
30.921401 66.007 71.223 78.745 80.532 74.706 70.576 68.218 79.536 74.084 70.068 66.199 63.708 80.126 72.77 68.283 65.643 63.657 64.74 64.89 64.45 63.497 62.143 66.75 69.777 66.448 61.017 59.643 58.728 62.932
31.856598 70.633 75.849 83.371 85.159 79.333 75.203 72.844 84.162 78.711 74.695 70.825 68.335 84.752 77.397 72.909 70.27 68.284 69.367 69.516 69.076 68.124 66.769 71.376 74.404 71.075 65.643 64.269 63.355 67.558
32.820079 75.544 80.76 88.282 90.069 84.243 80.113 77.754 89.073 83.621 79.605 75.736 73.245 89.663 82.307 77.82 75.18 73.194 74.277 74.427 73.987 73.034 71.68 76.287 79.314 75.985 70.553 69.179 68.265 72.469
33.8127 80.756 85.972 93.494 95.281 89.455 85.325 82.966 94.285 88.833 84.817 80.948 78.457 94.875 87.519 83.032 80.392 78.406 79.489 79.639 79.199 78.246 76.892 81.499 84.526 81.197 75.765 74.391 73.477 77.681
34.835342 86.288 91.504 99.026 100.813 94.987 90.857 88.498 99.817 94.365 90.349 86.48 83.989 100.407 93.051 88.564 85.924 83.938 85.021 85.171 84.731 83.778 82.424 87.031 90.058 86.729 81.298 79.923 79.009 83.213
35.888913 92.16 97.375 104.898 106.685 100.859 96.729 94.37 105.689 100.237 96.221 92.351 89.861 106.278 98.923 94.435 91.796 89.81 90.893 91.043 90.603 89.65 88.296 92.902 95.93 92.601 87.169 85.795 84.881 89.085
36.974349 98.392 103.608 111.13 112.917 107.091 102.961 100.602 111.921 106.469 102.453 98.584 96.093 112.511 105.155 100.668 98.028 96.042 97.125 97.275 96.835 95.882 94.528 99.135 102.162 98.833 93.401 92.027 91.113 95.317
38.092613 105.007 110.222 117.745 119.532 113.706 109.576 107.217 118.536 113.084 109.068 105.199 102.708 119.126 111.77 107.283 104.643 102.657 103.74 103.89 103.45 102.497 101.143 105.75 108.777 105.448 100.016 98.642 97.728 101.932
39.244698 112.028 117.244 124.766 126.553 120.727 116.597 114.238 125.557 120.105 116.089 112.22 109.729 126.147 118.791 114.304 111.664 109.678 110.761 110.911 110.471 109.518 108.164 112.771 115.798 112.469 107.038 105.664 104.749 108.953
40.431627 119.48 124.696 132.218 134.005 128.179 124.05 121.691 133.009 127.558 123.541 119.672 117.182 133.599 126.243 121.756 119.117 117.13 118.213 118.363 117.923 116.97 115.616 120.223 123.251 119.921 114.49 113.116 112.201 116.405
41.654454 127.39 132.606 140.128 141.915 136.089 131.959 129.601 140.919 135.467 131.451 127.582 125.091 141.509 134.153 129.666 127.027 125.04 126.123 126.273 125.833 124.88 123.526 128.133 131.16 127.831 122.4 121.026 120.111 124.315
42.914265 135.786 141.001 148.524 150.311 144.485 140.355 137.996 149.315 143.863 139.847 135.977 133.487 149.904 142.549 138.061 135.422 133.436 134.519 134.668 134.228 133.276 131.922 136.528 139.556 136.227 130.795 129.421 128.507 132.711
44.212178 144.697 149.912 157.435 159.222 153.396 149.266 146.907 158.226 152.774 148.758 144.888 142.398 158.815 151.46 146.972 144.333 142.347 143.43 143.579 143.139 142.187 140.833 145.439 148.467 145.138 139.706 138.332 137.418 141.622
45.549345 154.155 159.37 166.893 168.68 162.854 158.724 156.365 167.684 162.232 158.216 154.347 151.856 168.274 160.918 156.431 153.791 151.805 152.888 153.038 152.598 151.645 150.291 154.897 157.925 154.596 149.164 147.79 146.876 151.08
46.926954 164.194 169.409 176.932 178.719 172.893 168.763 166.404 177.723 172.271 168.255 164.386 161.895 178.313 170.957 166.47 163.83 161.844 162.927 163.077 162.637 161.684 160.33 164.936 167.964 164.635 159.203 157.829 156.915 161.119
48.346227 174.849 180.065 187.587 189.374 183.548 179.419 177.06 188.378 182.927 178.91 175.041 172.551 188.968 181.612 177.125 174.486 172.499 173.582 173.732 173.292 172.339 170.985 175.592 178.62 175.29 169.859 168.485 167.57 171.774
49.808426 186.159 191.375 198.897 200.684 194.858 190.728 188.369 199.688 194.236 190.22 186.351 183.86 200.278 192.922 188.435 185.795 183.809 184.892 185.042 184.602 183.649 182.295 186.902 189.929 186.6 181.168 179.794 178.88 183.084
51.314848 198.163 203.379 210.901 212.688 206.862 202.732 200.374 211.692 206.24 202.224 198.355 195.864 212.282 204.926 200.439 197.799 195.813 196.896 197.046 196.606 195.653 194.299 198.906 201.933 198.604 193.173 191.799 190.884 195.088
52.86683 210.904 216.12 223.642 225.429 219.603 215.474 213.115 224.433 218.982 214.965 211.096 208.606 225.023 217.667 213.18 210.541 208.554 209.637 209.787 209.347 208.394 207.04 211.647 214.675 211.345 205.914 204.54 203.625 207.829
54.465752 224.428 229.643 237.166 238.953 233.127 228.997 226.638 237.957 232.505 228.489 224.62 222.129 238.547 231.191 226.704 224.064 222.078 223.161 223.311 222.871 221.918 220.564 225.17 228.198 224.869 219.437 218.063 217.149 221.353
56.113031 238.782 243.997 251.52 253.307 247.481 243.351 240.992 252.311 246.859 242.843 238.974 236.483 252.901 245.545 241.058 238.418 236.432 237.515 237.665 237.225 236.272 234.918 239.524 242.552 239.223 233.791 232.417 231.503 235.707
57.810132 254.017 259.233 266.755 268.542 262.716 258.587 256.228 267.546 262.094 258.078 254.209 251.719 268.136 260.78 256.293 253.654 251.667 252.75 252.9 252.46 251.507 250.153 254.76 257.787 254.458 249.027 247.653 246.738 250.942
59.55856 270.188 275.404 282.926 284.713 278.887 274.757 272.399 283.717 278.265 274.249 270.38 267.889 284.307 276.951 272.464 269.824 267.838 268.921 269.071 268.631 267.678 266.324 270.931 273.958 270.629 265.198 263.824 262.909 267.113
61.359868 287.352 292.567 300.09 301.877 296.051 291.921 289.562 300.881 295.429 291.413 287.544 285.053 301.471 294.115 289.628 286.988 285.002 286.085 286.235 285.795 284.842 283.488 288.094 291.122 287.793 282.361 280.987 280.073 284.277
63.215655 305.569 310.785 318.307 320.095 314.269 310.139 307.78 319.099 313.647 309.631 305.761 303.271 319.688 312.333 307.845 305.206 303.22 304.303 304.452 304.012 303.06 301.706 306.312 309.34 306.011 300.579 299.205 298.291 302.495
65.127569 324.906 330.121 337.644 339.431 333.605 329.475 327.116 338.435 332.983 328.967 325.098 322.607 339.025 331.669 327.182 324.542 322.556 323.639 323.789 323.349 322.396 321.042 325.649 328.676 325.347 319.915 318.541 317.627 321.831
67.097308 345.429 350.645 358.167 359.955 354.129 349.999 347.64 358.959 353.507 349.491 345.621 343.131 359.548 352.193 347.705 345.066 343.08 344.163 344.312 343.872 342.92 341.566 346.172 349.2 345.871 340.439 339.065 338.151 342.355
69.126621 367.213 372.429 379.951 381.739 375.913 371.783 369.424 380.742 375.291 371.275 367.405 364.915 381.332 373.977 369.489 366.85 364.864 365.947 366.096 365.656 364.704 363.349 367.956 370.984 367.655 362.223 360.849 359.935 364.138
71.217308 390.335 395.551 403.073 404.86 399.034 394.904 392.545 403.864 398.412 394.396 390.527 388.036 404.454 397.098 392.611 389.971 387.985 389.068 389.218 388.778 387.825 386.471 391.078 394.105 390.776 385.344 383.97 383.056 387.26
73.371227 414.876 420.092 427.614 429.401 423.575 419.446 417.087 428.405 422.953 418.937 415.068 412.578 428.995 421.639 417.152 414.513 412.526 413.609 413.759 413.319 412.366 411.012 415.619 418.646 415.317 409.886 408.512 407.597 411.801
75.59029 440.924 446.14 453.662 455.449 449.623 445.494 443.135 454.453 449.002 444.985 441.116 438.626 455.043 447.687 443.2 440.561 438.574 439.657 439.807 439.367 438.414 437.06 441.667 444.695 441.365 435.934 434.56 433.645 437.849
77.876467 468.572 473.787 481.31 483.097 477.271 473.141 470.782 482.101 476.649 472.633 468.764 466.273 482.691 475.335 470.848 468.208 466.222 467.305 467.455 467.015 466.062 464.708 469.314 472.342 469.013 463.581 462.207 461.293 465.497
80.231787 497.917 503.133 510.655 512.442 506.616 502.486 500.128 511.446 505.994 501.978 498.109 495.618 512.036 504.68 500.193 497.554 495.567 496.65 496.8 496.36 495.407 494.053 498.66 501.687 498.358 492.927 491.553 490.638 494.842
82.658343 529.064 534.28 541.802 543.589 537.763 533.634 531.275 542.593 537.141 533.125 529.256 526.766 543.183 535.827 531.34 528.701 526.714 527.797 527.947 527.507 526.554 525.2 529.807 532.835 529.505 524.074 522.7 521.785 525.989
85.158288 562.124 567.339 574.862 576.649 570.823 566.693 564.334 575.653 570.201 566.185 562.316 559.825 576.243 568.887 564.4 561.76 559.774 560.857 561.007 560.567 559.614 558.26 562.867 565.894 562.565 557.133 555.759 554.845 559.049
87.733843 597.213 602.429 609.951 611.739 605.913 601.783 599.424 610.742 605.291 601.275 597.405 594.915 611.332 603.977 599.489 596.85 594.864 595.947 596.096 595.656 594.704 593.35 597.956 600.984 597.655 592.223 590.849 589.935 594.139
90.387293 634.458 639.673 647.196 648.983 643.157 639.027 636.668 647.987 642.535 638.519 634.65 632.159 648.576 641.221 636.734 634.094 632.108 633.191 633.341 632.901 631.948 630.594 635.2 638.228 634.899 629.467 628.093 627.179 631.383
93.120995 673.989 679.205 686.727 688.514 682.688 678.558 676.199 687.518 682.066 678.05 674.181 671.69 688.108 680.752 676.265 673.625 671.639 672.722 672.872 672.432 671.479 670.125 674.732 677.759 674.43 668.999 667.624 666.71 670.914
95.937376 715.947 721.163 728.685 730.473 724.647 720.517 718.158 729.476 724.025 720.009 716.139 713.649 730.066 722.711 718.223 715.584 713.598 714.681 714.83 714.39 713.438 712.083 716.69 719.718 716.389 710.957 709.583 708.669 712.873
98.838937 760.482 765.698 773.22 775.008 769.182 765.052 762.693 774.011 768.56 764.544 760.674 758.184 774.601 767.246 762.758 760.119 758.133 759.216 759.365 758.925 757.973 756.618 761.225 764.253 760.924 755.492 754.118 753.204 757.407
101.828253 nan nan nan nan nan nan nan nan nan nan nan nan nan nan nan nan nan nan nan nan nan nan nan nan nan nan nan nan nan
104.907979 nan nan nan nan nan nan nan nan nan nan nan nan nan nan nan nan nan nan nan nan nan nan nan nan nan nan nan nan nan
108.080849 nan nan nan nan nan nan nan nan nan nan nan nan nan nan nan nan nan nan nan nan nan nan nan nan nan nan nan nan nan
111.349681 nan nan nan nan nan nan nan nan nan nan nan nan nan nan nan nan nan nan nan nan nan nan nan nan nan nan nan nan nan
114.717376 nan nan nan nan nan nan nan nan nan nan nan nan nan nan nan nan nan nan nan nan nan nan nan nan nan nan nan nan nan
118.186925 nan nan nan nan nan nan nan nan nan nan nan nan nan nan nan nan nan nan nan nan nan nan nan nan nan nan nan nan nan
121.761408 nan nan nan nan nan nan nan nan nan nan nan nan nan nan nan nan nan nan nan nan nan nan nan nan nan nan nan nan nan
125.443999 nan nan nan nan nan nan nan nan nan nan nan nan nan nan nan nan nan nan nan nan nan nan nan nan nan nan nan nan nan
129.237967 nan nan nan nan nan nan nan nan nan nan nan nan nan nan nan nan nan nan nan nan nan nan nan nan nan nan nan nan nan
133.146681 nan nan nan nan nan nan nan nan nan nan nan nan nan nan nan nan nan nan nan nan nan nan nan nan nan nan nan nan nan
137.173612 nan nan nan nan nan nan nan nan nan nan nan nan nan nan nan nan nan nan nan nan nan nan nan nan nan nan nan nan nan
141.322334 nan nan nan nan nan nan nan nan nan nan nan nan nan nan nan nan nan nan nan nan nan nan nan nan nan nan nan nan nan
145.596532 nan nan nan nan nan nan nan nan nan nan nan nan nan nan nan nan nan nan nan nan nan nan nan nan nan nan nan nan nan
150.0 nan nan nan nan nan nan nan nan nan nan nan nan nan nan nan nan nan nan nan nan nan nan nan nan nan nan nan nan nan
