# %ECSV 1.0
# ---
# datatype:
# - {name: time, datatype: float64}
# - {name: swift_uvot_uvw2, datatype: float64}
# - {name: swift_uvot_uvm2, datatype: float64}
# - {name: swift_uvot_uvw1, datatype: float64}
# - {name: swift_uvot_U, datatype: float64}
# - {name: swift_uvot_B, datatype: float64}
# - {name: swift_uvot_V, datatype: float64}
# - {name: swift_uvot_W, datatype: float64}
# - {name: johnson_U, datatype: float64}
# - {name: johnson_B, datatype: float64}
# - {name: johnson_V, datatype: float64}
# - {name: johnson_R, datatype: float64}
# - {name: johnson_I, datatype: float64}
# - {name: sdss_u, datatype: float64}
# - {name: sdss_g, datatype: float64}
# - {name: sdss_r, datatype: float64}
# - {name: sdss_i, datatype: float64}
# - {name: sdss_z, datatype: float64}
# - {name: PS1_g, datatype: float64}
# - {name: PS1_r, datatype: float64}
# - {name: PS1_i, datatype: float64}
# - {name: PS1_z, datatype: float64}
# - {name: PS1_Y, datatype: float64}
# - {name: ukirt_J, datatype: float64}
# - {name: ukirt_H, datatype: float64}
# - {name: ukirt_K, datatype: float64}
# meta: !!omap
# - comment: [E = 0.00011641960487160349, Eta0 = 8.02, GammaB = 12.0, dL = 0.012188, epsb = 6.760829753919819e-06, epse = 0.1, n = 3.9810717055349695e-05,
#     p = 2.15, theta_obs = 0.29670597283903605, xiN = 1.0, z = 0.0, type = grb, E_kiso = 0.2682695795279726]
# schema: astropy-2.0
time swift_uvot_uvw2 swift_uvot_uvm2 swift_uvot_uvw1 swift_uvot_U swift_uvot_B swift_uvot_V swift_uvot_W johnson_U johnson_B johnson_V johnson_R johnson_I sdss_u sdss_g sdss_r sdss_i sdss_z PS1_g PS1_r PS1_i PS1_z PS1_Y ukirt_J ukirt_H ukirt_K
0.01 24.344 24.394 24.319 24.126 23.984 23.845 24.205 24.104 23.981 23.839 23.699 23.55 24.109 23.936 23.764 23.644 23.533 23.872 23.73 23.61 23.511 23.343 23.321 23.152 22.961
0.0102 23.781 23.831 23.756 23.563 23.42 23.281 23.642 23.54 23.418 23.276 23.136 22.987 23.545 23.373 23.201 23.08 22.97 23.309 23.166 23.047 22.948 22.779 22.758 22.588 22.398
0.0105 23.218 23.267 23.192 22.999 22.857 22.718 23.079 22.977 22.855 22.713 22.572 22.424 22.982 22.809 22.638 22.517 22.406 22.746 22.603 22.483 22.384 22.216 22.194 22.025 21.835
0.0107 22.654 22.704 22.629 22.436 22.294 22.154 22.515 22.414 22.291 22.149 22.009 21.86 22.419 22.246 22.074 21.953 21.843 22.182 22.04 21.92 21.821 21.653 21.631 21.462 21.271
0.011 22.091 22.14 22.065 21.873 21.73 21.591 21.952 21.85 21.728 21.586 21.445 21.297 21.855 21.683 21.511 21.39 21.279 21.619 21.476 21.356 21.257 21.089 21.067 20.898 20.708
0.0113 21.527 21.577 21.502 21.309 21.167 21.028 21.388 21.287 21.164 21.022 20.882 20.733 21.292 21.119 20.947 20.827 20.716 21.055 20.913 20.793 20.694 20.526 20.504 20.335 20.144
0.0115 21.238 21.288 21.213 21.02 20.877 20.738 21.099 20.997 20.875 20.733 20.593 20.444 21.002 20.83 20.658 20.537 20.427 20.766 20.624 20.504 20.405 20.236 20.215 20.045 19.855
0.0118 21.094 21.143 21.069 20.876 20.733 20.594 20.955 20.853 20.731 20.589 20.448 20.3 20.858 20.686 20.514 20.393 20.282 20.622 20.479 20.359 20.26 20.092 20.07 19.901 19.711
0.0121 20.95 20.999 20.924 20.731 20.589 20.45 20.811 20.709 20.586 20.445 20.304 20.156 20.714 20.541 20.369 20.249 20.138 20.478 20.335 20.215 20.116 19.948 19.926 19.757 19.567
0.0124 20.805 20.855 20.78 20.587 20.445 20.305 20.666 20.565 20.442 20.3 20.16 20.011 20.57 20.397 20.225 20.105 19.994 20.333 20.191 20.071 19.972 19.804 19.782 19.613 19.422
0.0127 20.661 20.711 20.636 20.443 20.3 20.161 20.522 20.42 20.298 20.156 20.016 19.867 20.425 20.253 20.081 19.96 19.85 20.189 20.046 19.927 19.828 19.659 19.638 19.468 19.278
0.013 20.517 20.566 20.491 20.298 20.156 20.017 20.378 20.276 20.154 20.012 19.871 19.723 20.281 20.108 19.937 19.816 19.705 20.045 19.902 19.782 19.683 19.515 19.493 19.324 19.134
0.0133 20.372 20.422 20.347 20.154 20.012 19.873 20.233 20.132 20.009 19.867 19.727 19.578 20.137 19.964 19.792 19.672 19.561 19.9 19.758 19.638 19.539 19.371 19.349 19.18 18.989
0.0136 20.228 20.278 20.203 20.01 19.867 19.728 20.089 19.987 19.865 19.723 19.583 19.434 19.992 19.82 19.648 19.527 19.417 19.756 19.614 19.494 19.395 19.226 19.205 19.035 18.845
0.014 20.084 20.133 20.059 19.866 19.723 19.584 19.945 19.843 19.721 19.579 19.438 19.29 19.848 19.676 19.504 19.383 19.272 19.612 19.469 19.349 19.25 19.082 19.06 18.891 18.701
0.0143 19.94 19.989 19.914 19.721 19.579 19.44 19.801 19.699 19.576 19.435 19.294 19.146 19.704 19.531 19.36 19.239 19.128 19.468 19.325 19.205 19.106 18.938 18.916 18.747 18.557
0.0146 19.883 19.932 19.857 19.664 19.522 19.383 19.744 19.642 19.52 19.378 19.237 19.089 19.647 19.474 19.303 19.182 19.071 19.411 19.268 19.148 19.049 18.881 18.859 18.69 18.5
0.015 19.826 19.876 19.801 19.608 19.466 19.327 19.687 19.586 19.463 19.321 19.181 19.032 19.591 19.418 19.246 19.126 19.015 19.354 19.212 19.092 18.993 18.825 18.803 18.634 18.443
0.0154 19.77 19.819 19.745 19.552 19.409 19.27 19.631 19.529 19.407 19.265 19.125 18.976 19.534 19.362 19.19 19.069 18.959 19.298 19.155 19.036 18.937 18.768 18.747 18.577 18.387
0.0157 19.714 19.763 19.688 19.495 19.353 19.214 19.575 19.473 19.35 19.209 19.068 18.92 19.478 19.305 19.134 19.013 18.902 19.242 19.099 18.979 18.88 18.712 18.69 18.521 18.331
0.0161 19.657 19.707 19.632 19.439 19.297 19.157 19.518 19.417 19.294 19.152 19.012 18.863 19.422 19.249 19.077 18.956 18.846 19.185 19.043 18.923 18.824 18.656 18.634 18.465 18.274
0.0165 19.601 19.65 19.576 19.383 19.24 19.101 19.462 19.36 19.238 19.096 18.955 18.807 19.365 19.193 19.021 18.9 18.789 19.129 18.986 18.866 18.767 18.599 18.577 18.408 18.218
0.0169 19.545 19.594 19.519 19.326 19.184 19.045 19.405 19.304 19.181 19.039 18.899 18.75 19.309 19.136 18.964 18.844 18.733 19.072 18.93 18.81 18.711 18.543 18.521 18.352 18.161
0.0173 19.488 19.538 19.463 19.27 19.127 18.988 19.349 19.247 19.125 18.983 18.843 18.694 19.252 19.08 18.908 18.787 18.677 19.016 18.874 18.754 18.655 18.486 18.465 18.295 18.105
0.0177 19.432 19.481 19.406 19.213 19.071 18.932 19.293 19.191 19.069 18.927 18.786 18.638 19.196 19.024 18.852 18.731 18.62 18.96 18.817 18.697 18.598 18.43 18.408 18.239 18.049
0.0181 19.372 19.421 19.346 19.153 19.011 18.872 19.233 19.131 19.008 18.867 18.726 18.578 19.136 18.963 18.792 18.671 18.56 18.9 18.757 18.637 18.538 18.37 18.348 18.179 17.989
0.0186 19.288 19.337 19.263 19.07 18.927 18.788 19.149 19.047 18.925 18.783 18.642 18.494 19.052 18.88 18.708 18.587 18.476 18.816 18.673 18.553 18.454 18.286 18.264 18.095 17.905
0.019 19.204 19.254 19.179 18.986 18.843 18.704 19.065 18.963 18.841 18.699 18.559 18.41 18.968 18.796 18.624 18.503 18.393 18.732 18.59 18.47 18.371 18.202 18.181 18.011 17.821
0.0195 19.12 19.17 19.095 18.902 18.76 18.621 18.981 18.88 18.757 18.615 18.475 18.326 18.885 18.712 18.54 18.42 18.309 18.648 18.506 18.386 18.287 18.119 18.097 17.928 17.737
0.02 19.037 19.086 19.011 18.818 18.676 18.537 18.898 18.796 18.673 18.532 18.391 18.243 18.801 18.628 18.457 18.336 18.225 18.565 18.422 18.302 18.203 18.035 18.013 17.844 17.654
0.0204 18.953 19.002 18.928 18.735 18.592 18.453 18.814 18.712 18.59 18.448 18.307 18.159 18.717 18.545 18.373 18.252 18.141 18.481 18.338 18.218 18.119 17.951 17.929 17.76 17.57
0.0209 18.869 18.919 18.844 18.651 18.508 18.369 18.73 18.628 18.506 18.364 18.224 18.075 18.633 18.461 18.289 18.168 18.058 18.397 18.255 18.135 18.036 17.867 17.846 17.676 17.486
0.0214 18.785 18.835 18.76 18.567 18.425 18.286 18.646 18.545 18.422 18.28 18.14 17.991 18.55 18.377 18.205 18.085 17.974 18.313 18.171 18.051 17.952 17.784 17.762 17.593 17.402
0.022 18.702 18.751 18.676 18.483 18.341 18.202 18.563 18.461 18.338 18.197 18.056 17.908 18.466 18.293 18.122 18.001 17.89 18.23 18.087 17.967 17.868 17.7 17.678 17.509 17.319
0.0225 18.618 18.667 18.593 18.4 18.257 18.118 18.479 18.377 18.255 18.113 17.972 17.824 18.382 18.21 18.038 17.917 17.806 18.146 18.003 17.883 17.784 17.616 17.594 17.425 17.235
0.023 18.469 18.519 18.444 18.251 18.108 17.969 18.33 18.228 18.106 17.964 17.824 17.675 18.233 18.061 17.889 17.768 17.658 17.997 17.855 17.735 17.636 17.467 17.446 17.276 17.086
0.0236 18.154 18.203 18.128 17.935 17.793 17.654 18.015 17.913 17.791 17.649 17.508 17.36 17.918 17.745 17.574 17.453 17.342 17.682 17.539 17.419 17.32 17.152 17.13 16.961 16.771
0.0242 17.838 17.888 17.813 17.62 17.477 17.338 17.699 17.597 17.475 17.333 17.193 17.044 17.603 17.43 17.258 17.137 17.027 17.366 17.224 17.104 17.005 16.836 16.815 16.645 16.455
0.0247 17.523 17.572 17.497 17.304 17.162 17.023 17.384 17.282 17.16 17.018 16.877 16.729 17.287 17.114 16.943 16.822 16.711 17.051 16.908 16.788 16.689 16.521 16.499 16.33 16.14
0.0253 17.207 17.257 17.182 16.989 16.847 16.707 17.068 16.967 16.844 16.702 16.562 16.413 16.972 16.799 16.627 16.506 16.396 16.735 16.593 16.473 16.374 16.206 16.184 16.015 15.824
0.0259 16.892 16.941 16.866 16.673 16.531 16.392 16.753 16.651 16.529 16.387 16.246 16.098 16.656 16.483 16.312 16.191 16.08 16.42 16.277 16.157 16.058 15.89 15.868 15.699 15.509
0.0266 16.576 16.626 16.551 16.358 16.216 16.076 16.437 16.336 16.213 16.071 15.931 15.782 16.341 16.168 15.996 15.875 15.765 16.104 15.962 15.842 15.743 15.575 15.553 15.384 15.193
0.0272 16.261 16.31 16.235 16.042 15.9 15.761 16.122 16.02 15.898 15.756 15.615 15.467 16.025 15.853 15.681 15.56 15.449 15.789 15.646 15.526 15.427 15.259 15.237 15.068 14.878
0.0279 15.945 15.995 15.92 15.727 15.585 15.445 15.806 15.705 15.582 15.44 15.3 15.151 15.71 15.537 15.365 15.245 15.134 15.473 15.331 15.211 15.112 14.944 14.922 14.753 14.562
0.0285 15.63 15.679 15.604 15.412 15.269 15.13 15.491 15.389 15.267 15.125 14.984 14.836 15.394 15.222 15.05 14.929 14.818 15.158 15.015 14.895 14.796 14.628 14.606 14.437 14.247
0.0292 15.39 15.439 15.365 15.172 15.029 14.89 15.251 15.149 15.027 14.885 14.745 14.596 15.154 14.982 14.81 14.689 14.579 14.918 14.775 14.656 14.557 14.388 14.367 14.197 14.007
0.0299 15.253 15.303 15.228 15.035 14.892 14.753 15.114 15.012 14.89 14.748 14.608 14.459 15.017 14.845 14.673 14.552 14.442 14.781 14.639 14.519 14.42 14.251 14.23 14.06 13.87
0.0307 15.116 15.166 15.091 14.898 14.756 14.616 14.977 14.876 14.753 14.611 14.471 14.322 14.881 14.708 14.536 14.416 14.305 14.644 14.502 14.382 14.283 14.115 14.093 13.924 13.733
0.0314 14.98 15.029 14.954 14.761 14.619 14.48 14.84 14.739 14.616 14.474 14.334 14.185 14.744 14.571 14.399 14.279 14.168 14.507 14.365 14.245 14.146 13.978 13.956 13.787 13.596
0.0322 14.843 14.892 14.817 14.624 14.482 14.343 14.704 14.602 14.48 14.338 14.197 14.049 14.607 14.434 14.263 14.142 14.031 14.371 14.228 14.108 14.009 13.841 13.819 13.65 13.46
0.0329 14.706 14.755 14.68 14.487 14.345 14.206 14.567 14.465 14.343 14.201 14.06 13.912 14.47 14.298 14.126 14.005 13.894 14.234 14.091 13.971 13.872 13.704 13.682 13.513 13.323
0.0337 14.569 14.618 14.544 14.351 14.208 14.069 14.43 14.328 14.206 14.064 13.923 13.775 14.333 14.161 13.989 13.868 13.758 14.097 13.954 13.835 13.736 13.567 13.546 13.376 13.186
0.0345 14.432 14.482 14.407 14.214 14.071 13.932 14.293 14.191 14.069 13.927 13.787 13.638 14.196 14.024 13.852 13.731 13.621 13.96 13.818 13.698 13.599 13.43 13.409 13.239 13.049
0.0354 14.295 14.345 14.27 14.077 13.935 13.795 14.156 14.055 13.932 13.79 13.65 13.501 14.06 13.887 13.715 13.594 13.484 13.823 13.681 13.561 13.462 13.294 13.272 13.103 12.912
0.0362 14.158 14.208 14.133 13.94 13.798 13.659 14.019 13.918 13.795 13.653 13.513 13.364 13.923 13.75 13.578 13.458 13.347 13.686 13.544 13.424 13.325 13.157 13.135 12.966 12.775
0.0371 14.054 14.103 14.028 13.835 13.693 13.554 13.915 13.813 13.691 13.549 13.408 13.26 13.818 13.645 13.474 13.353 13.242 13.582 13.439 13.319 13.22 13.052 13.03 12.861 12.671
0.038 13.973 14.023 13.948 13.755 13.613 13.474 13.834 13.733 13.61 13.468 13.328 13.179 13.738 13.565 13.393 13.273 13.162 13.501 13.359 13.239 13.14 12.972 12.95 12.781 12.59
0.0389 13.893 13.943 13.868 13.675 13.533 13.393 13.754 13.653 13.53 13.388 13.248 13.099 13.658 13.485 13.313 13.192 13.082 13.421 13.279 13.159 13.06 12.892 12.87 12.701 12.51
0.0398 13.813 13.863 13.788 13.595 13.452 13.313 13.674 13.572 13.45 13.308 13.168 13.019 13.577 13.405 13.233 13.112 13.002 13.341 13.198 13.079 12.98 12.811 12.79 12.62 12.43
0.0408 13.733 13.782 13.707 13.514 13.372 13.233 13.594 13.492 13.37 13.228 13.087 12.939 13.497 13.325 13.153 13.032 12.921 13.261 13.118 12.998 12.899 12.731 12.709 12.54 12.35
0.0418 13.653 13.702 13.627 13.434 13.292 13.153 13.514 13.412 13.289 13.148 13.007 12.859 13.417 13.244 13.072 12.952 12.841 13.181 13.038 12.918 12.819 12.651 12.629 12.46 12.269
0.0428 13.572 13.622 13.547 13.354 13.212 13.072 13.433 13.332 13.209 13.067 12.927 12.778 13.337 13.164 12.992 12.872 12.761 13.1 12.958 12.838 12.739 12.571 12.549 12.38 12.189
0.0438 13.492 13.542 13.467 13.274 13.131 12.992 13.353 13.251 13.129 12.987 12.847 12.698 13.256 13.084 12.912 12.791 12.681 13.02 12.878 12.758 12.659 12.49 12.469 12.299 12.109
0.0449 13.412 13.461 13.387 13.194 13.051 12.912 13.273 13.171 13.049 12.907 12.766 12.618 13.176 13.004 12.832 12.711 12.6 12.94 12.797 12.677 12.578 12.41 12.388 12.219 12.029
0.046 13.332 13.381 13.306 13.113 12.971 12.832 13.193 13.091 12.969 12.827 12.686 12.538 13.096 12.923 12.752 12.631 12.52 12.86 12.717 12.597 12.498 12.33 12.308 12.139 11.949
0.0471 13.269 13.319 13.244 13.051 12.908 12.769 13.13 13.028 12.906 12.764 12.624 12.475 13.033 12.861 12.689 12.568 12.458 12.797 12.655 12.535 12.436 12.267 12.246 12.076 11.886
0.0482 13.214 13.263 13.188 12.995 12.853 12.714 13.075 12.973 12.851 12.709 12.568 12.42 12.978 12.805 12.634 12.513 12.402 12.742 12.599 12.479 12.38 12.212 12.19 12.021 11.831
0.0494 13.158 13.208 13.133 12.94 12.798 12.659 13.019 12.918 12.795 12.653 12.513 12.364 12.923 12.75 12.578 12.458 12.347 12.686 12.544 12.424 12.325 12.157 12.135 11.966 11.775
0.0506 13.103 13.153 13.078 12.885 12.742 12.603 12.964 12.862 12.74 12.598 12.458 12.309 12.867 12.695 12.523 12.402 12.292 12.631 12.488 12.369 12.27 12.101 12.08 11.91 11.72
0.0518 13.048 13.097 13.022 12.829 12.687 12.548 12.909 12.807 12.685 12.543 12.402 12.254 12.812 12.639 12.468 12.347 12.236 12.576 12.433 12.313 12.214 12.046 12.024 11.855 11.665
0.053 12.992 13.042 12.967 12.774 12.632 12.493 12.853 12.752 12.629 12.487 12.347 12.198 12.757 12.584 12.412 12.292 12.181 12.52 12.378 12.258 12.159 11.991 11.969 11.8 11.609
0.0543 12.937 12.987 12.912 12.719 12.576 12.437 12.798 12.696 12.574 12.432 12.292 12.143 12.701 12.529 12.357 12.236 12.126 12.465 12.322 12.203 12.104 11.935 11.914 11.744 11.554
0.0556 12.882 12.931 12.856 12.663 12.521 12.382 12.743 12.641 12.519 12.377 12.236 12.088 12.646 12.473 12.302 12.181 12.07 12.41 12.267 12.147 12.048 11.88 11.858 11.689 11.499
0.057 12.826 12.876 12.801 12.608 12.466 12.326 12.687 12.586 12.463 12.321 12.181 12.032 12.591 12.418 12.246 12.126 12.015 12.354 12.212 12.092 11.993 11.825 11.803 11.634 11.443
0.0584 12.771 12.82 12.746 12.553 12.41 12.271 12.632 12.53 12.408 12.266 12.125 11.977 12.535 12.363 12.191 12.07 11.96 12.299 12.156 12.037 11.938 11.769 11.748 11.578 11.388
0.0598 12.697 12.746 12.671 12.478 12.336 12.197 12.558 12.456 12.334 12.192 12.051 11.903 12.461 12.288 12.117 11.996 11.885 12.225 12.082 11.962 11.863 11.695 11.673 11.504 11.314
0.0612 12.619 12.669 12.594 12.401 12.258 12.119 12.48 12.378 12.256 12.114 11.974 11.825 12.384 12.211 12.039 11.918 11.808 12.147 12.005 11.885 11.786 11.617 11.596 11.426 11.236
0.0627 12.542 12.591 12.516 12.323 12.181 12.042 12.403 12.301 12.179 12.037 11.896 11.748 12.306 12.133 11.962 11.841 11.73 12.07 11.927 11.807 11.708 11.54 11.518 11.349 11.159
0.0642 12.464 12.514 12.439 12.246 12.103 11.964 12.325 12.223 12.101 11.959 11.819 11.67 12.228 12.056 11.884 11.763 11.653 11.992 11.85 11.73 11.631 11.462 11.441 11.271 11.081
0.0657 12.387 12.436 12.361 12.168 12.026 11.887 12.248 12.146 12.023 11.882 11.741 11.593 12.151 11.978 11.806 11.686 11.575 11.915 11.772 11.652 11.553 11.385 11.363 11.194 11.004
0.0673 12.309 12.359 12.284 12.091 11.948 11.809 12.17 12.068 11.946 11.804 11.664 11.515 12.073 11.901 11.729 11.608 11.498 11.837 11.694 11.575 11.476 11.307 11.286 11.116 10.926
0.0689 12.232 12.281 12.206 12.013 11.871 11.732 12.092 11.991 11.868 11.727 11.586 11.437 11.996 11.823 11.651 11.531 11.42 11.76 11.617 11.497 11.398 11.23 11.208 11.039 10.848
0.0706 12.154 12.203 12.129 11.936 11.793 11.654 12.015 11.913 11.791 11.649 11.509 11.36 11.918 11.746 11.574 11.453 11.343 11.682 11.539 11.42 11.321 11.152 11.131 10.961 10.771
0.0723 12.076 12.126 12.051 11.858 11.716 11.577 11.937 11.836 11.713 11.571 11.431 11.282 11.841 11.668 11.496 11.376 11.265 11.604 11.462 11.342 11.243 11.075 11.053 10.884 10.693
0.0741 11.999 12.048 11.974 11.781 11.638 11.499 11.86 11.758 11.636 11.494 11.353 11.205 11.763 11.591 11.419 11.298 11.187 11.527 11.384 11.265 11.165 10.997 10.976 10.806 10.616
0.0758 11.932 11.982 11.907 11.714 11.571 11.432 11.793 11.691 11.569 11.427 11.287 11.138 11.696 11.524 11.352 11.231 11.121 11.46 11.318 11.198 11.099 10.93 10.909 10.739 10.549
0.0777 11.865 11.915 11.84 11.647 11.505 11.365 11.726 11.625 11.502 11.36 11.22 11.071 11.63 11.457 11.285 11.164 11.054 11.393 11.251 11.131 11.032 10.864 10.842 10.673 10.482
0.0795 11.799 11.848 11.773 11.58 11.438 11.299 11.659 11.558 11.435 11.293 11.153 11.004 11.563 11.39 11.218 11.098 10.987 11.326 11.184 11.064 10.965 10.797 10.775 10.606 10.415
0.0815 11.732 11.781 11.706 11.513 11.371 11.232 11.593 11.491 11.369 11.227 11.086 10.938 11.496 11.323 11.152 11.031 10.92 11.26 11.117 10.997 10.898 10.73 10.708 10.539 10.349
0.0834 11.665 11.714 11.64 11.447 11.304 11.165 11.526 11.424 11.302 11.16 11.019 10.871 11.429 11.257 11.085 10.964 10.853 11.193 11.05 10.93 10.831 10.663 10.641 10.472 10.282
0.0854 11.598 11.648 11.573 11.38 11.237 11.098 11.459 11.357 11.235 11.093 10.953 10.804 11.362 11.19 11.018 10.897 10.787 11.126 10.984 10.864 10.765 10.596 10.575 10.405 10.215
0.0875 11.531 11.581 11.506 11.313 11.171 11.031 11.392 11.291 11.168 11.026 10.886 10.737 11.296 11.123 10.951 10.83 10.72 11.059 10.917 10.797 10.698 10.53 10.508 10.339 10.148
0.0896 11.465 11.514 11.439 11.246 11.104 10.965 11.325 11.224 11.101 10.959 10.819 10.67 11.229 11.056 10.884 10.764 10.653 10.992 10.85 10.73 10.631 10.463 10.441 10.272 10.081
0.0918 11.398 11.447 11.372 11.179 11.037 10.898 11.259 11.157 11.035 10.893 10.752 10.604 11.162 10.989 10.818 10.697 10.586 10.926 10.783 10.663 10.564 10.396 10.374 10.205 10.015
0.094 11.334 11.383 11.309 11.116 10.973 10.834 11.195 11.093 10.971 10.829 10.688 10.54 11.098 10.926 10.754 10.633 10.522 10.862 10.719 10.6 10.501 10.332 10.311 10.141 9.951
0.0963 11.289 11.339 11.264 11.071 10.928 10.789 11.15 11.048 10.926 10.784 10.644 10.495 11.053 10.881 10.709 10.588 10.478 10.817 10.675 10.555 10.456 10.287 10.266 10.096 9.906
0.0986 11.244 11.294 11.219 11.026 10.884 10.744 11.105 11.004 10.881 10.739 10.599 10.45 11.009 10.836 10.664 10.544 10.433 10.772 10.63 10.51 10.411 10.243 10.221 10.052 9.861
0.101 11.2 11.249 11.174 10.981 10.839 10.7 11.061 10.959 10.836 10.695 10.554 10.405 10.964 10.791 10.619 10.499 10.388 10.728 10.585 10.465 10.366 10.198 10.176 10.007 9.816
0.1034 11.155 11.204 11.129 10.936 10.794 10.655 11.016 10.914 10.792 10.65 10.509 10.361 10.919 10.746 10.575 10.454 10.343 10.683 10.54 10.42 10.321 10.153 10.131 9.962 9.772
0.1059 11.11 11.159 11.085 10.892 10.749 10.61 10.971 10.869 10.747 10.605 10.464 10.316 10.874 10.702 10.53 10.409 10.299 10.638 10.495 10.376 10.277 10.108 10.087 9.917 9.727
0.1084 11.065 11.115 11.04 10.847 10.704 10.565 10.926 10.824 10.702 10.56 10.42 10.271 10.829 10.657 10.485 10.364 10.254 10.593 10.451 10.331 10.232 10.063 10.042 9.872 9.682
0.1111 11.02 11.07 10.995 10.802 10.66 10.521 10.881 10.78 10.657 10.515 10.375 10.226 10.785 10.612 10.44 10.32 10.209 10.548 10.406 10.286 10.187 10.019 9.997 9.828 9.637
0.1137 10.976 11.025 10.95 10.757 10.615 10.476 10.837 10.735 10.612 10.471 10.33 10.182 10.74 10.567 10.395 10.275 10.164 10.504 10.361 10.241 10.142 9.974 9.952 9.783 9.592
0.1165 10.931 10.98 10.905 10.712 10.57 10.431 10.792 10.69 10.568 10.426 10.285 10.137 10.695 10.523 10.351 10.23 10.119 10.459 10.316 10.196 10.097 9.929 9.907 9.738 9.548
0.1193 10.888 10.938 10.863 10.67 10.527 10.388 10.749 10.647 10.525 10.383 10.243 10.094 10.652 10.48 10.308 10.187 10.077 10.416 10.273 10.154 10.055 9.886 9.865 9.695 9.505
0.1222 10.851 10.9 10.825 10.632 10.49 10.351 10.711 10.61 10.487 10.345 10.205 10.056 10.615 10.442 10.27 10.15 10.039 10.378 10.236 10.116 10.017 9.849 9.827 9.658 9.467
0.1251 10.813 10.862 10.788 10.595 10.452 10.313 10.674 10.572 10.45 10.308 10.167 10.019 10.577 10.405 10.233 10.112 10.001 10.341 10.198 10.079 9.979 9.811 9.79 9.62 9.43
0.1281 10.775 10.825 10.75 10.557 10.415 10.276 10.636 10.535 10.412 10.27 10.13 9.981 10.54 10.367 10.195 10.075 9.964 10.303 10.161 10.041 9.942 9.774 9.752 9.583 9.392
0.1312 10.738 10.787 10.712 10.519 10.377 10.238 10.599 10.497 10.375 10.233 10.092 9.944 10.502 10.33 10.158 10.037 9.926 10.266 10.123 10.003 9.904 9.736 9.714 9.545 9.355
0.1344 10.7 10.75 10.675 10.482 10.34 10.2 10.561 10.46 10.337 10.195 10.055 9.906 10.465 10.292 10.12 9.999 9.889 10.228 10.086 9.966 9.867 9.699 9.677 9.508 9.317
0.1376 10.663 10.712 10.637 10.444 10.302 10.163 10.524 10.422 10.3 10.158 10.017 9.869 10.427 10.254 10.083 9.962 9.851 10.191 10.048 9.928 9.829 9.661 9.639 9.47 9.28
0.141 10.625 10.675 10.6 10.407 10.264 10.125 10.486 10.384 10.262 10.12 9.98 9.831 10.389 10.217 10.045 9.924 9.814 10.153 10.011 9.891 9.792 9.623 9.602 9.432 9.242
0.1444 10.588 10.637 10.562 10.369 10.227 10.088 10.449 10.347 10.224 10.083 9.942 9.794 10.352 10.179 10.008 9.887 9.776 10.116 9.973 9.853 9.754 9.586 9.564 9.395 9.205
0.1478 10.55 10.6 10.525 10.332 10.189 10.05 10.411 10.309 10.187 10.045 9.905 9.756 10.314 10.142 9.97 9.849 9.739 10.078 9.935 9.816 9.717 9.548 9.527 9.357 9.167
0.1514 10.517 10.567 10.492 10.299 10.157 10.018 10.378 10.277 10.154 10.012 9.872 9.723 10.282 10.109 9.937 9.817 9.706 10.045 9.903 9.783 9.684 9.516 9.494 9.325 9.134
0.1551 10.491 10.541 10.466 10.273 10.131 9.991 10.352 10.251 10.128 9.986 9.846 9.697 10.256 10.083 9.911 9.79 9.68 10.019 9.877 9.757 9.658 9.49 9.468 9.299 9.108
0.1588 10.465 10.515 10.44 10.247 10.104 9.965 10.326 10.224 10.102 9.96 9.82 9.671 10.229 10.057 9.885 9.764 9.654 9.993 9.851 9.731 9.632 9.463 9.442 9.272 9.082
0.1626 10.439 10.489 10.414 10.221 10.078 9.939 10.3 10.198 10.076 9.934 9.794 9.645 10.203 10.031 9.859 9.738 9.628 9.967 9.824 9.705 9.606 9.437 9.416 9.246 9.056
0.1666 10.413 10.462 10.388 10.195 10.052 9.913 10.274 10.172 10.05 9.908 9.767 9.619 10.177 10.005 9.833 9.712 9.602 9.941 9.798 9.679 9.58 9.411 9.39 9.22 9.03
0.1706 10.387 10.436 10.362 10.169 10.026 9.887 10.248 10.146 10.024 9.882 9.741 9.593 10.151 9.979 9.807 9.686 9.575 9.915 9.772 9.652 9.553 9.385 9.363 9.194 9.004
0.1747 10.361 10.41 10.335 10.142 10.0 9.861 10.222 10.12 9.998 9.856 9.715 9.567 10.125 9.953 9.781 9.66 9.549 9.889 9.746 9.626 9.527 9.359 9.337 9.168 8.978
0.1789 10.335 10.384 10.309 10.116 9.974 9.835 10.196 10.094 9.972 9.83 9.689 9.541 10.099 9.926 9.755 9.634 9.523 9.863 9.72 9.6 9.501 9.333 9.311 9.142 8.952
0.1832 10.309 10.358 10.283 10.09 9.948 9.809 10.17 10.068 9.945 9.804 9.663 9.515 10.073 9.9 9.728 9.608 9.497 9.837 9.694 9.574 9.475 9.307 9.285 9.116 8.925
0.1876 10.282 10.332 10.257 10.064 9.922 9.783 10.143 10.042 9.919 9.777 9.637 9.488 10.047 9.874 9.702 9.582 9.471 9.81 9.668 9.548 9.449 9.281 9.259 9.09 8.899
0.1922 10.257 10.306 10.232 10.039 9.896 9.757 10.118 10.016 9.894 9.752 9.611 9.463 10.021 9.849 9.677 9.556 9.445 9.785 9.642 9.523 9.424 9.255 9.234 9.064 8.874
0.1968 10.232 10.281 10.206 10.014 9.871 9.732 10.093 9.991 9.869 9.727 9.586 9.438 9.996 9.824 9.652 9.531 9.42 9.76 9.617 9.497 9.398 9.23 9.208 9.039 8.849
0.2015 10.207 10.256 10.181 9.988 9.846 9.707 10.068 9.966 9.844 9.702 9.561 9.413 9.971 9.799 9.627 9.506 9.395 9.735 9.592 9.472 9.373 9.205 9.183 9.014 8.824
0.2064 10.182 10.231 10.156 9.963 9.821 9.682 10.043 9.941 9.819 9.677 9.536 9.388 9.946 9.773 9.602 9.481 9.37 9.71 9.567 9.447 9.348 9.18 9.158 8.989 8.799
0.2114 10.157 10.206 10.131 9.938 9.796 9.657 10.018 9.916 9.793 9.652 9.511 9.363 9.921 9.748 9.577 9.456 9.345 9.685 9.542 9.422 9.323 9.155 9.133 8.964 8.774
0.2165 10.132 10.181 10.106 9.913 9.771 9.632 9.992 9.891 9.768 9.627 9.486 9.337 9.896 9.723 9.551 9.431 9.32 9.66 9.517 9.397 9.298 9.13 9.108 8.939 8.748
0.2217 10.106 10.156 10.081 9.888 9.746 9.607 9.967 9.866 9.743 9.601 9.461 9.312 9.871 9.698 9.526 9.406 9.295 9.634 9.492 9.372 9.273 9.105 9.083 8.914 8.723
0.2271 10.081 10.131 10.056 9.863 9.721 9.582 9.942 9.841 9.718 9.576 9.436 9.287 9.846 9.673 9.501 9.381 9.27 9.609 9.467 9.347 9.248 9.08 9.058 8.889 8.698
0.2325 10.056 10.106 10.031 9.838 9.696 9.556 9.917 9.816 9.693 9.551 9.411 9.262 9.821 9.648 9.476 9.355 9.245 9.584 9.442 9.322 9.223 9.055 9.033 8.864 8.673
0.2381 10.031 10.081 10.006 9.813 9.67 9.531 9.892 9.79 9.668 9.526 9.386 9.237 9.796 9.623 9.451 9.33 9.22 9.559 9.417 9.297 9.198 9.03 9.008 8.838 8.648
0.2439 10.006 10.056 9.981 9.788 9.646 9.506 9.867 9.766 9.643 9.501 9.361 9.212 9.771 9.598 9.426 9.305 9.195 9.534 9.392 9.272 9.173 9.005 8.983 8.814 8.623
0.2498 9.981 10.031 9.956 9.763 9.621 9.481 9.842 9.741 9.618 9.476 9.336 9.187 9.746 9.573 9.401 9.281 9.17 9.509 9.367 9.247 9.148 8.98 8.958 8.789 8.598
0.2558 9.956 10.006 9.931 9.738 9.596 9.457 9.817 9.716 9.593 9.451 9.311 9.162 9.721 9.548 9.376 9.256 9.145 9.484 9.342 9.222 9.123 8.955 8.933 8.764 8.573
0.262 9.932 9.981 9.906 9.713 9.571 9.432 9.792 9.691 9.568 9.426 9.286 9.137 9.696 9.523 9.351 9.231 9.12 9.459 9.317 9.197 9.098 8.93 8.908 8.739 8.548
0.2683 9.907 9.956 9.881 9.688 9.546 9.407 9.768 9.666 9.543 9.402 9.261 9.113 9.671 9.498 9.326 9.206 9.095 9.435 9.292 9.172 9.073 8.905 8.883 8.714 8.524
0.2748 9.882 9.931 9.856 9.663 9.521 9.382 9.743 9.641 9.519 9.377 9.236 9.088 9.646 9.473 9.302 9.181 9.07 9.41 9.267 9.147 9.048 8.88 8.858 8.689 8.499
0.2814 9.857 9.906 9.831 9.638 9.496 9.357 9.718 9.616 9.494 9.352 9.211 9.063 9.621 9.448 9.277 9.156 9.045 9.385 9.242 9.122 9.023 8.855 8.833 8.664 8.474
0.2882 9.832 9.881 9.806 9.614 9.471 9.332 9.693 9.591 9.469 9.327 9.186 9.038 9.596 9.424 9.252 9.131 9.02 9.36 9.217 9.097 8.998 8.83 8.808 8.639 8.449
0.2951 9.807 9.856 9.782 9.589 9.446 9.307 9.668 9.566 9.444 9.302 9.161 9.013 9.571 9.399 9.227 9.106 8.995 9.335 9.192 9.073 8.973 8.805 8.784 8.614 8.424
0.3022 9.782 9.831 9.757 9.564 9.421 9.282 9.643 9.541 9.419 9.277 9.137 8.988 9.546 9.374 9.202 9.081 8.971 9.31 9.167 9.048 8.949 8.78 8.759 8.589 8.399
0.3095 9.761 9.811 9.736 9.543 9.4 9.261 9.622 9.52 9.398 9.256 9.116 8.967 9.525 9.353 9.181 9.06 8.95 9.289 9.146 9.027 8.928 8.759 8.738 8.568 8.378
0.317 9.741 9.79 9.715 9.522 9.38 9.241 9.602 9.5 9.378 9.236 9.095 8.947 9.505 9.333 9.161 9.04 8.929 9.269 9.126 9.006 8.907 8.739 8.717 8.548 8.358
0.3247 9.721 9.77 9.695 9.502 9.36 9.221 9.581 9.48 9.357 9.216 9.075 8.926 9.485 9.312 9.14 9.02 8.909 9.249 9.106 8.986 8.887 8.719 8.697 8.528 8.337
0.3325 9.7 9.75 9.675 9.482 9.34 9.2 9.561 9.46 9.337 9.195 9.055 8.906 9.465 9.292 9.12 8.999 8.889 9.228 9.086 8.966 8.867 8.699 8.677 8.508 8.317
0.3405 9.68 9.729 9.655 9.462 9.319 9.18 9.541 9.439 9.317 9.175 9.035 8.886 9.444 9.272 9.1 8.979 8.869 9.208 9.065 8.946 8.847 8.678 8.657 8.487 8.297
0.3487 9.66 9.709 9.634 9.441 9.299 9.16 9.521 9.419 9.297 9.155 9.014 8.866 9.424 9.251 9.08 8.959 8.848 9.188 9.045 8.925 8.826 8.658 8.636 8.467 8.277
0.3571 9.64 9.689 9.614 9.421 9.279 9.14 9.5 9.399 9.276 9.134 8.994 8.845 9.404 9.231 9.059 8.939 8.828 9.167 9.025 8.905 8.806 8.638 8.616 8.447 8.256
0.3657 9.619 9.669 9.594 9.401 9.258 9.119 9.48 9.379 9.256 9.114 8.974 8.825 9.384 9.211 9.039 8.918 8.808 9.147 9.005 8.885 8.786 8.618 8.596 8.426 8.236
0.3746 9.599 9.648 9.574 9.381 9.238 9.099 9.46 9.358 9.236 9.094 8.953 8.805 9.363 9.191 9.019 8.898 8.788 9.127 8.984 8.865 8.766 8.597 8.576 8.406 8.216
0.3836 9.579 9.628 9.553 9.36 9.218 9.079 9.44 9.338 9.216 9.074 8.933 8.785 9.343 9.17 8.999 8.878 8.767 9.107 8.964 8.844 8.745 8.577 8.555 8.386 8.196
0.3929 9.563 9.612 9.537 9.344 9.202 9.063 9.424 9.322 9.2 9.058 8.917 8.769 9.327 9.155 8.983 8.862 8.751 9.091 8.948 8.828 8.729 8.561 8.539 8.37 8.18
0.4023 9.547 9.596 9.522 9.329 9.186 9.047 9.408 9.306 9.184 9.042 8.901 8.753 9.311 9.139 8.967 8.846 8.735 9.075 8.932 8.813 8.713 8.545 8.524 8.354 8.164
0.412 9.531 9.581 9.506 9.313 9.17 9.031 9.392 9.29 9.168 9.026 8.886 8.737 9.295 9.123 8.951 8.83 8.72 9.059 8.916 8.797 8.698 8.529 8.508 8.338 8.148
0.422 9.515 9.565 9.49 9.297 9.154 9.015 9.376 9.274 9.152 9.01 8.87 8.721 9.279 9.107 8.935 8.814 8.704 9.043 8.901 8.781 8.682 8.513 8.492 8.322 8.132
0.4322 9.499 9.549 9.474 9.281 9.139 8.999 9.36 9.259 9.136 8.994 8.854 8.705 9.264 9.091 8.919 8.798 8.688 9.027 8.885 8.765 8.666 8.498 8.476 8.307 8.116
0.4426 9.483 9.533 9.458 9.265 9.123 8.984 9.344 9.243 9.12 8.978 8.838 8.689 9.248 9.075 8.903 8.783 8.672 9.011 8.869 8.749 8.65 8.482 8.46 8.291 8.1
0.4533 9.468 9.517 9.442 9.249 9.107 8.968 9.328 9.227 9.104 8.963 8.822 8.673 9.232 9.059 8.887 8.767 8.656 8.996 8.853 8.733 8.634 8.466 8.444 8.275 8.084
0.4642 9.452 9.501 9.426 9.233 9.091 8.952 9.313 9.211 9.089 8.947 8.806 8.658 9.216 9.043 8.872 8.751 8.64 8.98 8.837 8.717 8.618 8.45 8.428 8.259 8.069
0.4754 9.436 9.485 9.41 9.217 9.075 8.936 9.297 9.195 9.073 8.931 8.79 8.642 9.2 9.028 8.856 8.735 8.624 8.964 8.821 8.701 8.602 8.434 8.412 8.243 8.053
0.4869 9.42 9.47 9.395 9.202 9.059 8.92 9.281 9.179 9.057 8.915 8.775 8.626 9.184 9.012 8.84 8.719 8.609 8.948 8.806 8.686 8.587 8.418 8.397 8.227 8.037
0.4986 9.406 9.455 9.38 9.187 9.045 8.906 9.267 9.165 9.043 8.901 8.76 8.612 9.17 8.998 8.826 8.705 8.594 8.934 8.791 8.671 8.572 8.404 8.382 8.213 8.023
0.5106 9.391 9.441 9.366 9.173 9.031 8.892 9.252 9.151 9.028 8.886 8.746 8.597 9.156 8.983 8.811 8.691 8.58 8.919 8.777 8.657 8.558 8.39 8.368 8.199 8.008
0.523 9.377 9.427 9.352 9.159 9.016 8.877 9.238 9.136 9.014 8.872 8.732 8.583 9.141 8.969 8.797 8.676 8.566 8.905 8.763 8.643 8.544 8.375 8.354 8.184 7.994
0.5356 9.363 9.412 9.337 9.144 9.002 8.863 9.224 9.122 9.0 8.858 8.717 8.569 9.127 8.954 8.783 8.662 8.551 8.891 8.748 8.628 8.529 8.361 8.339 8.17 7.98
0.5485 9.348 9.398 9.323 9.13 8.988 8.849 9.209 9.108 8.985 8.843 8.703 8.554 9.113 8.94 8.768 8.648 8.537 8.876 8.734 8.614 8.515 8.347 8.325 8.156 7.965
0.5617 9.334 9.384 9.309 9.116 8.973 8.834 9.195 9.093 8.971 8.829 8.689 8.54 9.098 8.926 8.754 8.633 8.523 8.862 8.719 8.6 8.501 8.332 8.311 8.141 7.951
0.5753 9.32 9.369 9.294 9.101 8.959 8.82 9.181 9.079 8.957 8.815 8.674 8.526 9.084 8.911 8.74 8.619 8.508 8.848 8.705 8.585 8.486 8.318 8.296 8.127 7.937
0.5891 9.305 9.355 9.28 9.087 8.945 8.806 9.166 9.065 8.942 8.8 8.66 8.511 9.07 8.897 8.725 8.605 8.494 8.833 8.691 8.571 8.472 8.304 8.282 8.113 7.922
0.6034 9.291 9.341 9.266 9.073 8.93 8.791 9.152 9.05 8.928 8.786 8.646 8.497 9.055 8.883 8.711 8.59 8.48 8.819 8.676 8.557 8.458 8.289 8.268 8.098 7.908
0.6179 9.277 9.327 9.252 9.059 8.917 8.778 9.138 9.037 8.914 8.772 8.632 8.483 9.042 8.869 8.697 8.577 8.466 8.805 8.663 8.543 8.444 8.276 8.254 8.085 7.894
0.6328 9.266 9.315 9.24 9.047 8.905 8.766 9.127 9.025 8.903 8.761 8.62 8.472 9.03 8.857 8.686 8.565 8.454 8.794 8.651 8.531 8.432 8.264 8.242 8.073 7.883
0.6481 9.254 9.303 9.229 9.036 8.893 8.754 9.115 9.013 8.891 8.749 8.608 8.46 9.018 8.846 8.674 8.553 8.443 8.782 8.639 8.52 8.421 8.252 8.231 8.061 7.871
0.6637 9.242 9.292 9.217 9.024 8.882 8.742 9.103 9.002 8.879 8.737 8.597 8.448 9.007 8.834 8.662 8.541 8.431 8.77 8.628 8.508 8.409 8.241 8.219 8.05 7.859
0.6797 9.231 9.28 9.205 9.012 8.87 8.731 9.091 8.99 8.867 8.726 8.585 8.436 8.995 8.822 8.65 8.53 8.419 8.759 8.616 8.496 8.397 8.229 8.207 8.038 7.847
0.6961 9.219 9.268 9.193 9.0 8.858 8.719 9.08 8.978 8.856 8.714 8.573 8.425 8.983 8.811 8.639 8.518 8.407 8.747 8.604 8.484 8.385 8.217 8.195 8.026 7.836
0.7129 9.207 9.257 9.182 8.989 8.846 8.707 9.068 8.966 8.844 8.702 8.562 8.413 8.971 8.799 8.627 8.506 8.396 8.735 8.592 8.473 8.374 8.205 8.184 8.014 7.824
0.7301 9.195 9.245 9.17 8.977 8.835 8.695 9.056 8.955 8.832 8.69 8.55 8.401 8.96 8.787 8.615 8.495 8.384 8.723 8.581 8.461 8.362 8.194 8.172 8.003 7.812
0.7477 9.184 9.233 9.158 8.965 8.823 8.684 9.045 8.943 8.82 8.679 8.538 8.39 8.948 8.775 8.603 8.483 8.372 8.712 8.569 8.449 8.35 8.182 8.16 7.991 7.8
0.7658 9.172 9.221 9.146 8.954 8.811 8.672 9.033 8.931 8.809 8.667 8.526 8.378 8.936 8.764 8.592 8.471 8.36 8.7 8.557 8.437 8.338 8.17 8.148 7.979 7.789
0.7842 9.16 9.209 9.134 8.941 8.799 8.66 9.02 8.919 8.796 8.655 8.514 8.365 8.924 8.751 8.579 8.459 8.348 8.688 8.545 8.425 8.326 8.158 8.136 7.967 7.776
0.8032 9.147 9.196 9.121 8.928 8.786 8.647 9.007 8.906 8.783 8.641 8.501 8.352 8.911 8.738 8.566 8.446 8.335 8.674 8.532 8.412 8.313 8.145 8.123 7.954 7.763
0.8225 9.133 9.183 9.108 8.915 8.773 8.634 8.994 8.893 8.77 8.628 8.488 8.339 8.898 8.725 8.553 8.433 8.322 8.661 8.519 8.399 8.3 8.132 8.11 7.941 7.75
0.8424 9.12 9.17 9.095 8.902 8.76 8.62 8.981 8.88 8.757 8.615 8.475 8.326 8.885 8.712 8.54 8.42 8.309 8.648 8.506 8.386 8.287 8.119 8.097 7.928 7.737
0.8627 9.107 9.157 9.082 8.889 8.747 8.607 8.968 8.867 8.744 8.602 8.462 8.313 8.872 8.699 8.527 8.406 8.296 8.635 8.493 8.373 8.274 8.106 8.084 7.915 7.724
0.8835 9.094 9.144 9.069 8.876 8.733 8.594 8.955 8.853 8.731 8.589 8.449 8.3 8.859 8.686 8.514 8.393 8.283 8.622 8.48 8.36 8.261 8.092 8.071 7.901 7.711
0.9048 9.081 9.131 9.056 8.863 8.72 8.581 8.942 8.84 8.718 8.576 8.436 8.287 8.845 8.673 8.501 8.38 8.27 8.609 8.467 8.347 8.248 8.079 8.058 7.888 7.698
0.9266 9.068 9.118 9.043 8.85 8.707 8.568 8.929 8.827 8.705 8.563 8.423 8.274 8.832 8.66 8.488 8.367 8.257 8.596 8.453 8.334 8.235 8.066 8.045 7.875 7.685
0.949 9.055 9.104 9.03 8.837 8.694 8.555 8.916 8.814 8.692 8.55 8.41 8.261 8.819 8.647 8.475 8.354 8.244 8.583 8.44 8.321 8.222 8.053 8.032 7.862 7.672
0.9719 9.042 9.091 9.017 8.824 8.681 8.542 8.903 8.801 8.679 8.537 8.396 8.248 8.806 8.634 8.462 8.341 8.23 8.57 8.427 8.308 8.208 8.04 8.019 7.849 7.659
0.9953 9.027 9.076 9.001 8.809 8.666 8.527 8.888 8.786 8.664 8.522 8.381 8.233 8.791 8.619 8.447 8.326 8.215 8.555 8.412 8.292 8.193 8.025 8.003 7.834 7.644
1.0194 9.01 9.06 8.985 8.792 8.649 8.51 8.871 8.77 8.647 8.505 8.365 8.216 8.775 8.602 8.43 8.309 8.199 8.538 8.396 8.276 8.177 8.009 7.987 7.817 7.627
1.0439 8.994 9.043 8.968 8.775 8.633 8.494 8.855 8.753 8.63 8.489 8.348 8.2 8.758 8.585 8.413 8.293 8.182 8.522 8.379 8.259 8.16 7.992 7.97 7.801 7.611
1.0691 8.977 9.026 8.952 8.759 8.616 8.477 8.838 8.736 8.614 8.472 8.331 8.183 8.741 8.569 8.397 8.276 8.166 8.505 8.362 8.243 8.144 7.975 7.954 7.784 7.594
1.0949 8.96 9.01 8.935 8.742 8.6 8.461 8.821 8.72 8.597 8.455 8.315 8.166 8.725 8.552 8.38 8.26 8.149 8.488 8.346 8.226 8.127 7.959 7.937 7.768 7.577
1.1213 8.944 8.993 8.918 8.725 8.583 8.444 8.805 8.703 8.581 8.439 8.298 8.15 8.708 8.535 8.364 8.243 8.132 8.472 8.329 8.209 8.11 7.942 7.92 7.751 7.561
1.1484 8.927 8.977 8.902 8.709 8.566 8.427 8.788 8.686 8.564 8.422 8.282 8.133 8.691 8.519 8.347 8.226 8.116 8.455 8.313 8.193 8.094 7.925 7.904 7.734 7.544
1.1761 8.911 8.96 8.885 8.692 8.55 8.411 8.771 8.67 8.547 8.405 8.265 8.116 8.675 8.502 8.33 8.21 8.099 8.438 8.296 8.176 8.077 7.909 7.887 7.718 7.527
1.2044 8.894 8.943 8.869 8.676 8.533 8.394 8.755 8.653 8.531 8.389 8.248 8.1 8.658 8.486 8.314 8.193 8.082 8.422 8.279 8.159 8.06 7.892 7.87 7.701 7.511
1.2335 8.877 8.927 8.852 8.659 8.517 8.377 8.738 8.637 8.514 8.372 8.232 8.083 8.642 8.469 8.297 8.176 8.066 8.405 8.263 8.143 8.044 7.876 7.854 7.685 7.494
1.2633 8.863 8.912 8.838 8.645 8.502 8.363 8.724 8.622 8.5 8.358 8.217 8.069 8.627 8.455 8.283 8.162 8.052 8.391 8.248 8.129 8.03 7.861 7.84 7.67 7.48
1.2937 8.85 8.899 8.824 8.631 8.489 8.35 8.711 8.609 8.486 8.345 8.204 8.056 8.614 8.441 8.269 8.149 8.038 8.378 8.235 8.115 8.016 7.848 7.826 7.657 7.467
1.3249 8.836 8.886 8.811 8.618 8.475 8.336 8.697 8.596 8.473 8.331 8.191 8.042 8.601 8.428 8.256 8.135 8.025 8.364 8.222 8.102 8.003 7.835 7.813 7.643 7.453
1.3569 8.823 8.872 8.797 8.605 8.462 8.323 8.684 8.582 8.46 8.318 8.177 8.029 8.587 8.415 8.243 8.122 8.011 8.351 8.208 8.088 7.989 7.821 7.799 7.63 7.44
1.3896 8.809 8.859 8.784 8.591 8.449 8.31 8.67 8.569 8.446 8.304 8.164 8.015 8.574 8.401 8.229 8.109 7.998 8.337 8.195 8.075 7.976 7.808 7.786 7.617 7.426
1.4232 8.796 8.846 8.771 8.578 8.435 8.296 8.657 8.555 8.433 8.291 8.151 8.002 8.56 8.388 8.216 8.095 7.985 8.324 8.182 8.062 7.963 7.794 7.773 7.603 7.413
1.4575 8.783 8.832 8.757 8.564 8.422 8.283 8.644 8.542 8.42 8.278 8.137 7.989 8.547 8.374 8.203 8.082 7.971 8.311 8.168 8.048 7.949 7.781 7.759 7.59 7.4
1.4927 8.769 8.819 8.744 8.551 8.409 8.269 8.63 8.529 8.406 8.264 8.124 7.975 8.534 8.361 8.189 8.069 7.958 8.297 8.155 8.035 7.936 7.768 7.746 7.577 7.386
1.5287 8.756 8.805 8.731 8.538 8.395 8.256 8.617 8.515 8.393 8.251 8.11 7.962 8.52 8.348 8.176 8.055 7.945 8.284 8.141 8.022 7.923 7.754 7.733 7.563 7.373
1.5655 8.743 8.792 8.717 8.524 8.382 8.243 8.604 8.502 8.379 8.238 8.097 7.949 8.507 8.334 8.162 8.042 7.931 8.271 8.128 8.008 7.909 7.741 7.719 7.55 7.36
1.6033 8.727 8.776 8.702 8.509 8.366 8.227 8.588 8.486 8.364 8.222 8.081 7.933 8.491 8.319 8.147 8.026 7.915 8.255 8.112 7.992 7.893 7.725 7.703 7.534 7.344
1.642 8.711 8.76 8.685 8.492 8.35 8.211 8.572 8.47 8.348 8.206 8.065 7.917 8.475 8.303 8.131 8.01 7.899 8.239 8.096 7.976 7.877 7.709 7.687 7.518 7.328
1.6816 8.695 8.744 8.669 8.476 8.334 8.195 8.556 8.454 8.332 8.19 8.049 7.901 8.459 8.286 8.115 7.994 7.883 8.223 8.08 7.96 7.861 7.693 7.671 7.502 7.312
1.7222 8.679 8.728 8.653 8.46 8.318 8.179 8.54 8.438 8.315 8.174 8.033 7.885 8.443 8.27 8.098 7.978 7.867 8.207 8.064 7.944 7.845 7.677 7.655 7.486 7.296
1.7637 8.663 8.712 8.637 8.444 8.302 8.163 8.523 8.422 8.299 8.157 8.017 7.868 8.427 8.254 8.082 7.962 7.851 8.19 8.048 7.928 7.829 7.661 7.639 7.47 7.279
1.8062 8.646 8.696 8.621 8.428 8.286 8.147 8.507 8.406 8.283 8.141 8.001 7.852 8.411 8.238 8.066 7.946 7.835 8.174 8.032 7.912 7.813 7.645 7.623 7.454 7.263
1.8498 8.63 8.68 8.605 8.412 8.27 8.13 8.491 8.39 8.267 8.125 7.985 7.836 8.395 8.222 8.05 7.929 7.819 8.158 8.016 7.896 7.797 7.629 7.607 7.438 7.247
1.8944 8.614 8.664 8.589 8.396 8.253 8.114 8.475 8.373 8.251 8.109 7.969 7.82 8.379 8.206 8.034 7.913 7.803 8.142 8.0 7.88 7.781 7.612 7.591 7.421 7.231
1.9401 8.598 8.648 8.573 8.38 8.237 8.098 8.459 8.357 8.235 8.093 7.953 7.804 8.362 8.19 8.018 7.897 7.787 8.126 7.984 7.864 7.765 7.596 7.575 7.405 7.215
1.9869 8.582 8.631 8.557 8.364 8.221 8.082 8.443 8.341 8.219 8.077 7.937 7.788 8.346 8.174 8.002 7.881 7.771 8.11 7.967 7.848 7.749 7.58 7.559 7.389 7.199
2.0349 8.57 8.619 8.544 8.351 8.209 8.07 8.43 8.329 8.206 8.064 7.924 7.775 8.334 8.161 7.989 7.869 7.758 8.097 7.955 7.835 7.736 7.568 7.546 7.377 7.186
2.084 8.557 8.606 8.532 8.339 8.196 8.057 8.418 8.316 8.194 8.052 7.911 7.763 8.321 8.149 7.977 7.856 7.746 8.085 7.942 7.823 7.724 7.555 7.534 7.364 7.174
2.1342 8.544 8.594 8.519 8.326 8.184 8.045 8.405 8.304 8.181 8.039 7.899 7.75 8.309 8.136 7.964 7.844 7.733 8.072 7.93 7.81 7.711 7.543 7.521 7.352 7.161
2.1857 8.532 8.581 8.507 8.314 8.171 8.032 8.393 8.291 8.169 8.027 7.886 7.738 8.296 8.124 7.952 7.831 7.72 8.06 7.917 7.798 7.698 7.53 7.509 7.339 7.149
2.2384 8.519 8.569 8.494 8.301 8.159 8.02 8.38 8.279 8.156 8.014 7.874 7.725 8.284 8.111 7.939 7.819 7.708 8.047 7.905 7.785 7.686 7.518 7.496 7.327 7.136
2.2924 8.507 8.556 8.482 8.289 8.146 8.007 8.368 8.266 8.144 8.002 7.861 7.713 8.271 8.099 7.927 7.806 7.695 8.035 7.892 7.772 7.673 7.505 7.483 7.314 7.124
2.3477 8.494 8.544 8.469 8.276 8.134 7.995 8.355 8.254 8.131 7.989 7.849 7.7 8.259 8.086 7.914 7.794 7.683 8.022 7.88 7.76 7.661 7.493 7.471 7.302 7.111
2.4044 8.482 8.531 8.456 8.264 8.121 7.982 8.343 8.241 8.119 7.977 7.836 7.688 8.246 8.074 7.902 7.781 7.67 8.01 7.867 7.747 7.648 7.48 7.458 7.289 7.099
2.4624 8.469 8.519 8.444 8.251 8.109 7.969 8.33 8.229 8.106 7.964 7.824 7.675 8.234 8.061 7.889 7.769 7.658 7.997 7.855 7.735 7.636 7.468 7.446 7.277 7.086
2.5218 8.458 8.507 8.432 8.239 8.097 7.958 8.319 8.217 8.094 7.953 7.812 7.664 8.222 8.049 7.877 7.757 7.646 7.986 7.843 7.723 7.624 7.456 7.434 7.265 7.074
2.5826 8.45 8.5 8.425 8.232 8.09 7.95 8.311 8.21 8.087 7.945 7.805 7.656 8.215 8.042 7.87 7.75 7.639 7.978 7.836 7.716 7.617 7.449 7.427 7.258 7.067
2.6449 8.443 8.493 8.418 8.225 8.082 7.943 8.304 8.202 8.08 7.938 7.798 7.649 8.207 8.035 7.863 7.742 7.632 7.971 7.829 7.709 7.61 7.441 7.42 7.25 7.06
2.7087 8.436 8.485 8.411 8.218 8.075 7.936 8.297 8.195 8.073 7.931 7.79 7.642 8.2 8.028 7.856 7.735 7.624 7.964 7.821 7.702 7.602 7.434 7.413 7.243 7.053
2.7741 8.429 8.478 8.403 8.21 8.068 7.929 8.29 8.188 8.066 7.924 7.783 7.635 8.193 8.02 7.849 7.728 7.617 7.957 7.814 7.694 7.595 7.427 7.405 7.236 7.046
2.841 8.422 8.471 8.396 8.203 8.061 7.922 8.282 8.181 8.058 7.916 7.776 7.627 8.186 8.013 7.841 7.721 7.61 7.949 7.807 7.687 7.588 7.42 7.398 7.229 7.038
2.9095 8.414 8.464 8.389 8.196 8.054 7.914 8.275 8.174 8.051 7.909 7.769 7.62 8.179 8.006 7.834 7.713 7.603 7.942 7.8 7.68 7.581 7.413 7.391 7.222 7.031
2.9797 8.407 8.457 8.382 8.189 8.046 7.907 8.268 8.166 8.044 7.902 7.762 7.613 8.171 7.999 7.827 7.706 7.596 7.935 7.792 7.673 7.574 7.405 7.384 7.214 7.024
3.0516 8.4 8.449 8.374 8.182 8.039 7.9 8.261 8.159 8.037 7.895 7.754 7.606 8.164 7.992 7.82 7.699 7.588 7.928 7.785 7.665 7.566 7.398 7.376 7.207 7.017
3.1252 8.393 8.442 8.367 8.174 8.032 7.893 8.254 8.152 8.03 7.888 7.747 7.599 8.157 7.984 7.813 7.692 7.581 7.921 7.778 7.658 7.559 7.391 7.369 7.2 7.01
3.2006 8.384 8.433 8.359 8.166 8.023 7.884 8.245 8.143 8.021 7.879 7.739 7.59 8.148 7.976 7.804 7.683 7.573 7.912 7.769 7.65 7.551 7.382 7.361 7.191 7.001
3.2778 8.372 8.421 8.346 8.153 8.011 7.872 8.233 8.131 8.009 7.867 7.726 7.578 8.136 7.963 7.792 7.671 7.56 7.9 7.757 7.637 7.538 7.37 7.348 7.179 6.989
3.3569 8.36 8.409 8.334 8.141 7.999 7.86 8.22 8.119 7.996 7.854 7.714 7.565 8.124 7.951 7.779 7.659 7.548 7.887 7.745 7.625 7.526 7.358 7.336 7.167 6.976
3.4378 8.347 8.397 8.322 8.129 7.987 7.847 8.208 8.107 7.984 7.842 7.702 7.553 8.112 7.939 7.767 7.646 7.536 7.875 7.733 7.613 7.514 7.346 7.324 7.155 6.964
3.5208 8.335 8.384 8.31 8.117 7.974 7.835 8.196 8.094 7.972 7.83 7.69 7.541 8.099 7.927 7.755 7.634 7.524 7.863 7.72 7.601 7.502 7.333 7.312 7.142 6.952
3.6057 8.323 8.372 8.297 8.104 7.962 7.823 8.184 8.082 7.96 7.818 7.677 7.529 8.087 7.914 7.743 7.622 7.511 7.851 7.708 7.588 7.489 7.321 7.299 7.13 6.94
3.6927 8.311 8.36 8.285 8.092 7.95 7.811 8.171 8.07 7.947 7.806 7.665 7.516 8.075 7.902 7.73 7.61 7.499 7.838 7.696 7.576 7.477 7.309 7.287 7.118 6.927
3.7818 8.298 8.348 8.273 8.08 7.938 7.798 8.159 8.058 7.935 7.793 7.653 7.504 8.063 7.89 7.718 7.597 7.487 7.826 7.684 7.564 7.465 7.297 7.275 7.106 6.915
3.873 8.286 8.335 8.261 8.068 7.925 7.786 8.147 8.045 7.923 7.781 7.641 7.492 8.05 7.878 7.706 7.585 7.475 7.814 7.671 7.552 7.453 7.284 7.263 7.093 6.903
3.9664 8.274 8.323 8.248 8.055 7.913 7.774 8.135 8.033 7.911 7.769 7.628 7.48 8.038 7.866 7.694 7.573 7.462 7.802 7.659 7.539 7.44 7.272 7.25 7.081 6.891
4.0621 8.264 8.313 8.238 8.045 7.903 7.764 8.125 8.023 7.901 7.759 7.618 7.47 8.028 7.855 7.684 7.563 7.452 7.792 7.649 7.529 7.43 7.262 7.24 7.071 6.881
4.1601 8.257 8.306 8.231 8.038 7.896 7.757 8.118 8.016 7.893 7.752 7.611 7.463 8.021 7.848 7.676 7.556 7.445 7.785 7.642 7.522 7.423 7.255 7.233 7.064 6.874
4.2604 8.25 8.299 8.224 8.031 7.889 7.75 8.11 8.009 7.886 7.744 7.604 7.455 8.014 7.841 7.669 7.549 7.438 7.777 7.635 7.515 7.416 7.248 7.226 7.057 6.866
4.3632 8.242 8.292 8.217 8.024 7.882 7.742 8.103 8.002 7.879 7.737 7.597 7.448 8.007 7.834 7.662 7.542 7.431 7.77 7.628 7.508 7.409 7.241 7.219 7.05 6.859
4.4685 8.235 8.285 8.21 8.017 7.874 7.735 8.096 7.995 7.872 7.73 7.59 7.441 8.0 7.827 7.655 7.534 7.424 7.763 7.621 7.501 7.402 7.234 7.212 7.042 6.852
4.5763 8.228 8.278 8.203 8.01 7.867 7.728 8.089 7.987 7.865 7.723 7.583 7.434 7.992 7.82 7.648 7.527 7.417 7.756 7.614 7.494 7.395 7.226 7.205 7.035 6.845
4.6867 8.221 8.27 8.196 8.003 7.86 7.721 8.082 7.98 7.858 7.716 7.575 7.427 7.985 7.813 7.641 7.52 7.41 7.749 7.606 7.487 7.388 7.219 7.198 7.028 6.838
4.7997 8.214 8.263 8.188 7.996 7.853 7.714 8.075 7.973 7.851 7.709 7.568 7.42 7.978 7.806 7.634 7.513 7.402 7.742 7.599 7.479 7.38 7.212 7.19 7.021 6.831
4.9155 8.207 8.256 8.181 7.988 7.846 7.707 8.068 7.966 7.844 7.702 7.561 7.413 7.971 7.798 7.627 7.506 7.395 7.735 7.592 7.472 7.373 7.205 7.183 7.014 6.824
5.0341 8.2 8.249 8.174 7.981 7.839 7.7 8.061 7.959 7.836 7.695 7.554 7.406 7.964 7.791 7.62 7.499 7.388 7.728 7.585 7.465 7.366 7.198 7.176 7.007 6.817
5.1555 8.195 8.245 8.17 7.977 7.834 7.695 8.056 7.954 7.832 7.69 7.55 7.401 7.959 7.787 7.615 7.494 7.384 7.723 7.581 7.461 7.362 7.193 7.172 7.002 6.812
5.2799 8.193 8.242 8.167 7.974 7.832 7.693 8.053 7.952 7.829 7.688 7.547 7.398 7.957 7.784 7.612 7.492 7.381 7.721 7.578 7.458 7.359 7.191 7.169 7.0 6.809
5.4072 8.19 8.239 8.165 7.972 7.829 7.69 8.051 7.949 7.827 7.685 7.545 7.396 7.954 7.782 7.61 7.489 7.379 7.718 7.575 7.456 7.357 7.188 7.167 6.997 6.807
5.5377 8.187 8.237 8.162 7.969 7.827 7.688 8.048 7.947 7.824 7.682 7.542 7.393 7.952 7.779 7.607 7.487 7.376 7.715 7.573 7.453 7.354 7.186 7.164 6.995 6.804
5.6713 8.185 8.234 8.16 7.967 7.824 7.685 8.046 7.944 7.822 7.68 7.539 7.391 7.949 7.777 7.605 7.484 7.373 7.713 7.57 7.45 7.351 7.183 7.161 6.992 6.802
5.8081 8.182 8.232 8.157 7.964 7.822 7.682 8.043 7.942 7.819 7.677 7.537 7.388 7.947 7.774 7.602 7.482 7.371 7.71 7.568 7.448 7.349 7.181 7.159 6.99 6.799
5.9482 8.18 8.229 8.154 7.961 7.819 7.68 8.041 7.939 7.817 7.675 7.534 7.386 7.944 7.772 7.6 7.479 7.368 7.708 7.565 7.445 7.346 7.178 7.156 6.987 6.797
6.0917 8.177 8.227 8.152 7.959 7.817 7.677 8.038 7.937 7.814 7.672 7.532 7.383 7.942 7.769 7.597 7.476 7.366 7.705 7.563 7.443 7.344 7.176 7.154 6.985 6.794
6.2386 8.175 8.224 8.149 7.956 7.814 7.675 8.036 7.934 7.812 7.67 7.529 7.381 7.939 7.766 7.595 7.474 7.363 7.703 7.56 7.44 7.341 7.173 7.151 6.982 6.792
6.3891 8.172 8.222 8.147 7.954 7.811 7.672 8.033 7.931 7.809 7.667 7.527 7.378 7.936 7.764 7.592 7.471 7.361 7.7 7.558 7.438 7.339 7.17 7.149 6.979 6.789
6.5433 8.15 8.2 8.125 7.932 7.789 7.65 8.011 7.909 7.787 7.645 7.505 7.356 7.914 7.742 7.57 7.449 7.339 7.678 7.535 7.416 7.317 7.148 7.127 6.957 6.767
6.7011 8.12 8.17 8.095 7.902 7.759 7.62 7.981 7.879 7.757 7.615 7.475 7.326 7.884 7.712 7.54 7.419 7.309 7.648 7.505 7.386 7.287 7.118 7.097 6.927 6.737
6.8627 8.09 8.14 8.065 7.872 7.729 7.59 7.951 7.849 7.727 7.585 7.445 7.296 7.854 7.682 7.51 7.389 7.279 7.618 7.476 7.356 7.257 7.088 7.067 6.897 6.707
7.0283 8.06 8.11 8.035 7.842 7.699 7.56 7.921 7.819 7.697 7.555 7.415 7.266 7.824 7.652 7.48 7.359 7.249 7.588 7.446 7.326 7.227 7.058 7.037 6.867 6.677
7.1978 8.03 8.08 8.005 7.812 7.669 7.53 7.891 7.79 7.667 7.525 7.385 7.236 7.795 7.622 7.45 7.329 7.219 7.558 7.416 7.296 7.197 7.029 7.007 6.837 6.647
7.3715 8.0 8.05 7.975 7.782 7.64 7.5 7.861 7.76 7.637 7.495 7.355 7.206 7.765 7.592 7.42 7.299 7.189 7.528 7.386 7.266 7.167 6.999 6.977 6.808 6.617
7.5493 7.97 8.02 7.945 7.752 7.61 7.47 7.831 7.73 7.607 7.465 7.325 7.176 7.735 7.562 7.39 7.27 7.159 7.498 7.356 7.236 7.137 6.969 6.947 6.778 6.587
7.7314 7.94 7.99 7.915 7.722 7.58 7.441 7.801 7.7 7.577 7.435 7.295 7.146 7.705 7.532 7.36 7.24 7.129 7.468 7.326 7.206 7.107 6.939 6.917 6.748 6.557
7.9179 7.91 7.96 7.885 7.692 7.55 7.411 7.771 7.67 7.547 7.405 7.265 7.116 7.675 7.502 7.33 7.21 7.099 7.438 7.296 7.176 7.077 6.909 6.887 6.718 6.527
8.1089 7.881 7.93 7.855 7.662 7.52 7.381 7.741 7.64 7.517 7.375 7.235 7.086 7.645 7.472 7.3 7.18 7.069 7.408 7.266 7.146 7.047 6.879 6.857 6.688 6.497
8.3045 7.877 7.926 7.851 7.658 7.516 7.377 7.738 7.636 7.514 7.372 7.231 7.083 7.641 7.468 7.297 7.176 7.065 7.405 7.262 7.142 7.043 6.875 6.853 6.684 6.494
8.5049 7.877 7.927 7.852 7.659 7.516 7.377 7.738 7.636 7.514 7.372 7.232 7.083 7.642 7.469 7.297 7.176 7.066 7.405 7.263 7.143 7.044 6.876 6.854 6.684 6.494
8.71 7.878 7.927 7.852 7.659 7.517 7.378 7.739 7.637 7.515 7.373 7.232 7.084 7.642 7.469 7.298 7.177 7.066 7.406 7.263 7.143 7.044 6.876 6.854 6.685 6.495
8.9201 7.878 7.928 7.853 7.66 7.518 7.378 7.739 7.638 7.515 7.373 7.233 7.084 7.643 7.47 7.298 7.177 7.067 7.406 7.264 7.144 7.045 6.877 6.855 6.686 6.495
9.1353 7.879 7.928 7.853 7.661 7.518 7.379 7.74 7.638 7.516 7.374 7.233 7.085 7.643 7.471 7.299 7.178 7.067 7.407 7.264 7.144 7.045 6.877 6.855 6.686 6.496
9.3557 7.879 7.929 7.854 7.661 7.519 7.38 7.74 7.639 7.516 7.374 7.234 7.085 7.644 7.471 7.299 7.179 7.068 7.407 7.265 7.145 7.046 6.878 6.856 6.687 6.496
9.5814 7.88 7.929 7.855 7.662 7.519 7.38 7.741 7.639 7.517 7.375 7.234 7.086 7.644 7.472 7.3 7.179 7.068 7.408 7.265 7.146 7.046 6.878 6.857 6.687 6.497
9.8125 7.88 7.93 7.855 7.662 7.52 7.381 7.741 7.64 7.517 7.375 7.235 7.086 7.645 7.472 7.3 7.18 7.069 7.408 7.266 7.146 7.047 6.879 6.857 6.688 6.497
10.0492 7.881 7.93 7.856 7.663 7.52 7.381 7.742 7.64 7.518 7.376 7.236 7.087 7.645 7.473 7.301 7.18 7.07 7.409 7.266 7.147 7.048 6.879 6.858 6.688 6.498
10.2917 7.882 7.931 7.856 7.663 7.521 7.382 7.742 7.641 7.518 7.377 7.236 7.087 7.646 7.473 7.301 7.181 7.07 7.41 7.267 7.147 7.048 6.88 6.858 6.689 6.498
10.5399 7.884 7.933 7.859 7.666 7.523 7.384 7.745 7.643 7.521 7.379 7.238 7.09 7.648 7.476 7.304 7.183 7.072 7.412 7.269 7.149 7.05 6.882 6.86 6.691 6.501
10.7942 7.886 7.936 7.861 7.668 7.525 7.386 7.747 7.646 7.523 7.381 7.241 7.092 7.651 7.478 7.306 7.185 7.075 7.414 7.272 7.152 7.053 6.885 6.863 6.693 6.503
11.0546 7.889 7.938 7.863 7.67 7.528 7.389 7.75 7.648 7.525 7.384 7.243 7.095 7.653 7.48 7.308 7.188 7.077 7.417 7.274 7.154 7.055 6.887 6.865 6.696 6.505
11.3212 7.891 7.94 7.866 7.673 7.53 7.391 7.752 7.65 7.528 7.386 7.245 7.097 7.655 7.483 7.311 7.19 7.079 7.419 7.276 7.157 7.057 6.889 6.868 6.698 6.508
11.5943 7.893 7.943 7.868 7.675 7.533 7.393 7.754 7.653 7.53 7.388 7.248 7.099 7.658 7.485 7.313 7.192 7.082 7.421 7.279 7.159 7.06 6.892 6.87 6.701 6.51
11.874 7.896 7.945 7.87 7.677 7.535 7.396 7.757 7.655 7.532 7.391 7.25 7.102 7.66 7.487 7.315 7.195 7.084 7.424 7.281 7.161 7.062 6.894 6.872 6.703 6.513
12.1605 7.898 7.947 7.873 7.68 7.537 7.398 7.759 7.657 7.535 7.393 7.252 7.104 7.662 7.49 7.318 7.197 7.086 7.426 7.283 7.164 7.065 6.896 6.875 6.705 6.515
12.4538 7.9 7.95 7.875 7.682 7.54 7.4 7.761 7.66 7.537 7.395 7.255 7.106 7.665 7.492 7.32 7.199 7.089 7.428 7.286 7.166 7.067 6.899 6.877 6.708 6.517
12.7542 7.903 7.952 7.877 7.684 7.542 7.403 7.764 7.662 7.539 7.398 7.257 7.109 7.667 7.494 7.323 7.202 7.091 7.431 7.288 7.168 7.069 6.901 6.879 6.71 6.52
13.0619 7.904 7.954 7.879 7.686 7.544 7.405 7.765 7.664 7.541 7.399 7.259 7.11 7.669 7.496 7.324 7.204 7.093 7.432 7.29 7.17 7.071 6.903 6.881 6.712 6.521
13.377 7.903 7.952 7.877 7.684 7.542 7.403 7.764 7.662 7.54 7.398 7.257 7.109 7.667 7.494 7.323 7.202 7.091 7.431 7.288 7.168 7.069 6.901 6.879 6.71 6.52
13.6997 7.901 7.95 7.876 7.683 7.54 7.401 7.762 7.66 7.538 7.396 7.255 7.107 7.665 7.493 7.321 7.2 7.089 7.429 7.286 7.167 7.068 6.899 6.878 6.708 6.518
14.0302 7.899 7.949 7.874 7.681 7.538 7.399 7.76 7.659 7.536 7.394 7.254 7.105 7.664 7.491 7.319 7.198 7.088 7.427 7.285 7.165 7.066 6.898 6.876 6.706 6.516
14.3686 7.898 7.947 7.872 7.679 7.537 7.398 7.758 7.657 7.534 7.392 7.252 7.103 7.662 7.489 7.317 7.197 7.086 7.425 7.283 7.163 7.064 6.896 6.874 6.705 6.514
14.7153 7.896 7.945 7.87 7.677 7.535 7.396 7.757 7.655 7.533 7.391 7.25 7.102 7.66 7.488 7.316 7.195 7.084 7.424 7.281 7.161 7.062 6.894 6.872 6.703 6.513
15.0702 7.894 7.944 7.869 7.676 7.533 7.394 7.755 7.653 7.531 7.389 7.249 7.1 7.658 7.486 7.314 7.193 7.083 7.422 7.279 7.16 7.061 6.892 6.871 6.701 6.511
15.4338 7.892 7.942 7.867 7.674 7.532 7.392 7.753 7.652 7.529 7.387 7.247 7.098 7.657 7.484 7.312 7.192 7.081 7.42 7.278 7.158 7.059 6.891 6.869 6.7 6.509
15.8061 7.891 7.94 7.865 7.672 7.53 7.391 7.752 7.65 7.527 7.386 7.245 7.097 7.655 7.482 7.311 7.19 7.079 7.419 7.276 7.156 7.057 6.889 6.867 6.698 6.508
16.1874 7.889 7.938 7.864 7.671 7.528 7.389 7.75 7.648 7.526 7.384 7.243 7.095 7.653 7.481 7.309 7.188 7.077 7.417 7.274 7.154 7.055 6.887 6.865 6.696 6.506
16.5779 7.899 7.948 7.874 7.681 7.538 7.399 7.76 7.658 7.536 7.394 7.253 7.105 7.663 7.491 7.319 7.198 7.087 7.427 7.284 7.165 7.065 6.897 6.876 6.706 6.516
16.9778 7.938 7.988 7.913 7.72 7.578 7.438 7.799 7.698 7.575 7.433 7.293 7.144 7.703 7.53 7.358 7.237 7.127 7.466 7.324 7.204 7.105 6.937 6.915 6.746 6.555
17.3873 7.978 8.027 7.952 7.759 7.617 7.478 7.839 7.737 7.614 7.473 7.332 7.184 7.742 7.569 7.397 7.277 7.166 7.506 7.363 7.243 7.144 6.976 6.954 6.785 6.594
17.8068 8.017 8.066 7.992 7.799 7.656 7.517 7.878 7.776 7.654 7.512 7.371 7.223 7.781 7.609 7.437 7.316 7.205 7.545 7.402 7.282 7.183 7.015 6.993 6.824 6.634
18.2363 8.056 8.106 8.031 7.838 7.695 7.556 7.917 7.815 7.693 7.551 7.411 7.262 7.821 7.648 7.476 7.355 7.245 7.584 7.442 7.322 7.223 7.055 7.033 6.863 6.673
18.6762 8.096 8.145 8.07 7.877 7.735 7.596 7.956 7.855 7.732 7.591 7.45 7.301 7.86 7.687 7.515 7.395 7.284 7.624 7.481 7.361 7.262 7.094 7.072 6.903 6.712
19.1268 8.135 8.184 8.109 7.917 7.774 7.635 7.996 7.894 7.772 7.63 7.489 7.341 7.899 7.727 7.555 7.434 7.323 7.663 7.52 7.4 7.301 7.133 7.111 6.942 6.752
19.5882 8.174 8.224 8.149 7.956 7.813 7.674 8.035 7.933 7.811 7.669 7.529 7.38 7.938 7.766 7.594 7.473 7.363 7.702 7.56 7.44 7.341 7.172 7.151 6.981 6.791
20.0607 8.214 8.263 8.188 7.995 7.853 7.714 8.074 7.973 7.85 7.708 7.568 7.419 7.978 7.805 7.633 7.513 7.402 7.741 7.599 7.479 7.38 7.212 7.19 7.021 6.83
20.5446 8.253 8.302 8.227 8.034 7.892 7.753 8.114 8.012 7.89 7.748 7.607 7.459 8.017 7.845 7.673 7.552 7.441 7.781 7.638 7.518 7.419 7.251 7.229 7.06 6.87
21.0402 8.302 8.352 8.277 8.084 7.941 7.802 8.163 8.061 7.939 7.797 7.657 7.508 8.066 7.894 7.722 7.601 7.491 7.83 7.688 7.568 7.469 7.3 7.279 7.109 6.919
21.5478 8.365 8.414 8.339 8.147 8.004 7.865 8.226 8.124 8.002 7.86 7.719 7.571 8.129 7.957 7.785 7.664 7.553 7.893 7.75 7.63 7.531 7.363 7.341 7.172 6.982
22.0676 8.428 8.477 8.402 8.209 8.067 7.928 8.288 8.187 8.064 7.922 7.782 7.633 8.192 8.019 7.847 7.727 7.616 7.955 7.813 7.693 7.594 7.426 7.404 7.235 7.044
22.5999 8.49 8.54 8.465 8.272 8.129 7.99 8.351 8.249 8.127 7.985 7.845 7.696 8.255 8.082 7.91 7.789 7.679 8.018 7.876 7.756 7.657 7.488 7.467 7.297 7.107
23.1451 8.553 8.602 8.527 8.335 8.192 8.053 8.414 8.312 8.19 8.048 7.907 7.759 8.317 8.145 7.973 7.852 7.741 8.081 7.938 7.818 7.719 7.551 7.529 7.36 7.17
23.7034 8.616 8.665 8.59 8.397 8.255 8.116 8.476 8.375 8.252 8.111 7.97 7.821 8.38 8.207 8.035 7.915 7.804 8.144 8.001 7.881 7.782 7.614 7.592 7.423 7.232
24.2752 8.678 8.728 8.653 8.46 8.317 8.178 8.539 8.438 8.315 8.173 8.033 7.884 8.443 8.27 8.098 7.977 7.867 8.206 8.064 7.944 7.845 7.677 7.655 7.485 7.295
24.8608 8.741 8.79 8.716 8.523 8.38 8.241 8.602 8.5 8.378 8.236 8.095 7.947 8.505 8.333 8.161 8.04 7.929 8.269 8.126 8.006 7.907 7.739 7.717 7.548 7.358
25.4606 8.804 8.853 8.778 8.585 8.443 8.304 8.665 8.563 8.44 8.299 8.158 8.009 8.568 8.395 8.223 8.103 7.992 8.332 8.189 8.069 7.97 7.802 7.78 7.611 7.42
26.0748 8.866 8.916 8.841 8.648 8.506 8.366 8.727 8.626 8.503 8.361 8.221 8.072 8.631 8.458 8.286 8.165 8.055 8.394 8.252 8.132 8.033 7.865 7.843 7.674 7.483
26.7038 8.934 8.984 8.909 8.716 8.573 8.434 8.795 8.693 8.571 8.429 8.289 8.14 8.698 8.526 8.354 8.233 8.123 8.462 8.32 8.2 8.101 7.932 7.911 7.741 7.551
27.3479 9.006 9.055 8.98 8.788 8.645 8.506 8.867 8.765 8.643 8.501 8.36 8.212 8.77 8.598 8.426 8.305 8.194 8.534 8.391 8.271 8.172 8.004 7.982 7.813 7.623
28.0077 9.078 9.127 9.052 8.859 8.717 8.578 8.939 8.837 8.714 8.573 8.432 8.283 8.842 8.669 8.497 8.377 8.266 8.606 8.463 8.343 8.244 8.076 8.054 7.885 7.694
28.6833 9.149 9.199 9.124 8.931 8.789 8.649 9.01 8.909 8.786 8.644 8.504 8.355 8.914 8.741 8.569 8.448 8.338 8.677 8.535 8.415 8.316 8.148 8.126 7.957 7.766
29.3752 9.221 9.271 9.196 9.003 8.86 8.721 9.082 8.98 8.858 8.716 8.576 8.427 8.985 8.813 8.641 8.52 8.41 8.749 8.606 8.487 8.388 8.219 8.198 8.028 7.838
30.0838 9.293 9.342 9.267 9.074 8.932 8.793 9.154 9.052 8.93 8.788 8.647 8.499 9.057 8.884 8.713 8.592 8.481 8.821 8.678 8.558 8.459 8.291 8.269 8.1 7.91
30.8096 9.365 9.414 9.339 9.146 9.004 8.865 9.225 9.124 9.001 8.859 8.719 8.57 9.129 8.956 8.784 8.664 8.553 8.892 8.75 8.63 8.531 8.363 8.341 8.172 7.981
31.5528 9.436 9.486 9.411 9.218 9.075 8.936 9.297 9.196 9.073 8.931 8.791 8.642 9.201 9.028 8.856 8.735 8.625 8.964 8.822 8.702 8.603 8.435 8.413 8.243 8.053
32.3139 9.508 9.557 9.483 9.29 9.147 9.008 9.369 9.267 9.145 9.003 8.862 8.714 9.272 9.1 8.928 8.807 8.697 9.036 8.893 8.774 8.675 8.506 8.485 8.315 8.125
33.0935 9.58 9.629 9.554 9.361 9.219 9.08 9.441 9.339 9.217 9.075 8.934 8.786 9.344 9.171 9.0 8.879 8.768 9.108 8.965 8.845 8.746 8.578 8.556 8.387 8.197
33.8918 9.652 9.701 9.627 9.434 9.291 9.152 9.513 9.411 9.289 9.147 9.006 8.858 9.416 9.244 9.072 8.951 8.841 9.18 9.037 8.918 8.819 8.65 8.629 8.459 8.269
34.7093 9.725 9.774 9.699 9.506 9.364 9.225 9.585 9.484 9.361 9.22 9.079 8.93 9.489 9.316 9.144 9.024 8.913 9.252 9.11 8.99 8.891 8.723 8.701 8.532 8.341
35.5466 9.797 9.847 9.772 9.579 9.436 9.297 9.658 9.556 9.434 9.292 9.152 9.003 9.561 9.389 9.217 9.096 8.986 9.325 9.182 9.063 8.964 8.795 8.774 8.604 8.414
36.4041 9.87 9.919 9.844 9.651 9.509 9.37 9.731 9.629 9.506 9.365 9.224 9.076 9.634 9.461 9.289 9.169 9.058 9.398 9.255 9.135 9.036 8.868 8.846 8.677 8.486
37.2823 9.942 9.992 9.917 9.724 9.581 9.442 9.803 9.701 9.579 9.437 9.297 9.148 9.706 9.534 9.362 9.241 9.131 9.47 9.328 9.208 9.109 8.94 8.919 8.749 8.559
38.1817 10.015 10.064 9.989 9.796 9.654 9.515 9.876 9.774 9.651 9.51 9.369 9.221 9.779 9.606 9.435 9.314 9.203 9.543 9.4 9.28 9.181 9.013 8.991 8.822 8.632
39.1028 10.087 10.137 10.062 9.869 9.726 9.587 9.948 9.846 9.724 9.582 9.442 9.293 9.851 9.679 9.507 9.386 9.276 9.615 9.473 9.353 9.254 9.085 9.064 8.894 8.704
40.046 10.16 10.209 10.134 9.941 9.799 9.66 10.021 9.919 9.797 9.655 9.514 9.366 9.924 9.751 9.58 9.459 9.348 9.688 9.545 9.425 9.326 9.158 9.136 8.967 8.777
41.0121 10.232 10.282 10.207 10.014 9.871 9.732 10.093 9.992 9.869 9.727 9.587 9.438 9.997 9.824 9.652 9.531 9.421 9.76 9.618 9.498 9.399 9.231 9.209 9.039 8.849
42.0014 10.305 10.354 10.279 10.086 9.944 9.805 10.166 10.064 9.942 9.8 9.659 9.511 10.069 9.896 9.725 9.604 9.493 9.833 9.69 9.57 9.471 9.303 9.281 9.112 8.922
43.0146 10.371 10.421 10.346 10.153 10.011 9.872 10.232 10.131 10.008 9.866 9.726 9.577 10.136 9.963 9.791 9.671 9.56 9.899 9.757 9.637 9.538 9.37 9.348 9.179 8.988
44.0523 10.437 10.487 10.412 10.219 10.076 9.937 10.298 10.196 10.074 9.932 9.792 9.643 10.201 10.029 9.857 9.736 9.626 9.965 9.823 9.703 9.604 9.435 9.414 9.244 9.054
45.1149 10.503 10.552 10.478 10.285 10.142 10.003 10.364 10.262 10.14 9.998 9.857 9.709 10.267 10.095 9.923 9.802 9.691 10.031 9.888 9.768 9.669 9.501 9.479 9.31 9.12
46.2033 10.569 10.618 10.543 10.35 10.208 10.069 10.43 10.328 10.205 10.064 9.923 9.775 10.333 10.16 9.988 9.868 9.757 10.097 9.954 9.834 9.735 9.567 9.545 9.376 9.186
47.3178 10.634 10.684 10.609 10.416 10.274 10.134 10.495 10.394 10.271 10.129 9.989 9.84 10.399 10.226 10.054 9.934 9.823 10.162 10.02 9.9 9.801 9.633 9.611 9.442 9.251
48.4593 10.7 10.75 10.675 10.482 10.339 10.2 10.561 10.459 10.337 10.195 10.055 9.906 10.464 10.292 10.12 9.999 9.889 10.228 10.085 9.966 9.867 9.698 9.677 9.507 9.317
49.6283 10.766 10.815 10.74 10.547 10.405 10.266 10.627 10.525 10.403 10.261 10.12 9.972 10.53 10.357 10.186 10.065 9.954 10.294 10.151 10.031 9.932 9.764 9.742 9.573 9.383
50.8255 10.831 10.881 10.806 10.613 10.471 10.332 10.692 10.591 10.468 10.326 10.186 10.037 10.596 10.423 10.251 10.131 10.02 10.359 10.217 10.097 9.998 9.83 9.808 9.639 9.448
52.0515 10.897 10.947 10.872 10.679 10.536 10.397 10.758 10.656 10.534 10.392 10.252 10.103 10.662 10.489 10.317 10.196 10.086 10.425 10.283 10.163 10.064 9.895 9.874 9.704 9.514
53.3072 10.963 11.012 10.938 10.745 10.602 10.463 10.824 10.722 10.6 10.458 10.317 10.169 10.727 10.555 10.383 10.262 10.151 10.491 10.348 10.228 10.129 9.961 9.939 9.77 9.58
54.5931 11.019 11.068 10.994 10.801 10.658 10.519 10.88 10.778 10.656 10.514 10.373 10.225 10.783 10.611 10.439 10.318 10.208 10.547 10.404 10.285 10.186 10.017 9.996 9.826 9.636
55.9101 11.075 11.125 11.05 10.857 10.714 10.575 10.936 10.834 10.712 10.57 10.43 10.281 10.839 10.667 10.495 10.374 10.264 10.603 10.46 10.341 10.242 10.073 10.052 9.882 9.692
57.2588 11.131 11.181 11.106 10.913 10.77 10.631 10.992 10.89 10.768 10.626 10.486 10.337 10.895 10.723 10.551 10.43 10.32 10.659 10.517 10.397 10.298 10.129 10.108 9.938 9.748
58.6401 11.187 11.237 11.162 10.969 10.826 10.687 11.048 10.947 10.824 10.682 10.542 10.393 10.952 10.779 10.607 10.486 10.376 10.715 10.573 10.453 10.354 10.186 10.164 9.995 9.804
60.0546 11.243 11.293 11.218 11.025 10.883 10.743 11.104 11.003 10.88 10.738 10.598 10.449 11.008 10.835 10.663 10.543 10.432 10.771 10.629 10.509 10.41 10.242 10.22 10.051 9.86
61.5034 11.299 11.349 11.274 11.081 10.939 10.8 11.16 11.059 10.936 10.794 10.654 10.505 11.064 10.891 10.719 10.599 10.488 10.827 10.685 10.565 10.466 10.298 10.276 10.107 9.916
62.987 11.356 11.405 11.33 11.137 10.995 10.856 11.216 11.115 10.992 10.85 10.71 10.561 11.12 10.947 10.775 10.655 10.544 10.883 10.741 10.621 10.522 10.354 10.332 10.163 9.972
64.5065 11.412 11.461 11.386 11.193 11.051 10.912 11.273 11.171 11.048 10.907 10.766 10.618 11.176 11.003 10.831 10.711 10.6 10.94 10.797 10.677 10.578 10.41 10.388 10.219 10.028
66.0626 11.468 11.517 11.442 11.249 11.107 10.968 11.329 11.227 11.105 10.963 10.822 10.674 11.232 11.059 10.888 10.767 10.656 10.996 10.853 10.733 10.634 10.466 10.444 10.275 10.085
67.6562 11.524 11.573 11.498 11.305 11.163 11.024 11.384 11.283 11.16 11.018 10.878 10.729 11.288 11.115 10.943 10.823 10.712 11.051 10.909 10.789 10.69 10.522 10.5 10.331 10.14
69.2883 11.578 11.627 11.552 11.359 11.217 11.078 11.439 11.337 11.215 11.073 10.932 10.784 11.342 11.169 10.998 10.877 10.766 11.106 10.963 10.843 10.744 10.576 10.554 10.385 10.195
70.9597 11.632 11.681 11.607 11.414 11.271 11.132 11.493 11.391 11.269 11.127 10.986 10.838 11.396 11.224 11.052 10.931 10.82 11.16 11.017 10.898 10.798 10.63 10.609 10.439 10.249
72.6715 11.686 11.736 11.661 11.468 11.325 11.186 11.547 11.445 11.323 11.181 11.041 10.892 11.45 11.278 11.106 10.985 10.875 11.214 11.072 10.952 10.853 10.684 10.663 10.493 10.303
74.4246 11.74 11.79 11.715 11.522 11.38 11.241 11.601 11.5 11.377 11.235 11.095 10.946 11.505 11.332 11.16 11.04 10.929 11.268 11.126 11.006 10.907 10.739 10.717 10.548 10.357
76.2199 11.795 11.844 11.769 11.576 11.434 11.295 11.656 11.554 11.431 11.29 11.149 11.001 11.559 11.386 11.215 11.094 10.983 11.323 11.18 11.06 10.961 10.793 10.771 10.602 10.412
78.0586 11.849 11.898 11.823 11.631 11.488 11.349 11.71 11.608 11.486 11.344 11.203 11.055 11.613 11.441 11.269 11.148 11.037 11.377 11.234 11.114 11.015 10.847 10.825 10.656 10.466
79.9416 11.903 11.953 11.878 11.685 11.542 11.403 11.764 11.662 11.54 11.398 11.258 11.109 11.667 11.495 11.323 11.202 11.092 11.431 11.288 11.169 11.07 10.901 10.88 10.71 10.52
81.87 11.957 12.007 11.932 11.739 11.597 11.457 11.818 11.717 11.594 11.452 11.312 11.163 11.722 11.549 11.377 11.256 11.146 11.485 11.343 11.223 11.124 10.956 10.934 10.765 10.574
83.845 12.012 12.061 11.986 11.793 11.651 11.512 11.872 11.771 11.648 11.507 11.366 11.217 11.776 11.603 11.431 11.311 11.2 11.54 11.397 11.277 11.178 11.01 10.988 10.819 10.628
85.8676 12.064 12.114 12.039 11.846 11.703 11.564 11.925 11.823 11.701 11.559 11.419 11.27 11.829 11.656 11.484 11.363 11.253 11.592 11.45 11.33 11.231 11.062 11.041 10.871 10.681
87.939 12.113 12.163 12.088 11.895 11.752 11.613 11.974 11.872 11.75 11.608 11.468 11.319 11.877 11.705 11.533 11.412 11.302 11.641 11.498 11.379 11.28 11.111 11.09 10.92 10.73
90.0604 12.162 12.211 12.137 11.944 11.801 11.662 12.023 11.921 11.799 11.657 11.516 11.368 11.926 11.754 11.582 11.461 11.35 11.69 11.547 11.428 11.328 11.16 11.139 10.969 10.779
92.2329 12.211 12.26 12.185 11.992 11.85 11.711 12.072 11.97 11.848 11.706 11.565 11.417 11.975 11.803 11.631 11.51 11.399 11.739 11.596 11.476 11.377 11.209 11.187 11.018 10.828
94.4579 12.26 12.309 12.234 12.041 11.899 11.76 12.121 12.019 11.896 11.755 11.614 11.466 12.024 11.851 11.68 11.559 11.448 11.788 11.645 11.525 11.426 11.258 11.236 11.067 10.877
96.7365 12.309 12.358 12.283 12.09 11.948 11.809 12.169 12.068 11.945 11.803 11.663 11.514 12.073 11.9 11.728 11.608 11.497 11.836 11.694 11.574 11.475 11.307 11.285 11.116 10.925
99.0701 12.357 12.407 12.332 12.139 11.997 11.857 12.218 12.117 11.994 11.852 11.712 11.563 12.122 11.949 11.777 11.657 11.546 11.885 11.743 11.623 11.524 11.356 11.334 11.165 10.974
101.4599 12.406 12.456 12.381 12.188 12.045 11.906 12.267 12.165 12.043 11.901 11.761 11.612 12.171 11.998 11.826 11.705 11.595 11.934 11.792 11.672 11.573 11.405 11.383 11.213 11.023
103.9075 12.455 12.505 12.43 12.237 12.094 11.955 12.316 12.214 12.092 11.95 11.81 11.661 12.219 12.047 11.875 11.754 11.644 11.983 11.84 11.721 11.622 11.453 11.432 11.262 11.072
106.4141 12.504 12.553 12.479 12.286 12.143 12.004 12.365 12.263 12.141 11.999 11.858 11.71 12.268 12.096 11.924 11.803 11.692 12.032 11.889 11.77 11.67 11.502 11.481 11.311 11.121
108.9811 12.551 12.601 12.526 12.333 12.19 12.051 12.412 12.31 12.188 12.046 11.906 11.757 12.315 12.143 11.971 11.85 11.74 12.079 11.936 11.817 11.718 11.549 11.528 11.358 11.168
111.6101 12.596 12.645 12.57 12.377 12.235 12.096 12.457 12.355 12.233 12.091 11.95 11.802 12.36 12.188 12.016 11.895 11.784 12.124 11.981 11.861 11.762 11.594 11.572 11.403 11.213
114.3025 12.641 12.69 12.615 12.422 12.28 12.141 12.502 12.4 12.277 12.136 11.995 11.847 12.405 12.232 12.061 11.94 11.829 12.169 12.026 11.906 11.807 11.639 11.617 11.448 11.258
117.0598 12.685 12.735 12.66 12.467 12.325 12.186 12.546 12.445 12.322 12.18 12.04 11.891 12.45 12.277 12.105 11.985 11.874 12.213 12.071 11.951 11.852 11.684 11.662 11.493 11.302
119.8836 12.73 12.78 12.705 12.512 12.369 12.23 12.591 12.489 12.367 12.225 12.085 11.936 12.495 12.322 12.15 12.029 11.919 12.258 12.116 11.996 11.897 11.728 11.707 11.537 11.347
122.7756 12.775 12.824 12.75 12.557 12.414 12.275 12.636 12.534 12.412 12.27 12.129 11.981 12.539 12.367 12.195 12.074 11.964 12.303 12.16 12.041 11.942 11.773 11.752 11.582 11.392
125.7373 12.82 12.869 12.794 12.601 12.459 12.32 12.681 12.579 12.457 12.315 12.174 12.026 12.584 12.412 12.24 12.119 12.008 12.348 12.205 12.085 11.986 11.818 11.796 11.627 11.437
128.7705 12.865 12.914 12.839 12.646 12.504 12.365 12.726 12.624 12.501 12.36 12.219 12.071 12.629 12.456 12.284 12.164 12.053 12.393 12.25 12.13 12.031 11.863 11.841 11.672 11.481
131.8769 12.909 12.959 12.884 12.691 12.549 12.41 12.77 12.669 12.546 12.404 12.264 12.115 12.674 12.501 12.329 12.209 12.098 12.437 12.295 12.175 12.076 11.908 11.886 11.717 11.526
135.0582 12.954 13.004 12.929 12.736 12.593 12.454 12.815 12.713 12.591 12.449 12.309 12.16 12.718 12.546 12.374 12.253 12.143 12.482 12.34 12.22 12.121 11.952 11.931 11.761 11.571
138.3162 12.998 13.047 12.972 12.779 12.637 12.498 12.859 12.757 12.635 12.493 12.352 12.204 12.762 12.589 12.418 12.297 12.186 12.526 12.383 12.263 12.164 11.996 11.974 11.805 11.615
141.6528 13.04 13.09 13.015 12.822 12.68 12.54 12.901 12.8 12.677 12.535 12.395 12.246 12.805 12.632 12.46 12.34 12.229 12.568 12.426 12.306 12.207 12.039 12.017 11.848 11.657
145.0699 13.083 13.132 13.058 12.865 12.722 12.583 12.944 12.842 12.72 12.578 12.438 12.289 12.847 12.675 12.503 12.382 12.272 12.611 12.468 12.349 12.25 12.081 12.06 11.89 11.7
148.5695 13.126 13.175 13.1 12.907 12.765 12.626 12.987 12.885 12.762 12.621 12.48 12.332 12.89 12.717 12.546 12.425 12.314 12.654 12.511 12.391 12.292 12.124 12.102 11.933 11.743
152.1534 13.168 13.218 13.143 12.95 12.808 12.668 13.029 12.928 12.805 12.663 12.523 12.374 12.933 12.76 12.588 12.467 12.357 12.696 12.554 12.434 12.335 12.167 12.145 11.976 11.785
155.8238 13.211 13.26 13.186 12.993 12.85 12.711 13.072 12.97 12.848 12.706 12.565 12.417 12.975 12.803 12.631 12.51 12.399 12.739 12.596 12.477 12.377 12.209 12.188 12.018 11.828
159.5828 13.254 13.303 13.228 13.035 12.893 12.754 13.114 13.013 12.89 12.749 12.608 12.459 13.018 12.845 12.673 12.553 12.442 12.782 12.639 12.519 12.42 12.252 12.23 12.061 11.87
163.4324 13.296 13.346 13.271 13.078 12.935 12.796 13.157 13.055 12.933 12.791 12.651 12.502 13.061 12.888 12.716 12.595 12.485 12.824 12.682 12.562 12.463 12.294 12.273 12.103 11.913
167.375 13.339 13.388 13.313 13.121 12.978 12.839 13.2 13.098 12.976 12.834 12.693 12.545 13.103 12.931 12.759 12.638 12.527 12.867 12.724 12.604 12.505 12.337 12.315 12.146 11.956
171.4126 13.381 13.431 13.356 13.163 13.021 12.882 13.242 13.141 13.018 12.876 12.736 12.587 13.146 12.973 12.801 12.681 12.57 12.909 12.767 12.647 12.548 12.38 12.358 12.189 11.998
175.5476 13.423 13.472 13.397 13.204 13.062 12.923 13.284 13.182 13.06 12.918 12.777 12.629 13.187 13.014 12.843 12.722 12.611 12.951 12.808 12.688 12.589 12.421 12.399 12.23 12.04
179.7823 13.464 13.513 13.438 13.245 13.103 12.964 13.324 13.223 13.1 12.958 12.818 12.669 13.228 13.055 12.883 12.763 12.652 12.991 12.849 12.729 12.63 12.462 12.44 12.271 12.08
184.1193 13.504 13.554 13.479 13.286 13.144 13.004 13.365 13.264 13.141 12.999 12.859 12.71 13.269 13.096 12.924 12.803 12.693 13.032 12.89 12.77 12.671 12.503 12.481 12.312 12.121
188.5608 13.545 13.594 13.52 13.327 13.184 13.045 13.406 13.304 13.182 13.04 12.899 12.751 13.309 13.137 12.965 12.844 12.734 13.073 12.93 12.811 12.712 12.543 12.522 12.352 12.162
193.1095 13.586 13.635 13.56 13.367 13.225 13.086 13.447 13.345 13.223 13.081 12.94 12.792 13.35 13.177 13.006 12.885 12.774 13.114 12.971 12.851 12.752 12.584 12.562 12.393 12.203
197.7679 13.627 13.676 13.601 13.408 13.266 13.127 13.487 13.386 13.263 13.121 12.981 12.832 13.391 13.218 13.046 12.926 12.815 13.154 13.012 12.892 12.793 12.625 12.603 12.434 12.243
202.5387 13.667 13.717 13.642 13.449 13.306 13.167 13.528 13.427 13.304 13.162 13.022 12.873 13.432 13.259 13.087 12.966 12.856 13.195 13.053 12.933 12.834 12.666 12.644 12.474 12.284
207.4245 13.708 13.757 13.683 13.49 13.347 13.208 13.569 13.467 13.345 13.203 13.062 12.914 13.472 13.3 13.128 13.007 12.897 13.236 13.093 12.974 12.875 12.706 12.685 12.515 12.325
212.4283 13.749 13.798 13.723 13.53 13.388 13.249 13.61 13.508 13.386 13.244 13.103 12.955 13.513 13.34 13.169 13.048 12.937 13.277 13.134 13.014 12.915 12.747 12.725 12.556 12.366
217.5527 13.79 13.839 13.764 13.571 13.429 13.29 13.65 13.549 13.426 13.284 13.144 12.995 13.554 13.381 13.209 13.089 12.978 13.317 13.175 13.055 12.956 12.788 12.766 12.597 12.406
222.8008 13.826 13.876 13.801 13.608 13.466 13.327 13.687 13.586 13.463 13.321 13.181 13.032 13.591 13.418 13.246 13.126 13.015 13.354 13.212 13.092 12.993 12.825 12.803 12.634 12.443
228.1754 13.863 13.912 13.837 13.644 13.502 13.363 13.724 13.622 13.5 13.358 13.217 13.069 13.627 13.454 13.283 13.162 13.051 13.391 13.248 13.128 13.029 12.861 12.839 12.67 12.48
233.6797 13.899 13.949 13.874 13.681 13.538 13.399 13.76 13.658 13.536 13.394 13.254 13.105 13.663 13.491 13.319 13.198 13.088 13.427 13.284 13.165 13.066 12.897 12.876 12.706 12.516
239.3168 13.935 13.985 13.91 13.717 13.575 13.436 13.796 13.695 13.572 13.43 13.29 13.141 13.7 13.527 13.355 13.235 13.124 13.463 13.321 13.201 13.102 12.934 12.912 12.743 12.552
245.0899 13.972 14.021 13.946 13.753 13.611 13.472 13.833 13.731 13.609 13.467 13.326 13.178 13.736 13.563 13.392 13.271 13.16 13.5 13.357 13.237 13.138 12.97 12.948 12.779 12.589
251.0022 14.008 14.058 13.983 13.79 13.647 13.508 13.869 13.767 13.645 13.503 13.363 13.214 13.772 13.6 13.428 13.307 13.197 13.536 13.393 13.274 13.175 13.006 12.985 12.815 12.625
257.0572 14.044 14.094 14.019 13.826 13.684 13.544 13.905 13.804 13.681 13.539 13.399 13.25 13.809 13.636 13.464 13.344 13.233 13.572 13.43 13.31 13.211 13.043 13.021 12.852 12.661
263.2582 14.081 14.13 14.055 13.862 13.72 13.581 13.942 13.84 13.718 13.576 13.435 13.287 13.845 13.672 13.501 13.38 13.269 13.609 13.466 13.346 13.247 13.079 13.057 12.888 12.698
269.6088 14.117 14.166 14.092 13.899 13.756 13.617 13.978 13.876 13.754 13.612 13.471 13.323 13.881 13.709 13.537 13.416 13.306 13.645 13.502 13.383 13.284 13.115 13.094 12.924 12.734
276.1126 14.153 14.203 14.128 13.935 13.793 13.653 14.014 13.913 13.79 13.648 13.508 13.359 13.918 13.745 13.573 13.453 13.342 13.681 13.539 13.419 13.32 13.152 13.13 12.961 12.77
282.7734 14.188 14.237 14.163 13.97 13.827 13.688 14.049 13.947 13.825 13.683 13.542 13.394 13.952 13.78 13.608 13.487 13.377 13.716 13.573 13.454 13.355 13.186 13.165 12.995 12.805
289.5947 14.223 14.272 14.197 14.004 13.862 13.723 14.084 13.982 13.86 13.718 13.577 13.429 13.987 13.814 13.643 13.522 13.411 13.751 13.608 13.488 13.389 13.221 13.199 13.03 12.84
296.5807 14.257 14.307 14.232 14.039 13.897 13.757 14.118 14.017 13.894 13.752 13.612 13.463 14.022 13.849 13.677 13.557 13.446 13.785 13.643 13.523 13.424 13.256 13.234 13.065 12.874
303.7351 14.292 14.341 14.267 14.074 13.931 13.792 14.153 14.051 13.929 13.787 13.647 13.498 14.056 13.884 13.712 13.591 13.481 13.82 13.677 13.558 13.459 13.29 13.269 13.099 12.909
311.0622 14.327 14.376 14.301 14.108 13.966 13.827 14.188 14.086 13.964 13.822 13.681 13.533 14.091 13.918 13.747 13.626 13.515 13.855 13.712 13.592 13.493 13.325 13.303 13.134 12.944
318.566 14.361 14.411 14.336 14.143 14.001 13.861 14.222 14.121 13.998 13.856 13.716 13.567 14.126 13.953 13.781 13.661 13.55 13.889 13.747 13.627 13.528 13.36 13.338 13.169 12.978
326.2508 14.396 14.446 14.371 14.178 14.035 13.896 14.257 14.155 14.033 13.891 13.751 13.602 14.16 13.988 13.816 13.695 13.585 13.924 13.781 13.662 13.563 13.394 13.373 13.203 13.013
334.121 14.431 14.48 14.405 14.212 14.07 13.931 14.292 14.19 14.068 13.926 13.785 13.637 14.195 14.022 13.851 13.73 13.619 13.959 13.816 13.696 13.597 13.429 13.407 13.238 13.048
342.181 14.465 14.515 14.44 14.247 14.105 13.966 14.326 14.225 14.102 13.96 13.82 13.671 14.23 14.057 13.885 13.765 13.654 13.993 13.851 13.731 13.632 13.464 13.442 13.273 13.082
350.4355 14.5 14.549 14.474 14.281 14.139 14.0 14.361 14.259 14.137 13.995 13.854 13.706 14.264 14.091 13.92 13.799 13.688 14.028 13.885 13.765 13.666 13.498 13.476 13.307 13.117
358.8891 14.532 14.582 14.507 14.314 14.172 14.032 14.393 14.292 14.169 14.027 13.887 13.738 14.297 14.124 13.952 13.831 13.721 14.06 13.918 13.798 13.699 13.531 13.509 13.34 13.149
367.5467 14.565 14.614 14.539 14.346 14.204 14.065 14.426 14.324 14.202 14.06 13.919 13.771 14.329 14.157 13.985 13.864 13.753 14.093 13.95 13.83 13.731 13.563 13.541 13.372 13.182
376.4131 14.597 14.647 14.572 14.379 14.237 14.097 14.458 14.357 14.234 14.092 13.952 13.803 14.362 14.189 14.017 13.897 13.786 14.125 13.983 13.863 13.764 13.596 13.574 13.405 13.214
385.4933 14.63 14.679 14.604 14.412 14.269 14.13 14.491 14.389 14.267 14.125 13.984 13.836 14.394 14.222 14.05 13.929 13.818 14.158 14.015 13.895 13.796 13.628 13.606 13.437 13.247
394.7926 14.662 14.712 14.637 14.444 14.302 14.163 14.523 14.422 14.299 14.157 14.017 13.868 14.427 14.254 14.082 13.962 13.851 14.19 14.048 13.928 13.829 13.661 13.639 13.47 13.279
404.3163 14.695 14.744 14.67 14.477 14.334 14.195 14.556 14.454 14.332 14.19 14.049 13.901 14.459 14.287 14.115 13.994 13.883 14.223 14.08 13.96 13.861 13.693 13.671 13.502 13.312
414.0697 14.727 14.777 14.702 14.509 14.367 14.228 14.588 14.487 14.364 14.222 14.082 13.933 14.492 14.319 14.147 14.027 13.916 14.255 14.113 13.993 13.894 13.726 13.704 13.535 13.344
424.0583 14.76 14.809 14.735 14.542 14.399 14.26 14.621 14.519 14.397 14.255 14.114 13.966 14.524 14.352 14.18 14.059 13.949 14.288 14.145 14.026 13.927 13.758 13.737 13.567 13.377
434.2879 14.793 14.842 14.767 14.574 14.432 14.293 14.653 14.552 14.429 14.287 14.147 13.998 14.557 14.384 14.212 14.092 13.981 14.32 14.178 14.058 13.959 13.791 13.769 13.6 13.409
444.7643 14.827 14.877 14.802 14.609 14.466 14.327 14.688 14.586 14.464 14.322 14.182 14.033 14.592 14.419 14.247 14.126 14.016 14.355 14.213 14.093 13.994 13.825 13.804 13.634 13.444
455.4934 14.867 14.917 14.842 14.649 14.506 14.367 14.728 14.627 14.504 14.362 14.222 14.073 14.632 14.459 14.287 14.166 14.056 14.395 14.253 14.133 14.034 13.866 13.844 13.675 13.484
466.4814 14.907 14.957 14.882 14.689 14.547 14.407 14.768 14.667 14.544 14.402 14.262 14.113 14.672 14.499 14.327 14.206 14.096 14.435 14.293 14.173 14.074 13.906 13.884 13.715 13.524
477.7344 14.947 14.997 14.922 14.729 14.587 14.447 14.808 14.707 14.584 14.442 14.302 14.153 14.712 14.539 14.367 14.247 14.136 14.475 14.333 14.213 14.114 13.946 13.924 13.755 13.564
489.2588 14.987 15.037 14.962 14.769 14.627 14.488 14.848 14.747 14.624 14.482 14.342 14.193 14.752 14.579 14.407 14.287 14.176 14.515 14.373 14.253 14.154 13.986 13.964 13.795 13.604
501.0613 15.027 15.077 15.002 14.809 14.667 14.528 14.888 14.787 14.664 14.522 14.382 14.233 14.792 14.619 14.447 14.327 14.216 14.555 14.413 14.293 14.194 14.026 14.004 13.835 13.644
513.1485 15.067 15.117 15.042 14.849 14.707 14.568 14.928 14.827 14.704 14.562 14.422 14.273 14.832 14.659 14.487 14.367 14.256 14.595 14.453 14.333 14.234 14.066 14.044 13.875 13.684
525.5272 15.108 15.157 15.082 14.889 14.747 14.608 14.968 14.867 14.744 14.602 14.462 14.313 14.872 14.699 14.527 14.407 14.296 14.635 14.493 14.373 14.274 14.106 14.084 13.915 13.724
538.2046 15.148 15.197 15.122 14.929 14.787 14.648 15.008 14.907 14.784 14.643 14.502 14.353 14.912 14.739 14.567 14.447 14.336 14.676 14.533 14.413 14.314 14.146 14.124 13.955 13.764
551.1878 15.188 15.237 15.162 14.969 14.827 14.688 15.049 14.947 14.824 14.683 14.542 14.394 14.952 14.779 14.607 14.487 14.376 14.716 14.573 14.453 14.354 14.186 14.164 13.995 13.805
564.4842 15.24 15.289 15.214 15.021 14.879 14.74 15.1 14.999 14.876 14.735 14.594 14.445 15.004 14.831 14.659 14.539 14.428 14.768 14.625 14.505 14.406 14.238 14.216 14.047 13.856
578.1013 15.307 15.357 15.282 15.089 14.946 14.807 15.168 15.066 14.944 14.802 14.662 14.513 15.071 14.899 14.727 14.606 14.496 14.835 14.692 14.573 14.474 14.305 14.284 14.114 13.924
592.0469 15.375 15.424 15.349 15.156 15.014 14.875 15.236 15.134 15.011 14.87 14.729 14.581 15.139 14.966 14.795 14.674 14.563 14.903 14.76 14.64 14.541 14.373 14.351 14.182 13.992
606.329 15.442 15.492 15.417 15.224 15.081 14.942 15.303 15.201 15.079 14.937 14.797 14.648 15.206 15.034 14.862 14.741 14.631 14.97 14.828 14.708 14.609 14.44 14.419 14.249 14.059
620.9555 15.51 15.559 15.484 15.291 15.149 15.01 15.371 15.269 15.147 15.005 14.864 14.716 15.274 15.101 14.93 14.809 14.698 15.038 14.895 14.775 14.676 14.508 14.486 14.317 14.127
635.9349 15.577 15.627 15.552 15.359 15.217 15.077 15.438 15.337 15.214 15.072 14.932 14.783 15.342 15.169 14.997 14.876 14.766 15.105 14.963 14.843 14.744 14.576 14.554 14.385 14.194
651.2757 15.645 15.694 15.619 15.426 15.284 15.145 15.506 15.404 15.282 15.14 14.999 14.851 15.409 15.237 15.065 14.944 14.833 15.173 15.03 14.91 14.811 14.643 14.621 14.452 14.262
666.9865 15.712 15.762 15.687 15.494 15.352 15.212 15.573 15.472 15.349 15.207 15.067 14.918 15.477 15.304 15.132 15.012 14.901 15.24 15.098 14.978 14.879 14.711 14.689 14.52 14.329
683.0763 15.78 15.829 15.755 15.562 15.419 15.28 15.641 15.539 15.417 15.275 15.134 14.986 15.544 15.372 15.2 15.079 14.968 15.308 15.165 15.045 14.946 14.778 14.756 14.587 14.397
699.5543 15.847 15.897 15.822 15.629 15.487 15.348 15.708 15.607 15.484 15.342 15.202 15.053 15.612 15.439 15.267 15.147 15.036 15.375 15.233 15.113 15.014 14.846 14.824 14.655 14.464
716.4297 15.934 15.984 15.909 15.716 15.574 15.435 15.795 15.694 15.571 15.429 15.289 15.14 15.699 15.526 15.354 15.234 15.123 15.462 15.32 15.2 15.101 14.933 14.911 14.742 14.551
733.7123 16.036 16.085 16.01 15.817 15.675 15.536 15.897 15.795 15.673 15.531 15.39 15.242 15.8 15.627 15.456 15.335 15.224 15.564 15.421 15.301 15.202 15.034 15.012 14.843 14.653
751.4117 16.137 16.187 16.112 15.919 15.776 15.637 15.998 15.896 15.774 15.632 15.492 15.343 15.901 15.729 15.557 15.436 15.326 15.665 15.522 15.403 15.304 15.135 15.114 14.944 14.754
769.5381 16.238 16.288 16.213 16.02 15.878 15.739 16.099 15.998 15.875 15.733 15.593 15.444 16.003 15.83 15.658 15.538 15.427 15.766 15.624 15.504 15.405 15.237 15.215 15.046 14.855
788.1018 16.34 16.389 16.314 16.121 15.979 15.84 16.201 16.099 15.977 15.835 15.694 15.546 16.104 15.931 15.76 15.639 15.528 15.868 15.725 15.605 15.506 15.338 15.316 15.147 14.957
807.1133 16.441 16.491 16.416 16.223 16.08 15.941 16.302 16.2 16.078 15.936 15.796 15.647 16.205 16.033 15.861 15.74 15.63 15.969 15.826 15.707 15.608 15.439 15.418 15.248 15.058
826.5834 16.542 16.592 16.517 16.324 16.182 16.043 16.403 16.302 16.179 16.037 15.897 15.748 16.307 16.134 15.962 15.842 15.731 16.07 15.928 15.808 15.709 15.541 15.519 15.35 15.159
846.5232 16.644 16.693 16.618 16.425 16.283 16.144 16.505 16.403 16.281 16.139 15.998 15.85 16.408 16.235 16.064 15.943 15.832 16.172 16.029 15.909 15.81 15.642 15.62 15.451 15.261
866.944 16.745 16.795 16.72 16.527 16.384 16.245 16.606 16.504 16.382 16.24 16.1 15.951 16.509 16.337 16.165 16.044 15.934 16.273 16.13 16.011 15.912 15.743 15.722 15.552 15.362
887.8575 16.846 16.896 16.821 16.628 16.486 16.347 16.707 16.606 16.483 16.341 16.201 16.052 16.611 16.438 16.266 16.146 16.035 16.374 16.232 16.112 16.013 15.845 15.823 15.654 15.463
909.2754 16.993 17.042 16.967 16.774 16.632 16.493 16.854 16.752 16.63 16.488 16.347 16.199 16.757 16.584 16.413 16.292 16.181 16.521 16.378 16.258 16.159 15.991 15.969 15.8 15.61
931.21 17.157 17.206 17.131 16.938 16.796 16.657 17.018 16.916 16.794 16.652 16.511 16.363 16.921 16.748 16.577 16.456 16.345 16.685 16.542 16.422 16.323 16.155 16.133 15.964 15.774
953.6737 17.321 17.37 17.295 17.102 16.96 16.821 17.182 17.08 16.958 16.816 16.675 16.527 17.085 16.912 16.741 16.62 16.509 16.849 16.706 16.586 16.487 16.319 16.297 16.128 15.938
976.6793 17.485 17.534 17.459 17.266 17.124 16.985 17.346 17.244 17.122 16.98 16.839 16.691 17.249 17.076 16.905 16.784 16.673 17.013 16.87 16.75 16.651 16.483 16.461 16.292 16.102
1000.2399 17.649 17.698 17.623 17.43 17.288 17.149 17.51 17.408 17.286 17.144 17.003 16.855 17.413 17.24 17.069 16.948 16.837 17.177 17.034 16.914 16.815 16.647 16.625 16.456 16.266
1024.3688 17.813 17.862 17.787 17.594 17.452 17.313 17.674 17.572 17.45 17.308 17.167 17.019 17.577 17.404 17.233 17.112 17.001 17.341 17.198 17.078 16.979 16.811 16.789 16.62 16.43
1049.0798 17.977 18.026 17.951 17.758 17.616 17.477 17.838 17.736 17.614 17.472 17.331 17.183 17.741 17.568 17.397 17.276 17.165 17.505 17.362 17.242 17.143 16.975 16.953 16.784 16.594
1074.3869 18.141 18.19 18.115 17.922 17.78 17.641 18.002 17.9 17.778 17.636 17.495 17.347 17.905 17.732 17.561 17.44 17.329 17.669 17.526 17.406 17.307 17.139 17.117 16.948 16.758
1100.3045 18.305 18.354 18.279 18.086 17.944 17.805 18.166 18.064 17.942 17.8 17.659 17.511 18.069 17.896 17.725 17.604 17.493 17.833 17.69 17.57 17.471 17.303 17.281 17.112 16.922
1126.8473 18.469 18.518 18.443 18.25 18.108 17.969 18.33 18.228 18.106 17.964 17.823 17.675 18.233 18.061 17.889 17.768 17.657 17.997 17.854 17.734 17.635 17.467 17.445 17.276 17.086
1154.0304 18.762 18.811 18.736 18.543 18.401 18.262 18.623 18.521 18.398 18.257 18.116 17.968 18.526 18.353 18.181 18.061 17.95 18.29 18.147 18.027 17.928 17.76 17.738 17.569 17.379
1181.8693 19.075 19.125 19.05 18.857 18.714 18.575 18.936 18.834 18.712 18.57 18.43 18.281 18.839 18.667 18.495 18.374 18.264 18.603 18.461 18.341 18.242 18.073 18.052 17.882 17.692
1210.3797 19.389 19.438 19.363 19.17 19.028 18.889 19.25 19.148 19.026 18.884 18.743 18.595 19.153 18.98 18.809 18.688 18.577 18.917 18.774 18.654 18.555 18.387 18.365 18.196 18.006
1239.5778 19.702 19.752 19.677 19.484 19.342 19.202 19.563 19.462 19.339 19.197 19.057 18.908 19.467 19.294 19.122 19.001 18.891 19.23 19.088 18.968 18.869 18.701 18.679 18.51 18.319
1269.4803 20.016 20.065 19.99 19.798 19.655 19.516 19.877 19.775 19.653 19.511 19.37 19.222 19.78 19.608 19.436 19.315 19.204 19.544 19.401 19.281 19.182 19.014 18.992 18.823 18.633
1300.1042 20.329 20.379 20.304 20.111 19.969 19.83 20.19 20.089 19.966 19.824 19.684 19.535 20.094 19.921 19.749 19.629 19.518 19.857 19.715 19.595 19.496 19.328 19.306 19.137 18.946
1331.4668 20.643 20.692 20.618 20.425 20.282 20.143 20.504 20.402 20.28 20.138 19.997 19.849 20.407 20.235 20.063 19.942 19.832 20.171 20.028 19.909 19.81 19.641 19.62 19.45 19.26
1363.586 20.957 21.006 20.931 20.738 20.596 20.457 20.818 20.716 20.593 20.452 20.311 20.162 20.721 20.548 20.376 20.256 20.145 20.485 20.342 20.222 20.123 19.955 19.933 19.764 19.573
1396.48 21.27 21.32 21.245 21.052 20.909 20.77 21.131 21.029 20.907 20.765 20.625 20.476 21.034 20.862 20.69 20.569 20.459 20.798 20.656 20.536 20.437 20.268 20.247 20.077 19.887
1430.1675 21.584 21.633 21.558 21.365 21.223 21.084 21.445 21.343 21.221 21.079 20.938 20.79 21.348 21.175 21.004 20.883 20.772 21.112 20.969 20.849 20.75 20.582 20.56 20.391 20.201
1464.6676 21.897 21.947 21.872 21.679 21.537 21.397 21.758 21.657 21.534 21.392 21.252 21.103 21.662 21.489 21.317 21.196 21.086 21.425 21.283 21.163 21.064 20.896 20.874 20.705 20.514
1500.0 22.211 22.26 22.185 21.992 21.85 21.711 22.072 21.97 21.848 21.706 21.565 21.417 21.975 21.803 21.631 21.51 21.399 21.739 21.596 21.476 21.377 21.209 21.187 21.018 20.828
