# %ECSV 1.0
# ---
# datatype:
# - {name: time, datatype: float64}
# - {name: swift_uvot_uvw2, datatype: float64}
# - {name: swift_uvot_uvm2, datatype: float64}
# - {name: swift_uvot_uvw1, datatype: float64}
# - {name: swift_uvot_U, datatype: float64}
# - {name: swift_uvot_B, datatype: float64}
# - {name: swift_uvot_V, datatype: float64}
# - {name: swift_uvot_W, datatype: float64}
# - {name: johnson_U, datatype: float64}
# - {name: johnson_B, datatype: float64}
# - {name: johnson_V, datatype: float64}
# - {name: johnson_R, datatype: float64}
# - {name: johnson_I, datatype: float64}
# - {name: sdss_u, datatype: float64}
# - {name: sdss_g, datatype: float64}
# - {name: sdss_r, datatype: float64}
# - {name: sdss_i, datatype: float64}
# - {name: sdss_z, datatype: float64}
# - {name: PS1_g, datatype: float64}
# - {name: PS1_r, datatype: float64}
# - {name: PS1_i, datatype: float64}
# - {name: PS1_z, datatype: float64}
# - {name: PS1_Y, datatype: float64}
# - {name: PS1_w, datatype: float64}
# - {name: ATLAS_c, datatype: float64}
# - {name: ATLAS_o, datatype: float64}
# - {name: ukirt_J, datatype: float64}
# - {name: ukirt_H, datatype: float64}
# - {name: ukirt_K, datatype: float64}
# - {name: Clear, datatype: float64}
# meta: !!omap
# - comment: [kappa = 10.0, type = villar, mass = 0.09533330950298248, velocity = 0.32766666666666666, theta_obs = 0.0]
# schema: astropy-2.0
time swift_uvot_uvw2 swift_uvot_uvm2 swift_uvot_uvw1 swift_uvot_U swift_uvot_B swift_uvot_V swift_uvot_W johnson_U johnson_B johnson_V johnson_R johnson_I sdss_u sdss_g sdss_r sdss_i sdss_z PS1_g PS1_r PS1_i PS1_z PS1_Y PS1_w ATLAS_c ATLAS_o ukirt_J ukirt_H ukirt_K Clear
0.001 nan nan nan nan nan nan nan nan nan nan nan nan nan nan nan nan nan nan nan nan nan nan nan nan nan nan nan nan nan
0.00103 -4.597 -4.683 -4.724 -4.727 -4.574 -4.344 -4.63 -4.709 -4.57 -4.335 -4.05 -3.692 -4.714 -4.503 -4.185 -3.913 -3.639 -4.489 -4.2 -3.93 -3.731 -3.656 -4.208 -4.38 -4.072 -3.058 -2.562 -1.973 -4.251
0.001061 -5.332 -5.349 -5.335 -5.217 -5.004 -4.729 -5.21 -5.189 -5.001 -4.72 -4.404 -4.018 -5.196 -4.918 -4.55 -4.253 -3.961 -4.902 -4.571 -4.277 -4.069 -4.008 -4.585 -4.775 -4.427 -3.354 -2.844 -2.243 -4.638
0.001094 -5.733 -5.714 -5.674 -5.498 -5.257 -4.961 -5.538 -5.465 -5.253 -4.951 -4.62 -4.221 -5.472 -5.163 -4.772 -4.463 -4.163 -5.146 -4.796 -4.492 -4.281 -4.231 -4.812 -5.011 -4.644 -3.543 -3.026 -2.419 -4.871
0.001127 -6.011 -5.968 -5.912 -5.7 -5.442 -5.133 -5.771 -5.664 -5.438 -5.123 -4.783 -4.377 -5.672 -5.344 -4.938 -4.623 -4.317 -5.327 -4.965 -4.654 -4.443 -4.402 -4.982 -5.186 -4.808 -3.689 -3.168 -2.558 -5.044
0.001161 -6.225 -6.165 -6.099 -5.862 -5.592 -5.274 -5.954 -5.824 -5.588 -5.264 -4.918 -4.506 -5.833 -5.492 -5.076 -4.755 -4.445 -5.475 -5.104 -4.79 -4.578 -4.544 -5.122 -5.33 -4.944 -3.813 -3.289 -2.676 -5.186
0.001196 -6.401 -6.328 -6.255 -6.0 -5.721 -5.397 -6.108 -5.96 -5.717 -5.387 -5.036 -4.62 -5.969 -5.618 -5.195 -4.871 -4.559 -5.602 -5.226 -4.908 -4.696 -4.669 -5.243 -5.454 -5.062 -3.922 -3.396 -2.782 -5.309
0.001232 -6.552 -6.468 -6.39 -6.121 -5.835 -5.506 -6.241 -6.08 -5.832 -5.496 -5.142 -4.723 -6.089 -5.731 -5.303 -4.976 -4.661 -5.716 -5.335 -5.015 -4.803 -4.78 -5.352 -5.564 -5.168 -4.022 -3.494 -2.879 -5.419
0.001269 -6.685 -6.593 -6.51 -6.231 -5.94 -5.607 -6.361 -6.189 -5.936 -5.597 -5.24 -4.819 -6.198 -5.834 -5.402 -5.072 -4.756 -5.819 -5.435 -5.113 -4.901 -4.883 -5.452 -5.666 -5.266 -4.115 -3.586 -2.969 -5.52
0.001308 -6.804 -6.706 -6.619 -6.331 -6.036 -5.7 -6.469 -6.289 -6.033 -5.69 -5.332 -4.908 -6.298 -5.93 -5.494 -5.163 -4.846 -5.915 -5.528 -5.205 -4.993 -4.979 -5.545 -5.76 -5.358 -4.202 -3.672 -3.055 -5.614
0.001347 -6.914 -6.81 -6.72 -6.425 -6.127 -5.789 -6.57 -6.382 -6.123 -5.778 -5.418 -4.993 -6.391 -6.02 -5.581 -5.248 -4.93 -6.005 -5.616 -5.292 -5.08 -5.069 -5.633 -5.849 -5.444 -4.285 -3.754 -3.136 -5.702
0.001388 -7.014 -6.906 -6.815 -6.514 -6.213 -5.872 -6.663 -6.47 -6.209 -5.862 -5.501 -5.074 -6.479 -6.105 -5.664 -5.33 -5.012 -6.091 -5.7 -5.375 -5.163 -5.155 -5.717 -5.933 -5.527 -4.365 -3.834 -3.215 -5.786
0.00143 -7.109 -6.997 -6.903 -6.598 -6.295 -5.953 -6.752 -6.554 -6.291 -5.943 -5.58 -5.153 -6.563 -6.187 -5.744 -5.409 -5.09 -6.172 -5.78 -5.455 -5.243 -5.237 -5.797 -6.014 -5.607 -4.442 -3.91 -3.291 -5.867
0.001473 -7.197 -7.082 -6.988 -6.679 -6.374 -6.03 -6.836 -6.634 -6.37 -6.02 -5.657 -5.229 -6.643 -6.265 -5.821 -5.485 -5.165 -6.251 -5.857 -5.532 -5.32 -5.315 -5.874 -6.092 -5.683 -4.517 -3.985 -3.365 -5.944
0.001518 -7.281 -7.164 -7.068 -6.756 -6.45 -6.106 -6.916 -6.712 -6.446 -6.095 -5.731 -5.302 -6.721 -6.341 -5.896 -5.559 -5.239 -6.327 -5.932 -5.606 -5.395 -5.392 -5.949 -6.167 -5.758 -4.59 -4.057 -3.438 -6.02
0.001564 -7.362 -7.242 -7.145 -6.831 -6.524 -6.178 -6.993 -6.786 -6.52 -6.168 -5.803 -5.374 -6.795 -6.414 -5.968 -5.632 -5.311 -6.401 -6.005 -5.679 -5.468 -5.465 -6.022 -6.24 -5.83 -4.662 -4.128 -3.509 -6.093
0.001611 -7.438 -7.317 -7.22 -6.904 -6.596 -6.25 -7.067 -6.859 -6.592 -6.239 -5.874 -5.444 -6.868 -6.486 -6.039 -5.702 -5.381 -6.472 -6.076 -5.75 -5.539 -5.537 -6.093 -6.312 -5.901 -4.731 -4.198 -3.578 -6.164
0.00166 -7.512 -7.39 -7.292 -6.974 -6.666 -6.319 -7.139 -6.929 -6.662 -6.309 -5.943 -5.513 -6.939 -6.556 -6.108 -5.771 -5.45 -6.542 -6.146 -5.819 -5.608 -5.607 -6.162 -6.381 -5.97 -4.8 -4.266 -3.646 -6.233
0.00171 -7.583 -7.46 -7.362 -7.043 -6.734 -6.387 -7.209 -6.998 -6.73 -6.377 -6.011 -5.581 -7.007 -6.624 -6.176 -5.839 -5.517 -6.611 -6.214 -5.887 -5.676 -5.676 -6.231 -6.449 -6.038 -4.867 -4.334 -3.713 -6.302
0.001761 -7.652 -7.529 -7.43 -7.111 -6.801 -6.454 -7.277 -7.066 -6.797 -6.444 -6.078 -5.648 -7.075 -6.691 -6.243 -5.906 -5.584 -6.678 -6.281 -5.954 -5.743 -5.743 -6.297 -6.516 -6.105 -4.934 -4.4 -3.78 -6.369
0.001815 -7.718 -7.595 -7.496 -7.177 -6.867 -6.52 -7.343 -7.132 -6.863 -6.51 -6.144 -5.713 -7.141 -6.757 -6.309 -5.971 -5.65 -6.744 -6.347 -6.019 -5.809 -5.809 -6.363 -6.582 -6.17 -4.999 -4.466 -3.845 -6.434
0.00187 -7.783 -7.66 -7.561 -7.241 -6.932 -6.585 -7.408 -7.196 -6.928 -6.574 -6.208 -5.778 -7.205 -6.822 -6.374 -6.036 -5.714 -6.808 -6.411 -6.084 -5.873 -5.874 -6.428 -6.647 -6.235 -5.064 -4.53 -3.91 -6.499
0.001926 -7.846 -7.723 -7.624 -7.305 -6.996 -6.649 -7.472 -7.26 -6.992 -6.638 -6.272 -5.842 -7.269 -6.885 -6.437 -6.1 -5.778 -6.872 -6.475 -6.148 -5.937 -5.937 -6.492 -6.711 -6.299 -5.128 -4.594 -3.974 -6.563
0.001984 -7.908 -7.785 -7.686 -7.368 -7.058 -6.712 -7.534 -7.323 -7.055 -6.701 -6.335 -5.905 -7.332 -6.948 -6.501 -6.163 -5.842 -6.935 -6.538 -6.211 -6.0 -6.0 -6.555 -6.774 -6.362 -5.191 -4.658 -4.038 -6.626
0.002044 -7.968 -7.846 -7.747 -7.429 -7.12 -6.774 -7.595 -7.384 -7.117 -6.764 -6.398 -5.968 -7.394 -7.01 -6.563 -6.226 -5.904 -6.997 -6.601 -6.273 -6.063 -6.062 -6.617 -6.836 -6.424 -5.254 -4.721 -4.1 -6.688
0.002106 -8.027 -7.905 -7.807 -7.49 -7.182 -6.835 -7.655 -7.445 -7.178 -6.825 -6.46 -6.03 -7.454 -7.072 -6.625 -6.287 -5.966 -7.058 -6.662 -6.335 -6.124 -6.123 -6.679 -6.897 -6.486 -5.316 -4.783 -4.163 -6.75
0.00217 -8.085 -7.964 -7.866 -7.55 -7.242 -6.896 -7.714 -7.505 -7.238 -6.886 -6.521 -6.091 -7.515 -7.132 -6.686 -6.349 -6.028 -7.119 -6.723 -6.396 -6.185 -6.184 -6.74 -6.958 -6.547 -5.378 -4.845 -4.225 -6.81
0.002236 -8.141 -8.021 -7.924 -7.609 -7.302 -6.957 -7.772 -7.565 -7.298 -6.946 -6.581 -6.152 -7.574 -7.192 -6.746 -6.41 -6.089 -7.179 -6.783 -6.457 -6.246 -6.244 -6.8 -7.018 -6.608 -5.439 -4.906 -4.286 -6.871
0.002303 -8.197 -8.078 -7.982 -7.668 -7.361 -7.016 -7.829 -7.624 -7.358 -7.006 -6.641 -6.212 -7.633 -7.252 -6.806 -6.47 -6.149 -7.238 -6.843 -6.517 -6.306 -6.303 -6.86 -7.078 -6.668 -5.5 -4.967 -4.347 -6.93
0.002373 -8.251 -8.134 -8.038 -7.726 -7.42 -7.076 -7.886 -7.682 -7.416 -7.065 -6.701 -6.272 -7.691 -7.311 -6.866 -6.53 -6.209 -7.297 -6.902 -6.576 -6.365 -6.362 -6.919 -7.137 -6.728 -5.56 -5.028 -4.408 -6.99
0.002445 -8.305 -8.189 -8.094 -7.783 -7.478 -7.134 -7.942 -7.739 -7.475 -7.124 -6.76 -6.332 -7.748 -7.369 -6.925 -6.589 -6.269 -7.355 -6.961 -6.635 -6.424 -6.42 -6.978 -7.196 -6.787 -5.62 -5.088 -4.468 -7.048
0.002519 -8.358 -8.243 -8.149 -7.84 -7.536 -7.193 -7.997 -7.796 -7.532 -7.182 -6.819 -6.391 -7.805 -7.427 -6.983 -6.648 -6.328 -7.413 -7.02 -6.694 -6.483 -6.477 -7.036 -7.254 -6.846 -5.68 -5.148 -4.528 -7.107
0.002595 -8.409 -8.297 -8.203 -7.897 -7.593 -7.251 -8.051 -7.853 -7.589 -7.24 -6.877 -6.45 -7.862 -7.484 -7.041 -6.707 -6.387 -7.47 -7.078 -6.752 -6.541 -6.535 -7.094 -7.312 -6.904 -5.739 -5.207 -4.588 -7.164
0.002673 -8.461 -8.35 -8.257 -7.952 -7.65 -7.308 -8.105 -7.909 -7.646 -7.298 -6.935 -6.508 -7.917 -7.541 -7.099 -6.765 -6.445 -7.527 -7.135 -6.81 -6.599 -6.591 -7.152 -7.369 -6.962 -5.798 -5.266 -4.647 -7.222
0.002754 -8.511 -8.402 -8.31 -8.008 -7.706 -7.365 -8.158 -7.964 -7.702 -7.355 -6.993 -6.567 -7.973 -7.598 -7.157 -6.823 -6.504 -7.584 -7.192 -6.867 -6.656 -6.648 -7.209 -7.426 -7.02 -5.857 -5.325 -4.707 -7.279
0.002837 -8.561 -8.453 -8.362 -8.062 -7.762 -7.422 -8.211 -8.019 -7.758 -7.412 -7.05 -6.624 -8.028 -7.654 -7.214 -6.88 -6.562 -7.64 -7.249 -6.925 -6.713 -6.704 -7.266 -7.483 -7.077 -5.915 -5.384 -4.766 -7.336
0.002923 -8.61 -8.504 -8.414 -8.117 -7.818 -7.478 -8.263 -8.074 -7.814 -7.468 -7.107 -6.682 -8.083 -7.71 -7.271 -6.938 -6.619 -7.696 -7.306 -6.981 -6.77 -6.759 -7.323 -7.539 -7.134 -5.974 -5.442 -4.824 -7.392
0.003012 -8.659 -8.555 -8.466 -8.171 -7.873 -7.534 -8.315 -8.128 -7.869 -7.524 -7.164 -6.739 -8.137 -7.766 -7.327 -6.995 -6.677 -7.751 -7.362 -7.038 -6.826 -6.815 -7.379 -7.595 -7.19 -6.031 -5.501 -4.883 -7.448
0.003103 -8.707 -8.605 -8.517 -8.225 -7.928 -7.59 -8.366 -8.182 -7.924 -7.58 -7.221 -6.796 -8.191 -7.821 -7.383 -7.051 -6.734 -7.806 -7.418 -7.094 -6.882 -6.87 -7.435 -7.65 -7.247 -6.089 -5.559 -4.941 -7.504
0.003196 -8.754 -8.654 -8.567 -8.278 -7.982 -7.646 -8.417 -8.235 -7.979 -7.636 -7.277 -6.853 -8.244 -7.876 -7.439 -7.108 -6.79 -7.861 -7.473 -7.15 -6.938 -6.925 -7.491 -7.706 -7.303 -6.147 -5.616 -4.999 -7.559
0.003293 -8.801 -8.703 -8.617 -8.331 -8.037 -7.701 -8.467 -8.288 -8.033 -7.691 -7.333 -6.91 -8.297 -7.93 -7.495 -7.164 -6.847 -7.915 -7.528 -7.206 -6.994 -6.979 -7.546 -7.761 -7.359 -6.204 -5.674 -5.057 -7.614
0.003393 -8.847 -8.752 -8.667 -8.383 -8.09 -7.756 -8.517 -8.341 -8.087 -7.746 -7.388 -6.966 -8.35 -7.984 -7.55 -7.22 -6.904 -7.969 -7.584 -7.262 -7.049 -7.033 -7.601 -7.815 -7.415 -6.261 -5.731 -5.114 -7.669
0.003495 -8.893 -8.8 -8.716 -8.435 -8.144 -7.811 -8.567 -8.394 -8.14 -7.8 -7.444 -7.022 -8.402 -8.038 -7.605 -7.276 -6.96 -8.023 -7.638 -7.317 -7.105 -7.087 -7.656 -7.87 -7.47 -6.318 -5.788 -5.172 -7.724
0.003601 -8.938 -8.847 -8.765 -8.487 -8.197 -7.865 -8.616 -8.446 -8.194 -7.855 -7.499 -7.078 -8.454 -8.092 -7.66 -7.331 -7.016 -8.077 -7.693 -7.372 -7.16 -7.141 -7.711 -7.924 -7.525 -6.374 -5.845 -5.229 -7.778
0.00371 -8.983 -8.894 -8.813 -8.539 -8.251 -7.919 -8.664 -8.498 -8.247 -7.909 -7.554 -7.134 -8.506 -8.146 -7.715 -7.387 -7.071 -8.13 -7.747 -7.427 -7.214 -7.195 -7.765 -7.978 -7.58 -6.431 -5.902 -5.286 -7.832
0.003822 -9.027 -8.941 -8.861 -8.59 -8.303 -7.973 -8.713 -8.549 -8.3 -7.963 -7.609 -7.189 -8.558 -8.199 -7.77 -7.442 -7.127 -8.183 -7.801 -7.481 -7.269 -7.248 -7.819 -8.031 -7.635 -6.487 -5.959 -5.343 -7.886
0.003938 -9.071 -8.987 -8.909 -8.641 -8.356 -8.027 -8.761 -8.6 -8.352 -8.017 -7.663 -7.244 -8.609 -8.252 -7.824 -7.497 -7.183 -8.236 -7.855 -7.536 -7.323 -7.301 -7.873 -8.085 -7.689 -6.543 -6.015 -5.4 -7.94
0.004057 -9.114 -9.033 -8.956 -8.692 -8.408 -8.08 -8.808 -8.651 -8.404 -8.07 -7.718 -7.3 -8.66 -8.304 -7.878 -7.551 -7.238 -8.289 -7.909 -7.59 -7.378 -7.354 -7.927 -8.138 -7.744 -6.599 -6.072 -5.457 -7.993
0.00418 -9.157 -9.079 -9.003 -8.742 -8.46 -8.134 -8.856 -8.702 -8.457 -8.124 -7.772 -7.354 -8.711 -8.357 -7.932 -7.606 -7.293 -8.341 -7.963 -7.644 -7.432 -7.407 -7.98 -8.191 -7.798 -6.655 -6.128 -5.513 -8.046
0.004306 -9.199 -9.124 -9.05 -8.792 -8.512 -8.187 -8.903 -8.752 -8.508 -8.177 -7.826 -7.409 -8.761 -8.409 -7.985 -7.66 -7.348 -8.393 -8.016 -7.698 -7.486 -7.459 -8.034 -8.244 -7.852 -6.711 -6.184 -5.57 -8.099
0.004436 -9.241 -9.169 -9.096 -8.842 -8.564 -8.24 -8.949 -8.803 -8.56 -8.23 -7.88 -7.464 -8.811 -8.461 -8.039 -7.715 -7.403 -8.445 -8.069 -7.752 -7.539 -7.512 -8.087 -8.297 -7.905 -6.766 -6.24 -5.626 -8.152
0.00457 -9.283 -9.213 -9.142 -8.892 -8.615 -8.293 -8.995 -8.853 -8.611 -8.283 -7.933 -7.518 -8.861 -8.513 -8.092 -7.769 -7.457 -8.497 -8.122 -7.805 -7.593 -7.564 -8.14 -8.349 -7.959 -6.822 -6.296 -5.682 -8.205
0.004709 -9.324 -9.257 -9.188 -8.941 -8.666 -8.345 -9.041 -8.902 -8.663 -8.335 -7.987 -7.573 -8.911 -8.565 -8.145 -7.823 -7.512 -8.548 -8.175 -7.859 -7.646 -7.616 -8.192 -8.401 -8.012 -6.877 -6.352 -5.738 -8.257
0.004851 -9.365 -9.301 -9.233 -8.99 -8.717 -8.397 -9.087 -8.952 -8.714 -8.388 -8.04 -7.627 -8.96 -8.616 -8.198 -7.876 -7.566 -8.6 -8.227 -7.912 -7.7 -7.668 -8.245 -8.453 -8.066 -6.932 -6.407 -5.794 -8.309
0.004998 -9.406 -9.344 -9.278 -9.039 -8.768 -8.45 -9.133 -9.001 -8.764 -8.44 -8.093 -7.681 -9.009 -8.667 -8.251 -7.93 -7.62 -8.651 -8.28 -7.965 -7.753 -7.72 -8.297 -8.505 -8.119 -6.987 -6.463 -5.85 -8.361
0.005149 -9.446 -9.387 -9.322 -9.088 -8.819 -8.502 -9.178 -9.05 -8.815 -8.492 -8.146 -7.735 -9.058 -8.718 -8.304 -7.983 -7.674 -8.702 -8.332 -8.018 -7.806 -7.772 -8.35 -8.557 -8.172 -7.042 -6.518 -5.906 -8.413
0.005305 -9.485 -9.429 -9.367 -9.136 -8.869 -8.554 -9.222 -9.099 -8.865 -8.544 -8.199 -7.789 -9.107 -8.769 -8.356 -8.037 -7.728 -8.753 -8.384 -8.071 -7.859 -7.823 -8.402 -8.608 -8.225 -7.097 -6.573 -5.962 -8.465
0.005465 -9.525 -9.472 -9.411 -9.185 -8.919 -8.605 -9.267 -9.147 -8.915 -8.595 -8.252 -7.842 -9.155 -8.82 -8.409 -8.09 -7.782 -8.803 -8.436 -8.123 -7.911 -7.875 -8.454 -8.66 -8.277 -7.151 -6.629 -6.017 -8.517
0.00563 -9.564 -9.514 -9.454 -9.233 -8.969 -8.657 -9.311 -9.195 -8.965 -8.647 -8.305 -7.896 -9.204 -8.871 -8.461 -8.143 -7.836 -8.854 -8.488 -8.176 -7.964 -7.926 -8.505 -8.711 -8.33 -7.206 -6.684 -6.073 -8.568
0.005801 -9.602 -9.555 -9.498 -9.28 -9.019 -8.708 -9.355 -9.244 -9.015 -8.698 -8.357 -7.949 -9.252 -8.921 -8.513 -8.196 -7.889 -8.904 -8.54 -8.228 -8.016 -7.977 -8.557 -8.762 -8.382 -7.26 -6.739 -6.128 -8.619
0.005976 -9.641 -9.596 -9.541 -9.328 -9.069 -8.759 -9.399 -9.291 -9.065 -8.749 -8.409 -8.003 -9.3 -8.971 -8.565 -8.249 -7.943 -8.954 -8.591 -8.281 -8.069 -8.028 -8.609 -8.813 -8.434 -7.315 -6.794 -6.184 -8.67
0.006157 -9.678 -9.637 -9.583 -9.375 -9.118 -8.81 -9.442 -9.339 -9.114 -8.8 -8.462 -8.056 -9.347 -9.021 -8.617 -8.301 -7.996 -9.004 -8.643 -8.333 -8.121 -8.079 -8.66 -8.863 -8.486 -7.369 -6.848 -6.239 -8.721
0.006343 -9.716 -9.678 -9.626 -9.422 -9.167 -8.861 -9.485 -9.386 -9.164 -8.851 -8.514 -8.109 -9.395 -9.071 -8.668 -8.354 -8.049 -9.054 -8.694 -8.385 -8.173 -8.13 -8.711 -8.914 -8.538 -7.423 -6.903 -6.294 -8.772
0.006535 -9.753 -9.718 -9.668 -9.469 -9.216 -8.912 -9.528 -9.434 -9.213 -8.902 -8.565 -8.162 -9.442 -9.12 -8.72 -8.406 -8.102 -9.103 -8.745 -8.437 -8.225 -8.181 -8.762 -8.964 -8.59 -7.477 -6.958 -6.349 -8.823
0.006732 -9.79 -9.758 -9.71 -9.516 -9.265 -8.962 -9.571 -9.481 -9.261 -8.953 -8.617 -8.215 -9.489 -9.17 -8.771 -8.458 -8.155 -9.153 -8.796 -8.489 -8.277 -8.232 -8.813 -9.015 -8.642 -7.531 -7.012 -6.404 -8.873
0.006936 -9.826 -9.798 -9.752 -9.562 -9.314 -9.013 -9.613 -9.528 -9.31 -9.003 -8.669 -8.267 -9.535 -9.219 -8.822 -8.511 -8.208 -9.202 -8.847 -8.54 -8.329 -8.283 -8.864 -9.065 -8.694 -7.585 -7.067 -6.459 -8.923
0.007146 -9.862 -9.837 -9.793 -9.608 -9.362 -9.063 -9.655 -9.574 -9.359 -9.054 -8.72 -8.32 -9.582 -9.268 -8.873 -8.563 -8.261 -9.251 -8.898 -8.592 -8.381 -8.333 -8.914 -9.114 -8.745 -7.639 -7.121 -6.514 -8.974
0.007362 -9.898 -9.876 -9.834 -9.654 -9.411 -9.113 -9.697 -9.621 -9.407 -9.104 -8.772 -8.372 -9.628 -9.317 -8.924 -8.615 -8.313 -9.3 -8.948 -8.643 -8.433 -8.384 -8.965 -9.164 -8.796 -7.693 -7.175 -6.569 -9.024
0.007585 -9.934 -9.915 -9.875 -9.7 -9.459 -9.163 -9.739 -9.667 -9.455 -9.154 -8.823 -8.425 -9.675 -9.366 -8.975 -8.666 -8.366 -9.349 -8.999 -8.695 -8.484 -8.434 -9.015 -9.214 -8.848 -7.746 -7.229 -6.623 -9.074
0.007814 -9.969 -9.953 -9.916 -9.746 -9.507 -9.213 -9.78 -9.713 -9.503 -9.204 -8.874 -8.477 -9.72 -9.415 -9.026 -8.718 -8.418 -9.398 -9.049 -8.746 -8.536 -8.485 -9.065 -9.263 -8.899 -7.8 -7.284 -6.678 -9.123
0.00805 -10.003 -9.991 -9.956 -9.791 -9.555 -9.263 -9.821 -9.759 -9.551 -9.253 -8.925 -8.529 -9.766 -9.463 -9.076 -8.77 -8.471 -9.446 -9.099 -8.797 -8.587 -8.535 -9.115 -9.313 -8.95 -7.853 -7.338 -6.732 -9.173
0.008294 -10.038 -10.029 -9.996 -9.836 -9.603 -9.313 -9.862 -9.804 -9.599 -9.303 -8.976 -8.581 -9.812 -9.512 -9.127 -8.821 -8.523 -9.495 -9.149 -8.848 -8.638 -8.585 -9.165 -9.362 -9.0 -7.907 -7.392 -6.787 -9.222
0.008545 -10.072 -10.066 -10.035 -9.881 -9.65 -9.362 -9.903 -9.85 -9.647 -9.353 -9.027 -8.633 -9.857 -9.56 -9.177 -8.873 -8.575 -9.543 -9.199 -8.899 -8.689 -8.635 -9.215 -9.411 -9.051 -7.96 -7.446 -6.841 -9.272
0.008803 -10.105 -10.103 -10.075 -9.926 -9.698 -9.411 -9.943 -9.895 -9.694 -9.402 -9.078 -8.685 -9.902 -9.608 -9.227 -8.924 -8.627 -9.591 -9.249 -8.95 -8.741 -8.685 -9.265 -9.46 -9.102 -8.013 -7.499 -6.896 -9.321
0.009069 -10.139 -10.14 -10.114 -9.97 -9.745 -9.461 -9.983 -9.94 -9.741 -9.451 -9.128 -8.737 -9.947 -9.656 -9.277 -8.975 -8.679 -9.639 -9.299 -9.001 -8.792 -8.735 -9.314 -9.509 -9.152 -8.066 -7.553 -6.95 -9.37
0.009344 -10.172 -10.176 -10.153 -10.015 -9.792 -9.51 -10.023 -9.985 -9.788 -9.5 -9.179 -8.789 -9.992 -9.703 -9.327 -9.026 -8.731 -9.687 -9.349 -9.051 -8.842 -8.785 -9.364 -9.557 -9.203 -8.119 -7.607 -7.004 -9.419
0.009626 -10.204 -10.213 -10.191 -10.059 -9.839 -9.559 -10.063 -10.029 -9.835 -9.549 -9.229 -8.84 -10.037 -9.751 -9.377 -9.077 -8.783 -9.734 -9.398 -9.102 -8.893 -8.835 -9.413 -9.606 -9.253 -8.172 -7.661 -7.058 -9.468
0.009917 -10.237 -10.248 -10.23 -10.103 -9.885 -9.607 -10.103 -10.074 -9.882 -9.598 -9.279 -8.892 -10.081 -9.798 -9.427 -9.128 -8.835 -9.782 -9.448 -9.152 -8.944 -8.885 -9.462 -9.654 -9.303 -8.225 -7.714 -7.113 -9.516
0.010217 -10.269 -10.284 -10.268 -10.147 -9.932 -9.656 -10.142 -10.118 -9.928 -9.647 -9.33 -8.943 -10.125 -9.846 -9.476 -9.179 -8.886 -9.829 -9.497 -9.203 -8.995 -8.934 -9.511 -9.702 -9.353 -8.278 -7.768 -7.167 -9.565
0.010526 -10.3 -10.319 -10.305 -10.19 -9.978 -9.705 -10.181 -10.162 -9.975 -9.695 -9.38 -8.995 -10.169 -9.893 -9.526 -9.23 -8.938 -9.876 -9.546 -9.253 -9.045 -8.984 -9.56 -9.75 -9.403 -8.331 -7.821 -7.221 -9.613
0.010845 -10.332 -10.354 -10.343 -10.234 -10.025 -9.753 -10.219 -10.206 -10.021 -9.744 -9.43 -9.046 -10.213 -9.94 -9.575 -9.28 -8.989 -9.923 -9.595 -9.303 -9.096 -9.034 -9.609 -9.798 -9.453 -8.384 -7.875 -7.275 -9.662
0.011173 -10.363 -10.388 -10.38 -10.277 -10.071 -9.801 -10.258 -10.25 -10.067 -9.792 -9.479 -9.097 -10.257 -9.987 -9.624 -9.331 -9.041 -9.97 -9.644 -9.353 -9.146 -9.083 -9.658 -9.846 -9.503 -8.436 -7.928 -7.329 -9.71
0.011511 -10.393 -10.422 -10.417 -10.32 -10.117 -9.849 -10.296 -10.293 -10.113 -9.84 -9.529 -9.148 -10.3 -10.033 -9.673 -9.381 -9.092 -10.017 -9.693 -9.403 -9.197 -9.133 -9.706 -9.894 -9.552 -8.489 -7.981 -7.382 -9.758
0.011859 -10.423 -10.456 -10.454 -10.362 -10.162 -9.897 -10.334 -10.336 -10.159 -9.888 -9.579 -9.199 -10.343 -10.08 -9.722 -9.431 -9.143 -10.064 -9.742 -9.453 -9.247 -9.182 -9.755 -9.941 -9.602 -8.541 -8.034 -7.436 -9.806
0.012217 -10.453 -10.49 -10.49 -10.405 -10.208 -9.945 -10.372 -10.379 -10.204 -9.936 -9.628 -9.25 -10.386 -10.126 -9.771 -9.481 -9.194 -10.11 -9.79 -9.503 -9.297 -9.231 -9.803 -9.988 -9.651 -8.594 -8.088 -7.49 -9.854
0.012587 -10.483 -10.523 -10.526 -10.447 -10.253 -9.993 -10.409 -10.422 -10.25 -9.984 -9.677 -9.301 -10.429 -10.172 -9.82 -9.531 -9.245 -10.156 -9.839 -9.553 -9.347 -9.281 -9.851 -10.036 -9.7 -8.646 -8.141 -7.544 -9.901
0.012968 -10.512 -10.556 -10.562 -10.489 -10.299 -10.041 -10.447 -10.465 -10.295 -10.032 -9.727 -9.352 -10.471 -10.218 -9.869 -9.581 -9.296 -10.203 -9.887 -9.602 -9.397 -9.33 -9.899 -10.083 -9.75 -8.699 -8.194 -7.597 -9.949
0.01336 -10.541 -10.589 -10.597 -10.531 -10.344 -10.088 -10.484 -10.507 -10.34 -10.079 -9.776 -9.402 -10.514 -10.264 -9.917 -9.631 -9.347 -10.249 -9.935 -9.652 -9.447 -9.379 -9.947 -10.13 -9.799 -8.751 -8.247 -7.651 -9.996
0.013764 -10.569 -10.621 -10.632 -10.573 -10.389 -10.136 -10.521 -10.55 -10.385 -10.127 -9.825 -9.453 -10.556 -10.31 -9.966 -9.681 -9.398 -10.294 -9.984 -9.701 -9.497 -9.428 -9.995 -10.177 -9.848 -8.803 -8.3 -7.705 -10.044
0.01418 -10.597 -10.653 -10.667 -10.615 -10.433 -10.183 -10.557 -10.592 -10.43 -10.174 -9.874 -9.503 -10.598 -10.356 -10.014 -9.731 -9.449 -10.34 -10.032 -9.751 -9.547 -9.477 -10.043 -10.223 -9.896 -8.855 -8.353 -7.758 -10.091
0.014609 -10.625 -10.684 -10.702 -10.656 -10.478 -10.23 -10.594 -10.634 -10.475 -10.221 -9.923 -9.554 -10.64 -10.401 -10.062 -9.78 -9.499 -10.386 -10.08 -9.8 -9.597 -9.526 -10.09 -10.27 -9.945 -8.907 -8.405 -7.812 -10.138
0.015051 -10.652 -10.715 -10.736 -10.697 -10.523 -10.277 -10.63 -10.675 -10.519 -10.268 -9.972 -9.604 -10.681 -10.447 -10.11 -9.83 -9.55 -10.431 -10.127 -9.849 -9.647 -9.575 -10.138 -10.316 -9.994 -8.959 -8.458 -7.865 -10.185
0.015506 -10.679 -10.746 -10.77 -10.738 -10.567 -10.324 -10.666 -10.717 -10.563 -10.315 -10.02 -9.654 -10.723 -10.492 -10.158 -9.879 -9.6 -10.477 -10.175 -9.898 -9.696 -9.624 -10.185 -10.363 -10.042 -9.011 -8.511 -7.918 -10.231
0.015975 -10.706 -10.777 -10.804 -10.778 -10.611 -10.37 -10.702 -10.758 -10.607 -10.362 -10.069 -9.704 -10.764 -10.537 -10.206 -9.929 -9.65 -10.522 -10.223 -9.947 -9.746 -9.673 -10.232 -10.409 -10.091 -9.063 -8.564 -7.972 -10.278
0.016458 -10.732 -10.807 -10.837 -10.819 -10.655 -10.417 -10.737 -10.799 -10.651 -10.408 -10.117 -9.754 -10.805 -10.582 -10.254 -9.978 -9.701 -10.567 -10.27 -9.996 -9.795 -9.722 -10.279 -10.455 -10.139 -9.115 -8.616 -8.025 -10.324
0.016956 -10.758 -10.837 -10.871 -10.859 -10.699 -10.463 -10.772 -10.84 -10.695 -10.455 -10.165 -9.804 -10.846 -10.626 -10.302 -10.027 -9.751 -10.612 -10.318 -10.045 -9.844 -9.771 -10.326 -10.501 -10.187 -9.166 -8.669 -8.078 -10.371
0.017469 -10.784 -10.866 -10.903 -10.899 -10.742 -10.51 -10.807 -10.88 -10.739 -10.501 -10.214 -9.854 -10.886 -10.671 -10.349 -10.076 -9.801 -10.656 -10.365 -10.093 -9.894 -9.819 -10.373 -10.546 -10.235 -9.218 -8.721 -8.132 -10.417
0.017997 -10.809 -10.895 -10.936 -10.939 -10.786 -10.556 -10.842 -10.921 -10.782 -10.547 -10.262 -9.904 -10.926 -10.715 -10.396 -10.125 -9.851 -10.701 -10.412 -10.142 -9.943 -9.868 -10.42 -10.592 -10.283 -9.27 -8.774 -8.185 -10.463
0.018541 -10.834 -10.924 -10.968 -10.978 -10.829 -10.602 -10.876 -10.961 -10.826 -10.593 -10.31 -9.954 -10.967 -10.759 -10.444 -10.174 -9.901 -10.745 -10.459 -10.19 -9.992 -9.917 -10.466 -10.637 -10.331 -9.321 -8.826 -8.238 -10.509
0.019102 -10.858 -10.952 -11.0 -11.018 -10.872 -10.648 -10.911 -11.001 -10.869 -10.639 -10.358 -10.003 -11.006 -10.803 -10.491 -10.222 -9.951 -10.79 -10.506 -10.239 -10.041 -9.965 -10.513 -10.683 -10.379 -9.373 -8.878 -8.291 -10.555
0.01968 -10.882 -10.98 -11.032 -11.057 -10.915 -10.694 -10.945 -11.041 -10.912 -10.685 -10.405 -10.053 -11.046 -10.847 -10.538 -10.271 -10.001 -10.834 -10.553 -10.287 -10.09 -10.014 -10.559 -10.728 -10.427 -9.424 -8.931 -8.344 -10.601
0.020275 -10.906 -11.008 -11.063 -11.096 -10.958 -10.739 -10.979 -11.08 -10.954 -10.731 -10.453 -10.102 -11.086 -10.891 -10.585 -10.32 -10.05 -10.878 -10.599 -10.335 -10.139 -10.062 -10.605 -10.773 -10.474 -9.475 -8.983 -8.397 -10.646
0.020888 -10.929 -11.035 -11.094 -11.134 -11.0 -10.785 -11.012 -11.12 -10.997 -10.776 -10.501 -10.151 -11.125 -10.935 -10.632 -10.368 -10.1 -10.922 -10.646 -10.384 -10.188 -10.11 -10.652 -10.818 -10.522 -9.527 -9.035 -8.45 -10.692
0.02152 -10.952 -11.062 -11.125 -11.173 -11.043 -10.83 -11.046 -11.159 -11.039 -10.822 -10.548 -10.201 -11.164 -10.978 -10.678 -10.416 -10.149 -10.965 -10.693 -10.432 -10.237 -10.159 -10.697 -10.863 -10.569 -9.578 -9.087 -8.503 -10.737
0.022171 -10.974 -11.089 -11.155 -11.211 -11.085 -10.875 -11.079 -11.198 -11.082 -10.867 -10.595 -10.25 -11.203 -11.021 -10.725 -10.464 -10.199 -11.009 -10.739 -10.48 -10.285 -10.207 -10.743 -10.907 -10.616 -9.629 -9.139 -8.556 -10.782
0.022841 -10.997 -11.115 -11.185 -11.249 -11.127 -10.92 -11.112 -11.236 -11.124 -10.912 -10.643 -10.299 -11.241 -11.064 -10.771 -10.513 -10.248 -11.052 -10.785 -10.527 -10.334 -10.255 -10.789 -10.952 -10.663 -9.68 -9.191 -8.609 -10.827
0.023532 -11.018 -11.141 -11.215 -11.287 -11.169 -10.965 -11.144 -11.275 -11.165 -10.957 -10.69 -10.348 -11.279 -11.107 -10.817 -10.561 -10.297 -11.095 -10.831 -10.575 -10.383 -10.303 -10.835 -10.996 -10.71 -9.731 -9.243 -8.661 -10.872
0.024244 -11.039 -11.166 -11.244 -11.324 -11.21 -11.01 -11.177 -11.313 -11.207 -11.002 -10.737 -10.397 -11.317 -11.15 -10.864 -10.609 -10.347 -11.138 -10.877 -10.623 -10.431 -10.351 -10.88 -11.04 -10.757 -9.782 -9.295 -8.714 -10.917
0.024977 -11.06 -11.191 -11.273 -11.361 -11.252 -11.055 -11.209 -11.351 -11.249 -11.047 -10.784 -10.446 -11.355 -11.193 -10.91 -10.656 -10.396 -11.181 -10.923 -10.671 -10.479 -10.399 -10.925 -11.084 -10.804 -9.833 -9.347 -8.767 -10.962
0.025733 -11.081 -11.216 -11.302 -11.398 -11.293 -11.099 -11.241 -11.389 -11.29 -11.091 -10.83 -10.494 -11.393 -11.235 -10.956 -10.704 -10.445 -11.224 -10.969 -10.718 -10.528 -10.447 -10.971 -11.128 -10.85 -9.884 -9.399 -8.819 -11.006
0.026511 -11.101 -11.24 -11.33 -11.435 -11.334 -11.144 -11.272 -11.426 -11.331 -11.136 -10.877 -10.543 -11.43 -11.277 -11.001 -10.752 -10.494 -11.266 -11.014 -10.765 -10.576 -10.495 -11.016 -11.172 -10.897 -9.935 -9.451 -8.872 -11.051
0.027313 -11.12 -11.264 -11.359 -11.471 -11.375 -11.188 -11.304 -11.463 -11.372 -11.18 -10.924 -10.592 -11.468 -11.319 -11.047 -10.799 -10.542 -11.309 -11.06 -10.813 -10.624 -10.543 -11.061 -11.215 -10.943 -9.985 -9.503 -8.925 -11.095
0.028139 -11.14 -11.287 -11.386 -11.508 -11.416 -11.232 -11.335 -11.5 -11.413 -11.224 -10.97 -10.64 -11.504 -11.361 -11.093 -10.847 -10.591 -11.351 -11.105 -10.86 -10.672 -10.591 -11.105 -11.259 -10.99 -10.036 -9.554 -8.977 -11.139
0.02899 -11.158 -11.31 -11.414 -11.544 -11.456 -11.276 -11.366 -11.537 -11.453 -11.268 -11.016 -10.688 -11.541 -11.403 -11.138 -10.894 -10.64 -11.393 -11.15 -10.907 -10.72 -10.639 -11.15 -11.302 -11.036 -10.087 -9.606 -9.03 -11.183
0.029867 -11.177 -11.333 -11.441 -11.58 -11.497 -11.32 -11.397 -11.574 -11.494 -11.312 -11.063 -10.737 -11.578 -11.444 -11.183 -10.941 -10.688 -11.435 -11.196 -10.954 -10.768 -10.686 -11.195 -11.345 -11.082 -10.137 -9.658 -9.082 -11.227
0.03077 -11.195 -11.355 -11.468 -11.615 -11.537 -11.363 -11.427 -11.61 -11.534 -11.355 -11.109 -10.785 -11.614 -11.486 -11.229 -10.988 -10.737 -11.477 -11.241 -11.001 -10.816 -10.734 -11.239 -11.388 -11.128 -10.188 -9.709 -9.135 -11.271
0.031701 -11.212 -11.377 -11.494 -11.65 -11.577 -11.407 -11.458 -11.646 -11.574 -11.399 -11.155 -10.833 -11.65 -11.527 -11.274 -11.035 -10.785 -11.518 -11.285 -11.048 -10.863 -10.782 -11.283 -11.43 -11.174 -10.238 -9.761 -9.187 -11.314
0.032659 -11.229 -11.398 -11.52 -11.685 -11.617 -11.45 -11.488 -11.682 -11.614 -11.442 -11.201 -10.881 -11.685 -11.568 -11.318 -11.082 -10.834 -11.56 -11.33 -11.094 -10.911 -10.829 -11.327 -11.473 -11.219 -10.288 -9.812 -9.239 -11.357
0.033647 -11.246 -11.419 -11.546 -11.72 -11.656 -11.493 -11.517 -11.718 -11.653 -11.486 -11.246 -10.929 -11.721 -11.609 -11.363 -11.129 -10.882 -11.601 -11.375 -11.141 -10.959 -10.877 -11.371 -11.516 -11.265 -10.339 -9.863 -9.292 -11.401
0.034665 -11.262 -11.439 -11.571 -11.754 -11.695 -11.536 -11.547 -11.753 -11.692 -11.529 -11.292 -10.977 -11.756 -11.649 -11.408 -11.176 -10.93 -11.642 -11.419 -11.187 -11.006 -10.924 -11.415 -11.558 -11.31 -10.389 -9.915 -9.344 -11.444
0.035713 -11.278 -11.459 -11.596 -11.789 -11.735 -11.579 -11.576 -11.788 -11.732 -11.571 -11.337 -11.024 -11.791 -11.69 -11.452 -11.222 -10.978 -11.683 -11.464 -11.234 -11.053 -10.971 -11.459 -11.6 -11.356 -10.439 -9.966 -9.396 -11.487
0.036793 -11.293 -11.479 -11.62 -11.822 -11.774 -11.622 -11.605 -11.823 -11.771 -11.614 -11.383 -11.072 -11.825 -11.73 -11.497 -11.268 -11.026 -11.723 -11.508 -11.28 -11.101 -11.018 -11.502 -11.642 -11.401 -10.489 -10.017 -9.448 -11.53
0.037906 -11.308 -11.498 -11.645 -11.856 -11.812 -11.664 -11.634 -11.857 -11.809 -11.657 -11.428 -11.119 -11.86 -11.77 -11.541 -11.315 -11.074 -11.764 -11.552 -11.326 -11.148 -11.066 -11.546 -11.684 -11.446 -10.539 -10.069 -9.501 -11.572
0.039052 -11.322 -11.517 -11.668 -11.889 -11.851 -11.707 -11.663 -11.891 -11.848 -11.699 -11.473 -11.167 -11.894 -11.81 -11.585 -11.361 -11.121 -11.804 -11.596 -11.372 -11.195 -11.113 -11.589 -11.725 -11.491 -10.589 -10.12 -9.553 -11.615
0.040234 -11.336 -11.535 -11.692 -11.922 -11.889 -11.749 -11.691 -11.925 -11.886 -11.741 -11.518 -11.214 -11.928 -11.849 -11.629 -11.407 -11.169 -11.844 -11.639 -11.418 -11.242 -11.16 -11.632 -11.767 -11.536 -10.639 -10.171 -9.605 -11.657
0.04145 -11.35 -11.553 -11.715 -11.955 -11.927 -11.791 -11.719 -11.959 -11.924 -11.784 -11.563 -11.261 -11.961 -11.889 -11.673 -11.453 -11.217 -11.884 -11.683 -11.464 -11.289 -11.207 -11.675 -11.808 -11.58 -10.689 -10.222 -9.657 -11.699
0.042704 -11.363 -11.57 -11.738 -11.988 -11.965 -11.833 -11.747 -11.993 -11.962 -11.825 -11.607 -11.309 -11.994 -11.928 -11.716 -11.499 -11.264 -11.924 -11.727 -11.509 -11.336 -11.254 -11.718 -11.849 -11.625 -10.739 -10.273 -9.709 -11.741
0.043996 -11.375 -11.587 -11.76 -12.02 -12.002 -11.874 -11.774 -12.026 -12.0 -11.867 -11.652 -11.356 -12.027 -11.967 -11.76 -11.545 -11.312 -11.963 -11.77 -11.555 -11.383 -11.3 -11.76 -11.89 -11.669 -10.788 -10.324 -9.761 -11.783
0.045326 -11.387 -11.603 -11.782 -12.052 -12.04 -11.916 -11.802 -12.059 -12.037 -11.909 -11.696 -11.402 -12.06 -12.006 -11.803 -11.59 -11.359 -12.002 -11.813 -11.601 -11.429 -11.347 -11.803 -11.93 -11.713 -10.838 -10.375 -9.813 -11.825
0.046697 -11.399 -11.619 -11.803 -12.083 -12.077 -11.957 -11.829 -12.091 -12.074 -11.95 -11.741 -11.449 -12.092 -12.045 -11.846 -11.636 -11.406 -12.041 -11.856 -11.646 -11.476 -11.394 -11.845 -11.971 -11.757 -10.887 -10.425 -9.864 -11.866
0.048109 -11.41 -11.635 -11.825 -12.115 -12.114 -11.998 -11.855 -12.123 -12.111 -11.991 -11.785 -11.496 -12.125 -12.083 -11.889 -11.681 -11.453 -12.08 -11.899 -11.691 -11.522 -11.441 -11.887 -12.011 -11.801 -10.937 -10.476 -9.916 -11.908
0.049564 -11.42 -11.65 -11.845 -12.146 -12.151 -12.039 -11.882 -12.155 -12.148 -12.032 -11.829 -11.543 -12.156 -12.121 -11.932 -11.726 -11.5 -12.119 -11.942 -11.736 -11.569 -11.487 -11.929 -12.052 -11.845 -10.986 -10.527 -9.968 -11.949
0.051063 -11.43 -11.664 -11.866 -12.176 -12.187 -12.08 -11.908 -12.187 -12.185 -12.073 -11.873 -11.589 -12.188 -12.159 -11.975 -11.772 -11.547 -12.158 -11.984 -11.781 -11.615 -11.534 -11.971 -12.091 -11.889 -11.036 -10.578 -10.02 -11.99
0.052608 -11.44 -11.678 -11.886 -12.207 -12.223 -12.121 -11.934 -12.218 -12.221 -12.114 -11.917 -11.635 -12.219 -12.197 -12.017 -11.817 -11.594 -12.196 -12.027 -11.826 -11.661 -11.58 -12.013 -12.131 -11.933 -11.085 -10.628 -10.071 -12.031
0.054199 -11.449 -11.692 -11.905 -12.237 -12.259 -12.161 -11.96 -12.25 -12.257 -12.154 -11.96 -11.682 -12.25 -12.235 -12.06 -11.862 -11.64 -12.234 -12.069 -11.871 -11.707 -11.626 -12.055 -12.171 -11.976 -11.134 -10.679 -10.123 -12.072
0.055838 -11.458 -11.705 -11.924 -12.267 -12.295 -12.201 -11.986 -12.28 -12.293 -12.195 -12.004 -11.728 -12.281 -12.272 -12.102 -11.906 -11.687 -12.272 -12.111 -11.916 -11.753 -11.672 -12.096 -12.21 -12.019 -11.183 -10.729 -10.175 -12.112
0.057527 -11.466 -11.717 -11.943 -12.296 -12.331 -12.241 -12.011 -12.311 -12.328 -12.235 -12.047 -11.774 -12.311 -12.309 -12.144 -11.951 -11.733 -12.31 -12.153 -11.96 -11.799 -11.719 -12.137 -12.249 -12.062 -11.232 -10.78 -10.226 -12.153
0.059267 -11.474 -11.729 -11.961 -12.325 -12.366 -12.281 -12.036 -12.341 -12.363 -12.275 -12.09 -11.82 -12.341 -12.346 -12.186 -11.995 -11.78 -12.347 -12.195 -12.004 -11.845 -11.765 -12.178 -12.288 -12.105 -11.281 -10.83 -10.278 -12.193
0.061059 -11.481 -11.74 -11.979 -12.354 -12.401 -12.321 -12.061 -12.371 -12.398 -12.315 -12.133 -11.866 -12.37 -12.382 -12.228 -12.04 -11.826 -12.384 -12.237 -12.049 -11.89 -11.811 -12.219 -12.327 -12.148 -11.33 -10.88 -10.329 -12.233
0.062906 -11.487 -11.751 -11.996 -12.382 -12.436 -12.36 -12.085 -12.4 -12.433 -12.354 -12.176 -11.912 -12.4 -12.419 -12.269 -12.084 -11.872 -12.421 -12.278 -12.093 -11.936 -11.857 -12.26 -12.366 -12.191 -11.379 -10.931 -10.381 -12.273
0.064808 -11.493 -11.762 -12.013 -12.41 -12.47 -12.4 -12.11 -12.43 -12.468 -12.394 -12.219 -11.957 -12.429 -12.455 -12.311 -12.128 -11.918 -12.458 -12.32 -12.137 -11.981 -11.902 -12.3 -12.404 -12.233 -11.428 -10.981 -10.432 -12.312
0.066769 -11.499 -11.771 -12.03 -12.438 -12.504 -12.439 -12.134 -12.459 -12.502 -12.433 -12.261 -12.003 -12.457 -12.491 -12.352 -12.172 -11.964 -12.495 -12.361 -12.181 -12.027 -11.948 -12.341 -12.442 -12.276 -11.476 -11.031 -10.483 -12.352
0.068788 -11.504 -11.781 -12.046 -12.466 -12.538 -12.478 -12.158 -12.487 -12.536 -12.472 -12.304 -12.048 -12.486 -12.527 -12.393 -12.216 -12.01 -12.531 -12.402 -12.224 -12.072 -11.994 -12.381 -12.48 -12.318 -11.525 -11.081 -10.535 -12.391
0.070868 -11.508 -11.789 -12.061 -12.493 -12.572 -12.516 -12.181 -12.515 -12.57 -12.51 -12.346 -12.093 -12.514 -12.562 -12.434 -12.26 -12.055 -12.567 -12.443 -12.268 -12.117 -12.039 -12.421 -12.518 -12.36 -11.573 -11.131 -10.586 -12.43
0.073012 -11.512 -11.797 -12.077 -12.519 -12.605 -12.555 -12.204 -12.543 -12.603 -12.549 -12.388 -12.138 -12.541 -12.597 -12.475 -12.303 -12.101 -12.603 -12.483 -12.311 -12.162 -12.085 -12.461 -12.556 -12.402 -11.622 -11.181 -10.637 -12.469
0.07522 -11.516 -11.805 -12.091 -12.546 -12.638 -12.593 -12.227 -12.571 -12.636 -12.587 -12.43 -12.183 -12.569 -12.632 -12.515 -12.346 -12.146 -12.638 -12.524 -12.355 -12.207 -12.13 -12.5 -12.593 -12.443 -11.67 -11.231 -10.688 -12.508
0.077495 -11.518 -11.812 -12.106 -12.572 -12.671 -12.631 -12.25 -12.598 -12.669 -12.625 -12.472 -12.228 -12.596 -12.667 -12.555 -12.39 -12.192 -12.674 -12.564 -12.398 -12.251 -12.175 -12.54 -12.63 -12.485 -11.718 -11.281 -10.74 -12.547
0.079839 -11.521 -11.819 -12.119 -12.597 -12.704 -12.669 -12.272 -12.625 -12.702 -12.663 -12.513 -12.273 -12.622 -12.701 -12.596 -12.433 -12.237 -12.709 -12.604 -12.441 -12.296 -12.22 -12.579 -12.667 -12.526 -11.767 -11.33 -10.791 -12.585
0.082253 -11.523 -11.824 -12.133 -12.623 -12.736 -12.706 -12.295 -12.651 -12.734 -12.701 -12.555 -12.318 -12.648 -12.736 -12.636 -12.476 -12.282 -12.744 -12.644 -12.484 -12.341 -12.266 -12.618 -12.704 -12.568 -11.815 -11.38 -10.842 -12.623
0.084741 -11.524 -11.83 -12.145 -12.647 -12.768 -12.744 -12.316 -12.677 -12.766 -12.738 -12.596 -12.362 -12.674 -12.769 -12.675 -12.519 -12.327 -12.778 -12.684 -12.527 -12.385 -12.311 -12.657 -12.74 -12.609 -11.863 -11.43 -10.893 -12.661
0.087304 -11.524 -11.834 -12.158 -12.672 -12.8 -12.781 -12.338 -12.703 -12.798 -12.776 -12.637 -12.407 -12.7 -12.803 -12.715 -12.561 -12.372 -12.813 -12.723 -12.569 -12.429 -12.355 -12.696 -12.776 -12.649 -11.911 -11.479 -10.944 -12.699
0.089944 -11.524 -11.838 -12.17 -12.696 -12.831 -12.818 -12.359 -12.728 -12.83 -12.813 -12.678 -12.451 -12.725 -12.836 -12.754 -12.604 -12.417 -12.847 -12.762 -12.612 -12.473 -12.4 -12.734 -12.812 -12.69 -11.959 -11.529 -10.994 -12.737
0.092665 -11.524 -11.842 -12.181 -12.72 -12.862 -12.854 -12.381 -12.753 -12.861 -12.85 -12.719 -12.495 -12.75 -12.869 -12.793 -12.646 -12.461 -12.881 -12.802 -12.654 -12.517 -12.445 -12.772 -12.848 -12.731 -12.006 -11.578 -11.045 -12.774
0.095467 -11.523 -11.845 -12.192 -12.743 -12.893 -12.891 -12.401 -12.778 -12.892 -12.886 -12.759 -12.539 -12.774 -12.902 -12.832 -12.688 -12.506 -12.914 -12.84 -12.696 -12.561 -12.489 -12.81 -12.883 -12.771 -12.054 -11.628 -11.096 -12.811
0.098355 -11.521 -11.847 -12.202 -12.766 -12.924 -12.927 -12.422 -12.802 -12.922 -12.922 -12.8 -12.583 -12.798 -12.935 -12.871 -12.73 -12.55 -12.948 -12.879 -12.738 -12.605 -12.534 -12.848 -12.919 -12.811 -12.102 -11.677 -11.147 -12.848
0.101329 -11.519 -11.849 -12.212 -12.788 -12.954 -12.963 -12.442 -12.826 -12.952 -12.958 -12.84 -12.626 -12.821 -12.967 -12.91 -12.772 -12.594 -12.981 -12.918 -12.78 -12.649 -12.578 -12.886 -12.954 -12.851 -12.149 -11.726 -11.197 -12.885
0.104394 -11.516 -11.849 -12.221 -12.81 -12.984 -12.999 -12.462 -12.85 -12.982 -12.994 -12.88 -12.67 -12.844 -12.999 -12.948 -12.814 -12.638 -13.013 -12.956 -12.821 -12.692 -12.623 -12.923 -12.988 -12.891 -12.196 -11.776 -11.248 -12.922
0.107551 -11.513 -11.85 -12.23 -12.832 -13.013 -13.034 -12.482 -12.873 -13.012 -13.03 -12.92 -12.713 -12.867 -13.031 -12.986 -12.855 -12.682 -13.046 -12.994 -12.863 -12.735 -12.667 -12.961 -13.023 -12.93 -12.244 -11.825 -11.299 -12.958
0.110804 -11.509 -11.849 -12.238 -12.853 -13.042 -13.069 -12.501 -12.895 -13.041 -13.065 -12.959 -12.757 -12.889 -13.062 -13.024 -12.897 -12.726 -13.078 -13.032 -12.904 -12.779 -12.711 -12.998 -13.057 -12.97 -12.291 -11.874 -11.349 -12.994
0.114155 -11.504 -11.848 -12.246 -12.874 -13.071 -13.104 -12.52 -12.918 -13.07 -13.1 -12.999 -12.8 -12.911 -13.093 -13.062 -12.938 -12.769 -13.11 -13.07 -12.945 -12.822 -12.755 -13.034 -13.091 -13.009 -12.338 -11.923 -11.4 -13.03
0.117608 -11.499 -11.847 -12.253 -12.895 -13.1 -13.139 -12.539 -12.939 -13.099 -13.135 -13.038 -12.843 -12.933 -13.124 -13.099 -12.979 -12.813 -13.141 -13.107 -12.986 -12.865 -12.798 -13.071 -13.125 -13.048 -12.385 -11.972 -11.45 -13.066
0.121165 -11.493 -11.844 -12.26 -12.914 -13.128 -13.173 -12.558 -12.961 -13.127 -13.17 -13.077 -12.886 -12.954 -13.154 -13.137 -13.019 -12.856 -13.173 -13.144 -13.027 -12.907 -12.842 -13.107 -13.158 -13.087 -12.432 -12.02 -11.5 -13.102
0.124829 -11.487 -11.841 -12.266 -12.934 -13.156 -13.208 -12.576 -12.982 -13.155 -13.204 -13.116 -12.928 -12.974 -13.184 -13.174 -13.06 -12.899 -13.204 -13.181 -13.068 -12.95 -12.886 -13.144 -13.191 -13.125 -12.479 -12.069 -11.551 -13.137
0.128605 -11.48 -11.838 -12.272 -12.953 -13.183 -13.241 -12.594 -13.002 -13.183 -13.238 -13.155 -12.971 -12.995 -13.214 -13.211 -13.101 -12.943 -13.235 -13.218 -13.108 -12.992 -12.929 -13.18 -13.224 -13.163 -12.526 -12.118 -11.601 -13.172
0.132494 -11.472 -11.833 -12.277 -12.972 -13.21 -13.275 -12.612 -13.022 -13.21 -13.272 -13.193 -13.013 -13.014 -13.244 -13.247 -13.141 -12.985 -13.265 -13.255 -13.148 -13.035 -12.972 -13.215 -13.257 -13.202 -12.572 -12.166 -11.651 -13.207
0.136502 -11.464 -11.828 -12.281 -12.99 -13.237 -13.308 -12.629 -13.042 -13.237 -13.305 -13.231 -13.055 -13.034 -13.273 -13.283 -13.181 -13.028 -13.295 -13.291 -13.188 -13.077 -13.015 -13.251 -13.289 -13.24 -12.619 -12.215 -11.701 -13.241
0.14063 -11.455 -11.822 -12.285 -13.007 -13.264 -13.341 -12.646 -13.061 -13.263 -13.339 -13.269 -13.097 -13.052 -13.302 -13.32 -13.221 -13.071 -13.325 -13.327 -13.228 -13.119 -13.058 -13.286 -13.321 -13.277 -12.665 -12.263 -11.751 -13.276
0.144883 -11.446 -11.816 -12.289 -13.024 -13.29 -13.374 -12.663 -13.08 -13.289 -13.372 -13.307 -13.139 -13.071 -13.33 -13.355 -13.26 -13.113 -13.354 -13.363 -13.268 -13.161 -13.101 -13.321 -13.353 -13.315 -12.711 -12.312 -11.802 -13.31
0.149265 -11.436 -11.809 -12.291 -13.041 -13.315 -13.407 -12.68 -13.098 -13.315 -13.404 -13.345 -13.181 -13.089 -13.358 -13.391 -13.3 -13.155 -13.383 -13.399 -13.307 -13.203 -13.144 -13.356 -13.384 -13.352 -12.758 -12.36 -11.851 -13.344
0.15378 -11.425 -11.801 -12.293 -13.057 -13.341 -13.439 -12.696 -13.116 -13.341 -13.437 -13.382 -13.223 -13.106 -13.386 -13.426 -13.339 -13.198 -13.412 -13.434 -13.347 -13.244 -13.187 -13.39 -13.416 -13.389 -12.804 -12.408 -11.901 -13.377
0.15843 -11.414 -11.792 -12.295 -13.073 -13.365 -13.471 -12.712 -13.133 -13.366 -13.469 -13.419 -13.264 -13.123 -13.414 -13.461 -13.378 -13.239 -13.441 -13.469 -13.386 -13.285 -13.229 -13.424 -13.446 -13.426 -12.85 -12.456 -11.951 -13.411
0.163222 -11.402 -11.782 -12.296 -13.088 -13.39 -13.502 -12.727 -13.15 -13.39 -13.5 -13.456 -13.305 -13.139 -13.441 -13.496 -13.417 -13.281 -13.469 -13.504 -13.425 -13.327 -13.272 -13.458 -13.477 -13.462 -12.896 -12.504 -12.001 -13.444
0.168159 -11.389 -11.772 -12.296 -13.103 -13.414 -13.534 -12.743 -13.166 -13.414 -13.532 -13.493 -13.346 -13.155 -13.467 -13.531 -13.456 -13.323 -13.497 -13.539 -13.463 -13.368 -13.314 -13.492 -13.507 -13.499 -12.941 -12.552 -12.051 -13.477
0.173245 -11.376 -11.761 -12.296 -13.117 -13.438 -13.565 -12.757 -13.182 -13.438 -13.563 -13.529 -13.387 -13.171 -13.494 -13.565 -13.494 -13.364 -13.524 -13.573 -13.502 -13.409 -13.356 -13.526 -13.537 -13.535 -12.987 -12.6 -12.1 -13.509
0.178484 -11.362 -11.749 -12.295 -13.131 -13.461 -13.595 -12.772 -13.198 -13.462 -13.594 -13.565 -13.428 -13.186 -13.52 -13.599 -13.532 -13.406 -13.551 -13.607 -13.54 -13.449 -13.398 -13.559 -13.567 -13.571 -13.032 -12.648 -12.15 -13.541
0.183882 -11.348 -11.736 -12.293 -13.144 -13.484 -13.626 -12.786 -13.212 -13.485 -13.624 -13.601 -13.468 -13.2 -13.545 -13.633 -13.57 -13.447 -13.578 -13.641 -13.578 -13.49 -13.44 -13.592 -13.596 -13.606 -13.078 -12.696 -12.2 -13.574
0.189444 -11.333 -11.723 -12.291 -13.156 -13.506 -13.656 -12.8 -13.227 -13.507 -13.654 -13.637 -13.508 -13.214 -13.571 -13.666 -13.608 -13.488 -13.604 -13.674 -13.616 -13.53 -13.481 -13.625 -13.625 -13.642 -13.123 -12.743 -12.249 -13.605
0.195173 -11.317 -11.708 -12.288 -13.168 -13.528 -13.685 -12.814 -13.241 -13.529 -13.684 -13.672 -13.549 -13.227 -13.596 -13.699 -13.646 -13.528 -13.63 -13.707 -13.654 -13.57 -13.523 -13.657 -13.654 -13.677 -13.168 -12.791 -12.298 -13.637
0.201076 -11.301 -11.693 -12.285 -13.18 -13.55 -13.715 -12.827 -13.254 -13.551 -13.714 -13.708 -13.588 -13.24 -13.62 -13.732 -13.683 -13.569 -13.656 -13.74 -13.691 -13.61 -13.564 -13.689 -13.682 -13.712 -13.213 -12.838 -12.348 -13.668
0.207158 -11.284 -11.677 -12.281 -13.191 -13.571 -13.744 -12.84 -13.267 -13.572 -13.743 -13.742 -13.628 -13.252 -13.644 -13.765 -13.72 -13.609 -13.681 -13.773 -13.728 -13.65 -13.605 -13.721 -13.71 -13.746 -13.258 -12.885 -12.397 -13.699
0.213423 -11.266 -11.66 -12.276 -13.201 -13.592 -13.772 -12.853 -13.279 -13.593 -13.772 -13.777 -13.668 -13.264 -13.668 -13.797 -13.757 -13.649 -13.706 -13.805 -13.765 -13.689 -13.646 -13.752 -13.737 -13.78 -13.303 -12.933 -12.446 -13.73
0.219878 -11.248 -11.643 -12.27 -13.211 -13.612 -13.8 -12.865 -13.29 -13.614 -13.8 -13.812 -13.707 -13.275 -13.691 -13.829 -13.794 -13.689 -13.73 -13.837 -13.802 -13.729 -13.687 -13.784 -13.765 -13.814 -13.347 -12.98 -12.495 -13.76
0.226528 -11.229 -11.624 -12.264 -13.22 -13.632 -13.828 -12.877 -13.301 -13.634 -13.828 -13.846 -13.746 -13.285 -13.714 -13.861 -13.83 -13.729 -13.754 -13.869 -13.838 -13.768 -13.727 -13.815 -13.791 -13.848 -13.392 -13.027 -12.544 -13.791
0.233379 -11.21 -11.605 -12.257 -13.229 -13.651 -13.856 -12.889 -13.312 -13.653 -13.856 -13.879 -13.785 -13.295 -13.736 -13.892 -13.866 -13.768 -13.778 -13.9 -13.874 -13.807 -13.768 -13.845 -13.818 -13.882 -13.436 -13.074 -12.593 -13.82
0.240437 -11.19 -11.584 -12.25 -13.237 -13.67 -13.883 -12.9 -13.322 -13.672 -13.884 -13.913 -13.824 -13.305 -13.758 -13.923 -13.902 -13.808 -13.801 -13.931 -13.91 -13.845 -13.808 -13.876 -13.844 -13.915 -13.481 -13.121 -12.642 -13.85
0.247709 -11.169 -11.563 -12.242 -13.244 -13.689 -13.91 -12.911 -13.331 -13.691 -13.911 -13.946 -13.862 -13.313 -13.779 -13.954 -13.938 -13.847 -13.824 -13.962 -13.946 -13.884 -13.848 -13.906 -13.87 -13.948 -13.525 -13.167 -12.691 -13.879
0.255201 -11.148 -11.541 -12.233 -13.251 -13.706 -13.936 -12.922 -13.34 -13.709 -13.937 -13.979 -13.9 -13.321 -13.801 -13.984 -13.973 -13.886 -13.846 -13.993 -13.981 -13.922 -13.888 -13.936 -13.895 -13.98 -13.569 -13.214 -12.74 -13.908
0.262919 -11.126 -11.518 -12.223 -13.257 -13.724 -13.962 -12.932 -13.348 -13.726 -13.964 -14.012 -13.938 -13.329 -13.821 -14.014 -14.008 -13.925 -13.868 -14.023 -14.017 -13.96 -13.928 -13.965 -13.92 -14.013 -13.612 -13.26 -12.788 -13.937
0.270871 -11.103 -11.493 -12.212 -13.262 -13.741 -13.988 -12.942 -13.355 -13.743 -13.989 -14.044 -13.976 -13.336 -13.841 -14.044 -14.043 -13.963 -13.889 -14.053 -14.051 -13.998 -13.967 -13.994 -13.945 -14.045 -13.656 -13.307 -12.837 -13.965
0.279064 -11.08 -11.468 -12.201 -13.267 -13.757 -14.013 -12.951 -13.362 -13.76 -14.015 -14.076 -14.014 -13.342 -13.861 -14.074 -14.077 -14.001 -13.91 -14.082 -14.086 -14.036 -14.007 -14.023 -13.969 -14.076 -13.699 -13.353 -12.885 -13.993
0.287504 -11.056 -11.442 -12.189 -13.271 -13.773 -14.038 -12.96 -13.368 -13.776 -14.04 -14.108 -14.051 -13.347 -13.88 -14.103 -14.112 -14.039 -13.931 -14.111 -14.12 -14.073 -14.046 -14.051 -13.993 -14.108 -13.743 -13.399 -12.934 -14.021
0.296199 -11.032 -11.415 -12.177 -13.274 -13.788 -14.062 -12.969 -13.374 -13.792 -14.065 -14.14 -14.088 -13.352 -13.899 -14.131 -14.146 -14.077 -13.951 -14.14 -14.154 -14.11 -14.085 -14.079 -14.016 -14.139 -13.786 -13.445 -12.982 -14.048
0.305157 -11.007 -11.387 -12.163 -13.277 -13.803 -14.086 -12.977 -13.379 -13.807 -14.089 -14.171 -14.125 -13.357 -13.917 -14.159 -14.179 -14.115 -13.971 -14.168 -14.188 -14.147 -14.123 -14.107 -14.039 -14.169 -13.829 -13.491 -13.03 -14.075
0.314387 -10.982 -11.358 -12.149 -13.279 -13.817 -14.11 -12.985 -13.383 -13.821 -14.113 -14.202 -14.161 -13.36 -13.935 -14.187 -14.213 -14.152 -13.99 -14.196 -14.222 -14.184 -14.162 -14.135 -14.061 -14.2 -13.872 -13.537 -13.078 -14.102
0.323895 -10.956 -11.328 -12.134 -13.281 -13.831 -14.133 -12.992 -13.386 -13.835 -14.136 -14.232 -14.198 -13.363 -13.952 -14.215 -14.246 -14.189 -14.009 -14.224 -14.255 -14.22 -14.2 -14.162 -14.083 -14.23 -13.915 -13.582 -13.126 -14.129
0.333691 -10.929 -11.297 -12.118 -13.281 -13.844 -14.155 -12.999 -13.389 -13.848 -14.159 -14.262 -14.234 -13.365 -13.969 -14.242 -14.278 -14.226 -14.027 -14.251 -14.288 -14.256 -14.238 -14.188 -14.105 -14.259 -13.957 -13.628 -13.174 -14.155
0.343783 -10.902 -11.265 -12.101 -13.281 -13.856 -14.178 -13.006 -13.391 -13.861 -14.181 -14.292 -14.269 -13.366 -13.985 -14.269 -14.311 -14.262 -14.045 -14.278 -14.32 -14.292 -14.276 -14.215 -14.126 -14.289 -13.999 -13.673 -13.222 -14.18
0.354181 -10.875 -11.232 -12.084 -13.28 -13.868 -14.199 -13.012 -13.393 -13.873 -14.203 -14.321 -14.305 -13.367 -14.0 -14.295 -14.343 -14.299 -14.062 -14.304 -14.353 -14.328 -14.314 -14.241 -14.147 -14.318 -14.042 -13.719 -13.27 -14.206
0.364893 -10.847 -11.197 -12.066 -13.279 -13.88 -14.221 -13.018 -13.393 -13.885 -14.225 -14.351 -14.34 -13.367 -14.016 -14.321 -14.375 -14.335 -14.079 -14.331 -14.384 -14.363 -14.351 -14.266 -14.167 -14.346 -14.084 -13.764 -13.318 -14.231
0.375929 -10.818 -11.162 -12.046 -13.276 -13.89 -14.241 -13.023 -13.393 -13.896 -14.246 -14.379 -14.375 -13.366 -14.03 -14.347 -14.406 -14.37 -14.095 -14.356 -14.416 -14.398 -14.388 -14.292 -14.187 -14.375 -14.125 -13.809 -13.365 -14.255
0.387298 -10.789 -11.125 -12.026 -13.273 -13.9 -14.262 -13.028 -13.393 -13.906 -14.267 -14.408 -14.41 -13.365 -14.044 -14.372 -14.437 -14.406 -14.11 -14.381 -14.447 -14.433 -14.425 -14.316 -14.206 -14.403 -14.167 -13.854 -13.413 -14.28
0.399012 -10.76 -11.087 -12.006 -13.269 -13.91 -14.281 -13.033 -13.391 -13.916 -14.287 -14.436 -14.444 -13.362 -14.057 -14.396 -14.468 -14.441 -14.125 -14.406 -14.478 -14.468 -14.462 -14.341 -14.225 -14.43 -14.208 -13.898 -13.46 -14.303
0.41108 -10.73 -11.048 -11.984 -13.265 -13.919 -14.301 -13.037 -13.389 -13.925 -14.306 -14.463 -14.478 -13.359 -14.07 -14.421 -14.499 -14.476 -14.14 -14.431 -14.509 -14.502 -14.498 -14.365 -14.243 -14.457 -14.25 -13.943 -13.507 -14.327
0.423513 -10.7 -11.008 -11.961 -13.259 -13.927 -14.319 -13.04 -13.386 -13.933 -14.326 -14.49 -14.512 -13.355 -14.083 -14.444 -14.529 -14.511 -14.154 -14.455 -14.539 -14.536 -14.534 -14.389 -14.261 -14.484 -14.291 -13.988 -13.555 -14.35
0.436321 -10.67 -10.967 -11.938 -13.253 -13.934 -14.338 -13.044 -13.382 -13.941 -14.344 -14.517 -14.546 -13.351 -14.094 -14.468 -14.558 -14.545 -14.167 -14.478 -14.569 -14.569 -14.57 -14.412 -14.278 -14.51 -14.332 -14.032 -13.602 -14.373
0.449518 -10.639 -10.924 -11.914 -13.245 -13.941 -14.355 -13.046 -13.377 -13.948 -14.362 -14.544 -14.579 -13.345 -14.105 -14.491 -14.588 -14.579 -14.18 -14.501 -14.598 -14.603 -14.606 -14.435 -14.295 -14.536 -14.372 -14.076 -13.649 -14.395
0.463113 -10.609 -10.881 -11.888 -13.237 -13.947 -14.372 -13.048 -13.371 -13.955 -14.38 -14.57 -14.612 -13.339 -14.116 -14.513 -14.617 -14.613 -14.192 -14.524 -14.628 -14.636 -14.641 -14.457 -14.311 -14.562 -14.413 -14.12 -13.695 -14.417
0.47712 -10.577 -10.836 -11.862 -13.228 -13.953 -14.389 -13.05 -13.365 -13.961 -14.397 -14.595 -14.644 -13.331 -14.125 -14.535 -14.645 -14.646 -14.204 -14.546 -14.656 -14.668 -14.676 -14.479 -14.327 -14.587 -14.453 -14.164 -13.742 -14.439
0.49155 -10.546 -10.789 -11.835 -13.219 -13.958 -14.405 -13.051 -13.358 -13.966 -14.413 -14.62 -14.676 -13.323 -14.134 -14.556 -14.673 -14.679 -14.215 -14.568 -14.685 -14.701 -14.711 -14.5 -14.342 -14.611 -14.493 -14.207 -13.789 -14.46
0.506416 -10.515 -10.742 -11.807 -13.208 -13.962 -14.42 -13.052 -13.35 -13.97 -14.429 -14.645 -14.708 -13.314 -14.143 -14.577 -14.701 -14.712 -14.225 -14.589 -14.713 -14.733 -14.745 -14.521 -14.357 -14.635 -14.533 -14.251 -13.835 -14.481
0.521733 -10.483 -10.693 -11.778 -13.196 -13.965 -14.435 -13.052 -13.341 -13.974 -14.444 -14.669 -14.74 -13.304 -14.151 -14.598 -14.729 -14.744 -14.235 -14.609 -14.74 -14.764 -14.78 -14.542 -14.371 -14.659 -14.572 -14.294 -13.881 -14.501
0.537512 -10.452 -10.642 -11.748 -13.184 -13.968 -14.45 -13.052 -13.331 -13.977 -14.459 -14.693 -14.771 -13.293 -14.158 -14.618 -14.755 -14.777 -14.244 -14.63 -14.767 -14.796 -14.814 -14.562 -14.384 -14.682 -14.612 -14.338 -13.928 -14.521
0.553769 -10.421 -10.591 -11.717 -13.17 -13.969 -14.463 -13.051 -13.32 -13.979 -14.473 -14.717 -14.802 -13.281 -14.164 -14.637 -14.782 -14.808 -14.253 -14.649 -14.794 -14.827 -14.847 -14.582 -14.397 -14.705 -14.651 -14.381 -13.974 -14.54
0.570517 -10.389 -10.538 -11.685 -13.156 -13.971 -14.476 -13.049 -13.308 -13.981 -14.487 -14.74 -14.832 -13.269 -14.17 -14.656 -14.808 -14.84 -14.261 -14.668 -14.821 -14.857 -14.88 -14.601 -14.409 -14.728 -14.689 -14.423 -14.02 -14.559
0.587772 -10.358 -10.483 -11.652 -13.14 -13.971 -14.489 -13.047 -13.295 -13.981 -14.499 -14.762 -14.862 -13.255 -14.175 -14.674 -14.834 -14.871 -14.268 -14.687 -14.846 -14.887 -14.913 -14.62 -14.421 -14.749 -14.728 -14.466 -14.066 -14.578
0.605549 -10.327 -10.428 -11.618 -13.123 -13.97 -14.5 -13.045 -13.282 -13.981 -14.512 -14.784 -14.892 -13.24 -14.179 -14.692 -14.859 -14.901 -14.274 -14.705 -14.872 -14.917 -14.946 -14.638 -14.432 -14.771 -14.766 -14.508 -14.111 -14.596
0.623863 -10.296 -10.37 -11.583 -13.106 -13.969 -14.512 -13.042 -13.267 -13.98 -14.523 -14.805 -14.922 -13.224 -14.183 -14.709 -14.884 -14.932 -14.28 -14.722 -14.897 -14.947 -14.978 -14.655 -14.442 -14.792 -14.805 -14.551 -14.157 -14.613
0.642731 -10.266 -10.311 -11.547 -13.087 -13.967 -14.522 -13.038 -13.251 -13.978 -14.534 -14.826 -14.95 -13.208 -14.186 -14.726 -14.908 -14.962 -14.285 -14.739 -14.921 -14.976 -15.01 -14.673 -14.452 -14.812 -14.842 -14.593 -14.202 -14.631
0.66217 -10.236 -10.251 -11.51 -13.068 -13.964 -14.532 -13.034 -13.235 -13.976 -14.544 -14.847 -14.979 -13.19 -14.188 -14.742 -14.932 -14.991 -14.289 -14.756 -14.945 -15.005 -15.042 -14.689 -14.461 -14.832 -14.88 -14.635 -14.248 -14.647
0.682197 -10.207 -10.189 -11.472 -13.047 -13.96 -14.541 -13.029 -13.217 -13.972 -14.554 -14.867 -15.007 -13.171 -14.189 -14.757 -14.955 -15.02 -14.293 -14.771 -14.969 -15.033 -15.073 -14.705 -14.469 -14.851 -14.917 -14.676 -14.293 -14.663
0.70283 -10.178 -10.126 -11.433 -13.025 -13.955 -14.549 -13.023 -13.198 -13.968 -14.563 -14.886 -15.035 -13.151 -14.189 -14.772 -14.978 -15.049 -14.296 -14.786 -14.992 -15.061 -15.104 -14.721 -14.477 -14.87 -14.954 -14.718 -14.338 -14.679
0.724086 -10.149 -10.061 -11.393 -13.002 -13.949 -14.557 -13.017 -13.178 -13.963 -14.571 -14.905 -15.062 -13.13 -14.189 -14.786 -15.0 -15.077 -14.298 -14.801 -15.015 -15.088 -15.135 -14.736 -14.484 -14.888 -14.991 -14.759 -14.383 -14.694
0.745986 -10.122 -9.995 -11.352 -12.978 -13.943 -14.564 -13.011 -13.157 -13.957 -14.578 -14.923 -15.089 -13.107 -14.187 -14.8 -15.022 -15.105 -14.299 -14.815 -15.037 -15.115 -15.165 -14.75 -14.49 -14.906 -15.028 -14.8 -14.427 -14.709
0.768548 -10.095 -9.927 -11.309 -12.953 -13.935 -14.57 -13.003 -13.135 -13.95 -14.585 -14.941 -15.116 -13.084 -14.185 -14.813 -15.043 -15.133 -14.3 -14.828 -15.058 -15.142 -15.195 -14.764 -14.496 -14.923 -15.064 -14.841 -14.472 -14.723
0.791792 -10.069 -9.857 -11.266 -12.926 -13.926 -14.575 -12.995 -13.112 -13.942 -14.591 -14.958 -15.141 -13.06 -14.182 -14.825 -15.064 -15.16 -14.299 -14.841 -15.079 -15.168 -15.224 -14.777 -14.501 -14.939 -15.1 -14.882 -14.516 -14.737
0.815739 -10.044 -9.785 -11.221 -12.899 -13.917 -14.58 -12.987 -13.087 -13.933 -14.596 -14.974 -15.167 -13.034 -14.178 -14.836 -15.084 -15.186 -14.298 -14.853 -15.1 -15.193 -15.253 -14.79 -14.505 -14.955 -15.135 -14.922 -14.56 -14.75
0.840411 -10.02 -9.712 -11.175 -12.87 -13.907 -14.583 -12.977 -13.062 -13.923 -14.601 -14.99 -15.192 -13.007 -14.174 -14.847 -15.104 -15.212 -14.296 -14.864 -15.12 -15.218 -15.281 -14.802 -14.508 -14.97 -15.17 -14.962 -14.604 -14.762
0.865828 -9.997 -9.637 -11.128 -12.84 -13.895 -14.586 -12.967 -13.035 -13.912 -14.604 -15.006 -15.217 -12.979 -14.168 -14.857 -15.123 -15.238 -14.293 -14.874 -15.139 -15.243 -15.31 -14.813 -14.511 -14.985 -15.205 -15.002 -14.648 -14.774
0.892015 -9.975 -9.561 -11.08 -12.808 -13.883 -14.588 -12.956 -13.007 -13.901 -14.607 -15.02 -15.241 -12.949 -14.161 -14.867 -15.141 -15.263 -14.29 -14.884 -15.158 -15.267 -15.337 -14.824 -14.513 -14.999 -15.24 -15.042 -14.692 -14.786
0.918993 -9.955 -9.482 -11.031 -12.776 -13.869 -14.59 -12.945 -12.977 -13.888 -14.609 -15.034 -15.264 -12.918 -14.154 -14.875 -15.159 -15.288 -14.285 -14.893 -15.176 -15.291 -15.365 -14.834 -14.514 -15.012 -15.274 -15.081 -14.735 -14.797
0.946787 -9.935 -9.402 -10.98 -12.741 -13.854 -14.59 -12.933 -12.947 -13.874 -14.61 -15.048 -15.287 -12.886 -14.145 -14.883 -15.176 -15.312 -14.279 -14.902 -15.194 -15.314 -15.391 -14.844 -14.514 -15.025 -15.308 -15.12 -14.779 -14.807
0.975422 -9.917 -9.32 -10.928 -12.706 -13.839 -14.589 -12.92 -12.915 -13.859 -14.61 -15.061 -15.31 -12.853 -14.136 -14.891 -15.193 -15.335 -14.273 -14.909 -15.211 -15.337 -15.418 -14.853 -14.513 -15.037 -15.342 -15.159 -14.822 -14.817
1.004923 -9.9 -9.236 -10.876 -12.669 -13.822 -14.588 -12.906 -12.882 -13.843 -14.61 -15.073 -15.332 -12.818 -14.125 -14.897 -15.209 -15.359 -14.266 -14.916 -15.227 -15.359 -15.444 -14.861 -14.511 -15.048 -15.375 -15.198 -14.865 -14.826
1.035317 -9.885 -9.15 -10.821 -12.631 -13.804 -14.586 -12.891 -12.847 -13.825 -14.608 -15.084 -15.353 -12.782 -14.114 -14.902 -15.224 -15.381 -14.257 -14.922 -15.243 -15.38 -15.469 -14.868 -14.509 -15.059 -15.408 -15.236 -14.907 -14.835
1.066629 -9.871 -9.063 -10.766 -12.591 -13.785 -14.582 -12.876 -12.811 -13.807 -14.606 -15.095 -15.374 -12.744 -14.101 -14.907 -15.239 -15.403 -14.248 -14.928 -15.258 -15.401 -15.494 -14.875 -14.506 -15.068 -15.44 -15.274 -14.95 -14.843
1.098888 -9.858 -8.973 -10.709 -12.55 -13.764 -14.578 -12.86 -12.774 -13.788 -14.602 -15.105 -15.394 -12.705 -14.087 -14.911 -15.253 -15.425 -14.238 -14.932 -15.272 -15.422 -15.518 -14.881 -14.501 -15.077 -15.472 -15.312 -14.992 -14.85
1.132124 -9.847 -8.881 -10.652 -12.507 -13.743 -14.573 -12.843 -12.735 -13.767 -14.598 -15.114 -15.414 -12.664 -14.072 -14.914 -15.266 -15.445 -14.227 -14.936 -15.286 -15.441 -15.542 -14.886 -14.496 -15.086 -15.504 -15.35 -15.034 -14.856
1.166364 -9.837 -8.788 -10.592 -12.463 -13.72 -14.567 -12.825 -12.694 -13.745 -14.592 -15.122 -15.433 -12.622 -14.056 -14.916 -15.279 -15.466 -14.215 -14.939 -15.299 -15.461 -15.566 -14.891 -14.49 -15.093 -15.535 -15.387 -15.076 -14.863
1.20164 -9.828 -8.692 -10.532 -12.418 -13.696 -14.559 -12.807 -12.652 -13.722 -14.586 -15.13 -15.452 -12.579 -14.039 -14.918 -15.291 -15.485 -14.201 -14.941 -15.311 -15.479 -15.588 -14.894 -14.483 -15.1 -15.566 -15.424 -15.118 -14.868
1.237983 -9.821 -8.595 -10.47 -12.37 -13.671 -14.551 -12.787 -12.609 -13.698 -14.579 -15.137 -15.47 -12.533 -14.021 -14.918 -15.302 -15.504 -14.187 -14.942 -15.322 -15.497 -15.611 -14.897 -14.475 -15.106 -15.597 -15.46 -15.159 -14.873
1.275425 -9.816 -8.496 -10.407 -12.321 -13.644 -14.542 -12.767 -12.564 -13.672 -14.57 -15.143 -15.487 -12.487 -14.002 -14.917 -15.312 -15.523 -14.172 -14.942 -15.333 -15.514 -15.633 -14.899 -14.466 -15.111 -15.627 -15.497 -15.2 -14.877
1.313999 -9.811 -8.394 -10.343 -12.271 -13.616 -14.531 -12.746 -12.517 -13.645 -14.561 -15.148 -15.504 -12.438 -13.981 -14.916 -15.321 -15.541 -14.155 -14.941 -15.343 -15.531 -15.654 -14.901 -14.455 -15.116 -15.656 -15.533 -15.241 -14.88
1.35374 -9.808 -8.291 -10.277 -12.218 -13.587 -14.52 -12.724 -12.469 -13.617 -14.55 -15.152 -15.519 -12.388 -13.959 -14.913 -15.33 -15.558 -14.138 -14.939 -15.352 -15.547 -15.674 -14.901 -14.444 -15.119 -15.685 -15.568 -15.282 -14.883
1.394683 -9.807 -8.185 -10.21 -12.164 -13.556 -14.507 -12.7 -12.419 -13.587 -14.538 -15.156 -15.535 -12.336 -13.936 -14.91 -15.338 -15.574 -14.119 -14.936 -15.361 -15.562 -15.694 -14.901 -14.432 -15.122 -15.714 -15.603 -15.323 -14.885
1.436864 -9.806 -8.078 -10.142 -12.108 -13.524 -14.493 -12.676 -12.367 -13.556 -14.525 -15.158 -15.549 -12.282 -13.911 -14.905 -15.345 -15.59 -14.099 -14.933 -15.368 -15.577 -15.714 -14.899 -14.419 -15.124 -15.742 -15.638 -15.363 -14.886
1.480321 -9.807 -7.969 -10.072 -12.051 -13.491 -14.478 -12.651 -12.314 -13.523 -14.511 -15.16 -15.563 -12.227 -13.885 -14.9 -15.351 -15.605 -14.078 -14.928 -15.375 -15.591 -15.732 -14.897 -14.404 -15.125 -15.77 -15.673 -15.403 -14.886
1.525092 -9.809 -7.857 -10.001 -11.991 -13.455 -14.461 -12.625 -12.258 -13.489 -14.496 -15.161 -15.576 -12.169 -13.858 -14.893 -15.357 -15.619 -14.056 -14.922 -15.381 -15.604 -15.75 -14.894 -14.388 -15.124 -15.797 -15.707 -15.443 -14.886
1.571218 -9.811 -7.744 -9.928 -11.929 -13.419 -14.444 -12.598 -12.201 -13.454 -14.479 -15.161 -15.589 -12.11 -13.829 -14.885 -15.361 -15.633 -14.033 -14.916 -15.386 -15.616 -15.768 -14.89 -14.372 -15.123 -15.824 -15.741 -15.482 -14.885
1.618738 -9.815 -7.629 -9.854 -11.866 -13.38 -14.425 -12.57 -12.142 -13.417 -14.462 -15.16 -15.6 -12.049 -13.799 -14.876 -15.365 -15.646 -14.008 -14.908 -15.39 -15.628 -15.784 -14.885 -14.353 -15.121 -15.85 -15.774 -15.521 -14.883
1.667696 -9.82 -7.513 -9.779 -11.801 -13.341 -14.405 -12.541 -12.081 -13.378 -14.443 -15.158 -15.611 -11.986 -13.768 -14.866 -15.367 -15.658 -13.982 -14.899 -15.393 -15.638 -15.801 -14.879 -14.334 -15.118 -15.876 -15.807 -15.56 -14.881
1.718134 -9.826 -7.395 -9.702 -11.733 -13.299 -14.383 -12.51 -12.019 -13.338 -14.422 -15.155 -15.621 -11.921 -13.735 -14.855 -15.369 -15.669 -13.955 -14.889 -15.395 -15.648 -15.816 -14.872 -14.314 -15.114 -15.901 -15.84 -15.598 -14.878
1.770098 -9.832 -7.275 -9.624 -11.664 -13.256 -14.36 -12.479 -11.954 -13.296 -14.401 -15.151 -15.63 -11.853 -13.7 -14.843 -15.369 -15.68 -13.927 -14.877 -15.397 -15.657 -15.83 -14.864 -14.292 -15.109 -15.925 -15.872 -15.637 -14.874
1.823633 -9.839 -7.155 -9.544 -11.592 -13.211 -14.336 -12.446 -11.887 -13.253 -14.378 -15.145 -15.638 -11.784 -13.664 -14.829 -15.369 -15.689 -13.897 -14.865 -15.397 -15.666 -15.844 -14.855 -14.269 -15.103 -15.949 -15.904 -15.675 -14.869
1.878788 -9.847 -7.033 -9.463 -11.518 -13.164 -14.31 -12.413 -11.818 -13.208 -14.353 -15.139 -15.646 -11.712 -13.626 -14.814 -15.368 -15.698 -13.866 -14.851 -15.396 -15.673 -15.857 -14.845 -14.244 -15.095 -15.973 -15.935 -15.712 -14.863
1.93561 -9.858 -6.998 -9.442 -11.5 -13.156 -14.308 -12.408 -11.801 -13.199 -14.352 -15.145 -15.656 -11.695 -13.621 -14.817 -15.375 -15.709 -13.863 -14.854 -15.404 -15.683 -15.87 -14.849 -14.243 -15.101 -15.989 -15.954 -15.734 -14.869
1.994152 -9.87 -7.01 -9.455 -11.512 -13.168 -14.321 -12.421 -11.813 -13.212 -14.364 -15.157 -15.669 -11.707 -13.633 -14.829 -15.387 -15.721 -13.875 -14.867 -15.416 -15.696 -15.882 -14.862 -14.256 -15.113 -16.001 -15.967 -15.746 -14.881
2.054463 -9.882 -7.022 -9.467 -11.524 -13.18 -14.333 -12.433 -11.825 -13.224 -14.377 -15.169 -15.681 -11.719 -13.645 -14.841 -15.399 -15.733 -13.887 -14.879 -15.428 -15.708 -15.894 -14.874 -14.268 -15.125 -16.013 -15.979 -15.758 -14.893
2.116599 -9.894 -7.034 -9.479 -11.536 -13.192 -14.345 -12.445 -11.837 -13.236 -14.388 -15.181 -15.693 -11.731 -13.657 -14.853 -15.411 -15.745 -13.899 -14.891 -15.44 -15.72 -15.906 -14.886 -14.28 -15.137 -16.025 -15.991 -15.77 -14.905
2.180614 -9.906 -7.046 -9.49 -11.547 -13.203 -14.356 -12.456 -11.849 -13.247 -14.4 -15.193 -15.704 -11.742 -13.669 -14.865 -15.423 -15.757 -13.911 -14.902 -15.451 -15.731 -15.918 -14.897 -14.291 -15.148 -16.037 -16.002 -15.781 -14.917
2.246566 -9.917 -7.057 -9.501 -11.559 -13.215 -14.367 -12.468 -11.86 -13.258 -14.411 -15.204 -15.716 -11.754 -13.68 -14.876 -15.434 -15.768 -13.922 -14.913 -15.463 -15.743 -15.929 -14.909 -14.302 -15.16 -16.048 -16.013 -15.793 -14.928
2.314511 -9.928 -7.068 -9.512 -11.57 -13.226 -14.378 -12.479 -11.871 -13.269 -14.422 -15.215 -15.727 -11.765 -13.691 -14.887 -15.445 -15.779 -13.933 -14.924 -15.474 -15.754 -15.94 -14.92 -14.313 -15.171 -16.059 -16.024 -15.804 -14.939
2.384512 -9.939 -7.079 -9.523 -11.58 -13.236 -14.389 -12.489 -11.882 -13.28 -14.433 -15.226 -15.737 -11.775 -13.702 -14.898 -15.456 -15.79 -13.944 -14.935 -15.484 -15.764 -15.951 -14.93 -14.324 -15.182 -16.07 -16.035 -15.815 -14.95
2.45663 -9.949 -7.089 -9.534 -11.591 -13.247 -14.4 -12.5 -11.892 -13.291 -14.443 -15.236 -15.748 -11.786 -13.712 -14.908 -15.466 -15.8 -13.954 -14.946 -15.495 -15.775 -15.961 -14.941 -14.335 -15.192 -16.08 -16.046 -15.825 -14.96
2.530929 -9.959 -7.099 -9.544 -11.601 -13.257 -14.41 -12.51 -11.902 -13.301 -14.454 -15.246 -15.758 -11.796 -13.722 -14.918 -15.476 -15.81 -13.964 -14.956 -15.505 -15.785 -15.971 -14.951 -14.345 -15.202 -16.09 -16.056 -15.835 -14.97
2.607475 -9.969 -7.109 -9.553 -11.611 -13.267 -14.419 -12.52 -11.912 -13.31 -14.463 -15.256 -15.768 -11.806 -13.732 -14.928 -15.486 -15.82 -13.974 -14.965 -15.515 -15.795 -15.981 -14.961 -14.355 -15.212 -16.1 -16.066 -15.845 -14.98
2.686337 -9.978 -7.118 -9.563 -11.62 -13.276 -14.429 -12.529 -11.921 -13.32 -14.473 -15.265 -15.777 -11.815 -13.741 -14.937 -15.496 -15.83 -13.983 -14.975 -15.524 -15.804 -15.99 -14.97 -14.364 -15.221 -16.11 -16.075 -15.854 -14.989
2.767583 -9.987 -7.127 -9.572 -11.629 -13.285 -14.438 -12.538 -11.931 -13.329 -14.482 -15.275 -15.786 -11.824 -13.75 -14.947 -15.505 -15.839 -13.992 -14.984 -15.533 -15.813 -16.0 -14.979 -14.373 -15.23 -16.119 -16.084 -15.863 -14.998
2.851287 -9.996 -7.136 -9.581 -11.638 -13.294 -14.447 -12.547 -11.939 -13.338 -14.491 -15.283 -15.795 -11.833 -13.759 -14.955 -15.513 -15.848 -14.001 -14.993 -15.542 -15.822 -16.008 -14.988 -14.382 -15.239 -16.127 -16.093 -15.872 -15.007
2.937522 -10.005 -7.145 -9.589 -11.646 -13.302 -14.455 -12.555 -11.948 -13.346 -14.499 -15.292 -15.803 -11.841 -13.768 -14.964 -15.522 -15.856 -14.01 -15.001 -15.55 -15.83 -16.017 -14.996 -14.39 -15.248 -16.136 -16.101 -15.88 -15.016
3.026365 -10.013 -7.153 -9.597 -11.654 -13.31 -14.463 -12.563 -11.956 -13.354 -14.507 -15.3 -15.811 -11.849 -13.776 -14.972 -15.53 -15.864 -14.018 -15.009 -15.558 -15.838 -16.025 -15.004 -14.398 -15.255 -16.144 -16.109 -15.888 -15.024
3.117896 -10.02 -7.16 -9.605 -11.662 -13.318 -14.471 -12.571 -11.963 -13.362 -14.515 -15.307 -15.819 -11.857 -13.783 -14.979 -15.537 -15.871 -14.025 -15.017 -15.566 -15.846 -16.032 -15.012 -14.406 -15.263 -16.151 -16.117 -15.896 -15.031
3.212194 -10.027 -7.167 -9.612 -11.669 -13.325 -14.478 -12.578 -11.97 -13.369 -14.522 -15.314 -15.826 -11.864 -13.79 -14.986 -15.544 -15.879 -14.032 -15.024 -15.573 -15.853 -16.039 -15.019 -14.413 -15.27 -16.158 -16.124 -15.903 -15.038
3.309345 -10.034 -7.174 -9.619 -11.676 -13.332 -14.485 -12.585 -11.977 -13.376 -14.528 -15.321 -15.833 -11.871 -13.797 -14.993 -15.551 -15.885 -14.039 -15.031 -15.58 -15.86 -16.046 -15.026 -14.42 -15.277 -16.165 -16.131 -15.91 -15.045
3.409434 -10.04 -7.18 -9.625 -11.682 -13.338 -14.491 -12.591 -11.983 -13.382 -14.535 -15.327 -15.839 -11.877 -13.803 -14.999 -15.557 -15.892 -14.045 -15.037 -15.586 -15.866 -16.052 -15.032 -14.426 -15.283 -16.171 -16.137 -15.916 -15.051
3.51255 -10.046 -7.186 -9.631 -11.688 -13.344 -14.497 -12.597 -11.989 -13.388 -14.54 -15.333 -15.845 -11.883 -13.809 -15.005 -15.563 -15.897 -14.051 -15.043 -15.592 -15.872 -16.058 -15.038 -14.432 -15.289 -16.177 -16.143 -15.922 -15.057
3.618785 -10.051 -7.191 -9.636 -11.693 -13.349 -14.502 -12.602 -11.994 -13.393 -14.546 -15.338 -15.85 -11.888 -13.814 -15.01 -15.569 -15.903 -14.056 -15.048 -15.597 -15.877 -16.064 -15.043 -14.437 -15.294 -16.183 -16.148 -15.927 -15.062
3.728232 -10.056 -7.196 -9.641 -11.698 -13.354 -14.507 -12.607 -11.999 -13.398 -14.551 -15.343 -15.855 -11.893 -13.819 -15.015 -15.573 -15.907 -14.061 -15.053 -15.602 -15.882 -16.068 -15.048 -14.442 -15.299 -16.187 -16.153 -15.932 -15.067
3.84099 -10.06 -7.2 -9.645 -11.702 -13.358 -14.511 -12.611 -12.003 -13.402 -14.555 -15.347 -15.859 -11.897 -13.823 -15.019 -15.578 -15.912 -14.065 -15.057 -15.606 -15.886 -16.073 -15.052 -14.446 -15.303 -16.192 -16.157 -15.936 -15.071
3.957158 -10.064 -7.204 -9.649 -11.706 -13.362 -14.515 -12.615 -12.007 -13.406 -14.558 -15.351 -15.863 -11.901 -13.827 -15.023 -15.581 -15.915 -14.069 -15.061 -15.61 -15.89 -16.076 -15.056 -14.45 -15.307 -16.195 -16.161 -15.94 -15.075
4.07684 -10.067 -7.207 -9.652 -11.709 -13.365 -14.518 -12.618 -12.01 -13.409 -14.561 -15.354 -15.866 -11.904 -13.83 -15.026 -15.584 -15.918 -14.072 -15.064 -15.613 -15.893 -16.079 -15.059 -14.453 -15.31 -16.198 -16.164 -15.943 -15.078
4.200141 -10.069 -7.21 -9.654 -11.711 -13.367 -14.52 -12.62 -12.013 -13.411 -14.564 -15.357 -15.868 -11.906 -13.832 -15.029 -15.587 -15.921 -14.075 -15.066 -15.615 -15.895 -16.082 -15.061 -14.455 -15.312 -16.201 -16.166 -15.945 -15.081
4.327172 -10.071 -7.211 -9.656 -11.713 -13.369 -14.522 -12.622 -12.014 -13.413 -14.566 -15.358 -15.87 -11.908 -13.834 -15.03 -15.588 -15.923 -14.076 -15.068 -15.617 -15.897 -16.083 -15.063 -14.457 -15.314 -16.202 -16.168 -15.947 -15.082
4.458044 -10.072 -7.212 -9.657 -11.714 -13.37 -14.523 -12.623 -12.015 -13.414 -14.567 -15.359 -15.871 -11.909 -13.835 -15.031 -15.59 -15.924 -14.077 -15.069 -15.618 -15.898 -16.084 -15.064 -14.458 -15.315 -16.203 -16.169 -15.948 -15.083
4.592874 -10.073 -7.213 -9.657 -11.714 -13.37 -14.523 -12.623 -12.016 -13.414 -14.567 -15.36 -15.871 -11.91 -13.836 -15.032 -15.59 -15.924 -14.078 -15.069 -15.619 -15.898 -16.085 -15.064 -14.458 -15.316 -16.204 -16.169 -15.949 -15.084
4.731783 -10.072 -7.212 -9.657 -11.714 -13.37 -14.523 -12.623 -12.015 -13.414 -14.567 -15.359 -15.871 -11.909 -13.835 -15.031 -15.589 -15.923 -14.077 -15.069 -15.618 -15.898 -16.084 -15.064 -14.458 -15.315 -16.203 -16.169 -15.948 -15.083
4.874892 -10.071 -7.211 -9.655 -11.713 -13.369 -14.521 -12.622 -12.014 -13.412 -14.565 -15.358 -15.87 -11.908 -13.834 -15.03 -15.588 -15.922 -14.076 -15.067 -15.617 -15.897 -16.083 -15.063 -14.457 -15.314 -16.202 -16.168 -15.947 -15.082
5.02233 -10.069 -7.209 -9.653 -11.711 -13.367 -14.519 -12.62 -12.012 -13.41 -14.563 -15.356 -15.867 -11.906 -13.832 -15.028 -15.586 -15.92 -14.074 -15.065 -15.615 -15.895 -16.081 -15.061 -14.454 -15.312 -16.2 -16.165 -15.945 -15.08
5.174227 -10.066 -7.206 -9.65 -11.708 -13.364 -14.516 -12.616 -12.009 -13.407 -14.56 -15.353 -15.864 -11.903 -13.829 -15.025 -15.583 -15.917 -14.071 -15.062 -15.612 -15.891 -16.078 -15.057 -14.451 -15.309 -16.197 -16.162 -15.942 -15.077
5.330718 -10.062 -7.202 -9.646 -11.704 -13.36 -14.512 -12.612 -12.005 -13.403 -14.556 -15.349 -15.86 -11.899 -13.825 -15.021 -15.579 -15.913 -14.067 -15.058 -15.608 -15.887 -16.074 -15.053 -14.447 -15.305 -16.193 -16.158 -15.938 -15.073
5.491942 -10.057 -7.197 -9.641 -11.698 -13.355 -14.507 -12.607 -12.0 -13.398 -14.551 -15.344 -15.855 -11.894 -13.82 -15.016 -15.574 -15.908 -14.062 -15.053 -15.603 -15.882 -16.069 -15.048 -14.442 -15.3 -16.188 -16.153 -15.933 -15.068
5.658042 -10.051 -7.191 -9.635 -11.692 -13.348 -14.501 -12.601 -11.994 -13.392 -14.545 -15.338 -15.849 -11.887 -13.814 -15.01 -15.568 -15.902 -14.056 -15.047 -15.596 -15.876 -16.063 -15.042 -14.436 -15.294 -16.182 -16.147 -15.927 -15.062
5.829166 -10.043 -7.183 -9.628 -11.685 -13.341 -14.494 -12.594 -11.986 -13.385 -14.538 -15.33 -15.842 -11.88 -13.806 -15.002 -15.561 -15.895 -14.048 -15.04 -15.589 -15.869 -16.056 -15.035 -14.429 -15.286 -16.175 -16.14 -15.919 -15.054
6.005465 -10.035 -7.175 -9.619 -11.677 -13.333 -14.486 -12.586 -11.978 -13.377 -14.529 -15.322 -15.834 -11.872 -13.798 -14.994 -15.552 -15.886 -14.04 -15.031 -15.581 -15.861 -16.047 -15.027 -14.421 -15.278 -16.166 -16.132 -15.911 -15.046
6.187096 -10.025 -7.165 -9.61 -11.667 -13.323 -14.476 -12.576 -11.968 -13.367 -14.52 -15.312 -15.824 -11.862 -13.788 -14.984 -15.542 -15.877 -14.03 -15.022 -15.571 -15.851 -16.037 -15.017 -14.411 -15.268 -16.156 -16.122 -15.901 -15.036
6.37422 -10.014 -7.154 -9.599 -11.656 -13.312 -14.465 -12.565 -11.957 -13.356 -14.509 -15.301 -15.813 -11.851 -13.777 -14.973 -15.531 -15.866 -14.019 -15.011 -15.56 -15.84 -16.026 -15.006 -14.4 -15.257 -16.145 -16.111 -15.89 -15.025
6.567004 -10.002 -7.142 -9.586 -11.644 -13.3 -14.452 -12.553 -11.945 -13.343 -14.496 -15.289 -15.801 -11.839 -13.765 -14.961 -15.519 -15.853 -14.007 -14.998 -15.548 -15.828 -16.014 -14.994 -14.387 -15.245 -16.133 -16.098 -15.878 -15.013
6.765619 -9.988 -7.128 -9.572 -11.63 -13.286 -14.439 -12.539 -11.931 -13.33 -14.482 -15.275 -15.787 -11.825 -13.751 -14.947 -15.505 -15.839 -13.993 -14.984 -15.534 -15.814 -16.0 -14.98 -14.374 -15.231 -16.119 -16.085 -15.864 -14.999
6.97024 -9.972 -7.113 -9.557 -11.614 -13.27 -14.423 -12.523 -11.916 -13.314 -14.467 -15.26 -15.771 -11.809 -13.735 -14.932 -15.49 -15.824 -13.978 -14.969 -15.518 -15.798 -15.985 -14.964 -14.358 -15.215 -16.104 -16.069 -15.848 -14.984
7.181051 -9.955 -7.095 -9.54 -11.597 -13.253 -14.406 -12.506 -11.898 -13.297 -14.45 -15.242 -15.754 -11.792 -13.718 -14.914 -15.473 -15.807 -13.96 -14.952 -15.501 -15.781 -15.968 -14.947 -14.341 -15.198 -16.087 -16.052 -15.831 -14.966
7.398237 -9.936 -7.077 -9.521 -11.578 -13.234 -14.387 -12.487 -11.88 -13.278 -14.431 -15.224 -15.735 -11.773 -13.699 -14.896 -15.454 -15.788 -13.942 -14.933 -15.482 -15.762 -15.949 -14.928 -14.322 -15.179 -16.068 -16.033 -15.812 -14.948
7.621991 -9.916 -7.056 -9.5 -11.558 -13.214 -14.366 -12.467 -11.859 -13.257 -14.41 -15.203 -15.714 -11.753 -13.679 -14.875 -15.433 -15.767 -13.921 -14.912 -15.462 -15.742 -15.928 -14.908 -14.301 -15.159 -16.047 -16.012 -15.792 -14.927
7.852513 -9.893 -7.033 -9.478 -11.535 -13.191 -14.344 -12.444 -11.836 -13.235 -14.387 -15.18 -15.692 -11.73 -13.656 -14.852 -15.41 -15.744 -13.898 -14.89 -15.439 -15.719 -15.905 -14.885 -14.279 -15.136 -16.024 -15.99 -15.769 -14.904
8.090007 -9.868 -7.008 -9.453 -11.51 -13.166 -14.319 -12.419 -11.811 -13.21 -14.363 -15.155 -15.667 -11.705 -13.631 -14.827 -15.385 -15.72 -13.873 -14.865 -15.414 -15.694 -15.88 -14.86 -14.254 -15.111 -15.999 -15.965 -15.744 -14.879
8.334684 -9.841 -6.981 -9.426 -11.483 -13.139 -14.292 -12.392 -11.784 -13.183 -14.336 -15.128 -15.64 -11.678 -13.604 -14.8 -15.359 -15.693 -13.846 -14.838 -15.387 -15.667 -15.853 -14.833 -14.227 -15.084 -15.972 -15.938 -15.717 -14.852
8.586761 -9.812 -6.952 -9.397 -11.454 -13.11 -14.263 -12.363 -11.755 -13.154 -14.306 -15.099 -15.611 -11.649 -13.575 -14.771 -15.329 -15.663 -13.817 -14.809 -15.358 -15.638 -15.824 -14.804 -14.198 -15.055 -15.943 -15.909 -15.688 -14.823
8.846461 -9.78 -6.92 -9.365 -11.422 -13.078 -14.231 -12.331 -11.723 -13.122 -14.275 -15.067 -15.579 -11.617 -13.543 -14.739 -15.297 -15.632 -13.785 -14.777 -15.326 -15.606 -15.792 -14.772 -14.166 -15.023 -15.911 -15.877 -15.656 -14.791
9.114017 -9.746 -6.886 -9.33 -11.388 -13.044 -14.197 -12.297 -11.689 -13.088 -14.24 -15.033 -15.545 -11.583 -13.509 -14.705 -15.263 -15.597 -13.751 -14.742 -15.292 -15.572 -15.758 -14.738 -14.132 -14.989 -15.877 -15.843 -15.622 -14.757
9.389664 -9.709 -6.849 -9.293 -11.351 -13.007 -14.159 -12.26 -11.652 -13.05 -14.203 -14.996 -15.508 -11.546 -13.472 -14.668 -15.226 -15.56 -13.714 -14.705 -15.255 -15.535 -15.721 -14.701 -14.095 -14.952 -15.84 -15.806 -15.585 -14.72
9.673648 -9.669 -6.809 -9.253 -11.311 -12.967 -14.12 -12.22 -11.612 -13.011 -14.163 -14.956 -15.468 -11.506 -13.432 -14.628 -15.186 -15.52 -13.674 -14.665 -15.215 -15.495 -15.681 -14.661 -14.055 -14.912 -15.8 -15.766 -15.545 -14.68
9.966221 -9.626 -6.766 -9.21 -11.268 -12.924 -14.077 -12.177 -11.569 -12.968 -14.12 -14.913 -15.425 -11.463 -13.389 -14.585 -15.143 -15.477 -13.631 -14.622 -15.172 -15.452 -15.638 -14.618 -14.012 -14.869 -15.757 -15.723 -15.502 -14.637
10.267642 -9.58 -6.72 -9.164 -11.221 -12.878 -14.03 -12.13 -11.523 -12.921 -14.074 -14.867 -15.378 -11.417 -13.343 -14.539 -15.097 -15.431 -13.585 -14.576 -15.126 -15.405 -15.592 -14.571 -13.965 -14.823 -15.711 -15.676 -15.456 -14.591
10.57818 -9.53 -6.67 -9.115 -11.172 -12.828 -13.981 -12.081 -11.473 -12.872 -14.024 -14.817 -15.329 -11.367 -13.293 -14.489 -15.047 -15.381 -13.535 -14.527 -15.076 -15.356 -15.542 -14.522 -13.916 -14.773 -15.661 -15.627 -15.406 -14.541
10.89811 -9.477 -6.617 -9.061 -11.119 -12.775 -13.927 -12.027 -11.42 -12.818 -13.971 -14.764 -15.275 -11.314 -13.24 -14.436 -14.994 -15.328 -13.482 -14.473 -15.023 -15.302 -15.489 -14.469 -13.862 -14.72 -15.608 -15.573 -15.353 -14.488
11.227716 -9.42 -6.56 -9.004 -11.061 -12.717 -13.87 -11.97 -11.363 -12.761 -13.914 -14.707 -15.218 -11.256 -13.183 -14.379 -14.937 -15.271 -13.425 -14.416 -14.965 -15.245 -15.432 -14.411 -13.805 -14.663 -15.551 -15.516 -15.296 -14.431
11.56729 -9.358 -6.498 -8.943 -11.0 -12.656 -13.809 -11.909 -11.302 -12.7 -13.853 -14.646 -15.157 -11.195 -13.121 -14.318 -14.876 -15.21 -13.364 -14.355 -14.904 -15.184 -15.371 -14.35 -13.744 -14.601 -15.49 -15.455 -15.234 -14.369
11.917135 -9.293 -6.433 -8.878 -10.935 -12.591 -13.744 -11.844 -11.236 -12.635 -13.787 -14.58 -15.092 -11.13 -13.056 -14.252 -14.81 -15.144 -13.298 -14.29 -14.839 -15.119 -15.305 -14.285 -13.679 -14.536 -15.424 -15.39 -15.169 -14.304
12.277561 -9.223 -6.363 -8.808 -10.865 -12.521 -13.674 -11.774 -11.166 -12.565 -13.718 -14.51 -15.022 -11.06 -12.986 -14.182 -14.74 -15.074 -13.228 -14.22 -14.769 -15.049 -15.235 -14.215 -13.609 -14.466 -15.354 -15.32 -15.099 -14.234
12.648887 -9.148 -6.288 -8.733 -10.79 -12.446 -13.599 -11.699 -11.092 -12.49 -13.643 -14.436 -14.947 -10.985 -12.911 -14.108 -14.666 -15.0 -13.154 -14.145 -14.694 -14.974 -15.161 -14.14 -13.534 -14.391 -15.28 -15.245 -15.024 -14.159
13.031444 -9.069 -6.209 -8.653 -10.711 -12.367 -13.519 -11.619 -11.012 -12.41 -13.563 -14.356 -14.867 -10.906 -12.832 -14.028 -14.586 -14.92 -13.074 -14.065 -14.615 -14.894 -15.081 -14.061 -13.454 -14.312 -15.2 -15.165 -14.945 -14.08
13.425571 -8.984 -6.124 -8.568 -10.625 -12.281 -13.434 -11.534 -10.927 -12.325 -13.478 -14.271 -14.782 -10.821 -12.747 -13.943 -14.501 -14.835 -12.989 -13.98 -14.53 -14.809 -14.996 -13.975 -13.369 -14.227 -15.115 -15.08 -14.86 -13.995
13.831619 -8.893 -6.033 -8.477 -10.535 -12.191 -13.344 -11.444 -10.836 -12.235 -13.387 -14.18 -14.692 -10.73 -12.656 -13.852 -14.41 -14.744 -12.898 -13.889 -14.439 -14.719 -14.905 -13.885 -13.279 -14.136 -15.024 -14.99 -14.769 -13.904
14.249947 -8.796 -5.936 -8.381 -10.438 -12.094 -13.247 -11.347 -10.739 -12.138 -13.291 -14.083 -14.595 -10.633 -12.559 -13.755 -14.313 -14.648 -12.801 -13.793 -14.342 -14.622 -14.808 -13.788 -13.182 -14.039 -14.927 -14.893 -14.672 -13.807
14.680926 -8.693 -5.833 -8.278 -10.335 -11.991 -13.144 -11.244 -10.636 -12.035 -13.188 -13.98 -14.492 -10.53 -12.456 -13.652 -14.211 -14.545 -12.698 -13.69 -14.239 -14.519 -14.705 -13.685 -13.079 -13.936 -14.824 -14.79 -14.569 -13.704
15.124941 -8.584 -5.724 -8.168 -10.225 -11.882 -13.034 -11.134 -10.527 -11.925 -13.078 -13.871 -14.382 -10.421 -12.347 -13.543 -14.101 -14.435 -12.589 -13.58 -14.13 -14.409 -14.596 -13.575 -12.969 -13.827 -14.715 -14.68 -14.46 -13.595
15.582385 -8.467 -5.607 -8.051 -10.109 -11.765 -12.918 -11.018 -10.41 -11.809 -12.961 -13.754 -14.266 -10.304 -12.23 -13.426 -13.984 -14.318 -12.472 -13.463 -14.013 -14.293 -14.479 -13.459 -12.853 -13.71 -14.598 -14.564 -14.343 -13.478
16.053663 -8.343 -5.483 -7.927 -9.985 -11.641 -12.793 -10.894 -10.286 -11.684 -12.837 -13.63 -14.141 -10.18 -12.106 -13.302 -13.86 -14.194 -12.348 -13.339 -13.889 -14.169 -14.355 -13.335 -12.728 -13.586 -14.474 -14.439 -14.219 -13.354
16.539195 -8.211 -5.351 -7.795 -9.853 -11.509 -12.661 -10.761 -10.154 -11.552 -12.705 -13.498 -14.009 -10.048 -11.974 -13.17 -13.728 -14.062 -12.216 -13.207 -13.757 -14.036 -14.223 -13.203 -12.596 -13.454 -14.342 -14.307 -14.087 -13.222
17.039412 -8.07 -5.21 -7.655 -9.712 -11.368 -12.521 -10.621 -10.013 -11.412 -12.565 -13.357 -13.869 -9.907 -11.833 -13.029 -13.587 -13.922 -12.075 -13.067 -13.616 -13.896 -14.082 -13.062 -12.456 -13.313 -14.201 -14.167 -13.946 -13.081
17.554757 -7.921 -5.061 -7.505 -9.563 -11.219 -12.372 -10.472 -9.864 -11.263 -12.415 -13.208 -13.72 -9.758 -11.684 -12.88 -13.438 -13.772 -11.926 -12.917 -13.467 -13.747 -13.933 -12.913 -12.307 -13.164 -14.052 -14.018 -13.797 -12.932
18.085689 -7.762 -4.902 -7.347 -9.404 -11.06 -12.213 -10.313 -9.705 -11.104 -12.257 -13.049 -13.561 -9.599 -11.525 -12.721 -13.279 -13.614 -11.767 -12.759 -13.308 -13.588 -13.774 -12.754 -12.148 -13.005 -13.893 -13.859 -13.638 -12.773
18.632678 -7.594 -4.734 -7.178 -9.235 -10.892 -12.044 -10.144 -9.537 -10.935 -12.088 -12.881 -13.392 -9.431 -11.357 -12.553 -13.111 -13.445 -11.599 -12.59 -13.14 -13.419 -13.606 -12.585 -11.979 -12.837 -13.725 -13.69 -13.47 -12.605
19.196211 -7.415 -4.555 -6.999 -9.056 -10.712 -11.865 -9.965 -9.358 -10.756 -11.909 -12.702 -13.213 -9.251 -11.178 -12.374 -12.932 -13.266 -11.42 -12.411 -12.96 -13.24 -13.427 -12.406 -11.8 -12.657 -13.546 -13.511 -13.29 -12.426
19.776787 -7.224 -4.364 -6.809 -8.866 -10.522 -11.675 -9.775 -9.167 -10.566 -11.719 -12.511 -13.023 -9.061 -10.987 -12.183 -12.741 -13.076 -11.229 -12.221 -12.77 -13.05 -13.236 -12.216 -11.61 -12.467 -13.355 -13.321 -13.1 -12.235
20.374923 -7.022 -4.162 -6.607 -8.664 -10.32 -11.473 -9.573 -8.965 -10.364 -11.517 -12.309 -12.821 -8.859 -10.785 -11.981 -12.539 -12.873 -11.027 -12.019 -12.568 -12.848 -13.034 -12.014 -11.408 -12.265 -13.153 -13.119 -12.898 -12.033
20.991149 -6.808 -3.948 -6.392 -8.449 -10.105 -11.258 -9.358 -8.751 -10.149 -11.302 -12.095 -12.606 -8.644 -10.571 -11.767 -12.325 -12.659 -10.813 -11.804 -12.353 -12.633 -12.82 -11.799 -11.193 -12.051 -12.939 -12.904 -12.683 -11.819
21.626011 -6.58 -3.72 -6.164 -8.221 -9.878 -11.03 -9.13 -8.523 -9.921 -11.074 -11.867 -12.378 -8.417 -10.343 -11.539 -12.097 -12.431 -10.585 -11.576 -12.126 -12.405 -12.592 -11.571 -10.965 -11.823 -12.711 -12.676 -12.456 -11.591
22.280075 -6.338 -3.478 -5.922 -7.98 -9.636 -10.788 -8.888 -8.281 -9.679 -10.832 -11.625 -12.136 -8.175 -10.101 -11.297 -11.855 -12.189 -10.343 -11.334 -11.884 -12.163 -12.35 -11.329 -10.723 -11.581 -12.469 -12.434 -12.214 -11.349
22.953921 -6.081 -3.221 -5.665 -7.723 -9.379 -10.531 -8.632 -8.024 -9.422 -10.575 -11.368 -11.879 -7.918 -9.844 -11.04 -11.598 -11.932 -10.086 -11.077 -11.627 -11.907 -12.093 -11.073 -10.466 -11.324 -12.212 -12.177 -11.957 -11.092
23.648147 -5.808 -2.948 -5.393 -7.45 -9.106 -10.259 -8.359 -7.751 -9.15 -10.303 -11.095 -11.607 -7.645 -9.571 -10.767 -11.325 -11.659 -9.813 -10.805 -11.354 -11.634 -11.82 -10.8 -10.194 -11.051 -11.939 -11.905 -11.684 -10.819
24.363369 -5.519 -2.659 -5.103 -7.16 -8.816 -9.969 -8.069 -7.462 -8.86 -10.013 -10.806 -11.317 -7.355 -9.282 -10.478 -11.036 -11.37 -9.524 -10.515 -11.064 -11.344 -11.531 -10.51 -9.904 -10.762 -11.65 -11.615 -11.395 -10.53
25.100222 -5.211 -2.351 -4.796 -6.853 -8.509 -9.662 -7.762 -7.154 -8.553 -9.706 -10.498 -11.01 -7.048 -8.974 -10.17 -10.728 -11.063 -9.216 -10.208 -10.757 -11.037 -11.223 -10.203 -9.597 -10.454 -11.342 -11.308 -11.087 -10.222
25.859362 -4.885 -2.025 -4.47 -6.527 -8.183 -9.336 -7.436 -6.828 -8.227 -9.379 -10.172 -10.684 -6.722 -8.648 -9.844 -10.402 -10.736 -8.89 -9.882 -10.431 -10.711 -10.897 -9.877 -9.271 -10.128 -11.016 -10.982 -10.761 -9.896
26.64146 -4.539 -1.679 -4.123 -6.181 -7.837 -8.989 -7.09 -6.482 -7.88 -9.033 -9.826 -10.337 -6.376 -8.302 -9.498 -10.056 -10.39 -8.544 -9.535 -10.085 -10.365 -10.551 -9.531 -8.924 -9.782 -10.67 -10.635 -10.415 -9.55
27.447213 -4.171 -1.311 -3.756 -5.813 -7.469 -8.622 -6.722 -6.114 -7.513 -8.666 -9.458 -9.97 -6.008 -7.934 -9.13 -9.688 -10.023 -8.176 -9.168 -9.717 -9.997 -10.183 -9.163 -8.557 -9.414 -10.302 -10.268 -10.047 -9.182
28.277335 -3.781 -0.921 -3.366 -5.423 -7.079 -8.232 -6.332 -5.724 -7.123 -8.276 -9.068 -9.58 -5.618 -7.544 -8.74 -9.298 -9.632 -7.786 -8.778 -9.327 -9.607 -9.793 -8.773 -8.167 -9.024 -9.912 -9.878 -9.657 -8.792
29.132564 -3.367 -0.507 -2.952 -5.009 -6.665 -7.818 -5.918 -5.31 -6.709 -7.861 -8.654 -9.166 -5.204 -7.13 -8.326 -8.884 -9.218 -7.372 -8.364 -8.913 -9.193 -9.379 -8.359 -7.753 -8.61 -9.498 -9.464 -9.243 -8.378
30.013659 -2.927 -0.068 -2.512 -4.569 -6.225 -7.378 -5.478 -4.871 -6.269 -7.422 -8.215 -8.726 -4.764 -6.69 -7.887 -8.445 -8.779 -6.933 -7.924 -8.473 -8.753 -8.94 -7.919 -7.313 -8.17 -9.059 -9.024 -8.803 -7.939
30.921401 -2.461 0.399 -2.045 -4.103 -5.759 -6.912 -5.012 -4.404 -5.803 -6.955 -7.748 -8.26 -4.298 -6.224 -7.42 -7.978 -8.312 -6.466 -7.457 -8.007 -8.287 -8.473 -7.453 -6.847 -7.704 -8.592 -8.558 -8.337 -7.472
31.856598 -1.966 0.894 -1.55 -3.608 -5.264 -6.416 -4.517 -3.909 -5.307 -6.46 -7.253 -7.764 -3.803 -5.729 -6.925 -7.483 -7.817 -5.971 -6.962 -7.512 -7.792 -7.978 -6.958 -6.351 -7.209 -8.097 -8.062 -7.842 -6.977
32.820079 -1.44 1.42 -1.025 -3.082 -4.738 -5.891 -3.991 -3.383 -4.782 -5.935 -6.727 -7.239 -3.277 -5.203 -6.399 -6.957 -7.292 -5.445 -6.437 -6.986 -7.266 -7.452 -6.432 -5.826 -6.683 -7.571 -7.537 -7.316 -6.451
33.8127 -0.882 1.978 -0.467 -2.524 -4.18 -5.333 -3.433 -2.825 -4.224 -5.377 -6.169 -6.681 -2.719 -4.645 -5.841 -6.4 -6.734 -4.887 -5.879 -6.428 -6.708 -6.895 -5.874 -5.268 -6.125 -7.014 -6.979 -6.758 -5.893
34.835342 -0.29 2.57 0.125 -1.932 -3.588 -4.741 -2.841 -2.233 -3.632 -4.785 -5.577 -6.089 -2.127 -4.053 -5.249 -5.807 -6.142 -4.295 -5.287 -5.836 -6.116 -6.302 -5.282 -4.676 -5.533 -6.421 -6.387 -6.166 -5.301
35.888913 0.338 3.198 0.754 -1.304 -2.96 -4.112 -2.213 -1.605 -3.003 -4.156 -4.949 -5.46 -1.499 -3.425 -4.621 -5.179 -5.513 -3.667 -4.658 -5.208 -5.488 -5.674 -4.654 -4.047 -4.905 -5.793 -5.758 -5.538 -4.673
36.974349 1.005 3.865 1.421 -0.637 -2.293 -3.445 -1.546 -0.938 -2.336 -3.489 -4.282 -4.793 -0.832 -2.758 -3.954 -4.512 -4.846 -3.0 -3.991 -4.541 -4.821 -5.007 -3.987 -3.38 -4.238 -5.126 -5.091 -4.871 -4.006
38.092613 1.713 4.573 2.129 0.071 -1.585 -2.737 -0.838 -0.23 -1.628 -2.781 -3.574 -4.085 -0.124 -2.05 -3.246 -3.804 -4.138 -2.292 -3.283 -3.833 -4.113 -4.299 -3.279 -2.672 -3.53 -4.418 -4.383 -4.163 -3.298
39.244698 2.465 5.325 2.88 0.823 -0.833 -1.986 -0.086 0.522 -0.877 -2.03 -2.822 -3.334 0.628 -1.298 -2.494 -3.052 -3.387 -1.54 -2.532 -3.081 -3.361 -3.547 -2.527 -1.921 -2.778 -3.666 -3.632 -3.411 -2.546
40.431627 3.262 6.122 3.678 1.621 -0.035 -1.188 0.712 1.319 -0.079 -1.232 -2.025 -2.536 1.425 -0.501 -1.697 -2.255 -2.589 -0.743 -1.734 -2.284 -2.563 -2.75 -1.729 -1.123 -1.981 -2.869 -2.834 -2.614 -1.749
41.654454 4.109 6.969 4.524 2.467 0.811 -0.342 1.558 2.166 0.767 -0.385 -1.178 -1.69 2.272 0.346 -0.85 -1.408 -1.742 0.104 -0.888 -1.437 -1.717 -1.903 -0.883 -0.277 -1.134 -2.022 -1.988 -1.767 -0.902
42.914265 5.008 7.868 5.423 3.366 1.71 0.557 2.457 3.064 1.666 0.513 -0.28 -0.791 3.171 1.245 0.048 -0.51 -0.844 1.003 0.011 -0.538 -0.818 -1.005 0.016 0.622 -0.235 -1.124 -1.089 -0.868 -0.003
44.212178 5.961 8.821 6.377 4.32 2.663 1.511 3.411 4.018 2.62 1.467 0.674 0.163 4.124 2.198 1.002 0.444 0.11 1.956 0.965 0.415 0.136 -0.051 0.97 1.576 0.718 -0.17 -0.135 0.085 0.95
45.549345 6.974 9.834 7.389 5.332 3.676 2.523 4.423 5.031 3.632 2.479 1.687 1.175 5.137 3.211 2.015 1.456 1.122 2.969 1.977 1.428 1.148 0.962 1.982 2.588 1.731 0.842 0.877 1.098 1.963
46.926954 8.048 10.908 8.464 6.406 4.75 3.598 5.497 6.105 4.707 3.554 2.761 2.249 6.211 4.285 3.089 2.531 2.197 4.043 3.052 2.502 2.222 2.036 3.056 3.663 2.805 1.917 1.952 2.172 3.037
48.346227 9.189 12.049 9.604 7.547 5.891 4.738 6.638 7.246 5.847 4.694 3.902 3.39 7.352 5.426 4.23 3.671 3.337 5.184 4.192 3.643 3.363 3.176 4.197 4.803 3.946 3.057 3.092 3.313 4.178
49.808426 10.399 13.259 10.815 8.757 7.101 5.949 7.848 8.456 7.058 5.905 5.112 4.6 8.562 6.636 5.44 4.882 4.548 6.394 5.403 4.853 4.573 4.387 5.407 6.013 5.156 4.268 4.302 4.523 5.388
51.314848 11.684 14.544 12.099 10.042 8.386 7.233 9.133 9.741 8.342 7.19 6.397 5.885 9.847 7.921 6.725 6.167 5.833 7.679 6.687 6.138 5.858 5.672 6.692 7.298 6.441 5.553 5.587 5.808 6.673
52.86683 13.048 15.908 13.463 11.406 9.75 8.597 10.497 11.105 9.706 8.553 7.761 7.249 11.211 9.285 8.089 7.53 7.196 9.043 8.051 7.502 7.222 7.036 8.056 8.662 7.805 6.916 6.951 7.172 8.037
54.465752 14.495 17.355 14.911 12.853 11.197 10.045 11.944 12.552 11.154 10.001 9.208 8.696 12.658 10.732 9.536 8.978 8.644 10.49 9.499 8.949 8.669 8.483 9.503 10.109 9.252 8.364 8.398 8.619 9.484
56.113031 16.031 18.891 16.447 14.39 12.734 11.581 13.481 14.088 12.69 11.537 10.744 10.233 14.195 12.268 11.072 10.514 10.18 12.026 11.035 10.486 10.206 10.019 11.04 11.646 10.789 9.9 9.935 10.156 11.02
57.810132 17.662 20.522 18.078 16.02 14.364 13.212 15.111 15.719 14.321 13.168 12.375 11.863 15.825 13.899 12.703 12.145 11.811 13.657 12.666 12.116 11.836 11.65 12.67 13.276 12.419 11.531 11.565 11.786 12.651
59.55856 19.393 22.253 19.808 17.751 16.095 14.942 16.842 17.45 16.051 14.899 14.106 13.594 17.556 15.63 14.434 13.876 13.542 15.388 14.396 13.847 13.567 13.381 14.401 15.007 14.15 13.262 13.296 13.517 14.382
61.359868 21.23 24.09 21.645 19.588 17.932 16.779 18.679 19.287 17.888 16.736 15.943 15.431 19.393 17.467 16.271 15.713 15.379 17.225 16.233 15.684 15.404 15.218 16.238 16.844 15.987 15.099 15.133 15.354 16.219
63.215655 23.18 26.04 23.595 21.538 19.882 18.729 20.629 21.237 19.838 18.685 17.893 17.381 21.343 19.417 18.221 17.663 17.329 19.175 18.183 17.634 17.354 17.168 18.188 18.794 17.937 17.049 17.083 17.304 18.169
65.127569 25.25 28.109 25.665 23.608 21.952 20.799 22.699 23.306 21.908 20.755 19.962 19.451 23.413 21.487 20.29 19.732 19.398 21.244 20.253 19.704 19.424 19.237 20.258 20.864 20.007 19.118 19.153 19.374 20.238
67.097308 27.446 30.306 27.862 25.804 24.148 22.996 24.895 25.503 24.105 22.952 22.159 21.648 25.609 23.683 22.487 21.929 21.595 23.441 22.45 21.9 21.62 21.434 22.454 23.061 22.203 21.315 21.35 21.57 22.435
69.126621 29.778 32.638 30.193 28.136 26.48 25.327 27.227 27.835 26.436 25.283 24.491 23.979 27.941 26.015 24.819 24.261 23.926 25.773 24.781 24.232 23.952 23.766 24.786 25.392 24.535 23.647 23.681 23.902 24.767
71.217308 32.253 35.112 32.668 30.611 28.955 27.802 29.702 30.309 28.911 27.758 26.965 26.454 30.416 28.49 27.293 26.735 26.401 28.247 27.256 26.707 26.427 26.24 27.261 27.867 27.01 26.121 26.156 26.377 27.241
73.371227 34.879 37.739 35.295 33.237 31.581 30.429 32.328 32.936 31.538 30.385 29.592 29.081 33.042 31.116 29.92 29.362 29.028 30.874 29.883 29.333 29.053 28.867 29.887 30.494 29.636 28.748 28.783 29.003 29.868
75.59029 37.667 40.527 38.083 36.025 34.369 33.217 35.116 35.724 34.326 33.173 32.38 31.869 35.83 33.904 32.708 32.15 31.816 33.662 32.671 32.121 31.841 31.655 32.675 33.282 32.424 31.536 31.571 31.791 32.656
77.876467 40.626 43.486 41.042 38.985 37.328 36.176 38.076 38.683 37.285 36.132 35.339 34.828 38.789 36.863 35.667 35.109 34.775 36.621 35.63 35.08 34.801 34.614 35.635 36.241 35.383 34.495 34.53 34.75 35.615
80.231787 43.767 46.627 44.183 42.125 40.469 39.317 41.216 41.824 40.426 39.273 38.48 37.969 41.93 40.004 38.808 38.25 37.916 39.762 38.771 38.221 37.941 37.755 38.775 39.382 38.524 37.636 37.671 37.891 38.756
82.658343 47.101 49.961 47.516 45.459 43.803 42.65 44.55 45.158 43.759 42.607 41.814 41.302 45.264 43.338 42.142 41.584 41.25 43.096 42.104 41.555 41.275 41.089 42.109 42.715 41.858 40.97 41.004 41.225 42.09
85.158288 50.639 53.499 51.055 48.998 47.342 46.189 48.089 48.696 47.298 46.145 45.352 44.841 48.803 46.876 45.68 45.122 44.788 46.634 45.643 45.094 44.814 44.627 45.648 46.254 45.396 44.508 44.543 44.763 45.628
87.733843 54.395 57.255 54.811 52.753 51.097 49.945 51.844 52.452 51.054 49.901 49.108 48.596 52.558 50.632 49.436 48.878 48.544 50.39 49.399 48.849 48.569 48.383 49.403 50.009 49.152 48.264 48.298 48.519 49.384
90.387293 58.381 61.241 58.797 56.74 55.084 53.931 55.831 56.438 55.04 53.887 53.094 52.583 56.545 54.618 53.422 52.864 52.53 54.376 53.385 52.836 52.556 52.369 53.39 53.996 53.138 52.25 52.285 52.506 53.37
93.120995 62.613 65.473 63.028 60.971 59.315 58.162 60.062 60.669 59.271 58.118 57.325 56.814 60.776 58.85 57.653 57.095 56.761 58.607 57.616 57.067 56.787 56.6 57.621 58.227 57.37 56.481 56.516 56.737 57.602
95.937376 67.103 69.963 67.519 65.462 63.806 62.653 64.553 65.16 63.762 62.609 61.816 61.305 65.267 63.34 62.144 61.586 61.252 63.098 62.107 61.558 61.278 61.091 62.112 62.718 61.861 60.972 61.007 61.228 62.092
98.838937 71.87 74.73 72.286 70.228 68.572 67.42 69.319 69.927 68.529 67.376 66.583 66.071 70.033 68.107 66.911 66.353 66.019 67.865 66.874 66.324 66.044 65.858 66.878 67.484 66.627 65.739 65.773 65.994 66.859
101.828253 76.929 79.789 77.345 75.288 73.632 72.479 74.379 74.986 73.588 72.435 71.642 71.131 75.093 73.166 71.97 71.412 71.078 72.924 71.933 71.384 71.104 70.917 71.938 72.544 71.687 70.798 70.833 71.054 71.918
104.907979 82.3 85.159 82.715 80.658 79.002 77.849 79.749 80.356 78.958 77.805 77.012 76.501 80.463 78.537 77.34 76.782 76.448 78.294 77.303 76.754 76.474 76.287 77.308 77.914 77.057 76.168 76.203 76.424 77.288
108.080849 87.999 90.859 88.415 86.357 84.701 83.549 85.448 86.056 84.658 83.505 82.712 82.201 86.162 84.236 83.04 82.482 82.148 83.994 83.003 82.453 82.173 81.987 83.007 83.614 82.756 81.868 81.903 82.123 82.988
111.349681 94.049 96.909 94.464 92.407 90.751 89.598 91.498 92.106 90.707 89.555 88.762 88.25 92.212 90.286 89.09 88.532 88.198 90.044 89.052 88.503 88.223 88.037 89.057 89.663 88.806 87.918 87.952 88.173 89.038
114.717376 100.47 103.33 100.886 98.828 97.172 96.02 97.919 98.527 97.129 95.976 95.183 94.672 98.633 96.707 95.511 94.953 94.619 96.465 95.474 94.924 94.644 94.458 95.478 96.085 95.227 94.339 94.374 94.594 95.459
118.186925 107.286 110.146 107.701 105.644 103.988 102.835 104.735 105.343 103.944 102.791 101.999 101.487 105.449 103.523 102.327 101.768 101.434 103.281 102.289 101.74 101.46 101.273 102.294 102.9 102.043 101.154 101.189 101.41 102.275
121.761408 114.52 117.38 114.935 112.878 111.222 110.069 111.969 112.577 111.178 110.025 109.233 108.721 112.683 110.757 109.561 109.002 108.668 110.515 109.523 108.974 108.694 108.507 109.528 110.134 109.277 108.388 108.423 108.644 109.509
125.443999 122.198 125.058 122.613 120.556 118.9 117.747 119.647 120.255 118.856 117.703 116.911 116.399 120.361 118.435 117.239 116.681 116.346 118.193 117.201 116.652 116.372 116.186 117.206 117.812 116.955 116.067 116.101 116.322 117.187
129.237967 130.347 133.207 130.763 128.706 127.05 125.897 127.797 128.404 127.006 125.853 125.06 124.549 128.511 126.584 125.388 124.83 124.496 126.342 125.351 124.802 124.522 124.335 125.356 125.962 125.105 124.216 124.251 124.472 125.336
133.146681 138.998 141.857 139.413 137.356 135.7 134.547 136.447 137.054 135.656 134.503 133.71 133.199 137.161 135.235 134.038 133.48 133.146 134.992 134.001 133.452 133.172 132.985 134.006 134.612 133.755 132.866 132.901 133.122 133.986
137.173612 148.179 151.039 148.594 146.537 144.881 143.728 145.628 146.236 144.837 143.684 142.892 142.38 146.342 144.416 143.22 142.662 142.327 144.174 143.182 142.633 142.353 142.167 143.187 143.793 142.936 142.048 142.082 142.303 143.168
141.322334 157.924 160.784 158.339 156.282 154.626 153.473 155.373 155.981 154.582 153.429 152.637 152.125 156.087 154.161 152.965 152.406 152.072 153.919 152.927 152.378 152.098 151.912 152.932 153.538 152.681 151.792 151.827 152.048 152.913
145.596532 168.267 171.127 168.682 166.625 164.969 163.816 165.716 166.324 164.925 163.773 162.98 162.468 166.43 164.504 163.308 162.75 162.416 164.262 163.27 162.721 162.441 162.255 163.275 163.881 163.024 162.136 162.17 162.391 163.256
150.0 179.245 182.105 179.661 177.604 175.948 174.795 176.695 177.302 175.904 174.751 173.958 173.447 177.409 175.482 174.286 173.728 173.394 175.24 174.249 173.7 173.42 173.233 174.254 174.86 174.002 173.114 173.149 173.369 174.234
