# %ECSV 1.0
# ---
# datatype:
# - {name: time, datatype: float64}
# - {name: swift_uvot_uvw2, datatype: float64}
# - {name: swift_uvot_uvm2, datatype: float64}
# - {name: swift_uvot_uvw1, datatype: float64}
# - {name: swift_uvot_U, datatype: float64}
# - {name: swift_uvot_B, datatype: float64}
# - {name: swift_uvot_V, datatype: float64}
# - {name: swift_uvot_W, datatype: float64}
# - {name: johnson_U, datatype: float64}
# - {name: johnson_B, datatype: float64}
# - {name: johnson_V, datatype: float64}
# - {name: johnson_R, datatype: float64}
# - {name: johnson_I, datatype: float64}
# - {name: sdss_u, datatype: float64}
# - {name: sdss_g, datatype: float64}
# - {name: sdss_r, datatype: float64}
# - {name: sdss_i, datatype: float64}
# - {name: sdss_z, datatype: float64}
# - {name: PS1_g, datatype: float64}
# - {name: PS1_r, datatype: float64}
# - {name: PS1_i, datatype: float64}
# - {name: PS1_z, datatype: float64}
# - {name: PS1_Y, datatype: float64}
# - {name: PS1_w, datatype: float64}
# - {name: ATLAS_c, datatype: float64}
# - {name: ATLAS_o, datatype: float64}
# - {name: ukirt_J, datatype: float64}
# - {name: ukirt_H, datatype: float64}
# - {name: ukirt_K, datatype: float64}
# - {name: Clear, datatype: float64}
# meta: !!omap
# - comment: [kappa = 1.0, type = villar, mass = 0.0012301715156502338, velocity = 0.15533333333333332, theta_obs = 0.0]
# schema: astropy-2.0
time swift_uvot_uvw2 swift_uvot_uvm2 swift_uvot_uvw1 swift_uvot_U swift_uvot_B swift_uvot_V swift_uvot_W johnson_U johnson_B johnson_V johnson_R johnson_I sdss_u sdss_g sdss_r sdss_i sdss_z PS1_g PS1_r PS1_i PS1_z PS1_Y PS1_w ATLAS_c ATLAS_o ukirt_J ukirt_H ukirt_K Clear
0.001 nan nan nan nan nan nan nan nan nan nan nan nan nan nan nan nan nan nan nan nan nan nan nan nan nan nan nan nan nan
0.00103 -3.08 -3.156 -3.188 -3.172 -3.009 -2.772 -3.088 -3.152 -3.006 -2.763 -2.473 -2.111 -3.158 -2.936 -2.61 -2.334 -2.057 -2.921 -2.626 -2.352 -2.151 -2.078 -2.635 -2.81 -2.495 -1.472 -0.974 -0.383 -2.68
0.001061 -3.803 -3.81 -3.789 -3.655 -3.434 -3.154 -3.66 -3.625 -3.43 -3.144 -2.824 -2.435 -3.633 -3.346 -2.972 -2.672 -2.377 -3.329 -2.993 -2.696 -2.488 -2.43 -3.008 -3.201 -2.848 -1.766 -1.254 -0.652 -3.063
0.001094 -4.198 -4.169 -4.123 -3.932 -3.684 -3.383 -3.984 -3.898 -3.68 -3.373 -3.039 -2.637 -3.906 -3.589 -3.192 -2.88 -2.577 -3.572 -3.217 -2.91 -2.699 -2.652 -3.233 -3.434 -3.063 -1.954 -1.436 -0.828 -3.293
0.001127 -4.472 -4.419 -4.358 -4.133 -3.868 -3.554 -4.215 -4.096 -3.864 -3.544 -3.201 -2.791 -4.104 -3.769 -3.357 -3.039 -2.731 -3.752 -3.385 -3.072 -2.86 -2.823 -3.402 -3.608 -3.226 -2.1 -1.578 -0.966 -3.465
0.001161 -4.684 -4.614 -4.543 -4.294 -4.017 -3.694 -4.397 -4.254 -4.013 -3.684 -3.335 -2.92 -4.263 -3.915 -3.494 -3.171 -2.859 -3.899 -3.524 -3.207 -2.995 -2.966 -3.542 -3.751 -3.361 -2.224 -1.698 -1.085 -3.607
0.001196 -4.858 -4.775 -4.697 -4.43 -4.145 -3.816 -4.549 -4.389 -4.141 -3.806 -3.453 -3.034 -4.398 -4.041 -3.613 -3.286 -2.972 -4.025 -3.645 -3.325 -3.113 -3.09 -3.662 -3.874 -3.479 -2.333 -1.805 -1.19 -3.729
0.001232 -5.008 -4.915 -4.831 -4.55 -4.259 -3.925 -4.682 -4.508 -4.255 -3.915 -3.559 -3.137 -4.517 -4.153 -3.72 -3.39 -3.075 -4.138 -3.753 -3.432 -3.22 -3.202 -3.771 -3.985 -3.585 -2.432 -1.903 -1.287 -3.838
0.001269 -5.139 -5.038 -4.951 -4.659 -4.363 -4.026 -4.8 -4.616 -4.359 -4.015 -3.656 -3.232 -4.625 -4.256 -3.819 -3.487 -3.169 -4.241 -3.853 -3.53 -3.318 -3.305 -3.87 -4.086 -3.682 -2.525 -1.995 -1.377 -3.939
0.001308 -5.258 -5.15 -5.059 -4.759 -4.459 -4.119 -4.908 -4.716 -4.455 -4.109 -3.747 -3.321 -4.725 -4.351 -3.911 -3.577 -3.258 -4.337 -3.946 -3.622 -3.41 -3.401 -3.963 -4.18 -3.774 -2.612 -2.081 -1.462 -4.033
0.001347 -5.366 -5.253 -5.16 -4.853 -4.55 -4.207 -5.008 -4.809 -4.546 -4.197 -3.834 -3.406 -4.818 -4.441 -3.998 -3.663 -3.343 -4.427 -4.034 -3.708 -3.497 -3.491 -4.051 -4.268 -3.86 -2.696 -2.163 -1.544 -4.121
0.001388 -5.467 -5.349 -5.253 -4.941 -4.635 -4.291 -5.101 -4.897 -4.631 -4.28 -3.916 -3.487 -4.906 -4.526 -4.081 -3.745 -3.424 -4.512 -4.117 -3.791 -3.58 -3.577 -4.134 -4.352 -3.943 -2.775 -2.243 -1.623 -4.205
0.00143 -5.56 -5.439 -5.342 -5.025 -4.717 -4.371 -5.189 -4.98 -4.713 -4.361 -3.995 -3.566 -4.989 -4.607 -4.16 -3.823 -3.502 -4.594 -4.198 -3.871 -3.66 -3.659 -4.214 -4.433 -4.022 -2.853 -2.319 -1.699 -4.285
0.001473 -5.649 -5.525 -5.426 -5.106 -4.796 -4.448 -5.273 -5.06 -4.792 -4.438 -4.072 -3.641 -5.07 -4.685 -4.237 -3.899 -3.578 -4.672 -4.275 -3.948 -3.737 -3.738 -4.291 -4.511 -4.099 -2.927 -2.394 -1.773 -4.363
0.001518 -5.732 -5.606 -5.506 -5.183 -4.872 -4.523 -5.353 -5.138 -4.868 -4.513 -4.146 -3.715 -5.147 -4.761 -4.312 -3.973 -3.651 -4.748 -4.35 -4.022 -3.812 -3.814 -4.366 -4.586 -4.173 -3.0 -2.466 -1.845 -4.438
0.001564 -5.812 -5.684 -5.583 -5.258 -4.945 -4.596 -5.43 -5.212 -4.942 -4.586 -4.218 -3.787 -5.221 -4.834 -4.384 -4.045 -3.723 -4.822 -4.423 -4.095 -3.884 -3.888 -4.439 -4.659 -4.245 -3.072 -2.537 -1.916 -4.511
0.001611 -5.889 -5.759 -5.657 -5.33 -5.017 -4.667 -5.504 -5.285 -5.013 -4.657 -4.289 -3.857 -5.294 -4.906 -4.455 -4.116 -3.793 -4.893 -4.494 -4.166 -3.955 -3.96 -4.51 -4.73 -4.316 -3.141 -2.607 -1.986 -4.582
0.00166 -5.962 -5.831 -5.729 -5.401 -5.087 -4.737 -5.576 -5.355 -5.083 -4.726 -4.358 -3.926 -5.364 -4.976 -4.524 -4.185 -3.862 -4.963 -4.563 -4.235 -4.025 -4.03 -4.579 -4.8 -4.385 -3.21 -2.675 -2.054 -4.651
0.00171 -6.033 -5.902 -5.799 -5.47 -5.156 -4.805 -5.646 -5.424 -5.152 -4.795 -4.426 -3.994 -5.433 -5.044 -4.592 -4.253 -3.93 -5.031 -4.631 -4.303 -4.093 -4.098 -4.647 -4.868 -4.453 -3.277 -2.742 -2.121 -4.72
0.001761 -6.102 -5.97 -5.867 -5.537 -5.223 -4.872 -5.714 -5.491 -5.219 -4.861 -4.493 -4.06 -5.5 -5.111 -4.659 -4.319 -3.996 -5.098 -4.698 -4.37 -4.159 -4.165 -4.714 -4.935 -4.52 -3.344 -2.809 -2.187 -4.786
0.001815 -6.169 -6.036 -5.933 -5.603 -5.288 -4.937 -5.78 -5.557 -5.285 -4.927 -4.558 -4.126 -5.566 -5.177 -4.725 -4.385 -4.062 -5.164 -4.764 -4.435 -4.225 -4.231 -4.78 -5.001 -4.585 -3.409 -2.874 -2.253 -4.852
0.00187 -6.233 -6.101 -5.998 -5.668 -5.353 -5.002 -5.845 -5.622 -5.349 -4.992 -4.623 -4.19 -5.631 -5.242 -4.789 -4.45 -4.127 -5.229 -4.829 -4.5 -4.29 -4.296 -4.845 -5.065 -4.65 -3.474 -2.939 -2.318 -4.917
0.001926 -6.297 -6.164 -6.061 -5.731 -5.417 -5.066 -5.908 -5.685 -5.413 -5.056 -4.687 -4.254 -5.695 -5.305 -4.853 -4.514 -4.191 -5.293 -4.893 -4.564 -4.354 -4.36 -4.909 -5.129 -4.714 -3.538 -3.003 -2.382 -4.981
0.001984 -6.358 -6.226 -6.123 -5.794 -5.48 -5.129 -5.97 -5.748 -5.476 -5.119 -4.75 -4.318 -5.757 -5.368 -4.916 -4.577 -4.254 -5.356 -4.956 -4.627 -4.417 -4.422 -4.972 -5.192 -4.777 -3.601 -3.066 -2.445 -5.044
0.002044 -6.418 -6.287 -6.184 -5.856 -5.542 -5.191 -6.031 -5.81 -5.538 -5.181 -4.813 -4.38 -5.819 -5.43 -4.979 -4.639 -4.316 -5.418 -5.018 -4.689 -4.479 -4.484 -5.034 -5.254 -4.84 -3.664 -3.129 -2.508 -5.106
0.002106 -6.477 -6.347 -6.244 -5.916 -5.603 -5.253 -6.091 -5.871 -5.599 -5.243 -4.874 -4.442 -5.88 -5.492 -5.04 -4.701 -4.378 -5.479 -5.08 -4.751 -4.541 -4.546 -5.096 -5.316 -4.901 -3.726 -3.192 -2.57 -5.168
0.00217 -6.535 -6.405 -6.304 -5.977 -5.664 -5.314 -6.15 -5.931 -5.66 -5.304 -4.936 -4.504 -5.94 -5.552 -5.102 -4.762 -4.44 -5.54 -5.14 -4.812 -4.602 -4.606 -5.157 -5.377 -4.962 -3.788 -3.253 -2.632 -5.228
0.002236 -6.592 -6.463 -6.362 -6.036 -5.724 -5.374 -6.209 -5.99 -5.72 -5.364 -4.996 -4.565 -6.0 -5.613 -5.162 -4.823 -4.501 -5.6 -5.201 -4.873 -4.662 -4.666 -5.217 -5.437 -5.023 -3.849 -3.315 -2.694 -5.289
0.002303 -6.647 -6.52 -6.419 -6.095 -5.783 -5.434 -6.266 -6.049 -5.779 -5.424 -5.056 -4.625 -6.058 -5.672 -5.222 -4.884 -4.561 -5.659 -5.261 -4.933 -4.722 -4.725 -5.277 -5.497 -5.083 -3.91 -3.376 -2.755 -5.348
0.002373 -6.702 -6.576 -6.475 -6.153 -5.842 -5.493 -6.323 -6.107 -5.838 -5.483 -5.116 -4.685 -6.116 -5.731 -5.282 -4.943 -4.621 -5.718 -5.32 -4.992 -4.782 -4.784 -5.336 -5.556 -5.143 -3.97 -3.436 -2.815 -5.408
0.002445 -6.756 -6.631 -6.531 -6.21 -5.9 -5.552 -6.379 -6.165 -5.896 -5.542 -5.175 -4.745 -6.174 -5.789 -5.341 -5.003 -4.681 -5.776 -5.379 -5.051 -4.841 -4.842 -5.395 -5.614 -5.202 -4.03 -3.496 -2.876 -5.466
0.002519 -6.809 -6.685 -6.586 -6.267 -5.958 -5.61 -6.434 -6.222 -5.954 -5.6 -5.234 -4.804 -6.231 -5.847 -5.399 -5.062 -4.74 -5.834 -5.437 -5.11 -4.899 -4.899 -5.454 -5.673 -5.261 -4.09 -3.556 -2.936 -5.525
0.002595 -6.861 -6.739 -6.641 -6.323 -6.015 -5.668 -6.488 -6.278 -6.011 -5.658 -5.292 -4.863 -6.288 -5.905 -5.458 -5.12 -4.799 -5.891 -5.495 -5.168 -4.957 -4.957 -5.512 -5.73 -5.319 -4.149 -3.616 -2.996 -5.583
0.002673 -6.912 -6.792 -6.695 -6.379 -6.072 -5.726 -6.542 -6.335 -6.068 -5.716 -5.351 -4.921 -6.344 -5.962 -5.515 -5.179 -4.858 -5.948 -5.553 -5.226 -5.015 -5.013 -5.569 -5.788 -5.377 -4.208 -3.675 -3.055 -5.64
0.002754 -6.963 -6.844 -6.748 -6.435 -6.128 -5.783 -6.596 -6.39 -6.124 -5.773 -5.408 -4.979 -6.399 -6.019 -5.573 -5.237 -4.916 -6.005 -5.61 -5.283 -5.072 -5.07 -5.627 -5.845 -5.435 -4.267 -3.734 -3.114 -5.697
0.002837 -7.013 -6.896 -6.801 -6.49 -6.184 -5.84 -6.649 -6.445 -6.18 -5.83 -5.466 -5.037 -6.454 -6.075 -5.63 -5.294 -4.974 -6.061 -5.667 -5.341 -5.129 -5.126 -5.683 -5.901 -5.492 -4.325 -3.793 -3.173 -5.754
0.002923 -7.062 -6.947 -6.853 -6.544 -6.24 -5.896 -6.701 -6.5 -6.236 -5.886 -5.523 -5.095 -6.509 -6.131 -5.687 -5.351 -5.031 -6.117 -5.723 -5.397 -5.186 -5.181 -5.74 -5.958 -5.549 -4.383 -3.851 -3.232 -5.81
0.003012 -7.111 -6.998 -6.904 -6.598 -6.295 -5.952 -6.753 -6.554 -6.291 -5.942 -5.579 -5.152 -6.563 -6.186 -5.743 -5.409 -5.089 -6.172 -5.779 -5.454 -5.243 -5.236 -5.796 -6.014 -5.606 -4.441 -3.909 -3.29 -5.866
0.003103 -7.159 -7.048 -6.956 -6.652 -6.35 -6.008 -6.804 -6.608 -6.346 -5.998 -5.636 -5.209 -6.617 -6.242 -5.8 -5.465 -5.146 -6.227 -5.835 -5.51 -5.299 -5.291 -5.852 -6.069 -5.662 -4.499 -3.967 -3.348 -5.922
0.003196 -7.206 -7.098 -7.006 -6.705 -6.405 -6.064 -6.855 -6.662 -6.401 -6.054 -5.692 -5.266 -6.671 -6.296 -5.856 -5.522 -5.203 -6.282 -5.891 -5.566 -5.355 -5.346 -5.908 -6.125 -5.719 -4.557 -4.025 -3.406 -5.978
0.003293 -7.253 -7.147 -7.057 -6.758 -6.459 -6.119 -6.906 -6.715 -6.455 -6.109 -5.748 -5.322 -6.724 -6.351 -5.911 -5.578 -5.26 -6.337 -5.946 -5.622 -5.41 -5.401 -5.963 -6.18 -5.774 -4.614 -4.083 -3.464 -6.033
0.003393 -7.3 -7.196 -7.106 -6.811 -6.513 -6.174 -6.956 -6.768 -6.509 -6.164 -5.804 -5.379 -6.777 -6.405 -5.967 -5.634 -5.316 -6.391 -6.001 -5.678 -5.466 -5.455 -6.019 -6.234 -5.83 -4.671 -4.14 -3.522 -6.088
0.003495 -7.346 -7.244 -7.156 -6.863 -6.567 -6.229 -7.005 -6.821 -6.563 -6.219 -5.859 -5.435 -6.829 -6.459 -6.022 -5.69 -5.372 -6.445 -6.056 -5.733 -5.521 -5.509 -6.074 -6.289 -5.886 -4.728 -4.197 -3.579 -6.142
0.003601 -7.391 -7.292 -7.205 -6.915 -6.62 -6.283 -7.054 -6.873 -6.616 -6.273 -5.914 -5.491 -6.882 -6.513 -6.077 -5.745 -5.428 -6.498 -6.111 -5.788 -5.576 -5.562 -6.128 -6.343 -5.941 -4.784 -4.254 -3.637 -6.197
0.00371 -7.436 -7.339 -7.253 -6.967 -6.673 -6.338 -7.103 -6.925 -6.669 -6.328 -5.97 -5.547 -6.934 -6.567 -6.132 -5.801 -5.484 -6.552 -6.165 -5.843 -5.631 -5.616 -6.183 -6.397 -5.996 -4.841 -4.311 -3.694 -6.251
0.003822 -7.481 -7.386 -7.302 -7.019 -6.726 -6.392 -7.152 -6.976 -6.722 -6.382 -6.024 -5.602 -6.985 -6.62 -6.186 -5.856 -5.54 -6.605 -6.219 -5.897 -5.685 -5.669 -6.237 -6.451 -6.051 -4.897 -4.368 -3.751 -6.305
0.003938 -7.525 -7.433 -7.35 -7.07 -6.779 -6.446 -7.2 -7.028 -6.775 -6.435 -6.079 -5.657 -7.037 -6.673 -6.241 -5.911 -5.595 -6.658 -6.273 -5.952 -5.74 -5.722 -6.291 -6.505 -6.105 -4.953 -4.424 -3.808 -6.359
0.004057 -7.569 -7.479 -7.397 -7.121 -6.831 -6.499 -7.248 -7.079 -6.827 -6.489 -6.133 -5.713 -7.088 -6.726 -6.295 -5.966 -5.65 -6.711 -6.327 -6.006 -5.794 -5.775 -6.345 -6.558 -6.159 -5.009 -4.481 -3.864 -6.412
0.00418 -7.612 -7.525 -7.444 -7.171 -6.883 -6.553 -7.295 -7.13 -6.88 -6.542 -6.188 -5.768 -7.139 -6.779 -6.349 -6.02 -5.706 -6.763 -6.381 -6.06 -5.848 -5.828 -6.398 -6.611 -6.214 -5.065 -4.537 -3.921 -6.465
0.004306 -7.655 -7.57 -7.491 -7.221 -6.935 -6.606 -7.343 -7.18 -6.932 -6.596 -6.242 -5.822 -7.189 -6.831 -6.402 -6.075 -5.761 -6.815 -6.434 -6.114 -5.902 -5.88 -6.452 -6.664 -6.268 -5.121 -4.593 -3.977 -6.518
0.004436 -7.697 -7.615 -7.538 -7.271 -6.987 -6.659 -7.389 -7.231 -6.983 -6.649 -6.296 -5.877 -7.239 -6.883 -6.456 -6.129 -5.815 -6.867 -6.487 -6.168 -5.956 -5.933 -6.505 -6.717 -6.322 -5.176 -4.649 -4.034 -6.571
0.00457 -7.739 -7.66 -7.584 -7.321 -7.039 -6.712 -7.436 -7.281 -7.035 -6.702 -6.349 -5.932 -7.289 -6.935 -6.509 -6.183 -5.87 -6.919 -6.54 -6.222 -6.009 -5.985 -6.558 -6.769 -6.375 -5.232 -4.705 -4.09 -6.624
0.004709 -7.78 -7.704 -7.63 -7.371 -7.09 -6.764 -7.482 -7.331 -7.086 -6.754 -6.403 -5.986 -7.339 -6.987 -6.563 -6.237 -5.924 -6.971 -6.593 -6.275 -6.063 -6.037 -6.611 -6.822 -6.429 -5.287 -4.76 -4.146 -6.677
0.004851 -7.822 -7.748 -7.675 -7.42 -7.141 -6.817 -7.528 -7.38 -7.137 -6.807 -6.456 -6.04 -7.389 -7.038 -6.616 -6.291 -5.979 -7.022 -6.646 -6.328 -6.116 -6.089 -6.663 -6.874 -6.482 -5.342 -4.816 -4.202 -6.729
0.004998 -7.862 -7.792 -7.72 -7.469 -7.192 -6.869 -7.574 -7.43 -7.188 -6.859 -6.51 -6.094 -7.438 -7.09 -6.669 -6.345 -6.033 -7.074 -6.698 -6.381 -6.169 -6.14 -6.716 -6.926 -6.535 -5.397 -4.872 -4.258 -6.781
0.005149 -7.903 -7.835 -7.765 -7.518 -7.243 -6.921 -7.619 -7.479 -7.239 -6.911 -6.563 -6.148 -7.487 -7.141 -6.721 -6.398 -6.087 -7.125 -6.751 -6.434 -6.222 -6.192 -6.768 -6.977 -6.588 -5.452 -4.927 -4.314 -6.833
0.005305 -7.943 -7.878 -7.81 -7.567 -7.293 -6.973 -7.664 -7.528 -7.289 -6.963 -6.616 -6.202 -7.536 -7.192 -6.774 -6.452 -6.141 -7.176 -6.803 -6.487 -6.275 -6.244 -6.82 -7.029 -6.641 -5.507 -4.982 -4.369 -6.885
0.005465 -7.982 -7.92 -7.854 -7.615 -7.343 -7.025 -7.709 -7.576 -7.34 -7.015 -6.668 -6.256 -7.585 -7.243 -6.826 -6.505 -6.195 -7.226 -6.855 -6.54 -6.328 -6.295 -6.872 -7.08 -6.694 -5.562 -5.037 -4.425 -6.937
0.00563 -8.022 -7.963 -7.898 -7.663 -7.393 -7.076 -7.753 -7.625 -7.39 -7.066 -6.721 -6.309 -7.633 -7.293 -6.878 -6.558 -6.249 -7.277 -6.907 -6.592 -6.38 -6.346 -6.924 -7.132 -6.746 -5.616 -5.092 -4.48 -6.988
0.005801 -8.061 -8.004 -7.941 -7.711 -7.443 -7.128 -7.797 -7.673 -7.44 -7.118 -6.774 -6.363 -7.681 -7.344 -6.931 -6.611 -6.302 -7.327 -6.958 -6.645 -6.433 -6.398 -6.976 -7.183 -6.799 -5.671 -5.147 -4.536 -7.039
0.005976 -8.099 -8.046 -7.985 -7.759 -7.493 -7.179 -7.841 -7.721 -7.489 -7.169 -6.826 -6.416 -7.729 -7.394 -6.983 -6.664 -6.356 -7.377 -7.01 -6.697 -6.485 -6.449 -7.028 -7.234 -6.851 -5.725 -5.202 -4.591 -7.091
0.006157 -8.138 -8.087 -8.028 -7.806 -7.543 -7.23 -7.885 -7.769 -7.539 -7.22 -6.878 -6.469 -7.777 -7.444 -7.034 -6.716 -6.409 -7.427 -7.062 -6.749 -6.537 -6.5 -7.079 -7.284 -6.903 -5.779 -5.257 -4.646 -7.142
0.006343 -8.175 -8.128 -8.071 -7.853 -7.592 -7.281 -7.928 -7.817 -7.588 -7.271 -6.93 -6.522 -7.825 -7.494 -7.086 -6.769 -6.462 -7.477 -7.113 -6.802 -6.59 -6.55 -7.13 -7.335 -6.955 -5.834 -5.312 -4.701 -7.192
0.006535 -8.213 -8.169 -8.113 -7.9 -7.641 -7.332 -7.971 -7.864 -7.638 -7.322 -6.982 -6.575 -7.872 -7.544 -7.138 -6.821 -6.515 -7.527 -7.164 -6.853 -6.642 -6.601 -7.181 -7.386 -7.007 -5.888 -5.366 -4.757 -7.243
0.006732 -8.25 -8.209 -8.155 -7.947 -7.69 -7.383 -8.014 -7.911 -7.687 -7.373 -7.034 -6.628 -7.919 -7.593 -7.189 -6.874 -6.568 -7.576 -7.215 -6.905 -6.694 -6.652 -7.232 -7.436 -7.059 -5.942 -5.421 -4.811 -7.294
0.006936 -8.287 -8.249 -8.197 -7.994 -7.739 -7.433 -8.057 -7.958 -7.735 -7.423 -7.086 -6.681 -7.966 -7.643 -7.24 -6.926 -6.621 -7.626 -7.266 -6.957 -6.745 -6.703 -7.283 -7.486 -7.111 -5.996 -5.475 -4.866 -7.344
0.007146 -8.323 -8.289 -8.239 -8.04 -7.788 -7.484 -8.099 -8.005 -7.784 -7.474 -7.137 -6.734 -8.013 -7.692 -7.291 -6.978 -6.674 -7.675 -7.317 -7.009 -6.797 -6.753 -7.334 -7.536 -7.162 -6.049 -5.53 -4.921 -7.394
0.007362 -8.36 -8.328 -8.28 -8.087 -7.836 -7.534 -8.141 -8.052 -7.833 -7.524 -7.189 -6.786 -8.06 -7.741 -7.342 -7.03 -6.727 -7.724 -7.367 -7.06 -6.849 -6.803 -7.384 -7.586 -7.214 -6.103 -5.584 -4.976 -7.445
0.007585 -8.395 -8.367 -8.322 -8.133 -7.885 -7.584 -8.183 -8.098 -7.881 -7.574 -7.24 -6.839 -8.106 -7.79 -7.393 -7.082 -6.779 -7.773 -7.418 -7.112 -6.9 -6.854 -7.435 -7.636 -7.265 -6.157 -5.638 -5.031 -7.494
0.007814 -8.431 -8.406 -8.362 -8.178 -7.933 -7.634 -8.225 -8.144 -7.929 -7.624 -7.291 -6.891 -8.152 -7.839 -7.444 -7.134 -6.832 -7.822 -7.468 -7.163 -6.952 -6.904 -7.485 -7.685 -7.316 -6.21 -5.692 -5.085 -7.544
0.00805 -8.466 -8.444 -8.403 -8.224 -7.981 -7.684 -8.266 -8.19 -7.977 -7.674 -7.343 -6.943 -8.198 -7.887 -7.495 -7.185 -6.884 -7.87 -7.519 -7.214 -7.003 -6.954 -7.535 -7.735 -7.367 -6.264 -5.747 -5.14 -7.594
0.008294 -8.501 -8.482 -8.443 -8.269 -8.029 -7.734 -8.307 -8.236 -8.025 -7.724 -7.394 -6.995 -8.244 -7.936 -7.545 -7.237 -6.937 -7.919 -7.569 -7.265 -7.055 -7.004 -7.585 -7.784 -7.418 -6.317 -5.801 -5.194 -7.644
0.008545 -8.535 -8.52 -8.483 -8.314 -8.076 -7.783 -8.348 -8.282 -8.073 -7.774 -7.444 -7.047 -8.289 -7.984 -7.596 -7.288 -6.989 -7.967 -7.619 -7.316 -7.106 -7.054 -7.635 -7.833 -7.469 -6.371 -5.854 -5.249 -7.693
0.008803 -8.569 -8.558 -8.523 -8.359 -8.124 -7.833 -8.389 -8.327 -8.12 -7.823 -7.495 -7.099 -8.335 -8.032 -7.646 -7.34 -7.041 -8.015 -7.669 -7.367 -7.157 -7.104 -7.685 -7.882 -7.519 -6.424 -5.908 -5.303 -7.742
0.009069 -8.603 -8.595 -8.562 -8.404 -8.171 -7.882 -8.429 -8.372 -8.168 -7.872 -7.546 -7.151 -8.38 -8.08 -7.696 -7.391 -7.093 -8.063 -7.719 -7.418 -7.208 -7.154 -7.735 -7.931 -7.57 -6.477 -5.962 -5.357 -7.792
0.009344 -8.636 -8.632 -8.602 -8.449 -8.219 -7.931 -8.469 -8.417 -8.215 -7.921 -7.596 -7.203 -8.425 -8.128 -7.746 -7.442 -7.145 -8.111 -7.768 -7.468 -7.259 -7.204 -7.784 -7.98 -7.62 -6.53 -6.016 -5.412 -7.841
0.009626 -8.669 -8.668 -8.64 -8.493 -8.266 -7.98 -8.509 -8.462 -8.262 -7.971 -7.647 -7.255 -8.47 -8.176 -7.796 -7.493 -7.197 -8.159 -7.818 -7.519 -7.31 -7.254 -7.833 -8.028 -7.671 -6.583 -6.069 -5.466 -7.89
0.009917 -8.702 -8.704 -8.679 -8.537 -8.312 -8.029 -8.549 -8.507 -8.309 -8.019 -7.697 -7.306 -8.514 -8.224 -7.846 -7.544 -7.249 -8.207 -7.867 -7.57 -7.36 -7.304 -7.883 -8.077 -7.721 -6.636 -6.123 -5.52 -7.938
0.010217 -8.734 -8.74 -8.717 -8.581 -8.359 -8.078 -8.588 -8.551 -8.356 -8.068 -7.747 -7.358 -8.559 -8.271 -7.895 -7.595 -7.3 -8.254 -7.917 -7.62 -7.411 -7.353 -7.932 -8.125 -7.771 -6.689 -6.177 -5.574 -7.987
0.010526 -8.766 -8.776 -8.755 -8.625 -8.406 -8.126 -8.628 -8.596 -8.402 -8.117 -7.797 -7.409 -8.603 -8.318 -7.945 -7.646 -7.352 -8.301 -7.966 -7.67 -7.462 -7.403 -7.981 -8.173 -7.821 -6.742 -6.23 -5.628 -8.035
0.010845 -8.798 -8.811 -8.793 -8.669 -8.452 -8.175 -8.666 -8.64 -8.448 -8.165 -7.847 -7.46 -8.647 -8.365 -7.994 -7.696 -7.403 -8.349 -8.015 -7.72 -7.512 -7.452 -8.03 -8.221 -7.871 -6.794 -6.283 -5.682 -8.084
0.011173 -8.829 -8.846 -8.831 -8.712 -8.498 -8.223 -8.705 -8.683 -8.495 -8.214 -7.897 -7.512 -8.691 -8.412 -8.044 -7.747 -7.455 -8.396 -8.064 -7.771 -7.563 -7.502 -8.078 -8.269 -7.921 -6.847 -6.337 -5.736 -8.132
0.011511 -8.86 -8.88 -8.868 -8.755 -8.544 -8.271 -8.744 -8.727 -8.541 -8.262 -7.947 -7.563 -8.734 -8.459 -8.093 -7.797 -7.506 -8.442 -8.113 -7.821 -7.613 -7.551 -8.127 -8.317 -7.97 -6.9 -6.39 -5.79 -8.18
0.011859 -8.891 -8.915 -8.905 -8.798 -8.59 -8.32 -8.782 -8.771 -8.587 -8.31 -7.997 -7.614 -8.778 -8.506 -8.142 -7.848 -7.557 -8.489 -8.162 -7.87 -7.663 -7.601 -8.176 -8.364 -8.02 -6.952 -6.443 -5.844 -8.228
0.012217 -8.921 -8.949 -8.941 -8.841 -8.636 -8.368 -8.82 -8.814 -8.632 -8.358 -8.046 -7.665 -8.821 -8.552 -8.191 -7.898 -7.608 -8.536 -8.211 -7.92 -7.714 -7.65 -8.224 -8.412 -8.069 -7.004 -6.496 -5.897 -8.276
0.012587 -8.951 -8.982 -8.978 -8.883 -8.682 -8.415 -8.858 -8.857 -8.678 -8.406 -8.096 -7.715 -8.864 -8.599 -8.24 -7.948 -7.659 -8.582 -8.259 -7.97 -7.764 -7.699 -8.272 -8.459 -8.119 -7.057 -6.549 -5.951 -8.324
0.012968 -8.981 -9.015 -9.014 -8.926 -8.727 -8.463 -8.895 -8.9 -8.723 -8.454 -8.145 -7.766 -8.907 -8.645 -8.289 -7.998 -7.71 -8.629 -8.308 -8.02 -7.814 -7.748 -8.32 -8.506 -8.168 -7.109 -6.602 -6.005 -8.371
0.01336 -9.01 -9.048 -9.05 -8.968 -8.772 -8.511 -8.932 -8.942 -8.769 -8.501 -8.194 -7.817 -8.949 -8.691 -8.337 -8.048 -7.761 -8.675 -8.356 -8.069 -7.864 -7.797 -8.368 -8.554 -8.217 -7.161 -6.655 -6.058 -8.419
0.013764 -9.039 -9.081 -9.085 -9.01 -8.817 -8.558 -8.97 -8.985 -8.814 -8.549 -8.243 -7.867 -8.991 -8.737 -8.386 -8.098 -7.812 -8.721 -8.404 -8.119 -7.914 -7.846 -8.416 -8.6 -8.266 -7.214 -6.708 -6.112 -8.466
0.01418 -9.067 -9.113 -9.12 -9.051 -8.862 -8.605 -9.006 -9.027 -8.859 -8.596 -8.292 -7.918 -9.034 -8.782 -8.434 -8.147 -7.863 -8.767 -8.452 -8.168 -7.963 -7.895 -8.464 -8.647 -8.315 -7.266 -6.761 -6.165 -8.514
0.014609 -9.095 -9.145 -9.155 -9.093 -8.907 -8.653 -9.043 -9.069 -8.903 -8.644 -8.341 -7.968 -9.076 -8.828 -8.482 -8.197 -7.913 -8.812 -8.5 -8.217 -8.013 -7.944 -8.512 -8.694 -8.364 -7.318 -6.814 -6.219 -8.561
0.015051 -9.123 -9.177 -9.19 -9.134 -8.951 -8.7 -9.079 -9.111 -8.948 -8.691 -8.39 -8.019 -9.117 -8.873 -8.53 -8.246 -7.964 -8.858 -8.548 -8.266 -8.063 -7.993 -8.559 -8.74 -8.412 -7.37 -6.867 -6.272 -8.608
0.015506 -9.151 -9.208 -9.224 -9.175 -8.996 -8.747 -9.115 -9.153 -8.992 -8.738 -8.439 -8.069 -9.159 -8.919 -8.578 -8.296 -8.014 -8.903 -8.596 -8.315 -8.112 -8.042 -8.607 -8.787 -8.461 -7.421 -6.919 -6.325 -8.654
0.015975 -9.178 -9.239 -9.258 -9.216 -9.04 -8.793 -9.151 -9.194 -9.037 -8.784 -8.487 -8.119 -9.2 -8.964 -8.626 -8.345 -8.064 -8.948 -8.643 -8.364 -8.162 -8.091 -8.654 -8.833 -8.51 -7.473 -6.972 -6.379 -8.701
0.016458 -9.204 -9.269 -9.292 -9.257 -9.084 -8.84 -9.187 -9.235 -9.081 -8.831 -8.536 -8.169 -9.241 -9.009 -8.674 -8.394 -8.115 -8.994 -8.691 -8.413 -8.211 -8.14 -8.701 -8.879 -8.558 -7.525 -7.025 -6.432 -8.748
0.016956 -9.231 -9.299 -9.325 -9.297 -9.128 -8.886 -9.222 -9.276 -9.125 -8.878 -8.584 -8.219 -9.282 -9.053 -8.722 -8.444 -8.165 -9.038 -8.738 -8.462 -8.261 -8.188 -8.748 -8.925 -8.606 -7.577 -7.077 -6.485 -8.794
0.017469 -9.256 -9.329 -9.359 -9.337 -9.172 -8.933 -9.257 -9.317 -9.168 -8.924 -8.632 -8.269 -9.323 -9.098 -8.769 -8.493 -8.215 -9.083 -8.786 -8.511 -8.31 -8.237 -8.795 -8.971 -8.654 -7.628 -7.13 -6.538 -8.84
0.017997 -9.282 -9.359 -9.391 -9.377 -9.215 -8.979 -9.292 -9.358 -9.212 -8.97 -8.68 -8.318 -9.363 -9.143 -8.817 -8.541 -8.265 -9.128 -8.833 -8.559 -8.359 -8.285 -8.842 -9.017 -8.702 -7.68 -7.182 -6.591 -8.887
0.018541 -9.307 -9.388 -9.424 -9.417 -9.259 -9.025 -9.327 -9.398 -9.255 -9.016 -8.728 -8.368 -9.404 -9.187 -8.864 -8.59 -8.315 -9.172 -8.88 -8.608 -8.408 -8.334 -8.888 -9.062 -8.75 -7.731 -7.234 -6.644 -8.933
0.019102 -9.332 -9.416 -9.456 -9.456 -9.302 -9.071 -9.361 -9.438 -9.298 -9.062 -8.776 -8.418 -9.444 -9.231 -8.911 -8.639 -8.365 -9.217 -8.927 -8.656 -8.457 -8.382 -8.935 -9.107 -8.798 -7.783 -7.287 -6.697 -8.978
0.01968 -9.356 -9.445 -9.488 -9.495 -9.345 -9.117 -9.395 -9.478 -9.341 -9.108 -8.824 -8.467 -9.483 -9.275 -8.958 -8.688 -8.414 -9.261 -8.974 -8.705 -8.506 -8.431 -8.981 -9.153 -8.846 -7.834 -7.339 -6.75 -9.024
0.020275 -9.38 -9.473 -9.519 -9.534 -9.388 -9.163 -9.429 -9.518 -9.384 -9.154 -8.872 -8.517 -9.523 -9.319 -9.005 -8.736 -8.464 -9.305 -9.02 -8.753 -8.555 -8.479 -9.027 -9.198 -8.893 -7.885 -7.391 -6.803 -9.07
0.020888 -9.403 -9.5 -9.551 -9.573 -9.43 -9.208 -9.463 -9.557 -9.427 -9.199 -8.919 -8.566 -9.562 -9.362 -9.052 -8.785 -8.514 -9.349 -9.067 -8.801 -8.604 -8.527 -9.073 -9.243 -8.94 -7.937 -7.443 -6.856 -9.115
0.02152 -9.427 -9.527 -9.581 -9.612 -9.473 -9.253 -9.496 -9.596 -9.469 -9.245 -8.967 -8.615 -9.602 -9.406 -9.099 -8.833 -8.563 -9.392 -9.113 -8.849 -8.652 -8.575 -9.119 -9.287 -8.988 -7.988 -7.495 -6.909 -9.161
0.022171 -9.449 -9.554 -9.612 -9.65 -9.515 -9.299 -9.529 -9.635 -9.512 -9.29 -9.014 -8.664 -9.64 -9.449 -9.145 -8.881 -8.613 -9.436 -9.16 -8.897 -8.701 -8.624 -9.165 -9.332 -9.035 -8.039 -7.547 -6.962 -9.206
0.022841 -9.472 -9.581 -9.642 -9.688 -9.557 -9.344 -9.562 -9.674 -9.554 -9.335 -9.061 -8.713 -9.679 -9.492 -9.192 -8.929 -8.662 -9.479 -9.206 -8.945 -8.749 -8.672 -9.211 -9.376 -9.082 -8.09 -7.599 -7.015 -9.251
0.023532 -9.493 -9.607 -9.672 -9.726 -9.599 -9.389 -9.595 -9.713 -9.596 -9.38 -9.108 -8.762 -9.717 -9.535 -9.238 -8.977 -8.711 -9.523 -9.252 -8.992 -8.798 -8.72 -9.257 -9.421 -9.129 -8.141 -7.651 -7.067 -9.296
0.024244 -9.515 -9.632 -9.702 -9.764 -9.641 -9.434 -9.627 -9.751 -9.637 -9.425 -9.155 -8.811 -9.756 -9.578 -9.284 -9.025 -8.76 -9.566 -9.298 -9.04 -8.846 -8.768 -9.302 -9.465 -9.176 -8.192 -7.703 -7.12 -9.341
0.024977 -9.536 -9.657 -9.731 -9.801 -9.682 -9.478 -9.66 -9.789 -9.679 -9.47 -9.202 -8.86 -9.794 -9.62 -9.33 -9.073 -8.809 -9.608 -9.344 -9.087 -8.895 -8.815 -9.347 -9.509 -9.223 -8.243 -7.755 -7.172 -9.385
0.025733 -9.557 -9.682 -9.76 -9.838 -9.723 -9.523 -9.691 -9.827 -9.72 -9.514 -9.249 -8.908 -9.831 -9.663 -9.376 -9.12 -8.858 -9.651 -9.389 -9.135 -8.943 -8.863 -9.392 -9.553 -9.269 -8.293 -7.806 -7.225 -9.43
0.026511 -9.577 -9.707 -9.788 -9.875 -9.765 -9.567 -9.723 -9.864 -9.761 -9.559 -9.295 -8.957 -9.869 -9.705 -9.422 -9.168 -8.907 -9.694 -9.435 -9.182 -8.991 -8.911 -9.437 -9.596 -9.316 -8.344 -7.858 -7.278 -9.474
0.027313 -9.596 -9.731 -9.816 -9.911 -9.805 -9.611 -9.754 -9.902 -9.802 -9.603 -9.342 -9.005 -9.906 -9.747 -9.467 -9.215 -8.956 -9.736 -9.48 -9.229 -9.039 -8.959 -9.482 -9.64 -9.362 -8.395 -7.91 -7.33 -9.518
0.028139 -9.616 -9.754 -9.844 -9.948 -9.846 -9.655 -9.786 -9.939 -9.843 -9.647 -9.388 -9.054 -9.943 -9.789 -9.513 -9.263 -9.004 -9.778 -9.526 -9.276 -9.087 -9.006 -9.527 -9.683 -9.408 -8.445 -7.961 -7.382 -9.562
0.02899 -9.634 -9.777 -9.872 -9.984 -9.887 -9.699 -9.816 -9.975 -9.883 -9.691 -9.434 -9.102 -9.979 -9.831 -9.558 -9.31 -9.053 -9.82 -9.571 -9.323 -9.135 -9.054 -9.572 -9.726 -9.454 -8.496 -8.013 -7.435 -9.606
0.029867 -9.653 -9.8 -9.899 -10.019 -9.927 -9.743 -9.847 -10.012 -9.924 -9.735 -9.481 -9.15 -10.016 -9.872 -9.603 -9.357 -9.101 -9.862 -9.616 -9.37 -9.182 -9.101 -9.616 -9.769 -9.5 -8.546 -8.064 -7.487 -9.65
0.03077 -9.671 -9.822 -9.925 -10.055 -9.967 -9.786 -9.877 -10.048 -9.964 -9.778 -9.527 -9.198 -10.052 -9.913 -9.648 -9.404 -9.15 -9.904 -9.661 -9.417 -9.23 -9.149 -9.66 -9.812 -9.546 -8.596 -8.116 -7.539 -9.693
0.031701 -9.688 -9.844 -9.952 -10.09 -10.007 -9.83 -9.907 -10.084 -10.004 -9.822 -9.572 -9.246 -10.088 -9.954 -9.693 -9.451 -9.198 -9.945 -9.705 -9.464 -9.277 -9.196 -9.704 -9.855 -9.592 -8.647 -8.167 -7.592 -9.737
0.032659 -9.705 -9.865 -9.978 -10.125 -10.046 -9.873 -9.937 -10.12 -10.043 -9.865 -9.618 -9.294 -10.123 -9.995 -9.738 -9.497 -9.246 -9.986 -9.75 -9.51 -9.325 -9.243 -9.748 -9.897 -9.637 -8.697 -8.218 -7.644 -9.78
0.033647 -9.722 -9.886 -10.003 -10.159 -10.086 -9.916 -9.967 -10.155 -10.083 -9.908 -9.664 -9.342 -10.159 -10.036 -9.782 -9.544 -9.294 -10.027 -9.794 -9.556 -9.372 -9.291 -9.792 -9.939 -9.683 -8.747 -8.269 -7.696 -9.823
0.034665 -9.738 -9.906 -10.028 -10.194 -10.125 -9.959 -9.996 -10.19 -10.122 -9.951 -9.709 -9.389 -10.194 -10.076 -9.827 -9.591 -9.342 -10.068 -9.839 -9.603 -9.42 -9.338 -9.836 -9.982 -9.728 -8.797 -8.321 -7.748 -9.866
0.035713 -9.753 -9.926 -10.053 -10.228 -10.164 -10.001 -10.025 -10.225 -10.161 -9.993 -9.754 -9.437 -10.228 -10.117 -9.871 -9.637 -9.39 -10.109 -9.883 -9.649 -9.467 -9.385 -9.879 -10.023 -9.773 -8.847 -8.372 -7.8 -9.909
0.036793 -9.768 -9.946 -10.077 -10.261 -10.203 -10.044 -10.054 -10.26 -10.2 -10.036 -9.799 -9.484 -10.263 -10.157 -9.915 -9.683 -9.438 -10.149 -9.927 -9.695 -9.514 -9.432 -9.923 -10.065 -9.818 -8.897 -8.423 -7.852 -9.951
0.037906 -9.783 -9.964 -10.101 -10.295 -10.241 -10.086 -10.082 -10.294 -10.238 -10.078 -9.844 -9.532 -10.297 -10.196 -9.959 -9.729 -9.485 -10.189 -9.971 -9.741 -9.561 -9.478 -9.966 -10.107 -9.863 -8.947 -8.474 -7.904 -9.994
0.039052 -9.797 -9.983 -10.125 -10.328 -10.279 -10.128 -10.11 -10.328 -10.277 -10.121 -9.889 -9.579 -10.331 -10.236 -10.003 -9.775 -9.533 -10.229 -10.014 -9.787 -9.608 -9.525 -10.009 -10.148 -9.907 -8.996 -8.525 -7.956 -10.036
0.040234 -9.81 -10.001 -10.148 -10.361 -10.317 -10.17 -10.138 -10.362 -10.315 -10.163 -9.934 -9.626 -10.364 -10.275 -10.047 -9.821 -9.58 -10.269 -10.058 -9.832 -9.654 -9.572 -10.051 -10.189 -9.952 -9.046 -8.575 -8.007 -10.078
0.04145 -9.823 -10.018 -10.171 -10.393 -10.355 -10.212 -10.165 -10.395 -10.352 -10.204 -9.978 -9.673 -10.398 -10.315 -10.09 -9.867 -9.627 -10.309 -10.101 -9.878 -9.701 -9.619 -10.094 -10.23 -9.996 -9.095 -8.626 -8.059 -10.12
0.042704 -9.835 -10.035 -10.193 -10.425 -10.393 -10.253 -10.193 -10.428 -10.39 -10.246 -10.023 -9.72 -10.431 -10.353 -10.134 -9.912 -9.675 -10.348 -10.144 -9.923 -9.747 -9.665 -10.137 -10.271 -10.04 -9.145 -8.677 -8.111 -10.162
0.043996 -9.847 -10.051 -10.215 -10.457 -10.43 -10.295 -10.22 -10.461 -10.427 -10.287 -10.067 -9.766 -10.463 -10.392 -10.177 -9.958 -9.722 -10.387 -10.187 -9.968 -9.794 -9.712 -10.179 -10.311 -10.085 -9.194 -8.727 -8.163 -10.203
0.045326 -9.859 -10.067 -10.236 -10.489 -10.467 -10.336 -10.246 -10.494 -10.464 -10.329 -10.111 -9.813 -10.495 -10.431 -10.22 -10.003 -9.769 -10.426 -10.23 -10.013 -9.84 -9.758 -10.221 -10.352 -10.128 -9.244 -8.778 -8.214 -10.244
0.046697 -9.869 -10.082 -10.257 -10.52 -10.504 -10.377 -10.273 -10.526 -10.501 -10.369 -10.155 -9.859 -10.527 -10.469 -10.262 -10.048 -9.815 -10.465 -10.273 -10.058 -9.886 -9.804 -10.263 -10.392 -10.172 -9.293 -8.829 -8.266 -10.285
0.048109 -9.88 -10.097 -10.277 -10.55 -10.54 -10.417 -10.299 -10.557 -10.537 -10.41 -10.199 -9.906 -10.559 -10.507 -10.305 -10.093 -9.862 -10.503 -10.315 -10.103 -9.932 -9.85 -10.305 -10.432 -10.216 -9.342 -8.879 -8.317 -10.326
0.049564 -9.889 -10.111 -10.297 -10.581 -10.576 -10.458 -10.324 -10.589 -10.574 -10.451 -10.242 -9.952 -10.59 -10.544 -10.347 -10.138 -9.909 -10.541 -10.357 -10.148 -9.978 -9.896 -10.346 -10.471 -10.259 -9.391 -8.929 -8.369 -10.367
0.051063 -9.898 -10.125 -10.317 -10.611 -10.612 -10.498 -10.35 -10.62 -10.61 -10.491 -10.286 -9.998 -10.621 -10.582 -10.39 -10.183 -9.955 -10.579 -10.4 -10.192 -10.024 -9.942 -10.388 -10.511 -10.302 -9.44 -8.98 -8.42 -10.408
0.052608 -9.907 -10.138 -10.336 -10.641 -10.648 -10.538 -10.375 -10.651 -10.645 -10.531 -10.329 -10.044 -10.651 -10.619 -10.432 -10.227 -10.001 -10.617 -10.441 -10.237 -10.07 -9.988 -10.429 -10.55 -10.345 -9.489 -9.03 -8.471 -10.448
0.054199 -9.915 -10.15 -10.354 -10.67 -10.683 -10.578 -10.4 -10.681 -10.681 -10.571 -10.372 -10.09 -10.682 -10.656 -10.474 -10.271 -10.048 -10.655 -10.483 -10.281 -10.115 -10.034 -10.47 -10.589 -10.388 -9.537 -9.08 -8.523 -10.488
0.055838 -9.922 -10.162 -10.372 -10.699 -10.718 -10.618 -10.424 -10.711 -10.716 -10.611 -10.415 -10.135 -10.711 -10.692 -10.515 -10.316 -10.094 -10.692 -10.525 -10.325 -10.161 -10.08 -10.51 -10.628 -10.431 -9.586 -9.13 -8.574 -10.528
0.057527 -9.929 -10.173 -10.39 -10.727 -10.753 -10.657 -10.448 -10.741 -10.75 -10.65 -10.458 -10.181 -10.741 -10.729 -10.557 -10.36 -10.139 -10.729 -10.566 -10.369 -10.206 -10.125 -10.551 -10.666 -10.473 -9.634 -9.18 -8.625 -10.568
0.059267 -9.935 -10.184 -10.407 -10.755 -10.787 -10.696 -10.472 -10.77 -10.785 -10.69 -10.5 -10.226 -10.77 -10.765 -10.598 -10.404 -10.185 -10.765 -10.607 -10.413 -10.251 -10.171 -10.591 -10.704 -10.516 -9.683 -9.23 -8.676 -10.607
0.061059 -9.94 -10.194 -10.423 -10.783 -10.821 -10.735 -10.496 -10.799 -10.819 -10.729 -10.542 -10.271 -10.798 -10.801 -10.639 -10.447 -10.231 -10.802 -10.648 -10.456 -10.296 -10.216 -10.631 -10.742 -10.558 -9.731 -9.279 -8.727 -10.646
0.062906 -9.945 -10.203 -10.439 -10.81 -10.855 -10.773 -10.519 -10.827 -10.853 -10.767 -10.585 -10.316 -10.827 -10.836 -10.68 -10.491 -10.276 -10.838 -10.689 -10.5 -10.341 -10.261 -10.671 -10.78 -10.6 -9.779 -9.329 -8.778 -10.685
0.064808 -9.949 -10.211 -10.454 -10.837 -10.888 -10.812 -10.541 -10.855 -10.886 -10.806 -10.626 -10.361 -10.854 -10.871 -10.72 -10.534 -10.322 -10.873 -10.729 -10.543 -10.385 -10.306 -10.711 -10.818 -10.641 -9.828 -9.379 -8.829 -10.724
0.066769 -9.952 -10.219 -10.469 -10.864 -10.922 -10.85 -10.564 -10.883 -10.919 -10.844 -10.668 -10.406 -10.882 -10.906 -10.76 -10.577 -10.367 -10.909 -10.769 -10.586 -10.43 -10.351 -10.75 -10.855 -10.683 -9.876 -9.428 -8.879 -10.763
0.068788 -9.955 -10.226 -10.483 -10.89 -10.954 -10.888 -10.586 -10.91 -10.952 -10.882 -10.71 -10.45 -10.909 -10.941 -10.801 -10.62 -10.412 -10.944 -10.809 -10.629 -10.474 -10.396 -10.789 -10.892 -10.724 -9.923 -9.478 -8.93 -10.801
0.070868 -9.957 -10.233 -10.497 -10.915 -10.987 -10.925 -10.608 -10.936 -10.985 -10.919 -10.751 -10.495 -10.935 -10.975 -10.84 -10.663 -10.456 -10.979 -10.849 -10.671 -10.519 -10.44 -10.828 -10.928 -10.765 -9.971 -9.527 -8.981 -10.839
0.073012 -9.958 -10.238 -10.51 -10.94 -11.019 -10.963 -10.629 -10.963 -11.017 -10.957 -10.792 -10.539 -10.961 -11.009 -10.88 -10.705 -10.501 -11.014 -10.889 -10.714 -10.563 -10.485 -10.867 -10.965 -10.806 -10.019 -9.576 -9.031 -10.877
0.07522 -9.958 -10.243 -10.522 -10.965 -11.05 -10.999 -10.65 -10.988 -11.048 -10.994 -10.833 -10.583 -10.987 -11.042 -10.919 -10.748 -10.546 -11.048 -10.928 -10.756 -10.606 -10.529 -10.905 -11.001 -10.846 -10.066 -9.625 -9.082 -10.914
0.077495 -9.958 -10.248 -10.534 -10.989 -11.082 -11.036 -10.67 -11.014 -11.08 -11.031 -10.873 -10.627 -11.012 -11.075 -10.958 -10.79 -10.59 -11.082 -10.967 -10.798 -10.65 -10.573 -10.943 -11.036 -10.887 -10.114 -9.674 -9.132 -10.951
0.079839 -9.957 -10.251 -10.545 -11.012 -11.112 -11.072 -10.69 -11.039 -11.11 -11.067 -10.914 -10.671 -11.036 -11.108 -10.997 -10.832 -10.634 -11.115 -11.006 -10.84 -10.694 -10.618 -10.981 -11.072 -10.927 -10.161 -9.723 -9.182 -10.988
0.082253 -9.955 -10.254 -10.556 -11.035 -11.143 -11.108 -10.71 -11.063 -11.141 -11.103 -10.954 -10.714 -11.06 -11.141 -11.036 -10.873 -10.678 -11.148 -11.044 -10.882 -10.737 -10.661 -11.019 -11.107 -10.967 -10.208 -9.772 -9.232 -11.025
0.084741 -9.953 -10.255 -10.565 -11.058 -11.173 -11.144 -10.729 -11.087 -11.171 -11.139 -10.994 -10.757 -11.084 -11.173 -11.074 -10.915 -10.722 -11.181 -11.082 -10.923 -10.78 -10.705 -11.056 -11.141 -11.006 -10.255 -9.821 -9.283 -11.061
0.087304 -9.949 -10.256 -10.574 -11.08 -11.202 -11.18 -10.748 -11.11 -11.201 -11.174 -11.033 -10.8 -11.107 -11.204 -11.112 -10.956 -10.765 -11.213 -11.12 -10.964 -10.823 -10.749 -11.093 -11.176 -11.046 -10.302 -9.869 -9.333 -11.098
0.089944 -9.945 -10.256 -10.583 -11.101 -11.232 -11.215 -10.766 -11.133 -11.23 -11.21 -11.072 -10.843 -11.129 -11.236 -11.15 -10.997 -10.808 -11.246 -11.158 -11.005 -10.866 -10.792 -11.13 -11.21 -11.085 -10.348 -9.918 -9.382 -11.133
0.092665 -9.94 -10.255 -10.59 -11.122 -11.26 -11.249 -10.784 -11.155 -11.259 -11.244 -11.111 -10.886 -11.151 -11.266 -11.187 -11.038 -10.852 -11.277 -11.195 -11.046 -10.908 -10.835 -11.166 -11.243 -11.123 -10.395 -9.966 -9.432 -11.169
0.095467 -9.934 -10.254 -10.597 -11.142 -11.289 -11.284 -10.802 -11.177 -11.287 -11.279 -11.15 -10.928 -11.172 -11.297 -11.224 -11.078 -10.894 -11.308 -11.232 -11.086 -10.95 -10.878 -11.202 -11.277 -11.162 -10.441 -10.014 -9.482 -11.204
0.098355 -9.927 -10.251 -10.603 -11.162 -11.316 -11.317 -10.819 -11.198 -11.315 -11.313 -11.189 -10.97 -11.193 -11.327 -11.261 -11.118 -10.937 -11.339 -11.269 -11.126 -10.992 -10.921 -11.238 -11.31 -11.2 -10.487 -10.062 -9.531 -11.239
0.101329 -9.919 -10.247 -10.608 -11.181 -11.344 -11.351 -10.835 -11.218 -11.342 -11.346 -11.227 -11.012 -11.213 -11.356 -11.297 -11.158 -10.98 -11.369 -11.305 -11.166 -11.034 -10.964 -11.273 -11.342 -11.238 -10.534 -10.11 -9.581 -11.273
0.104394 -9.91 -10.242 -10.613 -11.199 -11.37 -11.384 -10.851 -11.238 -11.369 -11.38 -11.265 -11.054 -11.233 -11.385 -11.333 -11.198 -11.022 -11.399 -11.341 -11.206 -11.076 -11.006 -11.308 -11.374 -11.275 -10.579 -10.158 -9.63 -11.307
0.107551 -9.9 -10.237 -10.616 -11.216 -11.396 -11.417 -10.866 -11.257 -11.395 -11.413 -11.302 -11.095 -11.251 -11.414 -11.369 -11.237 -11.064 -11.429 -11.377 -11.245 -11.117 -11.048 -11.343 -11.406 -11.312 -10.625 -10.206 -9.68 -11.341
0.110804 -9.889 -10.23 -10.619 -11.233 -11.422 -11.449 -10.881 -11.275 -11.421 -11.445 -11.339 -11.136 -11.269 -11.442 -11.404 -11.276 -11.105 -11.458 -11.412 -11.284 -11.158 -11.09 -11.377 -11.437 -11.349 -10.67 -10.253 -9.729 -11.374
0.114155 -9.877 -10.222 -10.62 -11.25 -11.447 -11.481 -10.896 -11.293 -11.446 -11.477 -11.376 -11.177 -11.287 -11.469 -11.439 -11.315 -11.147 -11.486 -11.447 -11.322 -11.199 -11.132 -11.411 -11.468 -11.386 -10.716 -10.301 -9.778 -11.407
0.117608 -9.864 -10.213 -10.621 -11.265 -11.472 -11.512 -10.909 -11.31 -11.471 -11.508 -11.412 -11.218 -11.303 -11.496 -11.473 -11.353 -11.188 -11.514 -11.481 -11.361 -11.239 -11.173 -11.445 -11.498 -11.422 -10.761 -10.348 -9.826 -11.439
0.121165 -9.85 -10.203 -10.621 -11.28 -11.496 -11.543 -10.923 -11.326 -11.495 -11.539 -11.448 -11.258 -11.319 -11.523 -11.507 -11.391 -11.229 -11.542 -11.515 -11.399 -11.28 -11.215 -11.478 -11.528 -11.458 -10.806 -10.395 -9.875 -11.472
0.124829 -9.835 -10.191 -10.62 -11.293 -11.519 -11.573 -10.935 -11.342 -11.518 -11.57 -11.484 -11.298 -11.334 -11.549 -11.541 -11.429 -11.269 -11.568 -11.549 -11.436 -11.32 -11.256 -11.51 -11.557 -11.493 -10.85 -10.441 -9.924 -11.503
0.128605 -9.819 -10.178 -10.618 -11.306 -11.541 -11.603 -10.947 -11.357 -11.541 -11.6 -11.519 -11.338 -11.349 -11.574 -11.574 -11.466 -11.31 -11.595 -11.582 -11.474 -11.359 -11.296 -11.543 -11.586 -11.528 -10.895 -10.488 -9.972 -11.534
0.132494 -9.801 -10.164 -10.615 -11.319 -11.563 -11.633 -10.958 -11.37 -11.563 -11.63 -11.554 -11.377 -11.362 -11.598 -11.607 -11.503 -11.349 -11.62 -11.614 -11.511 -11.398 -11.337 -11.574 -11.614 -11.562 -10.939 -10.534 -10.02 -11.565
0.136502 -9.782 -10.149 -10.61 -11.33 -11.585 -11.661 -10.969 -11.383 -11.584 -11.658 -11.588 -11.416 -11.375 -11.622 -11.639 -11.539 -11.389 -11.645 -11.647 -11.547 -11.437 -11.377 -11.605 -11.641 -11.596 -10.983 -10.581 -10.068 -11.595
0.14063 -9.762 -10.132 -10.605 -11.34 -11.605 -11.69 -10.979 -11.396 -11.605 -11.687 -11.622 -11.454 -11.386 -11.646 -11.671 -11.576 -11.428 -11.67 -11.678 -11.583 -11.476 -11.416 -11.636 -11.668 -11.63 -11.026 -10.627 -10.116 -11.625
0.144883 -9.741 -10.114 -10.598 -11.35 -11.625 -11.717 -10.988 -11.407 -11.625 -11.715 -11.656 -11.493 -11.397 -11.668 -11.702 -11.611 -11.467 -11.693 -11.709 -11.619 -11.514 -11.456 -11.666 -11.695 -11.663 -11.07 -10.672 -10.164 -11.654
0.149265 -9.718 -10.094 -10.59 -11.358 -11.644 -11.744 -10.996 -11.417 -11.644 -11.742 -11.689 -11.53 -11.407 -11.69 -11.732 -11.646 -11.506 -11.716 -11.74 -11.654 -11.552 -11.495 -11.696 -11.72 -11.696 -11.113 -10.718 -10.212 -11.683
0.15378 -9.694 -10.073 -10.581 -11.365 -11.662 -11.77 -11.004 -11.426 -11.662 -11.768 -11.721 -11.568 -11.416 -11.711 -11.762 -11.681 -11.544 -11.739 -11.77 -11.689 -11.589 -11.534 -11.725 -11.746 -11.728 -11.156 -10.763 -10.259 -11.711
0.15843 -9.668 -10.05 -10.57 -11.371 -11.679 -11.796 -11.011 -11.434 -11.679 -11.794 -11.753 -11.605 -11.423 -11.731 -11.792 -11.715 -11.581 -11.76 -11.799 -11.723 -11.626 -11.572 -11.753 -11.77 -11.759 -11.198 -10.808 -10.306 -11.738
0.163222 -9.641 -10.025 -10.558 -11.376 -11.695 -11.821 -11.017 -11.441 -11.696 -11.819 -11.784 -11.641 -11.43 -11.751 -11.821 -11.749 -11.618 -11.781 -11.828 -11.757 -11.663 -11.61 -11.781 -11.794 -11.79 -11.24 -10.853 -10.353 -11.765
0.168159 -9.612 -9.998 -10.544 -11.38 -11.711 -11.845 -11.022 -11.447 -11.711 -11.843 -11.815 -11.677 -11.435 -11.769 -11.849 -11.782 -11.655 -11.801 -11.856 -11.79 -11.699 -11.647 -11.809 -11.816 -11.82 -11.282 -10.898 -10.4 -11.791
0.173245 -9.581 -9.97 -10.529 -11.383 -11.725 -11.868 -11.026 -11.452 -11.726 -11.867 -11.845 -11.713 -11.439 -11.787 -11.876 -11.815 -11.692 -11.82 -11.884 -11.822 -11.734 -11.685 -11.835 -11.838 -11.85 -11.324 -10.942 -10.446 -11.817
0.178484 -9.549 -9.94 -10.513 -11.384 -11.738 -11.891 -11.029 -11.455 -11.739 -11.89 -11.875 -11.748 -11.442 -11.804 -11.903 -11.847 -11.727 -11.838 -11.911 -11.855 -11.769 -11.721 -11.861 -11.86 -11.879 -11.365 -10.986 -10.492 -11.841
0.183882 -9.515 -9.907 -10.495 -11.384 -11.751 -11.912 -11.031 -11.457 -11.752 -11.912 -11.903 -11.782 -11.444 -11.82 -11.929 -11.878 -11.763 -11.855 -11.937 -11.886 -11.804 -11.757 -11.886 -11.88 -11.907 -11.405 -11.029 -10.538 -11.865
0.189444 -9.479 -9.873 -10.475 -11.383 -11.762 -11.933 -11.032 -11.458 -11.763 -11.933 -11.931 -11.816 -11.444 -11.834 -11.954 -11.909 -11.797 -11.871 -11.962 -11.917 -11.838 -11.793 -11.91 -11.9 -11.935 -11.446 -11.073 -10.584 -11.889
0.195173 -9.442 -9.836 -10.453 -11.38 -11.772 -11.953 -11.032 -11.458 -11.773 -11.953 -11.959 -11.85 -11.442 -11.848 -11.978 -11.939 -11.831 -11.886 -11.986 -11.947 -11.871 -11.828 -11.934 -11.918 -11.962 -11.486 -11.116 -10.629 -11.911
0.201076 -9.402 -9.797 -10.429 -11.375 -11.78 -11.972 -11.031 -11.455 -11.782 -11.972 -11.985 -11.882 -11.44 -11.86 -12.002 -11.968 -11.865 -11.9 -12.01 -11.976 -11.904 -11.863 -11.956 -11.935 -11.988 -11.525 -11.158 -10.674 -11.933
0.207158 -9.36 -9.755 -10.403 -11.369 -11.788 -11.99 -11.028 -11.452 -11.79 -11.99 -12.011 -11.914 -11.435 -11.872 -12.025 -11.997 -11.898 -11.913 -12.033 -12.005 -11.936 -11.897 -11.978 -11.952 -12.013 -11.564 -11.2 -10.719 -11.953
0.213423 -9.316 -9.711 -10.375 -11.361 -11.794 -12.006 -11.024 -11.446 -11.796 -12.007 -12.036 -11.946 -11.429 -11.881 -12.046 -12.025 -11.93 -11.924 -12.054 -12.033 -11.968 -11.93 -11.999 -11.967 -12.037 -11.602 -11.242 -10.764 -11.973
0.219878 -9.27 -9.664 -10.345 -11.351 -11.798 -12.022 -11.019 -11.439 -11.801 -12.023 -12.06 -11.976 -11.421 -11.89 -12.067 -12.051 -11.962 -11.935 -12.075 -12.06 -11.998 -11.963 -12.018 -11.981 -12.061 -11.64 -11.284 -10.808 -11.992
0.226528 -9.222 -9.614 -10.313 -11.34 -11.801 -12.036 -11.013 -11.43 -11.804 -12.037 -12.083 -12.006 -11.411 -11.897 -12.086 -12.078 -11.992 -11.944 -12.095 -12.086 -12.028 -11.995 -12.037 -11.994 -12.083 -11.678 -11.324 -10.851 -12.009
0.233379 -9.171 -9.561 -10.278 -11.326 -11.803 -12.049 -11.005 -11.419 -11.806 -12.05 -12.104 -12.035 -11.399 -11.903 -12.105 -12.103 -12.022 -11.951 -12.113 -12.111 -12.057 -12.026 -12.055 -12.006 -12.105 -11.715 -11.365 -10.895 -12.026
0.240437 -9.117 -9.505 -10.241 -11.31 -11.803 -12.061 -10.995 -11.406 -11.806 -12.062 -12.125 -12.064 -11.385 -11.907 -12.122 -12.127 -12.051 -11.957 -12.13 -12.135 -12.086 -12.057 -12.071 -12.016 -12.125 -11.751 -11.405 -10.938 -12.041
0.247709 -9.061 -9.446 -10.201 -11.292 -11.801 -12.071 -10.984 -11.39 -11.804 -12.073 -12.145 -12.091 -11.369 -11.91 -12.138 -12.15 -12.08 -11.962 -12.146 -12.159 -12.113 -12.087 -12.086 -12.025 -12.144 -11.786 -11.444 -10.98 -12.056
0.255201 -9.003 -9.383 -10.158 -11.272 -11.797 -12.079 -10.971 -11.373 -11.8 -12.082 -12.164 -12.117 -11.351 -11.911 -12.152 -12.172 -12.107 -11.964 -12.161 -12.181 -12.14 -12.116 -12.1 -12.032 -12.162 -11.821 -11.483 -11.022 -12.068
0.262919 -8.942 -9.317 -10.113 -11.249 -11.791 -12.086 -10.956 -11.353 -11.795 -12.089 -12.181 -12.143 -11.33 -11.91 -12.166 -12.193 -12.133 -11.965 -12.175 -12.202 -12.165 -12.144 -12.113 -12.038 -12.179 -11.855 -11.521 -11.064 -12.08
0.270871 -8.877 -9.246 -10.064 -11.223 -11.783 -12.092 -10.94 -11.33 -11.787 -12.095 -12.197 -12.167 -11.306 -11.907 -12.177 -12.212 -12.159 -11.964 -12.186 -12.222 -12.189 -12.171 -12.124 -12.042 -12.194 -11.889 -11.559 -11.105 -12.09
0.279064 -8.81 -9.172 -10.011 -11.194 -11.772 -12.095 -10.921 -11.305 -11.777 -12.099 -12.211 -12.19 -11.28 -11.901 -12.187 -12.231 -12.183 -11.962 -12.197 -12.24 -12.213 -12.197 -12.133 -12.044 -12.208 -11.921 -11.596 -11.145 -12.099
0.287504 -8.74 -9.093 -9.956 -11.163 -11.759 -12.097 -10.9 -11.277 -11.764 -12.101 -12.224 -12.212 -11.251 -11.894 -12.196 -12.248 -12.206 -11.957 -12.205 -12.257 -12.235 -12.222 -12.141 -12.044 -12.22 -11.953 -11.632 -11.185 -12.106
0.296199 -8.667 -9.009 -9.896 -11.128 -11.744 -12.097 -10.877 -11.246 -11.75 -12.101 -12.236 -12.232 -11.219 -11.885 -12.203 -12.263 -12.228 -11.949 -12.212 -12.273 -12.256 -12.246 -12.148 -12.042 -12.231 -11.984 -11.668 -11.224 -12.111
0.305157 -8.59 -8.92 -9.833 -11.09 -11.726 -12.094 -10.851 -11.211 -11.732 -12.099 -12.245 -12.252 -11.183 -11.872 -12.207 -12.277 -12.248 -11.94 -12.217 -12.287 -12.275 -12.268 -12.152 -12.038 -12.24 -12.013 -11.702 -11.263 -12.115
0.314387 -8.51 -8.826 -9.765 -11.049 -11.705 -12.089 -10.823 -11.173 -11.712 -12.095 -12.253 -12.27 -11.144 -11.858 -12.21 -12.289 -12.267 -11.928 -12.22 -12.3 -12.293 -12.29 -12.154 -12.032 -12.247 -12.042 -11.736 -11.301 -12.116
0.323895 -8.427 -8.727 -9.693 -11.003 -11.682 -12.082 -10.792 -11.132 -11.688 -12.088 -12.259 -12.286 -11.101 -11.84 -12.211 -12.3 -12.285 -11.913 -12.221 -12.31 -12.31 -12.31 -12.155 -12.023 -12.252 -12.07 -11.769 -11.338 -12.116
0.333691 -8.34 -8.621 -9.617 -10.954 -11.654 -12.072 -10.758 -11.086 -11.662 -12.079 -12.263 -12.301 -11.054 -11.82 -12.209 -12.308 -12.301 -11.895 -12.22 -12.319 -12.324 -12.328 -12.153 -12.012 -12.255 -12.096 -11.801 -11.375 -12.113
0.343783 -8.25 -8.509 -9.535 -10.9 -11.624 -12.059 -10.721 -11.037 -11.632 -12.067 -12.265 -12.314 -11.003 -11.796 -12.205 -12.315 -12.315 -11.875 -12.216 -12.326 -12.338 -12.345 -12.149 -11.997 -12.256 -12.122 -11.832 -11.411 -12.109
0.354181 -8.157 -8.391 -9.448 -10.842 -11.59 -12.044 -10.681 -10.982 -11.598 -12.052 -12.264 -12.325 -10.947 -11.769 -12.198 -12.319 -12.328 -11.851 -12.209 -12.331 -12.349 -12.361 -12.142 -11.98 -12.255 -12.146 -11.862 -11.445 -12.101
0.364893 -8.06 -8.265 -9.356 -10.778 -11.551 -12.025 -10.638 -10.924 -11.56 -12.034 -12.261 -12.334 -10.887 -11.738 -12.189 -12.321 -12.339 -11.823 -12.2 -12.333 -12.358 -12.374 -12.133 -11.96 -12.251 -12.168 -11.891 -11.479 -12.092
0.375929 -7.961 -8.131 -9.257 -10.71 -11.509 -12.002 -10.59 -10.86 -11.519 -12.012 -12.256 -12.341 -10.821 -11.704 -12.176 -12.321 -12.347 -11.792 -12.188 -12.333 -12.365 -12.386 -12.121 -11.936 -12.244 -12.189 -11.919 -11.512 -12.079
0.387298 -7.858 -7.99 -9.153 -10.635 -11.462 -11.976 -10.539 -10.79 -11.472 -11.987 -12.247 -12.345 -10.75 -11.665 -12.16 -12.318 -12.353 -11.757 -12.173 -12.33 -12.37 -12.395 -12.106 -11.909 -12.235 -12.209 -11.945 -11.544 -12.064
0.399012 -7.752 -7.839 -9.041 -10.555 -11.41 -11.947 -10.484 -10.715 -11.421 -11.958 -12.235 -12.348 -10.673 -11.622 -12.141 -12.312 -12.357 -11.718 -12.154 -12.325 -12.373 -12.403 -12.087 -11.878 -12.222 -12.226 -11.97 -11.575 -12.045
0.41108 -7.643 -7.679 -8.923 -10.468 -11.353 -11.913 -10.424 -10.633 -11.365 -11.925 -12.22 -12.347 -10.589 -11.574 -12.119 -12.303 -12.359 -11.674 -12.132 -12.317 -12.373 -12.408 -12.065 -11.842 -12.206 -12.242 -11.994 -11.605 -12.023
0.423513 -7.533 -7.509 -8.797 -10.375 -11.29 -11.874 -10.36 -10.545 -11.303 -11.887 -12.202 -12.344 -10.499 -11.52 -12.092 -12.291 -12.357 -11.625 -12.106 -12.305 -12.37 -12.411 -12.04 -11.803 -12.186 -12.256 -12.016 -11.633 -11.998
0.436321 -7.42 -7.328 -8.662 -10.273 -11.222 -11.831 -10.29 -10.45 -11.236 -11.845 -12.18 -12.338 -10.401 -11.462 -12.061 -12.276 -12.353 -11.571 -12.076 -12.29 -12.364 -12.411 -12.01 -11.758 -12.163 -12.268 -12.036 -11.66 -11.969
0.449518 -7.306 -7.136 -8.52 -10.164 -11.147 -11.782 -10.215 -10.346 -11.162 -11.797 -12.154 -12.329 -10.295 -11.397 -12.025 -12.256 -12.346 -11.512 -12.041 -12.271 -12.355 -12.408 -11.977 -11.708 -12.135 -12.277 -12.055 -11.685 -11.936
0.463113 -7.191 -6.931 -8.368 -10.046 -11.065 -11.728 -10.134 -10.235 -11.081 -11.744 -12.123 -12.316 -10.181 -11.326 -11.985 -12.233 -12.335 -11.446 -12.001 -12.248 -12.342 -12.402 -11.938 -11.653 -12.103 -12.284 -12.071 -11.71 -11.898
0.47712 -7.076 -6.713 -8.206 -9.918 -10.975 -11.667 -10.047 -10.114 -10.992 -11.685 -12.088 -12.299 -10.058 -11.248 -11.939 -12.205 -12.32 -11.374 -11.956 -12.221 -12.326 -12.392 -11.895 -11.592 -12.067 -12.289 -12.086 -11.732 -11.856
0.49155 -6.962 -6.481 -8.034 -9.781 -10.877 -11.6 -9.954 -9.983 -10.896 -11.62 -12.047 -12.278 -9.924 -11.163 -11.887 -12.172 -12.302 -11.295 -11.905 -12.189 -12.305 -12.379 -11.846 -11.524 -12.025 -12.29 -12.098 -11.752 -11.809
0.506416 -6.849 -6.233 -7.85 -9.633 -10.771 -11.526 -9.853 -9.842 -10.791 -11.547 -12.001 -12.253 -9.78 -11.07 -11.829 -12.135 -12.279 -11.208 -11.849 -12.152 -12.28 -12.362 -11.792 -11.45 -11.977 -12.288 -12.107 -11.771 -11.757
0.521733 -6.738 -5.969 -7.655 -9.472 -10.655 -11.444 -9.744 -9.69 -10.677 -11.467 -11.949 -12.223 -9.624 -10.968 -11.765 -12.091 -12.252 -11.113 -11.785 -12.11 -12.251 -12.341 -11.732 -11.368 -11.923 -12.283 -12.115 -11.788 -11.699
0.537512 -6.629 -5.687 -7.447 -9.299 -10.529 -11.354 -9.628 -9.525 -10.552 -11.379 -11.891 -12.188 -9.456 -10.856 -11.693 -12.042 -12.219 -11.01 -11.715 -12.062 -12.216 -12.315 -11.664 -11.277 -11.863 -12.275 -12.119 -11.802 -11.634
0.553769 -6.524 -5.386 -7.226 -9.112 -10.391 -11.255 -9.502 -9.347 -10.417 -11.282 -11.826 -12.148 -9.273 -10.735 -11.613 -11.986 -12.181 -10.897 -11.636 -12.007 -12.175 -12.285 -11.59 -11.178 -11.796 -12.262 -12.12 -11.814 -11.564
0.570517 -6.422 -5.065 -6.991 -8.91 -10.242 -11.146 -9.367 -9.154 -10.27 -11.174 -11.753 -12.101 -9.076 -10.602 -11.525 -11.923 -12.137 -10.773 -11.549 -11.945 -12.129 -12.248 -11.508 -11.07 -11.721 -12.246 -12.118 -11.824 -11.486
0.587772 -6.323 -4.723 -6.74 -8.691 -10.079 -11.026 -9.221 -8.945 -10.109 -11.057 -11.671 -12.048 -8.863 -10.457 -11.427 -11.853 -12.087 -10.639 -11.453 -11.875 -12.075 -12.206 -11.417 -10.951 -11.638 -12.224 -12.112 -11.83 -11.4
0.605549 -6.228 -4.359 -6.473 -8.455 -9.902 -10.894 -9.065 -8.719 -9.935 -10.928 -11.581 -11.987 -8.632 -10.298 -11.318 -11.773 -12.03 -10.493 -11.347 -11.797 -12.015 -12.158 -11.317 -10.82 -11.545 -12.198 -12.103 -11.834 -11.307
0.623863 -6.135 -3.972 -6.189 -8.199 -9.708 -10.749 -8.896 -8.474 -9.745 -10.786 -11.481 -11.919 -8.381 -10.126 -11.199 -11.685 -11.964 -10.333 -11.23 -11.71 -11.946 -12.102 -11.207 -10.678 -11.442 -12.166 -12.089 -11.835 -11.205
0.642731 -6.045 -3.562 -5.887 -7.921 -9.498 -10.59 -8.714 -8.209 -9.538 -10.63 -11.37 -11.842 -8.11 -9.937 -11.067 -11.586 -11.891 -10.16 -11.101 -11.613 -11.869 -12.039 -11.086 -10.522 -11.329 -12.128 -12.07 -11.831 -11.093
0.66217 -5.956 -3.131 -5.565 -7.62 -9.269 -10.416 -8.518 -7.92 -9.312 -10.46 -11.247 -11.755 -7.815 -9.732 -10.922 -11.476 -11.808 -9.972 -10.959 -11.505 -11.782 -11.967 -10.953 -10.351 -11.204 -12.084 -12.047 -11.824 -10.971
0.682197 -5.868 -2.682 -5.222 -7.293 -9.019 -10.225 -8.307 -7.607 -9.067 -10.272 -11.112 -11.658 -7.494 -9.507 -10.761 -11.354 -11.714 -9.768 -10.802 -11.384 -11.685 -11.886 -10.807 -10.164 -11.065 -12.032 -12.018 -11.813 -10.838
0.70283 -5.778 -2.222 -4.857 -6.938 -8.746 -10.015 -8.079 -7.266 -8.799 -10.067 -10.962 -11.55 -7.146 -9.262 -10.585 -11.218 -11.61 -9.546 -10.63 -11.251 -11.576 -11.795 -10.647 -9.959 -10.912 -11.972 -11.982 -11.797 -10.694
0.724086 -5.687 -1.764 -4.469 -6.552 -8.448 -9.784 -7.833 -6.895 -8.506 -9.841 -10.797 -11.429 -6.766 -8.993 -10.39 -11.068 -11.493 -9.306 -10.441 -11.103 -11.455 -11.693 -10.471 -9.735 -10.743 -11.903 -11.94 -11.777 -10.537
0.745986 -5.592 -1.323 -4.055 -6.131 -8.123 -9.53 -7.568 -6.491 -8.187 -9.593 -10.614 -11.294 -6.353 -8.699 -10.175 -10.9 -11.362 -9.047 -10.232 -10.939 -11.319 -11.578 -10.277 -9.49 -10.557 -11.825 -11.891 -11.75 -10.367
0.768548 -5.493 -0.921 -3.615 -5.672 -7.766 -9.251 -7.281 -6.05 -7.838 -9.32 -10.412 -11.144 -5.902 -8.378 -9.939 -10.715 -11.216 -8.767 -10.003 -10.756 -11.168 -11.45 -10.065 -9.22 -10.351 -11.735 -11.833 -11.717 -10.183
0.791792 -5.388 -0.574 -3.145 -5.171 -7.376 -8.944 -6.97 -5.568 -7.455 -9.02 -10.19 -10.977 -5.408 -8.025 -9.677 -10.509 -11.053 -8.468 -9.752 -10.554 -10.999 -11.307 -9.831 -8.925 -10.124 -11.634 -11.767 -11.678 -9.983
0.815739 -5.276 -0.289 -2.643 -4.623 -6.947 -8.606 -6.635 -5.041 -7.037 -8.69 -9.944 -10.791 -4.869 -7.637 -9.389 -10.281 -10.871 -8.148 -9.475 -10.331 -10.811 -11.146 -9.575 -8.601 -9.873 -11.519 -11.69 -11.631 -9.768
0.840411 -5.155 -0.058 -2.105 -4.023 -6.477 -8.233 -6.273 -4.463 -6.577 -8.325 -9.672 -10.584 -4.277 -7.212 -9.07 -10.027 -10.667 -7.811 -9.171 -10.082 -10.601 -10.968 -9.292 -8.244 -9.596 -11.389 -11.601 -11.576 -9.536
0.865828 -5.025 0.134 -1.529 -3.364 -5.96 -7.82 -5.881 -3.828 -6.072 -7.924 -9.371 -10.353 -3.627 -6.743 -8.717 -9.745 -10.441 -7.458 -8.837 -9.807 -10.368 -10.768 -8.98 -7.852 -9.289 -11.243 -11.5 -11.511 -9.287
0.892015 -4.884 0.308 -0.91 -2.64 -5.39 -7.364 -5.458 -3.131 -5.517 -7.48 -9.037 -10.096 -2.912 -6.227 -8.325 -9.431 -10.187 -7.094 -8.472 -9.501 -10.107 -10.546 -8.637 -7.42 -8.949 -11.077 -11.385 -11.436 -9.021
0.918993 -4.73 0.476 -0.242 -1.843 -4.76 -6.859 -5.003 -2.362 -4.905 -6.988 -8.668 -9.809 -2.124 -5.657 -7.891 -9.082 -9.904 -6.727 -8.073 -9.163 -9.817 -10.298 -8.257 -6.942 -8.573 -10.89 -11.254 -11.349 -8.737
0.946787 -4.562 0.65 0.482 -0.962 -4.065 -6.298 -4.515 -1.513 -4.229 -6.444 -8.258 -9.489 -1.254 -5.026 -7.409 -8.692 -9.588 -6.365 -7.639 -8.786 -9.493 -10.021 -7.836 -6.415 -8.155 -10.679 -11.105 -11.249 -8.436
0.975422 -4.379 0.836 1.268 0.011 -3.294 -5.674 -3.995 -0.573 -3.482 -5.839 -7.803 -9.132 -0.291 -4.327 -6.871 -8.257 -9.233 -6.014 -7.17 -8.369 -9.131 -9.713 -7.37 -5.83 -7.691 -10.441 -10.935 -11.134 -8.12
1.004923 -4.177 1.038 2.125 1.091 -2.438 -4.979 -3.449 0.469 -2.655 -5.166 -7.296 -8.733 0.778 -3.55 -6.272 -7.77 -8.835 -5.68 -6.669 -7.907 -8.728 -9.371 -6.853 -5.181 -7.174 -10.172 -10.741 -11.002 -7.788
1.035317 -3.956 1.26 3.063 2.291 -1.485 -4.203 -2.885 1.628 -1.736 -4.417 -6.73 -8.285 1.967 -2.686 -5.602 -7.224 -8.388 -5.362 -6.144 -7.397 -8.277 -8.991 -6.276 -4.46 -6.597 -9.867 -10.521 -10.85 -7.444
1.066629 -3.712 1.504 4.095 3.628 -0.422 -3.334 -2.316 2.921 -0.713 -3.58 -6.099 -7.783 3.292 -1.721 -4.852 -6.611 -7.884 -5.054 -5.607 -6.836 -7.775 -8.569 -5.633 -3.655 -5.953 -9.521 -10.27 -10.676 -7.089
1.098888 -3.442 1.773 5.232 5.123 0.768 -2.358 -1.761 4.366 0.427 -2.643 -5.393 -7.219 4.775 -0.641 -4.01 -5.921 -7.317 -4.746 -5.072 -6.225 -7.216 -8.104 -4.914 -2.755 -5.231 -9.128 -9.984 -10.476 -6.723
1.132124 -3.144 2.072 6.49 6.8 2.102 -1.261 -1.235 5.987 1.703 -1.591 -4.601 -6.585 6.437 0.571 -3.061 -5.143 -6.675 -4.427 -4.557 -5.569 -6.597 -7.594 -4.107 -1.746 -4.421 -8.682 -9.657 -10.247 -6.345
1.166364 -2.812 2.404 7.889 8.686 3.604 -0.022 -0.741 7.81 3.134 -0.409 -3.71 -5.868 8.308 1.935 -1.99 -4.262 -5.949 -4.084 -4.068 -4.881 -5.919 -7.04 -3.198 -0.611 -3.508 -8.172 -9.283 -9.983 -5.951
1.20164 -2.441 2.774 9.448 10.815 5.301 1.38 -0.27 9.869 4.744 0.925 -2.706 -5.059 10.421 3.476 -0.777 -3.263 -5.124 -3.709 -3.598 -4.182 -5.186 -6.446 -2.173 0.671 -2.478 -7.591 -8.854 -9.679 -5.537
1.237983 -2.026 3.189 11.196 13.228 7.223 2.974 0.199 12.203 6.562 2.434 -1.572 -4.141 12.814 5.223 0.602 -2.125 -4.184 -3.293 -3.129 -3.498 -4.413 -5.818 -1.011 2.122 -1.31 -6.924 -8.361 -9.327 -5.093
1.275425 -1.56 3.656 13.163 15.973 9.41 4.79 0.692 14.857 8.621 4.145 -0.287 -3.099 15.537 7.21 2.173 -0.827 -3.111 -2.826 -2.636 -2.841 -3.624 -5.165 0.311 3.774 0.017 -6.157 -7.792 -8.92 -4.608
1.313999 -1.032 4.183 15.389 19.11 11.907 6.869 1.231 17.888 10.963 6.092 1.175 -1.911 18.646 9.481 3.972 0.662 -1.881 -2.298 -2.098 -2.202 -2.844 -4.489 1.82 5.659 1.533 -5.273 -7.135 -8.447 -4.07
1.35374 -0.433 4.783 17.924 22.711 14.773 9.258 1.834 21.365 13.638 8.315 2.842 -0.555 22.213 12.087 6.039 2.374 -0.468 -1.699 -1.495 -1.548 -2.078 -3.788 3.552 7.823 3.27 -4.25 -6.373 -7.896 -3.466
1.394683 0.251 5.467 20.829 26.863 18.076 12.016 2.519 25.371 16.708 10.862 4.751 1.001 26.322 15.09 8.425 4.352 1.162 -1.015 -0.81 -0.841 -1.304 -3.042 5.548 10.317 5.271 -3.062 -5.485 -7.252 -2.78
1.436864 1.037 6.252 24.179 31.676 21.902 15.213 3.305 30.01 20.249 13.792 6.946 2.79 31.08 18.569 11.191 6.648 3.049 -0.229 -0.024 -0.048 -0.478 -2.225 7.859 13.207 7.587 -1.676 -4.449 -6.496 -1.993
1.480321 1.944 7.16 28.068 37.284 26.357 18.938 4.213 35.41 24.356 17.177 9.48 4.856 36.617 22.62 14.415 9.323 5.241 0.679 0.883 0.861 0.443 -1.303 10.551 16.574 10.283 -0.052 -3.233 -5.606 -1.085
1.525092 2.783 7.998 31.233 41.799 29.971 21.982 5.051 39.756 27.685 19.934 11.577 6.59 41.07 25.916 17.068 11.548 7.082 1.517 1.722 1.7 1.285 -0.461 12.786 19.337 12.521 1.356 -2.145 -4.771 -0.247
1.571218 3.225 8.441 31.676 42.242 30.413 22.425 5.493 40.199 28.127 20.376 12.019 7.033 41.513 26.358 17.51 11.99 7.525 1.959 2.164 2.143 1.727 -0.018 13.228 19.78 12.963 1.798 -1.702 -4.328 0.196
1.618738 3.695 8.91 32.145 42.711 30.883 22.894 5.963 40.668 28.597 20.846 12.489 7.502 41.982 26.828 17.98 12.46 7.995 2.429 2.634 2.612 2.197 0.451 13.698 20.25 13.433 2.268 -1.233 -3.858 0.665
1.667696 4.193 9.409 32.644 43.21 31.381 23.393 6.462 41.167 29.096 21.344 12.988 8.001 42.481 27.326 18.479 12.959 8.493 2.928 3.132 3.111 2.696 0.95 14.197 20.748 13.931 2.767 -0.734 -3.36 1.164
1.718134 4.722 9.938 33.173 43.739 31.91 23.922 6.991 41.696 29.625 21.873 13.517 8.53 43.01 27.855 19.008 13.488 9.022 3.457 3.662 3.64 3.225 1.479 14.726 21.277 14.461 3.296 -0.205 -2.831 1.693
1.770098 5.284 10.5 33.735 44.301 32.472 24.484 7.552 42.258 30.186 22.435 14.079 9.092 43.572 28.417 19.569 14.05 9.584 4.018 4.223 4.202 3.786 2.041 15.288 21.839 15.022 3.857 0.357 -2.269 2.255
1.823633 5.88 11.096 34.331 44.897 33.068 25.08 8.149 42.854 30.783 23.031 14.675 9.688 44.168 29.013 20.165 14.646 10.18 4.615 4.819 4.798 4.383 2.637 15.884 22.435 15.618 4.454 0.953 -1.673 2.851
1.878788 6.513 11.729 34.963 45.53 33.701 25.713 8.781 43.486 31.415 23.664 15.307 10.32 44.8 29.646 20.798 15.278 10.813 5.247 5.452 5.431 5.015 3.269 16.516 23.068 16.251 5.086 1.586 -1.04 3.484
1.93561 7.185 12.4 35.635 46.201 34.373 26.384 9.453 44.158 32.087 24.336 15.979 10.992 45.472 30.318 21.47 15.95 11.484 5.919 6.124 6.102 5.687 3.941 17.188 23.739 16.923 5.758 2.257 -0.369 4.155
1.994152 7.897 13.113 36.348 46.914 35.085 27.097 10.166 44.871 32.8 25.048 16.692 11.705 46.185 31.03 22.183 16.663 12.197 6.632 6.837 6.815 6.4 4.654 17.901 24.452 17.636 6.471 2.97 0.344 4.868
2.054463 8.654 13.87 37.105 47.671 35.842 27.854 10.922 45.627 33.556 25.805 17.448 12.461 46.941 31.787 22.939 17.419 12.954 7.388 7.593 7.572 7.156 5.41 18.657 25.209 18.392 7.227 3.727 1.101 5.625
2.116599 9.457 14.673 37.908 48.474 36.645 28.657 11.725 46.431 34.359 26.608 18.251 13.265 47.745 32.59 23.742 18.222 13.757 8.191 8.396 8.375 7.959 6.214 19.46 26.012 19.195 8.03 4.53 1.904 6.428
2.180614 10.309 15.525 38.76 49.326 37.497 29.509 12.578 47.283 35.212 27.46 19.104 14.117 48.597 33.442 24.595 19.075 14.609 9.044 9.249 9.227 8.812 7.066 20.313 26.864 20.048 8.883 5.382 2.756 7.28
2.246566 11.214 16.43 39.665 50.231 38.402 30.414 13.483 48.188 36.116 28.365 20.009 15.022 49.502 34.347 25.499 19.98 15.514 9.949 10.153 10.132 9.716 7.971 21.218 27.769 20.952 9.787 6.287 3.661 8.185
2.314511 12.174 17.39 40.625 51.191 39.362 31.374 14.443 49.148 37.077 29.325 20.969 15.982 50.462 35.307 26.46 20.94 16.474 10.909 11.114 11.092 10.677 8.931 22.178 28.729 21.913 10.748 7.247 4.621 9.145
2.384512 13.194 18.409 41.644 52.21 40.382 32.393 15.462 50.167 38.096 30.345 21.988 17.001 51.481 36.327 27.479 21.959 17.493 11.928 12.133 12.111 11.696 9.95 23.197 29.749 22.932 11.767 8.266 5.64 10.164
2.45663 14.275 19.491 42.726 53.292 41.463 33.475 16.544 51.249 39.178 31.426 23.07 18.083 52.563 37.408 28.561 23.041 18.575 13.01 13.215 13.193 12.778 11.032 24.279 30.83 24.014 12.849 9.348 6.722 11.246
2.530929 15.424 20.639 43.874 54.44 42.612 34.623 17.692 52.397 40.326 32.575 24.218 19.231 53.711 38.557 29.709 24.189 19.723 14.158 14.363 14.341 13.926 12.18 25.427 31.979 25.162 13.997 10.496 7.871 12.394
2.607475 16.642 21.858 45.093 55.659 43.83 35.842 18.911 53.616 41.545 33.793 25.437 20.45 54.93 39.775 30.928 25.408 20.942 15.377 15.582 15.56 15.145 13.399 26.646 33.197 26.381 15.216 11.715 9.089 13.613
2.686337 17.936 23.152 46.386 56.953 45.124 37.136 20.204 54.909 42.838 35.087 26.73 21.743 56.223 41.069 32.221 26.701 22.236 16.67 16.875 16.854 16.438 14.692 27.939 34.491 27.674 16.509 13.009 10.383 14.906
2.767583 19.309 24.525 47.759 58.326 46.497 38.509 21.577 56.282 44.211 36.46 28.103 23.116 57.596 42.442 33.594 28.074 23.609 18.043 18.248 18.227 17.811 16.065 29.312 35.864 29.047 17.882 14.382 11.756 16.28
2.851287 20.766 25.982 49.217 59.783 47.954 39.966 23.035 57.74 45.669 37.917 29.561 24.574 59.054 43.899 35.051 29.532 25.066 19.501 19.705 19.684 19.269 17.523 30.77 37.321 30.504 19.34 15.839 13.213 17.737
2.937522 22.313 27.529 50.764 61.33 49.501 41.513 24.581 59.287 47.215 39.464 31.107 26.121 60.601 45.446 36.598 31.078 26.613 21.047 21.252 21.231 20.815 19.07 32.316 38.868 32.051 20.886 17.386 14.76 19.284
3.026365 23.955 29.17 52.405 62.971 51.143 43.155 26.223 60.928 48.857 41.106 32.749 27.762 62.242 47.088 38.24 32.72 28.255 22.689 22.894 22.872 22.457 20.711 33.958 40.51 33.693 22.528 19.028 16.402 20.925
3.117896 25.697 30.913 54.148 64.714 52.885 44.897 27.966 62.671 50.6 42.848 34.492 29.505 63.985 48.83 39.983 34.463 29.997 24.432 24.637 24.615 24.2 22.454 35.701 42.252 35.436 24.271 20.77 18.144 22.668
3.212194 27.547 32.763 55.998 66.564 54.735 46.747 29.815 64.52 52.449 44.698 36.341 31.354 65.834 50.68 41.832 36.312 31.847 26.281 26.486 26.465 26.049 24.303 37.55 44.102 37.285 26.12 22.62 19.994 24.518
3.309345 29.51 34.726 57.961 68.527 56.698 48.71 31.779 66.484 54.412 46.661 38.305 33.318 67.798 52.643 43.795 38.276 33.81 28.245 28.449 28.428 28.012 26.267 39.514 46.065 39.248 28.083 24.583 21.957 26.481
3.409434 31.594 36.809 60.044 70.61 58.782 50.794 33.862 68.567 56.496 48.745 40.388 35.401 69.881 54.727 45.879 40.359 35.894 30.328 30.533 30.511 30.096 28.35 41.597 48.149 41.332 30.167 26.667 24.041 28.564
3.51255 33.805 39.021 62.256 72.822 60.993 53.005 36.074 70.779 58.708 50.956 42.6 37.613 72.093 56.938 48.091 42.571 38.105 32.54 32.745 32.723 32.308 30.562 43.809 50.36 43.544 32.379 28.878 26.252 30.776
3.618785 36.153 41.369 64.603 75.17 63.341 55.353 38.421 73.126 61.055 53.304 44.947 39.96 74.44 59.286 50.438 44.918 40.453 34.887 35.092 35.071 34.655 32.909 46.156 52.708 45.891 34.726 31.226 28.6 33.123
3.728232 38.644 43.86 67.095 77.661 65.833 57.844 40.913 75.618 63.547 55.795 47.439 42.452 76.932 61.778 52.93 47.41 42.944 37.379 37.584 37.562 37.147 35.401 48.648 55.199 48.383 37.218 33.717 31.091 35.615
3.84099 41.289 46.505 69.74 80.306 68.477 60.489 43.557 78.263 66.191 58.44 50.083 45.097 79.577 64.422 55.574 50.054 45.589 40.023 40.228 40.207 39.791 38.046 51.292 57.844 51.027 39.862 36.362 33.736 38.26
3.957158 44.096 49.312 72.547 83.113 71.284 63.296 46.364 81.069 68.998 61.247 52.89 47.904 82.384 67.229 58.381 52.861 48.396 42.83 43.035 43.014 42.598 40.853 54.099 60.651 53.834 42.669 39.169 36.543 41.067
4.07684 47.075 52.291 75.526 86.092 74.263 66.275 49.344 84.049 71.978 64.226 55.87 50.883 85.363 70.208 61.361 55.841 51.375 45.81 46.015 45.993 45.578 43.832 57.079 63.63 56.813 45.649 42.148 39.522 44.046
4.200141 50.238 55.453 78.688 89.254 77.426 69.437 52.506 87.211 75.14 67.389 59.032 54.045 88.525 73.371 64.523 59.003 54.537 48.972 49.177 49.155 48.74 46.994 60.241 66.793 59.976 48.811 45.31 42.684 47.208
4.327172 53.594 58.81 82.045 92.611 80.782 72.794 55.862 90.568 78.496 70.745 62.388 57.402 91.882 76.727 67.879 62.359 57.894 52.328 52.533 52.512 52.096 50.351 63.597 70.149 63.332 52.167 48.667 46.041 50.565
4.458044 57.157 62.372 85.607 96.173 84.345 76.356 59.425 94.13 82.059 74.308 65.951 60.964 95.444 80.29 71.442 65.922 61.456 55.891 56.096 56.074 55.659 53.913 67.16 73.711 66.895 55.73 52.229 49.603 54.127
4.592874 60.938 66.153 89.388 99.954 88.126 80.138 63.206 97.911 85.84 78.089 69.732 64.745 99.225 84.071 75.223 69.703 65.238 59.672 59.877 59.856 59.44 57.694 70.941 77.493 70.676 59.511 56.011 53.385 57.908
4.731783 64.951 70.167 93.402 103.968 92.139 84.151 67.22 101.925 89.854 82.102 73.746 68.759 103.239 88.084 79.237 73.717 69.251 63.686 63.89 63.869 63.454 61.708 74.955 81.506 74.689 63.525 60.024 57.398 61.922
4.874892 69.211 74.427 97.662 108.228 96.399 88.411 71.48 106.185 94.114 86.362 78.006 73.019 107.499 92.344 83.496 77.977 73.511 67.946 68.15 68.129 67.714 65.968 79.215 85.766 78.949 67.785 64.284 61.658 66.182
5.02233 73.733 78.948 102.183 112.749 100.921 92.932 76.001 110.706 98.635 90.884 82.527 77.54 112.02 96.866 88.018 82.498 78.033 72.467 72.672 72.65 72.235 70.489 83.736 90.288 83.471 72.306 68.805 66.18 70.703
5.174227 78.532 83.747 106.982 117.548 105.72 97.732 80.8 115.505 103.434 95.683 87.326 82.339 116.819 101.665 92.817 87.297 82.832 77.266 77.471 77.449 77.034 75.288 88.535 95.087 88.27 77.105 73.605 70.979 75.502
5.330718 83.626 88.841 112.076 122.642 110.814 102.825 85.894 120.599 108.528 100.777 92.42 87.433 121.913 106.759 97.911 92.391 87.925 82.36 82.565 82.543 82.128 80.382 93.629 100.18 93.364 82.199 78.698 76.072 80.596
5.491942 89.032 94.248 117.483 128.049 116.22 108.232 91.301 126.006 113.934 106.183 97.827 92.84 127.32 112.165 103.317 97.798 93.332 87.767 87.971 87.95 87.535 85.789 99.036 105.587 98.77 87.606 84.105 81.479 86.003
5.658042 94.771 99.986 123.221 133.787 121.959 113.97 97.039 131.744 119.673 111.922 103.565 98.578 133.058 117.904 109.056 103.536 99.071 93.505 93.71 93.688 93.273 91.527 104.774 111.326 104.509 93.344 89.843 87.218 91.741
5.829166 100.862 106.077 129.312 139.878 128.05 120.061 103.13 137.835 125.764 118.013 109.656 104.669 139.149 123.995 115.147 109.627 105.161 99.596 99.801 99.779 99.364 97.618 110.865 117.417 110.6 99.435 95.934 93.308 97.832
6.005465 107.327 112.542 135.777 146.343 134.515 126.526 109.595 144.3 132.229 124.477 116.121 111.134 145.614 130.46 121.612 116.092 111.626 106.061 106.266 106.244 105.829 104.083 117.33 123.881 117.065 105.9 102.399 99.773 104.297
6.187096 114.188 119.404 142.639 153.205 141.376 133.388 116.457 151.162 139.091 131.339 122.983 117.996 152.476 137.321 128.474 122.954 118.488 112.923 113.128 113.106 112.691 110.945 124.192 130.743 123.927 112.762 109.261 106.635 111.159
6.37422 121.472 126.687 149.922 160.488 148.66 140.671 123.74 158.445 146.374 138.623 130.266 125.279 159.759 144.605 135.757 130.237 125.771 120.206 120.411 120.389 119.974 118.228 131.475 138.027 131.21 120.045 116.544 113.919 118.442
6.567004 129.202 134.418 157.653 168.219 156.39 148.402 131.47 166.176 154.104 146.353 137.996 133.01 167.49 152.335 143.487 137.968 133.502 127.936 128.141 128.12 127.704 125.959 139.205 145.757 138.94 127.775 124.275 121.649 126.173
6.765619 137.407 142.623 165.858 176.424 164.595 156.607 139.676 174.381 162.309 154.558 146.202 141.215 175.695 160.54 151.692 146.173 141.707 136.142 136.346 136.325 135.91 134.164 147.411 153.962 147.145 135.981 132.48 129.854 134.378
6.97024 146.116 151.332 174.567 185.133 173.304 165.316 148.385 183.09 171.018 163.267 154.911 149.924 184.404 169.249 160.401 154.882 150.416 144.851 145.055 145.034 144.618 142.873 156.12 162.671 155.854 144.689 141.189 138.563 143.087
7.181051 155.36 160.575 183.81 194.376 182.548 174.56 157.628 192.333 180.262 172.511 164.154 159.167 193.647 178.493 169.645 164.125 159.66 154.094 154.299 154.277 153.862 152.116 165.363 171.915 165.098 153.933 150.433 147.807 152.33
7.398237 165.171 170.387 193.622 204.188 192.359 184.371 167.44 202.145 190.073 182.322 173.966 168.979 203.459 188.304 179.456 173.937 169.471 163.906 164.11 164.089 163.673 161.928 175.175 181.726 174.909 163.744 160.244 157.618 162.142
7.621991 175.585 180.801 204.035 214.601 202.773 194.785 177.853 212.558 200.487 192.736 184.379 179.392 213.872 198.718 189.87 184.35 179.885 174.319 174.524 174.503 174.087 172.341 185.588 192.14 185.323 174.158 170.658 168.032 172.555
7.852513 186.638 191.854 215.089 225.655 213.826 205.838 188.906 223.611 211.54 203.789 195.432 190.446 224.926 209.771 200.923 195.403 190.938 185.372 185.577 185.556 185.14 183.395 196.641 203.193 196.376 185.211 181.711 179.085 183.609
8.090007 198.37 203.586 226.82 237.387 225.558 217.57 200.638 235.343 223.272 215.521 207.164 202.177 236.657 221.503 212.655 207.135 202.67 197.104 197.309 197.288 196.872 195.126 208.373 214.925 208.108 196.943 193.443 190.817 195.34
8.334684 210.822 216.038 239.273 249.839 238.01 230.022 213.091 247.796 235.724 227.973 219.617 214.63 249.11 233.955 225.107 219.588 215.122 209.557 209.761 209.74 209.325 207.579 220.826 227.377 220.56 209.396 205.895 203.269 207.793
8.586761 224.039 229.255 252.49 263.056 251.227 243.239 226.307 261.012 248.941 241.19 232.833 227.847 262.327 247.172 238.324 232.804 228.339 222.773 222.978 222.957 222.541 220.795 234.042 240.594 233.777 222.612 219.112 216.486 221.01
8.846461 238.067 243.283 266.518 277.084 265.255 257.267 240.336 275.041 262.97 255.218 246.862 241.875 276.355 261.2 252.353 246.833 242.367 236.802 237.007 236.985 236.57 234.824 248.071 254.622 247.806 236.641 233.14 230.514 235.038
9.114017 252.957 258.173 281.408 291.974 280.145 272.157 255.226 289.931 277.86 270.108 261.752 256.765 291.245 276.09 267.242 261.723 257.257 251.692 251.896 251.875 251.46 249.714 262.961 269.512 262.695 251.531 248.03 245.404 249.928
9.389664 268.761 273.977 297.212 307.778 295.949 287.961 271.03 305.735 293.664 285.912 277.556 272.569 307.049 291.894 283.047 277.527 273.061 267.496 267.701 267.679 267.264 265.518 278.765 285.316 278.499 267.335 263.834 261.208 265.732
9.673648 285.536 290.752 313.986 324.552 312.724 304.736 287.804 322.509 310.438 302.687 294.33 289.343 323.823 308.669 299.821 294.301 289.836 284.27 284.475 284.454 284.038 282.292 295.539 302.091 295.274 284.109 280.609 277.983 282.506
9.966221 303.34 308.556 331.791 342.357 330.528 322.54 305.609 340.314 328.243 320.491 312.135 307.148 341.628 326.473 317.626 312.106 307.64 302.075 302.28 302.258 301.843 300.097 313.344 319.895 313.079 301.914 298.413 295.787 300.311
10.267642 322.238 327.454 350.689 361.255 349.426 341.438 324.507 359.212 347.141 339.389 331.033 326.046 360.526 345.371 336.523 331.004 326.538 320.973 321.177 321.156 320.741 318.995 332.242 338.793 331.976 320.812 317.311 314.685 319.209
10.57818 342.296 347.512 370.747 381.313 369.484 361.496 344.565 379.27 367.199 359.447 351.091 346.104 380.584 365.429 356.582 351.062 346.596 341.031 341.236 341.214 340.799 339.053 352.3 358.851 352.035 340.87 337.369 334.743 339.267
10.89811 363.586 368.802 392.037 402.603 390.774 382.786 365.855 400.56 388.489 380.737 372.381 367.394 401.874 386.719 377.871 372.352 367.886 362.321 362.525 362.504 362.089 360.343 373.59 380.141 373.324 362.16 358.659 356.033 360.557
11.227716 386.183 391.399 414.634 425.2 413.371 405.383 388.452 423.157 411.086 403.334 394.978 389.991 424.471 409.316 400.469 394.949 390.483 384.918 385.122 385.101 384.686 382.94 396.187 402.738 395.921 384.757 381.256 378.63 383.154
11.56729 410.168 415.384 438.618 449.185 437.356 429.368 412.436 447.141 435.07 427.319 418.962 413.975 448.455 433.301 424.453 418.933 414.468 408.902 409.107 409.086 408.67 406.924 420.171 426.723 419.906 408.741 405.241 402.615 407.138
11.917135 435.625 440.841 464.076 474.642 462.813 454.825 437.894 472.599 460.528 452.776 444.42 439.433 473.913 458.758 449.911 444.391 439.925 434.36 434.564 434.543 434.128 432.382 445.629 452.18 445.363 434.199 430.698 428.072 432.596
12.277561 462.646 467.861 491.096 501.662 489.834 481.846 464.914 499.619 487.548 479.797 471.44 466.453 500.933 485.779 476.931 471.411 466.946 461.38 461.585 461.563 461.148 459.402 472.649 479.201 472.384 461.219 457.719 455.093 459.616
12.648887 491.326 496.541 519.776 530.342 518.514 510.525 493.594 528.299 516.228 508.476 500.12 495.133 529.613 514.459 505.611 500.091 495.625 490.06 490.265 490.243 489.828 488.082 501.329 507.88 501.064 489.899 486.398 483.772 488.296
13.031444 521.766 526.982 550.217 560.783 548.954 540.966 524.035 558.74 546.668 538.917 530.561 525.574 560.054 544.899 536.051 530.532 526.066 520.501 520.705 520.684 520.269 518.523 531.77 538.321 531.504 520.34 516.839 514.213 518.737
13.425571 554.076 559.292 582.527 593.093 581.264 573.276 556.344 591.05 578.978 571.227 562.87 557.884 592.364 577.209 568.361 562.842 558.376 552.81 553.015 552.994 552.578 550.833 564.079 570.631 563.814 552.649 549.149 546.523 551.047
13.831619 588.37 593.586 616.82 627.386 615.558 607.57 590.638 625.343 613.272 605.521 597.164 592.177 626.657 611.503 602.655 597.135 592.67 587.104 587.309 587.288 586.872 585.126 598.373 604.925 598.108 586.943 583.443 580.817 585.34
14.249947 624.769 629.985 653.22 663.786 651.957 643.969 627.038 661.743 649.672 641.92 633.564 628.577 663.057 647.902 639.055 633.535 629.069 623.504 623.709 623.687 623.272 621.526 634.773 641.324 634.508 623.343 619.842 617.216 621.74
14.680926 663.404 668.62 691.855 702.421 690.592 682.604 665.672 700.378 688.306 680.555 672.198 667.212 701.692 686.537 677.689 672.169 667.704 662.138 662.343 662.322 661.906 660.161 673.407 679.959 673.142 661.977 658.477 655.851 660.375
15.124941 704.411 709.627 732.861 743.428 731.599 723.611 706.679 741.384 729.313 721.562 713.205 708.218 742.698 727.544 718.696 713.176 708.711 703.145 703.35 703.329 702.913 701.167 714.414 720.966 714.149 702.984 699.484 696.858 701.382
15.582385 747.936 753.151 776.386 786.962 775.124 767.136 750.204 784.91 772.838 765.087 756.73 751.743 786.23 771.069 762.221 756.701 752.236 746.67 746.875 746.853 746.438 744.692 757.939 764.491 757.674 746.509 743.009 740.383 744.906
16.053663 nan nan nan nan nan nan nan nan nan nan nan nan nan nan nan nan nan nan nan nan nan nan nan nan nan nan nan nan nan
16.539195 nan nan nan nan nan nan nan nan nan nan nan nan nan nan nan nan nan nan nan nan nan nan nan nan nan nan nan nan nan
17.039412 nan nan nan nan nan nan nan nan nan nan nan nan nan nan nan nan nan nan nan nan nan nan nan nan nan nan nan nan nan
17.554757 nan nan nan nan nan nan nan nan nan nan nan nan nan nan nan nan nan nan nan nan nan nan nan nan nan nan nan nan nan
18.085689 nan nan nan nan nan nan nan nan nan nan nan nan nan nan nan nan nan nan nan nan nan nan nan nan nan nan nan nan nan
18.632678 nan nan nan nan nan nan nan nan nan nan nan nan nan nan nan nan nan nan nan nan nan nan nan nan nan nan nan nan nan
19.196211 nan nan nan nan nan nan nan nan nan nan nan nan nan nan nan nan nan nan nan nan nan nan nan nan nan nan nan nan nan
19.776787 nan nan nan nan nan nan nan nan nan nan nan nan nan nan nan nan nan nan nan nan nan nan nan nan nan nan nan nan nan
20.374923 nan nan nan nan nan nan nan nan nan nan nan nan nan nan nan nan nan nan nan nan nan nan nan nan nan nan nan nan nan
20.991149 nan nan nan nan nan nan nan nan nan nan nan nan nan nan nan nan nan nan nan nan nan nan nan nan nan nan nan nan nan
21.626011 nan nan nan nan nan nan nan nan nan nan nan nan nan nan nan nan nan nan nan nan nan nan nan nan nan nan nan nan nan
22.280075 nan nan nan nan nan nan nan nan nan nan nan nan nan nan nan nan nan nan nan nan nan nan nan nan nan nan nan nan nan
22.953921 nan nan nan nan nan nan nan nan nan nan nan nan nan nan nan nan nan nan nan nan nan nan nan nan nan nan nan nan nan
23.648147 nan nan nan nan nan nan nan nan nan nan nan nan nan nan nan nan nan nan nan nan nan nan nan nan nan nan nan nan nan
24.363369 nan nan nan nan nan nan nan nan nan nan nan nan nan nan nan nan nan nan nan nan nan nan nan nan nan nan nan nan nan
25.100222 nan nan nan nan nan nan nan nan nan nan nan nan nan nan nan nan nan nan nan nan nan nan nan nan nan nan nan nan nan
25.859362 nan nan nan nan nan nan nan nan nan nan nan nan nan nan nan nan nan nan nan nan nan nan nan nan nan nan nan nan nan
26.64146 nan nan nan nan nan nan nan nan nan nan nan nan nan nan nan nan nan nan nan nan nan nan nan nan nan nan nan nan nan
27.447213 nan nan nan nan nan nan nan nan nan nan nan nan nan nan nan nan nan nan nan nan nan nan nan nan nan nan nan nan nan
28.277335 nan nan nan nan nan nan nan nan nan nan nan nan nan nan nan nan nan nan nan nan nan nan nan nan nan nan nan nan nan
29.132564 nan nan nan nan nan nan nan nan nan nan nan nan nan nan nan nan nan nan nan nan nan nan nan nan nan nan nan nan nan
30.013659 nan nan nan nan nan nan nan nan nan nan nan nan nan nan nan nan nan nan nan nan nan nan nan nan nan nan nan nan nan
30.921401 nan nan nan nan nan nan nan nan nan nan nan nan nan nan nan nan nan nan nan nan nan nan nan nan nan nan nan nan nan
31.856598 nan nan nan nan nan nan nan nan nan nan nan nan nan nan nan nan nan nan nan nan nan nan nan nan nan nan nan nan nan
32.820079 nan nan nan nan nan nan nan nan nan nan nan nan nan nan nan nan nan nan nan nan nan nan nan nan nan nan nan nan nan
33.8127 nan nan nan nan nan nan nan nan nan nan nan nan nan nan nan nan nan nan nan nan nan nan nan nan nan nan nan nan nan
34.835342 nan nan nan nan nan nan nan nan nan nan nan nan nan nan nan nan nan nan nan nan nan nan nan nan nan nan nan nan nan
35.888913 nan nan nan nan nan nan nan nan nan nan nan nan nan nan nan nan nan nan nan nan nan nan nan nan nan nan nan nan nan
36.974349 nan nan nan nan nan nan nan nan nan nan nan nan nan nan nan nan nan nan nan nan nan nan nan nan nan nan nan nan nan
38.092613 nan nan nan nan nan nan nan nan nan nan nan nan nan nan nan nan nan nan nan nan nan nan nan nan nan nan nan nan nan
39.244698 nan nan nan nan nan nan nan nan nan nan nan nan nan nan nan nan nan nan nan nan nan nan nan nan nan nan nan nan nan
40.431627 nan nan nan nan nan nan nan nan nan nan nan nan nan nan nan nan nan nan nan nan nan nan nan nan nan nan nan nan nan
41.654454 nan nan nan nan nan nan nan nan nan nan nan nan nan nan nan nan nan nan nan nan nan nan nan nan nan nan nan nan nan
42.914265 nan nan nan nan nan nan nan nan nan nan nan nan nan nan nan nan nan nan nan nan nan nan nan nan nan nan nan nan nan
44.212178 nan nan nan nan nan nan nan nan nan nan nan nan nan nan nan nan nan nan nan nan nan nan nan nan nan nan nan nan nan
45.549345 nan nan nan nan nan nan nan nan nan nan nan nan nan nan nan nan nan nan nan nan nan nan nan nan nan nan nan nan nan
46.926954 nan nan nan nan nan nan nan nan nan nan nan nan nan nan nan nan nan nan nan nan nan nan nan nan nan nan nan nan nan
48.346227 nan nan nan nan nan nan nan nan nan nan nan nan nan nan nan nan nan nan nan nan nan nan nan nan nan nan nan nan nan
49.808426 nan nan nan nan nan nan nan nan nan nan nan nan nan nan nan nan nan nan nan nan nan nan nan nan nan nan nan nan nan
51.314848 nan nan nan nan nan nan nan nan nan nan nan nan nan nan nan nan nan nan nan nan nan nan nan nan nan nan nan nan nan
52.86683 nan nan nan nan nan nan nan nan nan nan nan nan nan nan nan nan nan nan nan nan nan nan nan nan nan nan nan nan nan
54.465752 nan nan nan nan nan nan nan nan nan nan nan nan nan nan nan nan nan nan nan nan nan nan nan nan nan nan nan nan nan
56.113031 nan nan nan nan nan nan nan nan nan nan nan nan nan nan nan nan nan nan nan nan nan nan nan nan nan nan nan nan nan
57.810132 nan nan nan nan nan nan nan nan nan nan nan nan nan nan nan nan nan nan nan nan nan nan nan nan nan nan nan nan nan
59.55856 nan nan nan nan nan nan nan nan nan nan nan nan nan nan nan nan nan nan nan nan nan nan nan nan nan nan nan nan nan
61.359868 nan nan nan nan nan nan nan nan nan nan nan nan nan nan nan nan nan nan nan nan nan nan nan nan nan nan nan nan nan
63.215655 nan nan nan nan nan nan nan nan nan nan nan nan nan nan nan nan nan nan nan nan nan nan nan nan nan nan nan nan nan
65.127569 nan nan nan nan nan nan nan nan nan nan nan nan nan nan nan nan nan nan nan nan nan nan nan nan nan nan nan nan nan
67.097308 nan nan nan nan nan nan nan nan nan nan nan nan nan nan nan nan nan nan nan nan nan nan nan nan nan nan nan nan nan
69.126621 nan nan nan nan nan nan nan nan nan nan nan nan nan nan nan nan nan nan nan nan nan nan nan nan nan nan nan nan nan
71.217308 nan nan nan nan nan nan nan nan nan nan nan nan nan nan nan nan nan nan nan nan nan nan nan nan nan nan nan nan nan
73.371227 nan nan nan nan nan nan nan nan nan nan nan nan nan nan nan nan nan nan nan nan nan nan nan nan nan nan nan nan nan
75.59029 nan nan nan nan nan nan nan nan nan nan nan nan nan nan nan nan nan nan nan nan nan nan nan nan nan nan nan nan nan
77.876467 nan nan nan nan nan nan nan nan nan nan nan nan nan nan nan nan nan nan nan nan nan nan nan nan nan nan nan nan nan
80.231787 nan nan nan nan nan nan nan nan nan nan nan nan nan nan nan nan nan nan nan nan nan nan nan nan nan nan nan nan nan
82.658343 nan nan nan nan nan nan nan nan nan nan nan nan nan nan nan nan nan nan nan nan nan nan nan nan nan nan nan nan nan
85.158288 nan nan nan nan nan nan nan nan nan nan nan nan nan nan nan nan nan nan nan nan nan nan nan nan nan nan nan nan nan
87.733843 nan nan nan nan nan nan nan nan nan nan nan nan nan nan nan nan nan nan nan nan nan nan nan nan nan nan nan nan nan
90.387293 nan nan nan nan nan nan nan nan nan nan nan nan nan nan nan nan nan nan nan nan nan nan nan nan nan nan nan nan nan
93.120995 nan nan nan nan nan nan nan nan nan nan nan nan nan nan nan nan nan nan nan nan nan nan nan nan nan nan nan nan nan
95.937376 nan nan nan nan nan nan nan nan nan nan nan nan nan nan nan nan nan nan nan nan nan nan nan nan nan nan nan nan nan
98.838937 nan nan nan nan nan nan nan nan nan nan nan nan nan nan nan nan nan nan nan nan nan nan nan nan nan nan nan nan nan
101.828253 nan nan nan nan nan nan nan nan nan nan nan nan nan nan nan nan nan nan nan nan nan nan nan nan nan nan nan nan nan
104.907979 nan nan nan nan nan nan nan nan nan nan nan nan nan nan nan nan nan nan nan nan nan nan nan nan nan nan nan nan nan
108.080849 nan nan nan nan nan nan nan nan nan nan nan nan nan nan nan nan nan nan nan nan nan nan nan nan nan nan nan nan nan
111.349681 nan nan nan nan nan nan nan nan nan nan nan nan nan nan nan nan nan nan nan nan nan nan nan nan nan nan nan nan nan
114.717376 nan nan nan nan nan nan nan nan nan nan nan nan nan nan nan nan nan nan nan nan nan nan nan nan nan nan nan nan nan
118.186925 nan nan nan nan nan nan nan nan nan nan nan nan nan nan nan nan nan nan nan nan nan nan nan nan nan nan nan nan nan
121.761408 nan nan nan nan nan nan nan nan nan nan nan nan nan nan nan nan nan nan nan nan nan nan nan nan nan nan nan nan nan
125.443999 nan nan nan nan nan nan nan nan nan nan nan nan nan nan nan nan nan nan nan nan nan nan nan nan nan nan nan nan nan
129.237967 nan nan nan nan nan nan nan nan nan nan nan nan nan nan nan nan nan nan nan nan nan nan nan nan nan nan nan nan nan
133.146681 nan nan nan nan nan nan nan nan nan nan nan nan nan nan nan nan nan nan nan nan nan nan nan nan nan nan nan nan nan
137.173612 nan nan nan nan nan nan nan nan nan nan nan nan nan nan nan nan nan nan nan nan nan nan nan nan nan nan nan nan nan
141.322334 nan nan nan nan nan nan nan nan nan nan nan nan nan nan nan nan nan nan nan nan nan nan nan nan nan nan nan nan nan
145.596532 nan nan nan nan nan nan nan nan nan nan nan nan nan nan nan nan nan nan nan nan nan nan nan nan nan nan nan nan nan
150.0 nan nan nan nan nan nan nan nan nan nan nan nan nan nan nan nan nan nan nan nan nan nan nan nan nan nan nan nan nan
