# %ECSV 1.0
# ---
# datatype:
# - {name: time, datatype: float64}
# - {name: swift_uvot_uvw2, datatype: float64}
# - {name: swift_uvot_uvm2, datatype: float64}
# - {name: swift_uvot_uvw1, datatype: float64}
# - {name: swift_uvot_U, datatype: float64}
# - {name: swift_uvot_B, datatype: float64}
# - {name: swift_uvot_V, datatype: float64}
# - {name: swift_uvot_W, datatype: float64}
# - {name: johnson_U, datatype: float64}
# - {name: johnson_B, datatype: float64}
# - {name: johnson_V, datatype: float64}
# - {name: johnson_R, datatype: float64}
# - {name: johnson_I, datatype: float64}
# - {name: sdss_u, datatype: float64}
# - {name: sdss_g, datatype: float64}
# - {name: sdss_r, datatype: float64}
# - {name: sdss_i, datatype: float64}
# - {name: sdss_z, datatype: float64}
# - {name: PS1_g, datatype: float64}
# - {name: PS1_r, datatype: float64}
# - {name: PS1_i, datatype: float64}
# - {name: PS1_z, datatype: float64}
# - {name: PS1_Y, datatype: float64}
# - {name: ukirt_J, datatype: float64}
# - {name: ukirt_H, datatype: float64}
# - {name: ukirt_K, datatype: float64}
# meta: !!omap
# - comment: [E = 0.31231838447717747, Eta0 = 8.02, GammaB = 12.0, dL = 0.012188, epsb = 6.760829753919819e-06, epse = 0.1, n = 0.001584893192461114,
#     p = 2.15, theta_obs = 0.29670597283903605, xiN = 1.0, z = 0.0, type = grb, E_kiso = 719.6856730011514]
# schema: astropy-2.0
time swift_uvot_uvw2 swift_uvot_uvm2 swift_uvot_uvw1 swift_uvot_U swift_uvot_B swift_uvot_V swift_uvot_W johnson_U johnson_B johnson_V johnson_R johnson_I sdss_u sdss_g sdss_r sdss_i sdss_z PS1_g PS1_r PS1_i PS1_z PS1_Y ukirt_J ukirt_H ukirt_K
0.01 nan nan nan nan nan nan nan nan nan nan nan nan nan nan nan nan nan nan nan nan nan nan nan nan nan
0.0102 nan nan nan nan nan nan nan nan nan nan nan nan nan nan nan nan nan nan nan nan nan nan nan nan nan
0.0105 nan nan nan nan nan nan nan nan nan nan nan nan nan nan nan nan nan nan nan nan nan nan nan nan nan
0.0107 nan nan nan nan nan nan nan nan nan nan nan nan nan nan nan nan nan nan nan nan nan nan nan nan nan
0.011 nan nan nan nan nan nan nan nan nan nan nan nan nan nan nan nan nan nan nan nan nan nan nan nan nan
0.0113 nan nan nan nan nan nan nan nan nan nan nan nan nan nan nan nan nan nan nan nan nan nan nan nan nan
0.0115 nan nan nan nan nan nan nan nan nan nan nan nan nan nan nan nan nan nan nan nan nan nan nan nan nan
0.0118 nan nan nan nan nan nan nan nan nan nan nan nan nan nan nan nan nan nan nan nan nan nan nan nan nan
0.0121 nan nan nan nan nan nan nan nan nan nan nan nan nan nan nan nan nan nan nan nan nan nan nan nan nan
0.0124 nan nan nan nan nan nan nan nan nan nan nan nan nan nan nan nan nan nan nan nan nan nan nan nan nan
0.0127 nan nan nan nan nan nan nan nan nan nan nan nan nan nan nan nan nan nan nan nan nan nan nan nan nan
0.013 nan nan nan nan nan nan nan nan nan nan nan nan nan nan nan nan nan nan nan nan nan nan nan nan nan
0.0133 nan nan nan nan nan nan nan nan nan nan nan nan nan nan nan nan nan nan nan nan nan nan nan nan nan
0.0136 nan nan nan nan nan nan nan nan nan nan nan nan nan nan nan nan nan nan nan nan nan nan nan nan nan
0.014 nan nan nan nan nan nan nan nan nan nan nan nan nan nan nan nan nan nan nan nan nan nan nan nan nan
0.0143 nan nan nan nan nan nan nan nan nan nan nan nan nan nan nan nan nan nan nan nan nan nan nan nan nan
0.0146 nan nan nan nan nan nan nan nan nan nan nan nan nan nan nan nan nan nan nan nan nan nan nan nan nan
0.015 nan nan nan nan nan nan nan nan nan nan nan nan nan nan nan nan nan nan nan nan nan nan nan nan nan
0.0154 nan nan nan nan nan nan nan nan nan nan nan nan nan nan nan nan nan nan nan nan nan nan nan nan nan
0.0157 nan nan nan nan nan nan nan nan nan nan nan nan nan nan nan nan nan nan nan nan nan nan nan nan nan
0.0161 nan nan nan nan nan nan nan nan nan nan nan nan nan nan nan nan nan nan nan nan nan nan nan nan nan
0.0165 nan nan nan nan nan nan nan nan nan nan nan nan nan nan nan nan nan nan nan nan nan nan nan nan nan
0.0169 nan nan nan nan nan nan nan nan nan nan nan nan nan nan nan nan nan nan nan nan nan nan nan nan nan
0.0173 nan nan nan nan nan nan nan nan nan nan nan nan nan nan nan nan nan nan nan nan nan nan nan nan nan
0.0177 nan nan nan nan nan nan nan nan nan nan nan nan nan nan nan nan nan nan nan nan nan nan nan nan nan
0.0181 nan nan nan nan nan nan nan nan nan nan nan nan nan nan nan nan nan nan nan nan nan nan nan nan nan
0.0186 nan nan nan nan nan nan nan nan nan nan nan nan nan nan nan nan nan nan nan nan nan nan nan nan nan
0.019 nan nan nan nan nan nan nan nan nan nan nan nan nan nan nan nan nan nan nan nan nan nan nan nan nan
0.0195 nan nan nan nan nan nan nan nan nan nan nan nan nan nan nan nan nan nan nan nan nan nan nan nan nan
0.02 nan nan nan nan nan nan nan nan nan nan nan nan nan nan nan nan nan nan nan nan nan nan nan nan nan
0.0204 nan nan nan nan nan nan nan nan nan nan nan nan nan nan nan nan nan nan nan nan nan nan nan nan nan
0.0209 nan nan nan nan nan nan nan nan nan nan nan nan nan nan nan nan nan nan nan nan nan nan nan nan nan
0.0214 nan nan nan nan nan nan nan nan nan nan nan nan nan nan nan nan nan nan nan nan nan nan nan nan nan
0.022 nan nan nan nan nan nan nan nan nan nan nan nan nan nan nan nan nan nan nan nan nan nan nan nan nan
0.0225 nan nan nan nan nan nan nan nan nan nan nan nan nan nan nan nan nan nan nan nan nan nan nan nan nan
0.023 nan nan nan nan nan nan nan nan nan nan nan nan nan nan nan nan nan nan nan nan nan nan nan nan nan
0.0236 nan nan nan nan nan nan nan nan nan nan nan nan nan nan nan nan nan nan nan nan nan nan nan nan nan
0.0242 nan nan nan nan nan nan nan nan nan nan nan nan nan nan nan nan nan nan nan nan nan nan nan nan nan
0.0247 nan nan nan nan nan nan nan nan nan nan nan nan nan nan nan nan nan nan nan nan nan nan nan nan nan
0.0253 nan nan nan nan nan nan nan nan nan nan nan nan nan nan nan nan nan nan nan nan nan nan nan nan nan
0.0259 nan nan nan nan nan nan nan nan nan nan nan nan nan nan nan nan nan nan nan nan nan nan nan nan nan
0.0266 nan nan nan nan nan nan nan nan nan nan nan nan nan nan nan nan nan nan nan nan nan nan nan nan nan
0.0272 nan nan nan nan nan nan nan nan nan nan nan nan nan nan nan nan nan nan nan nan nan nan nan nan nan
0.0279 nan nan nan nan nan nan nan nan nan nan nan nan nan nan nan nan nan nan nan nan nan nan nan nan nan
0.0285 nan nan nan nan nan nan nan nan nan nan nan nan nan nan nan nan nan nan nan nan nan nan nan nan nan
0.0292 nan nan nan nan nan nan nan nan nan nan nan nan nan nan nan nan nan nan nan nan nan nan nan nan nan
0.0299 nan nan nan nan nan nan nan nan nan nan nan nan nan nan nan nan nan nan nan nan nan nan nan nan nan
0.0307 nan nan nan nan nan nan nan nan nan nan nan nan nan nan nan nan nan nan nan nan nan nan nan nan nan
0.0314 nan nan nan nan nan nan nan nan nan nan nan nan nan nan nan nan nan nan nan nan nan nan nan nan nan
0.0322 nan nan nan nan nan nan nan nan nan nan nan nan nan nan nan nan nan nan nan nan nan nan nan nan nan
0.0329 nan nan nan nan nan nan nan nan nan nan nan nan nan nan nan nan nan nan nan nan nan nan nan nan nan
0.0337 nan nan nan nan nan nan nan nan nan nan nan nan nan nan nan nan nan nan nan nan nan nan nan nan nan
0.0345 nan nan nan nan nan nan nan nan nan nan nan nan nan nan nan nan nan nan nan nan nan nan nan nan nan
0.0354 nan nan nan nan nan nan nan nan nan nan nan nan nan nan nan nan nan nan nan nan nan nan nan nan nan
0.0362 nan nan nan nan nan nan nan nan nan nan nan nan nan nan nan nan nan nan nan nan nan nan nan nan nan
0.0371 14.808 14.858 14.783 14.59 14.448 14.308 14.669 14.568 14.445 14.303 14.163 14.014 14.573 14.4 14.228 14.108 13.997 14.336 14.194 14.074 13.975 13.807 13.785 13.616 13.425
0.038 14.245 14.294 14.22 14.027 13.884 13.745 14.106 14.004 13.882 13.74 13.599 13.451 14.009 13.837 13.665 13.544 13.433 13.773 13.63 13.511 13.412 13.243 13.222 13.052 12.862
0.0389 13.682 13.731 13.656 13.463 13.321 13.182 13.542 13.441 13.318 13.177 13.036 12.887 13.446 13.273 13.101 12.981 12.87 13.21 13.067 12.947 12.848 12.68 12.658 12.489 12.298
0.0398 13.118 13.168 13.093 12.9 12.757 12.618 12.979 12.877 12.755 12.613 12.473 12.324 12.882 12.71 12.538 12.417 12.307 12.646 12.504 12.384 12.285 12.116 12.095 11.925 11.735
0.0408 12.555 12.604 12.529 12.336 12.194 12.055 12.416 12.314 12.192 12.05 11.909 11.761 12.319 12.146 11.975 11.854 11.743 12.083 11.94 11.82 11.721 11.553 11.531 11.362 11.172
0.0418 11.991 12.041 11.966 11.773 11.631 11.491 11.852 11.751 11.628 11.486 11.346 11.197 11.756 11.583 11.411 11.291 11.18 11.519 11.377 11.257 11.158 10.99 10.968 10.799 10.608
0.0428 11.428 11.477 11.403 11.21 11.067 10.928 11.289 11.187 11.065 10.923 10.782 10.634 11.192 11.02 10.848 10.727 10.616 10.956 10.813 10.694 10.594 10.426 10.405 10.235 10.045
0.0438 10.865 10.914 10.839 10.646 10.504 10.365 10.725 10.624 10.501 10.36 10.219 10.07 10.629 10.456 10.284 10.164 10.053 10.392 10.25 10.13 10.031 9.863 9.841 9.672 9.481
0.0449 10.301 10.351 10.276 10.083 9.94 9.801 10.162 10.06 9.938 9.796 9.656 9.507 10.065 9.893 9.721 9.6 9.49 9.829 9.687 9.567 9.468 9.299 9.278 9.108 8.918
0.046 9.738 9.787 9.712 9.519 9.377 9.238 9.599 9.497 9.375 9.233 9.092 8.944 9.502 9.329 9.158 9.037 8.926 9.266 9.123 9.003 8.904 8.736 8.714 8.545 8.355
0.0471 9.499 9.549 9.474 9.281 9.139 8.999 9.36 9.259 9.136 8.994 8.854 8.705 9.264 9.091 8.919 8.798 8.688 9.027 8.885 8.765 8.666 8.498 8.476 8.307 8.116
0.0482 9.355 9.404 9.33 9.137 8.994 8.855 9.216 9.114 8.992 8.85 8.709 8.561 9.119 8.947 8.775 8.654 8.544 8.883 8.74 8.621 8.522 8.353 8.332 8.162 7.972
0.0494 9.211 9.26 9.185 8.992 8.85 8.711 9.072 8.97 8.848 8.706 8.565 8.417 8.975 8.802 8.631 8.51 8.399 8.739 8.596 8.476 8.377 8.209 8.187 8.018 7.828
0.0506 9.066 9.116 9.041 8.848 8.706 8.567 8.927 8.826 8.703 8.561 8.421 8.272 8.831 8.658 8.486 8.366 8.255 8.594 8.452 8.332 8.233 8.065 8.043 7.874 7.683
0.0518 8.922 8.972 8.897 8.704 8.561 8.422 8.783 8.681 8.559 8.417 8.277 8.128 8.686 8.514 8.342 8.221 8.111 8.45 8.308 8.188 8.089 7.92 7.899 7.729 7.539
0.053 8.778 8.827 8.752 8.559 8.417 8.278 8.639 8.537 8.415 8.273 8.132 7.984 8.542 8.37 8.198 8.077 7.966 8.306 8.163 8.043 7.944 7.776 7.754 7.585 7.395
0.0543 8.634 8.683 8.608 8.415 8.273 8.134 8.494 8.393 8.27 8.129 7.988 7.839 8.398 8.225 8.053 7.933 7.822 8.162 8.019 7.899 7.8 7.632 7.61 7.441 7.25
0.0556 8.489 8.539 8.464 8.271 8.129 7.989 8.35 8.249 8.126 7.984 7.844 7.695 8.254 8.081 7.909 7.788 7.678 8.017 7.875 7.755 7.656 7.488 7.466 7.297 7.106
0.057 8.345 8.394 8.32 8.127 7.984 7.845 8.206 8.104 7.982 7.84 7.699 7.551 8.109 7.937 7.765 7.644 7.534 7.873 7.73 7.611 7.512 7.343 7.322 7.152 6.962
0.0584 8.211 8.26 8.185 7.993 7.85 7.711 8.072 7.97 7.848 7.706 7.565 7.417 7.975 7.803 7.631 7.51 7.399 7.739 7.596 7.476 7.377 7.209 7.187 7.018 6.828
0.0598 8.155 8.204 8.129 7.936 7.794 7.655 8.015 7.914 7.791 7.649 7.509 7.36 7.919 7.746 7.574 7.454 7.343 7.682 7.54 7.42 7.321 7.153 7.131 6.962 6.771
0.0612 8.098 8.148 8.073 7.88 7.737 7.598 7.959 7.857 7.735 7.593 7.453 7.304 7.862 7.69 7.518 7.397 7.287 7.626 7.484 7.364 7.265 7.096 7.075 6.905 6.715
0.0627 8.042 8.091 8.016 7.823 7.681 7.542 7.903 7.801 7.679 7.537 7.396 7.248 7.806 7.633 7.462 7.341 7.23 7.57 7.427 7.307 7.208 7.04 7.018 6.849 6.659
0.0642 7.985 8.035 7.96 7.767 7.625 7.486 7.846 7.745 7.622 7.48 7.34 7.191 7.75 7.577 7.405 7.285 7.174 7.513 7.371 7.251 7.152 6.984 6.962 6.793 6.602
0.0657 7.929 7.978 7.904 7.711 7.568 7.429 7.79 7.688 7.566 7.424 7.283 7.135 7.693 7.521 7.349 7.228 7.118 7.457 7.314 7.195 7.096 6.927 6.906 6.736 6.546
0.0673 7.873 7.922 7.847 7.654 7.512 7.373 7.734 7.632 7.509 7.368 7.227 7.079 7.637 7.464 7.293 7.172 7.061 7.401 7.258 7.138 7.039 6.871 6.849 6.68 6.49
0.0689 7.816 7.866 7.791 7.598 7.456 7.316 7.677 7.576 7.453 7.311 7.171 7.022 7.581 7.408 7.236 7.115 7.005 7.344 7.202 7.082 6.983 6.815 6.793 6.624 6.433
0.0706 7.76 7.809 7.735 7.542 7.399 7.26 7.621 7.519 7.397 7.255 7.114 6.966 7.524 7.352 7.18 7.059 6.948 7.288 7.145 7.025 6.926 6.758 6.736 6.567 6.377
0.0723 7.704 7.753 7.678 7.485 7.343 7.204 7.564 7.463 7.34 7.198 7.058 6.909 7.468 7.295 7.123 7.003 6.892 7.231 7.089 6.969 6.87 6.702 6.68 6.511 6.32
0.0741 7.64 7.69 7.615 7.422 7.279 7.14 7.501 7.399 7.277 7.135 6.995 6.846 7.404 7.232 7.06 6.939 6.829 7.168 7.025 6.906 6.807 6.638 6.617 6.447 6.257
0.0758 7.556 7.606 7.531 7.338 7.196 7.056 7.417 7.316 7.193 7.051 6.911 6.762 7.321 7.148 6.976 6.855 6.745 7.084 6.942 6.822 6.723 6.555 6.533 6.364 6.173
0.0777 7.473 7.522 7.447 7.254 7.112 6.973 7.334 7.232 7.109 6.968 6.827 6.678 7.237 7.064 6.892 6.772 6.661 7.001 6.858 6.738 6.639 6.471 6.449 6.28 6.089
0.0795 7.389 7.438 7.363 7.17 7.028 6.889 7.25 7.148 7.026 6.884 6.743 6.595 7.153 6.981 6.809 6.688 6.577 6.917 6.774 6.654 6.555 6.387 6.365 6.196 6.006
0.0815 7.305 7.355 7.28 7.087 6.944 6.805 7.166 7.064 6.942 6.8 6.66 6.511 7.069 6.897 6.725 6.604 6.494 6.833 6.69 6.571 6.472 6.303 6.282 6.112 5.922
0.0834 7.221 7.271 7.196 7.003 6.861 6.721 7.082 6.981 6.858 6.716 6.576 6.427 6.986 6.813 6.641 6.52 6.41 6.749 6.607 6.487 6.388 6.22 6.198 6.029 5.838
0.0854 7.138 7.187 7.112 6.919 6.777 6.638 6.998 6.897 6.774 6.633 6.492 6.343 6.902 6.729 6.557 6.437 6.326 6.666 6.523 6.403 6.304 6.136 6.114 5.945 5.754
0.0875 7.054 7.103 7.028 6.835 6.693 6.554 6.915 6.813 6.691 6.549 6.408 6.26 6.818 6.646 6.474 6.353 6.242 6.582 6.439 6.319 6.22 6.052 6.03 5.861 5.671
0.0896 6.97 7.02 6.945 6.752 6.609 6.47 6.831 6.729 6.607 6.465 6.325 6.176 6.734 6.562 6.39 6.269 6.159 6.498 6.355 6.236 6.137 5.968 5.947 5.777 5.587
0.0918 6.886 6.936 6.861 6.668 6.526 6.386 6.747 6.646 6.523 6.381 6.241 6.092 6.651 6.478 6.306 6.185 6.075 6.414 6.272 6.152 6.053 5.885 5.863 5.694 5.503
0.094 6.71 6.759 6.684 6.491 6.349 6.21 6.57 6.469 6.346 6.204 6.064 5.915 6.474 6.301 6.129 6.009 5.898 6.237 6.095 5.975 5.876 5.708 5.686 5.517 5.326
0.0963 6.394 6.443 6.369 6.176 6.033 5.894 6.255 6.153 6.031 5.889 5.749 5.6 6.158 5.986 5.814 5.693 5.583 5.922 5.779 5.66 5.561 5.392 5.371 5.201 5.011
0.0986 6.079 6.128 6.053 5.86 5.718 5.579 5.939 5.838 5.715 5.574 5.433 5.284 5.843 5.67 5.498 5.378 5.267 5.607 5.464 5.344 5.245 5.077 5.055 4.886 4.695
0.101 5.763 5.813 5.738 5.545 5.402 5.263 5.624 5.522 5.4 5.258 5.118 4.969 5.527 5.355 5.183 5.062 4.952 5.291 5.148 5.029 4.93 4.761 4.74 4.57 4.38
0.1034 5.448 5.497 5.422 5.229 5.087 4.948 5.309 5.207 5.084 4.943 4.802 4.654 5.212 5.039 4.867 4.747 4.636 4.976 4.833 4.713 4.614 4.446 4.424 4.255 4.064
0.1059 5.132 5.182 5.107 4.914 4.771 4.632 4.993 4.891 4.769 4.627 4.487 4.338 4.896 4.724 4.552 4.431 4.321 4.66 4.518 4.398 4.299 4.13 4.109 3.939 3.749
0.1084 4.817 4.866 4.791 4.598 4.456 4.317 4.678 4.576 4.453 4.312 4.171 4.023 4.581 4.408 4.237 4.116 4.005 4.345 4.202 4.082 3.983 3.815 3.793 3.624 3.434
0.1111 4.501 4.551 4.476 4.283 4.14 4.001 4.362 4.26 4.138 3.996 3.856 3.707 4.265 4.093 3.921 3.8 3.69 4.029 3.887 3.767 3.668 3.499 3.478 3.308 3.118
0.1137 4.186 4.235 4.16 3.967 3.825 3.686 4.047 3.945 3.823 3.681 3.54 3.392 3.95 3.777 3.606 3.485 3.374 3.714 3.571 3.451 3.352 3.184 3.162 2.993 2.803
0.1165 3.87 3.92 3.845 3.652 3.509 3.37 3.731 3.629 3.507 3.365 3.225 3.076 3.634 3.462 3.29 3.169 3.059 3.398 3.256 3.136 3.037 2.868 2.847 2.677 2.487
0.1193 3.652 3.701 3.627 3.434 3.291 3.152 3.513 3.411 3.289 3.147 3.007 2.858 3.416 3.244 3.072 2.951 2.841 3.18 3.037 2.918 2.819 2.65 2.629 2.459 2.269
0.1222 3.515 3.565 3.49 3.297 3.154 3.015 3.376 3.274 3.152 3.01 2.87 2.721 3.279 3.107 2.935 2.814 2.704 3.043 2.901 2.781 2.682 2.513 2.492 2.322 2.132
0.1251 3.378 3.428 3.353 3.16 3.018 2.878 3.239 3.138 3.015 2.873 2.733 2.584 3.143 2.97 2.798 2.678 2.567 2.906 2.764 2.644 2.545 2.377 2.355 2.186 1.995
0.1281 3.242 3.291 3.216 3.023 2.881 2.742 3.102 3.001 2.878 2.736 2.596 2.447 3.006 2.833 2.661 2.541 2.43 2.769 2.627 2.507 2.408 2.24 2.218 2.049 1.858
0.1312 3.105 3.154 3.079 2.886 2.744 2.605 2.966 2.864 2.742 2.6 2.459 2.311 2.869 2.696 2.525 2.404 2.293 2.633 2.49 2.37 2.271 2.103 2.081 1.912 1.722
0.1344 2.968 3.017 2.942 2.749 2.607 2.468 2.829 2.727 2.605 2.463 2.322 2.174 2.732 2.56 2.388 2.267 2.156 2.496 2.353 2.233 2.134 1.966 1.944 1.775 1.585
0.1376 2.831 2.88 2.806 2.613 2.47 2.331 2.692 2.59 2.468 2.326 2.185 2.037 2.595 2.423 2.251 2.13 2.02 2.359 2.216 2.097 1.998 1.829 1.808 1.638 1.448
0.141 2.694 2.744 2.669 2.476 2.333 2.194 2.555 2.453 2.331 2.189 2.049 1.9 2.458 2.286 2.114 1.993 1.883 2.222 2.08 1.96 1.861 1.692 1.671 1.501 1.311
0.1444 2.557 2.607 2.532 2.339 2.197 2.057 2.418 2.317 2.194 2.052 1.912 1.763 2.322 2.149 1.977 1.856 1.746 2.085 1.943 1.823 1.724 1.556 1.534 1.365 1.174
0.1478 2.42 2.47 2.395 2.202 2.06 1.921 2.281 2.18 2.057 1.915 1.775 1.626 2.185 2.012 1.84 1.72 1.609 1.948 1.806 1.686 1.587 1.419 1.397 1.228 1.037
0.1514 2.323 2.372 2.297 2.104 1.962 1.823 2.183 2.082 1.959 1.818 1.677 1.528 2.087 1.914 1.742 1.622 1.511 1.851 1.708 1.588 1.489 1.321 1.299 1.13 0.939
0.1551 2.242 2.292 2.217 2.024 1.882 1.742 2.103 2.002 1.879 1.737 1.597 1.448 2.007 1.834 1.662 1.542 1.431 1.77 1.628 1.508 1.409 1.241 1.219 1.05 0.859
0.1588 2.162 2.212 2.137 1.944 1.801 1.662 2.023 1.921 1.799 1.657 1.517 1.368 1.926 1.754 1.582 1.461 1.351 1.69 1.548 1.428 1.329 1.16 1.139 0.969 0.779
0.1626 2.082 2.131 2.056 1.864 1.721 1.582 1.943 1.841 1.719 1.577 1.436 1.288 1.846 1.674 1.502 1.381 1.27 1.61 1.467 1.347 1.248 1.08 1.058 0.889 0.699
0.1666 2.002 2.051 1.976 1.783 1.641 1.502 1.863 1.761 1.639 1.497 1.356 1.208 1.766 1.593 1.422 1.301 1.19 1.53 1.387 1.267 1.168 1.0 0.978 0.809 0.619
0.1706 1.921 1.971 1.896 1.703 1.561 1.422 1.782 1.681 1.558 1.416 1.276 1.127 1.686 1.513 1.341 1.221 1.11 1.449 1.307 1.187 1.088 0.92 0.898 0.729 0.538
0.1747 1.841 1.891 1.816 1.623 1.48 1.341 1.702 1.6 1.478 1.336 1.196 1.047 1.606 1.433 1.261 1.14 1.03 1.369 1.227 1.107 1.008 0.839 0.818 0.648 0.458
0.1789 1.761 1.81 1.736 1.543 1.4 1.261 1.622 1.52 1.398 1.256 1.115 0.967 1.525 1.353 1.181 1.06 0.95 1.289 1.146 1.027 0.928 0.759 0.738 0.568 0.378
0.1832 1.681 1.73 1.655 1.462 1.32 1.181 1.542 1.44 1.318 1.176 1.035 0.887 1.445 1.272 1.101 0.98 0.869 1.209 1.066 0.946 0.847 0.679 0.657 0.488 0.298
0.1876 1.601 1.65 1.575 1.382 1.24 1.101 1.461 1.36 1.237 1.096 0.955 0.806 1.365 1.192 1.02 0.9 0.789 1.129 0.986 0.866 0.767 0.599 0.577 0.408 0.217
0.1922 1.541 1.59 1.516 1.323 1.18 1.041 1.402 1.3 1.178 1.036 0.895 0.747 1.305 1.133 0.961 0.84 0.73 1.069 0.926 0.807 0.708 0.539 0.518 0.348 0.158
0.1968 1.486 1.535 1.46 1.267 1.125 0.986 1.347 1.245 1.122 0.981 0.84 0.692 1.25 1.077 0.906 0.785 0.674 1.014 0.871 0.751 0.652 0.484 0.462 0.293 0.103
0.2015 1.43 1.48 1.405 1.212 1.07 0.93 1.291 1.19 1.067 0.925 0.785 0.636 1.195 1.022 0.85 0.729 0.619 0.958 0.816 0.696 0.597 0.429 0.407 0.238 0.047
0.2064 1.375 1.424 1.35 1.157 1.014 0.875 1.236 1.134 1.012 0.87 0.729 0.581 1.139 0.967 0.795 0.674 0.563 0.903 0.76 0.641 0.541 0.373 0.352 0.182 -0.008
0.2114 1.32 1.369 1.294 1.101 0.959 0.82 1.181 1.079 0.956 0.815 0.674 0.526 1.084 0.911 0.739 0.619 0.508 0.848 0.705 0.585 0.486 0.318 0.296 0.127 -0.063
0.2165 1.264 1.314 1.239 1.046 0.904 0.764 1.125 1.024 0.901 0.759 0.619 0.47 1.029 0.856 0.684 0.563 0.453 0.792 0.65 0.53 0.431 0.263 0.241 0.072 -0.119
0.2217 1.209 1.258 1.184 0.991 0.848 0.709 1.07 0.968 0.846 0.704 0.563 0.415 0.973 0.801 0.629 0.508 0.397 0.737 0.594 0.474 0.375 0.207 0.185 0.016 -0.174
0.2271 1.154 1.203 1.128 0.935 0.793 0.654 1.014 0.913 0.79 0.649 0.508 0.359 0.918 0.745 0.573 0.453 0.342 0.682 0.539 0.419 0.32 0.152 0.13 -0.039 -0.23
0.2325 1.098 1.148 1.073 0.88 0.737 0.598 0.959 0.857 0.735 0.593 0.453 0.304 0.863 0.69 0.518 0.397 0.287 0.626 0.484 0.364 0.265 0.096 0.075 -0.095 -0.285
0.2381 1.043 1.092 1.017 0.825 0.682 0.543 0.904 0.802 0.68 0.538 0.397 0.249 0.807 0.635 0.463 0.342 0.231 0.571 0.428 0.308 0.209 0.041 0.019 -0.15 -0.34
0.2439 0.966 1.015 0.941 0.748 0.605 0.466 0.827 0.725 0.603 0.461 0.32 0.172 0.73 0.558 0.386 0.265 0.154 0.494 0.351 0.231 0.132 -0.036 -0.058 -0.227 -0.417
0.2498 0.888 0.938 0.863 0.67 0.528 0.389 0.749 0.648 0.525 0.383 0.243 0.094 0.653 0.48 0.308 0.188 0.077 0.416 0.274 0.154 0.055 -0.113 -0.135 -0.304 -0.495
0.2558 0.811 0.86 0.785 0.593 0.45 0.311 0.672 0.57 0.448 0.306 0.165 0.017 0.575 0.403 0.231 0.11 -0.001 0.339 0.196 0.076 -0.023 -0.191 -0.213 -0.382 -0.572
0.262 0.733 0.783 0.708 0.515 0.373 0.233 0.594 0.493 0.37 0.228 0.088 -0.061 0.498 0.325 0.153 0.032 -0.078 0.261 0.119 -0.001 -0.1 -0.268 -0.29 -0.459 -0.65
0.2683 0.656 0.705 0.63 0.437 0.295 0.156 0.517 0.415 0.293 0.151 0.01 -0.138 0.42 0.248 0.076 -0.045 -0.156 0.184 0.041 -0.079 -0.178 -0.346 -0.368 -0.537 -0.727
0.2748 0.578 0.628 0.553 0.36 0.217 0.078 0.439 0.338 0.215 0.073 -0.067 -0.216 0.343 0.17 -0.002 -0.123 -0.233 0.106 -0.036 -0.156 -0.255 -0.423 -0.445 -0.614 -0.805
0.2814 0.501 0.55 0.475 0.282 0.14 0.001 0.362 0.26 0.138 -0.004 -0.145 -0.293 0.265 0.092 -0.079 -0.2 -0.311 0.029 -0.114 -0.234 -0.333 -0.501 -0.523 -0.692 -0.882
0.2882 0.423 0.473 0.398 0.205 0.062 -0.077 0.284 0.182 0.06 -0.082 -0.222 -0.371 0.187 0.015 -0.157 -0.278 -0.388 -0.049 -0.191 -0.311 -0.41 -0.579 -0.6 -0.77 -0.96
0.2951 0.346 0.395 0.32 0.127 -0.015 -0.154 0.207 0.105 -0.018 -0.159 -0.3 -0.448 0.11 -0.063 -0.234 -0.355 -0.466 -0.126 -0.269 -0.389 -0.488 -0.656 -0.678 -0.847 -1.037
0.3022 0.269 0.319 0.244 0.051 -0.091 -0.231 0.13 0.029 -0.094 -0.236 -0.376 -0.525 0.034 -0.139 -0.311 -0.431 -0.542 -0.203 -0.345 -0.465 -0.564 -0.732 -0.754 -0.923 -1.114
0.3095 0.203 0.252 0.177 -0.016 -0.158 -0.297 0.064 -0.038 -0.161 -0.302 -0.443 -0.592 -0.033 -0.206 -0.378 -0.498 -0.609 -0.269 -0.412 -0.532 -0.631 -0.799 -0.821 -0.99 -1.181
0.317 0.136 0.185 0.11 -0.083 -0.225 -0.364 -0.003 -0.105 -0.227 -0.369 -0.51 -0.658 -0.1 -0.273 -0.444 -0.565 -0.676 -0.336 -0.479 -0.599 -0.698 -0.866 -0.888 -1.057 -1.247
0.3247 0.069 0.118 0.044 -0.149 -0.292 -0.431 -0.07 -0.172 -0.294 -0.436 -0.577 -0.725 -0.167 -0.339 -0.511 -0.632 -0.742 -0.403 -0.546 -0.665 -0.764 -0.933 -0.954 -1.124 -1.314
0.3325 0.002 0.052 -0.023 -0.216 -0.359 -0.498 -0.137 -0.239 -0.361 -0.503 -0.643 -0.792 -0.234 -0.406 -0.578 -0.699 -0.809 -0.47 -0.612 -0.732 -0.831 -1.0 -1.021 -1.191 -1.381
0.3405 -0.065 -0.015 -0.09 -0.283 -0.425 -0.564 -0.204 -0.305 -0.428 -0.57 -0.71 -0.859 -0.3 -0.473 -0.645 -0.765 -0.876 -0.537 -0.679 -0.799 -0.898 -1.066 -1.088 -1.257 -1.448
0.3487 -0.131 -0.082 -0.157 -0.35 -0.492 -0.631 -0.27 -0.372 -0.495 -0.636 -0.777 -0.925 -0.367 -0.54 -0.712 -0.832 -0.943 -0.603 -0.746 -0.866 -0.965 -1.133 -1.155 -1.324 -1.515
0.3571 -0.198 -0.149 -0.224 -0.417 -0.559 -0.698 -0.337 -0.439 -0.561 -0.703 -0.844 -0.992 -0.434 -0.606 -0.778 -0.899 -1.01 -0.67 -0.813 -0.933 -1.032 -1.2 -1.222 -1.391 -1.581
0.3657 -0.265 -0.216 -0.29 -0.483 -0.626 -0.765 -0.404 -0.506 -0.628 -0.77 -0.911 -1.059 -0.501 -0.673 -0.845 -0.966 -1.076 -0.737 -0.88 -0.999 -1.098 -1.267 -1.288 -1.458 -1.648
0.3746 -0.332 -0.282 -0.357 -0.55 -0.693 -0.832 -0.471 -0.573 -0.695 -0.837 -0.977 -1.126 -0.568 -0.74 -0.912 -1.033 -1.143 -0.804 -0.946 -1.066 -1.165 -1.334 -1.355 -1.525 -1.715
0.3836 -0.393 -0.343 -0.418 -0.611 -0.754 -0.893 -0.532 -0.634 -0.756 -0.898 -1.038 -1.187 -0.629 -0.801 -0.973 -1.094 -1.204 -0.865 -1.007 -1.127 -1.226 -1.395 -1.416 -1.586 -1.776
0.3929 -0.438 -0.388 -0.463 -0.656 -0.798 -0.938 -0.577 -0.678 -0.801 -0.943 -1.083 -1.232 -0.673 -0.846 -1.018 -1.139 -1.249 -0.91 -1.052 -1.172 -1.271 -1.439 -1.461 -1.63 -1.821
0.4023 -0.482 -0.433 -0.508 -0.701 -0.843 -0.982 -0.622 -0.723 -0.846 -0.988 -1.128 -1.277 -0.718 -0.891 -1.063 -1.183 -1.294 -0.955 -1.097 -1.217 -1.316 -1.484 -1.506 -1.675 -1.866
0.412 -0.527 -0.478 -0.553 -0.746 -0.888 -1.027 -0.666 -0.768 -0.89 -1.032 -1.173 -1.321 -0.763 -0.936 -1.107 -1.228 -1.339 -0.999 -1.142 -1.262 -1.361 -1.529 -1.551 -1.72 -1.91
0.422 -0.572 -0.523 -0.597 -0.79 -0.933 -1.072 -0.711 -0.813 -0.935 -1.077 -1.218 -1.366 -0.808 -0.98 -1.152 -1.273 -1.384 -1.044 -1.187 -1.307 -1.406 -1.574 -1.596 -1.765 -1.955
0.4322 -0.617 -0.567 -0.642 -0.835 -0.978 -1.117 -0.756 -0.858 -0.98 -1.122 -1.262 -1.411 -0.853 -1.025 -1.197 -1.318 -1.428 -1.089 -1.231 -1.351 -1.45 -1.619 -1.64 -1.81 -2.0
0.4426 -0.662 -0.612 -0.687 -0.88 -1.022 -1.162 -0.801 -0.902 -1.025 -1.167 -1.307 -1.456 -0.897 -1.07 -1.242 -1.362 -1.473 -1.134 -1.276 -1.396 -1.495 -1.663 -1.685 -1.854 -2.045
0.4533 -0.706 -0.657 -0.732 -0.925 -1.067 -1.206 -0.846 -0.947 -1.07 -1.211 -1.352 -1.501 -0.942 -1.115 -1.287 -1.407 -1.518 -1.179 -1.321 -1.441 -1.54 -1.708 -1.73 -1.899 -2.09
0.4642 -0.751 -0.702 -0.777 -0.97 -1.112 -1.251 -0.89 -0.992 -1.114 -1.256 -1.397 -1.545 -0.987 -1.16 -1.331 -1.452 -1.563 -1.223 -1.366 -1.486 -1.585 -1.753 -1.775 -1.944 -2.134
0.4754 -0.796 -0.747 -0.821 -1.014 -1.157 -1.296 -0.935 -1.037 -1.159 -1.301 -1.442 -1.59 -1.032 -1.204 -1.376 -1.497 -1.608 -1.268 -1.411 -1.53 -1.63 -1.798 -1.819 -1.989 -2.179
0.4869 -0.838 -0.788 -0.863 -1.056 -1.199 -1.338 -0.977 -1.079 -1.201 -1.343 -1.483 -1.632 -1.074 -1.246 -1.418 -1.539 -1.649 -1.31 -1.453 -1.572 -1.671 -1.84 -1.861 -2.031 -2.221
0.4986 -0.875 -0.826 -0.901 -1.094 -1.236 -1.375 -1.015 -1.116 -1.239 -1.381 -1.521 -1.67 -1.111 -1.284 -1.456 -1.576 -1.687 -1.348 -1.49 -1.61 -1.709 -1.877 -1.899 -2.068 -2.259
0.5106 -0.913 -0.864 -0.938 -1.131 -1.274 -1.413 -1.052 -1.154 -1.276 -1.418 -1.559 -1.707 -1.149 -1.321 -1.493 -1.614 -1.725 -1.385 -1.528 -1.647 -1.746 -1.915 -1.936 -2.106 -2.296
0.523 -0.951 -0.901 -0.976 -1.169 -1.311 -1.45 -1.09 -1.191 -1.314 -1.456 -1.596 -1.745 -1.186 -1.359 -1.531 -1.651 -1.762 -1.423 -1.565 -1.685 -1.784 -1.952 -1.974 -2.143 -2.334
0.5356 -0.988 -0.939 -1.014 -1.206 -1.349 -1.488 -1.127 -1.229 -1.351 -1.493 -1.634 -1.782 -1.224 -1.396 -1.568 -1.689 -1.8 -1.46 -1.603 -1.723 -1.822 -1.99 -2.012 -2.181 -2.371
0.5485 -1.026 -0.976 -1.051 -1.244 -1.386 -1.526 -1.165 -1.266 -1.389 -1.531 -1.671 -1.82 -1.261 -1.434 -1.606 -1.727 -1.837 -1.498 -1.64 -1.76 -1.859 -2.027 -2.049 -2.218 -2.409
0.5617 -1.063 -1.014 -1.089 -1.282 -1.424 -1.563 -1.202 -1.304 -1.426 -1.568 -1.709 -1.857 -1.299 -1.472 -1.643 -1.764 -1.875 -1.535 -1.678 -1.798 -1.897 -2.065 -2.087 -2.256 -2.446
0.5753 -1.101 -1.051 -1.126 -1.319 -1.462 -1.601 -1.24 -1.342 -1.464 -1.606 -1.746 -1.895 -1.336 -1.509 -1.681 -1.802 -1.912 -1.573 -1.715 -1.835 -1.934 -2.103 -2.124 -2.294 -2.484
0.5891 -1.138 -1.089 -1.164 -1.357 -1.499 -1.638 -1.277 -1.379 -1.502 -1.643 -1.784 -1.932 -1.374 -1.547 -1.718 -1.839 -1.95 -1.61 -1.753 -1.873 -1.972 -2.14 -2.162 -2.331 -2.521
0.6034 -1.176 -1.126 -1.201 -1.394 -1.537 -1.676 -1.315 -1.417 -1.539 -1.681 -1.821 -1.97 -1.412 -1.584 -1.756 -1.877 -1.987 -1.648 -1.791 -1.91 -2.009 -2.178 -2.199 -2.369 -2.559
0.6179 -1.207 -1.158 -1.233 -1.426 -1.568 -1.707 -1.346 -1.448 -1.57 -1.712 -1.853 -2.001 -1.443 -1.615 -1.787 -1.908 -2.019 -1.679 -1.822 -1.942 -2.041 -2.209 -2.231 -2.4 -2.59
0.6328 -1.233 -1.184 -1.259 -1.452 -1.594 -1.733 -1.372 -1.474 -1.596 -1.738 -1.879 -2.027 -1.469 -1.642 -1.813 -1.934 -2.045 -1.705 -1.848 -1.968 -2.067 -2.235 -2.257 -2.426 -2.616
0.6481 -1.259 -1.21 -1.285 -1.478 -1.62 -1.759 -1.398 -1.5 -1.623 -1.764 -1.905 -2.053 -1.495 -1.668 -1.84 -1.96 -2.071 -1.731 -1.874 -1.994 -2.093 -2.261 -2.283 -2.452 -2.643
0.6637 -1.285 -1.236 -1.311 -1.504 -1.646 -1.785 -1.425 -1.526 -1.649 -1.791 -1.931 -2.08 -1.521 -1.694 -1.866 -1.986 -2.097 -1.758 -1.9 -2.02 -2.119 -2.287 -2.309 -2.478 -2.669
0.6797 -1.312 -1.262 -1.337 -1.53 -1.672 -1.811 -1.451 -1.552 -1.675 -1.817 -1.957 -2.106 -1.547 -1.72 -1.892 -2.012 -2.123 -1.784 -1.926 -2.046 -2.145 -2.313 -2.335 -2.504 -2.695
0.6961 -1.338 -1.288 -1.363 -1.556 -1.698 -1.838 -1.477 -1.578 -1.701 -1.843 -1.983 -2.132 -1.573 -1.746 -1.918 -2.039 -2.149 -1.81 -1.952 -2.072 -2.171 -2.339 -2.361 -2.53 -2.721
0.7129 -1.364 -1.314 -1.389 -1.582 -1.725 -1.864 -1.503 -1.605 -1.727 -1.869 -2.009 -2.158 -1.6 -1.772 -1.944 -2.065 -2.175 -1.836 -1.978 -2.098 -2.197 -2.366 -2.387 -2.557 -2.747
0.7301 -1.39 -1.34 -1.415 -1.608 -1.751 -1.89 -1.529 -1.631 -1.753 -1.895 -2.035 -2.184 -1.626 -1.798 -1.97 -2.091 -2.201 -1.862 -2.005 -2.124 -2.223 -2.392 -2.413 -2.583 -2.773
0.7477 -1.416 -1.367 -1.441 -1.634 -1.777 -1.916 -1.555 -1.657 -1.779 -1.921 -2.062 -2.21 -1.652 -1.824 -1.996 -2.117 -2.227 -1.888 -2.031 -2.15 -2.249 -2.418 -2.439 -2.609 -2.799
0.7658 -1.442 -1.393 -1.467 -1.66 -1.803 -1.942 -1.581 -1.683 -1.805 -1.947 -2.088 -2.236 -1.678 -1.85 -2.022 -2.143 -2.254 -1.914 -2.057 -2.177 -2.276 -2.444 -2.466 -2.635 -2.825
0.7842 -1.467 -1.418 -1.493 -1.686 -1.828 -1.967 -1.607 -1.708 -1.831 -1.973 -2.113 -2.262 -1.703 -1.876 -2.048 -2.168 -2.279 -1.94 -2.082 -2.202 -2.301 -2.469 -2.491 -2.66 -2.851
0.8032 -1.493 -1.443 -1.518 -1.711 -1.853 -1.992 -1.632 -1.733 -1.856 -1.998 -2.138 -2.287 -1.728 -1.901 -2.073 -2.193 -2.304 -1.965 -2.107 -2.227 -2.326 -2.494 -2.516 -2.685 -2.876
0.8225 -1.518 -1.468 -1.543 -1.736 -1.878 -2.018 -1.657 -1.758 -1.881 -2.023 -2.163 -2.312 -1.753 -1.926 -2.098 -2.218 -2.329 -1.99 -2.132 -2.252 -2.351 -2.519 -2.541 -2.71 -2.901
0.8424 -1.543 -1.493 -1.568 -1.761 -1.904 -2.043 -1.682 -1.783 -1.906 -2.048 -2.188 -2.337 -1.778 -1.951 -2.123 -2.244 -2.354 -2.015 -2.157 -2.277 -2.376 -2.544 -2.566 -2.736 -2.926
0.8627 -1.568 -1.518 -1.593 -1.786 -1.929 -2.068 -1.707 -1.809 -1.931 -2.073 -2.213 -2.362 -1.804 -1.976 -2.148 -2.269 -2.379 -2.04 -2.182 -2.302 -2.401 -2.57 -2.591 -2.761 -2.951
0.8835 -1.593 -1.543 -1.618 -1.811 -1.954 -2.093 -1.732 -1.834 -1.956 -2.098 -2.238 -2.387 -1.829 -2.001 -2.173 -2.294 -2.404 -2.065 -2.208 -2.327 -2.426 -2.595 -2.616 -2.786 -2.976
0.9048 -1.618 -1.569 -1.643 -1.836 -1.979 -2.118 -1.757 -1.859 -1.981 -2.123 -2.264 -2.412 -1.854 -2.026 -2.198 -2.319 -2.429 -2.09 -2.233 -2.352 -2.451 -2.62 -2.641 -2.811 -3.001
0.9266 -1.643 -1.594 -1.668 -1.861 -2.004 -2.143 -1.782 -1.884 -2.006 -2.148 -2.289 -2.437 -1.879 -2.051 -2.223 -2.344 -2.455 -2.115 -2.258 -2.378 -2.477 -2.645 -2.667 -2.836 -3.026
0.949 -1.668 -1.619 -1.694 -1.887 -2.029 -2.168 -1.807 -1.909 -2.031 -2.173 -2.314 -2.462 -1.904 -2.076 -2.248 -2.369 -2.48 -2.14 -2.283 -2.403 -2.502 -2.67 -2.692 -2.861 -3.051
0.9719 -1.693 -1.644 -1.719 -1.912 -2.054 -2.193 -1.832 -1.934 -2.056 -2.198 -2.339 -2.487 -1.929 -2.102 -2.273 -2.394 -2.505 -2.165 -2.308 -2.428 -2.527 -2.695 -2.717 -2.886 -3.076
0.9953 -1.718 -1.669 -1.744 -1.937 -2.079 -2.218 -1.857 -1.959 -2.081 -2.223 -2.364 -2.512 -1.954 -2.126 -2.298 -2.419 -2.53 -2.19 -2.333 -2.453 -2.552 -2.72 -2.742 -2.911 -3.101
1.0194 -1.743 -1.694 -1.768 -1.961 -2.104 -2.243 -1.882 -1.984 -2.106 -2.248 -2.389 -2.537 -1.979 -2.151 -2.323 -2.444 -2.555 -2.215 -2.358 -2.478 -2.577 -2.745 -2.767 -2.936 -3.126
1.0439 -1.768 -1.719 -1.793 -1.986 -2.129 -2.268 -1.907 -2.009 -2.131 -2.273 -2.414 -2.562 -2.004 -2.176 -2.348 -2.469 -2.579 -2.24 -2.383 -2.502 -2.601 -2.77 -2.791 -2.961 -3.151
1.0691 -1.793 -1.743 -1.818 -2.011 -2.154 -2.293 -1.932 -2.034 -2.156 -2.298 -2.438 -2.587 -2.029 -2.201 -2.373 -2.494 -2.604 -2.265 -2.408 -2.527 -2.626 -2.795 -2.816 -2.986 -3.176
1.0949 -1.818 -1.768 -1.843 -2.036 -2.179 -2.318 -1.957 -2.059 -2.181 -2.323 -2.463 -2.612 -2.054 -2.226 -2.398 -2.519 -2.629 -2.29 -2.432 -2.552 -2.651 -2.82 -2.841 -3.011 -3.201
1.1213 -1.843 -1.793 -1.868 -2.061 -2.204 -2.343 -1.982 -2.083 -2.206 -2.348 -2.488 -2.637 -2.078 -2.251 -2.423 -2.544 -2.654 -2.315 -2.457 -2.577 -2.676 -2.844 -2.866 -3.036 -3.226
1.1484 -1.868 -1.818 -1.893 -2.086 -2.228 -2.368 -2.007 -2.108 -2.231 -2.373 -2.513 -2.662 -2.103 -2.276 -2.448 -2.568 -2.679 -2.34 -2.482 -2.602 -2.701 -2.869 -2.891 -3.06 -3.251
1.1761 -1.893 -1.843 -1.918 -2.111 -2.253 -2.392 -2.032 -2.133 -2.256 -2.398 -2.538 -2.687 -2.128 -2.301 -2.473 -2.593 -2.704 -2.365 -2.507 -2.627 -2.726 -2.894 -2.916 -3.085 -3.276
1.2044 -1.917 -1.868 -1.943 -2.136 -2.278 -2.417 -2.057 -2.158 -2.281 -2.423 -2.563 -2.712 -2.153 -2.326 -2.498 -2.618 -2.729 -2.39 -2.532 -2.652 -2.751 -2.919 -2.941 -3.11 -3.301
1.2335 -1.942 -1.893 -1.968 -2.161 -2.303 -2.442 -2.081 -2.183 -2.306 -2.447 -2.588 -2.736 -2.178 -2.351 -2.523 -2.643 -2.754 -2.414 -2.557 -2.677 -2.776 -2.944 -2.966 -3.135 -3.326
1.2633 -1.963 -1.913 -1.988 -2.181 -2.324 -2.463 -2.102 -2.204 -2.326 -2.468 -2.608 -2.757 -2.198 -2.371 -2.543 -2.664 -2.774 -2.435 -2.577 -2.697 -2.796 -2.965 -2.986 -3.156 -3.346
1.2937 -1.983 -1.934 -2.008 -2.201 -2.344 -2.483 -2.122 -2.224 -2.346 -2.488 -2.629 -2.777 -2.219 -2.391 -2.563 -2.684 -2.795 -2.455 -2.598 -2.717 -2.817 -2.985 -3.006 -3.176 -3.366
1.3249 -2.003 -1.954 -2.029 -2.222 -2.364 -2.503 -2.142 -2.244 -2.366 -2.508 -2.649 -2.797 -2.239 -2.412 -2.583 -2.704 -2.815 -2.475 -2.618 -2.738 -2.837 -3.005 -3.027 -3.196 -3.386
1.3569 -2.024 -1.974 -2.049 -2.242 -2.384 -2.523 -2.163 -2.264 -2.387 -2.529 -2.669 -2.818 -2.259 -2.432 -2.604 -2.724 -2.835 -2.496 -2.638 -2.758 -2.857 -3.025 -3.047 -3.216 -3.407
1.3896 -2.044 -1.994 -2.069 -2.262 -2.405 -2.544 -2.183 -2.285 -2.407 -2.549 -2.689 -2.838 -2.28 -2.452 -2.624 -2.745 -2.855 -2.516 -2.658 -2.778 -2.877 -3.046 -3.067 -3.237 -3.427
1.4232 -2.064 -2.015 -2.09 -2.282 -2.425 -2.564 -2.203 -2.305 -2.427 -2.569 -2.71 -2.858 -2.3 -2.472 -2.644 -2.765 -2.876 -2.536 -2.679 -2.799 -2.898 -3.066 -3.088 -3.257 -3.447
1.4575 -2.084 -2.035 -2.11 -2.303 -2.445 -2.584 -2.223 -2.325 -2.448 -2.589 -2.73 -2.878 -2.32 -2.493 -2.665 -2.785 -2.896 -2.556 -2.699 -2.819 -2.918 -3.086 -3.108 -3.277 -3.467
1.4927 -2.105 -2.055 -2.13 -2.323 -2.465 -2.605 -2.244 -2.345 -2.468 -2.61 -2.75 -2.899 -2.34 -2.513 -2.685 -2.805 -2.916 -2.577 -2.719 -2.839 -2.938 -3.106 -3.128 -3.297 -3.488
1.5287 -2.125 -2.075 -2.15 -2.343 -2.486 -2.625 -2.264 -2.366 -2.488 -2.63 -2.77 -2.919 -2.361 -2.533 -2.705 -2.826 -2.936 -2.597 -2.74 -2.859 -2.958 -3.127 -3.148 -3.318 -3.508
1.5655 -2.145 -2.095 -2.17 -2.363 -2.505 -2.645 -2.284 -2.385 -2.508 -2.65 -2.79 -2.939 -2.38 -2.553 -2.725 -2.845 -2.956 -2.617 -2.759 -2.879 -2.978 -3.146 -3.168 -3.337 -3.528
1.6033 -2.161 -2.111 -2.186 -2.379 -2.521 -2.66 -2.3 -2.401 -2.524 -2.666 -2.806 -2.955 -2.396 -2.569 -2.741 -2.861 -2.972 -2.633 -2.775 -2.895 -2.994 -3.162 -3.184 -3.353 -3.544
1.642 -2.176 -2.127 -2.202 -2.395 -2.537 -2.676 -2.315 -2.417 -2.54 -2.681 -2.822 -2.97 -2.412 -2.585 -2.757 -2.877 -2.988 -2.648 -2.791 -2.911 -3.01 -3.178 -3.2 -3.369 -3.56
1.6816 -2.192 -2.143 -2.218 -2.411 -2.553 -2.692 -2.331 -2.433 -2.555 -2.697 -2.838 -2.986 -2.428 -2.601 -2.772 -2.893 -3.004 -2.664 -2.807 -2.927 -3.026 -3.194 -3.216 -3.385 -3.575
1.7222 -2.208 -2.159 -2.234 -2.427 -2.569 -2.708 -2.347 -2.449 -2.571 -2.713 -2.854 -3.002 -2.444 -2.616 -2.788 -2.909 -3.02 -2.68 -2.823 -2.943 -3.042 -3.21 -3.232 -3.401 -3.591
1.7637 -2.224 -2.175 -2.249 -2.442 -2.585 -2.724 -2.363 -2.465 -2.587 -2.729 -2.87 -3.018 -2.46 -2.632 -2.804 -2.925 -3.036 -2.696 -2.839 -2.958 -3.057 -3.226 -3.247 -3.417 -3.607
1.8062 -2.24 -2.19 -2.265 -2.458 -2.601 -2.74 -2.379 -2.481 -2.603 -2.745 -2.885 -3.034 -2.476 -2.648 -2.82 -2.941 -3.051 -2.712 -2.855 -2.974 -3.073 -3.242 -3.263 -3.433 -3.623
1.8498 -2.256 -2.206 -2.281 -2.474 -2.617 -2.756 -2.395 -2.497 -2.619 -2.761 -2.901 -3.05 -2.491 -2.664 -2.836 -2.957 -3.067 -2.728 -2.87 -2.99 -3.089 -3.258 -3.279 -3.449 -3.639
1.8944 -2.272 -2.222 -2.297 -2.49 -2.632 -2.772 -2.411 -2.512 -2.635 -2.777 -2.917 -3.066 -2.507 -2.68 -2.852 -2.973 -3.083 -2.744 -2.886 -3.006 -3.105 -3.273 -3.295 -3.464 -3.655
1.9401 -2.288 -2.238 -2.313 -2.506 -2.648 -2.787 -2.427 -2.528 -2.651 -2.793 -2.933 -3.082 -2.523 -2.696 -2.868 -2.988 -3.099 -2.76 -2.902 -3.022 -3.121 -3.289 -3.311 -3.48 -3.671
1.9869 -2.303 -2.254 -2.328 -2.521 -2.664 -2.803 -2.442 -2.544 -2.666 -2.808 -2.949 -3.097 -2.539 -2.711 -2.883 -3.004 -3.115 -2.775 -2.918 -3.037 -3.136 -3.305 -3.326 -3.496 -3.686
2.0349 -2.317 -2.268 -2.343 -2.536 -2.678 -2.817 -2.456 -2.558 -2.681 -2.822 -2.963 -3.111 -2.553 -2.726 -2.897 -3.018 -3.129 -2.789 -2.932 -3.052 -3.151 -3.319 -3.341 -3.51 -3.7
2.084 -2.332 -2.282 -2.357 -2.55 -2.692 -2.832 -2.471 -2.572 -2.695 -2.837 -2.977 -3.126 -2.567 -2.74 -2.912 -3.033 -3.143 -2.804 -2.946 -3.066 -3.165 -3.333 -3.355 -3.524 -3.715
2.1342 -2.346 -2.297 -2.371 -2.564 -2.707 -2.846 -2.485 -2.587 -2.709 -2.851 -2.992 -3.14 -2.582 -2.754 -2.926 -3.047 -3.158 -2.818 -2.961 -3.08 -3.18 -3.348 -3.369 -3.539 -3.729
2.1857 -2.36 -2.311 -2.386 -2.579 -2.721 -2.86 -2.499 -2.601 -2.724 -2.865 -3.006 -3.154 -2.596 -2.769 -2.941 -3.061 -3.172 -2.832 -2.975 -3.095 -3.194 -3.362 -3.384 -3.553 -3.743
2.2384 -2.375 -2.325 -2.4 -2.593 -2.735 -2.875 -2.514 -2.615 -2.738 -2.88 -3.02 -3.169 -2.61 -2.783 -2.955 -3.076 -3.186 -2.847 -2.989 -3.109 -3.208 -3.376 -3.398 -3.567 -3.758
2.2924 -2.389 -2.34 -2.414 -2.607 -2.75 -2.889 -2.528 -2.63 -2.752 -2.894 -3.035 -3.183 -2.625 -2.797 -2.969 -3.09 -3.201 -2.861 -3.004 -3.123 -3.223 -3.391 -3.412 -3.582 -3.772
2.3477 -2.403 -2.354 -2.429 -2.622 -2.764 -2.903 -2.542 -2.644 -2.767 -2.908 -3.049 -3.197 -2.639 -2.812 -2.984 -3.104 -3.215 -2.875 -3.018 -3.138 -3.237 -3.405 -3.427 -3.596 -3.787
2.4044 -2.418 -2.368 -2.443 -2.636 -2.779 -2.918 -2.557 -2.658 -2.781 -2.923 -3.063 -3.212 -2.653 -2.826 -2.998 -3.119 -3.229 -2.89 -3.032 -3.152 -3.251 -3.419 -3.441 -3.61 -3.801
2.4624 -2.432 -2.383 -2.457 -2.65 -2.793 -2.932 -2.571 -2.673 -2.795 -2.937 -3.078 -3.226 -2.668 -2.84 -3.012 -3.133 -3.244 -2.904 -3.047 -3.167 -3.266 -3.434 -3.456 -3.625 -3.815
2.5218 -2.445 -2.396 -2.471 -2.664 -2.806 -2.945 -2.584 -2.686 -2.809 -2.95 -3.091 -3.239 -2.681 -2.854 -3.025 -3.146 -3.257 -2.917 -3.06 -3.18 -3.279 -3.447 -3.469 -3.638 -3.828
2.5826 -2.457 -2.408 -2.482 -2.675 -2.818 -2.957 -2.596 -2.698 -2.82 -2.962 -3.103 -3.251 -2.693 -2.865 -3.037 -3.158 -3.269 -2.929 -3.072 -3.192 -3.291 -3.459 -3.481 -3.65 -3.84
2.6449 -2.469 -2.419 -2.494 -2.687 -2.83 -2.969 -2.608 -2.71 -2.832 -2.974 -3.114 -3.263 -2.705 -2.877 -3.049 -3.17 -3.28 -2.941 -3.083 -3.203 -3.302 -3.471 -3.492 -3.662 -3.852
2.7087 -2.481 -2.431 -2.506 -2.699 -2.841 -2.98 -2.62 -2.721 -2.844 -2.986 -3.126 -3.275 -2.716 -2.889 -3.061 -3.181 -3.292 -2.953 -3.095 -3.215 -3.314 -3.482 -3.504 -3.673 -3.864
2.7741 -2.492 -2.443 -2.518 -2.711 -2.853 -2.992 -2.631 -2.733 -2.855 -2.997 -3.138 -3.286 -2.728 -2.901 -3.072 -3.193 -3.304 -2.964 -3.107 -3.227 -3.326 -3.494 -3.516 -3.685 -3.875
2.841 -2.504 -2.455 -2.529 -2.722 -2.865 -3.004 -2.643 -2.745 -2.867 -3.009 -3.15 -3.298 -2.74 -2.912 -3.084 -3.205 -3.316 -2.976 -3.119 -3.238 -3.337 -3.506 -3.527 -3.697 -3.887
2.9095 -2.516 -2.466 -2.541 -2.734 -2.877 -3.016 -2.655 -2.757 -2.879 -3.021 -3.161 -3.31 -2.751 -2.924 -3.096 -3.217 -3.327 -2.988 -3.13 -3.25 -3.349 -3.518 -3.539 -3.709 -3.899
2.9797 -2.528 -2.478 -2.553 -2.746 -2.888 -3.027 -2.667 -2.768 -2.891 -3.033 -3.173 -3.322 -2.763 -2.936 -3.108 -3.228 -3.339 -3.0 -3.142 -3.262 -3.361 -3.529 -3.551 -3.72 -3.911
3.0516 -2.539 -2.49 -2.565 -2.758 -2.9 -3.039 -2.678 -2.78 -2.902 -3.044 -3.185 -3.333 -2.775 -2.948 -3.119 -3.24 -3.351 -3.011 -3.154 -3.274 -3.373 -3.541 -3.563 -3.732 -3.922
3.1252 -2.551 -2.502 -2.576 -2.769 -2.912 -3.051 -2.69 -2.792 -2.914 -3.056 -3.196 -3.345 -2.787 -2.959 -3.131 -3.252 -3.362 -3.023 -3.166 -3.285 -3.384 -3.553 -3.574 -3.744 -3.934
3.2006 -2.563 -2.514 -2.589 -2.782 -2.924 -3.063 -2.703 -2.804 -2.927 -3.068 -3.209 -3.358 -2.799 -2.972 -3.144 -3.264 -3.375 -3.035 -3.178 -3.298 -3.397 -3.565 -3.587 -3.756 -3.947
3.2778 -2.577 -2.527 -2.602 -2.795 -2.937 -3.076 -2.716 -2.817 -2.94 -3.082 -3.222 -3.371 -2.812 -2.985 -3.157 -3.277 -3.388 -3.049 -3.191 -3.311 -3.41 -3.578 -3.6 -3.769 -3.96
3.3569 -2.59 -2.54 -2.615 -2.808 -2.95 -3.089 -2.729 -2.83 -2.953 -3.095 -3.235 -3.384 -2.825 -2.998 -3.17 -3.29 -3.401 -3.062 -3.204 -3.324 -3.423 -3.591 -3.613 -3.782 -3.973
3.4378 -2.603 -2.553 -2.628 -2.821 -2.963 -3.103 -2.742 -2.843 -2.966 -3.108 -3.248 -3.397 -2.838 -3.011 -3.183 -3.303 -3.414 -3.075 -3.217 -3.337 -3.436 -3.604 -3.626 -3.795 -3.986
3.5208 -2.616 -2.566 -2.641 -2.834 -2.976 -3.116 -2.755 -2.856 -2.979 -3.121 -3.261 -3.41 -2.851 -3.024 -3.196 -3.317 -3.427 -3.088 -3.23 -3.35 -3.449 -3.617 -3.639 -3.808 -3.999
3.6057 -2.629 -2.579 -2.654 -2.847 -2.99 -3.129 -2.768 -2.87 -2.992 -3.134 -3.274 -3.423 -2.864 -3.037 -3.209 -3.33 -3.44 -3.101 -3.243 -3.363 -3.462 -3.631 -3.652 -3.822 -4.012
3.6927 -2.642 -2.592 -2.667 -2.86 -3.003 -3.142 -2.781 -2.883 -3.005 -3.147 -3.287 -3.436 -2.878 -3.05 -3.222 -3.343 -3.453 -3.114 -3.256 -3.376 -3.475 -3.644 -3.665 -3.835 -4.025
3.7818 -2.655 -2.605 -2.68 -2.873 -3.016 -3.155 -2.794 -2.896 -3.018 -3.16 -3.3 -3.449 -2.891 -3.063 -3.235 -3.356 -3.466 -3.127 -3.27 -3.389 -3.488 -3.657 -3.678 -3.848 -4.038
3.873 -2.668 -2.619 -2.693 -2.886 -3.029 -3.168 -2.807 -2.909 -3.031 -3.173 -3.314 -3.462 -2.904 -3.076 -3.248 -3.369 -3.479 -3.14 -3.283 -3.402 -3.501 -3.67 -3.691 -3.861 -4.051
3.9664 -2.681 -2.632 -2.706 -2.899 -3.042 -3.181 -2.82 -2.922 -3.044 -3.186 -3.327 -3.475 -2.917 -3.089 -3.261 -3.382 -3.493 -3.153 -3.296 -3.415 -3.515 -3.683 -3.704 -3.874 -4.064
4.0621 -2.697 -2.647 -2.722 -2.915 -3.057 -3.196 -2.836 -2.937 -3.06 -3.202 -3.342 -3.491 -2.932 -3.105 -3.277 -3.397 -3.508 -3.169 -3.311 -3.431 -3.53 -3.698 -3.72 -3.889 -4.08
4.1601 -2.713 -2.664 -2.739 -2.932 -3.074 -3.213 -2.852 -2.954 -3.076 -3.218 -3.359 -3.507 -2.949 -3.121 -3.293 -3.414 -3.525 -3.185 -3.328 -3.448 -3.547 -3.715 -3.737 -3.906 -4.096
4.2604 -2.73 -2.68 -2.755 -2.948 -3.091 -3.23 -2.869 -2.971 -3.093 -3.235 -3.375 -3.524 -2.966 -3.138 -3.31 -3.431 -3.541 -3.202 -3.344 -3.464 -3.563 -3.732 -3.753 -3.923 -4.113
4.3632 -2.746 -2.697 -2.772 -2.965 -3.107 -3.246 -2.886 -2.987 -3.11 -3.251 -3.392 -3.541 -2.982 -3.155 -3.327 -3.447 -3.558 -3.218 -3.361 -3.481 -3.58 -3.748 -3.77 -3.939 -4.13
4.4685 -2.763 -2.714 -2.788 -2.981 -3.124 -3.263 -2.902 -3.004 -3.126 -3.268 -3.409 -3.557 -2.999 -3.171 -3.343 -3.464 -3.575 -3.235 -3.378 -3.497 -3.597 -3.765 -3.786 -3.956 -4.146
4.5763 -2.78 -2.73 -2.805 -2.998 -3.14 -3.28 -2.919 -3.02 -3.143 -3.285 -3.425 -3.574 -3.015 -3.188 -3.36 -3.481 -3.591 -3.252 -3.394 -3.514 -3.613 -3.781 -3.803 -3.972 -4.163
4.6867 -2.796 -2.747 -2.822 -3.015 -3.157 -3.296 -2.935 -3.037 -3.159 -3.301 -3.442 -3.59 -3.032 -3.205 -3.376 -3.497 -3.608 -3.268 -3.411 -3.531 -3.63 -3.798 -3.82 -3.989 -4.179
4.7997 -2.813 -2.763 -2.838 -3.031 -3.174 -3.313 -2.952 -3.054 -3.176 -3.318 -3.458 -3.607 -3.049 -3.221 -3.393 -3.514 -3.624 -3.285 -3.428 -3.547 -3.646 -3.815 -3.836 -4.006 -4.196
4.9155 -2.83 -2.78 -2.855 -3.048 -3.19 -3.329 -2.969 -3.07 -3.193 -3.335 -3.475 -3.624 -3.065 -3.238 -3.41 -3.53 -3.641 -3.302 -3.444 -3.564 -3.663 -3.831 -3.853 -4.022 -4.213
5.0341 -2.846 -2.797 -2.872 -3.064 -3.207 -3.346 -2.985 -3.087 -3.209 -3.351 -3.492 -3.64 -3.082 -3.254 -3.426 -3.547 -3.658 -3.318 -3.461 -3.581 -3.68 -3.848 -3.87 -4.039 -4.229
5.1555 -2.86 -2.811 -2.885 -3.078 -3.221 -3.36 -2.999 -3.101 -3.223 -3.365 -3.506 -3.654 -3.096 -3.268 -3.44 -3.561 -3.672 -3.332 -3.475 -3.594 -3.694 -3.862 -3.883 -4.053 -4.243
5.2799 -2.873 -2.824 -2.899 -3.092 -3.234 -3.373 -3.013 -3.114 -3.237 -3.378 -3.519 -3.668 -3.109 -3.282 -3.454 -3.574 -3.685 -3.345 -3.488 -3.608 -3.707 -3.875 -3.897 -4.066 -4.257
5.4072 -2.887 -2.837 -2.912 -3.105 -3.248 -3.387 -3.026 -3.128 -3.25 -3.392 -3.532 -3.681 -3.123 -3.295 -3.467 -3.588 -3.698 -3.359 -3.501 -3.621 -3.72 -3.889 -3.91 -4.08 -4.27
5.5377 -2.9 -2.851 -2.926 -3.119 -3.261 -3.4 -3.039 -3.141 -3.263 -3.405 -3.546 -3.694 -3.136 -3.308 -3.48 -3.601 -3.712 -3.372 -3.515 -3.635 -3.734 -3.902 -3.924 -4.093 -4.283
5.6713 -2.914 -2.864 -2.939 -3.132 -3.274 -3.413 -3.053 -3.154 -3.277 -3.419 -3.559 -3.708 -3.149 -3.322 -3.494 -3.614 -3.725 -3.386 -3.528 -3.648 -3.747 -3.915 -3.937 -4.106 -4.297
5.8081 -2.927 -2.877 -2.952 -3.145 -3.288 -3.427 -3.066 -3.168 -3.29 -3.432 -3.572 -3.721 -3.163 -3.335 -3.507 -3.628 -3.738 -3.399 -3.542 -3.661 -3.76 -3.929 -3.95 -4.12 -4.31
5.9482 -2.94 -2.891 -2.966 -3.159 -3.301 -3.44 -3.079 -3.181 -3.303 -3.445 -3.586 -3.734 -3.176 -3.349 -3.52 -3.641 -3.752 -3.412 -3.555 -3.675 -3.774 -3.942 -3.964 -4.133 -4.323
6.0917 -2.954 -2.904 -2.979 -3.172 -3.314 -3.454 -3.093 -3.194 -3.317 -3.459 -3.599 -3.748 -3.189 -3.362 -3.534 -3.655 -3.765 -3.426 -3.568 -3.688 -3.787 -3.955 -3.977 -4.146 -4.337
6.2386 -2.967 -2.918 -2.992 -3.185 -3.328 -3.467 -3.106 -3.208 -3.33 -3.472 -3.613 -3.761 -3.203 -3.375 -3.547 -3.668 -3.779 -3.439 -3.582 -3.701 -3.801 -3.969 -3.99 -4.16 -4.35
6.3891 -2.98 -2.931 -3.006 -3.199 -3.341 -3.48 -3.12 -3.221 -3.344 -3.485 -3.626 -3.775 -3.216 -3.389 -3.561 -3.681 -3.792 -3.452 -3.595 -3.715 -3.814 -3.982 -4.004 -4.173 -4.364
6.5433 -2.996 -2.947 -3.022 -3.215 -3.357 -3.496 -3.136 -3.237 -3.36 -3.502 -3.642 -3.791 -3.232 -3.405 -3.577 -3.697 -3.808 -3.469 -3.611 -3.731 -3.83 -3.998 -4.02 -4.189 -4.38
6.7011 -3.013 -2.963 -3.038 -3.231 -3.373 -3.512 -3.152 -3.253 -3.376 -3.518 -3.658 -3.807 -3.248 -3.421 -3.593 -3.713 -3.824 -3.485 -3.627 -3.747 -3.846 -4.014 -4.036 -4.205 -4.396
6.8627 -3.029 -2.979 -3.054 -3.247 -3.389 -3.529 -3.168 -3.269 -3.392 -3.534 -3.674 -3.823 -3.264 -3.437 -3.609 -3.729 -3.84 -3.501 -3.643 -3.763 -3.862 -4.03 -4.052 -4.221 -4.412
7.0283 -3.045 -2.995 -3.07 -3.263 -3.406 -3.545 -3.184 -3.285 -3.408 -3.55 -3.69 -3.839 -3.28 -3.453 -3.625 -3.746 -3.856 -3.517 -3.659 -3.779 -3.878 -4.046 -4.068 -4.238 -4.428
7.1978 -3.061 -3.011 -3.086 -3.279 -3.422 -3.561 -3.2 -3.302 -3.424 -3.566 -3.706 -3.855 -3.297 -3.469 -3.641 -3.762 -3.872 -3.533 -3.675 -3.795 -3.894 -4.063 -4.084 -4.254 -4.444
7.3715 -3.077 -3.028 -3.102 -3.295 -3.438 -3.577 -3.216 -3.318 -3.44 -3.582 -3.722 -3.871 -3.313 -3.485 -3.657 -3.778 -3.888 -3.549 -3.692 -3.811 -3.91 -4.079 -4.1 -4.27 -4.46
7.5493 -3.093 -3.044 -3.118 -3.311 -3.454 -3.593 -3.232 -3.334 -3.456 -3.598 -3.739 -3.887 -3.329 -3.501 -3.673 -3.794 -3.905 -3.565 -3.708 -3.827 -3.927 -4.095 -4.116 -4.286 -4.476
7.7314 -3.109 -3.06 -3.135 -3.328 -3.47 -3.609 -3.248 -3.35 -3.472 -3.614 -3.755 -3.903 -3.345 -3.517 -3.689 -3.81 -3.921 -3.581 -3.724 -3.844 -3.943 -4.111 -4.133 -4.302 -4.492
7.9179 -3.125 -3.076 -3.151 -3.344 -3.486 -3.625 -3.264 -3.366 -3.488 -3.63 -3.771 -3.919 -3.361 -3.534 -3.705 -3.826 -3.937 -3.597 -3.74 -3.86 -3.959 -4.127 -4.149 -4.318 -4.508
8.1089 -3.141 -3.091 -3.166 -3.359 -3.502 -3.641 -3.28 -3.382 -3.504 -3.646 -3.786 -3.935 -3.377 -3.549 -3.721 -3.842 -3.952 -3.613 -3.756 -3.875 -3.974 -4.143 -4.164 -4.334 -4.524
8.3045 -3.153 -3.104 -3.179 -3.372 -3.514 -3.653 -3.293 -3.394 -3.517 -3.658 -3.799 -3.948 -3.389 -3.562 -3.734 -3.854 -3.965 -3.625 -3.768 -3.888 -3.987 -4.155 -4.177 -4.346 -4.537
8.5049 -3.166 -3.117 -3.191 -3.384 -3.527 -3.666 -3.305 -3.407 -3.529 -3.671 -3.811 -3.96 -3.402 -3.574 -3.746 -3.867 -3.977 -3.638 -3.781 -3.9 -3.999 -4.168 -4.189 -4.359 -4.549
8.71 -3.178 -3.129 -3.204 -3.397 -3.539 -3.678 -3.318 -3.419 -3.542 -3.684 -3.824 -3.973 -3.414 -3.587 -3.759 -3.879 -3.99 -3.651 -3.793 -3.913 -4.012 -4.18 -4.202 -4.371 -4.562
8.9201 -3.191 -3.142 -3.216 -3.409 -3.552 -3.691 -3.33 -3.432 -3.554 -3.696 -3.837 -3.985 -3.427 -3.599 -3.771 -3.892 -4.002 -3.663 -3.806 -3.925 -4.024 -4.193 -4.214 -4.384 -4.574
9.1353 -3.204 -3.154 -3.229 -3.422 -3.564 -3.703 -3.343 -3.444 -3.567 -3.709 -3.849 -3.998 -3.439 -3.612 -3.784 -3.904 -4.015 -3.676 -3.818 -3.938 -4.037 -4.205 -4.227 -4.396 -4.587
9.3557 -3.216 -3.167 -3.241 -3.434 -3.577 -3.716 -3.355 -3.457 -3.579 -3.721 -3.862 -4.01 -3.452 -3.624 -3.796 -3.917 -4.028 -3.688 -3.831 -3.95 -4.049 -4.218 -4.239 -4.409 -4.599
9.5814 -3.229 -3.179 -3.254 -3.447 -3.589 -3.728 -3.368 -3.469 -3.592 -3.734 -3.874 -4.023 -3.464 -3.637 -3.809 -3.929 -4.04 -3.701 -3.843 -3.963 -4.062 -4.23 -4.252 -4.421 -4.612
9.8125 -3.241 -3.192 -3.266 -3.459 -3.602 -3.741 -3.38 -3.482 -3.604 -3.746 -3.887 -4.035 -3.477 -3.649 -3.821 -3.942 -4.053 -3.713 -3.856 -3.976 -4.075 -4.243 -4.265 -4.434 -4.624
10.0492 -3.254 -3.204 -3.279 -3.472 -3.614 -3.753 -3.393 -3.494 -3.617 -3.759 -3.899 -4.048 -3.489 -3.662 -3.834 -3.954 -4.065 -3.726 -3.868 -3.988 -4.087 -4.255 -4.277 -4.446 -4.637
10.2917 -3.265 -3.215 -3.29 -3.483 -3.625 -3.765 -3.404 -3.505 -3.628 -3.77 -3.91 -4.059 -3.5 -3.673 -3.845 -3.966 -4.076 -3.737 -3.879 -3.999 -4.098 -4.266 -4.288 -4.457 -4.648
10.5399 -3.272 -3.222 -3.297 -3.49 -3.633 -3.772 -3.411 -3.513 -3.635 -3.777 -3.917 -4.066 -3.508 -3.68 -3.852 -3.973 -4.083 -3.744 -3.887 -4.006 -4.105 -4.274 -4.295 -4.465 -4.655
10.7942 -3.279 -3.23 -3.305 -3.497 -3.64 -3.779 -3.418 -3.52 -3.642 -3.784 -3.925 -4.073 -3.515 -3.687 -3.859 -3.98 -4.091 -3.751 -3.894 -4.014 -4.113 -4.281 -4.303 -4.472 -4.662
11.0546 -3.286 -3.237 -3.312 -3.505 -3.647 -3.786 -3.425 -3.527 -3.65 -3.791 -3.932 -4.08 -3.522 -3.695 -3.866 -3.987 -4.098 -3.758 -3.901 -4.021 -4.12 -4.288 -4.31 -4.479 -4.669
11.3212 -3.294 -3.244 -3.319 -3.512 -3.654 -3.793 -3.433 -3.534 -3.657 -3.799 -3.939 -4.088 -3.529 -3.702 -3.874 -3.994 -4.105 -3.766 -3.908 -4.028 -4.127 -4.295 -4.317 -4.486 -4.677
11.5943 -3.301 -3.251 -3.326 -3.519 -3.662 -3.801 -3.44 -3.542 -3.664 -3.806 -3.946 -4.095 -3.536 -3.709 -3.881 -4.002 -4.112 -3.773 -3.915 -4.035 -4.134 -4.303 -4.324 -4.494 -4.684
11.874 -3.308 -3.259 -3.333 -3.526 -3.669 -3.808 -3.447 -3.549 -3.671 -3.813 -3.954 -4.102 -3.544 -3.716 -3.888 -4.009 -4.119 -3.78 -3.923 -4.042 -4.141 -4.31 -4.331 -4.501 -4.691
12.1605 -3.315 -3.266 -3.341 -3.534 -3.676 -3.815 -3.454 -3.556 -3.678 -3.82 -3.961 -4.109 -3.551 -3.723 -3.895 -4.016 -4.127 -3.787 -3.93 -4.05 -4.149 -4.317 -4.339 -4.508 -4.698
12.4538 -3.322 -3.273 -3.348 -3.541 -3.683 -3.822 -3.461 -3.563 -3.686 -3.827 -3.968 -4.117 -3.558 -3.731 -3.903 -4.023 -4.134 -3.794 -3.937 -4.057 -4.156 -4.324 -4.346 -4.515 -4.706
12.7542 -3.33 -3.28 -3.355 -3.548 -3.69 -3.83 -3.469 -3.57 -3.693 -3.835 -3.975 -4.124 -3.565 -3.738 -3.91 -4.03 -4.141 -3.802 -3.944 -4.064 -4.163 -4.331 -4.353 -4.522 -4.713
13.0619 -3.339 -3.289 -3.364 -3.557 -3.7 -3.839 -3.478 -3.58 -3.702 -3.844 -3.984 -4.133 -3.575 -3.747 -3.919 -4.04 -4.15 -3.811 -3.953 -4.073 -4.172 -4.341 -4.362 -4.532 -4.722
13.377 -3.351 -3.302 -3.377 -3.569 -3.712 -3.851 -3.49 -3.592 -3.714 -3.856 -3.997 -4.145 -3.587 -3.759 -3.931 -4.052 -4.163 -3.823 -3.966 -4.086 -4.185 -4.353 -4.375 -4.544 -4.734
13.6997 -3.363 -3.314 -3.389 -3.582 -3.724 -3.863 -3.502 -3.604 -3.727 -3.868 -4.009 -4.157 -3.599 -3.772 -3.944 -4.064 -4.175 -3.835 -3.978 -4.098 -4.197 -4.365 -4.387 -4.556 -4.746
14.0302 -3.376 -3.326 -3.401 -3.594 -3.736 -3.876 -3.515 -3.616 -3.739 -3.881 -4.021 -4.17 -3.611 -3.784 -3.956 -4.076 -4.187 -3.848 -3.99 -4.11 -4.209 -4.377 -4.399 -4.568 -4.759
14.3686 -3.388 -3.338 -3.413 -3.606 -3.749 -3.888 -3.527 -3.629 -3.751 -3.893 -4.033 -4.182 -3.624 -3.796 -3.968 -4.089 -4.199 -3.86 -4.002 -4.122 -4.221 -4.39 -4.411 -4.581 -4.771
14.7153 -3.4 -3.351 -3.426 -3.618 -3.761 -3.9 -3.539 -3.641 -3.763 -3.905 -4.046 -4.194 -3.636 -3.808 -3.98 -4.101 -4.212 -3.872 -4.015 -4.135 -4.234 -4.402 -4.424 -4.593 -4.783
15.0702 -3.412 -3.363 -3.438 -3.631 -3.773 -3.912 -3.551 -3.653 -3.776 -3.917 -4.058 -4.206 -3.648 -3.821 -3.993 -4.113 -4.224 -3.884 -4.027 -4.147 -4.246 -4.414 -4.436 -4.605 -4.795
15.4338 -3.425 -3.375 -3.45 -3.643 -3.785 -3.925 -3.564 -3.665 -3.788 -3.93 -4.07 -4.219 -3.66 -3.833 -4.005 -4.125 -4.236 -3.897 -4.039 -4.159 -4.258 -4.426 -4.448 -4.617 -4.808
15.8061 -3.437 -3.387 -3.462 -3.655 -3.798 -3.937 -3.576 -3.678 -3.8 -3.942 -4.082 -4.231 -3.673 -3.845 -4.017 -4.138 -4.248 -3.909 -4.051 -4.171 -4.27 -4.439 -4.46 -4.63 -4.82
16.1874 -3.449 -3.4 -3.475 -3.667 -3.81 -3.949 -3.588 -3.69 -3.812 -3.954 -4.095 -4.243 -3.685 -3.857 -4.029 -4.15 -4.261 -3.921 -4.064 -4.184 -4.283 -4.451 -4.473 -4.642 -4.832
16.5779 -3.459 -3.409 -3.484 -3.677 -3.819 -3.958 -3.598 -3.699 -3.822 -3.964 -4.104 -4.253 -3.694 -3.867 -4.039 -4.159 -4.27 -3.931 -4.073 -4.193 -4.292 -4.46 -4.482 -4.651 -4.842
16.9778 -3.466 -3.416 -3.491 -3.684 -3.826 -3.966 -3.605 -3.706 -3.829 -3.971 -4.111 -4.26 -3.701 -3.874 -4.046 -4.167 -4.277 -3.938 -4.08 -4.2 -4.299 -4.467 -4.489 -4.658 -4.849
17.3873 -3.473 -3.423 -3.498 -3.691 -3.834 -3.973 -3.612 -3.714 -3.836 -3.978 -4.118 -4.267 -3.709 -3.881 -4.053 -4.174 -4.284 -3.945 -4.087 -4.207 -4.306 -4.475 -4.496 -4.666 -4.856
17.8068 -3.48 -3.43 -3.505 -3.698 -3.841 -3.98 -3.619 -3.721 -3.843 -3.985 -4.125 -4.274 -3.716 -3.888 -4.06 -4.181 -4.291 -3.952 -4.095 -4.214 -4.313 -4.482 -4.503 -4.673 -4.863
18.2363 -3.487 -3.438 -3.512 -3.705 -3.848 -3.987 -3.626 -3.728 -3.85 -3.992 -4.133 -4.281 -3.723 -3.895 -4.067 -4.188 -4.299 -3.959 -4.102 -4.221 -4.32 -4.489 -4.51 -4.68 -4.87
18.6762 -3.494 -3.445 -3.52 -3.713 -3.855 -3.994 -3.633 -3.735 -3.857 -3.999 -4.14 -4.288 -3.73 -3.902 -4.074 -4.195 -4.306 -3.966 -4.109 -4.229 -4.328 -4.496 -4.518 -4.687 -4.877
19.1268 -3.501 -3.452 -3.527 -3.72 -3.862 -4.001 -3.64 -3.742 -3.864 -4.006 -4.147 -4.295 -3.737 -3.91 -4.081 -4.202 -4.313 -3.973 -4.116 -4.236 -4.335 -4.503 -4.525 -4.694 -4.884
19.5882 -3.508 -3.459 -3.534 -3.727 -3.869 -4.008 -3.647 -3.749 -3.872 -4.013 -4.154 -4.302 -3.744 -3.917 -4.089 -4.209 -4.32 -3.98 -4.123 -4.243 -4.342 -4.51 -4.532 -4.701 -4.892
20.0607 -3.516 -3.466 -3.541 -3.734 -3.876 -4.015 -3.655 -3.756 -3.879 -4.021 -4.161 -4.31 -3.751 -3.924 -4.096 -4.216 -4.327 -3.988 -4.13 -4.25 -4.349 -4.517 -4.539 -4.708 -4.899
20.5446 -3.523 -3.473 -3.548 -3.741 -3.883 -4.023 -3.662 -3.763 -3.886 -4.028 -4.168 -4.317 -3.758 -3.931 -4.103 -4.223 -4.334 -3.995 -4.137 -4.257 -4.356 -4.524 -4.546 -4.715 -4.906
21.0402 -3.527 -3.477 -3.552 -3.745 -3.887 -4.026 -3.666 -3.767 -3.89 -4.032 -4.172 -4.321 -3.762 -3.935 -4.107 -4.227 -4.338 -3.999 -4.141 -4.261 -4.36 -4.528 -4.55 -4.719 -4.91
21.5478 -3.529 -3.48 -3.555 -3.748 -3.89 -4.029 -3.668 -3.77 -3.892 -4.034 -4.175 -4.323 -3.765 -3.937 -4.109 -4.23 -4.341 -4.001 -4.144 -4.264 -4.363 -4.531 -4.553 -4.722 -4.912
22.0676 -3.532 -3.482 -3.557 -3.75 -3.892 -4.032 -3.671 -3.772 -3.895 -4.037 -4.177 -4.326 -3.767 -3.94 -4.112 -4.233 -4.343 -4.004 -4.146 -4.266 -4.365 -4.533 -4.555 -4.724 -4.915
22.5999 -3.534 -3.485 -3.56 -3.753 -3.895 -4.034 -3.673 -3.775 -3.897 -4.039 -4.18 -4.328 -3.77 -3.943 -4.114 -4.235 -4.346 -4.006 -4.149 -4.269 -4.368 -4.536 -4.558 -4.727 -4.917
23.1451 -3.537 -3.487 -3.562 -3.755 -3.898 -4.037 -3.676 -3.778 -3.9 -4.042 -4.182 -4.331 -3.773 -3.945 -4.117 -4.238 -4.348 -4.009 -4.151 -4.271 -4.37 -4.539 -4.56 -4.73 -4.92
23.7034 -3.539 -3.49 -3.565 -3.758 -3.9 -4.039 -3.678 -3.78 -3.903 -4.044 -4.185 -4.333 -3.775 -3.948 -4.12 -4.24 -4.351 -4.011 -4.154 -4.274 -4.373 -4.541 -4.563 -4.732 -4.922
24.2752 -3.542 -3.492 -3.567 -3.76 -3.903 -4.042 -3.681 -3.783 -3.905 -4.047 -4.187 -4.336 -3.778 -3.95 -4.122 -4.243 -4.353 -4.014 -4.157 -4.276 -4.375 -4.544 -4.565 -4.735 -4.925
24.8608 -3.544 -3.495 -3.57 -3.763 -3.905 -4.044 -3.684 -3.785 -3.908 -4.05 -4.19 -4.339 -3.78 -3.953 -4.125 -4.245 -4.356 -4.017 -4.159 -4.279 -4.378 -4.546 -4.568 -4.737 -4.928
25.4606 -3.547 -3.498 -3.572 -3.765 -3.908 -4.047 -3.686 -3.788 -3.91 -4.052 -4.193 -4.341 -3.783 -3.955 -4.127 -4.248 -4.359 -4.019 -4.162 -4.281 -4.38 -4.549 -4.57 -4.74 -4.93
26.0748 -3.55 -3.5 -3.575 -3.768 -3.91 -4.049 -3.689 -3.79 -3.913 -4.055 -4.195 -4.344 -3.785 -3.958 -4.13 -4.25 -4.361 -4.022 -4.164 -4.284 -4.383 -4.551 -4.573 -4.742 -4.933
26.7038 -3.575 -3.526 -3.6 -3.793 -3.936 -4.075 -3.714 -3.816 -3.938 -4.08 -4.221 -4.369 -3.811 -3.983 -4.155 -4.276 -4.386 -4.047 -4.19 -4.309 -4.408 -4.577 -4.598 -4.768 -4.958
27.3479 -3.605 -3.556 -3.63 -3.823 -3.966 -4.105 -3.744 -3.846 -3.968 -4.11 -4.25 -4.399 -3.841 -4.013 -4.185 -4.306 -4.416 -4.077 -4.22 -4.339 -4.438 -4.607 -4.628 -4.798 -4.988
28.0077 -3.635 -3.585 -3.66 -3.853 -3.996 -4.135 -3.774 -3.876 -3.998 -4.14 -4.28 -4.429 -3.871 -4.043 -4.215 -4.336 -4.446 -4.107 -4.25 -4.369 -4.468 -4.637 -4.658 -4.828 -5.018
28.6833 -3.665 -3.615 -3.69 -3.883 -4.026 -4.165 -3.804 -3.906 -4.028 -4.17 -4.31 -4.459 -3.901 -4.073 -4.245 -4.366 -4.476 -4.137 -4.279 -4.399 -4.498 -4.667 -4.688 -4.858 -5.048
29.3752 -3.695 -3.645 -3.72 -3.913 -4.056 -4.195 -3.834 -3.936 -4.058 -4.2 -4.34 -4.489 -3.931 -4.103 -4.275 -4.396 -4.506 -4.167 -4.309 -4.429 -4.528 -4.697 -4.718 -4.888 -5.078
30.0838 -3.725 -3.675 -3.75 -3.943 -4.086 -4.225 -3.864 -3.965 -4.088 -4.23 -4.37 -4.519 -3.96 -4.133 -4.305 -4.426 -4.536 -4.197 -4.339 -4.459 -4.558 -4.726 -4.748 -4.918 -5.108
30.8096 -3.755 -3.705 -3.78 -3.973 -4.115 -4.255 -3.894 -3.995 -4.118 -4.26 -4.4 -4.549 -3.99 -4.163 -4.335 -4.456 -4.566 -4.227 -4.369 -4.489 -4.588 -4.756 -4.778 -4.947 -5.138
31.5528 -3.785 -3.735 -3.81 -4.003 -4.145 -4.285 -3.924 -4.025 -4.148 -4.29 -4.43 -4.579 -4.02 -4.193 -4.365 -4.485 -4.596 -4.257 -4.399 -4.519 -4.618 -4.786 -4.808 -4.977 -5.168
32.3139 -3.815 -3.765 -3.84 -4.033 -4.175 -4.314 -3.954 -4.055 -4.178 -4.32 -4.46 -4.609 -4.05 -4.223 -4.395 -4.515 -4.626 -4.287 -4.429 -4.549 -4.648 -4.816 -4.838 -5.007 -5.198
33.0935 -3.845 -3.795 -3.87 -4.063 -4.205 -4.344 -3.984 -4.085 -4.208 -4.35 -4.49 -4.639 -4.08 -4.253 -4.425 -4.545 -4.656 -4.317 -4.459 -4.579 -4.678 -4.846 -4.868 -5.037 -5.228
33.8918 -3.845 -3.795 -3.87 -4.063 -4.205 -4.345 -3.984 -4.085 -4.208 -4.35 -4.49 -4.639 -4.08 -4.253 -4.425 -4.546 -4.656 -4.317 -4.459 -4.579 -4.678 -4.846 -4.868 -5.037 -5.228
34.7093 -3.844 -3.795 -3.87 -4.062 -4.205 -4.344 -3.983 -4.085 -4.207 -4.349 -4.49 -4.638 -4.08 -4.252 -4.424 -4.545 -4.656 -4.316 -4.459 -4.579 -4.678 -4.846 -4.868 -5.037 -5.227
35.5466 -3.844 -3.794 -3.869 -4.062 -4.204 -4.343 -3.983 -4.084 -4.207 -4.349 -4.489 -4.638 -4.079 -4.252 -4.424 -4.544 -4.655 -4.316 -4.458 -4.578 -4.677 -4.845 -4.867 -5.036 -5.227
36.4041 -3.843 -3.794 -3.868 -4.061 -4.204 -4.343 -3.982 -4.084 -4.206 -4.348 -4.489 -4.637 -4.079 -4.251 -4.423 -4.544 -4.655 -4.315 -4.458 -4.577 -4.677 -4.845 -4.866 -5.036 -5.226
37.2823 -3.843 -3.793 -3.868 -4.061 -4.203 -4.342 -3.982 -4.083 -4.206 -4.348 -4.488 -4.637 -4.078 -4.251 -4.423 -4.543 -4.654 -4.315 -4.457 -4.577 -4.676 -4.844 -4.866 -5.035 -5.226
38.1817 -3.842 -3.793 -3.867 -4.06 -4.203 -4.342 -3.981 -4.083 -4.205 -4.347 -4.487 -4.636 -4.078 -4.25 -4.422 -4.543 -4.653 -4.314 -4.457 -4.576 -4.675 -4.844 -4.865 -5.035 -5.225
39.1028 -3.841 -3.792 -3.867 -4.06 -4.202 -4.341 -3.981 -4.082 -4.205 -4.346 -4.487 -4.636 -4.077 -4.25 -4.422 -4.542 -4.653 -4.313 -4.456 -4.576 -4.675 -4.843 -4.865 -5.034 -5.225
40.046 -3.841 -3.791 -3.866 -4.059 -4.202 -4.341 -3.98 -4.082 -4.204 -4.346 -4.486 -4.635 -4.077 -4.249 -4.421 -4.542 -4.652 -4.313 -4.455 -4.575 -4.674 -4.843 -4.864 -5.034 -5.224
41.0121 -3.84 -3.791 -3.866 -4.059 -4.201 -4.34 -3.979 -4.081 -4.204 -4.345 -4.486 -4.634 -4.076 -4.249 -4.42 -4.541 -4.652 -4.312 -4.455 -4.575 -4.674 -4.842 -4.864 -5.033 -5.223
42.0014 -3.84 -3.79 -3.865 -4.058 -4.2 -4.339 -3.979 -4.08 -4.203 -4.345 -4.485 -4.634 -4.075 -4.248 -4.42 -4.54 -4.651 -4.312 -4.454 -4.574 -4.673 -4.841 -4.863 -5.032 -5.223
43.0146 -3.837 -3.788 -3.863 -4.056 -4.198 -4.337 -3.976 -4.078 -4.2 -4.342 -4.483 -4.631 -4.073 -4.246 -4.417 -4.538 -4.649 -4.309 -4.452 -4.572 -4.671 -4.839 -4.861 -5.03 -5.22
44.0523 -3.835 -3.785 -3.86 -4.053 -4.196 -4.335 -3.974 -4.076 -4.198 -4.34 -4.48 -4.629 -4.071 -4.243 -4.415 -4.536 -4.646 -4.307 -4.45 -4.569 -4.668 -4.837 -4.858 -5.028 -5.218
45.1149 -3.833 -3.783 -3.858 -4.051 -4.193 -4.332 -3.972 -4.073 -4.196 -4.338 -4.478 -4.627 -4.068 -4.241 -4.413 -4.533 -4.644 -4.305 -4.447 -4.567 -4.666 -4.834 -4.856 -5.025 -5.216
46.2033 -3.83 -3.781 -3.856 -4.049 -4.191 -4.33 -3.969 -4.071 -4.193 -4.335 -4.476 -4.624 -4.066 -4.238 -4.41 -4.531 -4.642 -4.302 -4.445 -4.565 -4.664 -4.832 -4.854 -5.023 -5.213
47.3178 -3.828 -3.778 -3.853 -4.046 -4.189 -4.328 -3.967 -4.069 -4.191 -4.333 -4.473 -4.622 -4.064 -4.236 -4.408 -4.529 -4.639 -4.3 -4.442 -4.562 -4.661 -4.83 -4.851 -5.021 -5.211
48.4593 -3.826 -3.776 -3.851 -4.044 -4.186 -4.325 -3.965 -4.066 -4.189 -4.331 -4.471 -4.62 -4.061 -4.234 -4.406 -4.526 -4.637 -4.298 -4.44 -4.56 -4.659 -4.827 -4.849 -5.018 -5.209
49.6283 -3.823 -3.774 -3.849 -4.042 -4.184 -4.323 -3.962 -4.064 -4.186 -4.328 -4.469 -4.617 -4.059 -4.231 -4.403 -4.524 -4.635 -4.295 -4.438 -4.558 -4.657 -4.825 -4.847 -5.016 -5.206
50.8255 -3.821 -3.771 -3.846 -4.039 -4.182 -4.321 -3.96 -4.062 -4.184 -4.326 -4.466 -4.615 -4.057 -4.229 -4.401 -4.522 -4.632 -4.293 -4.435 -4.555 -4.654 -4.823 -4.844 -5.014 -5.204
52.0515 -3.818 -3.769 -3.844 -4.037 -4.179 -4.318 -3.958 -4.059 -4.182 -4.324 -4.464 -4.613 -4.054 -4.227 -4.399 -4.519 -4.63 -4.291 -4.433 -4.553 -4.652 -4.82 -4.842 -5.011 -5.202
53.3072 -3.817 -3.768 -3.843 -4.036 -4.178 -4.317 -3.956 -4.058 -4.18 -4.322 -4.463 -4.611 -4.053 -4.226 -4.397 -4.518 -4.629 -4.289 -4.432 -4.552 -4.651 -4.819 -4.841 -5.01 -5.2
54.5931 -3.819 -3.769 -3.844 -4.037 -4.18 -4.319 -3.958 -4.06 -4.182 -4.324 -4.464 -4.613 -4.055 -4.227 -4.399 -4.52 -4.63 -4.291 -4.434 -4.553 -4.652 -4.821 -4.842 -5.012 -5.202
55.9101 -3.821 -3.771 -3.846 -4.039 -4.181 -4.321 -3.96 -4.061 -4.184 -4.326 -4.466 -4.615 -4.056 -4.229 -4.401 -4.521 -4.632 -4.293 -4.435 -4.555 -4.654 -4.822 -4.844 -5.013 -5.204
57.2588 -3.822 -3.773 -3.848 -4.041 -4.183 -4.322 -3.961 -4.063 -4.186 -4.327 -4.468 -4.616 -4.058 -4.231 -4.403 -4.523 -4.634 -4.294 -4.437 -4.557 -4.656 -4.824 -4.846 -5.015 -5.205
58.6401 -3.824 -3.775 -3.85 -4.042 -4.185 -4.324 -3.963 -4.065 -4.187 -4.329 -4.47 -4.618 -4.06 -4.232 -4.404 -4.525 -4.636 -4.296 -4.439 -4.559 -4.658 -4.826 -4.848 -5.017 -5.207
60.0546 -3.826 -3.776 -3.851 -4.044 -4.187 -4.326 -3.965 -4.067 -4.189 -4.331 -4.471 -4.62 -4.062 -4.234 -4.406 -4.527 -4.637 -4.298 -4.44 -4.56 -4.659 -4.828 -4.849 -5.019 -5.209
61.5034 -3.828 -3.778 -3.853 -4.046 -4.188 -4.327 -3.967 -4.068 -4.191 -4.333 -4.473 -4.622 -4.063 -4.236 -4.408 -4.528 -4.639 -4.3 -4.442 -4.562 -4.661 -4.829 -4.851 -5.02 -5.211
62.987 -3.829 -3.78 -3.855 -4.048 -4.19 -4.329 -3.968 -4.07 -4.192 -4.334 -4.475 -4.623 -4.065 -4.238 -4.409 -4.53 -4.641 -4.301 -4.444 -4.564 -4.663 -4.831 -4.853 -5.022 -5.212
64.5065 -3.831 -3.782 -3.856 -4.049 -4.192 -4.331 -3.97 -4.072 -4.194 -4.336 -4.477 -4.625 -4.067 -4.239 -4.411 -4.532 -4.642 -4.303 -4.446 -4.565 -4.664 -4.833 -4.854 -5.024 -5.214
66.0626 -3.833 -3.783 -3.858 -4.051 -4.193 -4.333 -3.972 -4.073 -4.196 -4.338 -4.478 -4.627 -4.068 -4.241 -4.413 -4.534 -4.644 -4.305 -4.447 -4.567 -4.666 -4.834 -4.856 -5.025 -5.216
67.6562 -3.818 -3.768 -3.843 -4.036 -4.178 -4.318 -3.957 -4.058 -4.181 -4.323 -4.463 -4.612 -4.053 -4.226 -4.398 -4.519 -4.629 -4.29 -4.432 -4.552 -4.651 -4.819 -4.841 -5.01 -5.201
69.2883 -3.778 -3.729 -3.804 -3.997 -4.139 -4.278 -3.917 -4.019 -4.142 -4.283 -4.424 -4.572 -4.014 -4.187 -4.359 -4.479 -4.59 -4.25 -4.393 -4.513 -4.612 -4.78 -4.802 -4.971 -5.161
70.9597 -3.739 -3.69 -3.764 -3.957 -4.1 -4.239 -3.878 -3.98 -4.102 -4.244 -4.385 -4.533 -3.975 -4.147 -4.319 -4.44 -4.551 -4.211 -4.354 -4.474 -4.573 -4.741 -4.763 -4.932 -5.122
72.6715 -3.7 -3.65 -3.725 -3.918 -4.061 -4.2 -3.839 -3.94 -4.063 -4.205 -4.345 -4.494 -3.935 -4.108 -4.28 -4.401 -4.511 -4.172 -4.314 -4.434 -4.533 -4.701 -4.723 -4.893 -5.083
74.4246 -3.66 -3.611 -3.686 -3.879 -4.021 -4.16 -3.8 -3.901 -4.024 -4.165 -4.306 -4.455 -3.896 -4.069 -4.241 -4.361 -4.472 -4.132 -4.275 -4.395 -4.494 -4.662 -4.684 -4.853 -5.044
76.2199 -3.621 -3.572 -3.647 -3.839 -3.982 -4.121 -3.76 -3.862 -3.984 -4.126 -4.267 -4.415 -3.857 -4.029 -4.201 -4.322 -4.433 -4.093 -4.236 -4.356 -4.455 -4.623 -4.645 -4.814 -5.004
78.0586 -3.582 -3.532 -3.607 -3.8 -3.943 -4.082 -3.721 -3.823 -3.945 -4.087 -4.227 -4.376 -3.817 -3.99 -4.162 -4.283 -4.393 -4.054 -4.196 -4.316 -4.415 -4.584 -4.605 -4.775 -4.965
79.9416 -3.542 -3.493 -3.568 -3.761 -3.903 -4.042 -3.682 -3.783 -3.906 -4.048 -4.188 -4.337 -3.778 -3.951 -4.123 -4.243 -4.354 -4.015 -4.157 -4.277 -4.376 -4.544 -4.566 -4.735 -4.926
81.87 -3.503 -3.454 -3.529 -3.721 -3.864 -4.003 -3.642 -3.744 -3.866 -4.008 -4.149 -4.297 -3.739 -3.911 -4.083 -4.204 -4.315 -3.975 -4.118 -4.238 -4.337 -4.505 -4.527 -4.696 -4.886
83.845 -3.464 -3.414 -3.489 -3.682 -3.825 -3.964 -3.603 -3.705 -3.827 -3.969 -4.109 -4.258 -3.7 -3.872 -4.044 -4.165 -4.275 -3.936 -4.078 -4.198 -4.297 -4.466 -4.487 -4.657 -4.847
85.8676 -3.412 -3.362 -3.437 -3.63 -3.772 -3.912 -3.551 -3.652 -3.775 -3.917 -4.057 -4.206 -3.647 -3.82 -3.992 -4.112 -4.223 -3.884 -4.026 -4.146 -4.245 -4.413 -4.435 -4.604 -4.795
87.939 -3.349 -3.3 -3.374 -3.567 -3.71 -3.849 -3.488 -3.59 -3.712 -3.854 -3.994 -4.143 -3.585 -3.757 -3.929 -4.05 -4.16 -3.821 -3.964 -4.083 -4.182 -4.351 -4.372 -4.542 -4.732
90.0604 -3.286 -3.237 -3.312 -3.505 -3.647 -3.786 -3.425 -3.527 -3.649 -3.791 -3.932 -4.08 -3.522 -3.695 -3.866 -3.987 -4.098 -3.758 -3.901 -4.021 -4.12 -4.288 -4.31 -4.479 -4.669
92.2329 -3.224 -3.174 -3.249 -3.442 -3.584 -3.724 -3.363 -3.464 -3.587 -3.729 -3.869 -4.018 -3.459 -3.632 -3.804 -3.924 -4.035 -3.696 -3.838 -3.958 -4.057 -4.225 -4.247 -4.416 -4.607
94.4579 -3.161 -3.111 -3.186 -3.379 -3.522 -3.661 -3.3 -3.402 -3.524 -3.666 -3.806 -3.955 -3.397 -3.569 -3.741 -3.862 -3.972 -3.633 -3.776 -3.895 -3.994 -4.163 -4.184 -4.354 -4.544
96.7365 -3.098 -3.049 -3.124 -3.317 -3.459 -3.598 -3.237 -3.339 -3.461 -3.603 -3.744 -3.892 -3.334 -3.507 -3.678 -3.799 -3.91 -3.57 -3.713 -3.833 -3.932 -4.1 -4.122 -4.291 -4.481
99.0701 -3.036 -2.986 -3.061 -3.254 -3.396 -3.535 -3.175 -3.276 -3.399 -3.541 -3.681 -3.83 -3.271 -3.444 -3.616 -3.736 -3.847 -3.508 -3.65 -3.77 -3.869 -4.037 -4.059 -4.228 -4.419
101.4599 -2.973 -2.923 -2.998 -3.191 -3.334 -3.473 -3.112 -3.214 -3.336 -3.478 -3.618 -3.767 -3.209 -3.381 -3.553 -3.674 -3.784 -3.445 -3.588 -3.707 -3.806 -3.975 -3.996 -4.166 -4.356
103.9075 -2.91 -2.861 -2.936 -3.129 -3.271 -3.41 -3.049 -3.151 -3.273 -3.415 -3.556 -3.704 -3.146 -3.319 -3.49 -3.611 -3.722 -3.382 -3.525 -3.645 -3.744 -3.912 -3.934 -4.103 -4.293
106.4141 -2.848 -2.798 -2.873 -3.066 -3.208 -3.347 -2.987 -3.088 -3.211 -3.353 -3.493 -3.642 -3.083 -3.256 -3.428 -3.548 -3.659 -3.32 -3.462 -3.582 -3.681 -3.849 -3.871 -4.04 -4.231
108.9811 -2.779 -2.729 -2.804 -2.997 -3.139 -3.278 -2.918 -3.019 -3.142 -3.284 -3.424 -3.573 -3.014 -3.187 -3.359 -3.479 -3.59 -3.251 -3.393 -3.513 -3.612 -3.78 -3.802 -3.971 -4.162
111.6101 -2.707 -2.657 -2.732 -2.925 -3.068 -3.207 -2.846 -2.948 -3.07 -3.212 -3.352 -3.501 -2.943 -3.115 -3.287 -3.408 -3.518 -3.179 -3.321 -3.441 -3.54 -3.709 -3.73 -3.9 -4.09
114.3025 -2.635 -2.586 -2.661 -2.853 -2.996 -3.135 -2.774 -2.876 -2.998 -3.14 -3.281 -3.429 -2.871 -3.043 -3.215 -3.336 -3.447 -3.107 -3.25 -3.37 -3.469 -3.637 -3.659 -3.828 -4.018
117.0598 -2.563 -2.514 -2.589 -2.782 -2.924 -3.063 -2.702 -2.804 -2.927 -3.068 -3.209 -3.358 -2.799 -2.972 -3.144 -3.264 -3.375 -3.035 -3.178 -3.298 -3.397 -3.565 -3.587 -3.756 -3.947
119.8836 -2.492 -2.442 -2.517 -2.71 -2.852 -2.992 -2.631 -2.732 -2.855 -2.997 -3.137 -3.286 -2.727 -2.9 -3.072 -3.193 -3.303 -2.964 -3.106 -3.226 -3.325 -3.493 -3.515 -3.684 -3.875
122.7756 -2.42 -2.37 -2.445 -2.638 -2.781 -2.92 -2.559 -2.661 -2.783 -2.925 -3.065 -3.214 -2.656 -2.828 -3.0 -3.121 -3.231 -2.892 -3.035 -3.154 -3.253 -3.422 -3.443 -3.613 -3.803
125.7373 -2.348 -2.299 -2.374 -2.567 -2.709 -2.848 -2.487 -2.589 -2.711 -2.853 -2.994 -3.142 -2.584 -2.757 -2.928 -3.049 -3.16 -2.82 -2.963 -3.083 -3.182 -3.35 -3.372 -3.541 -3.731
128.7705 -2.276 -2.227 -2.302 -2.495 -2.637 -2.776 -2.416 -2.517 -2.64 -2.782 -2.922 -3.071 -2.512 -2.685 -2.857 -2.977 -3.088 -2.749 -2.891 -3.011 -3.11 -3.278 -3.3 -3.469 -3.66
131.8769 -2.205 -2.155 -2.23 -2.423 -2.566 -2.705 -2.344 -2.445 -2.568 -2.71 -2.85 -2.999 -2.44 -2.613 -2.785 -2.906 -3.016 -2.677 -2.819 -2.939 -3.038 -3.206 -3.228 -3.398 -3.588
135.0582 -2.133 -2.084 -2.158 -2.351 -2.494 -2.633 -2.272 -2.374 -2.496 -2.638 -2.779 -2.927 -2.369 -2.541 -2.713 -2.834 -2.944 -2.605 -2.748 -2.867 -2.966 -3.135 -3.156 -3.326 -3.516
138.3162 -2.061 -2.011 -2.086 -2.279 -2.421 -2.561 -2.2 -2.301 -2.424 -2.566 -2.706 -2.855 -2.296 -2.469 -2.641 -2.761 -2.872 -2.533 -2.675 -2.795 -2.894 -3.062 -3.084 -3.253 -3.444
141.6528 -1.988 -1.939 -2.013 -2.206 -2.349 -2.488 -2.127 -2.229 -2.351 -2.493 -2.634 -2.782 -2.224 -2.396 -2.568 -2.689 -2.8 -2.46 -2.603 -2.723 -2.822 -2.99 -3.012 -3.181 -3.371
145.0699 -1.916 -1.866 -1.941 -2.134 -2.276 -2.415 -2.055 -2.156 -2.279 -2.421 -2.561 -2.71 -2.151 -2.324 -2.496 -2.616 -2.727 -2.388 -2.53 -2.65 -2.749 -2.917 -2.939 -3.108 -3.299
148.5695 -1.843 -1.794 -1.868 -2.061 -2.204 -2.343 -1.982 -2.084 -2.206 -2.348 -2.489 -2.637 -2.079 -2.251 -2.423 -2.544 -2.655 -2.315 -2.458 -2.577 -2.676 -2.845 -2.866 -3.036 -3.226
152.1534 -1.771 -1.721 -1.796 -1.989 -2.131 -2.27 -1.91 -2.011 -2.134 -2.276 -2.416 -2.565 -2.006 -2.179 -2.351 -2.471 -2.582 -2.243 -2.385 -2.505 -2.604 -2.772 -2.794 -2.963 -3.154
155.8238 -1.698 -1.649 -1.723 -1.916 -2.059 -2.198 -1.837 -1.939 -2.061 -2.203 -2.343 -2.492 -1.934 -2.106 -2.278 -2.399 -2.509 -2.17 -2.313 -2.432 -2.531 -2.7 -2.721 -2.891 -3.081
159.5828 -1.625 -1.576 -1.651 -1.844 -1.986 -2.125 -1.765 -1.866 -1.989 -2.13 -2.271 -2.42 -1.861 -2.034 -2.206 -2.326 -2.437 -2.097 -2.24 -2.36 -2.459 -2.627 -2.649 -2.818 -3.009
163.4324 -1.553 -1.503 -1.578 -1.771 -1.914 -2.053 -1.692 -1.794 -1.916 -2.058 -2.198 -2.347 -1.789 -1.961 -2.133 -2.254 -2.364 -2.025 -2.168 -2.287 -2.386 -2.555 -2.576 -2.746 -2.936
167.375 -1.48 -1.431 -1.506 -1.699 -1.841 -1.98 -1.619 -1.721 -1.844 -1.985 -2.126 -2.274 -1.716 -1.889 -2.061 -2.181 -2.292 -1.952 -2.095 -2.215 -2.314 -2.482 -2.504 -2.673 -2.863
171.4126 -1.408 -1.358 -1.433 -1.626 -1.769 -1.908 -1.547 -1.649 -1.771 -1.913 -2.053 -2.202 -1.644 -1.816 -1.988 -2.109 -2.219 -1.88 -2.022 -2.142 -2.241 -2.41 -2.431 -2.601 -2.791
175.5476 -1.342 -1.293 -1.367 -1.56 -1.703 -1.842 -1.481 -1.583 -1.705 -1.847 -1.988 -2.136 -1.578 -1.75 -1.922 -2.043 -2.153 -1.814 -1.957 -2.076 -2.175 -2.344 -2.365 -2.535 -2.725
179.7823 -1.276 -1.227 -1.302 -1.495 -1.637 -1.776 -1.415 -1.517 -1.639 -1.781 -1.922 -2.07 -1.512 -1.685 -1.856 -1.977 -2.088 -1.748 -1.891 -2.011 -2.11 -2.278 -2.3 -2.469 -2.659
184.1193 -1.211 -1.161 -1.236 -1.429 -1.571 -1.71 -1.35 -1.451 -1.574 -1.716 -1.856 -2.005 -1.446 -1.619 -1.791 -1.911 -2.022 -1.683 -1.825 -1.945 -2.044 -2.212 -2.234 -2.403 -2.594
188.5608 -1.145 -1.095 -1.17 -1.363 -1.506 -1.645 -1.284 -1.386 -1.508 -1.65 -1.79 -1.939 -1.381 -1.553 -1.725 -1.846 -1.956 -1.617 -1.759 -1.879 -1.978 -2.147 -2.168 -2.338 -2.528
193.1095 -1.079 -1.03 -1.105 -1.297 -1.44 -1.579 -1.218 -1.32 -1.442 -1.584 -1.725 -1.873 -1.315 -1.487 -1.659 -1.78 -1.891 -1.551 -1.694 -1.814 -1.913 -2.081 -2.103 -2.272 -2.462
197.7679 -1.013 -0.964 -1.039 -1.232 -1.374 -1.513 -1.152 -1.254 -1.377 -1.518 -1.659 -1.807 -1.249 -1.422 -1.594 -1.714 -1.825 -1.485 -1.628 -1.748 -1.847 -2.015 -2.037 -2.206 -2.397
202.5387 -0.948 -0.898 -0.973 -1.166 -1.308 -1.448 -1.087 -1.188 -1.311 -1.453 -1.593 -1.742 -1.183 -1.356 -1.528 -1.649 -1.759 -1.42 -1.562 -1.682 -1.781 -1.949 -1.971 -2.14 -2.331
207.4245 -0.882 -0.833 -0.907 -1.1 -1.243 -1.382 -1.021 -1.123 -1.245 -1.387 -1.527 -1.676 -1.118 -1.29 -1.462 -1.583 -1.693 -1.354 -1.497 -1.616 -1.715 -1.884 -1.905 -2.075 -2.265
212.4283 -0.816 -0.767 -0.842 -1.035 -1.177 -1.316 -0.955 -1.057 -1.179 -1.321 -1.462 -1.61 -1.052 -1.225 -1.396 -1.517 -1.628 -1.288 -1.431 -1.551 -1.65 -1.818 -1.84 -2.009 -2.199
217.5527 -0.752 -0.702 -0.777 -0.97 -1.112 -1.252 -0.891 -0.992 -1.115 -1.257 -1.397 -1.546 -0.987 -1.16 -1.332 -1.453 -1.563 -1.224 -1.366 -1.486 -1.585 -1.753 -1.775 -1.944 -2.135
222.8008 -0.696 -0.646 -0.721 -0.914 -1.056 -1.196 -0.835 -0.936 -1.059 -1.201 -1.341 -1.49 -0.931 -1.104 -1.276 -1.396 -1.507 -1.168 -1.31 -1.43 -1.529 -1.697 -1.719 -1.888 -2.079
228.1754 -0.64 -0.59 -0.665 -0.858 -1.0 -1.139 -0.779 -0.88 -1.003 -1.145 -1.285 -1.434 -0.875 -1.048 -1.22 -1.34 -1.451 -1.112 -1.254 -1.374 -1.473 -1.641 -1.663 -1.832 -2.023
233.6797 -0.583 -0.534 -0.609 -0.802 -0.944 -1.083 -0.723 -0.824 -0.947 -1.088 -1.229 -1.378 -0.819 -0.992 -1.164 -1.284 -1.395 -1.055 -1.198 -1.318 -1.417 -1.585 -1.607 -1.776 -1.967
239.3168 -0.527 -0.478 -0.553 -0.746 -0.888 -1.027 -0.666 -0.768 -0.891 -1.032 -1.173 -1.321 -0.763 -0.936 -1.108 -1.228 -1.339 -0.999 -1.142 -1.262 -1.361 -1.529 -1.551 -1.72 -1.91
245.0899 -0.471 -0.422 -0.497 -0.69 -0.832 -0.971 -0.61 -0.712 -0.834 -0.976 -1.117 -1.265 -0.707 -0.88 -1.051 -1.172 -1.283 -0.943 -1.086 -1.206 -1.305 -1.473 -1.495 -1.664 -1.854
251.0022 -0.415 -0.366 -0.441 -0.634 -0.776 -0.915 -0.554 -0.656 -0.778 -0.92 -1.061 -1.209 -0.651 -0.823 -0.995 -1.116 -1.227 -0.887 -1.03 -1.15 -1.249 -1.417 -1.439 -1.608 -1.798
257.0572 -0.359 -0.31 -0.385 -0.577 -0.72 -0.859 -0.498 -0.6 -0.722 -0.864 -1.005 -1.153 -0.595 -0.767 -0.939 -1.06 -1.171 -0.831 -0.974 -1.094 -1.193 -1.361 -1.383 -1.552 -1.742
263.2582 -0.303 -0.254 -0.328 -0.521 -0.664 -0.803 -0.442 -0.544 -0.666 -0.808 -0.949 -1.097 -0.539 -0.711 -0.883 -1.004 -1.115 -0.775 -0.918 -1.037 -1.136 -1.305 -1.326 -1.496 -1.686
269.6088 -0.247 -0.197 -0.272 -0.465 -0.608 -0.747 -0.386 -0.488 -0.61 -0.752 -0.892 -1.041 -0.483 -0.655 -0.827 -0.948 -1.058 -0.719 -0.862 -0.981 -1.08 -1.249 -1.27 -1.44 -1.63
276.1126 -0.191 -0.142 -0.217 -0.41 -0.552 -0.691 -0.33 -0.432 -0.555 -0.696 -0.837 -0.985 -0.427 -0.6 -0.771 -0.892 -1.003 -0.663 -0.806 -0.926 -1.025 -1.193 -1.215 -1.384 -1.574
282.7734 -0.137 -0.088 -0.163 -0.355 -0.498 -0.637 -0.276 -0.378 -0.5 -0.642 -0.783 -0.931 -0.373 -0.545 -0.717 -0.838 -0.949 -0.609 -0.752 -0.872 -0.971 -1.139 -1.161 -1.33 -1.52
289.5947 -0.083 -0.033 -0.108 -0.301 -0.444 -0.583 -0.222 -0.324 -0.446 -0.588 -0.728 -0.877 -0.319 -0.491 -0.663 -0.784 -0.894 -0.555 -0.698 -0.817 -0.916 -1.085 -1.106 -1.276 -1.466
296.5807 -0.029 0.021 -0.054 -0.247 -0.389 -0.529 -0.168 -0.269 -0.392 -0.534 -0.674 -0.823 -0.264 -0.437 -0.609 -0.73 -0.84 -0.501 -0.643 -0.763 -0.862 -1.03 -1.052 -1.221 -1.412
303.7351 0.026 0.075 0.0 -0.193 -0.335 -0.474 -0.114 -0.215 -0.338 -0.479 -0.62 -0.769 -0.21 -0.383 -0.555 -0.675 -0.786 -0.446 -0.589 -0.709 -0.808 -0.976 -0.998 -1.167 -1.358
311.0622 0.08 0.129 0.054 -0.139 -0.281 -0.42 -0.059 -0.161 -0.283 -0.425 -0.566 -0.714 -0.156 -0.329 -0.5 -0.621 -0.732 -0.392 -0.535 -0.655 -0.754 -0.922 -0.944 -1.113 -1.303
318.566 0.134 0.183 0.109 -0.084 -0.227 -0.366 -0.005 -0.107 -0.229 -0.371 -0.512 -0.66 -0.102 -0.274 -0.446 -0.567 -0.677 -0.338 -0.481 -0.6 -0.699 -0.868 -0.889 -1.059 -1.249
326.2508 0.188 0.238 0.163 -0.03 -0.173 -0.312 0.049 -0.053 -0.175 -0.317 -0.457 -0.606 -0.047 -0.22 -0.392 -0.513 -0.623 -0.284 -0.426 -0.546 -0.645 -0.813 -0.835 -1.005 -1.195
334.121 0.242 0.292 0.217 0.024 -0.118 -0.257 0.103 0.002 -0.121 -0.263 -0.403 -0.552 0.007 -0.166 -0.338 -0.458 -0.569 -0.23 -0.372 -0.492 -0.591 -0.759 -0.781 -0.95 -1.141
342.181 0.297 0.346 0.271 0.078 -0.064 -0.203 0.158 0.056 -0.066 -0.208 -0.349 -0.497 0.061 -0.112 -0.283 -0.404 -0.515 -0.175 -0.318 -0.438 -0.537 -0.705 -0.727 -0.896 -1.086
350.4355 0.349 0.398 0.323 0.13 -0.012 -0.151 0.21 0.108 -0.014 -0.156 -0.297 -0.445 0.113 -0.06 -0.231 -0.352 -0.463 -0.123 -0.266 -0.386 -0.485 -0.653 -0.675 -0.844 -1.034
358.8891 0.398 0.447 0.372 0.179 0.037 -0.102 0.259 0.157 0.034 -0.107 -0.248 -0.397 0.162 -0.011 -0.183 -0.303 -0.414 -0.074 -0.217 -0.337 -0.436 -0.604 -0.626 -0.795 -0.986
367.5467 0.446 0.496 0.421 0.228 0.086 -0.053 0.307 0.206 0.083 -0.059 -0.199 -0.348 0.211 0.038 -0.134 -0.254 -0.365 -0.026 -0.168 -0.288 -0.387 -0.555 -0.577 -0.746 -0.937
376.4131 0.495 0.545 0.47 0.277 0.135 -0.005 0.356 0.255 0.132 -0.01 -0.15 -0.299 0.26 0.087 -0.085 -0.206 -0.316 0.023 -0.119 -0.239 -0.338 -0.506 -0.528 -0.697 -0.888
385.4933 0.544 0.594 0.519 0.326 0.183 0.044 0.405 0.303 0.181 0.039 -0.101 -0.25 0.308 0.136 -0.036 -0.157 -0.267 0.072 -0.07 -0.19 -0.289 -0.458 -0.479 -0.649 -0.839
394.7926 0.593 0.642 0.568 0.375 0.232 0.093 0.454 0.352 0.23 0.088 -0.053 -0.201 0.357 0.185 0.013 -0.108 -0.218 0.121 -0.022 -0.141 -0.24 -0.409 -0.43 -0.6 -0.79
404.3163 0.642 0.691 0.616 0.424 0.281 0.142 0.503 0.401 0.279 0.137 -0.004 -0.152 0.406 0.234 0.062 -0.059 -0.17 0.17 0.027 -0.093 -0.192 -0.36 -0.382 -0.551 -0.741
414.0697 0.691 0.74 0.665 0.472 0.33 0.191 0.552 0.45 0.328 0.186 0.045 -0.103 0.455 0.282 0.111 -0.01 -0.121 0.219 0.076 -0.044 -0.143 -0.311 -0.333 -0.502 -0.692
424.0583 0.74 0.789 0.714 0.521 0.379 0.24 0.601 0.499 0.376 0.235 0.094 -0.055 0.504 0.331 0.159 0.039 -0.072 0.268 0.125 0.005 -0.094 -0.262 -0.284 -0.453 -0.644
434.2879 0.788 0.838 0.763 0.57 0.428 0.289 0.649 0.548 0.425 0.283 0.143 -0.006 0.553 0.38 0.208 0.088 -0.023 0.316 0.174 0.054 -0.045 -0.213 -0.235 -0.404 -0.595
444.7643 0.835 0.885 0.81 0.617 0.474 0.335 0.696 0.594 0.472 0.33 0.19 0.041 0.599 0.427 0.255 0.134 0.024 0.363 0.22 0.101 0.002 -0.167 -0.188 -0.358 -0.548
455.4934 0.88 0.929 0.854 0.661 0.519 0.38 0.741 0.639 0.517 0.375 0.234 0.086 0.644 0.472 0.3 0.179 0.068 0.408 0.265 0.145 0.046 -0.122 -0.144 -0.313 -0.503
466.4814 0.925 0.974 0.899 0.706 0.564 0.425 0.786 0.684 0.561 0.42 0.279 0.131 0.689 0.516 0.345 0.224 0.113 0.453 0.31 0.19 0.091 -0.077 -0.099 -0.268 -0.458
477.7344 0.969 1.019 0.944 0.751 0.609 0.47 0.83 0.729 0.606 0.464 0.324 0.175 0.734 0.561 0.389 0.269 0.158 0.497 0.355 0.235 0.136 -0.032 -0.054 -0.223 -0.414
489.2588 1.014 1.064 0.989 0.796 0.653 0.514 0.875 0.773 0.651 0.509 0.369 0.22 0.779 0.606 0.434 0.313 0.203 0.542 0.4 0.28 0.181 0.012 -0.009 -0.179 -0.369
501.0613 1.059 1.108 1.034 0.841 0.698 0.559 0.92 0.818 0.696 0.554 0.413 0.265 0.823 0.651 0.479 0.358 0.248 0.587 0.444 0.325 0.226 0.057 0.036 -0.134 -0.324
513.1485 1.104 1.153 1.078 0.885 0.743 0.604 0.965 0.863 0.741 0.599 0.458 0.31 0.868 0.696 0.524 0.403 0.292 0.632 0.489 0.369 0.27 0.102 0.08 -0.089 -0.279
525.5272 1.149 1.198 1.123 0.93 0.788 0.649 1.01 0.908 0.785 0.644 0.503 0.355 0.913 0.74 0.568 0.448 0.337 0.677 0.534 0.414 0.315 0.147 0.125 -0.044 -0.235
538.2046 1.193 1.243 1.168 0.975 0.833 0.694 1.054 0.953 0.83 0.688 0.548 0.399 0.958 0.785 0.613 0.493 0.382 0.721 0.579 0.459 0.36 0.192 0.17 0.001 -0.19
551.1878 1.238 1.288 1.213 1.02 0.877 0.738 1.099 0.997 0.875 0.733 0.593 0.444 1.002 0.83 0.658 0.537 0.427 0.766 0.624 0.504 0.405 0.236 0.215 0.045 -0.145
564.4842 1.281 1.331 1.256 1.063 0.921 0.782 1.142 1.041 0.918 0.776 0.636 0.487 1.046 0.873 0.701 0.581 0.47 0.809 0.667 0.547 0.448 0.28 0.258 0.089 -0.102
578.1013 1.324 1.374 1.299 1.106 0.963 0.824 1.185 1.083 0.961 0.819 0.679 0.53 1.088 0.916 0.744 0.623 0.513 0.852 0.71 0.59 0.491 0.322 0.301 0.131 -0.059
592.0469 1.367 1.416 1.341 1.148 1.006 0.867 1.228 1.126 1.004 0.862 0.721 0.573 1.131 0.958 0.787 0.666 0.555 0.895 0.752 0.632 0.533 0.365 0.343 0.174 -0.016
606.329 1.409 1.459 1.384 1.191 1.049 0.91 1.27 1.169 1.046 0.904 0.764 0.615 1.174 1.001 0.829 0.709 0.598 0.937 0.795 0.675 0.576 0.408 0.386 0.217 0.026
620.9555 1.452 1.501 1.427 1.234 1.091 0.952 1.313 1.211 1.089 0.947 0.807 0.658 1.216 1.044 0.872 0.751 0.641 0.98 0.837 0.718 0.619 0.45 0.429 0.259 0.069
635.9349 1.495 1.544 1.469 1.276 1.134 0.995 1.356 1.254 1.132 0.99 0.849 0.701 1.259 1.086 0.915 0.794 0.683 1.023 0.88 0.76 0.661 0.493 0.471 0.302 0.112
651.2757 1.537 1.587 1.512 1.319 1.177 1.037 1.398 1.297 1.174 1.032 0.892 0.743 1.302 1.129 0.957 0.836 0.726 1.065 0.923 0.803 0.704 0.536 0.514 0.345 0.154
666.9865 1.58 1.629 1.555 1.362 1.219 1.08 1.441 1.339 1.217 1.075 0.934 0.786 1.344 1.172 1.0 0.879 0.768 1.108 0.965 0.846 0.746 0.578 0.557 0.387 0.197
683.0763 1.623 1.672 1.597 1.404 1.262 1.123 1.484 1.382 1.259 1.118 0.977 0.829 1.387 1.214 1.042 0.922 0.811 1.151 1.008 0.888 0.789 0.621 0.599 0.43 0.239
699.5543 1.665 1.715 1.64 1.447 1.304 1.165 1.526 1.424 1.302 1.16 1.02 0.871 1.43 1.257 1.085 0.964 0.854 1.193 1.051 0.931 0.832 0.664 0.642 0.472 0.282
716.4297 1.706 1.756 1.681 1.488 1.346 1.206 1.567 1.466 1.343 1.201 1.061 0.912 1.471 1.298 1.126 1.005 0.895 1.234 1.092 0.972 0.873 0.705 0.683 0.514 0.323
733.7123 1.747 1.796 1.722 1.529 1.386 1.247 1.608 1.506 1.384 1.242 1.102 0.953 1.511 1.339 1.167 1.046 0.936 1.275 1.132 1.013 0.914 0.745 0.724 0.554 0.364
751.4117 1.788 1.837 1.762 1.569 1.427 1.288 1.649 1.547 1.425 1.283 1.142 0.994 1.552 1.379 1.208 1.087 0.976 1.316 1.173 1.053 0.954 0.786 0.764 0.595 0.405
769.5381 1.829 1.878 1.803 1.61 1.468 1.329 1.689 1.588 1.465 1.323 1.183 1.034 1.593 1.42 1.248 1.128 1.017 1.356 1.214 1.094 0.995 0.827 0.805 0.636 0.445
788.1018 1.869 1.919 1.844 1.651 1.509 1.369 1.73 1.629 1.506 1.364 1.224 1.075 1.634 1.461 1.289 1.168 1.058 1.397 1.255 1.135 1.036 0.868 0.846 0.677 0.486
807.1133 1.91 1.959 1.885 1.692 1.549 1.41 1.771 1.669 1.547 1.405 1.265 1.116 1.674 1.502 1.33 1.209 1.099 1.438 1.295 1.176 1.077 0.908 0.887 0.717 0.527
826.5834 1.951 2.0 1.925 1.732 1.59 1.451 1.812 1.71 1.588 1.446 1.305 1.157 1.715 1.542 1.371 1.25 1.139 1.479 1.336 1.216 1.117 0.949 0.927 0.758 0.568
846.5232 1.992 2.041 1.966 1.773 1.631 1.492 1.852 1.751 1.628 1.486 1.346 1.197 1.756 1.583 1.411 1.291 1.18 1.519 1.377 1.257 1.158 0.99 0.968 0.799 0.608
866.944 2.032 2.082 2.007 1.814 1.672 1.532 1.893 1.792 1.669 1.527 1.387 1.238 1.797 1.624 1.452 1.331 1.221 1.56 1.418 1.298 1.199 1.031 1.009 0.84 0.649
887.8575 2.073 2.122 2.048 1.855 1.712 1.573 1.934 1.832 1.71 1.568 1.427 1.279 1.837 1.665 1.493 1.372 1.262 1.601 1.458 1.339 1.24 1.071 1.05 0.88 0.69
909.2754 2.109 2.159 2.084 1.891 1.749 1.61 1.97 1.869 1.746 1.604 1.464 1.315 1.874 1.701 1.529 1.409 1.298 1.637 1.495 1.375 1.276 1.108 1.086 0.917 0.726
931.21 2.146 2.195 2.12 1.927 1.785 1.646 2.007 1.905 1.783 1.641 1.5 1.352 1.91 1.737 1.566 1.445 1.334 1.674 1.531 1.411 1.312 1.144 1.122 0.953 0.763
953.6737 2.182 2.232 2.157 1.964 1.821 1.682 2.043 1.941 1.819 1.677 1.537 1.388 1.946 1.774 1.602 1.481 1.371 1.71 1.567 1.448 1.349 1.18 1.159 0.989 0.799
976.6793 2.218 2.268 2.193 2.0 1.858 1.718 2.079 1.978 1.855 1.713 1.573 1.424 1.983 1.81 1.638 1.518 1.407 1.746 1.604 1.484 1.385 1.217 1.195 1.026 0.835
1000.2399 2.255 2.304 2.229 2.036 1.894 1.755 2.116 2.014 1.892 1.75 1.609 1.461 2.019 1.846 1.675 1.554 1.443 1.783 1.64 1.52 1.421 1.253 1.231 1.062 0.872
1024.3688 2.291 2.34 2.266 2.073 1.93 1.791 2.152 2.05 1.928 1.786 1.646 1.497 2.055 1.883 1.711 1.59 1.48 1.819 1.676 1.557 1.458 1.289 1.268 1.098 0.908
1049.0798 2.327 2.377 2.302 2.109 1.967 1.827 2.188 2.087 1.964 1.822 1.682 1.533 2.092 1.919 1.747 1.627 1.516 1.855 1.713 1.593 1.494 1.326 1.304 1.135 0.944
1074.3869 2.364 2.413 2.338 2.145 2.003 1.864 2.225 2.123 2.001 1.859 1.718 1.57 2.128 1.955 1.784 1.663 1.552 1.892 1.749 1.629 1.53 1.362 1.34 1.171 0.981
1100.3045 2.4 2.449 2.375 2.182 2.039 1.9 2.261 2.159 2.037 1.895 1.754 1.606 2.164 1.992 1.82 1.699 1.589 1.928 1.785 1.666 1.567 1.398 1.377 1.207 1.017
1126.8473 2.436 2.486 2.411 2.218 2.075 1.936 2.297 2.195 2.073 1.931 1.791 1.642 2.2 2.028 1.856 1.735 1.625 1.964 1.822 1.702 1.603 1.434 1.413 1.243 1.053
1154.0304 2.471 2.52 2.445 2.252 2.11 1.971 2.332 2.23 2.108 1.966 1.825 1.677 2.235 2.062 1.891 1.77 1.659 1.999 1.856 1.736 1.637 1.469 1.447 1.278 1.088
1181.8693 2.505 2.555 2.48 2.287 2.145 2.006 2.366 2.265 2.142 2.0 1.86 1.711 2.27 2.097 1.925 1.805 1.694 2.033 1.891 1.771 1.672 1.504 1.482 1.313 1.122
1210.3797 2.54 2.59 2.515 2.322 2.179 2.04 2.401 2.299 2.177 2.035 1.895 1.746 2.304 2.132 1.96 1.839 1.729 2.068 1.926 1.806 1.707 1.538 1.517 1.347 1.157
1239.5778 2.575 2.624 2.549 2.356 2.214 2.075 2.436 2.334 2.212 2.07 1.929 1.781 2.339 2.167 1.995 1.874 1.763 2.103 1.96 1.84 1.741 1.573 1.551 1.382 1.192
1269.4803 2.609 2.659 2.584 2.391 2.249 2.11 2.47 2.369 2.246 2.104 1.964 1.815 2.374 2.201 2.029 1.909 1.798 2.137 1.995 1.875 1.776 1.608 1.586 1.417 1.226
1300.1042 2.644 2.694 2.619 2.426 2.283 2.144 2.505 2.403 2.281 2.139 1.999 1.85 2.408 2.236 2.064 1.943 1.833 2.172 2.03 1.91 1.811 1.642 1.621 1.451 1.261
1331.4668 2.679 2.728 2.653 2.46 2.318 2.179 2.54 2.438 2.316 2.174 2.033 1.885 2.443 2.271 2.099 1.978 1.867 2.207 2.064 1.944 1.845 1.677 1.655 1.486 1.296
1363.586 2.713 2.763 2.688 2.495 2.353 2.214 2.574 2.473 2.35 2.208 2.068 1.919 2.478 2.305 2.133 2.013 1.902 2.241 2.099 1.979 1.88 1.712 1.69 1.521 1.33
1396.48 2.748 2.798 2.723 2.53 2.387 2.248 2.609 2.507 2.385 2.243 2.103 1.954 2.512 2.34 2.168 2.047 1.937 2.276 2.134 2.014 1.915 1.746 1.725 1.555 1.365
1430.1675 2.782 2.832 2.757 2.564 2.422 2.282 2.643 2.542 2.419 2.277 2.137 1.988 2.547 2.374 2.202 2.081 1.971 2.31 2.168 2.048 1.949 1.781 1.759 1.59 1.399
1464.6676 2.815 2.864 2.789 2.596 2.454 2.315 2.676 2.574 2.452 2.31 2.169 2.021 2.579 2.407 2.235 2.114 2.003 2.343 2.2 2.08 1.981 1.813 1.791 1.622 1.432
1500.0 2.847 2.897 2.822 2.629 2.487 2.347 2.708 2.607 2.484 2.342 2.202 2.053 2.612 2.439 2.267 2.146 2.036 2.375 2.233 2.113 2.014 1.846 1.824 1.655 1.464
