# %ECSV 1.0
# ---
# datatype:
# - {name: time, datatype: float64}
# - {name: swift_uvot_uvw2, datatype: float64}
# - {name: swift_uvot_uvm2, datatype: float64}
# - {name: swift_uvot_uvw1, datatype: float64}
# - {name: swift_uvot_U, datatype: float64}
# - {name: swift_uvot_B, datatype: float64}
# - {name: swift_uvot_V, datatype: float64}
# - {name: swift_uvot_W, datatype: float64}
# - {name: johnson_U, datatype: float64}
# - {name: johnson_B, datatype: float64}
# - {name: johnson_V, datatype: float64}
# - {name: johnson_R, datatype: float64}
# - {name: johnson_I, datatype: float64}
# - {name: sdss_u, datatype: float64}
# - {name: sdss_g, datatype: float64}
# - {name: sdss_r, datatype: float64}
# - {name: sdss_i, datatype: float64}
# - {name: sdss_z, datatype: float64}
# - {name: PS1_g, datatype: float64}
# - {name: PS1_r, datatype: float64}
# - {name: PS1_i, datatype: float64}
# - {name: PS1_z, datatype: float64}
# - {name: PS1_Y, datatype: float64}
# - {name: PS1_w, datatype: float64}
# - {name: ATLAS_c, datatype: float64}
# - {name: ATLAS_o, datatype: float64}
# - {name: ukirt_J, datatype: float64}
# - {name: ukirt_H, datatype: float64}
# - {name: ukirt_K, datatype: float64}
# - {name: Clear, datatype: float64}
# meta: !!omap
# - comment: [kappa = 10.0, type = villar, mass = 0.001, velocity = 0.24933333333333335, theta_obs = 0.0]
# schema: astropy-2.0
time swift_uvot_uvw2 swift_uvot_uvm2 swift_uvot_uvw1 swift_uvot_U swift_uvot_B swift_uvot_V swift_uvot_W johnson_U johnson_B johnson_V johnson_R johnson_I sdss_u sdss_g sdss_r sdss_i sdss_z PS1_g PS1_r PS1_i PS1_z PS1_Y PS1_w ATLAS_c ATLAS_o ukirt_J ukirt_H ukirt_K Clear
0.001 nan nan nan nan nan nan nan nan nan nan nan nan nan nan nan nan nan nan nan nan nan nan nan nan nan nan nan nan nan
0.00103 -1.458 -1.758 -2.061 -2.543 -2.652 -2.619 -2.217 -2.571 -2.651 -2.614 -2.465 -2.226 -2.569 -2.651 -2.547 -2.385 -2.19 -2.658 -2.555 -2.393 -2.249 -2.174 -2.53 -2.617 -2.478 -1.721 -1.285 -0.746 -2.536
0.001061 -2.513 -2.74 -2.932 -3.226 -3.228 -3.114 -2.965 -3.235 -3.225 -3.107 -2.902 -2.614 -3.236 -3.197 -3.005 -2.798 -2.571 -3.195 -3.015 -2.808 -2.64 -2.558 -3.003 -3.126 -2.918 -2.056 -1.595 -1.036 -3.023
0.001094 -3.07 -3.256 -3.397 -3.598 -3.548 -3.396 -3.381 -3.598 -3.545 -3.389 -3.157 -2.846 -3.601 -3.505 -3.271 -3.042 -2.8 -3.498 -3.282 -3.054 -2.875 -2.792 -3.277 -3.416 -3.175 -2.263 -1.791 -1.222 -3.304
0.001127 -3.445 -3.603 -3.713 -3.856 -3.775 -3.6 -3.671 -3.85 -3.772 -3.592 -3.344 -3.019 -3.854 -3.723 -3.464 -3.223 -2.971 -3.714 -3.476 -3.235 -3.05 -2.968 -3.475 -3.624 -3.363 -2.42 -1.941 -1.366 -3.507
0.001161 -3.726 -3.864 -3.953 -4.056 -3.954 -3.762 -3.894 -4.047 -3.951 -3.754 -3.495 -3.16 -4.051 -3.896 -3.62 -3.369 -3.111 -3.886 -3.633 -3.383 -3.193 -3.113 -3.634 -3.79 -3.515 -2.552 -2.068 -1.489 -3.669
0.001196 -3.951 -4.074 -4.149 -4.221 -4.103 -3.9 -4.078 -4.209 -4.1 -3.892 -3.625 -3.283 -4.214 -4.042 -3.753 -3.496 -3.233 -4.03 -3.766 -3.51 -3.318 -3.239 -3.77 -3.931 -3.645 -2.667 -2.179 -1.597 -3.807
0.001232 -4.139 -4.25 -4.313 -4.363 -4.234 -4.022 -4.235 -4.349 -4.23 -4.013 -3.74 -3.393 -4.354 -4.169 -3.87 -3.608 -3.342 -4.157 -3.884 -3.624 -3.429 -3.351 -3.889 -4.054 -3.761 -2.771 -2.28 -1.696 -3.929
0.001269 -4.301 -4.403 -4.457 -4.489 -4.35 -4.131 -4.372 -4.473 -4.347 -4.123 -3.845 -3.494 -4.479 -4.284 -3.977 -3.711 -3.442 -4.27 -3.992 -3.727 -3.531 -3.454 -3.998 -4.165 -3.866 -2.867 -2.374 -1.788 -4.039
0.001308 -4.444 -4.538 -4.585 -4.602 -4.457 -4.232 -4.496 -4.586 -4.453 -4.224 -3.942 -3.587 -4.591 -4.388 -4.075 -3.807 -3.535 -4.374 -4.09 -3.823 -3.626 -3.55 -4.097 -4.267 -3.963 -2.957 -2.463 -1.875 -4.14
0.001347 -4.572 -4.659 -4.701 -4.707 -4.555 -4.327 -4.608 -4.689 -4.552 -4.318 -4.033 -3.676 -4.695 -4.485 -4.167 -3.896 -3.623 -4.471 -4.183 -3.914 -3.715 -3.64 -4.191 -4.362 -4.055 -3.042 -2.547 -1.958 -4.234
0.001388 -4.687 -4.77 -4.808 -4.804 -4.647 -4.415 -4.712 -4.785 -4.644 -4.406 -4.119 -3.76 -4.791 -4.576 -4.255 -3.982 -3.707 -4.562 -4.27 -3.999 -3.8 -3.725 -4.279 -4.452 -4.141 -3.124 -2.627 -2.038 -4.323
0.00143 -4.794 -4.872 -4.906 -4.895 -4.735 -4.5 -4.808 -4.876 -4.731 -4.491 -4.202 -3.84 -4.882 -4.662 -4.338 -4.063 -3.787 -4.648 -4.354 -4.081 -3.881 -3.807 -4.362 -4.537 -4.223 -3.203 -2.705 -2.115 -4.407
0.001473 -4.892 -4.967 -4.999 -4.981 -4.818 -4.58 -4.898 -4.961 -4.814 -4.571 -4.281 -3.918 -4.967 -4.744 -4.417 -4.141 -3.864 -4.73 -4.434 -4.159 -3.959 -3.885 -4.443 -4.618 -4.302 -3.279 -2.78 -2.189 -4.488
0.001518 -4.984 -5.057 -5.085 -5.063 -4.897 -4.658 -4.984 -5.043 -4.894 -4.649 -4.357 -3.993 -5.049 -4.823 -4.494 -4.217 -3.939 -4.808 -4.51 -4.235 -4.034 -3.961 -4.52 -4.696 -4.379 -3.352 -2.854 -2.262 -4.565
0.001564 -5.071 -5.141 -5.168 -5.141 -4.973 -4.733 -5.065 -5.121 -4.97 -4.724 -4.431 -4.066 -5.127 -4.899 -4.568 -4.291 -4.012 -4.884 -4.585 -4.309 -4.108 -4.035 -4.594 -4.771 -4.453 -3.424 -2.925 -2.333 -4.64
0.001611 -5.152 -5.221 -5.246 -5.217 -5.047 -4.805 -5.143 -5.196 -5.044 -4.796 -4.503 -4.137 -5.202 -4.973 -4.64 -4.362 -4.083 -4.958 -4.657 -4.381 -4.179 -4.107 -4.667 -4.844 -4.525 -3.495 -2.995 -2.403 -4.713
0.00166 -5.23 -5.297 -5.321 -5.289 -5.119 -4.876 -5.217 -5.268 -5.115 -4.867 -4.573 -4.207 -5.274 -5.044 -4.711 -4.432 -4.153 -5.029 -4.727 -4.451 -4.249 -4.177 -4.737 -4.915 -4.595 -3.564 -3.064 -2.471 -4.784
0.00171 -5.303 -5.369 -5.393 -5.36 -5.188 -4.945 -5.288 -5.339 -5.185 -4.936 -4.641 -4.275 -5.345 -5.113 -4.779 -4.5 -4.221 -5.098 -4.796 -4.519 -4.317 -4.245 -4.806 -4.984 -4.663 -3.632 -3.131 -2.539 -4.853
0.001761 -5.374 -5.439 -5.462 -5.428 -5.256 -5.012 -5.357 -5.407 -5.253 -5.003 -4.708 -4.342 -5.413 -5.181 -4.847 -4.567 -4.288 -5.166 -4.863 -4.586 -4.384 -4.312 -4.873 -5.051 -4.73 -3.698 -3.198 -2.605 -4.92
0.001815 -5.441 -5.506 -5.529 -5.494 -5.322 -5.078 -5.424 -5.473 -5.319 -5.069 -4.774 -4.407 -5.479 -5.247 -4.912 -4.633 -4.353 -5.232 -4.929 -4.652 -4.45 -4.378 -4.939 -5.117 -4.796 -3.764 -3.263 -2.671 -4.986
0.00187 -5.506 -5.571 -5.594 -5.559 -5.387 -5.143 -5.489 -5.538 -5.384 -5.134 -4.839 -4.472 -5.544 -5.312 -4.977 -4.698 -4.418 -5.296 -4.994 -4.717 -4.514 -4.443 -5.004 -5.182 -4.861 -3.828 -3.328 -2.735 -5.051
0.001926 -5.568 -5.634 -5.657 -5.622 -5.45 -5.207 -5.552 -5.601 -5.447 -5.198 -4.903 -4.536 -5.607 -5.375 -5.041 -4.761 -4.482 -5.36 -5.058 -4.78 -4.578 -4.507 -5.068 -5.246 -4.925 -3.892 -3.392 -2.799 -5.114
0.001984 -5.628 -5.694 -5.718 -5.684 -5.513 -5.269 -5.613 -5.663 -5.509 -5.26 -4.965 -4.599 -5.669 -5.437 -5.104 -4.824 -4.545 -5.422 -5.12 -4.843 -4.641 -4.569 -5.13 -5.308 -4.987 -3.956 -3.455 -2.863 -5.177
0.002044 -5.687 -5.753 -5.777 -5.745 -5.574 -5.331 -5.673 -5.724 -5.57 -5.322 -5.027 -4.661 -5.73 -5.499 -5.165 -4.886 -4.607 -5.484 -5.182 -4.905 -4.703 -4.631 -5.192 -5.37 -5.049 -4.018 -3.518 -2.926 -5.238
0.002106 -5.743 -5.81 -5.835 -5.804 -5.634 -5.392 -5.731 -5.783 -5.631 -5.383 -5.088 -4.723 -5.789 -5.559 -5.226 -4.948 -4.669 -5.544 -5.243 -4.966 -4.765 -4.693 -5.253 -5.43 -5.111 -4.08 -3.58 -2.988 -5.299
0.00217 -5.798 -5.866 -5.892 -5.863 -5.693 -5.452 -5.788 -5.842 -5.69 -5.443 -5.149 -4.784 -5.848 -5.619 -5.287 -5.008 -4.73 -5.604 -5.303 -5.027 -4.825 -4.753 -5.313 -5.49 -5.171 -4.141 -3.642 -3.049 -5.359
0.002236 -5.851 -5.92 -5.947 -5.92 -5.752 -5.511 -5.844 -5.899 -5.748 -5.502 -5.209 -4.844 -5.905 -5.677 -5.346 -5.068 -4.79 -5.662 -5.363 -5.087 -4.885 -4.813 -5.372 -5.549 -5.231 -4.202 -3.703 -3.111 -5.418
0.002303 -5.902 -5.973 -6.001 -5.976 -5.809 -5.569 -5.899 -5.956 -5.806 -5.56 -5.268 -4.904 -5.962 -5.735 -5.405 -5.128 -4.85 -5.72 -5.422 -5.146 -4.945 -4.872 -5.431 -5.608 -5.29 -4.262 -3.763 -3.172 -5.477
0.002373 -5.953 -6.025 -6.054 -6.032 -5.866 -5.627 -5.953 -6.012 -5.863 -5.618 -5.326 -4.963 -6.018 -5.793 -5.464 -5.187 -4.909 -5.778 -5.48 -5.205 -5.004 -4.931 -5.489 -5.665 -5.348 -4.322 -3.823 -3.232 -5.535
0.002445 -6.002 -6.076 -6.106 -6.087 -5.923 -5.684 -6.005 -6.067 -5.919 -5.676 -5.384 -5.021 -6.073 -5.849 -5.521 -5.245 -4.968 -5.834 -5.538 -5.263 -5.062 -4.989 -5.547 -5.722 -5.406 -4.382 -3.883 -3.292 -5.592
0.002519 -6.049 -6.125 -6.157 -6.141 -5.978 -5.741 -6.057 -6.121 -5.975 -5.732 -5.442 -5.08 -6.127 -5.905 -5.578 -5.303 -5.026 -5.89 -5.595 -5.321 -5.12 -5.047 -5.604 -5.779 -5.464 -4.441 -3.942 -3.352 -5.649
0.002595 -6.096 -6.174 -6.207 -6.194 -6.033 -5.797 -6.108 -6.175 -6.03 -5.789 -5.499 -5.137 -6.181 -5.96 -5.635 -5.36 -5.084 -5.946 -5.651 -5.378 -5.178 -5.104 -5.66 -5.835 -5.521 -4.499 -4.001 -3.411 -5.705
0.002673 -6.141 -6.221 -6.256 -6.247 -6.087 -5.853 -6.158 -6.228 -6.084 -5.844 -5.556 -5.195 -6.233 -6.015 -5.691 -5.417 -5.142 -6.001 -5.707 -5.435 -5.235 -5.161 -5.716 -5.89 -5.577 -4.558 -4.06 -3.47 -5.76
0.002754 -6.186 -6.267 -6.304 -6.299 -6.141 -5.908 -6.208 -6.28 -6.138 -5.899 -5.612 -5.252 -6.286 -6.07 -5.747 -5.474 -5.199 -6.055 -5.763 -5.491 -5.292 -5.217 -5.771 -5.945 -5.633 -4.616 -4.119 -3.529 -5.816
0.002837 -6.229 -6.313 -6.352 -6.35 -6.194 -5.963 -6.256 -6.331 -6.191 -5.954 -5.668 -5.309 -6.337 -6.123 -5.803 -5.53 -5.256 -6.109 -5.818 -5.547 -5.348 -5.273 -5.826 -5.999 -5.689 -4.673 -4.177 -3.587 -5.87
0.002923 -6.272 -6.358 -6.398 -6.401 -6.247 -6.017 -6.304 -6.383 -6.244 -6.009 -5.723 -5.365 -6.388 -6.177 -5.858 -5.586 -5.312 -6.162 -5.873 -5.603 -5.404 -5.329 -5.881 -6.053 -5.745 -4.731 -4.235 -3.646 -5.925
0.003012 -6.313 -6.402 -6.444 -6.451 -6.299 -6.071 -6.351 -6.433 -6.296 -6.062 -5.778 -5.421 -6.439 -6.229 -5.912 -5.641 -5.368 -6.215 -5.928 -5.658 -5.46 -5.385 -5.935 -6.107 -5.799 -4.788 -4.292 -3.704 -5.978
0.003103 -6.354 -6.445 -6.489 -6.5 -6.351 -6.125 -6.398 -6.483 -6.348 -6.116 -5.833 -5.477 -6.489 -6.282 -5.966 -5.697 -5.424 -6.268 -5.982 -5.713 -5.515 -5.44 -5.989 -6.16 -5.854 -4.844 -4.349 -3.761 -6.032
0.003196 -6.394 -6.487 -6.534 -6.549 -6.403 -6.178 -6.444 -6.532 -6.399 -6.169 -5.887 -5.532 -6.538 -6.334 -6.02 -5.751 -5.48 -6.32 -6.036 -5.768 -5.57 -5.494 -6.043 -6.213 -5.908 -4.901 -4.406 -3.819 -6.085
0.003293 -6.433 -6.529 -6.578 -6.598 -6.454 -6.23 -6.489 -6.581 -6.45 -6.222 -5.941 -5.587 -6.587 -6.385 -6.074 -5.806 -5.535 -6.372 -6.089 -5.822 -5.625 -5.549 -6.096 -6.265 -5.962 -4.957 -4.463 -3.876 -6.138
0.003393 -6.471 -6.569 -6.621 -6.646 -6.504 -6.283 -6.534 -6.63 -6.501 -6.274 -5.995 -5.642 -6.635 -6.437 -6.127 -5.86 -5.59 -6.423 -6.142 -5.877 -5.679 -5.603 -6.148 -6.317 -6.016 -5.013 -4.52 -3.933 -6.19
0.003495 -6.509 -6.61 -6.663 -6.694 -6.554 -6.335 -6.578 -6.678 -6.551 -6.326 -6.048 -5.696 -6.683 -6.487 -6.18 -5.914 -5.645 -6.474 -6.195 -5.93 -5.734 -5.657 -6.201 -6.369 -6.069 -5.069 -4.576 -3.99 -6.242
0.003601 -6.546 -6.649 -6.705 -6.741 -6.604 -6.387 -6.622 -6.726 -6.601 -6.378 -6.101 -5.751 -6.731 -6.538 -6.233 -5.968 -5.699 -6.525 -6.247 -5.984 -5.788 -5.71 -6.253 -6.42 -6.122 -5.125 -4.633 -4.047 -6.294
0.00371 -6.582 -6.688 -6.747 -6.787 -6.653 -6.438 -6.665 -6.773 -6.65 -6.43 -6.154 -5.805 -6.778 -6.588 -6.285 -6.021 -5.753 -6.575 -6.299 -6.037 -5.841 -5.764 -6.305 -6.471 -6.175 -5.18 -4.689 -4.104 -6.345
0.003822 -6.617 -6.726 -6.788 -6.834 -6.702 -6.489 -6.708 -6.819 -6.699 -6.481 -6.207 -5.859 -6.824 -6.638 -6.337 -6.075 -5.807 -6.625 -6.351 -6.09 -5.895 -5.817 -6.356 -6.522 -6.227 -5.235 -4.745 -4.16 -6.396
0.003938 -6.652 -6.764 -6.828 -6.879 -6.751 -6.54 -6.75 -6.866 -6.748 -6.532 -6.259 -5.912 -6.871 -6.687 -6.389 -6.128 -5.861 -6.674 -6.403 -6.143 -5.948 -5.87 -6.408 -6.572 -6.28 -5.29 -4.8 -4.216 -6.447
0.004057 -6.685 -6.8 -6.868 -6.925 -6.799 -6.591 -6.792 -6.912 -6.796 -6.582 -6.311 -5.966 -6.917 -6.736 -6.44 -6.18 -5.915 -6.724 -6.454 -6.195 -6.001 -5.923 -6.459 -6.622 -6.332 -5.345 -4.856 -4.272 -6.498
0.00418 -6.719 -6.837 -6.907 -6.97 -6.847 -6.641 -6.833 -6.957 -6.844 -6.632 -6.363 -6.019 -6.962 -6.785 -6.491 -6.233 -5.968 -6.773 -6.505 -6.248 -6.054 -5.975 -6.509 -6.672 -6.383 -5.4 -4.911 -4.328 -6.548
0.004306 -6.751 -6.872 -6.945 -7.014 -6.895 -6.691 -6.874 -7.002 -6.892 -6.682 -6.414 -6.072 -7.007 -6.833 -6.542 -6.285 -6.021 -6.821 -6.556 -6.3 -6.107 -6.028 -6.56 -6.721 -6.435 -5.454 -4.966 -4.384 -6.598
0.004436 -6.783 -6.907 -6.983 -7.058 -6.942 -6.74 -6.914 -7.047 -6.939 -6.732 -6.466 -6.125 -7.052 -6.881 -6.593 -6.337 -6.074 -6.87 -6.607 -6.352 -6.159 -6.08 -6.61 -6.771 -6.486 -5.509 -5.022 -4.44 -6.647
0.00457 -6.815 -6.942 -7.021 -7.102 -6.989 -6.79 -6.954 -7.091 -6.986 -6.782 -6.517 -6.177 -7.096 -6.929 -6.644 -6.389 -6.127 -6.918 -6.657 -6.403 -6.211 -6.132 -6.66 -6.82 -6.537 -5.563 -5.076 -4.495 -6.697
0.004709 -6.845 -6.976 -7.058 -7.146 -7.036 -6.839 -6.993 -7.135 -7.033 -6.831 -6.568 -6.23 -7.14 -6.977 -6.694 -6.44 -6.18 -6.965 -6.707 -6.455 -6.263 -6.184 -6.71 -6.868 -6.588 -5.617 -5.131 -4.551 -6.746
0.004851 -6.875 -7.009 -7.095 -7.189 -7.083 -6.888 -7.032 -7.179 -7.079 -6.88 -6.619 -6.282 -7.183 -7.024 -6.744 -6.492 -6.232 -7.013 -6.757 -6.506 -6.315 -6.235 -6.759 -6.917 -6.639 -5.671 -5.186 -4.606 -6.795
0.004998 -6.905 -7.042 -7.131 -7.231 -7.129 -6.937 -7.071 -7.222 -7.125 -6.928 -6.669 -6.334 -7.227 -7.071 -6.794 -6.543 -6.284 -7.06 -6.807 -6.557 -6.367 -6.287 -6.808 -6.965 -6.689 -5.725 -5.24 -4.661 -6.844
0.005149 -6.934 -7.074 -7.166 -7.274 -7.174 -6.985 -7.109 -7.265 -7.171 -6.977 -6.719 -6.386 -7.269 -7.118 -6.843 -6.594 -6.336 -7.107 -6.856 -6.608 -6.418 -6.338 -6.857 -7.013 -6.739 -5.778 -5.295 -4.716 -6.892
0.005305 -6.962 -7.106 -7.202 -7.316 -7.22 -7.033 -7.147 -7.308 -7.217 -7.025 -6.769 -6.437 -7.312 -7.164 -6.893 -6.645 -6.388 -7.154 -6.905 -6.658 -6.47 -6.389 -6.906 -7.06 -6.789 -5.832 -5.349 -4.771 -6.94
0.005465 -6.99 -7.137 -7.236 -7.357 -7.265 -7.081 -7.185 -7.35 -7.262 -7.073 -6.819 -6.489 -7.354 -7.21 -6.942 -6.696 -6.44 -7.2 -6.954 -6.709 -6.521 -6.44 -6.954 -7.108 -6.839 -5.885 -5.403 -4.826 -6.988
0.00563 -7.017 -7.168 -7.27 -7.399 -7.31 -7.129 -7.222 -7.392 -7.307 -7.121 -6.869 -6.54 -7.396 -7.256 -6.991 -6.746 -6.492 -7.246 -7.003 -6.759 -6.572 -6.491 -7.003 -7.155 -6.888 -5.938 -5.457 -4.881 -7.036
0.005801 -7.044 -7.198 -7.304 -7.439 -7.355 -7.176 -7.259 -7.433 -7.352 -7.168 -6.918 -6.591 -7.437 -7.302 -7.039 -6.796 -6.543 -7.292 -7.052 -6.809 -6.623 -6.541 -7.051 -7.202 -6.938 -5.991 -5.511 -4.935 -7.083
0.005976 -7.07 -7.227 -7.337 -7.48 -7.399 -7.224 -7.295 -7.475 -7.396 -7.216 -6.968 -6.642 -7.478 -7.347 -7.088 -6.846 -6.594 -7.338 -7.1 -6.859 -6.674 -6.592 -7.099 -7.248 -6.987 -6.044 -5.565 -4.99 -7.131
0.006157 -7.095 -7.256 -7.37 -7.52 -7.443 -7.271 -7.331 -7.515 -7.44 -7.263 -7.017 -6.693 -7.519 -7.392 -7.136 -6.896 -6.645 -7.383 -7.148 -6.909 -6.724 -6.642 -7.146 -7.295 -7.036 -6.097 -5.619 -5.044 -7.178
0.006343 -7.12 -7.285 -7.403 -7.56 -7.487 -7.317 -7.367 -7.556 -7.484 -7.31 -7.066 -6.744 -7.559 -7.437 -7.184 -6.946 -6.696 -7.429 -7.196 -6.958 -6.774 -6.693 -7.194 -7.341 -7.084 -6.149 -5.672 -5.099 -7.225
0.006535 -7.144 -7.313 -7.435 -7.599 -7.531 -7.364 -7.402 -7.596 -7.528 -7.356 -7.114 -6.795 -7.599 -7.482 -7.232 -6.996 -6.747 -7.473 -7.244 -7.008 -6.825 -6.743 -7.241 -7.387 -7.133 -6.202 -5.726 -5.153 -7.271
0.006732 -7.168 -7.34 -7.466 -7.639 -7.574 -7.41 -7.437 -7.636 -7.571 -7.403 -7.163 -6.845 -7.639 -7.526 -7.28 -7.045 -6.798 -7.518 -7.292 -7.057 -6.875 -6.793 -7.288 -7.433 -7.181 -6.254 -5.779 -5.207 -7.318
0.006936 -7.191 -7.367 -7.497 -7.677 -7.617 -7.456 -7.472 -7.676 -7.614 -7.449 -7.211 -6.895 -7.679 -7.57 -7.327 -7.094 -6.848 -7.563 -7.339 -7.106 -6.925 -6.843 -7.335 -7.478 -7.23 -6.307 -5.832 -5.261 -7.364
0.007146 -7.214 -7.393 -7.527 -7.716 -7.66 -7.502 -7.506 -7.715 -7.657 -7.495 -7.259 -6.945 -7.718 -7.614 -7.375 -7.144 -6.899 -7.607 -7.386 -7.155 -6.974 -6.892 -7.382 -7.523 -7.278 -6.359 -5.885 -5.315 -7.41
0.007362 -7.236 -7.419 -7.558 -7.754 -7.702 -7.548 -7.54 -7.754 -7.699 -7.54 -7.307 -6.995 -7.756 -7.658 -7.422 -7.192 -6.949 -7.651 -7.433 -7.204 -7.024 -6.942 -7.428 -7.568 -7.325 -6.411 -5.938 -5.369 -7.456
0.007585 -7.257 -7.444 -7.587 -7.792 -7.744 -7.593 -7.573 -7.792 -7.741 -7.586 -7.355 -7.045 -7.795 -7.701 -7.469 -7.241 -6.999 -7.694 -7.48 -7.253 -7.074 -6.991 -7.474 -7.613 -7.373 -6.463 -5.991 -5.423 -7.501
0.007814 -7.278 -7.469 -7.616 -7.829 -7.786 -7.639 -7.606 -7.83 -7.783 -7.631 -7.403 -7.095 -7.833 -7.744 -7.515 -7.29 -7.049 -7.738 -7.526 -7.301 -7.123 -7.041 -7.52 -7.658 -7.421 -6.515 -6.044 -5.476 -7.547
0.00805 -7.299 -7.493 -7.645 -7.866 -7.828 -7.684 -7.639 -7.868 -7.825 -7.676 -7.45 -7.144 -7.871 -7.787 -7.562 -7.338 -7.099 -7.781 -7.573 -7.349 -7.172 -7.09 -7.566 -7.702 -7.468 -6.566 -6.097 -5.53 -7.592
0.008294 -7.319 -7.517 -7.673 -7.903 -7.869 -7.729 -7.672 -7.906 -7.866 -7.721 -7.497 -7.193 -7.908 -7.829 -7.608 -7.387 -7.148 -7.824 -7.619 -7.397 -7.221 -7.139 -7.612 -7.746 -7.515 -6.618 -6.15 -5.584 -7.637
0.008545 -7.338 -7.54 -7.701 -7.94 -7.91 -7.773 -7.704 -7.943 -7.907 -7.766 -7.545 -7.243 -7.945 -7.872 -7.655 -7.435 -7.198 -7.867 -7.665 -7.445 -7.27 -7.188 -7.657 -7.79 -7.562 -6.67 -6.202 -5.637 -7.682
0.008803 -7.357 -7.563 -7.729 -7.976 -7.951 -7.818 -7.736 -7.98 -7.948 -7.81 -7.591 -7.292 -7.982 -7.914 -7.7 -7.483 -7.247 -7.909 -7.711 -7.493 -7.319 -7.237 -7.702 -7.834 -7.609 -6.721 -6.255 -5.69 -7.726
0.009069 -7.375 -7.585 -7.756 -8.011 -7.992 -7.862 -7.768 -8.017 -7.989 -7.855 -7.638 -7.341 -8.019 -7.956 -7.746 -7.53 -7.296 -7.951 -7.757 -7.541 -7.368 -7.286 -7.747 -7.878 -7.655 -6.772 -6.307 -5.744 -7.77
0.009344 -7.393 -7.607 -7.782 -8.047 -8.032 -7.906 -7.799 -8.053 -8.029 -7.899 -7.685 -7.389 -8.055 -7.997 -7.792 -7.578 -7.346 -7.993 -7.802 -7.588 -7.416 -7.334 -7.792 -7.921 -7.702 -6.823 -6.359 -5.797 -7.815
0.009626 -7.41 -7.628 -7.808 -8.082 -8.072 -7.949 -7.83 -8.089 -8.069 -7.942 -7.731 -7.438 -8.09 -8.039 -7.837 -7.626 -7.395 -8.035 -7.847 -7.636 -7.465 -7.383 -7.837 -7.964 -7.748 -6.875 -6.412 -5.85 -7.859
0.009917 -7.426 -7.648 -7.834 -8.117 -8.112 -7.993 -7.861 -8.125 -8.109 -7.986 -7.777 -7.487 -8.126 -8.08 -7.882 -7.673 -7.443 -8.077 -7.893 -7.683 -7.513 -7.431 -7.881 -8.007 -7.794 -6.926 -6.464 -5.903 -7.902
0.010217 -7.442 -7.668 -7.859 -8.151 -8.151 -8.036 -7.891 -8.16 -8.149 -8.029 -7.823 -7.535 -8.161 -8.121 -7.928 -7.72 -7.492 -8.118 -7.937 -7.73 -7.561 -7.48 -7.926 -8.049 -7.84 -6.976 -6.516 -5.956 -7.946
0.010526 -7.458 -7.687 -7.884 -8.185 -8.19 -8.079 -7.921 -8.195 -8.188 -8.073 -7.869 -7.583 -8.196 -8.161 -7.972 -7.767 -7.541 -8.159 -7.982 -7.777 -7.609 -7.528 -7.97 -8.092 -7.886 -7.027 -6.568 -6.009 -7.989
0.010845 -7.473 -7.706 -7.908 -8.219 -8.229 -8.122 -7.951 -8.229 -8.227 -8.116 -7.915 -7.631 -8.23 -8.201 -8.017 -7.814 -7.589 -8.2 -8.027 -7.824 -7.657 -7.576 -8.013 -8.134 -7.931 -7.078 -6.62 -6.062 -8.032
0.011173 -7.487 -7.725 -7.932 -8.252 -8.268 -8.165 -7.98 -8.264 -8.265 -8.158 -7.961 -7.679 -8.264 -8.241 -8.061 -7.861 -7.637 -8.24 -8.071 -7.87 -7.705 -7.624 -8.057 -8.176 -7.977 -7.128 -6.672 -6.115 -8.075
0.011511 -7.501 -7.742 -7.955 -8.285 -8.306 -8.207 -8.009 -8.297 -8.304 -8.201 -8.006 -7.727 -8.298 -8.281 -8.106 -7.907 -7.686 -8.281 -8.115 -7.917 -7.752 -7.672 -8.101 -8.217 -8.022 -7.179 -6.723 -6.168 -8.118
0.011859 -7.514 -7.76 -7.978 -8.318 -8.345 -8.25 -8.038 -8.331 -8.342 -8.243 -8.051 -7.775 -8.331 -8.321 -8.15 -7.953 -7.734 -8.321 -8.159 -7.963 -7.8 -7.719 -8.144 -8.259 -8.067 -7.229 -6.775 -6.22 -8.16
0.012217 -7.527 -7.776 -8.0 -8.35 -8.382 -8.292 -8.066 -8.364 -8.38 -8.285 -8.096 -7.822 -8.364 -8.36 -8.194 -8.0 -7.782 -8.361 -8.203 -8.009 -7.847 -7.767 -8.187 -8.3 -8.112 -7.28 -6.826 -6.273 -8.203
0.012587 -7.539 -7.792 -8.022 -8.382 -8.42 -8.333 -8.094 -8.397 -8.417 -8.327 -8.141 -7.87 -8.397 -8.399 -8.237 -8.046 -7.829 -8.4 -8.247 -8.055 -7.894 -7.814 -8.23 -8.341 -8.156 -7.33 -6.878 -6.325 -8.245
0.012968 -7.55 -7.808 -8.043 -8.413 -8.457 -8.375 -8.122 -8.43 -8.455 -8.369 -8.186 -7.917 -8.429 -8.438 -8.281 -8.092 -7.877 -8.439 -8.29 -8.101 -7.941 -7.862 -8.273 -8.382 -8.201 -7.38 -6.929 -6.378 -8.287
0.01336 -7.561 -7.823 -8.064 -8.444 -8.494 -8.416 -8.15 -8.462 -8.492 -8.41 -8.23 -7.964 -8.461 -8.476 -8.324 -8.137 -7.924 -8.479 -8.333 -8.146 -7.988 -7.909 -8.315 -8.422 -8.245 -7.43 -6.981 -6.43 -8.329
0.013764 -7.571 -7.837 -8.085 -8.475 -8.531 -8.457 -8.177 -8.494 -8.529 -8.451 -8.274 -8.011 -8.493 -8.515 -8.367 -8.183 -7.972 -8.517 -8.376 -8.192 -8.035 -7.956 -8.357 -8.463 -8.289 -7.48 -7.032 -6.483 -8.37
0.01418 -7.581 -7.851 -8.105 -8.506 -8.567 -8.498 -8.204 -8.525 -8.565 -8.492 -8.319 -8.058 -8.524 -8.553 -8.41 -8.228 -8.019 -8.556 -8.419 -8.237 -8.082 -8.003 -8.399 -8.503 -8.333 -7.529 -7.083 -6.535 -8.411
0.014609 -7.59 -7.864 -8.124 -8.536 -8.603 -8.539 -8.23 -8.556 -8.601 -8.533 -8.363 -8.105 -8.555 -8.59 -8.453 -8.274 -8.066 -8.594 -8.462 -8.282 -8.128 -8.05 -8.441 -8.543 -8.377 -7.579 -7.134 -6.587 -8.452
0.015051 -7.599 -7.877 -8.143 -8.565 -8.639 -8.579 -8.256 -8.587 -8.637 -8.574 -8.406 -8.151 -8.586 -8.628 -8.495 -8.319 -8.113 -8.632 -8.504 -8.327 -8.175 -8.097 -8.483 -8.582 -8.42 -7.629 -7.185 -6.639 -8.493
0.015506 -7.607 -7.889 -8.162 -8.595 -8.675 -8.62 -8.282 -8.617 -8.673 -8.614 -8.45 -8.198 -8.616 -8.665 -8.538 -8.364 -8.16 -8.67 -8.546 -8.372 -8.221 -8.144 -8.524 -8.621 -8.464 -7.678 -7.236 -6.691 -8.534
0.015975 -7.614 -7.9 -8.18 -8.623 -8.71 -8.66 -8.308 -8.647 -8.708 -8.654 -8.493 -8.244 -8.645 -8.702 -8.58 -8.408 -8.206 -8.708 -8.588 -8.417 -8.267 -8.19 -8.566 -8.661 -8.507 -7.728 -7.287 -6.743 -8.574
0.016458 -7.621 -7.911 -8.197 -8.652 -8.745 -8.699 -8.333 -8.677 -8.743 -8.694 -8.537 -8.29 -8.675 -8.739 -8.622 -8.453 -8.253 -8.745 -8.63 -8.461 -8.313 -8.237 -8.607 -8.699 -8.55 -7.777 -7.338 -6.795 -8.615
0.016956 -7.628 -7.921 -8.214 -8.68 -8.779 -8.739 -8.358 -8.706 -8.777 -8.733 -8.58 -8.336 -8.704 -8.775 -8.663 -8.497 -8.299 -8.782 -8.672 -8.506 -8.359 -8.283 -8.647 -8.738 -8.593 -7.826 -7.388 -6.847 -8.655
0.017469 -7.633 -7.931 -8.231 -8.708 -8.814 -8.778 -8.383 -8.735 -8.812 -8.773 -8.622 -8.382 -8.733 -8.811 -8.705 -8.542 -8.346 -8.818 -8.713 -8.55 -8.405 -8.329 -8.688 -8.776 -8.635 -7.875 -7.439 -6.899 -8.694
0.017997 -7.638 -7.94 -8.247 -8.735 -8.848 -8.817 -8.407 -8.764 -8.846 -8.812 -8.665 -8.428 -8.761 -8.847 -8.746 -8.586 -8.392 -8.855 -8.754 -8.594 -8.45 -8.375 -8.729 -8.815 -8.678 -7.924 -7.489 -6.951 -8.734
0.018541 -7.643 -7.948 -8.262 -8.762 -8.881 -8.856 -8.432 -8.792 -8.88 -8.851 -8.708 -8.473 -8.789 -8.882 -8.787 -8.63 -8.438 -8.891 -8.795 -8.638 -8.496 -8.421 -8.769 -8.852 -8.72 -7.973 -7.54 -7.002 -8.773
0.019102 -7.647 -7.956 -8.277 -8.788 -8.915 -8.894 -8.455 -8.819 -8.913 -8.889 -8.75 -8.518 -8.816 -8.917 -8.828 -8.673 -8.484 -8.927 -8.836 -8.681 -8.541 -8.467 -8.809 -8.89 -8.762 -8.022 -7.59 -7.054 -8.813
0.01968 -7.65 -7.963 -8.292 -8.815 -8.948 -8.933 -8.479 -8.847 -8.946 -8.928 -8.792 -8.564 -8.843 -8.952 -8.868 -8.717 -8.529 -8.963 -8.877 -8.725 -8.586 -8.513 -8.848 -8.927 -8.804 -8.07 -7.64 -7.105 -8.852
0.020275 -7.652 -7.969 -8.306 -8.84 -8.98 -8.971 -8.502 -8.874 -8.979 -8.966 -8.834 -8.609 -8.87 -8.987 -8.909 -8.76 -8.575 -8.998 -8.917 -8.768 -8.631 -8.558 -8.888 -8.965 -8.846 -8.119 -7.69 -7.157 -8.89
0.020888 -7.654 -7.975 -8.319 -8.865 -9.013 -9.008 -8.525 -8.9 -9.011 -9.004 -8.875 -8.654 -8.896 -9.021 -8.949 -8.804 -8.62 -9.033 -8.957 -8.811 -8.676 -8.604 -8.927 -9.001 -8.887 -8.167 -7.741 -7.208 -8.929
0.02152 -7.656 -7.98 -8.332 -8.89 -9.045 -9.046 -8.547 -8.926 -9.043 -9.041 -8.917 -8.698 -8.922 -9.055 -8.989 -8.847 -8.665 -9.068 -8.997 -8.854 -8.721 -8.649 -8.966 -9.038 -8.928 -8.216 -7.791 -7.26 -8.967
0.022171 -7.657 -7.984 -8.344 -8.915 -9.077 -9.083 -8.569 -8.952 -9.075 -9.079 -8.958 -8.743 -8.947 -9.089 -9.029 -8.889 -8.71 -9.102 -9.037 -8.897 -8.765 -8.695 -9.005 -9.074 -8.969 -8.264 -7.84 -7.311 -9.005
0.022841 -7.657 -7.988 -8.356 -8.939 -9.108 -9.12 -8.591 -8.977 -9.107 -9.116 -8.999 -8.788 -8.972 -9.122 -9.068 -8.932 -8.755 -9.136 -9.076 -8.94 -8.81 -8.74 -9.044 -9.11 -9.01 -8.312 -7.89 -7.362 -9.043
0.023532 -7.656 -7.991 -8.367 -8.962 -9.139 -9.157 -8.613 -9.002 -9.138 -9.152 -9.04 -8.832 -8.997 -9.155 -9.107 -8.975 -8.8 -9.17 -9.115 -8.982 -8.854 -8.785 -9.082 -9.146 -9.051 -8.36 -7.94 -7.413 -9.08
0.024244 -7.655 -7.994 -8.378 -8.985 -9.17 -9.193 -8.634 -9.026 -9.168 -9.189 -9.081 -8.876 -9.021 -9.188 -9.147 -9.017 -8.845 -9.204 -9.154 -9.025 -8.898 -8.829 -9.12 -9.182 -9.091 -8.408 -7.99 -7.464 -9.118
0.024977 -7.653 -7.995 -8.388 -9.008 -9.2 -9.229 -8.655 -9.05 -9.199 -9.225 -9.121 -8.92 -9.044 -9.221 -9.185 -9.059 -8.889 -9.237 -9.193 -9.067 -8.942 -8.874 -9.158 -9.217 -9.131 -8.456 -8.039 -7.515 -9.155
0.025733 -7.651 -7.996 -8.397 -9.03 -9.23 -9.265 -8.676 -9.074 -9.229 -9.261 -9.161 -8.964 -9.068 -9.253 -9.224 -9.101 -8.934 -9.27 -9.232 -9.108 -8.986 -8.919 -9.196 -9.252 -9.171 -8.503 -8.089 -7.566 -9.192
0.026511 -7.648 -7.997 -8.406 -9.052 -9.26 -9.301 -8.696 -9.097 -9.259 -9.297 -9.201 -9.007 -9.09 -9.284 -9.262 -9.143 -8.978 -9.302 -9.27 -9.15 -9.029 -8.963 -9.234 -9.286 -9.211 -8.551 -8.138 -7.617 -9.228
0.027313 -7.644 -7.996 -8.415 -9.073 -9.289 -9.336 -8.716 -9.12 -9.288 -9.333 -9.241 -9.051 -9.113 -9.316 -9.3 -9.184 -9.022 -9.335 -9.308 -9.192 -9.073 -9.007 -9.271 -9.321 -9.251 -8.598 -8.187 -7.668 -9.265
0.028139 -7.64 -7.995 -8.422 -9.094 -9.318 -9.371 -8.735 -9.142 -9.317 -9.368 -9.281 -9.094 -9.134 -9.347 -9.338 -9.225 -9.065 -9.367 -9.346 -9.233 -9.116 -9.052 -9.308 -9.355 -9.29 -8.646 -8.237 -7.719 -9.301
0.02899 -7.635 -7.993 -8.43 -9.114 -9.346 -9.406 -8.755 -9.163 -9.345 -9.403 -9.32 -9.137 -9.156 -9.378 -9.376 -9.267 -9.109 -9.398 -9.383 -9.274 -9.159 -9.096 -9.344 -9.388 -9.329 -8.693 -8.286 -7.769 -9.337
0.029867 -7.629 -7.991 -8.436 -9.134 -9.374 -9.44 -8.774 -9.185 -9.374 -9.437 -9.359 -9.18 -9.177 -9.408 -9.413 -9.307 -9.153 -9.43 -9.421 -9.315 -9.202 -9.14 -9.381 -9.422 -9.368 -8.74 -8.335 -7.82 -9.372
0.03077 -7.623 -7.987 -8.442 -9.153 -9.402 -9.474 -8.792 -9.206 -9.402 -9.471 -9.398 -9.223 -9.197 -9.438 -9.45 -9.348 -9.196 -9.46 -9.458 -9.356 -9.245 -9.183 -9.417 -9.455 -9.406 -8.787 -8.384 -7.87 -9.407
0.031701 -7.616 -7.983 -8.448 -9.172 -9.429 -9.508 -8.811 -9.226 -9.429 -9.505 -9.437 -9.266 -9.217 -9.468 -9.487 -9.389 -9.239 -9.491 -9.495 -9.396 -9.287 -9.227 -9.453 -9.488 -9.445 -8.834 -8.433 -7.921 -9.443
0.032659 -7.608 -7.978 -8.452 -9.19 -9.456 -9.542 -8.829 -9.246 -9.456 -9.539 -9.475 -9.308 -9.236 -9.497 -9.523 -9.429 -9.282 -9.521 -9.531 -9.436 -9.33 -9.27 -9.489 -9.52 -9.483 -8.881 -8.481 -7.971 -9.477
0.033647 -7.6 -7.973 -8.456 -9.208 -9.483 -9.575 -8.846 -9.265 -9.483 -9.572 -9.514 -9.35 -9.255 -9.526 -9.56 -9.469 -9.325 -9.551 -9.567 -9.477 -9.372 -9.314 -9.524 -9.553 -9.521 -8.927 -8.53 -8.022 -9.512
0.034665 -7.591 -7.966 -8.46 -9.225 -9.509 -9.608 -8.863 -9.284 -9.509 -9.606 -9.552 -9.392 -9.274 -9.555 -9.596 -9.509 -9.367 -9.581 -9.603 -9.516 -9.414 -9.357 -9.559 -9.585 -9.558 -8.974 -8.579 -8.072 -9.546
0.035713 -7.581 -7.959 -8.463 -9.242 -9.535 -9.641 -8.88 -9.302 -9.535 -9.638 -9.589 -9.434 -9.292 -9.583 -9.631 -9.548 -9.41 -9.61 -9.639 -9.556 -9.456 -9.4 -9.594 -9.616 -9.596 -9.02 -8.627 -8.122 -9.58
0.036793 -7.571 -7.951 -8.465 -9.258 -9.56 -9.673 -8.897 -9.32 -9.56 -9.671 -9.627 -9.476 -9.309 -9.611 -9.667 -9.588 -9.452 -9.639 -9.674 -9.595 -9.497 -9.442 -9.629 -9.647 -9.633 -9.066 -8.675 -8.172 -9.614
0.037906 -7.56 -7.942 -8.467 -9.274 -9.585 -9.705 -8.913 -9.337 -9.585 -9.703 -9.664 -9.517 -9.326 -9.638 -9.702 -9.627 -9.494 -9.667 -9.71 -9.635 -9.539 -9.485 -9.663 -9.678 -9.67 -9.113 -8.724 -8.222 -9.648
0.039052 -7.548 -7.932 -8.468 -9.289 -9.609 -9.736 -8.929 -9.354 -9.61 -9.735 -9.701 -9.559 -9.342 -9.665 -9.737 -9.666 -9.536 -9.696 -9.744 -9.674 -9.58 -9.528 -9.697 -9.709 -9.706 -9.159 -8.772 -8.272 -9.681
0.040234 -7.535 -7.922 -8.468 -9.303 -9.633 -9.768 -8.945 -9.37 -9.634 -9.766 -9.737 -9.6 -9.358 -9.692 -9.771 -9.705 -9.578 -9.723 -9.779 -9.712 -9.621 -9.57 -9.731 -9.739 -9.743 -9.204 -8.82 -8.322 -9.714
0.04145 -7.522 -7.91 -8.467 -9.317 -9.657 -9.798 -8.96 -9.386 -9.658 -9.797 -9.774 -9.641 -9.373 -9.718 -9.806 -9.743 -9.619 -9.751 -9.813 -9.751 -9.662 -9.612 -9.765 -9.769 -9.779 -9.25 -8.868 -8.372 -9.746
0.042704 -7.509 -7.898 -8.466 -9.331 -9.68 -9.829 -8.975 -9.401 -9.681 -9.828 -9.81 -9.681 -9.388 -9.744 -9.84 -9.781 -9.66 -9.778 -9.847 -9.789 -9.703 -9.654 -9.798 -9.798 -9.815 -9.296 -8.916 -8.421 -9.779
0.043996 -7.494 -7.885 -8.464 -9.343 -9.703 -9.859 -8.989 -9.416 -9.704 -9.858 -9.846 -9.722 -9.402 -9.77 -9.873 -9.819 -9.701 -9.804 -9.881 -9.827 -9.743 -9.696 -9.831 -9.828 -9.85 -9.341 -8.964 -8.471 -9.811
0.045326 -7.479 -7.871 -8.462 -9.356 -9.725 -9.889 -9.003 -9.43 -9.726 -9.888 -9.882 -9.762 -9.416 -9.795 -9.907 -9.857 -9.742 -9.83 -9.914 -9.865 -9.784 -9.737 -9.863 -9.856 -9.886 -9.386 -9.011 -8.521 -9.842
0.046697 -7.463 -7.856 -8.459 -9.367 -9.747 -9.918 -9.017 -9.443 -9.748 -9.918 -9.917 -9.802 -9.428 -9.819 -9.94 -9.894 -9.783 -9.856 -9.947 -9.902 -9.824 -9.779 -9.896 -9.885 -9.921 -9.432 -9.059 -8.57 -9.874
0.048109 -7.446 -7.84 -8.455 -9.378 -9.768 -9.948 -9.03 -9.456 -9.77 -9.947 -9.952 -9.842 -9.441 -9.844 -9.972 -9.932 -9.823 -9.881 -9.98 -9.94 -9.864 -9.82 -9.928 -9.913 -9.955 -9.477 -9.106 -8.619 -9.905
0.049564 -7.429 -7.824 -8.45 -9.389 -9.789 -9.976 -9.043 -9.468 -9.79 -9.976 -9.987 -9.881 -9.453 -9.867 -10.005 -9.969 -9.864 -9.906 -10.013 -9.977 -9.903 -9.861 -9.959 -9.941 -9.99 -9.521 -9.153 -8.669 -9.936
0.051063 -7.411 -7.806 -8.445 -9.399 -9.809 -10.005 -9.055 -9.48 -9.811 -10.005 -10.021 -9.921 -9.464 -9.891 -10.037 -10.005 -9.904 -9.931 -10.045 -10.013 -9.943 -9.902 -9.991 -9.968 -10.024 -9.566 -9.201 -8.718 -9.966
0.052608 -7.393 -7.787 -8.439 -9.408 -9.829 -10.033 -9.068 -9.491 -9.831 -10.033 -10.055 -9.96 -9.474 -9.913 -10.068 -10.042 -9.944 -9.955 -10.076 -10.05 -9.982 -9.943 -10.022 -9.995 -10.057 -9.611 -9.248 -8.767 -9.997
0.054199 -7.373 -7.768 -8.432 -9.416 -9.848 -10.06 -9.079 -9.501 -9.85 -10.061 -10.089 -9.999 -9.484 -9.936 -10.1 -10.078 -9.983 -9.978 -10.108 -10.086 -10.021 -9.983 -10.052 -10.021 -10.091 -9.655 -9.295 -8.816 -10.027
0.055838 -7.353 -7.747 -8.424 -9.424 -9.867 -10.087 -9.091 -9.511 -9.869 -10.088 -10.123 -10.038 -9.493 -9.958 -10.131 -10.114 -10.022 -10.002 -10.139 -10.122 -10.059 -10.023 -10.083 -10.047 -10.124 -9.699 -9.342 -8.865 -10.056
0.057527 -7.333 -7.726 -8.416 -9.431 -9.885 -10.114 -9.102 -9.52 -9.888 -10.115 -10.156 -10.076 -9.502 -9.979 -10.161 -10.149 -10.062 -10.024 -10.17 -10.158 -10.098 -10.064 -10.113 -10.073 -10.157 -9.743 -9.388 -8.914 -10.085
0.059267 -7.311 -7.703 -8.406 -9.438 -9.903 -10.14 -9.112 -9.528 -9.906 -10.141 -10.189 -10.114 -9.51 -10.0 -10.192 -10.184 -10.1 -10.047 -10.2 -10.193 -10.136 -10.103 -10.142 -10.098 -10.189 -9.787 -9.435 -8.963 -10.114
0.061059 -7.289 -7.68 -8.396 -9.444 -9.92 -10.166 -9.122 -9.536 -9.923 -10.168 -10.221 -10.152 -9.517 -10.02 -10.222 -10.219 -10.139 -10.068 -10.23 -10.228 -10.174 -10.143 -10.172 -10.123 -10.222 -9.831 -9.481 -9.011 -10.143
0.062906 -7.266 -7.655 -8.386 -9.449 -9.937 -10.191 -9.132 -9.543 -9.94 -10.193 -10.254 -10.19 -9.523 -10.04 -10.251 -10.254 -10.177 -10.09 -10.26 -10.263 -10.212 -10.182 -10.201 -10.147 -10.253 -9.875 -9.528 -9.06 -10.171
0.064808 -7.243 -7.63 -8.374 -9.453 -9.953 -10.216 -9.141 -9.55 -9.956 -10.218 -10.286 -10.227 -9.529 -10.06 -10.28 -10.289 -10.216 -10.11 -10.289 -10.297 -10.249 -10.222 -10.229 -10.171 -10.285 -9.918 -9.574 -9.108 -10.199
0.066769 -7.219 -7.603 -8.362 -9.457 -9.968 -10.241 -9.15 -9.556 -9.972 -10.243 -10.317 -10.264 -9.534 -10.079 -10.309 -10.323 -10.253 -10.131 -10.318 -10.331 -10.287 -10.261 -10.257 -10.195 -10.316 -9.961 -9.62 -9.157 -10.226
0.068788 -7.194 -7.575 -8.348 -9.46 -9.983 -10.265 -9.158 -9.561 -9.987 -10.268 -10.348 -10.301 -9.539 -10.097 -10.337 -10.356 -10.291 -10.15 -10.346 -10.365 -10.324 -10.299 -10.285 -10.218 -10.347 -10.004 -9.666 -9.205 -10.254
0.070868 -7.169 -7.546 -8.334 -9.462 -9.998 -10.289 -9.166 -9.565 -10.001 -10.291 -10.379 -10.338 -9.542 -10.115 -10.365 -10.39 -10.328 -10.17 -10.374 -10.399 -10.36 -10.338 -10.313 -10.24 -10.377 -10.047 -9.712 -9.253 -10.28
0.073012 -7.143 -7.516 -8.319 -9.463 -10.011 -10.312 -9.174 -9.569 -10.015 -10.315 -10.41 -10.374 -9.545 -10.132 -10.393 -10.423 -10.365 -10.188 -10.402 -10.432 -10.397 -10.376 -10.34 -10.262 -10.407 -10.09 -9.757 -9.301 -10.307
0.07522 -7.117 -7.485 -8.304 -9.464 -10.024 -10.334 -9.181 -9.572 -10.029 -10.338 -10.44 -10.41 -9.548 -10.149 -10.42 -10.456 -10.402 -10.207 -10.429 -10.465 -10.433 -10.414 -10.367 -10.284 -10.437 -10.133 -9.803 -9.349 -10.333
0.077495 -7.089 -7.453 -8.287 -9.464 -10.037 -10.357 -9.188 -9.574 -10.041 -10.36 -10.47 -10.446 -9.549 -10.165 -10.447 -10.488 -10.439 -10.224 -10.456 -10.497 -10.469 -10.452 -10.393 -10.305 -10.466 -10.175 -9.848 -9.397 -10.359
0.079839 -7.062 -7.42 -8.269 -9.463 -10.049 -10.378 -9.194 -9.575 -10.054 -10.382 -10.499 -10.481 -9.55 -10.18 -10.473 -10.52 -10.475 -10.241 -10.483 -10.53 -10.504 -10.49 -10.419 -10.326 -10.495 -10.217 -9.894 -9.445 -10.384
0.082253 -7.033 -7.385 -8.251 -9.461 -10.06 -10.399 -9.199 -9.576 -10.065 -10.404 -10.528 -10.517 -9.549 -10.195 -10.499 -10.552 -10.511 -10.258 -10.509 -10.561 -10.54 -10.527 -10.444 -10.346 -10.524 -10.259 -9.939 -9.492 -10.409
0.084741 -7.004 -7.349 -8.231 -9.459 -10.071 -10.42 -9.204 -9.575 -10.076 -10.425 -10.557 -10.551 -9.548 -10.21 -10.524 -10.583 -10.547 -10.274 -10.534 -10.593 -10.575 -10.564 -10.469 -10.366 -10.552 -10.301 -9.984 -9.54 -10.433
0.087304 -6.975 -7.312 -8.211 -9.455 -10.08 -10.44 -9.209 -9.574 -10.086 -10.445 -10.585 -10.586 -9.547 -10.223 -10.549 -10.614 -10.582 -10.289 -10.559 -10.624 -10.609 -10.601 -10.494 -10.385 -10.58 -10.342 -10.028 -9.587 -10.457
0.089944 -6.945 -7.274 -8.19 -9.451 -10.09 -10.46 -9.213 -9.572 -10.095 -10.465 -10.613 -10.62 -9.544 -10.237 -10.574 -10.645 -10.617 -10.304 -10.584 -10.655 -10.644 -10.637 -10.518 -10.403 -10.607 -10.383 -10.073 -9.634 -10.481
0.092665 -6.915 -7.234 -8.167 -9.446 -10.098 -10.479 -9.217 -9.57 -10.104 -10.484 -10.64 -10.654 -9.54 -10.249 -10.598 -10.675 -10.652 -10.318 -10.608 -10.685 -10.678 -10.674 -10.542 -10.421 -10.634 -10.425 -10.118 -9.681 -10.504
0.095467 -6.884 -7.193 -8.144 -9.44 -10.106 -10.497 -9.22 -9.566 -10.112 -10.503 -10.667 -10.688 -9.536 -10.261 -10.621 -10.705 -10.686 -10.332 -10.632 -10.715 -10.711 -10.71 -10.565 -10.439 -10.66 -10.465 -10.162 -9.728 -10.527
0.098355 -6.853 -7.151 -8.12 -9.433 -10.113 -10.515 -9.223 -9.562 -10.12 -10.521 -10.693 -10.721 -9.531 -10.272 -10.644 -10.734 -10.72 -10.345 -10.655 -10.745 -10.745 -10.745 -10.588 -10.456 -10.686 -10.506 -10.206 -9.775 -10.55
0.101329 -6.821 -7.108 -8.095 -9.425 -10.119 -10.532 -9.225 -9.556 -10.126 -10.539 -10.72 -10.754 -9.524 -10.283 -10.667 -10.763 -10.754 -10.357 -10.677 -10.774 -10.778 -10.781 -10.611 -10.472 -10.712 -10.546 -10.25 -9.822 -10.571
0.104394 -6.789 -7.063 -8.069 -9.416 -10.125 -10.549 -9.226 -9.55 -10.132 -10.556 -10.745 -10.786 -9.517 -10.293 -10.689 -10.792 -10.787 -10.369 -10.7 -10.803 -10.81 -10.816 -10.633 -10.488 -10.737 -10.587 -10.294 -9.869 -10.593
0.107551 -6.757 -7.017 -8.042 -9.406 -10.13 -10.565 -9.227 -9.543 -10.137 -10.572 -10.77 -10.819 -9.509 -10.302 -10.71 -10.82 -10.821 -10.38 -10.721 -10.831 -10.843 -10.85 -10.654 -10.503 -10.762 -10.627 -10.337 -9.915 -10.614
0.110804 -6.725 -6.969 -8.013 -9.396 -10.134 -10.58 -9.227 -9.535 -10.142 -10.588 -10.795 -10.85 -9.5 -10.31 -10.731 -10.848 -10.853 -10.391 -10.742 -10.859 -10.875 -10.885 -10.675 -10.517 -10.786 -10.666 -10.381 -9.962 -10.635
0.114155 -6.692 -6.92 -7.984 -9.384 -10.137 -10.595 -9.227 -9.526 -10.145 -10.603 -10.819 -10.882 -9.49 -10.318 -10.752 -10.875 -10.886 -10.4 -10.763 -10.886 -10.906 -10.919 -10.696 -10.531 -10.809 -10.706 -10.424 -10.008 -10.655
0.117608 -6.659 -6.869 -7.954 -9.371 -10.139 -10.609 -9.226 -9.515 -10.148 -10.618 -10.843 -10.913 -9.479 -10.325 -10.771 -10.902 -10.918 -10.409 -10.783 -10.914 -10.937 -10.953 -10.716 -10.545 -10.833 -10.745 -10.467 -10.054 -10.674
0.121165 -6.626 -6.817 -7.922 -9.357 -10.141 -10.623 -9.225 -9.504 -10.15 -10.632 -10.866 -10.944 -9.467 -10.331 -10.791 -10.928 -10.949 -10.417 -10.802 -10.94 -10.968 -10.986 -10.735 -10.557 -10.855 -10.784 -10.51 -10.1 -10.694
0.124829 -6.593 -6.764 -7.89 -9.342 -10.142 -10.635 -9.223 -9.492 -10.151 -10.645 -10.889 -10.974 -9.454 -10.336 -10.809 -10.954 -10.98 -10.425 -10.821 -10.966 -10.999 -11.019 -10.754 -10.569 -10.877 -10.823 -10.552 -10.146 -10.712
0.128605 -6.56 -6.708 -7.856 -9.326 -10.142 -10.647 -9.22 -9.479 -10.152 -10.658 -10.911 -11.004 -9.44 -10.341 -10.827 -10.979 -11.011 -10.432 -10.84 -10.992 -11.029 -11.052 -10.772 -10.581 -10.899 -10.861 -10.595 -10.191 -10.73
0.132494 -6.527 -6.652 -7.821 -9.309 -10.141 -10.659 -9.217 -9.465 -10.151 -10.67 -10.932 -11.033 -9.424 -10.345 -10.845 -11.004 -11.041 -10.438 -10.857 -11.017 -11.058 -11.084 -10.79 -10.591 -10.92 -10.899 -10.637 -10.237 -10.748
0.136502 -6.494 -6.593 -7.785 -9.291 -10.139 -10.67 -9.213 -9.45 -10.15 -10.681 -10.954 -11.062 -9.408 -10.348 -10.862 -11.029 -11.071 -10.443 -10.874 -11.042 -11.087 -11.116 -10.807 -10.601 -10.94 -10.937 -10.679 -10.282 -10.765
0.14063 -6.461 -6.533 -7.748 -9.272 -10.136 -10.679 -9.209 -9.433 -10.147 -10.691 -10.974 -11.091 -9.39 -10.35 -10.878 -11.053 -11.101 -10.448 -10.891 -11.066 -11.116 -11.148 -10.824 -10.61 -10.96 -10.974 -10.721 -10.327 -10.782
0.144883 -6.429 -6.472 -7.71 -9.251 -10.132 -10.689 -9.204 -9.416 -10.144 -10.701 -10.994 -11.119 -9.372 -10.352 -10.893 -11.076 -11.13 -10.451 -10.907 -11.089 -11.144 -11.179 -10.84 -10.619 -10.98 -11.012 -10.762 -10.372 -10.798
0.149265 -6.397 -6.409 -7.67 -9.23 -10.128 -10.697 -9.198 -9.397 -10.14 -10.71 -11.013 -11.147 -9.352 -10.352 -10.908 -11.099 -11.159 -10.454 -10.922 -11.112 -11.172 -11.21 -10.855 -10.626 -10.998 -11.049 -10.804 -10.417 -10.813
0.15378 -6.365 -6.344 -7.63 -9.207 -10.122 -10.705 -9.191 -9.377 -10.135 -10.718 -11.032 -11.174 -9.331 -10.352 -10.922 -11.121 -11.187 -10.456 -10.936 -11.135 -11.199 -11.24 -10.87 -10.633 -11.016 -11.085 -10.845 -10.462 -10.828
0.15843 -6.334 -6.277 -7.588 -9.183 -10.115 -10.711 -9.184 -9.356 -10.129 -10.725 -11.05 -11.201 -9.309 -10.35 -10.936 -11.143 -11.215 -10.457 -10.95 -11.157 -11.226 -11.27 -10.884 -10.64 -11.034 -11.121 -10.886 -10.506 -10.843
0.163222 -6.304 -6.208 -7.545 -9.157 -10.107 -10.717 -9.176 -9.334 -10.121 -10.732 -11.068 -11.227 -9.285 -10.348 -10.948 -11.164 -11.242 -10.457 -10.963 -11.178 -11.253 -11.3 -10.898 -10.645 -11.051 -11.157 -10.926 -10.55 -10.857
0.168159 -6.274 -6.138 -7.5 -9.13 -10.099 -10.723 -9.167 -9.31 -10.113 -10.738 -11.085 -11.253 -9.26 -10.345 -10.96 -11.184 -11.269 -10.457 -10.975 -11.199 -11.279 -11.329 -10.911 -10.649 -11.067 -11.193 -10.967 -10.595 -10.87
0.173245 -6.244 -6.065 -7.454 -9.102 -10.089 -10.727 -9.157 -9.285 -10.104 -10.743 -11.101 -11.278 -9.234 -10.34 -10.972 -11.204 -11.295 -10.455 -10.987 -11.219 -11.304 -11.358 -10.923 -10.653 -11.082 -11.228 -11.007 -10.638 -10.882
0.178484 -6.216 -5.991 -7.407 -9.073 -10.078 -10.73 -9.147 -9.259 -10.094 -10.747 -11.116 -11.302 -9.206 -10.335 -10.982 -11.224 -11.321 -10.453 -10.998 -11.239 -11.329 -11.386 -10.935 -10.656 -11.097 -11.263 -11.047 -10.682 -10.894
0.183882 -6.188 -5.915 -7.359 -9.042 -10.066 -10.733 -9.136 -9.232 -10.082 -10.75 -11.131 -11.327 -9.178 -10.329 -10.992 -11.242 -11.346 -10.449 -11.008 -11.258 -11.353 -11.414 -10.946 -10.658 -11.111 -11.298 -11.086 -10.726 -10.906
0.189444 -6.162 -5.837 -7.309 -9.01 -10.053 -10.734 -9.124 -9.203 -10.069 -10.752 -11.145 -11.35 -9.147 -10.322 -11.001 -11.26 -11.371 -10.445 -11.017 -11.276 -11.377 -11.441 -10.956 -10.659 -11.125 -11.332 -11.125 -10.769 -10.916
0.195173 -6.136 -5.757 -7.258 -8.976 -10.038 -10.735 -9.111 -9.172 -10.056 -10.753 -11.159 -11.373 -9.115 -10.313 -11.009 -11.277 -11.395 -10.44 -11.026 -11.294 -11.4 -11.468 -10.965 -10.659 -11.138 -11.366 -11.164 -10.812 -10.926
0.201076 -6.112 -5.674 -7.205 -8.94 -10.023 -10.734 -9.097 -9.14 -10.041 -10.753 -11.172 -11.396 -9.082 -10.304 -11.016 -11.294 -11.418 -10.433 -11.033 -11.311 -11.422 -11.494 -10.974 -10.658 -11.15 -11.399 -11.203 -10.855 -10.936
0.207158 -6.089 -5.59 -7.151 -8.904 -10.006 -10.733 -9.083 -9.107 -10.025 -10.753 -11.183 -11.417 -9.047 -10.293 -11.022 -11.31 -11.441 -10.426 -11.04 -11.327 -11.444 -11.519 -10.982 -10.657 -11.161 -11.432 -11.242 -10.898 -10.944
0.213423 -6.067 -5.503 -7.096 -8.865 -9.988 -10.73 -9.067 -9.072 -10.007 -10.751 -11.195 -11.439 -9.011 -10.281 -11.027 -11.325 -11.464 -10.417 -11.046 -11.342 -11.466 -11.545 -10.989 -10.654 -11.171 -11.465 -11.28 -10.94 -10.952
0.219878 -6.046 -5.415 -7.039 -8.825 -9.968 -10.727 -9.051 -9.036 -9.989 -10.748 -11.205 -11.459 -8.973 -10.268 -11.032 -11.339 -11.486 -10.407 -11.051 -11.357 -11.486 -11.569 -10.995 -10.65 -11.181 -11.497 -11.317 -10.982 -10.96
0.226528 -6.027 -5.324 -6.981 -8.783 -9.947 -10.722 -9.033 -8.998 -9.969 -10.744 -11.214 -11.479 -8.933 -10.254 -11.035 -11.353 -11.507 -10.397 -11.055 -11.371 -11.506 -11.593 -11.0 -10.646 -11.189 -11.529 -11.355 -11.024 -10.966
0.233379 -6.009 -5.23 -6.921 -8.74 -9.925 -10.717 -9.015 -8.958 -9.947 -10.739 -11.223 -11.499 -8.892 -10.239 -11.038 -11.366 -11.527 -10.385 -11.058 -11.384 -11.526 -11.617 -11.005 -10.64 -11.197 -11.56 -11.392 -11.066 -10.972
0.240437 -5.992 -5.135 -6.859 -8.695 -9.902 -10.71 -8.996 -8.917 -9.924 -10.733 -11.231 -11.517 -8.849 -10.222 -11.04 -11.378 -11.547 -10.372 -11.06 -11.397 -11.544 -11.64 -11.009 -10.633 -11.204 -11.591 -11.429 -11.107 -10.977
0.247709 -5.977 -5.037 -6.796 -8.648 -9.877 -10.701 -8.975 -8.873 -9.9 -10.726 -11.238 -11.535 -8.804 -10.204 -11.04 -11.389 -11.566 -10.357 -11.062 -11.408 -11.562 -11.662 -11.011 -10.625 -11.21 -11.621 -11.465 -11.148 -10.981
0.255201 -5.963 -4.936 -6.731 -8.599 -9.85 -10.692 -8.954 -8.829 -9.875 -10.718 -11.244 -11.552 -8.757 -10.184 -11.04 -11.399 -11.584 -10.342 -11.062 -11.419 -11.579 -11.683 -11.013 -10.615 -11.215 -11.651 -11.501 -11.189 -10.985
0.262919 -5.951 -4.833 -6.665 -8.548 -9.822 -10.682 -8.931 -8.782 -9.847 -10.708 -11.249 -11.568 -8.708 -10.163 -11.038 -11.409 -11.602 -10.325 -11.061 -11.429 -11.596 -11.704 -11.014 -10.605 -11.219 -11.68 -11.537 -11.23 -10.987
0.270871 -5.94 -4.728 -6.597 -8.495 -9.792 -10.67 -8.908 -8.733 -9.819 -10.697 -11.253 -11.584 -8.658 -10.141 -11.035 -11.417 -11.619 -10.307 -11.059 -11.438 -11.612 -11.724 -11.014 -10.593 -11.223 -11.709 -11.572 -11.27 -10.989
0.279064 -5.93 -4.62 -6.527 -8.44 -9.761 -10.656 -8.883 -8.682 -9.788 -10.685 -11.256 -11.599 -8.605 -10.117 -11.031 -11.425 -11.635 -10.287 -11.055 -11.446 -11.626 -11.744 -11.013 -10.58 -11.225 -11.737 -11.607 -11.31 -10.99
0.287504 -5.922 -4.509 -6.456 -8.383 -9.728 -10.642 -8.857 -8.629 -9.756 -10.671 -11.258 -11.613 -8.55 -10.092 -11.026 -11.431 -11.65 -10.266 -11.051 -11.453 -11.64 -11.763 -11.011 -10.566 -11.226 -11.765 -11.641 -11.35 -10.99
0.296199 -5.915 -4.396 -6.383 -8.324 -9.693 -10.626 -8.83 -8.575 -9.723 -10.656 -11.259 -11.626 -8.494 -10.065 -11.02 -11.437 -11.664 -10.244 -11.045 -11.459 -11.654 -11.781 -11.007 -10.55 -11.226 -11.792 -11.675 -11.389 -10.989
0.305157 -5.909 -4.28 -6.308 -8.263 -9.656 -10.608 -8.801 -8.518 -9.687 -10.64 -11.258 -11.638 -8.435 -10.036 -11.012 -11.441 -11.678 -10.22 -11.039 -11.464 -11.666 -11.798 -11.003 -10.533 -11.224 -11.819 -11.708 -11.428 -10.987
0.314387 -5.905 -4.162 -6.231 -8.199 -9.618 -10.589 -8.771 -8.458 -9.65 -10.622 -11.257 -11.649 -8.373 -10.006 -11.003 -11.444 -11.69 -10.195 -11.03 -11.467 -11.677 -11.814 -10.997 -10.515 -11.222 -11.844 -11.741 -11.467 -10.984
0.323895 -5.901 -4.04 -6.152 -8.133 -9.578 -10.569 -8.74 -8.397 -9.611 -10.602 -11.255 -11.66 -8.309 -9.974 -10.992 -11.447 -11.702 -10.168 -11.021 -11.47 -11.687 -11.83 -10.991 -10.495 -11.219 -11.87 -11.774 -11.505 -10.98
0.333691 -5.899 -3.917 -6.071 -8.064 -9.535 -10.546 -8.708 -8.333 -9.57 -10.581 -11.251 -11.669 -8.243 -9.94 -10.981 -11.448 -11.713 -10.139 -11.01 -11.472 -11.697 -11.845 -10.983 -10.474 -11.214 -11.894 -11.806 -11.543 -10.976
0.343783 -5.898 -3.79 -5.988 -7.993 -9.491 -10.522 -8.674 -8.266 -9.526 -10.559 -11.246 -11.678 -8.174 -9.904 -10.967 -11.447 -11.723 -10.109 -10.998 -11.472 -11.705 -11.858 -10.974 -10.45 -11.208 -11.918 -11.837 -11.58 -10.97
0.354181 -5.897 -3.661 -5.903 -7.919 -9.444 -10.497 -8.638 -8.197 -9.481 -10.534 -11.239 -11.685 -8.103 -9.866 -10.953 -11.446 -11.731 -10.077 -10.984 -11.471 -11.712 -11.871 -10.963 -10.426 -11.2 -11.941 -11.868 -11.617 -10.963
0.364893 -5.898 -3.53 -5.816 -7.843 -9.395 -10.469 -8.601 -8.126 -9.434 -10.508 -11.231 -11.691 -8.029 -9.827 -10.936 -11.443 -11.739 -10.044 -10.969 -11.469 -11.718 -11.883 -10.951 -10.399 -11.191 -11.963 -11.899 -11.654 -10.954
0.375929 -5.899 -3.396 -5.727 -7.763 -9.344 -10.44 -8.562 -8.051 -9.384 -10.48 -11.222 -11.696 -7.952 -9.785 -10.918 -11.439 -11.745 -10.009 -10.952 -11.466 -11.723 -11.894 -10.938 -10.371 -11.181 -11.985 -11.928 -11.69 -10.945
0.387298 -5.901 -3.26 -5.636 -7.681 -9.291 -10.408 -8.522 -7.974 -9.332 -10.45 -11.212 -11.7 -7.872 -9.741 -10.898 -11.434 -11.75 -9.971 -10.933 -11.461 -11.727 -11.904 -10.923 -10.341 -11.169 -12.005 -11.957 -11.726 -10.935
0.399012 -5.903 -3.122 -5.542 -7.595 -9.235 -10.375 -8.48 -7.894 -9.278 -10.418 -11.199 -11.703 -7.789 -9.694 -10.877 -11.426 -11.754 -9.932 -10.913 -11.455 -11.73 -11.913 -10.906 -10.309 -11.156 -12.025 -11.986 -11.761 -10.923
0.41108 -5.908 -3.048 -5.493 -7.55 -9.206 -10.359 -8.459 -7.851 -9.25 -10.403 -11.195 -11.707 -7.745 -9.671 -10.867 -11.425 -11.76 -9.913 -10.905 -11.454 -11.734 -11.92 -10.9 -10.294 -11.151 -12.039 -12.005 -11.784 -10.919
0.423513 -5.915 -3.055 -5.5 -7.557 -9.213 -10.366 -8.466 -7.859 -9.257 -10.41 -11.203 -11.714 -7.752 -9.678 -10.875 -11.433 -11.767 -9.921 -10.912 -11.461 -11.741 -11.928 -10.907 -10.301 -11.158 -12.047 -12.012 -11.791 -10.926
0.436321 -5.922 -3.062 -5.507 -7.564 -9.22 -10.373 -8.473 -7.865 -9.264 -10.417 -11.209 -11.721 -7.759 -9.685 -10.881 -11.439 -11.774 -9.927 -10.919 -11.468 -11.748 -11.934 -10.914 -10.308 -11.165 -12.053 -12.019 -11.798 -10.933
0.449518 -5.928 -3.068 -5.513 -7.57 -9.226 -10.379 -8.479 -7.871 -9.27 -10.423 -11.215 -11.727 -7.765 -9.691 -10.887 -11.446 -11.78 -9.933 -10.925 -11.474 -11.754 -11.941 -10.92 -10.314 -11.171 -12.06 -12.025 -11.804 -10.939
0.463113 -5.934 -3.074 -5.518 -7.576 -9.232 -10.384 -8.485 -7.877 -9.276 -10.428 -11.221 -11.733 -7.771 -9.697 -10.893 -11.451 -11.785 -9.939 -10.93 -11.48 -11.76 -11.946 -10.926 -10.32 -11.177 -12.065 -12.031 -11.81 -10.945
0.47712 -5.939 -3.079 -5.523 -7.581 -9.237 -10.389 -8.49 -7.882 -9.28 -10.433 -11.226 -11.738 -7.776 -9.702 -10.898 -11.456 -11.79 -9.944 -10.935 -11.485 -11.765 -11.951 -10.931 -10.324 -11.182 -12.07 -12.035 -11.815 -10.95
0.49155 -5.943 -3.083 -5.528 -7.585 -9.241 -10.394 -8.494 -7.886 -9.285 -10.438 -11.23 -11.742 -7.78 -9.706 -10.902 -11.46 -11.794 -9.948 -10.94 -11.489 -11.769 -11.955 -10.935 -10.329 -11.186 -12.074 -12.04 -11.819 -10.954
0.506416 -5.947 -3.087 -5.531 -7.589 -9.245 -10.397 -8.497 -7.89 -9.288 -10.441 -11.234 -11.745 -7.784 -9.71 -10.906 -11.464 -11.798 -9.952 -10.943 -11.493 -11.772 -11.959 -10.938 -10.332 -11.19 -12.078 -12.043 -11.823 -10.958
0.521733 -5.95 -3.09 -5.534 -7.591 -9.247 -10.4 -8.5 -7.893 -9.291 -10.444 -11.237 -11.748 -7.786 -9.713 -10.909 -11.467 -11.801 -9.955 -10.946 -11.495 -11.775 -11.962 -10.941 -10.335 -11.193 -12.081 -12.046 -11.826 -10.961
0.537512 -5.952 -3.092 -5.536 -7.593 -9.25 -10.402 -8.502 -7.895 -9.293 -10.446 -11.239 -11.75 -7.789 -9.715 -10.911 -11.469 -11.803 -9.957 -10.948 -11.498 -11.777 -11.964 -10.943 -10.337 -11.195 -12.083 -12.048 -11.828 -10.963
0.553769 -5.953 -3.093 -5.537 -7.595 -9.251 -10.404 -8.504 -7.896 -9.295 -10.447 -11.24 -11.752 -7.79 -9.716 -10.912 -11.47 -11.804 -9.958 -10.949 -11.499 -11.779 -11.965 -10.945 -10.339 -11.196 -12.084 -12.05 -11.829 -10.964
0.570517 -5.953 -3.093 -5.538 -7.595 -9.251 -10.404 -8.504 -7.896 -9.295 -10.448 -11.241 -11.752 -7.79 -9.716 -10.913 -11.471 -11.805 -9.958 -10.95 -11.499 -11.779 -11.966 -10.945 -10.339 -11.196 -12.085 -12.05 -11.829 -10.964
0.587772 -5.953 -3.093 -5.537 -7.595 -9.251 -10.404 -8.504 -7.896 -9.295 -10.447 -11.24 -11.752 -7.79 -9.716 -10.912 -11.47 -11.804 -9.958 -10.949 -11.499 -11.779 -11.965 -10.945 -10.339 -11.196 -12.084 -12.05 -11.829 -10.964
0.605549 -5.952 -3.092 -5.536 -7.593 -9.249 -10.402 -8.502 -7.895 -9.293 -10.446 -11.239 -11.75 -7.788 -9.715 -10.911 -11.469 -11.803 -9.957 -10.948 -11.497 -11.777 -11.964 -10.943 -10.337 -11.195 -12.083 -12.048 -11.828 -10.963
0.623863 -5.949 -3.089 -5.534 -7.591 -9.247 -10.4 -8.5 -7.892 -9.291 -10.444 -11.236 -11.748 -7.786 -9.712 -10.908 -11.466 -11.801 -9.954 -10.946 -11.495 -11.775 -11.961 -10.941 -10.335 -11.192 -12.08 -12.046 -11.825 -10.96
0.642731 -5.946 -3.086 -5.53 -7.588 -9.244 -10.396 -8.497 -7.889 -9.287 -10.44 -11.233 -11.744 -7.783 -9.709 -10.905 -11.463 -11.797 -9.951 -10.942 -11.492 -11.772 -11.958 -10.938 -10.331 -11.189 -12.077 -12.042 -11.822 -10.957
0.66217 -5.941 -3.081 -5.526 -7.583 -9.239 -10.392 -8.492 -7.884 -9.283 -10.436 -11.228 -11.74 -7.778 -9.704 -10.9 -11.459 -11.793 -9.946 -10.938 -11.487 -11.767 -11.953 -10.933 -10.327 -11.184 -12.072 -12.038 -11.817 -10.952
0.682197 -5.936 -3.076 -5.52 -7.577 -9.233 -10.386 -8.486 -7.879 -9.277 -10.43 -11.223 -11.734 -7.773 -9.699 -10.895 -11.453 -11.787 -9.941 -10.932 -11.482 -11.761 -11.948 -10.927 -10.321 -11.179 -12.067 -12.032 -11.812 -10.947
0.70283 -5.929 -3.069 -5.513 -7.571 -9.227 -10.379 -8.48 -7.872 -9.27 -10.423 -11.216 -11.727 -7.766 -9.692 -10.888 -11.446 -11.78 -9.934 -10.925 -11.475 -11.755 -11.941 -10.921 -10.314 -11.172 -12.06 -12.025 -11.805 -10.94
0.724086 -5.921 -3.061 -5.505 -7.562 -9.218 -10.371 -8.471 -7.864 -9.262 -10.415 -11.208 -11.719 -7.757 -9.684 -10.88 -11.438 -11.772 -9.926 -10.917 -11.466 -11.746 -11.933 -10.912 -10.306 -11.164 -12.052 -12.017 -11.797 -10.932
0.745986 -5.911 -3.051 -5.496 -7.553 -9.209 -10.362 -8.462 -7.854 -9.253 -10.405 -11.198 -11.71 -7.748 -9.674 -10.87 -11.428 -11.762 -9.916 -10.908 -11.457 -11.737 -11.923 -10.903 -10.297 -11.154 -12.042 -12.008 -11.787 -10.922
0.768548 -5.9 -3.04 -5.485 -7.542 -9.198 -10.351 -8.451 -7.843 -9.242 -10.394 -11.187 -11.699 -7.737 -9.663 -10.859 -11.417 -11.751 -9.905 -10.897 -11.446 -11.726 -11.912 -10.892 -10.286 -11.143 -12.031 -11.997 -11.776 -10.911
0.791792 -5.888 -3.028 -5.472 -7.529 -9.185 -10.338 -8.438 -7.831 -9.229 -10.382 -11.175 -11.686 -7.724 -9.651 -10.847 -11.405 -11.739 -9.893 -10.884 -11.433 -11.713 -11.9 -10.879 -10.273 -11.131 -12.019 -11.984 -11.764 -10.899
0.815739 -5.873 -3.013 -5.458 -7.515 -9.171 -10.324 -8.424 -7.817 -9.215 -10.368 -11.161 -11.672 -7.71 -9.636 -10.833 -11.391 -11.725 -9.879 -10.87 -11.419 -11.699 -11.886 -10.865 -10.259 -11.116 -12.005 -11.97 -11.749 -10.884
0.840411 -5.858 -2.998 -5.442 -7.5 -9.156 -10.308 -8.408 -7.801 -9.199 -10.352 -11.145 -11.656 -7.695 -9.621 -10.817 -11.375 -11.709 -9.863 -10.854 -11.404 -11.683 -11.87 -10.849 -10.243 -11.101 -11.989 -11.954 -11.734 -10.869
0.865828 -5.84 -2.98 -5.425 -7.482 -9.138 -10.291 -8.391 -7.783 -9.182 -10.335 -11.127 -11.639 -7.677 -9.603 -10.799 -11.357 -11.691 -9.845 -10.837 -11.386 -11.666 -11.852 -10.832 -10.226 -11.083 -11.971 -11.937 -11.716 -10.851
0.892015 -5.821 -2.961 -5.405 -7.462 -9.119 -10.271 -8.371 -7.764 -9.162 -10.315 -11.108 -11.619 -7.658 -9.584 -10.78 -11.338 -11.672 -9.826 -10.817 -11.367 -11.646 -11.833 -10.812 -10.206 -11.064 -11.952 -11.917 -11.697 -10.832
0.918993 -5.799 -2.939 -5.384 -7.441 -9.097 -10.25 -8.35 -7.742 -9.141 -10.294 -11.086 -11.598 -7.636 -9.562 -10.758 -11.316 -11.651 -9.804 -10.796 -11.345 -11.625 -11.811 -10.791 -10.185 -11.042 -11.93 -11.896 -11.675 -10.81
0.946787 -5.776 -2.916 -5.36 -7.417 -9.073 -10.226 -8.326 -7.719 -9.117 -10.27 -11.063 -11.574 -7.613 -9.539 -10.735 -11.293 -11.627 -9.781 -10.772 -11.322 -11.601 -11.788 -10.767 -10.161 -11.019 -11.907 -11.872 -11.652 -10.787
0.975422 -5.75 -2.89 -5.334 -7.392 -9.048 -10.2 -8.301 -7.693 -9.091 -10.244 -11.037 -11.549 -7.587 -9.513 -10.709 -11.267 -11.601 -9.755 -10.746 -11.296 -11.576 -11.762 -10.742 -10.136 -10.993 -11.881 -11.847 -11.626 -10.761
1.004923 -5.722 -2.862 -5.306 -7.364 -9.02 -10.172 -8.273 -7.665 -9.063 -10.216 -11.009 -11.52 -7.559 -9.485 -10.681 -11.239 -11.573 -9.727 -10.718 -11.268 -11.548 -11.734 -10.714 -10.107 -10.965 -11.853 -11.818 -11.598 -10.733
1.035317 -5.691 -2.831 -5.276 -7.333 -8.989 -10.142 -8.242 -7.634 -9.033 -10.186 -10.978 -11.49 -7.528 -9.454 -10.65 -11.208 -11.542 -9.696 -10.688 -11.237 -11.517 -11.703 -10.683 -10.077 -10.934 -11.822 -11.788 -11.567 -10.702
1.066629 -5.658 -2.798 -5.242 -7.3 -8.956 -10.109 -8.209 -7.601 -9.0 -10.152 -10.945 -11.457 -7.495 -9.421 -10.617 -11.175 -11.509 -9.663 -10.654 -11.204 -11.484 -11.67 -10.65 -10.044 -10.901 -11.789 -11.755 -11.534 -10.669
1.098888 -5.622 -2.762 -5.206 -7.264 -8.92 -10.073 -8.173 -7.565 -8.964 -10.116 -10.909 -11.421 -7.459 -9.385 -10.581 -11.139 -11.473 -9.627 -10.618 -11.168 -11.448 -11.634 -10.614 -10.008 -10.865 -11.753 -11.719 -11.498 -10.633
1.132124 -5.583 -2.723 -5.168 -7.225 -8.881 -10.034 -8.134 -7.526 -8.925 -10.077 -10.87 -11.382 -7.42 -9.346 -10.542 -11.1 -11.434 -9.588 -10.58 -11.129 -11.409 -11.595 -10.575 -9.969 -10.826 -11.714 -11.68 -11.459 -10.594
1.166364 -5.541 -2.681 -5.126 -7.183 -8.839 -9.992 -8.092 -7.484 -8.883 -10.035 -10.828 -11.34 -7.378 -9.304 -10.5 -11.058 -11.392 -9.546 -10.538 -11.087 -11.367 -11.553 -10.533 -9.927 -10.784 -11.672 -11.638 -11.417 -10.552
1.20164 -5.496 -2.636 -5.08 -7.138 -8.794 -9.946 -8.047 -7.439 -8.837 -9.99 -10.783 -11.294 -7.333 -9.259 -10.455 -11.013 -11.347 -9.501 -10.492 -11.042 -11.322 -11.508 -10.488 -9.881 -10.739 -11.627 -11.592 -11.372 -10.507
1.237983 -5.447 -2.587 -5.032 -7.089 -8.745 -9.898 -7.998 -7.39 -8.789 -9.942 -10.734 -11.246 -7.284 -9.21 -10.406 -10.964 -11.298 -9.452 -10.444 -10.993 -11.273 -11.459 -10.439 -9.833 -10.69 -11.578 -11.544 -11.323 -10.458
1.275425 -5.395 -2.535 -4.979 -7.037 -8.693 -9.845 -7.946 -7.338 -8.736 -9.889 -10.682 -11.193 -7.232 -9.158 -10.354 -10.912 -11.246 -9.4 -10.391 -10.941 -11.221 -11.407 -10.387 -9.78 -10.638 -11.526 -11.491 -11.271 -10.406
1.313999 -5.339 -2.479 -4.923 -6.98 -8.636 -9.789 -7.889 -7.282 -8.68 -9.833 -10.626 -11.137 -7.176 -9.102 -10.298 -10.856 -11.19 -9.344 -10.335 -10.885 -11.164 -11.351 -10.33 -9.724 -10.582 -11.47 -11.435 -11.215 -10.35
1.35374 -5.278 -2.418 -4.863 -6.92 -8.576 -9.729 -7.829 -7.221 -8.62 -9.773 -10.566 -11.077 -7.115 -9.041 -10.238 -10.796 -11.13 -9.283 -10.275 -10.824 -11.104 -11.291 -10.27 -9.664 -10.521 -11.41 -11.375 -11.154 -10.289
1.394683 -5.214 -2.354 -4.798 -6.856 -8.512 -9.665 -7.765 -7.157 -8.556 -9.708 -10.501 -11.013 -7.051 -8.977 -10.173 -10.731 -11.065 -9.219 -10.21 -10.76 -11.04 -11.226 -10.206 -9.6 -10.457 -11.345 -11.311 -11.09 -10.225
1.436864 -5.145 -2.285 -4.729 -6.787 -8.443 -9.596 -7.696 -7.088 -8.487 -9.639 -10.432 -10.944 -6.982 -8.908 -10.104 -10.662 -10.996 -9.15 -10.141 -10.691 -10.971 -11.157 -10.137 -9.531 -10.388 -11.276 -11.242 -11.021 -10.156
1.480321 -5.071 -2.211 -4.656 -6.713 -8.369 -9.522 -7.622 -7.014 -8.413 -9.566 -10.358 -10.87 -6.908 -8.834 -10.03 -10.588 -10.922 -9.076 -10.068 -10.617 -10.897 -11.083 -10.063 -9.457 -10.314 -11.202 -11.168 -10.947 -10.082
1.525092 -4.992 -2.132 -4.577 -6.634 -8.29 -9.443 -7.543 -6.935 -8.334 -9.487 -10.279 -10.791 -6.829 -8.755 -9.951 -10.509 -10.844 -8.997 -9.989 -10.538 -10.818 -11.004 -9.984 -9.378 -10.235 -11.123 -11.089 -10.868 -10.003
1.571218 -4.908 -2.048 -4.493 -6.55 -8.206 -9.359 -7.459 -6.851 -8.25 -9.402 -10.195 -10.707 -6.745 -8.671 -9.867 -10.425 -10.759 -8.913 -9.905 -10.454 -10.734 -10.92 -9.9 -9.294 -10.151 -11.039 -11.005 -10.784 -9.919
1.618738 -4.818 -1.958 -4.403 -6.46 -8.116 -9.269 -7.369 -6.761 -8.16 -9.313 -10.105 -10.617 -6.655 -8.581 -9.777 -10.335 -10.67 -8.823 -9.815 -10.364 -10.644 -10.83 -9.81 -9.204 -10.061 -10.949 -10.915 -10.694 -9.829
1.667696 -4.722 -1.863 -4.307 -6.364 -8.02 -9.173 -7.273 -6.666 -8.064 -9.217 -10.01 -10.521 -6.559 -8.485 -9.682 -10.24 -10.574 -8.728 -9.719 -10.268 -10.548 -10.735 -9.714 -9.108 -9.965 -10.854 -10.819 -10.598 -9.734
1.718134 -4.62 -1.76 -4.205 -6.262 -7.918 -9.071 -7.171 -6.564 -7.962 -9.115 -9.908 -10.419 -6.457 -8.383 -9.58 -10.138 -10.472 -8.625 -9.617 -10.166 -10.446 -10.633 -9.612 -9.006 -9.863 -10.752 -10.717 -10.496 -9.631
1.770098 -4.512 -1.652 -4.096 -6.154 -7.81 -8.962 -7.062 -6.455 -7.853 -9.006 -9.799 -10.31 -6.349 -8.275 -9.471 -10.029 -10.363 -8.517 -9.508 -10.058 -10.337 -10.524 -9.503 -8.897 -9.755 -10.643 -10.608 -10.388 -9.523
1.823633 -4.396 -1.536 -3.98 -6.038 -7.694 -8.847 -6.947 -6.339 -7.738 -8.89 -9.683 -10.195 -6.233 -8.159 -9.355 -9.913 -10.247 -8.401 -9.392 -9.942 -10.222 -10.408 -9.388 -8.782 -9.639 -10.527 -10.493 -10.272 -9.407
1.878788 -4.273 -1.413 -3.857 -5.915 -7.571 -8.723 -6.823 -6.216 -7.614 -8.767 -9.56 -10.071 -6.11 -8.036 -9.232 -9.79 -10.124 -8.278 -9.269 -9.819 -10.098 -10.285 -9.265 -8.658 -9.516 -10.404 -10.369 -10.149 -9.284
1.93561 -4.142 -1.282 -3.726 -5.783 -7.439 -8.592 -6.692 -6.085 -7.483 -8.636 -9.429 -9.94 -5.979 -7.905 -9.101 -9.659 -9.993 -8.147 -9.138 -9.688 -9.967 -10.154 -9.133 -8.527 -9.385 -10.273 -10.238 -10.018 -9.153
1.994152 -4.002 -1.142 -3.587 -5.644 -7.3 -8.453 -6.553 -5.945 -7.344 -8.497 -9.289 -9.801 -5.839 -7.765 -8.961 -9.519 -9.854 -8.007 -8.999 -9.548 -9.828 -10.014 -8.994 -8.388 -9.245 -10.133 -10.099 -9.878 -9.013
2.054463 -3.854 -0.994 -3.439 -5.496 -7.152 -8.305 -6.405 -5.797 -7.196 -8.348 -9.141 -9.653 -5.691 -7.617 -8.813 -9.371 -9.705 -7.859 -8.851 -9.4 -9.68 -9.866 -8.846 -8.24 -9.097 -9.985 -9.951 -9.73 -8.865
2.116599 -3.696 -0.836 -3.281 -5.338 -6.994 -8.147 -6.247 -5.639 -7.038 -8.191 -8.983 -9.495 -5.533 -7.459 -8.656 -9.214 -9.548 -7.701 -8.693 -9.242 -9.522 -9.709 -8.688 -8.082 -8.939 -9.828 -9.793 -9.572 -8.707
2.180614 -3.529 -0.669 -3.113 -5.171 -6.827 -7.98 -6.08 -5.472 -6.871 -8.023 -8.816 -9.328 -5.366 -7.292 -8.488 -9.046 -9.38 -7.534 -8.525 -9.075 -9.355 -9.541 -8.521 -7.915 -8.772 -9.66 -9.626 -9.405 -8.54
2.246566 -3.351 -0.491 -2.936 -4.993 -6.649 -7.802 -5.902 -5.294 -6.693 -7.845 -8.638 -9.15 -5.188 -7.114 -8.31 -8.868 -9.202 -7.356 -8.348 -8.897 -9.177 -9.363 -8.343 -7.737 -8.594 -9.482 -9.448 -9.227 -8.362
2.314511 -3.162 -0.302 -2.747 -4.804 -6.46 -7.613 -5.713 -5.105 -6.504 -7.656 -8.449 -8.961 -4.999 -6.925 -8.121 -8.679 -9.013 -7.167 -8.159 -8.708 -8.988 -9.174 -8.154 -7.548 -8.405 -9.293 -9.259 -9.038 -8.173
2.384512 -2.961 -0.101 -2.546 -4.603 -6.259 -7.412 -5.512 -4.904 -6.303 -7.456 -8.248 -8.76 -4.798 -6.724 -7.92 -8.478 -8.813 -6.966 -7.958 -8.507 -8.787 -8.973 -7.953 -7.347 -8.204 -9.092 -9.058 -8.837 -7.972
2.45663 -2.748 0.112 -2.333 -4.39 -6.046 -7.199 -5.299 -4.691 -6.09 -7.242 -8.035 -8.547 -4.585 -6.511 -7.707 -8.265 -8.599 -6.753 -7.745 -8.294 -8.574 -8.76 -7.74 -7.134 -7.991 -8.879 -8.845 -8.624 -7.759
2.530929 -2.522 0.338 -2.106 -4.163 -5.819 -6.972 -5.072 -4.465 -5.863 -7.016 -7.809 -8.32 -4.359 -6.285 -7.481 -8.039 -8.373 -6.527 -7.518 -8.068 -8.347 -8.534 -7.513 -6.907 -7.765 -8.653 -8.618 -8.398 -7.533
2.607475 -2.281 0.579 -1.866 -3.923 -5.579 -6.732 -4.832 -4.224 -5.623 -6.776 -7.568 -8.08 -4.118 -6.044 -7.24 -7.798 -8.133 -6.286 -7.278 -7.827 -8.107 -8.293 -7.273 -6.667 -7.524 -8.412 -8.378 -8.157 -7.292
2.686337 -2.026 0.834 -1.611 -3.668 -5.324 -6.477 -4.577 -3.969 -5.368 -6.52 -7.313 -7.825 -3.863 -5.789 -6.985 -7.543 -7.877 -6.031 -7.023 -7.572 -7.852 -8.038 -7.018 -6.412 -7.269 -8.157 -8.123 -7.902 -7.037
2.767583 -1.755 1.105 -1.34 -3.397 -5.053 -6.206 -4.306 -3.698 -5.097 -6.249 -7.042 -7.554 -3.592 -5.518 -6.714 -7.272 -7.606 -5.76 -6.752 -7.301 -7.581 -7.767 -6.747 -6.141 -6.998 -7.886 -7.852 -7.631 -6.766
2.851287 -1.467 1.393 -1.052 -3.109 -4.765 -5.918 -4.018 -3.411 -4.809 -5.962 -6.755 -7.266 -3.304 -5.23 -6.427 -6.985 -7.319 -5.472 -6.464 -7.013 -7.293 -7.48 -6.459 -5.853 -6.71 -7.599 -7.564 -7.343 -6.478
2.937522 -1.162 1.698 -0.747 -2.804 -4.46 -5.613 -3.713 -3.105 -4.504 -5.656 -6.449 -6.961 -2.999 -4.925 -6.121 -6.679 -7.013 -5.167 -6.159 -6.708 -6.988 -7.174 -6.154 -5.548 -6.405 -7.293 -7.259 -7.038 -6.173
3.026365 -0.838 2.022 -0.423 -2.48 -4.136 -5.289 -3.389 -2.781 -4.18 -5.332 -6.125 -6.637 -2.675 -4.601 -5.797 -6.355 -6.689 -4.843 -5.835 -6.384 -6.664 -6.85 -5.83 -5.224 -6.081 -6.969 -6.935 -6.714 -5.849
3.117896 -0.494 2.366 -0.078 -2.136 -3.792 -4.945 -3.045 -2.437 -3.836 -4.988 -5.781 -6.293 -2.331 -4.257 -5.453 -6.011 -6.345 -4.499 -5.49 -6.04 -6.32 -6.506 -5.486 -4.88 -5.737 -6.625 -6.591 -6.37 -5.505
3.212194 -0.129 2.731 0.287 -1.771 -3.427 -4.579 -2.68 -2.072 -3.47 -4.623 -5.416 -5.927 -1.966 -3.892 -5.088 -5.646 -5.98 -4.134 -5.125 -5.675 -5.955 -6.141 -5.121 -4.514 -5.372 -6.26 -6.225 -6.005 -5.14
3.309345 0.259 3.119 0.674 -1.383 -3.039 -4.192 -2.292 -1.684 -3.083 -4.236 -5.028 -5.54 -1.578 -3.504 -4.7 -5.258 -5.592 -3.746 -4.738 -5.287 -5.567 -5.753 -4.733 -4.127 -4.984 -5.872 -5.838 -5.617 -4.752
3.409434 0.67 3.53 1.086 -0.972 -2.628 -3.78 -1.88 -1.273 -2.671 -3.824 -4.617 -5.128 -1.167 -3.093 -4.289 -4.847 -5.181 -3.335 -4.326 -4.876 -5.155 -5.342 -4.321 -3.715 -4.573 -5.461 -5.426 -5.206 -4.341
3.51255 1.107 3.967 1.522 -0.535 -2.191 -3.344 -1.444 -0.836 -2.235 -3.387 -4.18 -4.692 -0.73 -2.656 -3.852 -4.41 -4.744 -2.898 -3.89 -4.439 -4.719 -4.905 -3.885 -3.279 -4.136 -5.024 -4.99 -4.769 -3.904
3.618785 1.571 4.431 1.986 -0.071 -1.727 -2.88 -0.98 -0.373 -1.771 -2.924 -3.717 -4.228 -0.266 -2.192 -3.389 -3.947 -4.281 -2.435 -3.426 -3.975 -4.255 -4.442 -3.421 -2.815 -3.672 -4.561 -4.526 -4.305 -3.44
3.728232 2.063 4.922 2.478 0.421 -1.235 -2.388 -0.488 0.119 -1.279 -2.432 -3.225 -3.736 0.226 -1.7 -2.897 -3.455 -3.789 -1.943 -2.934 -3.483 -3.763 -3.95 -2.929 -2.323 -3.18 -4.069 -4.034 -3.813 -2.949
3.84099 2.585 5.445 3.0 0.943 -0.713 -1.866 0.034 0.642 -0.757 -1.91 -2.702 -3.214 0.748 -1.178 -2.374 -2.932 -3.267 -1.42 -2.412 -2.961 -3.241 -3.427 -2.407 -1.801 -2.658 -3.546 -3.512 -3.291 -2.426
3.957158 3.139 5.999 3.554 1.497 -0.159 -1.312 0.588 1.196 -0.203 -1.355 -2.148 -2.66 1.302 -0.624 -1.82 -2.378 -2.712 -0.866 -1.858 -2.407 -2.687 -2.873 -1.853 -1.247 -2.104 -2.992 -2.958 -2.737 -1.872
4.07684 3.727 6.587 4.143 2.085 0.429 -0.723 1.177 1.784 0.386 -0.767 -1.56 -2.071 1.89 -0.036 -1.232 -1.79 -2.124 -0.278 -1.269 -1.819 -2.098 -2.285 -1.265 -0.658 -1.516 -2.404 -2.369 -2.149 -1.284
4.200141 4.352 7.212 4.767 2.71 1.054 -0.099 1.801 2.409 1.01 -0.143 -0.935 -1.447 2.515 0.589 -0.607 -1.166 -1.5 0.347 -0.645 -1.194 -1.474 -1.66 -0.64 -0.034 -0.891 -1.779 -1.745 -1.524 -0.659
4.327172 5.014 7.874 5.43 3.373 1.717 0.564 2.464 3.071 1.673 0.52 -0.273 -0.784 3.178 1.251 0.055 -0.503 -0.837 1.009 0.018 -0.531 -0.811 -0.998 0.023 0.629 -0.228 -1.117 -1.082 -0.861 0.003
4.458044 5.718 8.578 6.133 4.076 2.42 1.267 3.167 3.775 2.376 1.224 0.431 -0.081 3.881 1.955 0.759 0.201 -0.133 1.713 0.721 0.172 -0.108 -0.294 0.726 1.332 0.475 -0.413 -0.379 -0.158 0.707
4.592874 6.465 9.325 6.88 4.823 3.167 2.014 3.914 4.521 3.123 1.97 1.177 0.666 4.628 2.702 1.505 0.947 0.613 2.46 1.468 0.919 0.639 0.452 1.473 2.079 1.222 0.333 0.368 0.589 1.454
4.731783 7.257 10.117 7.673 5.615 3.959 2.806 4.706 5.314 3.915 2.763 1.97 1.458 5.42 3.494 2.298 1.74 1.406 3.252 2.261 1.711 1.431 1.245 2.265 2.871 2.014 1.126 1.16 1.381 2.246
4.874892 8.098 10.958 8.514 6.456 4.8 3.648 5.547 6.155 4.757 3.604 2.811 2.3 6.261 4.335 3.139 2.581 2.247 4.093 3.102 2.552 2.272 2.086 3.106 3.713 2.855 1.967 2.002 2.222 3.087
5.02233 8.991 11.851 9.407 7.349 5.693 4.54 6.44 7.048 5.649 4.497 3.704 3.192 7.154 5.228 4.032 3.474 3.14 4.986 3.995 3.445 3.165 2.979 3.999 4.605 3.748 2.86 2.894 3.115 3.98
5.174227 9.939 12.799 10.354 8.297 6.641 5.488 7.388 7.996 6.597 5.444 4.652 4.14 8.102 6.176 4.98 4.421 4.087 5.934 4.942 4.393 4.113 3.927 4.947 5.553 4.696 3.808 3.842 4.063 4.928
5.330718 10.945 13.804 11.36 9.303 7.647 6.494 8.394 9.001 7.603 6.45 5.657 5.146 9.108 7.182 5.985 5.427 5.093 6.939 5.948 5.399 5.119 4.932 5.953 6.559 5.702 4.813 4.848 5.069 5.933
5.491942 12.012 14.872 12.428 10.37 8.714 7.562 9.461 10.069 8.67 7.518 6.725 6.213 10.175 8.249 7.053 6.495 6.161 8.007 7.016 6.466 6.186 6.0 7.02 7.626 6.769 5.881 5.915 6.136 7.001
5.658042 13.145 16.005 13.561 11.503 9.847 8.695 10.594 11.202 9.804 8.651 7.858 7.347 11.308 9.382 8.186 7.628 7.294 9.14 8.149 7.599 7.319 7.133 8.153 8.76 7.902 7.014 7.049 7.269 8.134
5.829166 14.348 17.208 14.763 12.706 11.05 9.897 11.797 12.405 11.006 9.854 9.061 8.549 12.511 10.585 9.389 8.831 8.497 10.343 9.351 8.802 8.522 8.336 9.356 9.962 9.105 8.217 8.251 8.472 9.337
6.005465 15.625 18.485 16.04 13.983 12.327 11.174 13.074 13.681 12.283 11.13 10.337 9.826 13.788 11.862 10.665 10.107 9.773 11.619 10.628 10.079 9.799 9.612 10.633 11.239 10.382 9.493 9.528 9.749 10.614
6.187096 16.98 19.839 17.395 15.338 13.682 12.529 14.429 15.036 13.638 12.485 11.692 11.181 15.143 13.217 12.02 11.462 11.128 12.974 11.983 11.434 11.154 10.967 11.988 12.594 11.737 10.848 10.883 11.104 11.968
6.37422 18.418 21.278 18.833 16.776 15.12 13.967 15.867 16.475 15.076 13.923 13.131 12.619 16.581 14.655 13.459 12.9 12.566 14.413 13.421 12.872 12.592 12.405 13.426 14.032 13.175 12.286 12.321 12.542 13.407
6.567004 19.944 22.804 20.36 18.302 16.646 15.494 17.393 18.001 16.602 15.45 14.657 14.145 18.107 16.181 14.985 14.427 14.093 15.939 14.948 14.398 14.118 13.932 14.952 15.558 14.701 13.813 13.847 14.068 14.933
6.765619 21.564 24.424 21.98 19.922 18.266 17.114 19.014 19.621 18.223 17.07 16.277 15.766 19.727 17.801 16.605 16.047 15.713 17.559 16.568 16.018 15.739 15.552 16.572 17.179 16.321 15.433 15.468 15.688 16.553
6.97024 23.284 26.144 23.699 21.642 19.986 18.833 20.733 21.341 19.942 18.79 17.997 17.485 21.447 19.521 18.325 17.767 17.433 19.279 18.287 17.738 17.458 17.272 18.292 18.898 18.041 17.153 17.187 17.408 18.273
7.181051 25.109 27.969 25.525 23.467 21.811 20.659 22.558 23.166 21.768 20.615 19.822 19.311 23.272 21.346 20.15 19.592 19.258 21.104 20.113 19.563 19.283 19.097 20.117 20.724 19.866 18.978 19.013 19.233 20.098
7.398237 27.047 29.907 27.462 25.405 23.749 22.596 24.496 25.104 23.705 22.552 21.759 21.248 25.21 23.284 22.087 21.529 21.195 23.042 22.05 21.501 21.221 21.034 22.055 22.661 21.804 20.915 20.95 21.171 22.036
7.621991 29.103 31.963 29.518 27.461 25.805 24.652 26.552 27.16 25.761 24.608 23.816 23.304 27.266 25.34 24.144 23.586 23.252 25.098 24.106 23.557 23.277 23.091 24.111 24.717 23.86 22.972 23.006 23.227 24.092
7.852513 31.285 34.145 31.701 29.644 27.988 26.835 28.735 29.342 27.944 26.791 25.998 25.487 29.449 27.522 26.326 25.768 25.434 27.28 26.289 25.74 25.46 25.273 26.294 26.9 26.043 25.154 25.189 25.41 26.274
8.090007 33.602 36.462 34.018 31.96 30.304 29.151 31.051 31.659 30.26 29.108 28.315 27.803 31.765 29.839 28.643 28.085 27.751 29.597 28.606 28.056 27.776 27.59 28.61 29.216 28.359 27.471 27.505 27.726 28.591
8.334684 36.061 38.921 36.476 34.419 32.763 31.61 33.51 34.118 32.719 31.566 30.774 30.262 34.224 32.298 31.102 30.544 30.21 32.056 31.064 30.515 30.235 30.049 31.069 31.675 30.818 29.93 29.964 30.185 31.05
8.586761 38.671 41.531 39.086 37.029 35.373 34.22 36.12 36.728 35.329 34.176 33.384 32.872 36.834 34.908 33.712 33.153 32.819 34.666 33.674 33.125 32.845 32.659 33.679 34.285 33.428 32.54 32.574 32.795 33.66
8.846461 41.441 44.301 41.856 39.799 38.143 36.99 38.89 39.498 38.099 36.946 36.154 35.642 39.604 37.678 36.482 35.924 35.589 37.436 36.444 35.895 35.615 35.429 36.449 37.055 36.198 35.31 35.344 35.565 36.43
9.114017 44.381 47.241 44.796 42.739 41.083 39.93 41.83 42.438 41.039 39.887 39.094 38.582 42.544 40.618 39.422 38.864 38.53 40.376 39.384 38.835 38.555 38.369 39.389 39.995 39.138 38.25 38.284 38.505 39.37
9.389664 47.502 50.362 47.917 45.86 44.204 43.051 44.951 45.559 44.16 43.007 42.215 41.703 45.665 43.739 42.543 41.984 41.65 43.497 42.505 41.956 41.676 41.489 42.51 43.116 42.259 41.37 41.405 41.626 42.491
9.673648 50.814 53.674 51.229 49.172 47.516 46.363 48.263 48.871 47.472 46.32 45.527 45.015 48.977 47.051 45.855 45.297 44.963 46.809 45.817 45.268 44.988 44.802 45.822 46.428 45.571 44.683 44.717 44.938 45.803
9.966221 54.33 57.19 54.745 52.688 51.032 49.879 51.779 52.387 50.988 49.835 49.043 48.531 52.493 50.567 49.371 48.812 48.478 50.325 49.333 48.784 48.504 48.317 49.338 49.944 49.087 48.198 48.233 48.454 49.319
10.267642 58.061 60.921 58.477 56.419 54.763 53.611 55.51 56.118 54.72 53.567 52.774 52.263 56.224 54.298 53.102 52.544 52.21 54.056 53.065 52.515 52.235 52.049 53.069 53.676 52.818 51.93 51.965 52.185 53.05
10.57818 62.022 64.882 62.437 60.38 58.724 57.571 59.471 60.079 58.68 57.528 56.735 56.223 60.185 58.259 57.063 56.505 56.171 58.017 57.025 56.476 56.196 56.01 57.03 57.636 56.779 55.891 55.925 56.146 57.011
10.89811 66.226 69.086 66.641 64.584 62.928 61.775 63.675 64.283 62.884 61.731 60.939 60.427 64.389 62.463 61.267 60.709 60.374 62.221 61.229 60.68 60.4 60.214 61.234 61.84 60.983 60.095 60.129 60.35 61.215
11.227716 70.688 73.548 71.103 69.046 67.39 66.237 68.137 68.745 67.346 66.193 65.401 64.889 68.851 66.925 65.729 65.171 64.837 66.683 65.691 65.142 64.862 64.676 65.696 66.302 65.445 64.557 64.591 64.812 65.677
11.56729 75.424 78.284 75.839 73.782 72.126 70.973 72.873 73.481 72.082 70.929 70.137 69.625 73.587 71.661 70.465 69.907 69.573 71.419 70.427 69.878 69.598 69.412 70.432 71.038 70.181 69.293 69.327 69.548 70.413
11.917135 80.451 83.311 80.866 78.809 77.153 76.0 77.9 78.508 77.109 75.956 75.164 74.652 78.614 76.688 75.492 74.934 74.599 76.446 75.454 74.905 74.625 74.439 75.459 76.065 75.208 74.32 74.354 74.575 75.44
12.277561 85.786 88.646 86.202 84.144 82.488 81.336 83.235 83.843 82.445 81.292 80.499 79.988 83.949 82.023 80.827 80.269 79.935 81.781 80.79 80.24 79.96 79.774 80.794 81.401 80.543 79.655 79.69 79.91 80.775
12.648887 91.449 94.309 91.865 89.808 88.152 86.999 88.899 89.506 88.108 86.955 86.162 85.651 89.612 87.686 86.49 85.932 85.598 87.444 86.453 85.903 85.624 85.437 86.458 87.064 86.206 85.318 85.353 85.573 86.438
13.031444 97.46 100.32 97.876 95.818 94.162 93.01 94.909 95.517 94.119 92.966 92.173 91.662 95.623 93.697 92.501 91.943 91.609 93.455 92.464 91.914 91.634 91.448 92.468 93.075 92.217 91.329 91.364 91.584 92.449
13.425571 103.84 106.7 104.256 102.198 100.542 99.39 101.289 101.897 100.499 99.346 98.553 98.041 102.003 100.077 98.881 98.323 97.989 99.835 98.844 98.294 98.014 97.828 98.848 99.455 98.597 97.709 97.744 97.964 98.829
13.831619 110.612 113.472 111.027 108.97 107.314 106.161 108.061 108.669 107.27 106.117 105.325 104.813 108.775 106.849 105.653 105.095 104.761 106.607 105.615 105.066 104.786 104.6 105.62 106.226 105.369 104.481 104.515 104.736 105.601
14.249947 117.799 120.659 118.215 116.158 114.501 113.349 115.249 115.856 114.458 113.305 112.512 112.001 115.962 114.036 112.84 112.282 111.948 113.794 112.803 112.253 111.974 111.787 112.808 113.414 112.556 111.668 111.703 111.923 112.788
14.680926 125.428 128.288 125.844 123.786 122.13 120.978 122.877 123.485 122.087 120.934 120.141 119.629 123.591 121.665 120.469 119.911 119.577 121.423 120.432 119.882 119.602 119.416 120.436 121.043 120.185 119.297 119.332 119.552 120.417
15.124941 133.525 136.385 133.941 131.884 130.228 129.075 130.975 131.582 130.184 129.031 128.238 127.727 131.689 129.762 128.566 128.008 127.674 129.52 128.529 127.98 127.7 127.513 128.534 129.14 128.282 127.394 127.429 127.649 128.514
15.582385 142.12 144.98 142.535 140.478 138.822 137.669 139.569 140.177 138.778 137.625 136.833 136.321 140.283 138.357 137.161 136.603 136.269 138.115 137.123 136.574 136.294 136.108 137.128 137.734 136.877 135.989 136.023 136.244 137.109
16.053663 151.242 154.102 151.658 149.6 147.944 146.791 148.691 149.299 147.9 146.748 145.955 145.443 149.405 147.479 146.283 145.725 145.391 147.237 146.246 145.696 145.416 145.23 146.25 146.856 145.999 145.111 145.145 145.366 146.231
16.539195 160.924 163.784 161.34 159.283 157.627 156.474 158.374 158.981 157.583 156.43 155.637 155.126 159.088 157.161 155.965 155.407 155.073 156.919 155.928 155.379 155.099 154.912 155.933 156.539 155.681 154.793 154.828 155.048 155.913
17.039412 171.201 174.061 171.617 169.559 167.903 166.751 168.65 169.258 167.86 166.707 165.914 165.403 169.364 167.438 166.242 165.684 165.35 167.196 166.205 165.655 165.375 165.189 166.209 166.816 165.958 165.07 165.105 165.325 166.19
17.554757 182.109 184.969 182.525 180.467 178.811 177.659 179.558 180.166 178.768 177.615 176.822 176.31 180.272 178.346 177.15 176.592 176.258 178.104 177.113 176.563 176.283 176.097 177.117 177.724 176.866 175.978 176.013 176.233 177.098
18.085689 193.687 196.547 194.102 192.045 190.389 189.236 191.136 191.744 190.345 189.192 188.4 187.888 191.85 189.924 188.728 188.17 187.835 189.682 188.69 188.141 187.861 187.675 188.695 189.301 188.444 187.556 187.59 187.811 188.676
18.632678 205.975 208.835 206.391 204.334 202.678 201.525 203.425 204.032 202.634 201.481 200.688 200.177 204.139 202.212 201.016 200.458 200.124 201.97 200.979 200.43 200.15 199.963 200.984 201.59 200.732 199.844 199.879 200.099 200.964
19.196211 219.019 221.879 219.434 217.377 215.721 214.568 216.468 217.075 215.677 214.524 213.731 213.22 217.182 215.256 214.059 213.501 213.167 215.013 214.022 213.473 213.193 213.006 214.027 214.633 213.776 212.887 212.922 213.143 214.008
19.776787 232.863 235.723 233.278 231.221 229.565 228.412 230.312 230.919 229.521 228.368 227.575 227.064 231.026 229.1 227.903 227.345 227.011 228.858 227.866 227.317 227.037 226.85 227.871 228.477 227.62 226.731 226.766 226.987 227.852
20.374923 247.557 250.417 247.972 245.915 244.259 243.106 245.006 245.614 244.215 243.062 242.27 241.758 245.72 243.794 242.598 242.039 241.705 243.552 242.56 242.011 241.731 241.545 242.565 243.171 242.314 241.425 241.46 241.681 242.546
20.991149 263.153 266.013 263.569 261.511 259.855 258.702 260.602 261.21 259.811 258.659 257.866 257.354 261.316 259.39 258.194 257.636 257.302 259.148 258.156 257.607 257.327 257.141 258.161 258.767 257.91 257.022 257.056 257.277 258.142
21.626011 279.707 282.567 280.123 278.065 276.409 275.256 277.156 277.764 276.365 275.213 274.42 273.908 277.87 275.944 274.748 274.19 273.856 275.702 274.711 274.161 273.881 273.695 274.715 275.321 274.464 273.576 273.61 273.831 274.696
22.280075 297.278 300.138 297.693 295.636 293.98 292.827 294.727 295.334 293.936 292.783 291.99 291.479 295.441 293.515 292.318 291.76 291.426 293.273 292.281 291.732 291.452 291.265 292.286 292.892 292.035 291.146 291.181 291.402 292.267
22.953921 315.927 318.787 316.342 314.285 312.629 311.476 313.376 313.984 312.585 311.433 310.64 310.128 314.09 312.164 310.968 310.41 310.076 311.922 310.93 310.381 310.101 309.915 310.935 311.541 310.684 309.796 309.83 310.051 310.916
23.648147 335.722 338.581 336.137 334.08 332.424 331.271 333.171 333.778 332.38 331.227 330.434 329.923 333.885 331.959 330.762 330.204 329.87 331.716 330.725 330.176 329.896 329.709 330.73 331.336 330.479 329.59 329.625 329.846 330.71
24.363369 356.732 359.591 357.147 355.09 353.434 352.281 354.181 354.788 353.39 352.237 351.444 350.933 354.895 352.969 351.772 351.214 350.88 352.726 351.735 351.186 350.906 350.719 351.74 352.346 351.489 350.6 350.635 350.856 351.72
25.100222 379.032 381.892 379.447 377.39 375.734 374.581 376.481 377.088 375.69 374.537 373.744 373.233 377.195 375.269 374.072 373.514 373.18 375.026 374.035 373.486 373.206 373.019 374.04 374.646 373.789 372.9 372.935 373.156 374.021
25.859362 402.701 405.561 403.116 401.059 399.403 398.25 400.15 400.758 399.359 398.207 397.414 396.902 400.864 398.938 397.742 397.184 396.85 398.696 397.704 397.155 396.875 396.689 397.709 398.315 397.458 396.57 396.604 396.825 397.69
26.64146 427.824 430.684 428.239 426.182 424.526 423.373 425.273 425.881 424.482 423.329 422.537 422.025 425.987 424.061 422.865 422.306 421.972 423.819 422.827 422.278 421.998 421.811 422.832 423.438 422.581 421.692 421.727 421.948 422.813
27.447213 454.489 457.349 454.904 452.847 451.191 450.038 451.938 452.546 451.147 449.995 449.202 448.69 452.652 450.726 449.53 448.972 448.638 450.484 449.492 448.943 448.663 448.477 449.497 450.103 449.246 448.358 448.392 448.613 449.478
28.277335 482.792 485.652 483.207 481.15 479.494 478.341 480.241 480.849 479.45 478.297 477.505 476.993 480.955 479.029 477.833 477.275 476.94 478.787 477.795 477.246 476.966 476.78 477.8 478.406 477.549 476.661 476.695 476.916 477.781
29.132564 512.832 515.692 513.248 511.19 509.534 508.382 510.282 510.889 509.491 508.338 507.545 507.034 510.995 509.069 507.873 507.315 506.981 508.827 507.836 507.286 507.007 506.82 507.841 508.447 507.589 506.701 506.736 506.956 507.821
30.013659 544.718 547.577 545.133 543.076 541.42 540.267 542.167 542.774 541.376 540.223 539.43 538.919 542.881 540.955 539.758 539.2 538.866 540.712 539.721 539.172 538.892 538.705 539.726 540.332 539.475 538.586 538.621 538.842 539.706
30.921401 578.561 581.421 578.976 576.919 575.263 574.11 576.01 576.617 575.219 574.066 573.273 572.762 576.724 574.798 573.601 573.043 572.709 574.555 573.564 573.015 572.735 572.548 573.569 574.175 573.318 572.429 572.464 572.685 573.55
31.856598 614.482 617.342 614.897 612.84 611.184 610.031 611.931 612.539 611.14 609.987 609.195 608.683 612.645 610.719 609.523 608.964 608.63 610.477 609.485 608.936 608.656 608.469 609.49 610.096 609.239 608.35 608.385 608.606 609.471
32.820079 652.608 655.468 653.024 650.967 649.311 648.158 650.058 650.665 649.267 648.114 647.321 646.81 650.772 648.845 647.649 647.091 646.757 648.603 647.612 647.063 646.783 646.596 647.617 648.223 647.365 646.477 646.512 646.732 647.597
33.8127 693.076 695.936 693.492 691.435 689.778 688.626 690.526 691.133 689.735 688.582 687.789 687.278 691.239 689.313 688.117 687.559 687.225 689.071 688.08 687.53 687.251 687.064 688.085 688.691 687.833 686.945 686.98 687.2 688.065
34.835342 736.029 738.889 736.445 734.387 732.731 731.579 733.478 734.086 732.688 731.535 730.742 730.23 734.192 732.266 731.07 730.512 730.178 732.024 731.033 730.483 730.203 730.017 731.037 731.643 730.786 729.898 729.932 730.153 731.018
35.888913 781.619 784.479 782.035 779.978 778.321 777.169 779.069 779.676 778.278 777.125 776.332 775.821 779.782 777.856 776.66 776.102 775.768 777.614 776.623 776.073 775.794 775.607 776.628 777.234 776.376 775.488 775.523 775.743 776.608
36.974349 nan nan nan nan nan nan nan nan nan nan nan nan nan nan nan nan nan nan nan nan nan nan nan nan nan nan nan nan nan
38.092613 nan nan nan nan nan nan nan nan nan nan nan nan nan nan nan nan nan nan nan nan nan nan nan nan nan nan nan nan nan
39.244698 nan nan nan nan nan nan nan nan nan nan nan nan nan nan nan nan nan nan nan nan nan nan nan nan nan nan nan nan nan
40.431627 nan nan nan nan nan nan nan nan nan nan nan nan nan nan nan nan nan nan nan nan nan nan nan nan nan nan nan nan nan
41.654454 nan nan nan nan nan nan nan nan nan nan nan nan nan nan nan nan nan nan nan nan nan nan nan nan nan nan nan nan nan
42.914265 nan nan nan nan nan nan nan nan nan nan nan nan nan nan nan nan nan nan nan nan nan nan nan nan nan nan nan nan nan
44.212178 nan nan nan nan nan nan nan nan nan nan nan nan nan nan nan nan nan nan nan nan nan nan nan nan nan nan nan nan nan
45.549345 nan nan nan nan nan nan nan nan nan nan nan nan nan nan nan nan nan nan nan nan nan nan nan nan nan nan nan nan nan
46.926954 nan nan nan nan nan nan nan nan nan nan nan nan nan nan nan nan nan nan nan nan nan nan nan nan nan nan nan nan nan
48.346227 nan nan nan nan nan nan nan nan nan nan nan nan nan nan nan nan nan nan nan nan nan nan nan nan nan nan nan nan nan
49.808426 nan nan nan nan nan nan nan nan nan nan nan nan nan nan nan nan nan nan nan nan nan nan nan nan nan nan nan nan nan
51.314848 nan nan nan nan nan nan nan nan nan nan nan nan nan nan nan nan nan nan nan nan nan nan nan nan nan nan nan nan nan
52.86683 nan nan nan nan nan nan nan nan nan nan nan nan nan nan nan nan nan nan nan nan nan nan nan nan nan nan nan nan nan
54.465752 nan nan nan nan nan nan nan nan nan nan nan nan nan nan nan nan nan nan nan nan nan nan nan nan nan nan nan nan nan
56.113031 nan nan nan nan nan nan nan nan nan nan nan nan nan nan nan nan nan nan nan nan nan nan nan nan nan nan nan nan nan
57.810132 nan nan nan nan nan nan nan nan nan nan nan nan nan nan nan nan nan nan nan nan nan nan nan nan nan nan nan nan nan
59.55856 nan nan nan nan nan nan nan nan nan nan nan nan nan nan nan nan nan nan nan nan nan nan nan nan nan nan nan nan nan
61.359868 nan nan nan nan nan nan nan nan nan nan nan nan nan nan nan nan nan nan nan nan nan nan nan nan nan nan nan nan nan
63.215655 nan nan nan nan nan nan nan nan nan nan nan nan nan nan nan nan nan nan nan nan nan nan nan nan nan nan nan nan nan
65.127569 nan nan nan nan nan nan nan nan nan nan nan nan nan nan nan nan nan nan nan nan nan nan nan nan nan nan nan nan nan
67.097308 nan nan nan nan nan nan nan nan nan nan nan nan nan nan nan nan nan nan nan nan nan nan nan nan nan nan nan nan nan
69.126621 nan nan nan nan nan nan nan nan nan nan nan nan nan nan nan nan nan nan nan nan nan nan nan nan nan nan nan nan nan
71.217308 nan nan nan nan nan nan nan nan nan nan nan nan nan nan nan nan nan nan nan nan nan nan nan nan nan nan nan nan nan
73.371227 nan nan nan nan nan nan nan nan nan nan nan nan nan nan nan nan nan nan nan nan nan nan nan nan nan nan nan nan nan
75.59029 nan nan nan nan nan nan nan nan nan nan nan nan nan nan nan nan nan nan nan nan nan nan nan nan nan nan nan nan nan
77.876467 nan nan nan nan nan nan nan nan nan nan nan nan nan nan nan nan nan nan nan nan nan nan nan nan nan nan nan nan nan
80.231787 nan nan nan nan nan nan nan nan nan nan nan nan nan nan nan nan nan nan nan nan nan nan nan nan nan nan nan nan nan
82.658343 nan nan nan nan nan nan nan nan nan nan nan nan nan nan nan nan nan nan nan nan nan nan nan nan nan nan nan nan nan
85.158288 nan nan nan nan nan nan nan nan nan nan nan nan nan nan nan nan nan nan nan nan nan nan nan nan nan nan nan nan nan
87.733843 nan nan nan nan nan nan nan nan nan nan nan nan nan nan nan nan nan nan nan nan nan nan nan nan nan nan nan nan nan
90.387293 nan nan nan nan nan nan nan nan nan nan nan nan nan nan nan nan nan nan nan nan nan nan nan nan nan nan nan nan nan
93.120995 nan nan nan nan nan nan nan nan nan nan nan nan nan nan nan nan nan nan nan nan nan nan nan nan nan nan nan nan nan
95.937376 nan nan nan nan nan nan nan nan nan nan nan nan nan nan nan nan nan nan nan nan nan nan nan nan nan nan nan nan nan
98.838937 nan nan nan nan nan nan nan nan nan nan nan nan nan nan nan nan nan nan nan nan nan nan nan nan nan nan nan nan nan
101.828253 nan nan nan nan nan nan nan nan nan nan nan nan nan nan nan nan nan nan nan nan nan nan nan nan nan nan nan nan nan
104.907979 nan nan nan nan nan nan nan nan nan nan nan nan nan nan nan nan nan nan nan nan nan nan nan nan nan nan nan nan nan
108.080849 nan nan nan nan nan nan nan nan nan nan nan nan nan nan nan nan nan nan nan nan nan nan nan nan nan nan nan nan nan
111.349681 nan nan nan nan nan nan nan nan nan nan nan nan nan nan nan nan nan nan nan nan nan nan nan nan nan nan nan nan nan
114.717376 nan nan nan nan nan nan nan nan nan nan nan nan nan nan nan nan nan nan nan nan nan nan nan nan nan nan nan nan nan
118.186925 nan nan nan nan nan nan nan nan nan nan nan nan nan nan nan nan nan nan nan nan nan nan nan nan nan nan nan nan nan
121.761408 nan nan nan nan nan nan nan nan nan nan nan nan nan nan nan nan nan nan nan nan nan nan nan nan nan nan nan nan nan
125.443999 nan nan nan nan nan nan nan nan nan nan nan nan nan nan nan nan nan nan nan nan nan nan nan nan nan nan nan nan nan
129.237967 nan nan nan nan nan nan nan nan nan nan nan nan nan nan nan nan nan nan nan nan nan nan nan nan nan nan nan nan nan
133.146681 nan nan nan nan nan nan nan nan nan nan nan nan nan nan nan nan nan nan nan nan nan nan nan nan nan nan nan nan nan
137.173612 nan nan nan nan nan nan nan nan nan nan nan nan nan nan nan nan nan nan nan nan nan nan nan nan nan nan nan nan nan
141.322334 nan nan nan nan nan nan nan nan nan nan nan nan nan nan nan nan nan nan nan nan nan nan nan nan nan nan nan nan nan
145.596532 nan nan nan nan nan nan nan nan nan nan nan nan nan nan nan nan nan nan nan nan nan nan nan nan nan nan nan nan nan
150.0 nan nan nan nan nan nan nan nan nan nan nan nan nan nan nan nan nan nan nan nan nan nan nan nan nan nan nan nan nan
