# %ECSV 1.0
# ---
# datatype:
# - {name: time, datatype: float64}
# - {name: swift_uvot_uvw2, datatype: float64}
# - {name: swift_uvot_uvm2, datatype: float64}
# - {name: swift_uvot_uvw1, datatype: float64}
# - {name: swift_uvot_U, datatype: float64}
# - {name: swift_uvot_B, datatype: float64}
# - {name: swift_uvot_V, datatype: float64}
# - {name: swift_uvot_W, datatype: float64}
# - {name: johnson_U, datatype: float64}
# - {name: johnson_B, datatype: float64}
# - {name: johnson_V, datatype: float64}
# - {name: johnson_R, datatype: float64}
# - {name: johnson_I, datatype: float64}
# - {name: sdss_u, datatype: float64}
# - {name: sdss_g, datatype: float64}
# - {name: sdss_r, datatype: float64}
# - {name: sdss_i, datatype: float64}
# - {name: sdss_z, datatype: float64}
# - {name: PS1_g, datatype: float64}
# - {name: PS1_r, datatype: float64}
# - {name: PS1_i, datatype: float64}
# - {name: PS1_z, datatype: float64}
# - {name: PS1_Y, datatype: float64}
# - {name: PS1_w, datatype: float64}
# - {name: ATLAS_c, datatype: float64}
# - {name: ATLAS_o, datatype: float64}
# - {name: ukirt_J, datatype: float64}
# - {name: ukirt_H, datatype: float64}
# - {name: ukirt_K, datatype: float64}
# - {name: Clear, datatype: float64}
# meta: !!omap
# - comment: [kappa = 10.0, type = villar, mass = 0.4064473885499596, velocity = 0.48433333333333334, theta_obs = 0.0]
# schema: astropy-2.0
time swift_uvot_uvw2 swift_uvot_uvm2 swift_uvot_uvw1 swift_uvot_U swift_uvot_B swift_uvot_V swift_uvot_W johnson_U johnson_B johnson_V johnson_R johnson_I sdss_u sdss_g sdss_r sdss_i sdss_z PS1_g PS1_r PS1_i PS1_z PS1_Y PS1_w ATLAS_c ATLAS_o ukirt_J ukirt_H ukirt_K Clear
0.001 nan nan nan nan nan nan nan nan nan nan nan nan nan nan nan nan nan nan nan nan nan nan nan nan nan nan nan nan nan
0.00103 -5.597 -5.668 -5.696 -5.671 -5.504 -5.264 -5.594 -5.651 -5.501 -5.255 -4.963 -4.598 -5.657 -5.43 -5.1 -4.823 -4.545 -5.415 -5.117 -4.841 -4.64 -4.567 -5.126 -5.302 -4.985 -3.957 -3.458 -2.866 -5.172
0.001061 -6.315 -6.318 -6.293 -6.152 -5.927 -5.644 -6.163 -6.121 -5.923 -5.634 -5.312 -4.921 -6.129 -5.838 -5.461 -5.159 -4.864 -5.821 -5.482 -5.185 -4.976 -4.919 -5.498 -5.691 -5.336 -4.251 -3.738 -3.135 -5.553
0.001094 -6.707 -6.674 -6.625 -6.427 -6.176 -5.872 -6.485 -6.392 -6.172 -5.862 -5.526 -5.123 -6.4 -6.08 -5.68 -5.367 -5.063 -6.063 -5.705 -5.398 -5.186 -5.142 -5.722 -5.924 -5.551 -4.439 -3.92 -3.311 -5.783
0.001127 -6.979 -6.922 -6.859 -6.627 -6.359 -6.043 -6.714 -6.589 -6.355 -6.033 -5.688 -5.277 -6.597 -6.259 -5.845 -5.525 -5.216 -6.242 -5.873 -5.56 -5.347 -5.312 -5.891 -6.098 -5.713 -4.585 -4.061 -3.449 -5.954
0.001161 -7.19 -7.116 -7.043 -6.787 -6.507 -6.183 -6.896 -6.747 -6.504 -6.173 -5.822 -5.406 -6.756 -6.405 -5.982 -5.657 -5.345 -6.389 -6.012 -5.694 -5.482 -5.455 -6.03 -6.24 -5.848 -4.708 -4.182 -3.568 -6.095
0.001196 -7.364 -7.277 -7.196 -6.923 -6.635 -6.304 -7.047 -6.882 -6.632 -6.294 -5.94 -5.519 -6.89 -6.53 -6.101 -5.772 -5.457 -6.515 -6.133 -5.812 -5.6 -5.58 -6.15 -6.363 -5.966 -4.817 -4.289 -3.673 -6.217
0.001232 -7.512 -7.415 -7.329 -7.043 -6.749 -6.413 -7.179 -7.001 -6.745 -6.403 -6.045 -5.622 -7.009 -6.643 -6.208 -5.877 -5.56 -6.628 -6.241 -5.919 -5.707 -5.692 -6.258 -6.473 -6.071 -4.916 -4.387 -3.769 -6.327
0.001269 -7.644 -7.538 -7.448 -7.152 -6.853 -6.513 -7.297 -7.108 -6.849 -6.503 -6.143 -5.717 -7.117 -6.745 -6.306 -5.973 -5.655 -6.731 -6.341 -6.017 -5.805 -5.794 -6.358 -6.574 -6.169 -5.009 -4.478 -3.86 -6.427
0.001308 -7.762 -7.65 -7.557 -7.252 -6.949 -6.607 -7.405 -7.208 -6.945 -6.596 -6.234 -5.807 -7.217 -6.84 -6.398 -6.063 -5.744 -6.826 -6.434 -6.108 -5.897 -5.89 -6.451 -6.668 -6.26 -5.096 -4.564 -3.945 -6.521
0.001347 -7.87 -7.753 -7.657 -7.345 -7.039 -6.695 -7.505 -7.301 -7.035 -6.684 -6.32 -5.891 -7.31 -6.93 -6.485 -6.149 -5.828 -6.916 -6.521 -6.195 -5.984 -5.981 -6.538 -6.756 -6.347 -5.179 -4.647 -4.027 -6.609
0.001388 -7.97 -7.848 -7.75 -7.433 -7.125 -6.778 -7.598 -7.388 -7.121 -6.768 -6.402 -5.973 -7.397 -7.015 -6.568 -6.23 -5.909 -7.001 -6.605 -6.278 -6.067 -6.066 -6.622 -6.84 -6.429 -5.259 -4.726 -4.106 -6.693
0.00143 -8.064 -7.938 -7.839 -7.517 -7.206 -6.859 -7.686 -7.472 -7.203 -6.848 -6.482 -6.051 -7.481 -7.096 -6.647 -6.309 -5.987 -7.083 -6.685 -6.358 -6.147 -6.148 -6.702 -6.921 -6.508 -5.336 -4.802 -4.182 -6.773
0.001473 -8.152 -8.024 -7.922 -7.597 -7.285 -6.936 -7.769 -7.552 -7.281 -6.926 -6.558 -6.127 -7.561 -7.174 -6.724 -6.385 -6.063 -7.161 -6.763 -6.434 -6.224 -6.227 -6.779 -6.999 -6.585 -5.411 -4.877 -4.256 -6.85
0.001518 -8.235 -8.105 -8.003 -7.674 -7.361 -7.011 -7.849 -7.629 -7.357 -7.001 -6.632 -6.2 -7.638 -7.25 -6.798 -6.459 -6.136 -7.237 -6.837 -6.509 -6.299 -6.304 -6.854 -7.074 -6.659 -5.484 -4.949 -4.328 -6.925
0.001564 -8.315 -8.183 -8.08 -7.749 -7.435 -7.084 -7.926 -7.703 -7.431 -7.073 -6.705 -6.272 -7.713 -7.323 -6.871 -6.531 -6.208 -7.311 -6.91 -6.582 -6.371 -6.377 -6.926 -7.147 -6.732 -5.555 -5.02 -4.399 -6.998
0.001611 -8.392 -8.258 -8.154 -7.822 -7.506 -7.155 -8.0 -7.776 -7.503 -7.144 -6.775 -6.342 -7.785 -7.395 -6.942 -6.602 -6.278 -7.382 -6.981 -6.652 -6.442 -6.449 -6.997 -7.218 -6.802 -5.625 -5.09 -4.468 -7.07
0.00166 -8.465 -8.33 -8.226 -7.892 -7.576 -7.224 -8.072 -7.846 -7.573 -7.214 -6.844 -6.411 -7.855 -7.464 -7.011 -6.671 -6.347 -7.452 -7.051 -6.722 -6.512 -6.519 -7.067 -7.288 -6.871 -5.694 -5.158 -4.537 -7.139
0.00171 -8.536 -8.4 -8.295 -7.961 -7.645 -7.292 -8.142 -7.915 -7.641 -7.282 -6.912 -6.479 -7.924 -7.533 -7.079 -6.738 -6.415 -7.52 -7.119 -6.79 -6.58 -6.588 -7.135 -7.356 -6.939 -5.761 -5.226 -4.604 -7.207
0.001761 -8.605 -8.468 -8.363 -8.028 -7.712 -7.359 -8.21 -7.982 -7.708 -7.349 -6.979 -6.545 -7.991 -7.6 -7.146 -6.805 -6.481 -7.587 -7.186 -6.856 -6.647 -6.655 -7.201 -7.423 -7.006 -5.828 -5.292 -4.67 -7.274
0.001815 -8.671 -8.535 -8.43 -8.094 -7.778 -7.425 -8.276 -8.048 -7.774 -7.415 -7.045 -6.611 -8.057 -7.666 -7.211 -6.871 -6.547 -7.653 -7.252 -6.922 -6.712 -6.721 -7.267 -7.488 -7.072 -5.893 -5.358 -4.736 -7.34
0.00187 -8.736 -8.599 -8.494 -8.159 -7.842 -7.49 -8.341 -8.113 -7.839 -7.479 -7.109 -6.676 -8.122 -7.73 -7.276 -6.935 -6.612 -7.718 -7.316 -6.987 -6.777 -6.786 -7.332 -7.553 -7.136 -5.958 -5.422 -4.8 -7.405
0.001926 -8.799 -8.663 -8.558 -8.223 -7.906 -7.554 -8.404 -8.177 -7.902 -7.543 -7.173 -6.74 -8.186 -7.794 -7.34 -6.999 -6.676 -7.782 -7.38 -7.051 -6.841 -6.85 -7.396 -7.617 -7.2 -6.022 -5.486 -4.864 -7.468
0.001984 -8.861 -8.725 -8.62 -8.286 -7.969 -7.617 -8.467 -8.239 -7.965 -7.606 -7.236 -6.803 -8.249 -7.857 -7.403 -7.063 -6.739 -7.845 -7.443 -7.114 -6.904 -6.912 -7.459 -7.68 -7.263 -6.085 -5.55 -4.928 -7.531
0.002044 -8.921 -8.786 -8.681 -8.347 -8.031 -7.679 -8.528 -8.301 -8.027 -7.668 -7.299 -6.865 -8.31 -7.919 -7.465 -7.125 -6.801 -7.907 -7.505 -7.176 -6.966 -6.974 -7.521 -7.742 -7.326 -6.148 -5.613 -4.991 -7.594
0.002106 -8.98 -8.845 -8.741 -8.408 -8.092 -7.74 -8.588 -8.362 -8.089 -7.73 -7.361 -6.927 -8.371 -7.981 -7.527 -7.187 -6.863 -7.968 -7.567 -7.238 -7.028 -7.036 -7.583 -7.804 -7.388 -6.21 -5.675 -5.053 -7.655
0.00217 -9.038 -8.904 -8.8 -8.468 -8.153 -7.801 -8.647 -8.422 -8.149 -7.791 -7.422 -6.989 -8.432 -8.041 -7.588 -7.248 -6.925 -8.029 -7.628 -7.299 -7.089 -7.096 -7.644 -7.865 -7.449 -6.272 -5.737 -5.115 -7.716
0.002236 -9.095 -8.962 -8.858 -8.528 -8.213 -7.862 -8.705 -8.482 -8.209 -7.851 -7.483 -7.05 -8.491 -8.101 -7.649 -7.309 -6.986 -8.089 -7.688 -7.36 -7.149 -7.156 -7.704 -7.925 -7.51 -6.333 -5.798 -5.177 -7.777
0.002303 -9.15 -9.019 -8.916 -8.586 -8.272 -7.922 -8.763 -8.541 -8.269 -7.911 -7.543 -7.11 -8.55 -8.161 -7.709 -7.369 -7.046 -8.148 -7.748 -7.42 -7.209 -7.215 -7.764 -7.985 -7.57 -6.394 -5.859 -5.238 -7.836
0.002373 -9.205 -9.075 -8.972 -8.644 -8.331 -7.981 -8.819 -8.599 -8.327 -7.971 -7.602 -7.17 -8.608 -8.22 -7.768 -7.429 -7.106 -8.207 -7.808 -7.479 -7.269 -7.274 -7.824 -8.044 -7.629 -6.454 -5.92 -5.298 -7.896
0.002445 -9.259 -9.13 -9.028 -8.702 -8.389 -8.04 -8.875 -8.656 -8.386 -8.029 -7.662 -7.23 -8.666 -8.278 -7.828 -7.489 -7.166 -8.265 -7.866 -7.538 -7.328 -7.332 -7.883 -8.103 -7.689 -6.514 -5.98 -5.359 -7.954
0.002519 -9.312 -9.184 -9.084 -8.759 -8.447 -8.098 -8.931 -8.714 -8.443 -8.088 -7.721 -7.289 -8.723 -8.336 -7.886 -7.548 -7.225 -8.323 -7.925 -7.597 -7.386 -7.389 -7.941 -8.161 -7.747 -6.574 -6.04 -5.419 -8.013
0.002595 -9.364 -9.238 -9.138 -8.815 -8.504 -8.156 -8.985 -8.77 -8.501 -8.146 -7.779 -7.348 -8.779 -8.394 -7.945 -7.606 -7.284 -8.381 -7.983 -7.655 -7.445 -7.446 -7.999 -8.219 -7.806 -6.633 -6.099 -5.479 -8.071
0.002673 -9.416 -9.291 -9.192 -8.871 -8.561 -8.214 -9.039 -8.826 -8.558 -8.203 -7.837 -7.406 -8.835 -8.451 -8.002 -7.665 -7.343 -8.438 -8.04 -7.713 -7.502 -7.503 -8.057 -8.276 -7.864 -6.692 -6.158 -5.538 -8.128
0.002754 -9.467 -9.344 -9.245 -8.927 -8.618 -8.271 -9.093 -8.882 -8.614 -8.261 -7.895 -7.465 -8.891 -8.508 -8.06 -7.723 -7.401 -8.494 -8.098 -7.771 -7.56 -7.56 -8.114 -8.333 -7.922 -6.751 -6.217 -5.597 -8.185
0.002837 -9.517 -9.396 -9.298 -8.982 -8.674 -8.328 -9.146 -8.937 -8.67 -8.318 -7.952 -7.523 -8.946 -8.564 -8.117 -7.78 -7.459 -8.55 -8.155 -7.828 -7.617 -7.616 -8.171 -8.39 -7.979 -6.81 -6.276 -5.656 -8.242
0.002923 -9.566 -9.447 -9.35 -9.036 -8.73 -8.384 -9.198 -8.992 -8.726 -8.374 -8.009 -7.58 -9.001 -8.62 -8.174 -7.838 -7.517 -8.606 -8.211 -7.885 -7.674 -7.671 -8.228 -8.446 -8.036 -6.868 -6.335 -5.715 -8.298
0.003012 -9.615 -9.498 -9.402 -9.091 -8.785 -8.441 -9.25 -9.046 -8.781 -8.43 -8.066 -7.638 -9.055 -8.676 -8.231 -7.895 -7.574 -8.662 -8.267 -7.941 -7.73 -7.726 -8.284 -8.502 -8.093 -6.926 -6.393 -5.773 -8.355
0.003103 -9.663 -9.548 -9.454 -9.145 -8.84 -8.496 -9.302 -9.1 -8.836 -8.486 -8.123 -7.695 -9.109 -8.731 -8.287 -7.951 -7.631 -8.717 -8.323 -7.998 -7.786 -7.781 -8.34 -8.558 -8.149 -6.983 -6.451 -5.831 -8.41
0.003196 -9.711 -9.598 -9.504 -9.198 -8.895 -8.552 -9.353 -9.154 -8.891 -8.542 -8.179 -7.751 -9.163 -8.786 -8.343 -8.008 -7.688 -8.772 -8.379 -8.054 -7.842 -7.836 -8.396 -8.613 -8.205 -7.041 -6.509 -5.89 -8.466
0.003293 -9.758 -9.648 -9.555 -9.251 -8.949 -8.607 -9.403 -9.207 -8.945 -8.597 -8.235 -7.808 -9.216 -8.841 -8.399 -8.064 -7.745 -8.826 -8.434 -8.109 -7.898 -7.891 -8.451 -8.668 -8.261 -7.098 -6.566 -5.947 -8.521
0.003393 -9.805 -9.696 -9.605 -9.304 -9.003 -8.663 -9.454 -9.26 -8.999 -8.652 -8.291 -7.864 -9.269 -8.895 -8.454 -8.12 -7.802 -8.881 -8.49 -8.165 -7.953 -7.945 -8.507 -8.723 -8.317 -7.155 -6.624 -6.005 -8.576
0.003495 -9.851 -9.745 -9.654 -9.356 -9.057 -8.717 -9.503 -9.313 -9.053 -8.707 -8.346 -7.921 -9.322 -8.949 -8.51 -8.176 -7.858 -8.935 -8.544 -8.22 -8.009 -7.999 -8.562 -8.778 -8.373 -7.212 -6.681 -6.063 -8.631
0.003601 -9.897 -9.793 -9.704 -9.409 -9.11 -8.772 -9.553 -9.365 -9.107 -8.762 -8.402 -7.977 -9.374 -9.003 -8.565 -8.232 -7.914 -8.988 -8.599 -8.275 -8.064 -8.052 -8.616 -8.832 -8.428 -7.269 -6.738 -6.12 -8.685
0.00371 -9.942 -9.84 -9.752 -9.46 -9.164 -8.826 -9.602 -9.418 -9.16 -8.816 -8.457 -8.032 -9.426 -9.057 -8.619 -8.287 -7.97 -9.042 -8.654 -8.33 -8.118 -8.106 -8.671 -8.886 -8.483 -7.325 -6.795 -6.177 -8.74
0.003822 -9.987 -9.888 -9.801 -9.512 -9.217 -8.88 -9.65 -9.469 -9.213 -8.87 -8.512 -8.088 -9.478 -9.11 -8.674 -8.343 -8.025 -9.095 -8.708 -8.385 -8.173 -8.159 -8.725 -8.94 -8.538 -7.382 -6.851 -6.234 -8.794
0.003938 -10.031 -9.934 -9.849 -9.563 -9.27 -8.934 -9.699 -9.521 -9.266 -8.924 -8.566 -8.143 -9.53 -9.163 -8.728 -8.398 -8.081 -9.148 -8.762 -8.44 -8.228 -8.212 -8.779 -8.994 -8.592 -7.438 -6.908 -6.291 -8.847
0.004057 -10.075 -9.981 -9.897 -9.614 -9.322 -8.988 -9.747 -9.572 -9.318 -8.978 -8.621 -8.199 -9.581 -9.216 -8.783 -8.452 -8.136 -9.201 -8.816 -8.494 -8.282 -8.265 -8.833 -9.047 -8.647 -7.494 -6.964 -6.348 -8.901
0.00418 -10.118 -10.027 -9.944 -9.665 -9.374 -9.041 -9.794 -9.623 -9.371 -9.031 -8.675 -8.254 -9.632 -9.269 -8.837 -8.507 -8.191 -9.254 -8.869 -8.548 -8.336 -8.318 -8.887 -9.1 -8.701 -7.55 -7.021 -6.404 -8.954
0.004306 -10.161 -10.072 -9.991 -9.715 -9.426 -9.095 -9.842 -9.674 -9.423 -9.085 -8.729 -8.309 -9.683 -9.321 -8.89 -8.562 -8.246 -9.306 -8.923 -8.602 -8.39 -8.37 -8.94 -9.153 -8.755 -7.605 -7.077 -6.461 -9.008
0.004436 -10.204 -10.117 -10.037 -9.765 -9.478 -9.148 -9.889 -9.724 -9.474 -9.138 -8.783 -8.363 -9.733 -9.374 -8.944 -8.616 -8.301 -9.358 -8.976 -8.656 -8.444 -8.423 -8.994 -9.206 -8.809 -7.661 -7.133 -6.517 -9.061
0.00457 -10.246 -10.162 -10.084 -9.815 -9.53 -9.201 -9.935 -9.774 -9.526 -9.191 -8.837 -8.418 -9.783 -9.426 -8.998 -8.67 -8.356 -9.41 -9.029 -8.709 -8.497 -8.475 -9.047 -9.259 -8.863 -7.717 -7.189 -6.573 -9.113
0.004709 -10.288 -10.207 -10.13 -9.865 -9.581 -9.253 -9.982 -9.824 -9.578 -9.243 -8.891 -8.472 -9.833 -9.477 -9.051 -8.724 -8.411 -9.462 -9.082 -8.763 -8.551 -8.527 -9.1 -9.311 -8.916 -7.772 -7.245 -6.63 -9.166
0.004851 -10.329 -10.251 -10.176 -9.915 -9.632 -9.306 -10.028 -9.874 -9.629 -9.296 -8.944 -8.527 -9.883 -9.529 -9.104 -8.778 -8.465 -9.513 -9.135 -8.816 -8.604 -8.579 -9.152 -9.363 -8.97 -7.827 -7.3 -6.686 -9.218
0.004998 -10.37 -10.295 -10.221 -9.964 -9.683 -9.358 -10.074 -9.924 -9.68 -9.348 -8.997 -8.581 -9.932 -9.581 -9.157 -8.832 -8.519 -9.565 -9.187 -8.869 -8.657 -8.631 -9.205 -9.415 -9.023 -7.882 -7.356 -6.741 -9.271
0.005149 -10.411 -10.338 -10.266 -10.013 -9.734 -9.411 -10.119 -9.973 -9.731 -9.401 -9.051 -8.635 -9.982 -9.632 -9.21 -8.885 -8.573 -9.616 -9.24 -8.922 -8.71 -8.682 -9.257 -9.467 -9.076 -7.937 -7.411 -6.797 -9.323
0.005305 -10.451 -10.382 -10.311 -10.061 -9.785 -9.463 -10.164 -10.022 -9.781 -9.453 -9.104 -8.689 -10.031 -9.683 -9.262 -8.939 -8.627 -9.667 -9.292 -8.975 -8.763 -8.734 -9.31 -9.519 -9.129 -7.992 -7.467 -6.853 -9.375
0.005465 -10.491 -10.424 -10.355 -10.11 -9.835 -9.514 -10.209 -10.071 -9.832 -9.504 -9.156 -8.742 -10.079 -9.734 -9.315 -8.992 -8.681 -9.718 -9.344 -9.028 -8.816 -8.785 -9.362 -9.571 -9.182 -8.047 -7.522 -6.909 -9.426
0.00563 -10.531 -10.467 -10.399 -10.158 -9.886 -9.566 -10.254 -10.12 -9.882 -9.556 -9.209 -8.796 -10.128 -9.785 -9.367 -9.045 -8.735 -9.768 -9.396 -9.081 -8.869 -8.837 -9.414 -9.622 -9.235 -8.101 -7.577 -6.964 -9.478
0.005801 -10.57 -10.509 -10.443 -10.206 -9.936 -9.618 -10.298 -10.168 -9.932 -9.608 -9.262 -8.85 -10.176 -9.835 -9.419 -9.098 -8.789 -9.819 -9.448 -9.133 -8.921 -8.888 -9.466 -9.673 -9.287 -8.156 -7.632 -7.02 -9.529
0.005976 -10.609 -10.551 -10.487 -10.254 -9.986 -9.669 -10.343 -10.216 -9.982 -9.659 -9.314 -8.903 -10.225 -9.886 -9.471 -9.151 -8.842 -9.869 -9.5 -9.186 -8.974 -8.939 -9.517 -9.724 -9.34 -8.21 -7.687 -7.075 -9.581
0.006157 -10.647 -10.592 -10.53 -10.302 -10.035 -9.72 -10.386 -10.264 -10.031 -9.71 -9.367 -8.956 -10.272 -9.936 -9.523 -9.204 -8.896 -9.919 -9.551 -9.238 -9.026 -8.99 -9.569 -9.775 -9.392 -8.265 -7.742 -7.13 -9.632
0.006343 -10.685 -10.634 -10.573 -10.349 -10.085 -9.771 -10.43 -10.312 -10.081 -9.762 -9.419 -9.01 -10.32 -9.986 -9.575 -9.257 -8.949 -9.969 -9.603 -9.29 -9.078 -9.041 -9.62 -9.826 -9.444 -8.319 -7.796 -7.185 -9.683
0.006535 -10.723 -10.675 -10.616 -10.396 -10.134 -9.822 -10.473 -10.36 -10.13 -9.813 -9.471 -9.063 -10.368 -10.036 -9.627 -9.309 -9.002 -10.019 -9.654 -9.342 -9.13 -9.092 -9.671 -9.876 -9.496 -8.373 -7.851 -7.24 -9.734
0.006732 -10.761 -10.715 -10.659 -10.444 -10.183 -9.873 -10.516 -10.407 -10.18 -9.863 -9.523 -9.116 -10.415 -10.085 -9.678 -9.362 -9.055 -10.069 -9.705 -9.394 -9.182 -9.142 -9.722 -9.927 -9.548 -8.427 -7.906 -7.296 -9.784
0.006936 -10.798 -10.756 -10.701 -10.49 -10.232 -9.924 -10.559 -10.454 -10.229 -9.914 -9.575 -9.168 -10.462 -10.135 -9.73 -9.414 -9.108 -10.118 -9.756 -9.446 -9.234 -9.193 -9.773 -9.977 -9.6 -8.481 -7.96 -7.35 -9.835
0.007146 -10.835 -10.796 -10.743 -10.537 -10.281 -9.974 -10.602 -10.501 -10.277 -9.965 -9.626 -9.221 -10.509 -10.184 -9.781 -9.466 -9.161 -10.168 -9.807 -9.498 -9.286 -9.244 -9.824 -10.027 -9.651 -8.535 -8.015 -7.405 -9.885
0.007362 -10.871 -10.835 -10.784 -10.583 -10.33 -10.025 -10.644 -10.548 -10.326 -10.015 -9.678 -9.274 -10.556 -10.234 -9.832 -9.518 -9.214 -10.217 -9.858 -9.549 -9.338 -9.294 -9.875 -10.077 -9.703 -8.589 -8.069 -7.46 -9.936
0.007585 -10.907 -10.875 -10.826 -10.63 -10.378 -10.075 -10.686 -10.595 -10.375 -10.065 -9.729 -9.326 -10.603 -10.283 -9.883 -9.57 -9.267 -10.266 -9.908 -9.601 -9.389 -9.344 -9.925 -10.127 -9.754 -8.643 -8.123 -7.515 -9.986
0.007814 -10.943 -10.914 -10.867 -10.676 -10.427 -10.125 -10.728 -10.641 -10.423 -10.115 -9.781 -9.379 -10.649 -10.332 -9.934 -9.622 -9.319 -10.315 -9.959 -9.652 -9.441 -9.395 -9.976 -10.177 -9.805 -8.696 -8.177 -7.57 -10.036
0.00805 -10.979 -10.952 -10.908 -10.721 -10.475 -10.175 -10.77 -10.687 -10.471 -10.165 -9.832 -9.431 -10.695 -10.381 -9.985 -9.674 -9.372 -10.364 -10.009 -9.703 -9.492 -9.445 -10.026 -10.227 -9.857 -8.75 -8.232 -7.624 -10.086
0.008294 -11.014 -10.991 -10.948 -10.767 -10.523 -10.225 -10.811 -10.733 -10.519 -10.215 -9.883 -9.483 -10.741 -10.429 -10.035 -9.726 -9.424 -10.412 -10.06 -9.755 -9.544 -9.495 -10.076 -10.276 -9.908 -8.803 -8.286 -7.679 -10.135
0.008545 -11.049 -11.029 -10.989 -10.812 -10.571 -10.275 -10.852 -10.779 -10.567 -10.265 -9.934 -9.535 -10.787 -10.478 -10.086 -9.777 -9.477 -10.461 -10.11 -9.806 -9.595 -9.545 -10.126 -10.325 -9.958 -8.857 -8.34 -7.733 -10.185
0.008803 -11.083 -11.067 -11.029 -10.858 -10.618 -10.324 -10.893 -10.825 -10.615 -10.315 -9.985 -9.587 -10.832 -10.526 -10.136 -9.829 -9.529 -10.509 -10.16 -9.857 -9.646 -9.595 -10.176 -10.374 -10.009 -8.91 -8.394 -7.788 -10.234
0.009069 -11.117 -11.104 -11.069 -10.903 -10.666 -10.374 -10.934 -10.87 -10.662 -10.364 -10.036 -9.639 -10.878 -10.574 -10.187 -9.88 -9.581 -10.557 -10.21 -9.908 -9.697 -9.645 -10.226 -10.423 -10.06 -8.963 -8.447 -7.842 -10.284
0.009344 -11.151 -11.142 -11.108 -10.947 -10.713 -10.423 -10.974 -10.915 -10.71 -10.413 -10.086 -9.691 -10.923 -10.622 -10.237 -9.931 -9.633 -10.605 -10.26 -9.958 -9.748 -9.695 -10.276 -10.472 -10.111 -9.016 -8.501 -7.896 -10.333
0.009626 -11.185 -11.178 -11.147 -10.992 -10.761 -10.472 -11.015 -10.961 -10.757 -10.463 -10.137 -9.743 -10.968 -10.67 -10.287 -9.982 -9.685 -10.653 -10.309 -10.009 -9.799 -9.745 -10.325 -10.521 -10.161 -9.069 -8.555 -7.951 -10.382
0.009917 -11.218 -11.215 -11.186 -11.037 -10.808 -10.521 -11.055 -11.005 -10.804 -10.512 -10.187 -9.795 -11.013 -10.718 -10.337 -10.034 -9.737 -10.701 -10.359 -10.06 -9.85 -9.795 -10.375 -10.57 -10.211 -9.122 -8.609 -8.005 -10.431
0.010217 -11.251 -11.251 -11.225 -11.081 -10.855 -10.57 -11.094 -11.05 -10.851 -10.561 -10.238 -9.846 -11.058 -10.766 -10.387 -10.084 -9.789 -10.749 -10.409 -10.11 -9.901 -9.845 -10.424 -10.618 -10.262 -9.175 -8.662 -8.059 -10.48
0.010526 -11.283 -11.287 -11.263 -11.125 -10.901 -10.619 -11.134 -11.095 -10.898 -10.61 -10.288 -9.898 -11.102 -10.813 -10.436 -10.135 -9.84 -10.796 -10.458 -10.161 -9.952 -9.894 -10.473 -10.667 -10.312 -9.228 -8.716 -8.113 -10.528
0.010845 -11.315 -11.323 -11.302 -11.169 -10.948 -10.668 -11.173 -11.139 -10.944 -10.658 -10.338 -9.949 -11.146 -10.86 -10.486 -10.186 -9.892 -10.843 -10.507 -10.211 -10.002 -9.944 -10.522 -10.715 -10.362 -9.281 -8.769 -8.167 -10.577
0.011173 -11.347 -11.358 -11.34 -11.212 -10.994 -10.716 -11.212 -11.183 -10.991 -10.707 -10.388 -10.001 -11.19 -10.907 -10.535 -10.237 -9.943 -10.891 -10.556 -10.261 -10.053 -9.993 -10.571 -10.763 -10.412 -9.334 -8.823 -8.221 -10.625
0.011511 -11.379 -11.393 -11.377 -11.256 -11.041 -10.765 -11.251 -11.227 -11.037 -10.755 -10.438 -10.052 -11.234 -10.954 -10.585 -10.287 -9.995 -10.938 -10.605 -10.311 -10.103 -10.043 -10.62 -10.811 -10.462 -9.387 -8.876 -8.275 -10.674
0.011859 -11.41 -11.428 -11.414 -11.299 -11.087 -10.813 -11.29 -11.271 -11.083 -10.804 -10.488 -10.103 -11.278 -11.001 -10.634 -10.338 -10.046 -10.985 -10.654 -10.361 -10.154 -10.092 -10.668 -10.859 -10.511 -9.439 -8.929 -8.329 -10.722
0.012217 -11.441 -11.463 -11.452 -11.342 -11.133 -10.861 -11.328 -11.314 -11.129 -10.852 -10.538 -10.154 -11.321 -11.048 -10.683 -10.388 -10.097 -11.031 -10.703 -10.411 -10.204 -10.142 -10.717 -10.906 -10.561 -9.492 -8.983 -8.383 -10.77
0.012587 -11.471 -11.497 -11.488 -11.385 -11.179 -10.909 -11.366 -11.358 -11.175 -10.9 -10.587 -10.205 -11.365 -11.095 -10.732 -10.438 -10.149 -11.078 -10.752 -10.461 -10.254 -10.191 -10.766 -10.954 -10.611 -9.544 -9.036 -8.436 -10.818
0.012968 -11.501 -11.531 -11.525 -11.428 -11.224 -10.957 -11.404 -11.401 -11.221 -10.948 -10.637 -10.256 -11.408 -11.141 -10.781 -10.489 -10.2 -11.125 -10.801 -10.511 -10.304 -10.24 -10.814 -11.001 -10.66 -9.597 -9.089 -8.49 -10.866
0.01336 -11.531 -11.564 -11.561 -11.47 -11.27 -11.005 -11.442 -11.444 -11.266 -10.996 -10.686 -10.307 -11.451 -11.187 -10.83 -10.539 -10.251 -11.171 -10.849 -10.561 -10.355 -10.29 -10.862 -11.049 -10.709 -9.649 -9.142 -8.544 -10.913
0.013764 -11.561 -11.597 -11.597 -11.512 -11.315 -11.053 -11.479 -11.487 -11.312 -11.043 -10.735 -10.357 -11.493 -11.234 -10.879 -10.589 -10.302 -11.217 -10.898 -10.61 -10.405 -10.339 -10.91 -11.096 -10.758 -9.701 -9.195 -8.597 -10.961
0.01418 -11.59 -11.63 -11.633 -11.554 -11.36 -11.1 -11.516 -11.529 -11.357 -11.091 -10.785 -10.408 -11.536 -11.28 -10.927 -10.639 -10.352 -11.263 -10.946 -10.66 -10.454 -10.388 -10.958 -11.143 -10.808 -9.753 -9.248 -8.651 -11.008
0.014609 -11.618 -11.662 -11.668 -11.596 -11.405 -11.148 -11.553 -11.572 -11.402 -11.138 -10.834 -10.459 -11.578 -11.325 -10.976 -10.688 -10.403 -11.309 -10.994 -10.709 -10.504 -10.437 -11.006 -11.19 -10.857 -9.806 -9.301 -8.705 -11.056
0.015051 -11.647 -11.695 -11.703 -11.638 -11.45 -11.195 -11.59 -11.614 -11.447 -11.186 -10.883 -10.509 -11.62 -11.371 -11.024 -10.738 -10.454 -11.355 -11.042 -10.759 -10.554 -10.486 -11.054 -11.237 -10.905 -9.858 -9.354 -8.758 -11.103
0.015506 -11.675 -11.726 -11.738 -11.679 -11.495 -11.242 -11.627 -11.656 -11.492 -11.233 -10.932 -10.559 -11.662 -11.417 -11.072 -10.788 -10.505 -11.401 -11.09 -10.808 -10.604 -10.535 -11.101 -11.283 -10.954 -9.91 -9.406 -8.811 -11.15
0.015975 -11.703 -11.758 -11.773 -11.72 -11.54 -11.289 -11.663 -11.698 -11.536 -11.28 -10.98 -10.61 -11.704 -11.462 -11.12 -10.837 -10.555 -11.446 -11.138 -10.857 -10.654 -10.584 -11.149 -11.33 -11.003 -9.962 -9.459 -8.865 -11.197
0.016458 -11.73 -11.789 -11.807 -11.762 -11.584 -11.336 -11.699 -11.739 -11.581 -11.327 -11.029 -10.66 -11.746 -11.507 -11.169 -10.887 -10.605 -11.492 -11.186 -10.906 -10.703 -10.633 -11.196 -11.376 -11.051 -10.014 -9.512 -8.918 -11.244
0.016956 -11.757 -11.82 -11.841 -11.802 -11.628 -11.383 -11.735 -11.781 -11.625 -11.374 -11.078 -10.71 -11.787 -11.552 -11.216 -10.936 -10.656 -11.537 -11.233 -10.955 -10.753 -10.681 -11.244 -11.422 -11.1 -10.065 -9.565 -8.972 -11.291
0.017469 -11.784 -11.851 -11.875 -11.843 -11.672 -11.429 -11.771 -11.822 -11.669 -11.421 -11.126 -10.76 -11.828 -11.597 -11.264 -10.985 -10.706 -11.582 -11.281 -11.004 -10.802 -10.73 -11.291 -11.468 -11.148 -10.117 -9.617 -9.025 -11.337
0.017997 -11.81 -11.881 -11.908 -11.883 -11.716 -11.476 -11.806 -11.863 -11.713 -11.467 -11.175 -10.81 -11.869 -11.642 -11.312 -11.034 -10.756 -11.627 -11.328 -11.053 -10.852 -10.779 -11.338 -11.514 -11.197 -10.169 -9.67 -9.078 -11.384
0.018541 -11.836 -11.91 -11.941 -11.924 -11.76 -11.522 -11.841 -11.904 -11.757 -11.514 -11.223 -10.86 -11.91 -11.687 -11.359 -11.084 -10.806 -11.672 -11.376 -11.102 -10.901 -10.828 -11.385 -11.56 -11.245 -10.221 -9.722 -9.131 -11.43
0.019102 -11.861 -11.94 -11.974 -11.964 -11.804 -11.569 -11.876 -11.944 -11.8 -11.56 -11.271 -10.91 -11.95 -11.731 -11.407 -11.132 -10.857 -11.717 -11.423 -11.15 -10.95 -10.876 -11.432 -11.606 -11.293 -10.272 -9.775 -9.184 -11.476
0.01968 -11.886 -11.969 -12.007 -12.003 -11.847 -11.615 -11.911 -11.985 -11.844 -11.606 -11.319 -10.96 -11.99 -11.776 -11.454 -11.181 -10.906 -11.761 -11.47 -11.199 -10.999 -10.925 -11.478 -11.651 -11.341 -10.324 -9.827 -9.238 -11.522
0.020275 -11.911 -11.998 -12.039 -12.043 -11.89 -11.661 -11.945 -12.025 -11.887 -11.652 -11.367 -11.009 -12.031 -11.82 -11.501 -11.23 -10.956 -11.806 -11.517 -11.247 -11.048 -10.973 -11.525 -11.697 -11.388 -10.375 -9.879 -9.291 -11.568
0.020888 -11.936 -12.026 -12.071 -12.082 -11.933 -11.707 -11.98 -12.065 -11.93 -11.698 -11.415 -11.059 -12.07 -11.864 -11.549 -11.279 -11.006 -11.85 -11.564 -11.296 -11.097 -11.022 -11.571 -11.742 -11.436 -10.427 -9.932 -9.344 -11.614
0.02152 -11.96 -12.054 -12.103 -12.121 -11.976 -11.752 -12.014 -12.105 -11.973 -11.744 -11.463 -11.108 -12.11 -11.908 -11.596 -11.327 -11.056 -11.894 -11.611 -11.344 -11.146 -11.07 -11.618 -11.787 -11.484 -10.478 -9.984 -9.397 -11.66
0.022171 -11.983 -12.082 -12.134 -12.16 -12.019 -11.798 -12.047 -12.144 -12.016 -11.789 -11.51 -11.158 -12.15 -11.951 -11.642 -11.376 -11.106 -11.938 -11.657 -11.392 -11.195 -11.118 -11.664 -11.832 -11.531 -10.529 -10.036 -9.45 -11.705
0.022841 -12.007 -12.109 -12.165 -12.199 -12.061 -11.844 -12.081 -12.184 -12.058 -11.835 -11.558 -11.207 -12.189 -11.995 -11.689 -11.424 -11.155 -11.982 -11.704 -11.44 -11.244 -11.167 -11.71 -11.877 -11.579 -10.581 -10.088 -9.502 -11.751
0.023532 -12.029 -12.136 -12.196 -12.237 -12.104 -11.889 -12.114 -12.223 -12.1 -11.88 -11.605 -11.256 -12.228 -12.038 -11.736 -11.473 -11.205 -12.025 -11.75 -11.488 -11.293 -11.215 -11.756 -11.922 -11.626 -10.632 -10.14 -9.555 -11.796
0.024244 -12.052 -12.163 -12.226 -12.275 -12.146 -11.934 -12.147 -12.262 -12.143 -11.926 -11.652 -11.305 -12.267 -12.082 -11.782 -11.521 -11.254 -12.069 -11.797 -11.536 -11.341 -11.263 -11.802 -11.966 -11.673 -10.683 -10.192 -9.608 -11.841
0.024977 -12.074 -12.189 -12.256 -12.313 -12.188 -11.979 -12.18 -12.3 -12.185 -11.971 -11.7 -11.354 -12.305 -12.125 -11.829 -11.569 -11.303 -12.112 -11.843 -11.584 -11.39 -11.311 -11.847 -12.011 -11.72 -10.734 -10.244 -9.661 -11.886
0.025733 -12.096 -12.215 -12.286 -12.351 -12.23 -12.024 -12.213 -12.339 -12.227 -12.016 -11.747 -11.403 -12.343 -12.168 -11.875 -11.617 -11.353 -12.155 -11.889 -11.632 -11.438 -11.359 -11.893 -12.055 -11.767 -10.785 -10.296 -9.714 -11.931
0.026511 -12.117 -12.24 -12.315 -12.389 -12.272 -12.069 -12.245 -12.377 -12.268 -12.061 -11.794 -11.452 -12.382 -12.21 -11.921 -11.665 -11.402 -12.198 -11.935 -11.679 -11.487 -11.407 -11.938 -12.099 -11.814 -10.836 -10.348 -9.766 -11.976
0.027313 -12.138 -12.265 -12.344 -12.426 -12.313 -12.113 -12.277 -12.415 -12.31 -12.105 -11.841 -11.501 -12.419 -12.253 -11.967 -11.712 -11.451 -12.241 -11.981 -11.727 -11.535 -11.455 -11.983 -12.143 -11.861 -10.887 -10.4 -9.819 -12.02
0.028139 -12.158 -12.29 -12.373 -12.463 -12.354 -12.158 -12.309 -12.453 -12.351 -12.15 -11.887 -11.55 -12.457 -12.295 -12.013 -11.76 -11.5 -12.284 -12.026 -11.774 -11.583 -11.503 -12.029 -12.187 -11.907 -10.938 -10.452 -9.872 -12.065
0.02899 -12.179 -12.314 -12.402 -12.5 -12.395 -12.202 -12.341 -12.49 -12.392 -12.194 -11.934 -11.598 -12.494 -12.338 -12.059 -11.808 -11.549 -12.327 -12.072 -11.822 -11.631 -11.551 -12.074 -12.231 -11.954 -10.988 -10.504 -9.924 -12.109
0.029867 -12.198 -12.338 -12.43 -12.536 -12.436 -12.247 -12.372 -12.527 -12.433 -12.238 -11.981 -11.647 -12.532 -12.38 -12.105 -11.855 -11.597 -12.369 -12.118 -11.869 -11.68 -11.599 -12.119 -12.274 -12.0 -11.039 -10.555 -9.977 -12.154
0.03077 -12.217 -12.362 -12.458 -12.572 -12.477 -12.291 -12.404 -12.565 -12.474 -12.283 -12.027 -11.695 -12.569 -12.421 -12.15 -11.903 -11.646 -12.411 -12.163 -11.916 -11.728 -11.647 -12.163 -12.318 -12.047 -11.09 -10.607 -10.029 -12.198
0.031701 -12.236 -12.385 -12.485 -12.608 -12.518 -12.335 -12.435 -12.601 -12.515 -12.327 -12.073 -11.744 -12.605 -12.463 -12.196 -11.95 -11.695 -12.453 -12.208 -11.963 -11.776 -11.694 -12.208 -12.361 -12.093 -11.14 -10.659 -10.082 -12.242
0.032659 -12.255 -12.407 -12.512 -12.644 -12.558 -12.378 -12.465 -12.638 -12.555 -12.37 -12.119 -11.792 -12.642 -12.505 -12.241 -11.997 -11.743 -12.495 -12.253 -12.01 -11.823 -11.742 -12.253 -12.404 -12.139 -11.191 -10.71 -10.134 -12.285
0.033647 -12.273 -12.43 -12.539 -12.68 -12.598 -12.422 -12.496 -12.674 -12.595 -12.414 -12.165 -11.84 -12.678 -12.546 -12.286 -12.044 -11.792 -12.537 -12.298 -12.057 -11.871 -11.79 -12.297 -12.447 -12.185 -11.241 -10.762 -10.187 -12.329
0.034665 -12.29 -12.451 -12.565 -12.715 -12.638 -12.465 -12.526 -12.71 -12.635 -12.458 -12.211 -11.888 -12.714 -12.587 -12.331 -12.091 -11.84 -12.578 -12.343 -12.104 -11.919 -11.837 -12.341 -12.49 -12.23 -11.291 -10.813 -10.239 -12.373
0.035713 -12.307 -12.473 -12.591 -12.75 -12.678 -12.509 -12.556 -12.746 -12.675 -12.501 -12.257 -11.936 -12.75 -12.628 -12.376 -12.138 -11.888 -12.62 -12.388 -12.15 -11.966 -11.885 -12.385 -12.532 -12.276 -11.342 -10.865 -10.291 -12.416
0.036793 -12.324 -12.494 -12.617 -12.785 -12.717 -12.552 -12.586 -12.782 -12.714 -12.544 -12.303 -11.984 -12.785 -12.669 -12.421 -12.185 -11.937 -12.661 -12.432 -12.197 -12.014 -11.932 -12.429 -12.575 -12.322 -11.392 -10.916 -10.344 -12.459
0.037906 -12.34 -12.515 -12.643 -12.819 -12.757 -12.595 -12.615 -12.817 -12.754 -12.587 -12.349 -12.032 -12.82 -12.71 -12.465 -12.231 -11.985 -12.702 -12.477 -12.243 -12.061 -11.979 -12.473 -12.617 -12.367 -11.442 -10.967 -10.396 -12.502
0.039052 -12.356 -12.535 -12.668 -12.854 -12.796 -12.638 -12.645 -12.852 -12.793 -12.63 -12.394 -12.079 -12.855 -12.75 -12.51 -12.278 -12.033 -12.743 -12.521 -12.29 -12.109 -12.027 -12.517 -12.659 -12.412 -11.492 -11.019 -10.448 -12.545
0.040234 -12.372 -12.554 -12.692 -12.888 -12.835 -12.68 -12.674 -12.887 -12.832 -12.673 -12.439 -12.127 -12.89 -12.79 -12.554 -12.324 -12.081 -12.783 -12.565 -12.336 -12.156 -12.074 -12.56 -12.701 -12.458 -11.542 -11.07 -10.5 -12.588
0.04145 -12.387 -12.574 -12.717 -12.921 -12.874 -12.723 -12.703 -12.922 -12.871 -12.715 -12.485 -12.175 -12.924 -12.83 -12.598 -12.371 -12.129 -12.824 -12.609 -12.382 -12.203 -12.121 -12.604 -12.743 -12.503 -11.592 -11.121 -10.552 -12.631
0.042704 -12.401 -12.592 -12.74 -12.955 -12.912 -12.765 -12.731 -12.956 -12.909 -12.758 -12.53 -12.222 -12.958 -12.87 -12.642 -12.417 -12.176 -12.864 -12.653 -12.428 -12.25 -12.168 -12.647 -12.784 -12.548 -11.642 -11.172 -10.604 -12.673
0.043996 -12.415 -12.611 -12.764 -12.988 -12.951 -12.807 -12.759 -12.99 -12.948 -12.8 -12.575 -12.269 -12.992 -12.91 -12.686 -12.463 -12.224 -12.904 -12.697 -12.474 -12.297 -12.215 -12.69 -12.826 -12.592 -11.692 -11.223 -10.656 -12.716
0.045326 -12.429 -12.629 -12.787 -13.021 -12.989 -12.85 -12.788 -13.024 -12.986 -12.842 -12.619 -12.316 -13.026 -12.949 -12.73 -12.509 -12.272 -12.944 -12.741 -12.52 -12.344 -12.262 -12.733 -12.867 -12.637 -11.742 -11.274 -10.708 -12.758
0.046697 -12.442 -12.646 -12.81 -13.053 -13.027 -12.891 -12.815 -13.057 -13.024 -12.884 -12.664 -12.364 -13.059 -12.989 -12.774 -12.555 -12.319 -12.984 -12.784 -12.566 -12.391 -12.309 -12.776 -12.908 -12.682 -11.792 -11.325 -10.76 -12.8
0.048109 -12.454 -12.663 -12.832 -13.085 -13.064 -12.933 -12.843 -13.09 -13.061 -12.926 -12.709 -12.411 -13.092 -13.028 -12.817 -12.601 -12.366 -13.023 -12.828 -12.611 -12.438 -12.356 -12.819 -12.949 -12.726 -11.841 -11.376 -10.812 -12.842
0.049564 -12.467 -12.68 -12.854 -13.117 -13.102 -12.975 -12.87 -13.123 -13.099 -12.968 -12.753 -12.458 -13.125 -13.067 -12.861 -12.646 -12.414 -13.063 -12.871 -12.657 -12.484 -12.402 -12.861 -12.99 -12.77 -11.891 -11.427 -10.864 -12.884
0.051063 -12.478 -12.696 -12.876 -13.149 -13.139 -13.016 -12.897 -13.156 -13.136 -13.009 -12.798 -12.504 -13.158 -13.105 -12.904 -12.692 -12.461 -13.102 -12.914 -12.702 -12.531 -12.449 -12.903 -13.03 -12.814 -11.941 -11.478 -10.916 -12.925
0.052608 -12.489 -12.711 -12.897 -13.18 -13.176 -13.057 -12.924 -13.188 -13.173 -13.05 -12.842 -12.551 -13.19 -13.144 -12.947 -12.737 -12.508 -13.141 -12.957 -12.747 -12.577 -12.496 -12.946 -13.071 -12.858 -11.99 -11.528 -10.968 -12.966
0.054199 -12.5 -12.726 -12.918 -13.212 -13.213 -13.098 -12.951 -13.22 -13.21 -13.091 -12.886 -12.598 -13.222 -13.182 -12.99 -12.782 -12.555 -13.18 -13.0 -12.792 -12.624 -12.542 -12.988 -13.111 -12.902 -12.039 -11.579 -11.02 -13.008
0.055838 -12.51 -12.741 -12.938 -13.242 -13.249 -13.139 -12.977 -13.252 -13.246 -13.132 -12.93 -12.644 -13.253 -13.22 -13.032 -12.828 -12.602 -13.218 -13.042 -12.837 -12.67 -12.589 -13.029 -13.151 -12.946 -12.089 -11.63 -11.071 -13.049
0.057527 -12.52 -12.755 -12.959 -13.273 -13.285 -13.18 -13.003 -13.284 -13.283 -13.173 -12.973 -12.691 -13.284 -13.258 -13.075 -12.873 -12.648 -13.256 -13.085 -12.882 -12.716 -12.635 -13.071 -13.191 -12.99 -12.138 -11.68 -11.123 -13.09
0.059267 -12.529 -12.769 -12.978 -13.303 -13.321 -13.22 -13.029 -13.315 -13.319 -13.213 -13.017 -12.737 -13.315 -13.295 -13.117 -12.918 -12.695 -13.295 -13.127 -12.927 -12.762 -12.681 -13.113 -13.23 -13.033 -12.187 -11.731 -11.175 -13.13
0.061059 -12.538 -12.782 -12.997 -13.333 -13.357 -13.26 -13.055 -13.346 -13.355 -13.254 -13.061 -12.783 -13.346 -13.333 -13.16 -12.962 -12.742 -13.333 -13.169 -12.972 -12.808 -12.727 -13.154 -13.27 -13.076 -12.236 -11.781 -11.226 -13.171
0.062906 -12.546 -12.794 -13.016 -13.362 -13.393 -13.3 -13.08 -13.376 -13.39 -13.294 -13.104 -12.829 -13.376 -13.37 -13.202 -13.007 -12.788 -13.37 -13.211 -13.016 -12.854 -12.774 -13.195 -13.309 -13.119 -12.285 -11.832 -11.278 -13.211
0.064808 -12.554 -12.807 -13.034 -13.391 -13.428 -13.34 -13.105 -13.407 -13.426 -13.334 -13.147 -12.875 -13.407 -13.407 -13.244 -13.051 -12.834 -13.408 -13.253 -13.061 -12.9 -12.82 -13.236 -13.348 -13.162 -12.334 -11.882 -11.329 -13.252
0.066769 -12.561 -12.818 -13.052 -13.42 -13.463 -13.38 -13.13 -13.437 -13.461 -13.374 -13.19 -12.921 -13.436 -13.444 -13.285 -13.096 -12.881 -13.445 -13.295 -13.105 -12.945 -12.866 -13.277 -13.387 -13.205 -12.383 -11.932 -11.381 -13.292
0.068788 -12.568 -12.829 -13.07 -13.449 -13.498 -13.42 -13.154 -13.466 -13.496 -13.413 -13.233 -12.967 -13.466 -13.48 -13.327 -13.14 -12.927 -13.482 -13.336 -13.149 -12.991 -12.911 -13.318 -13.426 -13.248 -12.432 -11.983 -11.432 -13.332
0.070868 -12.574 -12.84 -13.087 -13.477 -13.532 -13.459 -13.179 -13.495 -13.53 -13.453 -13.276 -13.012 -13.495 -13.516 -13.369 -13.184 -12.973 -13.519 -13.377 -13.193 -13.036 -12.957 -13.359 -13.464 -13.29 -12.481 -12.033 -11.483 -13.371
0.073012 -12.58 -12.85 -13.104 -13.505 -13.567 -13.498 -13.203 -13.524 -13.564 -13.492 -13.318 -13.058 -13.523 -13.552 -13.41 -13.228 -13.019 -13.555 -13.419 -13.237 -13.082 -13.003 -13.399 -13.502 -13.333 -12.529 -12.083 -11.535 -13.411
0.07522 -12.585 -12.859 -13.12 -13.532 -13.601 -13.537 -13.227 -13.553 -13.598 -13.531 -13.361 -13.103 -13.552 -13.588 -13.451 -13.272 -13.065 -13.592 -13.46 -13.281 -13.127 -13.049 -13.439 -13.54 -13.375 -12.578 -12.133 -11.586 -13.45
0.077495 -12.59 -12.868 -13.136 -13.559 -13.634 -13.576 -13.25 -13.581 -13.632 -13.57 -13.403 -13.148 -13.58 -13.623 -13.492 -13.316 -13.11 -13.628 -13.501 -13.324 -13.172 -13.094 -13.479 -13.578 -13.417 -12.626 -12.183 -11.637 -13.489
0.079839 -12.594 -12.876 -13.151 -13.586 -13.668 -13.614 -13.273 -13.609 -13.666 -13.608 -13.445 -13.194 -13.608 -13.659 -13.533 -13.359 -13.156 -13.664 -13.541 -13.368 -13.217 -13.14 -13.519 -13.616 -13.459 -12.675 -12.233 -11.688 -13.528
0.082253 -12.597 -12.884 -13.166 -13.613 -13.701 -13.652 -13.296 -13.637 -13.699 -13.647 -13.487 -13.239 -13.635 -13.694 -13.573 -13.403 -13.201 -13.699 -13.582 -13.411 -13.262 -13.185 -13.559 -13.653 -13.501 -12.723 -12.283 -11.74 -13.567
0.084741 -12.6 -12.891 -13.18 -13.639 -13.734 -13.69 -13.319 -13.664 -13.732 -13.685 -13.529 -13.283 -13.662 -13.728 -13.613 -13.446 -13.247 -13.735 -13.622 -13.454 -13.307 -13.23 -13.598 -13.69 -13.542 -12.771 -12.333 -11.791 -13.606
0.087304 -12.603 -12.898 -13.194 -13.664 -13.767 -13.728 -13.341 -13.691 -13.765 -13.723 -13.571 -13.328 -13.689 -13.763 -13.654 -13.489 -13.292 -13.77 -13.662 -13.497 -13.351 -13.275 -13.637 -13.727 -13.584 -12.82 -12.382 -11.842 -13.644
0.089944 -12.604 -12.904 -13.207 -13.69 -13.799 -13.766 -13.364 -13.718 -13.797 -13.761 -13.612 -13.373 -13.715 -13.797 -13.694 -13.532 -13.337 -13.805 -13.702 -13.54 -13.396 -13.32 -13.677 -13.764 -13.625 -12.868 -12.432 -11.893 -13.683
0.092665 -12.606 -12.909 -13.22 -13.715 -13.831 -13.803 -13.386 -13.744 -13.829 -13.798 -13.653 -13.417 -13.741 -13.831 -13.733 -13.575 -13.382 -13.84 -13.742 -13.583 -13.44 -13.365 -13.715 -13.8 -13.666 -12.916 -12.482 -11.944 -13.721
0.095467 -12.606 -12.914 -13.233 -13.739 -13.863 -13.84 -13.407 -13.77 -13.861 -13.835 -13.694 -13.462 -13.767 -13.865 -13.773 -13.617 -13.427 -13.874 -13.781 -13.625 -13.484 -13.41 -13.754 -13.837 -13.707 -12.964 -12.531 -11.995 -13.758
0.098355 -12.607 -12.918 -13.245 -13.764 -13.894 -13.877 -13.429 -13.795 -13.893 -13.872 -13.735 -13.506 -13.792 -13.898 -13.812 -13.66 -13.471 -13.908 -13.821 -13.668 -13.529 -13.455 -13.793 -13.873 -13.747 -13.012 -12.581 -12.046 -13.796
0.101329 -12.606 -12.922 -13.256 -13.787 -13.925 -13.914 -13.45 -13.82 -13.924 -13.909 -13.776 -13.55 -13.817 -13.931 -13.852 -13.702 -13.516 -13.942 -13.86 -13.71 -13.573 -13.5 -13.831 -13.908 -13.788 -13.059 -12.63 -12.096 -13.834
0.104394 -12.605 -12.925 -13.267 -13.811 -13.956 -13.951 -13.471 -13.845 -13.955 -13.946 -13.817 -13.594 -13.841 -13.964 -13.891 -13.744 -13.561 -13.976 -13.899 -13.752 -13.616 -13.544 -13.869 -13.944 -13.828 -13.107 -12.68 -12.147 -13.871
0.107551 -12.604 -12.927 -13.278 -13.834 -13.987 -13.987 -13.491 -13.869 -13.985 -13.982 -13.857 -13.638 -13.865 -13.997 -13.929 -13.787 -13.605 -14.009 -13.938 -13.794 -13.66 -13.589 -13.907 -13.979 -13.869 -13.155 -12.729 -12.198 -13.908
0.110804 -12.602 -12.929 -13.288 -13.856 -14.017 -14.023 -13.511 -13.893 -14.016 -14.018 -13.897 -13.682 -13.889 -14.029 -13.968 -13.828 -13.649 -14.042 -13.976 -13.836 -13.704 -13.633 -13.945 -14.014 -13.908 -13.202 -12.778 -12.249 -13.945
0.114155 -12.599 -12.93 -13.297 -13.879 -14.047 -14.059 -13.531 -13.917 -14.046 -14.054 -13.937 -13.725 -13.912 -14.061 -14.007 -13.87 -13.693 -14.075 -14.014 -13.878 -13.747 -13.677 -13.982 -14.049 -13.948 -13.249 -12.827 -12.299 -13.981
0.117608 -12.596 -12.931 -13.306 -13.9 -14.077 -14.094 -13.551 -13.94 -14.075 -14.09 -13.977 -13.769 -13.935 -14.093 -14.045 -13.912 -13.737 -14.108 -14.053 -13.919 -13.791 -13.721 -14.02 -14.083 -13.988 -13.297 -12.877 -12.35 -14.018
0.121165 -12.592 -12.93 -13.314 -13.922 -14.106 -14.129 -13.571 -13.963 -14.105 -14.125 -14.017 -13.812 -13.957 -14.124 -14.083 -13.953 -13.781 -14.14 -14.091 -13.961 -13.834 -13.765 -14.057 -14.118 -14.027 -13.344 -12.926 -12.4 -14.054
0.124829 -12.587 -12.93 -13.322 -13.943 -14.135 -14.164 -13.59 -13.985 -14.134 -14.16 -14.056 -13.855 -13.979 -14.156 -14.12 -13.994 -13.824 -14.172 -14.128 -14.002 -13.877 -13.809 -14.093 -14.152 -14.066 -13.391 -12.975 -12.451 -14.09
0.128605 -12.582 -12.928 -13.33 -13.963 -14.163 -14.199 -13.609 -14.007 -14.162 -14.195 -14.096 -13.898 -14.001 -14.186 -14.158 -14.035 -13.868 -14.203 -14.166 -14.043 -13.92 -13.853 -14.13 -14.186 -14.105 -13.438 -13.023 -12.501 -14.126
0.132494 -12.577 -12.926 -13.336 -13.983 -14.192 -14.234 -13.627 -14.028 -14.191 -14.23 -14.135 -13.941 -14.022 -14.217 -14.195 -14.076 -13.911 -14.235 -14.203 -14.084 -13.963 -13.897 -14.167 -14.219 -14.144 -13.485 -13.072 -12.551 -14.161
0.136502 -12.57 -12.923 -13.343 -14.003 -14.22 -14.268 -13.645 -14.05 -14.219 -14.264 -14.174 -13.984 -14.043 -14.247 -14.232 -14.117 -13.955 -14.266 -14.24 -14.124 -14.005 -13.94 -14.203 -14.252 -14.183 -13.532 -13.121 -12.602 -14.196
0.14063 -12.564 -12.92 -13.348 -14.022 -14.247 -14.302 -13.663 -14.07 -14.246 -14.298 -14.212 -14.026 -14.063 -14.277 -14.269 -14.157 -13.998 -14.297 -14.277 -14.165 -14.048 -13.984 -14.239 -14.285 -14.221 -13.578 -13.17 -12.652 -14.231
0.144883 -12.556 -12.915 -13.353 -14.04 -14.274 -14.335 -13.681 -14.09 -14.274 -14.332 -14.251 -14.069 -14.083 -14.306 -14.306 -14.197 -14.04 -14.327 -14.313 -14.205 -14.09 -14.027 -14.274 -14.318 -14.259 -13.625 -13.218 -12.702 -14.266
0.149265 -12.548 -12.91 -13.358 -14.059 -14.301 -14.369 -13.699 -14.11 -14.301 -14.366 -14.289 -14.111 -14.102 -14.336 -14.342 -14.237 -14.083 -14.357 -14.35 -14.245 -14.132 -14.07 -14.31 -14.35 -14.297 -13.672 -13.267 -12.752 -14.301
0.15378 -12.539 -12.905 -13.362 -14.076 -14.328 -14.402 -13.716 -14.129 -14.327 -14.399 -14.327 -14.153 -14.121 -14.365 -14.378 -14.277 -14.126 -14.387 -14.386 -14.285 -14.174 -14.113 -14.345 -14.382 -14.335 -13.718 -13.315 -12.802 -14.335
0.15843 -12.53 -12.898 -13.365 -14.094 -14.354 -14.435 -13.732 -14.148 -14.354 -14.432 -14.365 -14.195 -14.139 -14.393 -14.414 -14.317 -14.168 -14.417 -14.422 -14.325 -14.216 -14.156 -14.38 -14.414 -14.373 -13.764 -13.364 -12.852 -14.369
0.163222 -12.52 -12.891 -13.368 -14.11 -14.38 -14.467 -13.749 -14.167 -14.379 -14.465 -14.402 -14.236 -14.157 -14.421 -14.45 -14.357 -14.211 -14.446 -14.457 -14.364 -14.258 -14.199 -14.415 -14.446 -14.41 -13.811 -13.412 -12.902 -14.403
0.168159 -12.509 -12.883 -13.371 -14.127 -14.405 -14.5 -13.765 -14.184 -14.405 -14.497 -14.44 -14.278 -14.175 -14.449 -14.485 -14.396 -14.253 -14.475 -14.493 -14.403 -14.299 -14.242 -14.45 -14.477 -14.447 -13.857 -13.46 -12.952 -14.437
0.173245 -12.498 -12.875 -13.372 -14.143 -14.43 -14.531 -13.781 -14.202 -14.43 -14.529 -14.477 -14.319 -14.192 -14.477 -14.52 -14.435 -14.295 -14.503 -14.528 -14.443 -14.341 -14.284 -14.484 -14.508 -14.484 -13.903 -13.508 -13.002 -14.47
0.178484 -12.486 -12.865 -13.373 -14.158 -14.455 -14.563 -13.797 -14.219 -14.455 -14.561 -14.514 -14.361 -14.208 -14.504 -14.555 -14.474 -14.336 -14.531 -14.563 -14.481 -14.382 -14.326 -14.518 -14.538 -14.52 -13.948 -13.556 -13.052 -14.503
0.183882 -12.474 -12.855 -13.374 -14.173 -14.479 -14.594 -13.812 -14.235 -14.479 -14.592 -14.551 -14.402 -14.224 -14.531 -14.59 -14.513 -14.378 -14.559 -14.597 -14.52 -14.423 -14.369 -14.552 -14.569 -14.557 -13.994 -13.604 -13.101 -14.536
0.189444 -12.461 -12.844 -13.373 -14.187 -14.502 -14.625 -13.827 -14.251 -14.503 -14.624 -14.587 -14.442 -14.24 -14.557 -14.624 -14.551 -14.419 -14.587 -14.632 -14.559 -14.464 -14.411 -14.585 -14.598 -14.593 -14.04 -13.652 -13.151 -14.569
0.195173 -12.447 -12.832 -13.373 -14.201 -14.526 -14.656 -13.841 -14.267 -14.526 -14.654 -14.623 -14.483 -14.255 -14.583 -14.658 -14.589 -14.461 -14.614 -14.666 -14.597 -14.505 -14.453 -14.618 -14.628 -14.629 -14.085 -13.7 -13.201 -14.601
0.201076 -12.432 -12.82 -13.371 -14.214 -14.549 -14.686 -13.856 -14.282 -14.549 -14.685 -14.659 -14.524 -14.269 -14.609 -14.692 -14.627 -14.502 -14.64 -14.7 -14.635 -14.545 -14.494 -14.651 -14.657 -14.664 -14.131 -13.747 -13.25 -14.633
0.207158 -12.417 -12.806 -13.369 -14.226 -14.571 -14.716 -13.87 -14.296 -14.572 -14.715 -14.695 -14.564 -14.283 -14.634 -14.725 -14.665 -14.543 -14.667 -14.733 -14.673 -14.585 -14.536 -14.684 -14.686 -14.7 -14.176 -13.795 -13.3 -14.665
0.213423 -12.402 -12.792 -13.366 -14.239 -14.593 -14.746 -13.883 -14.31 -14.594 -14.745 -14.73 -14.604 -14.297 -14.659 -14.759 -14.703 -14.583 -14.693 -14.766 -14.71 -14.626 -14.577 -14.716 -14.715 -14.735 -14.221 -13.842 -13.349 -14.697
0.219878 -12.385 -12.777 -13.363 -14.25 -14.615 -14.776 -13.897 -14.323 -14.616 -14.775 -14.765 -14.644 -14.309 -14.683 -14.791 -14.74 -14.624 -14.718 -14.799 -14.748 -14.665 -14.619 -14.749 -14.743 -14.77 -14.266 -13.89 -13.398 -14.728
0.226528 -12.368 -12.761 -13.359 -14.261 -14.636 -14.805 -13.91 -14.336 -14.637 -14.804 -14.8 -14.684 -14.322 -14.708 -14.824 -14.777 -14.664 -14.744 -14.832 -14.785 -14.705 -14.66 -14.78 -14.771 -14.804 -14.311 -13.937 -13.448 -14.759
0.233379 -12.351 -12.745 -13.354 -14.271 -14.657 -14.833 -13.922 -14.348 -14.658 -14.833 -14.835 -14.723 -14.333 -14.731 -14.856 -14.814 -14.704 -14.769 -14.864 -14.822 -14.745 -14.701 -14.812 -14.799 -14.839 -14.356 -13.984 -13.497 -14.79
0.240437 -12.333 -12.727 -13.349 -14.281 -14.677 -14.862 -13.934 -14.36 -14.679 -14.861 -14.87 -14.762 -14.345 -14.754 -14.888 -14.851 -14.744 -14.793 -14.896 -14.859 -14.784 -14.741 -14.843 -14.826 -14.873 -14.4 -14.031 -13.546 -14.82
0.247709 -12.314 -12.709 -13.342 -14.291 -14.697 -14.889 -13.946 -14.371 -14.699 -14.889 -14.904 -14.802 -14.355 -14.777 -14.92 -14.887 -14.784 -14.817 -14.928 -14.895 -14.823 -14.782 -14.874 -14.853 -14.906 -14.445 -14.078 -13.595 -14.851
0.255201 -12.294 -12.689 -13.336 -14.299 -14.717 -14.917 -13.958 -14.381 -14.718 -14.917 -14.937 -14.84 -14.365 -14.8 -14.952 -14.923 -14.824 -14.841 -14.96 -14.931 -14.862 -14.822 -14.905 -14.88 -14.94 -14.489 -14.125 -13.644 -14.88
0.262919 -12.274 -12.669 -13.328 -14.307 -14.735 -14.944 -13.969 -14.391 -14.737 -14.945 -14.971 -14.879 -14.374 -14.822 -14.983 -14.959 -14.863 -14.864 -14.991 -14.967 -14.901 -14.863 -14.935 -14.906 -14.973 -14.533 -14.172 -13.693 -14.91
0.270871 -12.253 -12.648 -13.32 -14.315 -14.754 -14.971 -13.98 -14.401 -14.756 -14.972 -15.004 -14.917 -14.383 -14.843 -15.013 -14.995 -14.902 -14.887 -15.021 -15.003 -14.939 -14.903 -14.965 -14.931 -15.006 -14.577 -14.219 -13.741 -14.939
0.279064 -12.232 -12.626 -13.311 -14.321 -14.772 -14.997 -13.991 -14.409 -14.774 -14.998 -15.037 -14.956 -14.391 -14.864 -15.044 -15.03 -14.941 -14.909 -15.052 -15.038 -14.978 -14.943 -14.995 -14.957 -15.039 -14.621 -14.265 -13.79 -14.968
0.287504 -12.21 -12.603 -13.301 -14.328 -14.789 -15.024 -14.001 -14.418 -14.792 -15.025 -15.07 -14.994 -14.399 -14.885 -15.074 -15.065 -14.98 -14.931 -15.082 -15.073 -15.016 -14.982 -15.025 -14.982 -15.071 -14.665 -14.312 -13.839 -14.997
0.296199 -12.187 -12.578 -13.291 -14.333 -14.806 -15.049 -14.01 -14.425 -14.809 -15.051 -15.102 -15.031 -14.406 -14.905 -15.104 -15.1 -15.018 -14.953 -15.112 -15.108 -15.054 -15.022 -15.054 -15.006 -15.103 -14.709 -14.358 -13.887 -15.025
0.305157 -12.164 -12.553 -13.28 -14.338 -14.823 -15.074 -14.02 -14.432 -14.825 -15.076 -15.135 -15.069 -14.412 -14.925 -15.133 -15.134 -15.056 -14.974 -15.141 -15.143 -15.091 -15.061 -15.082 -15.031 -15.134 -14.752 -14.404 -13.936 -15.053
0.314387 -12.14 -12.528 -13.268 -14.342 -14.838 -15.099 -14.029 -14.438 -14.841 -15.101 -15.166 -15.106 -14.418 -14.944 -15.162 -15.169 -15.094 -14.994 -15.17 -15.177 -15.129 -15.1 -15.111 -15.054 -15.166 -14.795 -14.45 -13.984 -15.081
0.323895 -12.116 -12.501 -13.255 -14.345 -14.854 -15.124 -14.037 -14.444 -14.857 -15.126 -15.198 -15.143 -14.423 -14.963 -15.191 -15.202 -15.132 -15.015 -15.199 -15.211 -15.166 -15.139 -15.139 -15.078 -15.197 -14.839 -14.496 -14.032 -15.108
0.333691 -12.091 -12.473 -13.242 -14.348 -14.868 -15.148 -14.046 -14.449 -14.872 -15.15 -15.229 -15.18 -14.427 -14.981 -15.219 -15.236 -15.17 -15.034 -15.228 -15.245 -15.203 -15.178 -15.167 -15.101 -15.228 -14.882 -14.542 -14.08 -15.135
0.343783 -12.065 -12.444 -13.227 -14.35 -14.883 -15.171 -14.053 -14.453 -14.887 -15.174 -15.26 -15.217 -14.431 -14.999 -15.247 -15.269 -15.207 -15.053 -15.256 -15.279 -15.239 -15.216 -15.194 -15.123 -15.258 -14.924 -14.588 -14.129 -15.162
0.354181 -12.039 -12.414 -13.212 -14.352 -14.896 -15.194 -14.061 -14.457 -14.9 -15.197 -15.29 -15.253 -14.433 -15.016 -15.274 -15.303 -15.244 -15.072 -15.283 -15.312 -15.276 -15.255 -15.221 -15.145 -15.288 -14.967 -14.634 -14.177 -15.188
0.364893 -12.012 -12.382 -13.196 -14.352 -14.91 -15.217 -14.068 -14.459 -14.914 -15.22 -15.32 -15.289 -14.436 -15.033 -15.301 -15.335 -15.281 -15.09 -15.31 -15.345 -15.312 -15.293 -15.248 -15.167 -15.318 -15.01 -14.679 -14.225 -15.214
0.375929 -11.985 -12.35 -13.18 -14.352 -14.922 -15.239 -14.074 -14.462 -14.927 -15.243 -15.35 -15.325 -14.437 -15.049 -15.328 -15.368 -15.317 -15.108 -15.337 -15.377 -15.348 -15.33 -15.274 -15.188 -15.347 -15.052 -14.725 -14.272 -15.24
0.387298 -11.957 -12.317 -13.162 -14.352 -14.934 -15.261 -14.08 -14.463 -14.939 -15.265 -15.38 -15.36 -14.438 -15.065 -15.355 -15.4 -15.354 -15.125 -15.364 -15.409 -15.383 -15.368 -15.3 -15.209 -15.376 -15.094 -14.77 -14.32 -15.265
0.399012 -11.929 -12.283 -13.144 -14.35 -14.945 -15.282 -14.086 -14.464 -14.95 -15.286 -15.409 -15.396 -14.438 -15.08 -15.38 -15.432 -15.39 -15.142 -15.39 -15.441 -15.419 -15.405 -15.326 -15.229 -15.405 -15.136 -14.815 -14.368 -15.29
0.41108 -11.901 -12.247 -13.125 -14.348 -14.956 -15.303 -14.091 -14.464 -14.961 -15.307 -15.437 -15.43 -14.437 -15.094 -15.406 -15.463 -15.425 -15.158 -15.416 -15.473 -15.454 -15.443 -15.351 -15.249 -15.433 -15.178 -14.86 -14.415 -15.315
0.423513 -11.871 -12.211 -13.105 -14.345 -14.966 -15.323 -14.096 -14.463 -14.972 -15.328 -15.466 -15.465 -14.435 -15.108 -15.431 -15.494 -15.461 -15.174 -15.441 -15.504 -15.488 -15.479 -15.376 -15.268 -15.461 -15.219 -14.905 -14.463 -15.339
0.436321 -11.842 -12.173 -13.084 -14.341 -14.976 -15.343 -14.101 -14.461 -14.981 -15.348 -15.494 -15.5 -14.433 -15.122 -15.456 -15.525 -15.496 -15.189 -15.466 -15.535 -15.523 -15.516 -15.4 -15.287 -15.488 -15.261 -14.949 -14.51 -15.363
0.449518 -11.812 -12.134 -13.062 -14.336 -14.985 -15.362 -14.105 -14.459 -14.991 -15.368 -15.521 -15.534 -14.43 -15.134 -15.48 -15.555 -15.531 -15.203 -15.49 -15.566 -15.557 -15.552 -15.424 -15.305 -15.515 -15.302 -14.994 -14.557 -15.387
0.463113 -11.782 -12.094 -13.04 -14.33 -14.993 -15.381 -14.108 -14.456 -14.999 -15.387 -15.548 -15.567 -14.426 -15.147 -15.504 -15.585 -15.566 -15.217 -15.514 -15.596 -15.591 -15.589 -15.448 -15.323 -15.542 -15.343 -15.038 -14.604 -15.41
0.47712 -11.751 -12.052 -13.016 -14.324 -15.0 -15.399 -14.111 -14.452 -15.007 -15.405 -15.575 -15.601 -14.421 -15.158 -15.527 -15.615 -15.6 -15.231 -15.537 -15.626 -15.625 -15.624 -15.471 -15.34 -15.568 -15.384 -15.083 -14.651 -15.432
0.49155 -11.72 -12.01 -12.992 -14.317 -15.007 -15.417 -14.114 -14.447 -15.014 -15.423 -15.602 -15.634 -14.416 -15.169 -15.55 -15.644 -15.634 -15.244 -15.561 -15.655 -15.658 -15.66 -15.494 -15.357 -15.594 -15.424 -15.127 -14.698 -15.455
0.506416 -11.689 -11.966 -12.967 -14.309 -15.013 -15.434 -14.116 -14.442 -15.021 -15.441 -15.628 -15.667 -14.409 -15.18 -15.572 -15.673 -15.668 -15.256 -15.583 -15.684 -15.691 -15.695 -15.516 -15.373 -15.62 -15.465 -15.171 -14.745 -15.477
0.521733 -11.657 -11.921 -12.94 -14.3 -15.019 -15.45 -14.117 -14.435 -15.026 -15.458 -15.653 -15.699 -14.402 -15.189 -15.594 -15.702 -15.701 -15.267 -15.605 -15.713 -15.723 -15.73 -15.538 -15.389 -15.645 -15.505 -15.215 -14.792 -15.498
0.537512 -11.626 -11.875 -12.913 -14.29 -15.024 -15.466 -14.118 -14.428 -15.032 -15.474 -15.678 -15.732 -14.394 -15.199 -15.616 -15.73 -15.734 -15.278 -15.627 -15.741 -15.756 -15.765 -15.56 -15.404 -15.669 -15.545 -15.258 -14.838 -15.519
0.553769 -11.594 -11.827 -12.885 -14.279 -15.028 -15.482 -14.119 -14.42 -15.036 -15.49 -15.703 -15.763 -14.385 -15.207 -15.637 -15.758 -15.767 -15.289 -15.648 -15.769 -15.788 -15.8 -15.581 -15.419 -15.693 -15.585 -15.302 -14.885 -15.54
0.570517 -11.562 -11.778 -12.856 -14.268 -15.031 -15.497 -14.119 -14.411 -15.04 -15.506 -15.727 -15.795 -14.375 -15.215 -15.657 -15.785 -15.799 -15.299 -15.669 -15.797 -15.819 -15.834 -15.601 -15.433 -15.717 -15.624 -15.345 -14.931 -15.56
0.587772 -11.53 -11.728 -12.826 -14.255 -15.033 -15.511 -14.119 -14.401 -15.043 -15.52 -15.751 -15.826 -14.364 -15.222 -15.677 -15.812 -15.831 -15.308 -15.689 -15.824 -15.851 -15.868 -15.621 -15.446 -15.74 -15.664 -15.388 -14.977 -15.58
0.605549 -11.498 -11.676 -12.795 -14.241 -15.035 -15.525 -14.118 -14.39 -15.045 -15.534 -15.774 -15.857 -14.352 -15.228 -15.696 -15.839 -15.863 -15.316 -15.708 -15.851 -15.882 -15.901 -15.641 -15.459 -15.763 -15.703 -15.431 -15.023 -15.599
0.623863 -11.467 -11.623 -12.763 -14.227 -15.036 -15.538 -14.116 -14.379 -15.046 -15.548 -15.797 -15.887 -14.339 -15.234 -15.715 -15.865 -15.894 -15.324 -15.728 -15.877 -15.912 -15.934 -15.66 -15.471 -15.786 -15.741 -15.474 -15.069 -15.618
0.642731 -11.435 -11.569 -12.73 -14.211 -15.037 -15.55 -14.114 -14.366 -15.047 -15.561 -15.82 -15.918 -14.326 -15.239 -15.734 -15.89 -15.925 -15.331 -15.746 -15.903 -15.942 -15.967 -15.679 -15.483 -15.807 -15.78 -15.517 -15.115 -15.637
0.66217 -11.403 -11.513 -12.696 -14.195 -15.036 -15.562 -14.111 -14.352 -15.047 -15.573 -15.842 -15.947 -14.311 -15.243 -15.751 -15.916 -15.956 -15.337 -15.764 -15.928 -15.972 -16.0 -15.697 -15.494 -15.829 -15.818 -15.559 -15.161 -15.655
0.682197 -11.372 -11.456 -12.661 -14.177 -15.035 -15.573 -14.108 -14.337 -15.046 -15.584 -15.863 -15.977 -14.295 -15.247 -15.769 -15.94 -15.986 -15.343 -15.782 -15.953 -16.002 -16.032 -15.715 -15.504 -15.85 -15.856 -15.601 -15.206 -15.673
0.70283 -11.341 -11.397 -12.625 -14.159 -15.032 -15.583 -14.104 -14.322 -15.044 -15.595 -15.884 -16.005 -14.278 -15.25 -15.785 -15.965 -16.016 -15.348 -15.798 -15.978 -16.031 -16.064 -15.732 -15.514 -15.87 -15.894 -15.643 -15.252 -15.69
0.724086 -11.311 -11.336 -12.588 -14.139 -15.029 -15.593 -14.1 -14.305 -15.042 -15.606 -15.905 -16.034 -14.261 -15.252 -15.801 -15.988 -16.046 -15.353 -15.815 -16.002 -16.059 -16.096 -15.748 -15.523 -15.89 -15.932 -15.685 -15.297 -15.706
0.745986 -11.281 -11.275 -12.55 -14.118 -15.025 -15.602 -14.095 -14.287 -15.038 -15.615 -15.924 -16.062 -14.242 -15.253 -15.817 -16.012 -16.075 -15.356 -15.831 -16.025 -16.088 -16.127 -15.764 -15.531 -15.909 -15.969 -15.727 -15.342 -15.722
0.768548 -11.251 -11.211 -12.51 -14.097 -15.021 -15.611 -14.09 -14.269 -15.034 -15.624 -15.944 -16.09 -14.222 -15.253 -15.831 -16.035 -16.104 -15.359 -15.846 -16.049 -16.116 -16.158 -15.78 -15.539 -15.928 -16.006 -15.768 -15.387 -15.738
0.791792 -11.222 -11.147 -12.47 -14.074 -15.015 -15.618 -14.083 -14.249 -15.029 -15.632 -15.963 -16.117 -14.201 -15.253 -15.846 -16.057 -16.132 -15.361 -15.86 -16.071 -16.143 -16.189 -15.795 -15.546 -15.946 -16.043 -15.809 -15.432 -15.753
0.815739 -11.194 -11.08 -12.429 -14.05 -15.008 -15.625 -14.077 -14.228 -15.023 -15.64 -15.981 -16.144 -14.178 -15.252 -15.859 -16.079 -16.16 -15.362 -15.874 -16.093 -16.17 -16.219 -15.809 -15.552 -15.964 -16.079 -15.85 -15.476 -15.768
0.840411 -11.167 -11.012 -12.386 -14.024 -15.001 -15.631 -14.069 -14.206 -15.016 -15.647 -15.999 -16.171 -14.155 -15.25 -15.872 -16.1 -16.187 -15.363 -15.887 -16.115 -16.197 -16.248 -15.823 -15.558 -15.981 -16.116 -15.891 -15.521 -15.782
0.865828 -11.14 -10.942 -12.343 -13.998 -14.993 -15.637 -14.061 -14.183 -15.008 -15.653 -16.016 -16.197 -14.131 -15.247 -15.884 -16.121 -16.214 -15.363 -15.9 -16.136 -16.223 -16.278 -15.836 -15.563 -15.997 -16.151 -15.932 -15.565 -15.796
0.892015 -11.115 -10.871 -12.298 -13.971 -14.983 -15.641 -14.052 -14.158 -14.999 -15.658 -16.032 -16.222 -14.105 -15.243 -15.896 -16.141 -16.241 -15.362 -15.912 -16.156 -16.248 -16.307 -15.849 -15.567 -16.013 -16.187 -15.972 -15.609 -15.809
0.918993 -11.09 -10.798 -12.252 -13.942 -14.973 -15.645 -14.043 -14.133 -14.989 -15.662 -16.048 -16.247 -14.078 -15.238 -15.907 -16.161 -16.267 -15.36 -15.923 -16.176 -16.274 -16.335 -15.861 -15.57 -16.028 -16.222 -16.012 -15.653 -15.821
0.946787 -11.067 -10.723 -12.205 -13.912 -14.961 -15.648 -14.033 -14.106 -14.979 -15.666 -16.064 -16.272 -14.05 -15.233 -15.917 -16.18 -16.293 -15.357 -15.934 -16.196 -16.298 -16.364 -15.873 -15.573 -16.043 -16.257 -16.052 -15.697 -15.834
0.975422 -11.044 -10.647 -12.157 -13.881 -14.949 -15.65 -14.022 -14.078 -14.967 -15.669 -16.078 -16.296 -14.021 -15.226 -15.927 -16.198 -16.318 -15.353 -15.944 -16.215 -16.322 -16.391 -15.883 -15.575 -16.057 -16.292 -16.092 -15.741 -15.845
1.004923 -11.023 -10.569 -12.108 -13.848 -14.936 -15.652 -14.011 -14.049 -14.954 -15.671 -16.093 -16.319 -13.99 -15.219 -15.935 -16.216 -16.343 -15.349 -15.953 -16.233 -16.346 -16.419 -15.894 -15.576 -16.07 -16.326 -16.132 -15.784 -15.856
1.035317 -11.003 -10.489 -12.058 -13.814 -14.921 -15.652 -13.999 -14.019 -14.94 -15.672 -16.106 -16.343 -13.958 -15.21 -15.943 -16.234 -16.367 -15.344 -15.962 -16.251 -16.369 -16.446 -15.903 -15.576 -16.083 -16.36 -16.171 -15.828 -15.866
1.066629 -10.985 -10.407 -12.006 -13.779 -14.906 -15.652 -13.986 -13.987 -14.926 -15.673 -16.119 -16.365 -13.925 -15.201 -15.951 -16.25 -16.391 -15.337 -15.969 -16.268 -16.392 -16.472 -15.912 -15.575 -16.095 -16.394 -16.21 -15.871 -15.876
1.098888 -10.967 -10.324 -11.954 -13.743 -14.889 -15.651 -13.972 -13.954 -14.91 -15.672 -16.131 -16.387 -13.891 -15.191 -15.957 -16.266 -16.414 -15.33 -15.976 -16.284 -16.414 -16.498 -15.92 -15.574 -16.107 -16.427 -16.248 -15.914 -15.885
1.132124 -10.951 -10.238 -11.9 -13.705 -14.872 -15.649 -13.958 -13.92 -14.893 -15.671 -16.143 -16.409 -13.855 -15.179 -15.963 -16.282 -16.436 -15.322 -15.983 -16.3 -16.436 -16.524 -15.928 -15.572 -16.117 -16.46 -16.287 -15.957 -15.894
1.166364 -10.937 -10.151 -11.845 -13.665 -14.853 -15.646 -13.943 -13.884 -14.875 -15.669 -16.154 -16.43 -13.818 -15.167 -15.968 -16.297 -16.459 -15.313 -15.988 -16.315 -16.457 -16.549 -15.935 -15.569 -16.128 -16.493 -16.325 -15.999 -15.902
1.20164 -10.924 -10.062 -11.789 -13.625 -14.833 -15.642 -13.927 -13.847 -14.856 -15.665 -16.164 -16.45 -13.779 -15.154 -15.972 -16.311 -16.48 -15.303 -15.993 -16.33 -16.478 -16.573 -15.941 -15.565 -16.137 -16.525 -16.363 -16.042 -15.91
1.237983 -10.912 -9.971 -11.731 -13.583 -14.812 -15.637 -13.91 -13.809 -14.835 -15.661 -16.173 -16.47 -13.739 -15.139 -15.975 -16.324 -16.501 -15.292 -15.997 -16.344 -16.498 -16.597 -15.947 -15.56 -16.146 -16.557 -16.4 -16.084 -15.917
1.275425 -10.902 -9.879 -11.673 -13.539 -14.789 -15.631 -13.893 -13.769 -14.814 -15.656 -16.182 -16.49 -13.697 -15.124 -15.978 -16.337 -16.522 -15.281 -16.0 -16.357 -16.517 -16.621 -15.951 -15.554 -16.153 -16.588 -16.438 -16.126 -15.923
1.313999 -10.893 -9.784 -11.613 -13.494 -14.766 -15.624 -13.875 -13.727 -14.791 -15.65 -16.19 -16.509 -13.654 -15.107 -15.98 -16.349 -16.542 -15.268 -16.002 -16.369 -16.536 -16.644 -15.956 -15.547 -16.161 -16.619 -16.475 -16.168 -15.929
1.35374 -10.886 -9.687 -11.552 -13.447 -14.741 -15.616 -13.856 -13.685 -14.768 -15.643 -16.197 -16.527 -13.61 -15.089 -15.98 -16.361 -16.561 -15.254 -16.004 -16.381 -16.554 -16.666 -15.959 -15.54 -16.167 -16.65 -16.512 -16.209 -15.934
1.394683 -10.88 -9.589 -11.489 -13.399 -14.715 -15.607 -13.836 -13.64 -14.743 -15.636 -16.204 -16.544 -13.564 -15.07 -15.98 -16.371 -16.58 -15.239 -16.004 -16.392 -16.572 -16.688 -15.961 -15.531 -16.173 -16.68 -16.548 -16.25 -15.938
1.436864 -10.875 -9.489 -11.426 -13.349 -14.688 -15.597 -13.815 -13.595 -14.716 -15.627 -16.209 -16.561 -13.516 -15.05 -15.979 -16.381 -16.598 -15.223 -16.004 -16.403 -16.589 -16.71 -15.963 -15.522 -16.177 -16.71 -16.584 -16.292 -15.942
1.480321 -10.872 -9.387 -11.361 -13.298 -14.66 -15.587 -13.794 -13.547 -14.689 -15.617 -16.214 -16.578 -13.467 -15.029 -15.977 -16.391 -16.616 -15.206 -16.003 -16.413 -16.605 -16.731 -15.964 -15.511 -16.181 -16.739 -16.62 -16.332 -15.945
1.525092 -10.871 -9.283 -11.295 -13.245 -14.63 -15.574 -13.771 -13.499 -14.66 -15.606 -16.218 -16.593 -13.416 -15.007 -15.974 -16.399 -16.633 -15.188 -16.001 -16.421 -16.621 -16.751 -15.964 -15.499 -16.185 -16.768 -16.656 -16.373 -15.947
1.571218 -10.87 -9.177 -11.228 -13.19 -14.599 -15.561 -13.748 -13.448 -14.63 -15.593 -16.221 -16.608 -13.364 -14.983 -15.971 -16.407 -16.649 -15.169 -15.998 -16.43 -16.636 -16.771 -15.964 -15.487 -16.187 -16.797 -16.691 -16.414 -15.949
1.618738 -10.871 -9.069 -11.159 -13.134 -14.566 -15.547 -13.724 -13.396 -14.598 -15.58 -16.224 -16.623 -13.31 -14.958 -15.966 -16.414 -16.664 -15.149 -15.994 -16.437 -16.65 -16.79 -15.962 -15.473 -16.189 -16.825 -16.726 -16.454 -15.95
1.667696 -10.873 -8.96 -11.09 -13.076 -14.532 -15.532 -13.699 -13.342 -14.566 -15.566 -16.226 -16.636 -13.254 -14.932 -15.96 -16.42 -16.679 -15.128 -15.989 -16.444 -16.664 -16.809 -15.96 -15.458 -16.189 -16.853 -16.76 -16.494 -15.951
1.718134 -10.876 -8.849 -11.019 -13.016 -14.497 -15.515 -13.673 -13.287 -14.532 -15.551 -16.226 -16.65 -13.196 -14.905 -15.953 -16.425 -16.694 -15.106 -15.983 -16.449 -16.677 -16.827 -15.957 -15.443 -16.189 -16.88 -16.794 -16.533 -15.951
1.770098 -10.88 -8.736 -10.947 -12.955 -14.46 -15.497 -13.646 -13.229 -14.496 -15.534 -16.226 -16.662 -13.137 -14.876 -15.945 -16.429 -16.707 -15.083 -15.976 -16.454 -16.689 -16.844 -15.953 -15.426 -16.188 -16.907 -16.828 -16.573 -15.95
1.823633 -10.885 -8.622 -10.873 -12.891 -14.422 -15.479 -13.618 -13.17 -14.459 -15.516 -16.225 -16.673 -13.076 -14.846 -15.937 -16.433 -16.72 -15.058 -15.969 -16.458 -16.701 -16.861 -15.948 -15.408 -16.186 -16.933 -16.862 -16.612 -15.948
1.878788 -10.891 -8.507 -10.799 -12.826 -14.382 -15.458 -13.589 -13.11 -14.421 -15.497 -16.223 -16.684 -13.013 -14.815 -15.927 -16.435 -16.732 -15.032 -15.96 -16.462 -16.712 -16.877 -15.942 -15.389 -16.183 -16.959 -16.895 -16.651 -15.946
1.93561 -10.897 -8.39 -10.723 -12.759 -14.341 -15.437 -13.559 -13.047 -14.381 -15.477 -16.22 -16.695 -12.948 -14.782 -15.916 -16.437 -16.744 -15.006 -15.95 -16.464 -16.722 -16.893 -15.935 -15.368 -16.179 -16.984 -16.928 -16.69 -15.943
1.994152 -10.905 -8.272 -10.645 -12.69 -14.298 -15.414 -13.528 -12.983 -14.339 -15.456 -16.216 -16.704 -12.881 -14.748 -15.904 -16.438 -16.754 -14.978 -15.939 -16.466 -16.731 -16.908 -15.928 -15.347 -16.174 -17.008 -16.96 -16.728 -15.939
2.054463 -10.913 -8.154 -10.567 -12.619 -14.254 -15.39 -13.497 -12.916 -14.296 -15.433 -16.212 -16.713 -12.812 -14.712 -15.89 -16.438 -16.764 -14.949 -15.927 -16.466 -16.74 -16.922 -15.919 -15.324 -16.168 -17.033 -16.992 -16.766 -15.935
2.116599 -10.923 -8.063 -10.508 -12.565 -14.221 -15.374 -13.474 -12.866 -14.265 -15.417 -16.21 -16.722 -12.76 -14.686 -15.882 -16.44 -16.774 -14.928 -15.92 -16.469 -16.749 -16.935 -15.915 -15.309 -16.166 -17.054 -17.02 -16.799 -15.934
2.180614 -10.936 -8.076 -10.521 -12.578 -14.234 -15.387 -13.487 -12.879 -14.278 -15.431 -16.223 -16.735 -12.773 -14.699 -15.895 -16.454 -16.788 -14.941 -15.933 -16.482 -16.762 -16.949 -15.928 -15.322 -16.179 -17.068 -17.033 -16.812 -15.947
2.246566 -10.95 -8.09 -10.534 -12.591 -14.247 -15.4 -13.5 -12.893 -14.291 -15.444 -16.237 -16.748 -12.786 -14.713 -15.909 -16.467 -16.801 -14.955 -15.946 -16.495 -16.775 -16.962 -15.941 -15.335 -16.192 -17.081 -17.046 -16.825 -15.961
2.314511 -10.963 -8.103 -10.547 -12.604 -14.26 -15.413 -13.513 -12.906 -14.304 -15.457 -16.25 -16.761 -12.799 -14.726 -15.922 -16.48 -16.814 -14.968 -15.959 -16.508 -16.788 -16.975 -15.954 -15.348 -16.206 -17.094 -17.059 -16.838 -15.974
2.384512 -10.975 -8.115 -10.56 -12.617 -14.273 -15.426 -13.526 -12.918 -14.317 -15.47 -16.263 -16.774 -12.812 -14.738 -15.935 -16.493 -16.827 -14.98 -15.972 -16.521 -16.801 -16.988 -15.967 -15.361 -16.218 -17.107 -17.072 -16.851 -15.986
2.45663 -10.988 -8.128 -10.573 -12.63 -14.286 -15.439 -13.539 -12.931 -14.33 -15.482 -16.275 -16.787 -12.825 -14.751 -15.947 -16.505 -16.839 -14.993 -15.985 -16.534 -16.814 -17.0 -15.98 -15.374 -16.231 -17.119 -17.085 -16.864 -15.999
2.530929 -11.001 -8.141 -10.585 -12.642 -14.298 -15.451 -13.551 -12.944 -14.342 -15.495 -16.288 -16.799 -12.837 -14.764 -15.96 -16.518 -16.852 -15.006 -15.997 -16.546 -16.826 -17.013 -15.992 -15.386 -16.244 -17.132 -17.097 -16.877 -16.012
2.607475 -11.013 -8.153 -10.597 -12.655 -14.311 -15.463 -13.564 -12.956 -14.355 -15.507 -16.3 -16.812 -12.85 -14.776 -15.972 -16.53 -16.864 -15.018 -16.009 -16.559 -16.839 -17.025 -16.005 -15.399 -16.256 -17.144 -17.11 -16.889 -16.024
2.686337 -11.025 -8.165 -10.61 -12.667 -14.323 -15.476 -13.576 -12.968 -14.367 -15.519 -16.312 -16.824 -12.862 -14.788 -15.984 -16.542 -16.876 -15.03 -16.022 -16.571 -16.851 -17.037 -16.017 -15.411 -16.268 -17.156 -17.122 -16.901 -16.036
2.767583 -11.037 -8.177 -10.622 -12.679 -14.335 -15.488 -13.588 -12.98 -14.379 -15.531 -16.324 -16.836 -12.874 -14.8 -15.996 -16.554 -16.888 -15.042 -16.034 -16.583 -16.863 -17.049 -16.029 -15.423 -16.28 -17.168 -17.134 -16.913 -16.048
2.851287 -11.049 -8.189 -10.633 -12.691 -14.347 -15.499 -13.6 -12.992 -14.39 -15.543 -16.336 -16.847 -12.886 -14.812 -16.008 -16.566 -16.9 -15.054 -16.045 -16.595 -16.875 -17.061 -16.041 -15.434 -16.292 -17.18 -17.145 -16.925 -16.06
2.937522 -11.06 -8.2 -10.645 -12.702 -14.358 -15.511 -13.611 -13.003 -14.402 -15.555 -16.347 -16.859 -12.897 -14.823 -16.019 -16.578 -16.912 -15.065 -16.057 -16.606 -16.886 -17.073 -16.052 -15.446 -16.303 -17.192 -17.157 -16.936 -16.071
3.026365 -11.072 -8.212 -10.656 -12.714 -14.37 -15.522 -13.623 -13.015 -14.413 -15.566 -16.359 -16.87 -12.909 -14.835 -16.031 -16.589 -16.923 -15.077 -16.068 -16.618 -16.898 -17.084 -16.064 -15.457 -16.315 -17.203 -17.168 -16.948 -16.083
3.117896 -11.083 -8.223 -10.667 -12.725 -14.381 -15.534 -13.634 -13.026 -14.425 -15.577 -16.37 -16.882 -12.92 -14.846 -16.042 -16.6 -16.934 -15.088 -16.079 -16.629 -16.909 -17.095 -16.075 -15.469 -16.326 -17.214 -17.18 -16.959 -16.094
3.212194 -11.094 -8.234 -10.678 -12.736 -14.392 -15.545 -13.645 -13.037 -14.436 -15.588 -16.381 -16.893 -12.931 -14.857 -16.053 -16.611 -16.945 -15.099 -16.09 -16.64 -16.92 -17.106 -16.086 -15.48 -16.337 -17.225 -17.191 -16.97 -16.105
3.309345 -11.105 -8.245 -10.689 -12.747 -14.403 -15.555 -13.655 -13.048 -14.446 -15.599 -16.392 -16.903 -12.942 -14.868 -16.064 -16.622 -16.956 -15.11 -16.101 -16.651 -16.93 -17.117 -16.097 -15.49 -16.348 -17.236 -17.201 -16.981 -16.116
3.409434 -11.115 -8.255 -10.7 -12.757 -14.413 -15.566 -13.666 -13.058 -14.457 -15.61 -16.402 -16.914 -12.952 -14.878 -16.074 -16.632 -16.967 -15.12 -16.112 -16.661 -16.941 -17.127 -16.107 -15.501 -16.358 -17.246 -17.212 -16.991 -16.126
3.51255 -11.126 -8.266 -10.71 -12.767 -14.423 -15.576 -13.676 -13.069 -14.467 -15.62 -16.413 -16.924 -12.963 -14.889 -16.085 -16.643 -16.977 -15.131 -16.122 -16.672 -16.951 -17.138 -16.117 -15.511 -16.369 -17.257 -17.222 -17.002 -16.137
3.618785 -11.136 -8.276 -10.72 -12.778 -14.434 -15.586 -13.687 -13.079 -14.477 -15.63 -16.423 -16.934 -12.973 -14.899 -16.095 -16.653 -16.987 -15.141 -16.132 -16.682 -16.962 -17.148 -16.128 -15.521 -16.379 -17.267 -17.232 -17.012 -16.147
3.728232 -11.146 -8.286 -10.73 -12.787 -14.444 -15.596 -13.696 -13.089 -14.487 -15.64 -16.433 -16.944 -12.983 -14.909 -16.105 -16.663 -16.997 -15.151 -16.142 -16.692 -16.971 -17.158 -16.137 -15.531 -16.389 -17.277 -17.242 -17.022 -16.157
3.84099 -11.155 -8.295 -10.74 -12.797 -14.453 -15.606 -13.706 -13.098 -14.497 -15.65 -16.442 -16.954 -12.992 -14.918 -16.114 -16.673 -17.007 -15.16 -16.152 -16.701 -16.981 -17.167 -16.147 -15.541 -16.398 -17.287 -17.252 -17.031 -16.166
3.957158 -11.165 -8.305 -10.749 -12.807 -14.463 -15.615 -13.716 -13.108 -14.506 -15.659 -16.452 -16.963 -13.002 -14.928 -16.124 -16.682 -17.016 -15.17 -16.161 -16.711 -16.991 -17.177 -16.157 -15.55 -16.408 -17.296 -17.261 -17.041 -16.176
4.07684 -11.174 -8.314 -10.758 -12.816 -14.472 -15.624 -13.725 -13.117 -14.516 -15.668 -16.461 -16.973 -13.011 -14.937 -16.133 -16.691 -17.025 -15.179 -16.17 -16.72 -17.0 -17.186 -16.166 -15.56 -16.417 -17.305 -17.271 -17.05 -16.185
4.200141 -11.183 -8.323 -10.767 -12.825 -14.481 -15.633 -13.734 -13.126 -14.524 -15.677 -16.47 -16.981 -13.02 -14.946 -16.142 -16.7 -17.034 -15.188 -16.179 -16.729 -17.009 -17.195 -16.175 -15.568 -16.426 -17.314 -17.279 -17.059 -16.194
4.327172 -11.191 -8.331 -10.776 -12.833 -14.489 -15.642 -13.742 -13.134 -14.533 -15.686 -16.479 -16.99 -13.028 -14.954 -16.151 -16.709 -17.043 -15.196 -16.188 -16.737 -17.017 -17.204 -16.183 -15.577 -16.434 -17.323 -17.288 -17.067 -16.202
4.458044 -11.2 -8.34 -10.784 -12.842 -14.498 -15.65 -13.751 -13.143 -14.541 -15.694 -16.487 -16.998 -13.037 -14.963 -16.159 -16.717 -17.051 -15.205 -16.196 -16.746 -17.026 -17.212 -16.192 -15.585 -16.443 -17.331 -17.296 -17.076 -16.211
4.592874 -11.208 -8.348 -10.792 -12.85 -14.506 -15.658 -13.759 -13.151 -14.549 -15.702 -16.495 -17.006 -13.045 -14.971 -16.167 -16.725 -17.059 -15.213 -16.204 -16.754 -17.034 -17.22 -16.2 -15.593 -16.451 -17.339 -17.304 -17.084 -16.219
4.731783 -11.215 -8.356 -10.8 -12.857 -14.513 -15.666 -13.766 -13.159 -14.557 -15.71 -16.503 -17.014 -13.052 -14.978 -16.175 -16.733 -17.067 -15.221 -16.212 -16.761 -17.041 -17.228 -16.207 -15.601 -16.458 -17.347 -17.312 -17.091 -16.227
4.874892 -11.223 -8.363 -10.807 -12.865 -14.521 -15.673 -13.774 -13.166 -14.565 -15.717 -16.51 -17.022 -13.06 -14.986 -16.182 -16.74 -17.074 -15.228 -16.219 -16.769 -17.049 -17.235 -16.215 -15.609 -16.466 -17.354 -17.32 -17.099 -16.234
5.02233 -11.23 -8.37 -10.814 -12.872 -14.528 -15.681 -13.781 -13.173 -14.572 -15.724 -16.517 -17.029 -13.067 -14.993 -16.189 -16.747 -17.081 -15.235 -16.226 -16.776 -17.056 -17.242 -16.222 -15.616 -16.473 -17.361 -17.327 -17.106 -16.241
5.174227 -11.237 -8.377 -10.821 -12.878 -14.534 -15.687 -13.787 -13.18 -14.578 -15.731 -16.524 -17.035 -13.074 -15.0 -16.196 -16.754 -17.088 -15.242 -16.233 -16.783 -17.062 -17.249 -16.228 -15.622 -16.48 -17.368 -17.333 -17.113 -16.248
5.330718 -11.243 -8.383 -10.827 -12.885 -14.541 -15.694 -13.794 -13.186 -14.585 -15.737 -16.53 -17.042 -13.08 -15.006 -16.202 -16.76 -17.094 -15.248 -16.239 -16.789 -17.069 -17.255 -16.235 -15.629 -16.486 -17.374 -17.34 -17.119 -16.254
5.491942 -11.249 -8.389 -10.833 -12.891 -14.547 -15.699 -13.8 -13.192 -14.591 -15.743 -16.536 -17.048 -13.086 -15.012 -16.208 -16.766 -17.1 -15.254 -16.245 -16.795 -17.075 -17.261 -16.241 -15.635 -16.492 -17.38 -17.346 -17.125 -16.26
5.658042 -11.254 -8.394 -10.839 -12.896 -14.552 -15.705 -13.805 -13.197 -14.596 -15.749 -16.542 -17.053 -13.091 -15.017 -16.214 -16.772 -17.106 -15.259 -16.251 -16.8 -17.08 -17.267 -16.246 -15.64 -16.497 -17.386 -17.351 -17.13 -16.265
5.829166 -11.259 -8.4 -10.844 -12.901 -14.557 -15.71 -13.81 -13.203 -14.601 -15.754 -16.547 -17.058 -13.096 -15.022 -16.219 -16.777 -17.111 -15.265 -16.256 -16.805 -17.085 -17.272 -16.251 -15.645 -16.502 -17.391 -17.356 -17.135 -16.271
6.005465 -11.264 -8.404 -10.849 -12.906 -14.562 -15.715 -13.815 -13.207 -14.606 -15.759 -16.551 -17.063 -13.101 -15.027 -16.223 -16.781 -17.115 -15.269 -16.261 -16.81 -17.09 -17.276 -16.256 -15.65 -16.507 -17.395 -17.361 -17.14 -16.275
6.187096 -11.268 -8.408 -10.853 -12.91 -14.566 -15.719 -13.819 -13.211 -14.61 -15.763 -16.555 -17.067 -13.105 -15.031 -16.227 -16.785 -17.12 -15.273 -16.265 -16.814 -17.094 -17.28 -16.26 -15.654 -16.511 -17.399 -17.365 -17.144 -16.279
6.37422 -11.272 -8.412 -10.856 -12.914 -14.57 -15.722 -13.823 -13.215 -14.614 -15.766 -16.559 -17.071 -13.109 -15.035 -16.231 -16.789 -17.123 -15.277 -16.268 -16.818 -17.098 -17.284 -16.264 -15.658 -16.515 -17.403 -17.369 -17.148 -16.283
6.567004 -11.275 -8.415 -10.86 -12.917 -14.573 -15.726 -13.826 -13.218 -14.617 -15.769 -16.562 -17.074 -13.112 -15.038 -16.234 -16.792 -17.126 -15.28 -16.272 -16.821 -17.101 -17.287 -16.267 -15.661 -16.518 -17.406 -17.372 -17.151 -16.286
6.765619 -11.278 -8.418 -10.862 -12.919 -14.575 -15.728 -13.828 -13.221 -14.619 -15.772 -16.565 -17.076 -13.114 -15.041 -16.237 -16.795 -17.129 -15.283 -16.274 -16.823 -17.103 -17.29 -16.269 -15.663 -16.521 -17.409 -17.374 -17.153 -16.289
6.97024 -11.279 -8.42 -10.864 -12.921 -14.577 -15.73 -13.83 -13.223 -14.621 -15.774 -16.567 -17.078 -13.116 -15.042 -16.239 -16.797 -17.131 -15.285 -16.276 -16.825 -17.105 -17.292 -16.271 -15.665 -16.522 -17.411 -17.376 -17.155 -16.291
7.181051 -11.281 -8.421 -10.865 -12.923 -14.579 -15.731 -13.832 -13.224 -14.622 -15.775 -16.568 -17.079 -13.118 -15.044 -16.24 -16.798 -17.132 -15.286 -16.277 -16.827 -17.107 -17.293 -16.273 -15.666 -16.524 -17.412 -17.377 -17.157 -16.292
7.398237 -11.281 -8.422 -10.866 -12.923 -14.579 -15.732 -13.832 -13.225 -14.623 -15.776 -16.569 -17.08 -13.118 -15.044 -16.241 -16.799 -17.133 -15.287 -16.278 -16.827 -17.107 -17.294 -16.273 -15.667 -16.524 -17.413 -17.378 -17.157 -16.293
7.621991 -11.281 -8.421 -10.866 -12.923 -14.579 -15.732 -13.832 -13.225 -14.623 -15.776 -16.569 -17.08 -13.118 -15.044 -16.241 -16.799 -17.133 -15.287 -16.278 -16.827 -17.107 -17.294 -16.273 -15.667 -16.524 -17.413 -17.378 -17.157 -16.292
7.852513 -11.281 -8.421 -10.865 -12.923 -14.579 -15.731 -13.831 -13.224 -14.622 -15.775 -16.568 -17.079 -13.118 -15.044 -16.24 -16.798 -17.132 -15.286 -16.277 -16.827 -17.106 -17.293 -16.273 -15.666 -16.524 -17.412 -17.377 -17.157 -16.292
8.090007 -11.279 -8.419 -10.864 -12.921 -14.577 -15.73 -13.83 -13.222 -14.621 -15.774 -16.566 -17.078 -13.116 -15.042 -16.238 -16.796 -17.13 -15.284 -16.276 -16.825 -17.105 -17.291 -16.271 -15.665 -16.522 -17.41 -17.376 -17.155 -16.29
8.334684 -11.277 -8.417 -10.861 -12.919 -14.575 -15.727 -13.828 -13.22 -14.618 -15.771 -16.564 -17.075 -13.114 -15.04 -16.236 -16.794 -17.128 -15.282 -16.273 -16.823 -17.103 -17.289 -16.269 -15.662 -16.52 -17.408 -17.373 -17.153 -16.288
8.586761 -11.274 -8.414 -10.858 -12.915 -14.571 -15.724 -13.824 -13.217 -14.615 -15.768 -16.561 -17.072 -13.11 -15.037 -16.233 -16.791 -17.125 -15.279 -16.27 -16.819 -17.099 -17.286 -16.265 -15.659 -16.517 -17.405 -17.37 -17.15 -16.285
8.846461 -11.269 -8.409 -10.854 -12.911 -14.567 -15.72 -13.82 -13.213 -14.611 -15.764 -16.557 -17.068 -13.106 -15.032 -16.229 -16.787 -17.121 -15.275 -16.266 -16.815 -17.095 -17.282 -16.261 -15.655 -16.512 -17.401 -17.366 -17.145 -16.28
9.114017 -11.264 -8.404 -10.849 -12.906 -14.562 -15.715 -13.815 -13.207 -14.606 -15.759 -16.551 -17.063 -13.101 -15.027 -16.223 -16.782 -17.116 -15.269 -16.261 -16.81 -17.09 -17.277 -16.256 -15.65 -16.507 -17.396 -17.361 -17.14 -16.275
9.389664 -11.258 -8.398 -10.843 -12.9 -14.556 -15.709 -13.809 -13.201 -14.6 -15.753 -16.545 -17.057 -13.095 -15.021 -16.217 -16.775 -17.11 -15.263 -16.255 -16.804 -17.084 -17.27 -16.25 -15.644 -16.501 -17.389 -17.355 -17.134 -16.269
9.673648 -11.251 -8.391 -10.836 -12.893 -14.549 -15.702 -13.802 -13.194 -14.593 -15.745 -16.538 -17.05 -13.088 -15.014 -16.21 -16.768 -17.102 -15.256 -16.248 -16.797 -17.077 -17.263 -16.243 -15.637 -16.494 -17.382 -17.348 -17.127 -16.262
9.966221 -11.243 -8.383 -10.827 -12.885 -14.541 -15.693 -13.793 -13.186 -14.584 -15.737 -16.53 -17.041 -13.08 -15.006 -16.202 -16.76 -17.094 -15.248 -16.239 -16.789 -17.068 -17.255 -16.234 -15.628 -16.486 -17.374 -17.339 -17.119 -16.254
10.267642 -11.233 -8.373 -10.818 -12.875 -14.531 -15.684 -13.784 -13.176 -14.575 -15.728 -16.52 -17.032 -13.07 -14.996 -16.192 -16.75 -17.084 -15.238 -16.23 -16.779 -17.059 -17.245 -16.225 -15.619 -16.476 -17.364 -17.33 -17.109 -16.244
10.57818 -11.222 -8.362 -10.807 -12.864 -14.52 -15.673 -13.773 -13.165 -14.564 -15.717 -16.509 -17.021 -13.059 -14.985 -16.181 -16.74 -17.074 -15.227 -16.219 -16.768 -17.048 -17.234 -16.214 -15.608 -16.465 -17.354 -17.319 -17.098 -16.233
10.89811 -11.21 -8.35 -10.795 -12.852 -14.508 -15.661 -13.761 -13.153 -14.552 -15.705 -16.497 -17.009 -13.047 -14.973 -16.169 -16.727 -17.062 -15.215 -16.207 -16.756 -17.036 -17.222 -16.202 -15.596 -16.453 -17.341 -17.307 -17.086 -16.221
11.227716 -11.197 -8.337 -10.781 -12.838 -14.494 -15.647 -13.747 -13.14 -14.538 -15.691 -16.484 -16.995 -13.033 -14.96 -16.156 -16.714 -17.048 -15.202 -16.193 -16.742 -17.022 -17.209 -16.188 -15.582 -16.44 -17.328 -17.293 -17.073 -16.208
11.56729 -11.182 -8.322 -10.766 -12.823 -14.479 -15.632 -13.732 -13.125 -14.523 -15.676 -16.469 -16.98 -13.018 -14.945 -16.141 -16.699 -17.033 -15.187 -16.178 -16.727 -17.007 -17.194 -16.173 -15.567 -16.424 -17.313 -17.278 -17.057 -16.193
11.917135 -11.165 -8.305 -10.749 -12.807 -14.463 -15.615 -13.716 -13.108 -14.506 -15.659 -16.452 -16.964 -13.002 -14.928 -16.124 -16.682 -17.016 -15.17 -16.161 -16.711 -16.991 -17.177 -16.157 -15.551 -16.408 -17.296 -17.262 -17.041 -16.176
12.277561 -11.147 -8.287 -10.731 -12.788 -14.444 -15.597 -13.697 -13.09 -14.488 -15.641 -16.434 -16.945 -12.983 -14.91 -16.106 -16.664 -16.998 -15.152 -16.143 -16.692 -16.972 -17.159 -16.138 -15.532 -16.389 -17.278 -17.243 -17.022 -16.158
12.648887 -11.126 -8.266 -10.711 -12.768 -14.424 -15.577 -13.677 -13.07 -14.468 -15.621 -16.414 -16.925 -12.963 -14.889 -16.086 -16.644 -16.978 -15.132 -16.123 -16.672 -16.952 -17.139 -16.118 -15.512 -16.369 -17.258 -17.223 -17.002 -16.137
13.031444 -11.104 -8.244 -10.689 -12.746 -14.402 -15.555 -13.655 -13.048 -14.446 -15.599 -16.392 -16.903 -12.941 -14.867 -16.064 -16.622 -16.956 -15.11 -16.101 -16.65 -16.93 -17.117 -16.096 -15.49 -16.347 -17.236 -17.201 -16.98 -16.115
13.425571 -11.081 -8.221 -10.665 -12.722 -14.378 -15.531 -13.631 -13.024 -14.422 -15.575 -16.368 -16.879 -12.917 -14.844 -16.04 -16.598 -16.932 -15.086 -16.077 -16.626 -16.906 -17.093 -16.072 -15.466 -16.323 -17.212 -17.177 -16.956 -16.092
13.831619 -11.054 -8.195 -10.639 -12.696 -14.352 -15.505 -13.605 -12.998 -14.396 -15.549 -16.342 -16.853 -12.891 -14.817 -16.014 -16.572 -16.906 -15.06 -16.051 -16.6 -16.88 -17.067 -16.046 -15.44 -16.297 -17.186 -17.151 -16.93 -16.066
14.249947 -11.026 -8.166 -10.611 -12.668 -14.324 -15.477 -13.577 -12.969 -14.368 -15.521 -16.313 -16.825 -12.863 -14.789 -15.985 -16.543 -16.878 -15.031 -16.023 -16.572 -16.852 -17.038 -16.018 -15.412 -16.269 -17.157 -17.123 -16.902 -16.037
14.680926 -10.996 -8.136 -10.58 -12.638 -14.294 -15.446 -13.546 -12.939 -14.337 -15.49 -16.283 -16.794 -12.833 -14.759 -15.955 -16.513 -16.847 -15.001 -15.992 -16.542 -16.821 -17.008 -15.987 -15.381 -16.239 -17.127 -17.092 -16.872 -16.007
15.124941 -10.963 -8.103 -10.547 -12.604 -14.26 -15.413 -13.513 -12.906 -14.304 -15.457 -16.25 -16.761 -12.8 -14.726 -15.922 -16.48 -16.814 -14.968 -15.959 -16.509 -16.788 -16.975 -15.954 -15.348 -16.206 -17.094 -17.059 -16.839 -15.974
15.582385 -10.927 -8.067 -10.512 -12.569 -14.225 -15.378 -13.478 -12.87 -14.269 -15.421 -16.214 -16.726 -12.764 -14.69 -15.886 -16.444 -16.778 -14.932 -15.924 -16.473 -16.753 -16.939 -15.919 -15.313 -16.17 -17.058 -17.024 -16.803 -15.938
16.053663 -10.889 -8.029 -10.473 -12.53 -14.186 -15.339 -13.439 -12.832 -14.23 -15.383 -16.176 -16.687 -12.725 -14.652 -15.848 -16.406 -16.74 -14.894 -15.885 -16.434 -16.714 -16.901 -15.88 -15.274 -16.132 -17.02 -16.985 -16.765 -15.9
16.539195 -10.847 -7.987 -10.432 -12.489 -14.145 -15.298 -13.398 -12.79 -14.189 -15.342 -16.134 -16.646 -12.684 -14.61 -15.806 -16.365 -16.699 -14.852 -15.844 -16.393 -16.673 -16.859 -15.839 -15.233 -16.09 -16.978 -16.944 -16.723 -15.858
17.039412 -10.803 -7.943 -10.387 -12.445 -14.101 -15.254 -13.354 -12.746 -14.145 -15.297 -16.09 -16.602 -12.64 -14.566 -15.762 -16.32 -16.654 -14.808 -15.799 -16.349 -16.629 -16.815 -15.795 -15.189 -16.046 -16.934 -16.9 -16.679 -15.814
17.554757 -10.755 -7.895 -10.34 -12.397 -14.053 -15.206 -13.306 -12.698 -14.097 -15.25 -16.042 -16.554 -12.592 -14.518 -15.714 -16.272 -16.607 -14.76 -15.752 -16.301 -16.581 -16.767 -15.747 -15.141 -15.998 -16.886 -16.852 -16.631 -15.766
18.085689 -10.704 -7.844 -10.289 -12.346 -14.002 -15.155 -13.255 -12.647 -14.046 -15.199 -15.991 -16.503 -12.541 -14.467 -15.663 -16.221 -16.556 -14.709 -15.701 -16.25 -16.53 -16.716 -15.696 -15.09 -15.947 -16.835 -16.801 -16.58 -15.715
18.632678 -10.649 -7.79 -10.234 -12.291 -13.947 -15.1 -13.2 -12.593 -13.991 -15.144 -15.937 -16.448 -12.486 -14.412 -15.609 -16.167 -16.501 -14.655 -15.646 -16.195 -16.475 -16.662 -15.641 -15.035 -15.892 -16.781 -16.746 -16.525 -15.661
19.196211 -10.591 -7.731 -10.175 -12.233 -13.889 -15.042 -13.142 -12.534 -13.933 -15.085 -15.878 -16.39 -12.428 -14.354 -15.55 -16.108 -16.442 -14.596 -15.587 -16.137 -16.417 -16.603 -15.583 -14.977 -15.834 -16.722 -16.688 -16.467 -15.602
19.776787 -10.528 -7.668 -10.113 -12.17 -13.826 -14.979 -13.079 -12.471 -13.87 -15.023 -15.815 -16.327 -12.365 -14.291 -15.487 -16.046 -16.38 -14.533 -15.525 -16.074 -16.354 -16.541 -15.52 -14.914 -15.771 -16.66 -16.625 -16.404 -15.539
20.374923 -10.461 -7.601 -10.046 -12.103 -13.759 -14.912 -13.012 -12.405 -13.803 -14.956 -15.749 -16.26 -12.298 -14.224 -15.421 -15.979 -16.313 -14.467 -15.458 -16.007 -16.287 -16.474 -15.453 -14.847 -15.704 -16.593 -16.558 -16.337 -15.472
20.991149 -10.39 -7.53 -9.975 -12.032 -13.688 -14.841 -12.941 -12.333 -13.732 -14.884 -15.677 -16.189 -12.227 -14.153 -15.349 -15.907 -16.241 -14.395 -15.387 -15.936 -16.216 -16.402 -15.382 -14.776 -15.633 -16.521 -16.487 -16.266 -15.401
21.626011 -10.314 -7.454 -9.898 -11.956 -13.612 -14.764 -12.865 -12.257 -13.655 -14.808 -15.601 -16.112 -12.151 -14.077 -15.273 -15.831 -16.165 -14.319 -15.31 -15.86 -16.14 -16.326 -15.306 -14.699 -15.557 -16.445 -16.41 -16.19 -15.325
22.280075 -10.232 -7.372 -9.817 -11.874 -13.53 -14.683 -12.783 -12.175 -13.574 -14.727 -15.52 -16.031 -12.069 -13.995 -15.192 -15.75 -16.084 -14.237 -15.229 -15.778 -16.058 -16.245 -15.224 -14.618 -15.475 -16.364 -16.329 -16.108 -15.243
22.953921 -10.146 -7.286 -9.73 -11.788 -13.444 -14.596 -12.696 -12.089 -13.487 -14.64 -15.433 -15.944 -11.983 -13.909 -15.105 -15.663 -15.997 -14.151 -15.142 -15.692 -15.971 -16.158 -15.138 -14.531 -15.389 -16.277 -16.242 -16.022 -15.157
23.648147 -10.053 -7.193 -9.638 -11.695 -13.351 -14.504 -12.604 -11.996 -13.395 -14.548 -15.34 -15.852 -11.89 -13.816 -15.012 -15.571 -15.905 -14.058 -15.05 -15.599 -15.879 -16.066 -15.045 -14.439 -15.296 -16.185 -16.15 -15.929 -15.064
24.363369 -9.955 -7.095 -9.539 -11.597 -13.253 -14.406 -12.506 -11.898 -13.297 -14.449 -15.242 -15.754 -11.792 -13.718 -14.914 -15.472 -15.806 -13.96 -14.951 -15.501 -15.781 -15.967 -14.947 -14.341 -15.198 -16.086 -16.052 -15.831 -14.966
25.100222 -9.85 -6.99 -9.435 -11.492 -13.148 -14.301 -12.401 -11.793 -13.192 -14.345 -15.137 -15.649 -11.687 -13.613 -14.809 -15.367 -15.702 -13.855 -14.847 -15.396 -15.676 -15.862 -14.842 -14.236 -15.093 -15.981 -15.947 -15.726 -14.861
25.859362 -9.739 -6.879 -9.323 -11.381 -13.037 -14.189 -12.29 -11.682 -13.08 -14.233 -15.026 -15.537 -11.576 -13.502 -14.698 -15.256 -15.59 -13.744 -14.735 -15.285 -15.565 -15.751 -14.731 -14.124 -14.982 -15.87 -15.835 -15.615 -14.75
26.64146 -9.62 -6.76 -9.205 -11.262 -12.918 -14.071 -12.171 -11.563 -12.962 -14.115 -14.907 -15.419 -11.457 -13.383 -14.579 -15.137 -15.471 -13.625 -14.617 -15.166 -15.446 -15.632 -14.612 -14.006 -14.863 -15.751 -15.717 -15.496 -14.631
27.447213 -9.494 -6.634 -9.079 -11.136 -12.792 -13.945 -12.045 -11.437 -12.836 -13.988 -14.781 -15.293 -11.331 -13.257 -14.453 -15.011 -15.345 -13.499 -14.491 -15.04 -15.32 -15.506 -14.486 -13.88 -14.737 -15.625 -15.591 -15.37 -14.505
28.277335 -9.36 -6.5 -8.944 -11.002 -12.658 -13.81 -11.911 -11.303 -12.701 -13.854 -14.647 -15.159 -11.197 -13.123 -14.319 -14.877 -15.211 -13.365 -14.356 -14.906 -15.186 -15.372 -14.352 -13.746 -14.603 -15.491 -15.457 -15.236 -14.371
29.132564 -9.217 -6.357 -8.802 -10.859 -12.515 -13.668 -11.768 -11.16 -12.559 -13.712 -14.504 -15.016 -11.054 -12.98 -14.176 -14.735 -15.069 -13.222 -14.214 -14.763 -15.043 -15.229 -14.209 -13.603 -14.46 -15.348 -15.314 -15.093 -14.228
30.013659 -9.066 -6.206 -8.65 -10.708 -12.364 -13.516 -11.617 -11.009 -12.407 -13.56 -14.353 -14.864 -10.903 -12.829 -14.025 -14.583 -14.917 -13.071 -14.062 -14.612 -14.892 -15.078 -14.058 -13.451 -14.309 -15.197 -15.162 -14.942 -14.077
30.921401 -8.905 -6.045 -8.489 -10.547 -12.203 -13.355 -11.456 -10.848 -12.246 -13.399 -14.192 -14.703 -10.742 -12.668 -13.864 -14.422 -14.756 -12.91 -13.901 -14.451 -14.731 -14.917 -13.897 -13.29 -14.148 -15.036 -15.001 -14.781 -13.916
31.856598 -8.734 -5.874 -8.318 -10.376 -12.032 -13.184 -11.285 -10.677 -12.075 -13.228 -14.021 -14.532 -10.571 -12.497 -13.693 -14.251 -14.585 -12.739 -13.73 -14.28 -14.56 -14.746 -13.726 -13.119 -13.977 -14.865 -14.83 -14.61 -13.745
32.820079 -8.552 -5.692 -8.137 -10.194 -11.85 -13.003 -11.103 -10.495 -11.894 -13.046 -13.839 -14.351 -10.389 -12.315 -13.511 -14.069 -14.403 -12.557 -13.549 -14.098 -14.378 -14.564 -13.544 -12.938 -13.795 -14.683 -14.649 -14.428 -13.563
33.8127 -8.359 -5.499 -7.944 -10.001 -11.657 -12.81 -10.91 -10.302 -11.701 -12.854 -13.646 -14.158 -10.196 -12.122 -13.318 -13.876 -14.21 -12.364 -13.356 -13.905 -14.185 -14.371 -13.351 -12.745 -13.602 -14.49 -14.456 -14.235 -13.37
34.835342 -8.154 -5.294 -7.739 -9.796 -11.452 -12.605 -10.705 -10.097 -11.496 -12.649 -13.441 -13.953 -9.991 -11.917 -13.113 -13.671 -14.006 -12.159 -13.151 -13.7 -13.98 -14.166 -13.146 -12.54 -13.397 -14.285 -14.251 -14.03 -13.165
35.888913 -7.937 -5.077 -7.521 -9.578 -11.234 -12.387 -10.487 -9.88 -11.278 -12.431 -13.224 -13.735 -9.774 -11.7 -12.896 -13.454 -13.788 -11.942 -12.933 -13.483 -13.762 -13.949 -12.928 -12.322 -13.18 -14.068 -14.033 -13.813 -12.948
36.974349 -7.706 -4.846 -7.29 -9.347 -11.003 -12.156 -10.256 -9.649 -11.047 -12.2 -12.993 -13.504 -9.543 -11.469 -12.665 -13.223 -13.557 -11.711 -12.702 -13.252 -13.531 -13.718 -12.697 -12.091 -12.949 -13.837 -13.802 -13.582 -12.717
38.092613 -7.46 -4.6 -7.045 -9.102 -10.758 -11.911 -10.011 -9.403 -10.802 -11.955 -12.747 -13.259 -9.297 -11.223 -12.419 -12.978 -13.312 -11.465 -12.457 -13.006 -13.286 -13.473 -12.452 -11.846 -12.703 -13.592 -13.557 -13.336 -12.471
39.244698 -7.2 -4.34 -6.784 -8.842 -10.498 -11.651 -9.751 -9.143 -10.542 -11.694 -12.487 -12.999 -9.037 -10.963 -12.159 -12.717 -13.051 -11.205 -12.196 -12.746 -13.026 -13.212 -12.192 -11.586 -12.443 -13.331 -13.297 -13.076 -12.211
40.431627 -6.924 -4.064 -6.508 -8.565 -10.221 -11.374 -9.474 -8.867 -10.265 -11.418 -12.211 -12.722 -8.76 -10.687 -11.883 -12.441 -12.775 -10.929 -11.92 -12.469 -12.749 -12.936 -11.915 -11.309 -12.166 -13.055 -13.02 -12.799 -11.935
41.654454 -6.63 -3.77 -6.215 -8.272 -9.928 -11.081 -9.181 -8.573 -9.972 -11.125 -11.917 -12.429 -8.467 -10.393 -11.589 -12.147 -12.481 -10.635 -11.627 -12.176 -12.456 -12.642 -11.622 -11.016 -11.873 -12.761 -12.727 -12.506 -11.641
42.914265 -6.319 -3.459 -5.903 -7.96 -9.616 -10.769 -8.869 -8.262 -9.66 -10.813 -11.606 -12.117 -8.156 -10.082 -11.278 -11.836 -12.17 -10.324 -11.315 -11.865 -12.144 -12.331 -11.31 -10.704 -11.562 -12.45 -12.415 -12.195 -11.33
44.212178 -5.988 -3.128 -5.573 -7.63 -9.286 -10.439 -8.539 -7.931 -9.33 -10.482 -11.275 -11.787 -7.825 -9.751 -10.947 -11.505 -11.839 -9.993 -10.985 -11.534 -11.814 -12.0 -10.98 -10.374 -11.231 -12.119 -12.085 -11.864 -10.999
45.549345 -5.637 -2.777 -5.222 -7.279 -8.935 -10.088 -8.188 -7.58 -8.979 -10.131 -10.924 -11.436 -7.474 -9.4 -10.596 -11.154 -11.488 -9.642 -10.634 -11.183 -11.463 -11.649 -10.629 -10.023 -10.88 -11.768 -11.734 -11.513 -10.648
46.926954 -5.265 -2.405 -4.849 -6.906 -8.562 -9.715 -7.815 -7.208 -8.606 -9.759 -10.552 -11.063 -7.101 -9.028 -10.224 -10.782 -11.116 -9.27 -10.261 -10.81 -11.09 -11.277 -10.256 -9.65 -10.508 -11.396 -11.361 -11.141 -10.276
48.346227 -4.869 -2.009 -4.454 -6.511 -8.167 -9.32 -7.42 -6.812 -8.211 -9.364 -10.156 -10.668 -6.706 -8.632 -9.828 -10.386 -10.721 -8.874 -9.866 -10.415 -10.695 -10.881 -9.861 -9.255 -10.112 -11.0 -10.966 -10.745 -9.88
49.808426 -4.45 -1.59 -4.034 -6.091 -7.747 -8.9 -7.0 -6.393 -7.791 -8.944 -9.737 -10.248 -6.286 -8.213 -9.409 -9.967 -10.301 -8.455 -9.446 -9.995 -10.275 -10.462 -9.441 -8.835 -9.692 -10.581 -10.546 -10.325 -9.461
51.314848 -4.004 -1.144 -3.589 -5.646 -7.302 -8.455 -6.555 -5.947 -7.346 -8.498 -9.291 -9.803 -5.841 -7.767 -8.963 -9.521 -9.855 -8.009 -9.001 -9.55 -9.83 -10.016 -8.996 -8.39 -9.247 -10.135 -10.101 -9.88 -9.015
52.86683 -3.531 -0.671 -3.116 -5.173 -6.829 -7.982 -6.082 -5.474 -6.873 -8.026 -8.818 -9.33 -5.368 -7.294 -8.49 -9.049 -9.383 -7.536 -8.528 -9.077 -9.357 -9.543 -8.523 -7.917 -8.774 -9.662 -9.628 -9.407 -8.542
54.465752 -3.029 -0.169 -2.614 -4.671 -6.327 -7.48 -5.58 -4.973 -6.371 -7.524 -8.317 -8.828 -4.866 -6.792 -7.989 -8.547 -8.881 -7.035 -8.026 -8.575 -8.855 -9.042 -8.021 -7.415 -8.272 -9.161 -9.126 -8.905 -8.04
56.113031 -2.497 0.363 -2.081 -4.139 -5.795 -6.947 -5.048 -4.44 -5.838 -6.991 -7.784 -8.295 -4.334 -6.26 -7.456 -8.014 -8.348 -6.502 -7.493 -8.043 -8.323 -8.509 -7.489 -6.882 -7.74 -8.628 -8.593 -8.373 -7.508
57.810132 -1.931 0.928 -1.516 -3.573 -5.229 -6.382 -4.482 -3.875 -5.273 -6.426 -7.219 -7.73 -3.768 -5.694 -6.891 -7.449 -7.783 -5.937 -6.928 -7.477 -7.757 -7.944 -6.923 -6.317 -7.174 -8.063 -8.028 -7.807 -6.943
59.55856 -1.331 1.529 -0.916 -2.973 -4.629 -5.782 -3.882 -3.274 -4.673 -5.826 -6.619 -7.13 -3.168 -5.094 -6.291 -6.849 -7.183 -5.336 -6.328 -6.877 -7.157 -7.344 -6.323 -5.717 -6.574 -7.463 -7.428 -7.207 -6.342
61.359868 -0.694 2.165 -0.279 -2.336 -3.992 -5.145 -3.245 -2.638 -4.036 -5.189 -5.982 -6.493 -2.531 -4.457 -5.654 -6.212 -6.546 -4.7 -5.691 -6.24 -6.52 -6.707 -5.686 -5.08 -5.937 -6.826 -6.791 -6.57 -5.706
63.215655 -0.018 2.841 0.397 -1.66 -3.316 -4.469 -2.569 -1.962 -3.36 -4.513 -5.306 -5.817 -1.855 -3.781 -4.978 -5.536 -5.87 -4.024 -5.015 -5.564 -5.844 -6.031 -5.01 -4.404 -5.261 -6.15 -6.115 -5.894 -5.03
65.127569 0.699 3.559 1.115 -0.943 -2.599 -3.752 -1.852 -1.244 -2.643 -3.795 -4.588 -5.1 -1.138 -3.064 -4.26 -4.818 -5.152 -3.306 -4.297 -4.847 -5.127 -5.313 -4.293 -3.687 -4.544 -5.432 -5.398 -5.177 -4.312
67.097308 1.461 4.321 1.876 -0.181 -1.837 -2.99 -1.09 -0.482 -1.881 -3.034 -3.826 -4.338 -0.376 -2.302 -3.498 -4.057 -4.391 -2.544 -3.536 -4.085 -4.365 -4.552 -3.531 -2.925 -3.782 -4.671 -4.636 -4.415 -3.55
69.126621 2.269 5.129 2.684 0.627 -1.029 -2.182 -0.282 0.326 -1.073 -2.225 -3.018 -3.53 0.432 -1.494 -2.69 -3.248 -3.582 -1.736 -2.728 -3.277 -3.557 -3.743 -2.723 -2.117 -2.974 -3.862 -3.828 -3.607 -2.742
71.217308 3.127 5.987 3.542 1.485 -0.171 -1.324 0.576 1.184 -0.215 -1.367 -2.16 -2.672 1.29 -0.636 -1.832 -2.39 -2.724 -0.878 -1.87 -2.419 -2.699 -2.885 -1.865 -1.259 -2.116 -3.004 -2.97 -2.749 -1.884
73.371227 4.038 6.898 4.453 2.396 0.74 -0.413 1.487 2.095 0.696 -0.457 -1.249 -1.761 2.201 0.275 -0.921 -1.48 -1.814 0.033 -0.959 -1.508 -1.788 -1.975 -0.954 -0.348 -1.205 -2.094 -2.059 -1.838 -0.973
75.59029 5.004 7.864 5.42 3.362 1.706 0.554 2.453 3.061 1.663 0.51 -0.283 -0.794 3.167 1.241 0.045 -0.513 -0.847 0.999 0.008 -0.542 -0.822 -1.008 0.012 0.619 -0.239 -1.127 -1.092 -0.872 -0.007
77.876467 6.03 8.89 6.446 4.388 2.732 1.58 3.479 4.087 2.689 1.536 0.743 0.232 4.193 2.267 1.071 0.513 0.179 2.025 1.034 0.484 0.204 0.018 1.038 1.645 0.787 -0.101 -0.066 0.154 1.019
80.231787 7.119 9.979 7.535 5.477 3.821 2.669 4.568 5.176 3.778 2.625 1.832 1.32 5.282 3.356 2.16 1.602 1.268 3.114 2.123 1.573 1.293 1.107 2.127 2.733 1.876 0.988 1.022 1.243 2.108
82.658343 8.275 11.135 8.69 6.633 4.977 3.824 5.724 6.332 4.933 3.781 2.988 2.476 6.438 4.512 3.316 2.758 2.424 4.27 3.278 2.729 2.449 2.263 3.283 3.889 3.032 2.144 2.178 2.399 3.264
85.158288 9.502 12.362 9.917 7.86 6.204 5.051 6.951 7.559 6.16 5.007 4.215 3.703 7.665 5.739 4.543 3.985 3.65 5.497 4.505 3.956 3.676 3.49 4.51 5.116 4.259 3.371 3.405 3.626 4.491
87.733843 10.804 13.664 11.219 9.162 7.506 6.353 8.253 8.861 7.462 6.309 5.517 5.005 8.967 7.041 5.845 5.287 4.952 6.799 5.807 5.258 4.978 4.792 5.812 6.418 5.561 4.673 4.707 4.928 5.793
90.387293 12.186 15.046 12.601 10.544 8.888 7.735 9.635 10.243 8.844 7.691 6.899 6.387 10.349 8.423 7.227 6.669 6.335 8.181 7.189 6.64 6.36 6.174 7.194 7.8 6.943 6.055 6.089 6.31 7.175
93.120995 13.653 16.513 14.068 12.011 10.355 9.202 11.102 11.71 10.311 9.158 8.366 7.854 11.816 9.89 8.694 8.136 7.801 9.648 8.656 8.107 7.827 7.641 8.661 9.267 8.41 7.522 7.556 7.777 8.642
95.937376 15.21 18.07 15.625 13.568 11.912 10.759 12.659 13.267 11.868 10.715 9.923 9.411 13.373 11.447 10.251 9.693 9.358 11.205 10.213 9.664 9.384 9.198 10.218 10.824 9.967 9.079 9.113 9.334 10.199
98.838937 16.862 19.722 17.278 15.221 13.565 12.412 14.312 14.919 13.521 12.368 11.575 11.064 15.025 13.099 11.903 11.345 11.011 12.857 11.866 11.316 11.037 10.85 11.871 12.477 11.619 10.731 10.766 10.986 11.851
101.828253 18.616 21.476 19.032 16.975 15.319 14.166 16.066 16.673 15.275 14.122 13.329 12.818 16.78 14.853 13.657 13.099 12.765 14.611 13.62 13.071 12.791 12.604 13.625 14.231 13.373 12.485 12.52 12.74 13.605
104.907979 20.478 23.338 20.894 18.836 17.18 16.028 17.927 18.535 17.137 15.984 15.191 14.68 18.641 16.715 15.519 14.961 14.627 16.473 15.482 14.932 14.652 14.466 15.486 16.093 15.235 14.347 14.382 14.602 15.467
108.080849 22.454 25.314 22.87 20.812 19.156 18.004 19.904 20.511 19.113 17.96 17.167 16.656 20.617 18.691 17.495 16.937 16.603 18.449 17.458 16.908 16.629 16.442 17.463 18.069 17.211 16.323 16.358 16.578 17.443
111.349681 24.552 27.412 24.967 22.91 21.254 20.101 22.001 22.609 21.21 20.057 19.265 18.753 22.715 20.789 19.593 19.035 18.7 20.547 19.555 19.006 18.726 18.54 19.56 20.166 19.309 18.421 18.455 18.676 19.541
114.717376 26.778 29.638 27.193 25.136 23.48 22.327 24.227 24.835 23.436 22.284 21.491 20.979 24.941 23.015 21.819 21.261 20.927 22.773 21.781 21.232 20.952 20.766 21.786 22.392 21.535 20.647 20.681 20.902 21.767
118.186925 29.141 32.001 29.556 27.499 25.843 24.69 26.59 27.198 25.799 24.646 23.854 23.342 27.304 25.378 24.182 23.624 23.29 25.136 24.144 23.595 23.315 23.129 24.149 24.755 23.898 23.01 23.044 23.265 24.13
121.761408 31.649 34.509 32.064 30.007 28.351 27.198 29.098 29.706 28.307 27.155 26.362 25.85 29.812 27.886 26.69 26.132 25.798 27.644 26.652 26.103 25.823 25.637 26.657 27.263 26.406 25.518 25.552 25.773 26.638
125.443999 34.311 37.171 34.726 32.669 31.013 29.86 31.76 32.368 30.969 29.817 29.024 28.512 32.474 30.548 29.352 28.794 28.46 30.306 29.314 28.765 28.485 28.299 29.319 29.925 29.068 28.18 28.214 28.435 29.3
129.237967 37.136 39.996 37.552 35.495 33.839 32.686 34.586 35.193 33.795 32.642 31.849 31.338 35.3 33.373 32.177 31.619 31.285 33.131 32.14 31.591 31.311 31.124 32.145 32.751 31.893 31.005 31.04 31.26 32.125
133.146681 40.135 42.995 40.551 38.494 36.838 35.685 37.585 38.192 36.794 35.641 34.848 34.337 38.298 36.372 35.176 34.618 34.284 36.13 35.139 34.589 34.31 34.123 35.144 35.75 34.892 34.004 34.039 34.259 35.124
137.173612 43.319 46.178 43.734 41.677 40.021 38.868 40.768 41.375 39.977 38.824 38.031 37.52 41.482 39.556 38.359 37.801 37.467 39.313 38.322 37.773 37.493 37.306 38.327 38.933 38.076 37.187 37.222 37.443 38.307
141.322334 46.697 49.557 47.113 45.055 43.399 42.246 44.146 44.754 43.355 42.203 41.41 40.898 44.86 42.934 41.738 41.18 40.846 42.692 41.701 41.151 40.871 40.685 41.705 42.311 41.454 40.566 40.6 40.821 41.686
145.596532 50.283 53.143 50.699 48.641 46.985 45.832 47.732 48.34 46.941 45.789 44.996 44.484 48.446 46.52 45.324 44.766 44.432 46.278 45.287 44.737 44.457 44.271 45.291 45.897 45.04 44.152 44.186 44.407 45.272
150.0 54.089 56.949 54.505 52.447 50.791 49.639 51.539 52.146 50.748 49.595 48.802 48.291 52.252 50.326 49.13 48.572 48.238 50.084 49.093 48.543 48.264 48.077 49.097 49.704 48.846 47.958 47.993 48.213 49.078
