# %ECSV 1.0
# ---
# datatype:
# - {name: time, datatype: float64}
# - {name: swift_uvot_uvw2, datatype: float64}
# - {name: swift_uvot_uvm2, datatype: float64}
# - {name: swift_uvot_uvw1, datatype: float64}
# - {name: swift_uvot_U, datatype: float64}
# - {name: swift_uvot_B, datatype: float64}
# - {name: swift_uvot_V, datatype: float64}
# - {name: swift_uvot_W, datatype: float64}
# - {name: johnson_U, datatype: float64}
# - {name: johnson_B, datatype: float64}
# - {name: johnson_V, datatype: float64}
# - {name: johnson_R, datatype: float64}
# - {name: johnson_I, datatype: float64}
# - {name: sdss_u, datatype: float64}
# - {name: sdss_g, datatype: float64}
# - {name: sdss_r, datatype: float64}
# - {name: sdss_i, datatype: float64}
# - {name: sdss_z, datatype: float64}
# - {name: PS1_g, datatype: float64}
# - {name: PS1_r, datatype: float64}
# - {name: PS1_i, datatype: float64}
# - {name: PS1_z, datatype: float64}
# - {name: PS1_Y, datatype: float64}
# - {name: ukirt_J, datatype: float64}
# - {name: ukirt_H, datatype: float64}
# - {name: ukirt_K, datatype: float64}
# meta: !!omap
# - comment: [E = 0.11641960487160355, Eta0 = 8.02, GammaB = 12.0, dL = 0.012188, epsb = 6.760829753919819e-06, epse = 0.1, n = 0.00015848931924611142,
#     p = 2.15, theta_obs = 0.29670597283903605, xiN = 1.0, z = 0.0, type = grb, E_kiso = 268.2695795279727]
# schema: astropy-2.0
time swift_uvot_uvw2 swift_uvot_uvm2 swift_uvot_uvw1 swift_uvot_U swift_uvot_B swift_uvot_V swift_uvot_W johnson_U johnson_B johnson_V johnson_R johnson_I sdss_u sdss_g sdss_r sdss_i sdss_z PS1_g PS1_r PS1_i PS1_z PS1_Y ukirt_J ukirt_H ukirt_K
0.01 nan nan nan nan nan nan nan nan nan nan nan nan nan nan nan nan nan nan nan nan nan nan nan nan nan
0.0102 nan nan nan nan nan nan nan nan nan nan nan nan nan nan nan nan nan nan nan nan nan nan nan nan nan
0.0105 nan nan nan nan nan nan nan nan nan nan nan nan nan nan nan nan nan nan nan nan nan nan nan nan nan
0.0107 nan nan nan nan nan nan nan nan nan nan nan nan nan nan nan nan nan nan nan nan nan nan nan nan nan
0.011 nan nan nan nan nan nan nan nan nan nan nan nan nan nan nan nan nan nan nan nan nan nan nan nan nan
0.0113 nan nan nan nan nan nan nan nan nan nan nan nan nan nan nan nan nan nan nan nan nan nan nan nan nan
0.0115 nan nan nan nan nan nan nan nan nan nan nan nan nan nan nan nan nan nan nan nan nan nan nan nan nan
0.0118 nan nan nan nan nan nan nan nan nan nan nan nan nan nan nan nan nan nan nan nan nan nan nan nan nan
0.0121 nan nan nan nan nan nan nan nan nan nan nan nan nan nan nan nan nan nan nan nan nan nan nan nan nan
0.0124 nan nan nan nan nan nan nan nan nan nan nan nan nan nan nan nan nan nan nan nan nan nan nan nan nan
0.0127 nan nan nan nan nan nan nan nan nan nan nan nan nan nan nan nan nan nan nan nan nan nan nan nan nan
0.013 nan nan nan nan nan nan nan nan nan nan nan nan nan nan nan nan nan nan nan nan nan nan nan nan nan
0.0133 nan nan nan nan nan nan nan nan nan nan nan nan nan nan nan nan nan nan nan nan nan nan nan nan nan
0.0136 nan nan nan nan nan nan nan nan nan nan nan nan nan nan nan nan nan nan nan nan nan nan nan nan nan
0.014 nan nan nan nan nan nan nan nan nan nan nan nan nan nan nan nan nan nan nan nan nan nan nan nan nan
0.0143 nan nan nan nan nan nan nan nan nan nan nan nan nan nan nan nan nan nan nan nan nan nan nan nan nan
0.0146 nan nan nan nan nan nan nan nan nan nan nan nan nan nan nan nan nan nan nan nan nan nan nan nan nan
0.015 nan nan nan nan nan nan nan nan nan nan nan nan nan nan nan nan nan nan nan nan nan nan nan nan nan
0.0154 nan nan nan nan nan nan nan nan nan nan nan nan nan nan nan nan nan nan nan nan nan nan nan nan nan
0.0157 nan nan nan nan nan nan nan nan nan nan nan nan nan nan nan nan nan nan nan nan nan nan nan nan nan
0.0161 nan nan nan nan nan nan nan nan nan nan nan nan nan nan nan nan nan nan nan nan nan nan nan nan nan
0.0165 nan nan nan nan nan nan nan nan nan nan nan nan nan nan nan nan nan nan nan nan nan nan nan nan nan
0.0169 nan nan nan nan nan nan nan nan nan nan nan nan nan nan nan nan nan nan nan nan nan nan nan nan nan
0.0173 nan nan nan nan nan nan nan nan nan nan nan nan nan nan nan nan nan nan nan nan nan nan nan nan nan
0.0177 nan nan nan nan nan nan nan nan nan nan nan nan nan nan nan nan nan nan nan nan nan nan nan nan nan
0.0181 nan nan nan nan nan nan nan nan nan nan nan nan nan nan nan nan nan nan nan nan nan nan nan nan nan
0.0186 nan nan nan nan nan nan nan nan nan nan nan nan nan nan nan nan nan nan nan nan nan nan nan nan nan
0.019 nan nan nan nan nan nan nan nan nan nan nan nan nan nan nan nan nan nan nan nan nan nan nan nan nan
0.0195 nan nan nan nan nan nan nan nan nan nan nan nan nan nan nan nan nan nan nan nan nan nan nan nan nan
0.02 nan nan nan nan nan nan nan nan nan nan nan nan nan nan nan nan nan nan nan nan nan nan nan nan nan
0.0204 nan nan nan nan nan nan nan nan nan nan nan nan nan nan nan nan nan nan nan nan nan nan nan nan nan
0.0209 nan nan nan nan nan nan nan nan nan nan nan nan nan nan nan nan nan nan nan nan nan nan nan nan nan
0.0214 nan nan nan nan nan nan nan nan nan nan nan nan nan nan nan nan nan nan nan nan nan nan nan nan nan
0.022 nan nan nan nan nan nan nan nan nan nan nan nan nan nan nan nan nan nan nan nan nan nan nan nan nan
0.0225 nan nan nan nan nan nan nan nan nan nan nan nan nan nan nan nan nan nan nan nan nan nan nan nan nan
0.023 nan nan nan nan nan nan nan nan nan nan nan nan nan nan nan nan nan nan nan nan nan nan nan nan nan
0.0236 nan nan nan nan nan nan nan nan nan nan nan nan nan nan nan nan nan nan nan nan nan nan nan nan nan
0.0242 nan nan nan nan nan nan nan nan nan nan nan nan nan nan nan nan nan nan nan nan nan nan nan nan nan
0.0247 nan nan nan nan nan nan nan nan nan nan nan nan nan nan nan nan nan nan nan nan nan nan nan nan nan
0.0253 nan nan nan nan nan nan nan nan nan nan nan nan nan nan nan nan nan nan nan nan nan nan nan nan nan
0.0259 nan nan nan nan nan nan nan nan nan nan nan nan nan nan nan nan nan nan nan nan nan nan nan nan nan
0.0266 nan nan nan nan nan nan nan nan nan nan nan nan nan nan nan nan nan nan nan nan nan nan nan nan nan
0.0272 nan nan nan nan nan nan nan nan nan nan nan nan nan nan nan nan nan nan nan nan nan nan nan nan nan
0.0279 nan nan nan nan nan nan nan nan nan nan nan nan nan nan nan nan nan nan nan nan nan nan nan nan nan
0.0285 nan nan nan nan nan nan nan nan nan nan nan nan nan nan nan nan nan nan nan nan nan nan nan nan nan
0.0292 nan nan nan nan nan nan nan nan nan nan nan nan nan nan nan nan nan nan nan nan nan nan nan nan nan
0.0299 nan nan nan nan nan nan nan nan nan nan nan nan nan nan nan nan nan nan nan nan nan nan nan nan nan
0.0307 nan nan nan nan nan nan nan nan nan nan nan nan nan nan nan nan nan nan nan nan nan nan nan nan nan
0.0314 nan nan nan nan nan nan nan nan nan nan nan nan nan nan nan nan nan nan nan nan nan nan nan nan nan
0.0322 nan nan nan nan nan nan nan nan nan nan nan nan nan nan nan nan nan nan nan nan nan nan nan nan nan
0.0329 nan nan nan nan nan nan nan nan nan nan nan nan nan nan nan nan nan nan nan nan nan nan nan nan nan
0.0337 nan nan nan nan nan nan nan nan nan nan nan nan nan nan nan nan nan nan nan nan nan nan nan nan nan
0.0345 nan nan nan nan nan nan nan nan nan nan nan nan nan nan nan nan nan nan nan nan nan nan nan nan nan
0.0354 nan nan nan nan nan nan nan nan nan nan nan nan nan nan nan nan nan nan nan nan nan nan nan nan nan
0.0362 nan nan nan nan nan nan nan nan nan nan nan nan nan nan nan nan nan nan nan nan nan nan nan nan nan
0.0371 nan nan nan nan nan nan nan nan nan nan nan nan nan nan nan nan nan nan nan nan nan nan nan nan nan
0.038 nan nan nan nan nan nan nan nan nan nan nan nan nan nan nan nan nan nan nan nan nan nan nan nan nan
0.0389 nan nan nan nan nan nan nan nan nan nan nan nan nan nan nan nan nan nan nan nan nan nan nan nan nan
0.0398 nan nan nan nan nan nan nan nan nan nan nan nan nan nan nan nan nan nan nan nan nan nan nan nan nan
0.0408 nan nan nan nan nan nan nan nan nan nan nan nan nan nan nan nan nan nan nan nan nan nan nan nan nan
0.0418 nan nan nan nan nan nan nan nan nan nan nan nan nan nan nan nan nan nan nan nan nan nan nan nan nan
0.0428 nan nan nan nan nan nan nan nan nan nan nan nan nan nan nan nan nan nan nan nan nan nan nan nan nan
0.0438 nan nan nan nan nan nan nan nan nan nan nan nan nan nan nan nan nan nan nan nan nan nan nan nan nan
0.0449 nan nan nan nan nan nan nan nan nan nan nan nan nan nan nan nan nan nan nan nan nan nan nan nan nan
0.046 nan nan nan nan nan nan nan nan nan nan nan nan nan nan nan nan nan nan nan nan nan nan nan nan nan
0.0471 nan nan nan nan nan nan nan nan nan nan nan nan nan nan nan nan nan nan nan nan nan nan nan nan nan
0.0482 nan nan nan nan nan nan nan nan nan nan nan nan nan nan nan nan nan nan nan nan nan nan nan nan nan
0.0494 nan nan nan nan nan nan nan nan nan nan nan nan nan nan nan nan nan nan nan nan nan nan nan nan nan
0.0506 nan nan nan nan nan nan nan nan nan nan nan nan nan nan nan nan nan nan nan nan nan nan nan nan nan
0.0518 nan nan nan nan nan nan nan nan nan nan nan nan nan nan nan nan nan nan nan nan nan nan nan nan nan
0.053 nan nan nan nan nan nan nan nan nan nan nan nan nan nan nan nan nan nan nan nan nan nan nan nan nan
0.0543 nan nan nan nan nan nan nan nan nan nan nan nan nan nan nan nan nan nan nan nan nan nan nan nan nan
0.0556 nan nan nan nan nan nan nan nan nan nan nan nan nan nan nan nan nan nan nan nan nan nan nan nan nan
0.057 18.074 18.123 18.048 17.855 17.713 17.574 17.935 17.833 17.711 17.569 17.428 17.28 17.838 17.665 17.494 17.373 17.262 17.602 17.459 17.339 17.24 17.072 17.05 16.881 16.691
0.0584 17.51 17.56 17.485 17.292 17.15 17.01 17.371 17.27 17.147 17.005 16.865 16.716 17.275 17.102 16.93 16.809 16.699 17.038 16.896 16.776 16.677 16.509 16.487 16.318 16.127
0.0598 16.947 16.996 16.921 16.729 16.586 16.447 16.808 16.706 16.584 16.442 16.301 16.153 16.711 16.539 16.367 16.246 16.135 16.475 16.332 16.212 16.113 15.945 15.923 15.754 15.564
0.0612 16.383 16.433 16.358 16.165 16.023 15.884 16.244 16.143 16.02 15.878 15.738 15.589 16.148 15.975 15.803 15.683 15.572 15.911 15.769 15.649 15.55 15.382 15.36 15.191 15.0
0.0627 15.82 15.87 15.795 15.602 15.459 15.32 15.681 15.579 15.457 15.315 15.175 15.026 15.584 15.412 15.24 15.119 15.009 15.348 15.205 15.086 14.987 14.818 14.797 14.627 14.437
0.0642 15.257 15.306 15.231 15.038 14.896 14.757 15.118 15.016 14.894 14.752 14.611 14.463 15.021 14.848 14.677 14.556 14.445 14.785 14.642 14.522 14.423 14.255 14.233 14.064 13.874
0.0657 14.693 14.743 14.668 14.475 14.333 14.193 14.554 14.453 14.33 14.188 14.048 13.899 14.458 14.285 14.113 13.992 13.882 14.221 14.079 13.959 13.86 13.692 13.67 13.501 13.31
0.0673 14.13 14.179 14.104 13.912 13.769 13.63 13.991 13.889 13.767 13.625 13.484 13.336 13.894 13.722 13.55 13.429 13.318 13.658 13.515 13.395 13.296 13.128 13.106 12.937 12.747
0.0689 13.566 13.616 13.541 13.348 13.206 13.067 13.427 13.326 13.203 13.061 12.921 12.772 13.331 13.158 12.986 12.866 12.755 13.094 12.952 12.832 12.733 12.565 12.543 12.374 12.183
0.0706 13.003 13.053 12.978 12.785 12.642 12.503 12.864 12.762 12.64 12.498 12.358 12.209 12.767 12.595 12.423 12.302 12.192 12.531 12.388 12.269 12.17 12.001 11.98 11.81 11.62
0.0723 12.597 12.647 12.572 12.379 12.236 12.097 12.458 12.356 12.234 12.092 11.952 11.803 12.361 12.189 12.017 11.896 11.786 12.125 11.982 11.863 11.764 11.595 11.574 11.404 11.214
0.0741 12.453 12.502 12.427 12.234 12.092 11.953 12.314 12.212 12.09 11.948 11.807 11.659 12.217 12.045 11.873 11.752 11.641 11.981 11.838 11.718 11.619 11.451 11.429 11.26 11.07
0.0758 12.309 12.358 12.283 12.09 11.948 11.809 12.169 12.068 11.945 11.803 11.663 11.514 12.073 11.9 11.728 11.608 11.497 11.836 11.694 11.574 11.475 11.307 11.285 11.116 10.925
0.0777 12.164 12.214 12.139 11.946 11.803 11.664 12.025 11.924 11.801 11.659 11.519 11.37 11.929 11.756 11.584 11.463 11.353 11.692 11.55 11.43 11.331 11.163 11.141 10.971 10.781
0.0795 12.02 12.069 11.995 11.802 11.659 11.52 11.881 11.779 11.657 11.515 11.374 11.226 11.784 11.612 11.44 11.319 11.208 11.548 11.405 11.286 11.187 11.018 10.997 10.827 10.637
0.0815 11.876 11.925 11.85 11.657 11.515 11.376 11.737 11.635 11.513 11.371 11.23 11.082 11.64 11.467 11.296 11.175 11.064 11.404 11.261 11.141 11.042 10.874 10.852 10.683 10.493
0.0834 11.731 11.781 11.706 11.513 11.371 11.232 11.592 11.491 11.368 11.226 11.086 10.937 11.496 11.323 11.151 11.031 10.92 11.259 11.117 10.997 10.898 10.73 10.708 10.539 10.348
0.0854 11.587 11.637 11.562 11.369 11.226 11.087 11.448 11.346 11.224 11.082 10.942 10.793 11.351 11.179 11.007 10.886 10.776 11.115 10.973 10.853 10.754 10.585 10.564 10.394 10.204
0.0875 11.443 11.492 11.417 11.224 11.082 10.943 11.304 11.202 11.08 10.938 10.797 10.649 11.207 11.035 10.863 10.742 10.631 10.971 10.828 10.708 10.609 10.441 10.419 10.25 10.06
0.0896 11.299 11.348 11.273 11.08 10.938 10.799 11.159 11.058 10.935 10.794 10.653 10.504 11.063 10.89 10.718 10.598 10.487 10.827 10.684 10.564 10.465 10.297 10.275 10.106 9.915
0.0918 11.217 11.267 11.192 10.999 10.856 10.717 11.078 10.976 10.854 10.712 10.572 10.423 10.982 10.809 10.637 10.516 10.406 10.745 10.603 10.483 10.384 10.215 10.194 10.024 9.834
0.094 11.161 11.21 11.135 10.942 10.8 10.661 11.022 10.92 10.798 10.656 10.515 10.367 10.925 10.753 10.581 10.46 10.349 10.689 10.546 10.426 10.327 10.159 10.137 9.968 9.778
0.0963 11.104 11.154 11.079 10.886 10.744 10.605 10.965 10.864 10.741 10.599 10.459 10.31 10.869 10.696 10.524 10.404 10.293 10.632 10.49 10.37 10.271 10.103 10.081 9.912 9.721
0.0986 11.048 11.098 11.023 10.83 10.687 10.548 10.909 10.807 10.685 10.543 10.403 10.254 10.812 10.64 10.468 10.347 10.237 10.576 10.433 10.314 10.215 10.046 10.025 9.855 9.665
0.101 10.992 11.041 10.966 10.773 10.631 10.492 10.853 10.751 10.629 10.487 10.346 10.198 10.756 10.583 10.412 10.291 10.18 10.52 10.377 10.257 10.158 9.99 9.968 9.799 9.609
0.1034 10.935 10.985 10.91 10.717 10.575 10.435 10.796 10.695 10.572 10.43 10.29 10.141 10.7 10.527 10.355 10.235 10.124 10.463 10.321 10.201 10.102 9.934 9.912 9.743 9.552
0.1059 10.879 10.928 10.854 10.661 10.518 10.379 10.74 10.638 10.516 10.374 10.233 10.085 10.643 10.471 10.299 10.178 10.068 10.407 10.264 10.145 10.046 9.877 9.856 9.686 9.496
0.1084 10.823 10.872 10.797 10.604 10.462 10.323 10.684 10.582 10.459 10.318 10.177 10.029 10.587 10.414 10.242 10.122 10.011 10.351 10.208 10.088 9.989 9.821 9.799 9.63 9.439
0.1111 10.766 10.816 10.741 10.548 10.405 10.266 10.627 10.525 10.403 10.261 10.121 9.972 10.531 10.358 10.186 10.065 9.955 10.294 10.152 10.032 9.933 9.765 9.743 9.573 9.383
0.1137 10.71 10.759 10.684 10.492 10.349 10.21 10.571 10.469 10.347 10.205 10.064 9.916 10.474 10.302 10.13 10.009 9.898 10.238 10.095 9.975 9.876 9.708 9.686 9.517 9.327
0.1165 10.63 10.679 10.605 10.412 10.269 10.13 10.491 10.389 10.267 10.125 9.984 9.836 10.394 10.222 10.05 9.929 9.819 10.158 10.015 9.896 9.797 9.628 9.607 9.437 9.247
0.1193 10.546 10.596 10.521 10.328 10.185 10.046 10.407 10.305 10.183 10.041 9.901 9.752 10.311 10.138 9.966 9.845 9.735 10.074 9.932 9.812 9.713 9.544 9.523 9.353 9.163
0.1222 10.462 10.512 10.437 10.244 10.102 9.963 10.323 10.222 10.099 9.957 9.817 9.668 10.227 10.054 9.882 9.762 9.651 9.99 9.848 9.728 9.629 9.461 9.439 9.27 9.079
0.1251 10.379 10.428 10.353 10.16 10.018 9.879 10.24 10.138 10.016 9.874 9.733 9.585 10.143 9.97 9.799 9.678 9.567 9.907 9.764 9.644 9.545 9.377 9.355 9.186 8.996
0.1281 10.295 10.344 10.27 10.077 9.934 9.795 10.156 10.054 9.932 9.79 9.649 9.501 10.059 9.887 9.715 9.594 9.483 9.823 9.68 9.561 9.462 9.293 9.272 9.102 8.912
0.1312 10.211 10.261 10.186 9.993 9.85 9.711 10.072 9.97 9.848 9.706 9.566 9.417 9.976 9.803 9.631 9.51 9.4 9.739 9.597 9.477 9.378 9.209 9.188 9.018 8.828
0.1344 10.127 10.177 10.102 9.909 9.767 9.628 9.988 9.887 9.764 9.622 9.482 9.333 9.892 9.719 9.547 9.427 9.316 9.655 9.513 9.393 9.294 9.126 9.104 8.935 8.744
0.1376 10.044 10.093 10.018 9.825 9.683 9.544 9.905 9.803 9.681 9.539 9.398 9.25 9.808 9.635 9.464 9.343 9.232 9.572 9.429 9.309 9.21 9.042 9.02 8.851 8.661
0.141 9.96 10.009 9.935 9.742 9.599 9.46 9.821 9.719 9.597 9.455 9.314 9.166 9.724 9.552 9.38 9.259 9.148 9.488 9.345 9.226 9.127 8.958 8.937 8.767 8.577
0.1444 9.876 9.925 9.85 9.657 9.515 9.376 9.737 9.635 9.513 9.371 9.23 9.082 9.64 9.467 9.296 9.175 9.064 9.404 9.261 9.141 9.042 8.874 8.852 8.683 8.493
0.1478 9.56 9.61 9.535 9.342 9.2 9.06 9.421 9.32 9.197 9.055 8.915 8.766 9.325 9.152 8.98 8.859 8.749 9.088 8.946 8.826 8.727 8.559 8.537 8.368 8.177
0.1514 9.245 9.294 9.219 9.026 8.884 8.745 9.106 9.004 8.882 8.74 8.599 8.451 9.009 8.837 8.665 8.544 8.433 8.773 8.63 8.51 8.411 8.243 8.221 8.052 7.862
0.1551 8.929 8.979 8.904 8.711 8.569 8.429 8.79 8.689 8.566 8.424 8.284 8.135 8.694 8.521 8.349 8.228 8.118 8.457 8.315 8.195 8.096 7.928 7.906 7.737 7.546
0.1588 8.614 8.663 8.588 8.395 8.253 8.114 8.475 8.373 8.251 8.109 7.968 7.82 8.378 8.206 8.034 7.913 7.802 8.142 7.999 7.879 7.78 7.612 7.59 7.421 7.231
0.1626 8.298 8.348 8.273 8.08 7.938 7.798 8.159 8.058 7.935 7.793 7.653 7.504 8.063 7.89 7.718 7.598 7.487 7.826 7.684 7.564 7.465 7.297 7.275 7.106 6.915
0.1666 7.983 8.032 7.957 7.765 7.622 7.483 7.844 7.742 7.62 7.478 7.337 7.189 7.747 7.575 7.403 7.282 7.171 7.511 7.368 7.248 7.149 6.981 6.959 6.79 6.6
0.1706 7.667 7.717 7.642 7.449 7.307 7.168 7.528 7.427 7.304 7.162 7.022 6.873 7.432 7.259 7.087 6.967 6.856 7.195 7.053 6.933 6.834 6.666 6.644 6.475 6.284
0.1747 7.352 7.401 7.327 7.134 6.991 6.852 7.213 7.111 6.989 6.847 6.706 6.558 7.116 6.944 6.772 6.651 6.54 6.88 6.737 6.617 6.518 6.35 6.328 6.159 5.969
0.1789 7.036 7.086 7.011 6.818 6.676 6.537 6.897 6.796 6.673 6.531 6.391 6.242 6.801 6.628 6.456 6.336 6.225 6.564 6.422 6.302 6.203 6.035 6.013 5.844 5.653
0.1832 6.747 6.796 6.721 6.529 6.386 6.247 6.608 6.506 6.384 6.242 6.101 5.953 6.511 6.339 6.167 6.046 5.935 6.275 6.132 6.012 5.913 5.745 5.723 5.554 5.364
0.1876 6.61 6.659 6.585 6.392 6.249 6.11 6.471 6.369 6.247 6.105 5.965 5.816 6.374 6.202 6.03 5.909 5.799 6.138 5.995 5.876 5.777 5.608 5.587 5.417 5.227
0.1922 6.473 6.523 6.448 6.255 6.112 5.973 6.334 6.232 6.11 5.968 5.828 5.679 6.238 6.065 5.893 5.772 5.662 6.001 5.859 5.739 5.64 5.471 5.45 5.28 5.09
0.1968 6.336 6.386 6.311 6.118 5.976 5.836 6.197 6.096 5.973 5.831 5.691 5.542 6.101 5.928 5.756 5.636 5.525 5.864 5.722 5.602 5.503 5.335 5.313 5.144 4.953
0.2015 6.2 6.249 6.174 5.981 5.839 5.7 6.06 5.959 5.836 5.694 5.554 5.405 5.964 5.791 5.619 5.499 5.388 5.727 5.585 5.465 5.366 5.198 5.176 5.007 4.816
0.2064 6.063 6.112 6.037 5.844 5.702 5.563 5.924 5.822 5.7 5.558 5.417 5.269 5.827 5.654 5.483 5.362 5.251 5.591 5.448 5.328 5.229 5.061 5.039 4.87 4.68
0.2114 5.926 5.975 5.9 5.707 5.565 5.426 5.787 5.685 5.563 5.421 5.28 5.132 5.69 5.518 5.346 5.225 5.114 5.454 5.311 5.191 5.092 4.924 4.902 4.733 4.543
0.2165 5.789 5.838 5.764 5.571 5.428 5.289 5.65 5.548 5.426 5.284 5.143 4.995 5.553 5.381 5.209 5.088 4.978 5.317 5.174 5.055 4.956 4.787 4.766 4.596 4.406
0.2217 5.652 5.702 5.627 5.434 5.291 5.152 5.513 5.411 5.289 5.147 5.007 4.858 5.416 5.244 5.072 4.951 4.841 5.18 5.038 4.918 4.819 4.65 4.629 4.459 4.269
0.2271 5.515 5.565 5.49 5.297 5.155 5.015 5.376 5.275 5.152 5.01 4.87 4.721 5.28 5.107 4.935 4.814 4.704 5.043 4.901 4.781 4.682 4.514 4.492 4.323 4.132
0.2325 5.395 5.444 5.369 5.176 5.034 4.895 5.256 5.154 5.032 4.89 4.749 4.601 5.159 4.987 4.815 4.694 4.583 4.923 4.78 4.66 4.561 4.393 4.371 4.202 4.012
0.2381 5.315 5.364 5.289 5.096 4.954 4.815 5.176 5.074 4.951 4.81 4.669 4.52 5.079 4.906 4.734 4.614 4.503 4.843 4.7 4.58 4.481 4.313 4.291 4.122 3.931
0.2439 5.234 5.284 5.209 5.016 4.874 4.734 5.095 4.994 4.871 4.729 4.589 4.44 4.999 4.826 4.654 4.534 4.423 4.762 4.62 4.5 4.401 4.233 4.211 4.042 3.851
0.2498 5.154 5.204 5.129 4.936 4.793 4.654 5.015 4.913 4.791 4.649 4.509 4.36 4.918 4.746 4.574 4.453 4.343 4.682 4.54 4.42 4.321 4.152 4.131 3.961 3.771
0.2558 5.074 5.123 5.049 4.856 4.713 4.574 4.935 4.833 4.711 4.569 4.428 4.28 4.838 4.666 4.494 4.373 4.262 4.602 4.459 4.339 4.24 4.072 4.05 3.881 3.691
0.262 4.994 5.043 4.968 4.775 4.633 4.494 4.855 4.753 4.631 4.489 4.348 4.2 4.758 4.585 4.414 4.293 4.182 4.522 4.379 4.259 4.16 3.992 3.97 3.801 3.611
0.2683 4.913 4.963 4.888 4.695 4.553 4.414 4.774 4.673 4.55 4.408 4.268 4.119 4.678 4.505 4.333 4.213 4.102 4.441 4.299 4.179 4.08 3.912 3.89 3.721 3.53
0.2748 4.833 4.883 4.808 4.615 4.472 4.333 4.694 4.592 4.47 4.328 4.188 4.039 4.598 4.425 4.253 4.132 4.022 4.361 4.219 4.099 4.0 3.832 3.81 3.64 3.45
0.2814 4.753 4.802 4.728 4.535 4.392 4.253 4.614 4.512 4.39 4.248 4.107 3.959 4.517 4.345 4.173 4.052 3.942 4.281 4.138 4.019 3.92 3.751 3.73 3.56 3.37
0.2882 4.673 4.722 4.647 4.454 4.312 4.173 4.534 4.432 4.31 4.168 4.027 3.879 4.437 4.264 4.093 3.972 3.861 4.201 4.058 3.938 3.839 3.671 3.649 3.48 3.29
0.2951 4.603 4.653 4.578 4.385 4.243 4.103 4.464 4.363 4.24 4.098 3.958 3.809 4.368 4.195 4.023 3.902 3.792 4.131 3.989 3.869 3.77 3.602 3.58 3.411 3.22
0.3022 4.548 4.597 4.523 4.33 4.187 4.048 4.409 4.307 4.185 4.043 3.902 3.754 4.312 4.14 3.968 3.847 3.736 4.076 3.933 3.814 3.714 3.546 3.525 3.355 3.165
0.3095 4.493 4.542 4.467 4.274 4.132 3.993 4.354 4.252 4.129 3.988 3.847 3.699 4.257 4.084 3.912 3.792 3.681 4.021 3.878 3.758 3.659 3.491 3.469 3.3 3.109
0.317 4.437 4.487 4.412 4.219 4.076 3.937 4.298 4.197 4.074 3.932 3.792 3.643 4.202 4.029 3.857 3.736 3.626 3.965 3.823 3.703 3.604 3.436 3.414 3.244 3.054
0.3247 4.382 4.431 4.357 4.164 4.021 3.882 4.243 4.141 4.019 3.877 3.736 3.588 4.146 3.974 3.802 3.681 3.57 3.91 3.767 3.647 3.548 3.38 3.358 3.189 2.999
0.3325 4.327 4.376 4.301 4.108 3.966 3.827 4.187 4.086 3.963 3.822 3.681 3.532 4.091 3.918 3.746 3.626 3.515 3.855 3.712 3.592 3.493 3.325 3.303 3.134 2.943
0.3405 4.271 4.321 4.246 4.053 3.91 3.771 4.132 4.03 3.908 3.766 3.626 3.477 4.036 3.863 3.691 3.57 3.46 3.799 3.657 3.537 3.438 3.269 3.248 3.078 2.888
0.3487 4.216 4.265 4.19 3.998 3.855 3.716 4.077 3.975 3.853 3.711 3.57 3.422 3.98 3.808 3.636 3.515 3.404 3.744 3.601 3.481 3.382 3.214 3.192 3.023 2.833
0.3571 4.161 4.21 4.135 3.942 3.8 3.661 4.021 3.92 3.797 3.655 3.515 3.366 3.925 3.752 3.58 3.46 3.349 3.688 3.546 3.426 3.327 3.159 3.137 2.968 2.777
0.3657 4.105 4.155 4.08 3.887 3.744 3.605 3.966 3.864 3.742 3.6 3.46 3.311 3.869 3.697 3.525 3.404 3.294 3.633 3.491 3.371 3.272 3.103 3.082 2.912 2.722
0.3746 4.037 4.087 4.012 3.819 3.676 3.537 3.898 3.796 3.674 3.532 3.392 3.243 3.801 3.629 3.457 3.336 3.226 3.565 3.422 3.303 3.204 3.035 3.014 2.844 2.654
0.3836 3.96 4.009 3.934 3.741 3.599 3.46 3.82 3.719 3.596 3.455 3.314 3.165 3.724 3.551 3.379 3.259 3.148 3.488 3.345 3.225 3.126 2.958 2.936 2.767 2.576
0.3929 3.882 3.931 3.857 3.664 3.521 3.382 3.743 3.641 3.519 3.377 3.237 3.088 3.646 3.474 3.302 3.181 3.071 3.41 3.267 3.148 3.049 2.88 2.859 2.689 2.499
0.4023 3.804 3.854 3.779 3.586 3.444 3.305 3.665 3.564 3.441 3.299 3.159 3.01 3.569 3.396 3.224 3.104 2.993 3.332 3.19 3.07 2.971 2.803 2.781 2.612 2.421
0.412 3.727 3.776 3.702 3.509 3.366 3.227 3.588 3.486 3.364 3.222 3.081 2.933 3.491 3.319 3.147 3.026 2.915 3.255 3.112 2.993 2.893 2.725 2.704 2.534 2.344
0.422 3.649 3.699 3.624 3.431 3.289 3.15 3.51 3.409 3.286 3.144 3.004 2.855 3.414 3.241 3.069 2.949 2.838 3.177 3.035 2.915 2.816 2.648 2.626 2.457 2.266
0.4322 3.572 3.621 3.546 3.354 3.211 3.072 3.433 3.331 3.209 3.067 2.926 2.778 3.336 3.164 2.992 2.871 2.76 3.1 2.957 2.837 2.738 2.57 2.548 2.379 2.189
0.4426 3.494 3.544 3.469 3.276 3.134 2.994 3.355 3.254 3.131 2.989 2.849 2.7 3.259 3.086 2.914 2.794 2.683 3.022 2.88 2.76 2.661 2.493 2.471 2.302 2.111
0.4533 3.417 3.466 3.391 3.198 3.056 2.917 3.278 3.176 3.054 2.912 2.771 2.623 3.181 3.009 2.837 2.716 2.605 2.945 2.802 2.682 2.583 2.415 2.393 2.224 2.034
0.4642 3.339 3.389 3.314 3.121 2.979 2.839 3.2 3.099 2.976 2.834 2.694 2.545 3.104 2.931 2.759 2.638 2.528 2.867 2.725 2.605 2.506 2.338 2.316 2.147 1.956
0.4754 3.269 3.319 3.244 3.051 2.909 2.77 3.13 3.029 2.906 2.764 2.624 2.475 3.034 2.861 2.689 2.569 2.458 2.797 2.655 2.535 2.436 2.268 2.246 2.077 1.886
0.4869 3.203 3.252 3.177 2.984 2.842 2.703 3.064 2.962 2.839 2.698 2.557 2.409 2.967 2.794 2.623 2.502 2.391 2.731 2.588 2.468 2.369 2.201 2.179 2.01 1.82
0.4986 3.136 3.185 3.11 2.918 2.775 2.636 2.997 2.895 2.773 2.631 2.49 2.342 2.9 2.728 2.556 2.435 2.324 2.664 2.521 2.401 2.302 2.134 2.112 1.943 1.753
0.5106 3.069 3.119 3.044 2.851 2.708 2.569 2.93 2.828 2.706 2.564 2.424 2.275 2.833 2.661 2.489 2.368 2.258 2.597 2.454 2.335 2.236 2.067 2.046 1.876 1.686
0.523 3.002 3.052 2.977 2.784 2.641 2.502 2.863 2.762 2.639 2.497 2.357 2.208 2.767 2.594 2.422 2.301 2.191 2.53 2.388 2.268 2.169 2.001 1.979 1.81 1.619
0.5356 2.935 2.985 2.91 2.717 2.575 2.436 2.796 2.695 2.572 2.43 2.29 2.141 2.7 2.527 2.355 2.235 2.124 2.463 2.321 2.201 2.102 1.934 1.912 1.743 1.552
0.5485 2.869 2.918 2.843 2.65 2.508 2.369 2.73 2.628 2.505 2.364 2.223 2.075 2.633 2.46 2.289 2.168 2.057 2.397 2.254 2.134 2.035 1.867 1.845 1.676 1.486
0.5617 2.802 2.851 2.776 2.584 2.441 2.302 2.663 2.561 2.439 2.297 2.156 2.008 2.566 2.394 2.222 2.101 1.99 2.33 2.187 2.067 1.968 1.8 1.778 1.609 1.419
0.5753 2.735 2.785 2.71 2.517 2.374 2.235 2.596 2.494 2.372 2.23 2.09 1.941 2.499 2.327 2.155 2.034 1.924 2.263 2.12 2.001 1.902 1.733 1.712 1.542 1.352
0.5891 2.668 2.718 2.643 2.45 2.308 2.168 2.529 2.428 2.305 2.163 2.023 1.874 2.433 2.26 2.088 1.967 1.857 2.196 2.054 1.934 1.835 1.667 1.645 1.476 1.285
0.6034 2.62 2.67 2.595 2.402 2.26 2.121 2.481 2.38 2.257 2.115 1.975 1.826 2.385 2.212 2.04 1.92 1.809 2.148 2.006 1.886 1.787 1.619 1.597 1.428 1.237
0.6179 2.576 2.625 2.55 2.357 2.215 2.076 2.437 2.335 2.212 2.071 1.93 1.782 2.34 2.167 1.995 1.875 1.764 2.104 1.961 1.841 1.742 1.574 1.552 1.383 1.192
0.6328 2.531 2.58 2.505 2.312 2.17 2.031 2.392 2.29 2.168 2.026 1.885 1.737 2.295 2.123 1.951 1.83 1.719 2.059 1.916 1.796 1.697 1.529 1.507 1.338 1.148
0.6481 2.486 2.535 2.461 2.268 2.125 1.986 2.347 2.245 2.123 1.981 1.84 1.692 2.25 2.078 1.906 1.785 1.675 2.014 1.871 1.752 1.653 1.484 1.463 1.293 1.103
0.6637 2.441 2.491 2.416 2.223 2.08 1.941 2.302 2.2 2.078 1.936 1.796 1.647 2.206 2.033 1.861 1.74 1.63 1.969 1.827 1.707 1.608 1.439 1.418 1.248 1.058
0.6797 2.396 2.446 2.371 2.178 2.036 1.897 2.257 2.156 2.033 1.891 1.751 1.602 2.161 1.988 1.816 1.696 1.585 1.924 1.782 1.662 1.563 1.395 1.373 1.204 1.013
0.6961 2.352 2.401 2.326 2.133 1.991 1.852 2.213 2.111 1.988 1.847 1.706 1.558 2.116 1.943 1.771 1.651 1.54 1.88 1.737 1.617 1.518 1.35 1.328 1.159 0.969
0.7129 2.307 2.356 2.281 2.088 1.946 1.807 2.168 2.066 1.944 1.802 1.661 1.513 2.071 1.899 1.727 1.606 1.495 1.835 1.692 1.572 1.473 1.305 1.283 1.114 0.924
0.7301 2.262 2.311 2.237 2.044 1.901 1.762 2.123 2.021 1.899 1.757 1.617 1.468 2.026 1.854 1.682 1.561 1.451 1.79 1.647 1.528 1.429 1.26 1.239 1.069 0.879
0.7477 2.217 2.267 2.192 1.999 1.856 1.717 2.078 1.977 1.854 1.712 1.572 1.423 1.982 1.809 1.637 1.516 1.406 1.745 1.603 1.483 1.384 1.216 1.194 1.024 0.834
0.7658 2.18 2.229 2.154 1.961 1.819 1.68 2.041 1.939 1.817 1.675 1.534 1.386 1.944 1.771 1.6 1.479 1.368 1.708 1.565 1.445 1.346 1.178 1.156 0.987 0.797
0.7842 2.142 2.192 2.117 1.924 1.781 1.642 2.003 1.901 1.779 1.637 1.497 1.348 1.906 1.734 1.562 1.441 1.331 1.67 1.528 1.408 1.309 1.14 1.119 0.949 0.759
0.8032 2.105 2.154 2.079 1.886 1.744 1.605 1.966 1.864 1.741 1.6 1.459 1.311 1.869 1.696 1.524 1.404 1.293 1.633 1.49 1.37 1.271 1.103 1.081 0.912 0.721
0.8225 2.067 2.117 2.042 1.849 1.706 1.567 1.928 1.826 1.704 1.562 1.422 1.273 1.831 1.659 1.487 1.366 1.256 1.595 1.452 1.333 1.234 1.065 1.044 0.874 0.684
0.8424 2.03 2.079 2.004 1.811 1.669 1.53 1.89 1.789 1.666 1.524 1.384 1.235 1.794 1.621 1.449 1.329 1.218 1.557 1.415 1.295 1.196 1.028 1.006 0.837 0.646
0.8627 1.992 2.041 1.967 1.774 1.631 1.492 1.853 1.751 1.629 1.487 1.346 1.198 1.756 1.584 1.412 1.291 1.18 1.52 1.377 1.258 1.158 0.99 0.969 0.799 0.609
0.8835 1.954 2.004 1.929 1.736 1.594 1.455 1.815 1.714 1.591 1.449 1.309 1.16 1.719 1.546 1.374 1.254 1.143 1.482 1.34 1.22 1.121 0.953 0.931 0.762 0.571
0.9048 1.917 1.966 1.891 1.698 1.556 1.417 1.778 1.676 1.554 1.412 1.271 1.123 1.681 1.509 1.337 1.216 1.105 1.445 1.302 1.182 1.083 0.915 0.893 0.724 0.534
0.9266 1.879 1.929 1.854 1.661 1.519 1.379 1.74 1.639 1.516 1.374 1.234 1.085 1.644 1.471 1.299 1.178 1.068 1.407 1.265 1.145 1.046 0.878 0.856 0.687 0.496
0.949 1.843 1.893 1.818 1.625 1.483 1.344 1.704 1.603 1.48 1.338 1.198 1.049 1.608 1.435 1.263 1.143 1.032 1.371 1.229 1.109 1.01 0.842 0.82 0.651 0.46
0.9719 1.817 1.867 1.792 1.599 1.457 1.317 1.678 1.577 1.454 1.312 1.172 1.023 1.582 1.409 1.237 1.116 1.006 1.345 1.203 1.083 0.984 0.816 0.794 0.625 0.434
0.9953 1.791 1.841 1.766 1.573 1.43 1.291 1.652 1.55 1.428 1.286 1.146 0.997 1.556 1.383 1.211 1.09 0.98 1.319 1.177 1.057 0.958 0.789 0.768 0.598 0.408
1.0194 1.765 1.815 1.74 1.547 1.404 1.265 1.626 1.524 1.402 1.26 1.12 0.971 1.529 1.357 1.185 1.064 0.954 1.293 1.151 1.031 0.932 0.763 0.742 0.572 0.382
1.0439 1.739 1.788 1.714 1.521 1.378 1.239 1.6 1.498 1.376 1.234 1.093 0.945 1.503 1.331 1.159 1.038 0.928 1.267 1.124 1.005 0.906 0.737 0.716 0.546 0.356
1.0691 1.713 1.762 1.688 1.495 1.352 1.213 1.574 1.472 1.35 1.208 1.067 0.919 1.477 1.305 1.133 1.012 0.901 1.241 1.098 0.978 0.879 0.711 0.689 0.52 0.33
1.0949 1.687 1.736 1.661 1.468 1.326 1.187 1.548 1.446 1.324 1.182 1.041 0.893 1.451 1.279 1.107 0.986 0.875 1.215 1.072 0.952 0.853 0.685 0.663 0.494 0.304
1.1213 1.661 1.71 1.635 1.442 1.3 1.161 1.522 1.42 1.298 1.156 1.015 0.867 1.425 1.252 1.081 0.96 0.849 1.189 1.046 0.926 0.827 0.659 0.637 0.468 0.278
1.1484 1.635 1.684 1.609 1.416 1.274 1.135 1.496 1.394 1.271 1.13 0.989 0.841 1.399 1.226 1.054 0.934 0.823 1.163 1.02 0.9 0.801 0.633 0.611 0.442 0.252
1.1761 1.609 1.658 1.583 1.39 1.248 1.109 1.469 1.368 1.245 1.103 0.963 0.814 1.373 1.2 1.028 0.908 0.797 1.136 0.994 0.874 0.775 0.607 0.585 0.416 0.225
1.2044 1.583 1.632 1.557 1.364 1.222 1.083 1.444 1.342 1.22 1.078 0.937 0.789 1.347 1.174 1.003 0.882 0.771 1.111 0.968 0.848 0.749 0.581 0.559 0.39 0.2
1.2335 1.558 1.607 1.532 1.339 1.197 1.058 1.419 1.317 1.194 1.053 0.912 0.764 1.322 1.149 0.977 0.857 0.746 1.086 0.943 0.823 0.724 0.556 0.534 0.365 0.175
1.2633 1.533 1.582 1.507 1.314 1.172 1.033 1.393 1.292 1.169 1.028 0.887 0.738 1.297 1.124 0.952 0.832 0.721 1.06 0.918 0.798 0.699 0.531 0.509 0.34 0.149
1.2937 1.507 1.557 1.482 1.289 1.147 1.008 1.368 1.267 1.144 1.002 0.862 0.713 1.272 1.099 0.927 0.807 0.696 1.035 0.893 0.773 0.674 0.506 0.484 0.315 0.124
1.3249 1.482 1.532 1.457 1.264 1.122 0.982 1.343 1.242 1.119 0.977 0.837 0.688 1.247 1.074 0.902 0.782 0.671 1.01 0.868 0.748 0.649 0.481 0.459 0.29 0.099
1.3569 1.457 1.507 1.432 1.239 1.097 0.957 1.318 1.217 1.094 0.952 0.812 0.663 1.222 1.049 0.877 0.756 0.646 0.985 0.843 0.723 0.624 0.456 0.434 0.265 0.074
1.3896 1.432 1.482 1.407 1.214 1.071 0.932 1.293 1.191 1.069 0.927 0.787 0.638 1.197 1.024 0.852 0.731 0.621 0.96 0.818 0.698 0.599 0.43 0.409 0.239 0.049
1.4232 1.407 1.457 1.382 1.189 1.046 0.907 1.268 1.166 1.044 0.902 0.762 0.613 1.171 0.999 0.827 0.706 0.596 0.935 0.793 0.673 0.574 0.405 0.384 0.214 0.024
1.4575 1.382 1.431 1.357 1.164 1.021 0.882 1.243 1.141 1.019 0.877 0.737 0.588 1.146 0.974 0.802 0.681 0.571 0.91 0.767 0.648 0.549 0.38 0.359 0.189 -0.001
1.4927 1.357 1.406 1.332 1.139 0.996 0.857 1.218 1.116 0.994 0.852 0.711 0.563 1.121 0.949 0.777 0.656 0.545 0.885 0.742 0.623 0.524 0.355 0.334 0.164 -0.026
1.5287 1.332 1.381 1.307 1.114 0.971 0.832 1.193 1.091 0.969 0.827 0.686 0.538 1.096 0.924 0.752 0.631 0.52 0.86 0.717 0.598 0.498 0.33 0.309 0.139 -0.051
1.5655 1.307 1.356 1.282 1.089 0.946 0.807 1.168 1.066 0.944 0.802 0.662 0.513 1.071 0.899 0.727 0.606 0.496 0.835 0.692 0.573 0.474 0.305 0.284 0.114 -0.076
1.6033 1.282 1.332 1.257 1.064 0.921 0.782 1.143 1.041 0.919 0.777 0.637 0.488 1.046 0.874 0.702 0.581 0.471 0.81 0.668 0.548 0.449 0.28 0.259 0.089 -0.101
1.642 1.257 1.307 1.232 1.039 0.896 0.757 1.118 1.016 0.894 0.752 0.612 0.463 1.022 0.849 0.677 0.556 0.446 0.785 0.643 0.523 0.424 0.255 0.234 0.064 -0.126
1.6816 1.232 1.282 1.207 1.014 0.872 0.732 1.093 0.992 0.869 0.727 0.587 0.438 0.997 0.824 0.652 0.531 0.421 0.76 0.618 0.498 0.399 0.231 0.209 0.04 -0.151
1.7222 1.207 1.257 1.182 0.989 0.847 0.707 1.068 0.967 0.844 0.702 0.562 0.413 0.972 0.799 0.627 0.507 0.396 0.735 0.593 0.473 0.374 0.206 0.184 0.015 -0.176
1.7637 1.182 1.232 1.157 0.964 0.822 0.683 1.043 0.942 0.819 0.677 0.537 0.388 0.947 0.774 0.602 0.482 0.371 0.71 0.568 0.448 0.349 0.181 0.159 -0.01 -0.201
1.8062 1.158 1.207 1.132 0.939 0.797 0.658 1.018 0.917 0.794 0.653 0.512 0.363 0.922 0.749 0.577 0.457 0.346 0.686 0.543 0.423 0.324 0.156 0.134 -0.035 -0.226
1.8498 1.133 1.182 1.107 0.914 0.772 0.633 0.994 0.892 0.769 0.628 0.487 0.339 0.897 0.724 0.553 0.432 0.321 0.661 0.518 0.398 0.299 0.131 0.109 -0.06 -0.25
1.8944 1.108 1.157 1.082 0.889 0.747 0.608 0.969 0.867 0.745 0.603 0.462 0.314 0.872 0.699 0.528 0.407 0.296 0.636 0.493 0.373 0.274 0.106 0.084 -0.085 -0.275
1.9401 1.085 1.135 1.06 0.867 0.725 0.586 0.946 0.845 0.722 0.58 0.44 0.291 0.85 0.677 0.505 0.385 0.274 0.613 0.471 0.351 0.252 0.084 0.062 -0.107 -0.298
1.9869 1.065 1.115 1.04 0.847 0.704 0.565 0.926 0.824 0.702 0.56 0.42 0.271 0.83 0.657 0.485 0.364 0.254 0.593 0.451 0.331 0.232 0.064 0.042 -0.128 -0.318
2.0349 1.045 1.094 1.02 0.827 0.684 0.545 0.906 0.804 0.682 0.54 0.399 0.251 0.809 0.637 0.465 0.344 0.233 0.573 0.43 0.311 0.212 0.043 0.022 -0.148 -0.338
2.084 1.025 1.074 0.999 0.806 0.664 0.525 0.886 0.784 0.662 0.52 0.379 0.231 0.789 0.616 0.445 0.324 0.213 0.553 0.41 0.29 0.191 0.023 0.001 -0.168 -0.358
2.1342 1.004 1.054 0.979 0.786 0.644 0.505 0.865 0.764 0.641 0.499 0.359 0.21 0.769 0.596 0.424 0.304 0.193 0.532 0.39 0.27 0.171 0.003 -0.019 -0.188 -0.379
2.1857 0.984 1.034 0.959 0.766 0.623 0.484 0.845 0.743 0.621 0.479 0.339 0.19 0.748 0.576 0.404 0.283 0.173 0.512 0.37 0.25 0.151 -0.018 -0.039 -0.209 -0.399
2.2384 0.964 1.013 0.939 0.746 0.603 0.464 0.825 0.723 0.601 0.459 0.318 0.17 0.728 0.556 0.384 0.263 0.152 0.492 0.349 0.229 0.13 -0.038 -0.06 -0.229 -0.419
2.2924 0.944 0.993 0.918 0.725 0.583 0.444 0.805 0.703 0.58 0.439 0.298 0.15 0.708 0.535 0.364 0.243 0.132 0.472 0.329 0.209 0.11 -0.058 -0.08 -0.249 -0.439
2.3477 0.923 0.973 0.898 0.705 0.563 0.423 0.784 0.683 0.56 0.418 0.278 0.129 0.688 0.515 0.343 0.223 0.112 0.451 0.309 0.189 0.09 -0.078 -0.1 -0.269 -0.46
2.4044 0.903 0.953 0.878 0.685 0.542 0.403 0.764 0.662 0.54 0.398 0.258 0.109 0.667 0.495 0.323 0.202 0.092 0.431 0.289 0.169 0.07 -0.099 -0.12 -0.29 -0.48
2.4624 0.886 0.935 0.861 0.668 0.525 0.386 0.747 0.645 0.523 0.381 0.24 0.092 0.65 0.478 0.306 0.185 0.075 0.414 0.271 0.152 0.053 -0.116 -0.137 -0.307 -0.497
2.5218 0.87 0.92 0.845 0.652 0.509 0.37 0.731 0.629 0.507 0.365 0.225 0.076 0.634 0.462 0.29 0.169 0.059 0.398 0.256 0.136 0.037 -0.132 -0.153 -0.323 -0.513
2.5826 0.854 0.904 0.829 0.636 0.493 0.354 0.715 0.614 0.491 0.349 0.209 0.06 0.619 0.446 0.274 0.153 0.043 0.382 0.24 0.12 0.021 -0.147 -0.169 -0.339 -0.529
2.6449 0.838 0.888 0.813 0.62 0.478 0.338 0.699 0.598 0.475 0.333 0.193 0.044 0.603 0.43 0.258 0.138 0.027 0.366 0.224 0.104 0.005 -0.163 -0.185 -0.354 -0.545
2.7087 0.822 0.872 0.797 0.604 0.462 0.323 0.683 0.582 0.459 0.317 0.177 0.028 0.587 0.414 0.242 0.122 0.011 0.35 0.208 0.088 -0.011 -0.179 -0.201 -0.37 -0.561
2.7741 0.807 0.856 0.781 0.588 0.446 0.307 0.668 0.566 0.443 0.302 0.161 0.013 0.571 0.398 0.226 0.106 -0.005 0.335 0.192 0.072 -0.027 -0.195 -0.217 -0.386 -0.576
2.841 0.791 0.84 0.765 0.572 0.43 0.291 0.652 0.55 0.428 0.286 0.145 -0.003 0.555 0.382 0.211 0.09 -0.021 0.319 0.176 0.056 -0.043 -0.211 -0.233 -0.402 -0.592
2.9095 0.775 0.824 0.749 0.557 0.414 0.275 0.636 0.534 0.412 0.27 0.129 -0.019 0.539 0.367 0.195 0.074 -0.037 0.303 0.16 0.04 -0.059 -0.227 -0.249 -0.418 -0.608
2.9797 0.759 0.808 0.734 0.541 0.398 0.259 0.62 0.518 0.396 0.254 0.113 -0.035 0.523 0.351 0.179 0.058 -0.053 0.287 0.144 0.025 -0.074 -0.243 -0.264 -0.434 -0.624
3.0516 0.743 0.793 0.718 0.525 0.382 0.243 0.604 0.502 0.38 0.238 0.098 -0.051 0.507 0.335 0.163 0.042 -0.068 0.271 0.128 0.009 -0.09 -0.259 -0.28 -0.45 -0.64
3.1252 0.729 0.778 0.703 0.51 0.368 0.229 0.589 0.488 0.365 0.224 0.083 -0.066 0.493 0.32 0.148 0.028 -0.083 0.256 0.114 -0.006 -0.105 -0.273 -0.295 -0.464 -0.655
3.2006 0.714 0.764 0.689 0.496 0.353 0.214 0.575 0.473 0.351 0.209 0.069 -0.08 0.478 0.306 0.134 0.013 -0.097 0.242 0.1 -0.02 -0.119 -0.288 -0.309 -0.479 -0.669
3.2778 0.7 0.749 0.674 0.482 0.339 0.2 0.561 0.459 0.337 0.195 0.054 -0.094 0.464 0.292 0.12 -0.001 -0.112 0.228 0.085 -0.035 -0.134 -0.302 -0.324 -0.493 -0.683
3.3569 0.686 0.735 0.66 0.467 0.325 0.186 0.546 0.445 0.322 0.18 0.04 -0.109 0.45 0.277 0.105 -0.015 -0.126 0.213 0.071 -0.049 -0.148 -0.316 -0.338 -0.507 -0.698
3.4378 0.671 0.721 0.646 0.453 0.31 0.171 0.532 0.43 0.308 0.166 0.026 -0.123 0.435 0.263 0.091 -0.03 -0.14 0.199 0.057 -0.063 -0.162 -0.331 -0.352 -0.522 -0.712
3.5208 0.657 0.706 0.631 0.438 0.296 0.157 0.518 0.416 0.294 0.152 0.011 -0.137 0.421 0.249 0.077 -0.044 -0.155 0.185 0.042 -0.078 -0.177 -0.345 -0.367 -0.536 -0.726
3.6057 0.643 0.692 0.617 0.424 0.282 0.143 0.503 0.402 0.279 0.137 -0.003 -0.152 0.407 0.234 0.062 -0.058 -0.169 0.17 0.028 -0.092 -0.191 -0.359 -0.381 -0.55 -0.741
3.6927 0.628 0.678 0.603 0.41 0.267 0.128 0.489 0.387 0.265 0.123 -0.017 -0.166 0.392 0.22 0.048 -0.073 -0.183 0.156 0.014 -0.106 -0.205 -0.374 -0.395 -0.565 -0.755
3.7818 0.614 0.663 0.588 0.395 0.253 0.114 0.475 0.373 0.251 0.109 -0.032 -0.18 0.378 0.206 0.034 -0.087 -0.198 0.142 -0.001 -0.121 -0.22 -0.388 -0.41 -0.579 -0.769
3.873 0.6 0.649 0.574 0.381 0.239 0.1 0.46 0.359 0.236 0.094 -0.046 -0.195 0.364 0.191 0.019 -0.101 -0.212 0.127 -0.015 -0.135 -0.234 -0.402 -0.424 -0.593 -0.784
3.9664 0.588 0.637 0.562 0.369 0.227 0.088 0.449 0.347 0.225 0.083 -0.058 -0.206 0.352 0.179 0.008 -0.113 -0.224 0.116 -0.027 -0.147 -0.246 -0.414 -0.436 -0.605 -0.795
4.0621 0.576 0.625 0.551 0.358 0.215 0.076 0.437 0.335 0.213 0.071 -0.069 -0.218 0.34 0.168 -0.004 -0.125 -0.235 0.104 -0.039 -0.158 -0.257 -0.426 -0.447 -0.617 -0.807
4.1601 0.564 0.614 0.539 0.346 0.204 0.064 0.425 0.324 0.201 0.059 -0.081 -0.23 0.329 0.156 -0.016 -0.137 -0.247 0.092 -0.05 -0.17 -0.269 -0.437 -0.459 -0.628 -0.819
4.2604 0.553 0.602 0.527 0.334 0.192 0.053 0.413 0.312 0.189 0.048 -0.093 -0.242 0.317 0.144 -0.028 -0.148 -0.259 0.081 -0.062 -0.182 -0.281 -0.449 -0.471 -0.64 -0.831
4.3632 0.541 0.59 0.515 0.322 0.18 0.041 0.402 0.3 0.178 0.036 -0.105 -0.253 0.305 0.133 -0.039 -0.16 -0.271 0.069 -0.074 -0.194 -0.293 -0.461 -0.483 -0.652 -0.842
4.4685 0.529 0.579 0.504 0.311 0.168 0.029 0.39 0.288 0.166 0.024 -0.116 -0.265 0.293 0.121 -0.051 -0.172 -0.282 0.057 -0.086 -0.205 -0.304 -0.473 -0.494 -0.664 -0.854
4.5763 0.517 0.567 0.492 0.299 0.157 0.017 0.378 0.277 0.154 0.012 -0.128 -0.277 0.282 0.109 -0.063 -0.183 -0.294 0.045 -0.097 -0.217 -0.316 -0.484 -0.506 -0.675 -0.866
4.6867 0.506 0.555 0.48 0.287 0.145 0.006 0.367 0.265 0.142 0.001 -0.14 -0.288 0.27 0.097 -0.075 -0.195 -0.306 0.034 -0.109 -0.229 -0.328 -0.496 -0.518 -0.687 -0.877
4.7997 0.494 0.543 0.468 0.276 0.133 -0.006 0.355 0.253 0.131 -0.011 -0.152 -0.3 0.258 0.086 -0.086 -0.207 -0.318 0.022 -0.121 -0.241 -0.34 -0.508 -0.53 -0.699 -0.889
4.9155 0.482 0.531 0.457 0.264 0.121 -0.018 0.343 0.241 0.119 -0.023 -0.164 -0.312 0.246 0.074 -0.098 -0.219 -0.33 0.01 -0.133 -0.252 -0.352 -0.52 -0.541 -0.711 -0.901
5.0341 0.469 0.518 0.443 0.251 0.108 -0.031 0.33 0.228 0.106 -0.036 -0.177 -0.325 0.233 0.061 -0.111 -0.232 -0.343 -0.003 -0.146 -0.266 -0.365 -0.533 -0.555 -0.724 -0.914
5.1555 0.456 0.505 0.43 0.237 0.095 -0.044 0.317 0.215 0.093 -0.049 -0.19 -0.338 0.22 0.048 -0.124 -0.245 -0.356 -0.016 -0.159 -0.279 -0.378 -0.546 -0.568 -0.737 -0.927
5.2799 0.443 0.492 0.417 0.224 0.082 -0.057 0.304 0.202 0.08 -0.062 -0.203 -0.351 0.207 0.034 -0.137 -0.258 -0.369 -0.029 -0.172 -0.292 -0.391 -0.559 -0.581 -0.75 -0.94
5.4072 0.43 0.479 0.404 0.211 0.069 -0.07 0.291 0.189 0.067 -0.075 -0.216 -0.364 0.194 0.021 -0.15 -0.271 -0.382 -0.042 -0.185 -0.305 -0.404 -0.572 -0.594 -0.763 -0.953
5.5377 0.417 0.466 0.391 0.198 0.056 -0.083 0.278 0.176 0.053 -0.088 -0.229 -0.377 0.181 0.008 -0.164 -0.284 -0.395 -0.055 -0.198 -0.318 -0.417 -0.585 -0.607 -0.776 -0.966
5.6713 0.404 0.453 0.378 0.185 0.043 -0.096 0.264 0.163 0.04 -0.101 -0.242 -0.391 0.168 -0.005 -0.177 -0.297 -0.408 -0.068 -0.211 -0.331 -0.43 -0.598 -0.62 -0.789 -0.98
5.8081 0.39 0.44 0.365 0.172 0.03 -0.109 0.251 0.15 0.027 -0.115 -0.255 -0.404 0.155 -0.018 -0.19 -0.31 -0.421 -0.082 -0.224 -0.344 -0.443 -0.611 -0.633 -0.802 -0.993
5.9482 0.377 0.427 0.352 0.159 0.017 -0.122 0.238 0.137 0.014 -0.128 -0.268 -0.417 0.142 -0.031 -0.203 -0.323 -0.434 -0.095 -0.237 -0.357 -0.456 -0.624 -0.646 -0.815 -1.006
6.0917 0.364 0.414 0.339 0.146 0.004 -0.136 0.225 0.124 0.001 -0.141 -0.281 -0.43 0.129 -0.044 -0.216 -0.336 -0.447 -0.108 -0.25 -0.37 -0.469 -0.637 -0.659 -0.828 -1.019
6.2386 0.35 0.4 0.325 0.132 -0.011 -0.15 0.211 0.11 -0.013 -0.155 -0.295 -0.444 0.115 -0.058 -0.23 -0.351 -0.461 -0.122 -0.264 -0.384 -0.483 -0.651 -0.673 -0.843 -1.033
6.3891 0.334 0.383 0.308 0.115 -0.027 -0.166 0.195 0.093 -0.03 -0.171 -0.312 -0.46 0.098 -0.075 -0.247 -0.367 -0.478 -0.138 -0.281 -0.401 -0.5 -0.668 -0.69 -0.859 -1.049
6.5433 0.317 0.366 0.292 0.099 -0.044 -0.183 0.178 0.076 -0.046 -0.188 -0.329 -0.477 0.081 -0.091 -0.263 -0.384 -0.494 -0.155 -0.298 -0.417 -0.516 -0.685 -0.706 -0.876 -1.066
6.7011 0.3 0.35 0.275 0.082 -0.06 -0.2 0.161 0.06 -0.063 -0.205 -0.345 -0.494 0.065 -0.108 -0.28 -0.4 -0.511 -0.172 -0.314 -0.434 -0.533 -0.701 -0.723 -0.892 -1.083
6.8627 0.284 0.333 0.258 0.065 -0.077 -0.216 0.145 0.043 -0.079 -0.221 -0.362 -0.51 0.048 -0.125 -0.296 -0.417 -0.528 -0.188 -0.331 -0.451 -0.55 -0.718 -0.74 -0.909 -1.099
7.0283 0.267 0.317 0.242 0.049 -0.094 -0.233 0.128 0.026 -0.096 -0.238 -0.378 -0.527 0.031 -0.141 -0.313 -0.434 -0.544 -0.205 -0.347 -0.467 -0.566 -0.735 -0.756 -0.926 -1.116
7.1978 0.251 0.3 0.225 0.032 -0.11 -0.249 0.111 0.01 -0.113 -0.255 -0.395 -0.544 0.015 -0.158 -0.33 -0.45 -0.561 -0.222 -0.364 -0.484 -0.583 -0.751 -0.773 -0.942 -1.133
7.3715 0.234 0.283 0.209 0.016 -0.127 -0.266 0.095 -0.007 -0.129 -0.271 -0.412 -0.56 -0.002 -0.174 -0.346 -0.467 -0.578 -0.238 -0.381 -0.501 -0.6 -0.768 -0.79 -0.959 -1.149
7.5493 0.217 0.267 0.192 -0.001 -0.143 -0.283 0.078 -0.023 -0.146 -0.288 -0.428 -0.577 -0.018 -0.191 -0.363 -0.484 -0.594 -0.255 -0.397 -0.517 -0.616 -0.784 -0.806 -0.975 -1.166
7.7314 0.201 0.25 0.175 -0.018 -0.16 -0.299 0.062 -0.04 -0.162 -0.304 -0.445 -0.593 -0.035 -0.208 -0.379 -0.5 -0.611 -0.271 -0.414 -0.534 -0.633 -0.801 -0.823 -0.992 -1.182
7.9179 0.185 0.235 0.16 -0.033 -0.175 -0.314 0.046 -0.055 -0.178 -0.32 -0.46 -0.609 -0.05 -0.223 -0.395 -0.515 -0.626 -0.287 -0.429 -0.549 -0.648 -0.816 -0.838 -1.007 -1.198
8.1089 0.172 0.222 0.147 -0.046 -0.189 -0.328 0.033 -0.069 -0.191 -0.333 -0.473 -0.622 -0.064 -0.236 -0.408 -0.529 -0.639 -0.3 -0.443 -0.562 -0.661 -0.83 -0.851 -1.021 -1.211
8.3045 0.159 0.208 0.133 -0.06 -0.202 -0.341 0.02 -0.082 -0.204 -0.346 -0.487 -0.635 -0.077 -0.25 -0.421 -0.542 -0.653 -0.313 -0.456 -0.576 -0.675 -0.843 -0.865 -1.034 -1.224
8.5049 0.145 0.195 0.12 -0.073 -0.215 -0.355 0.006 -0.095 -0.218 -0.36 -0.5 -0.649 -0.09 -0.263 -0.435 -0.555 -0.666 -0.327 -0.469 -0.589 -0.688 -0.856 -0.878 -1.047 -1.238
8.71 0.132 0.181 0.107 -0.086 -0.229 -0.368 -0.007 -0.109 -0.231 -0.373 -0.514 -0.662 -0.104 -0.276 -0.448 -0.569 -0.68 -0.34 -0.483 -0.602 -0.701 -0.87 -0.891 -1.061 -1.251
8.9201 0.119 0.168 0.093 -0.1 -0.242 -0.381 -0.02 -0.122 -0.245 -0.386 -0.527 -0.675 -0.117 -0.29 -0.462 -0.582 -0.693 -0.353 -0.496 -0.616 -0.715 -0.883 -0.905 -1.074 -1.265
9.1353 0.105 0.155 0.08 -0.113 -0.256 -0.395 -0.034 -0.136 -0.258 -0.4 -0.54 -0.689 -0.13 -0.303 -0.475 -0.596 -0.706 -0.367 -0.509 -0.629 -0.728 -0.897 -0.918 -1.088 -1.278
9.3557 0.092 0.141 0.066 -0.127 -0.269 -0.408 -0.047 -0.149 -0.271 -0.413 -0.554 -0.702 -0.144 -0.316 -0.488 -0.609 -0.72 -0.38 -0.523 -0.643 -0.742 -0.91 -0.932 -1.101 -1.291
9.5814 0.078 0.128 0.053 -0.14 -0.282 -0.421 -0.061 -0.162 -0.285 -0.427 -0.567 -0.716 -0.157 -0.33 -0.502 -0.622 -0.733 -0.394 -0.536 -0.656 -0.755 -0.923 -0.945 -1.114 -1.305
9.8125 0.065 0.115 0.04 -0.153 -0.296 -0.435 -0.074 -0.176 -0.298 -0.44 -0.58 -0.729 -0.171 -0.343 -0.515 -0.636 -0.746 -0.407 -0.55 -0.669 -0.768 -0.937 -0.958 -1.128 -1.318
10.0492 0.05 0.1 0.025 -0.168 -0.311 -0.45 -0.089 -0.191 -0.313 -0.455 -0.595 -0.744 -0.186 -0.358 -0.53 -0.651 -0.761 -0.422 -0.564 -0.684 -0.783 -0.952 -0.973 -1.143 -1.333
10.2917 0.034 0.084 0.009 -0.184 -0.327 -0.466 -0.105 -0.207 -0.329 -0.471 -0.611 -0.76 -0.202 -0.374 -0.546 -0.667 -0.777 -0.438 -0.581 -0.7 -0.799 -0.968 -0.989 -1.159 -1.349
10.5399 0.018 0.067 -0.007 -0.2 -0.343 -0.482 -0.121 -0.223 -0.345 -0.487 -0.628 -0.776 -0.218 -0.39 -0.562 -0.683 -0.794 -0.454 -0.597 -0.716 -0.816 -0.984 -1.005 -1.175 -1.365
10.7942 0.002 0.051 -0.024 -0.216 -0.359 -0.498 -0.137 -0.239 -0.361 -0.503 -0.644 -0.792 -0.234 -0.406 -0.578 -0.699 -0.81 -0.47 -0.613 -0.733 -0.832 -1.0 -1.022 -1.191 -1.381
11.0546 -0.014 0.035 -0.04 -0.233 -0.375 -0.514 -0.153 -0.255 -0.377 -0.519 -0.66 -0.808 -0.25 -0.423 -0.594 -0.715 -0.826 -0.486 -0.629 -0.749 -0.848 -1.016 -1.038 -1.207 -1.397
11.3212 -0.03 0.019 -0.056 -0.249 -0.391 -0.53 -0.169 -0.271 -0.394 -0.535 -0.676 -0.824 -0.266 -0.439 -0.61 -0.731 -0.842 -0.502 -0.645 -0.765 -0.864 -1.032 -1.054 -1.223 -1.413
11.5943 -0.046 0.003 -0.072 -0.265 -0.407 -0.546 -0.186 -0.287 -0.41 -0.551 -0.692 -0.841 -0.282 -0.455 -0.627 -0.747 -0.858 -0.518 -0.661 -0.781 -0.88 -1.048 -1.07 -1.239 -1.43
11.874 -0.063 -0.013 -0.088 -0.281 -0.423 -0.562 -0.202 -0.303 -0.426 -0.568 -0.708 -0.857 -0.298 -0.471 -0.643 -0.763 -0.874 -0.535 -0.677 -0.797 -0.896 -1.064 -1.086 -1.255 -1.446
12.1605 -0.079 -0.029 -0.104 -0.297 -0.439 -0.579 -0.218 -0.319 -0.442 -0.584 -0.724 -0.873 -0.314 -0.487 -0.659 -0.779 -0.89 -0.551 -0.693 -0.813 -0.912 -1.08 -1.102 -1.271 -1.462
12.4538 -0.095 -0.045 -0.12 -0.313 -0.456 -0.595 -0.234 -0.335 -0.458 -0.6 -0.74 -0.889 -0.33 -0.503 -0.675 -0.796 -0.906 -0.567 -0.709 -0.829 -0.928 -1.096 -1.118 -1.288 -1.478
12.7542 -0.108 -0.059 -0.134 -0.327 -0.469 -0.608 -0.247 -0.349 -0.471 -0.613 -0.754 -0.902 -0.344 -0.517 -0.688 -0.809 -0.92 -0.58 -0.723 -0.843 -0.942 -1.11 -1.132 -1.301 -1.491
13.0619 -0.121 -0.071 -0.146 -0.339 -0.482 -0.621 -0.26 -0.362 -0.484 -0.626 -0.766 -0.915 -0.356 -0.529 -0.701 -0.822 -0.932 -0.593 -0.735 -0.855 -0.954 -1.123 -1.144 -1.314 -1.504
13.377 -0.133 -0.084 -0.159 -0.352 -0.494 -0.633 -0.272 -0.374 -0.496 -0.638 -0.779 -0.927 -0.369 -0.542 -0.713 -0.834 -0.945 -0.605 -0.748 -0.868 -0.967 -1.135 -1.157 -1.326 -1.516
13.6997 -0.146 -0.096 -0.171 -0.364 -0.507 -0.646 -0.285 -0.387 -0.509 -0.651 -0.791 -0.94 -0.382 -0.554 -0.726 -0.847 -0.957 -0.618 -0.76 -0.88 -0.979 -1.148 -1.169 -1.339 -1.529
14.0302 -0.158 -0.109 -0.184 -0.377 -0.519 -0.658 -0.297 -0.399 -0.521 -0.663 -0.804 -0.952 -0.394 -0.567 -0.738 -0.859 -0.97 -0.63 -0.773 -0.893 -0.992 -1.16 -1.182 -1.351 -1.541
14.3686 -0.171 -0.121 -0.196 -0.389 -0.532 -0.671 -0.31 -0.412 -0.534 -0.676 -0.816 -0.965 -0.407 -0.579 -0.751 -0.872 -0.982 -0.643 -0.785 -0.905 -1.004 -1.173 -1.194 -1.364 -1.554
14.7153 -0.183 -0.134 -0.209 -0.402 -0.544 -0.683 -0.322 -0.424 -0.547 -0.688 -0.829 -0.977 -0.419 -0.592 -0.764 -0.884 -0.995 -0.655 -0.798 -0.918 -1.017 -1.185 -1.207 -1.376 -1.566
15.0702 -0.196 -0.146 -0.221 -0.414 -0.557 -0.696 -0.335 -0.437 -0.559 -0.701 -0.841 -0.99 -0.432 -0.604 -0.776 -0.897 -1.007 -0.668 -0.81 -0.93 -1.029 -1.198 -1.219 -1.389 -1.579
15.4338 -0.208 -0.159 -0.234 -0.427 -0.569 -0.708 -0.347 -0.449 -0.572 -0.713 -0.854 -1.002 -0.444 -0.617 -0.789 -0.909 -1.02 -0.68 -0.823 -0.943 -1.042 -1.21 -1.232 -1.401 -1.592
15.8061 -0.221 -0.171 -0.246 -0.439 -0.582 -0.721 -0.36 -0.462 -0.584 -0.726 -0.866 -1.015 -0.457 -0.629 -0.801 -0.922 -1.032 -0.693 -0.836 -0.955 -1.054 -1.223 -1.244 -1.414 -1.604
16.1874 -0.229 -0.179 -0.254 -0.447 -0.59 -0.729 -0.368 -0.47 -0.592 -0.734 -0.874 -1.023 -0.465 -0.637 -0.809 -0.93 -1.04 -0.701 -0.843 -0.963 -1.062 -1.231 -1.252 -1.422 -1.612
16.5779 -0.236 -0.187 -0.261 -0.454 -0.597 -0.736 -0.375 -0.477 -0.599 -0.741 -0.882 -1.03 -0.472 -0.644 -0.816 -0.937 -1.048 -0.708 -0.851 -0.971 -1.07 -1.238 -1.26 -1.429 -1.619
16.9778 -0.243 -0.194 -0.269 -0.462 -0.604 -0.743 -0.382 -0.484 -0.606 -0.748 -0.889 -1.037 -0.479 -0.652 -0.823 -0.944 -1.055 -0.715 -0.858 -0.978 -1.077 -1.245 -1.267 -1.436 -1.626
17.3873 -0.25 -0.201 -0.276 -0.469 -0.611 -0.75 -0.39 -0.491 -0.614 -0.756 -0.896 -1.045 -0.486 -0.659 -0.831 -0.951 -1.062 -0.723 -0.865 -0.985 -1.084 -1.252 -1.274 -1.443 -1.634
17.8068 -0.258 -0.208 -0.283 -0.476 -0.618 -0.758 -0.397 -0.498 -0.621 -0.763 -0.903 -1.052 -0.493 -0.666 -0.838 -0.959 -1.069 -0.73 -0.872 -0.992 -1.091 -1.259 -1.281 -1.45 -1.641
18.2363 -0.265 -0.215 -0.29 -0.483 -0.626 -0.765 -0.404 -0.506 -0.628 -0.77 -0.91 -1.059 -0.501 -0.673 -0.845 -0.966 -1.076 -0.737 -0.88 -0.999 -1.098 -1.267 -1.288 -1.458 -1.648
18.6762 -0.272 -0.223 -0.298 -0.49 -0.633 -0.772 -0.411 -0.513 -0.635 -0.777 -0.918 -1.066 -0.508 -0.68 -0.852 -0.973 -1.084 -0.744 -0.887 -1.007 -1.106 -1.274 -1.296 -1.465 -1.655
19.1268 -0.279 -0.23 -0.305 -0.498 -0.64 -0.779 -0.418 -0.52 -0.643 -0.784 -0.925 -1.073 -0.515 -0.688 -0.859 -0.98 -1.091 -0.751 -0.894 -1.014 -1.113 -1.281 -1.303 -1.472 -1.662
19.5882 -0.287 -0.237 -0.312 -0.505 -0.647 -0.786 -0.426 -0.527 -0.65 -0.792 -0.932 -1.081 -0.522 -0.695 -0.867 -0.987 -1.098 -0.759 -0.901 -1.021 -1.12 -1.288 -1.31 -1.479 -1.67
20.0607 -0.294 -0.244 -0.319 -0.512 -0.655 -0.794 -0.433 -0.535 -0.657 -0.799 -0.939 -1.088 -0.53 -0.702 -0.874 -0.995 -1.105 -0.766 -0.908 -1.028 -1.127 -1.296 -1.317 -1.487 -1.677
20.5446 -0.306 -0.257 -0.331 -0.524 -0.667 -0.806 -0.445 -0.547 -0.669 -0.811 -0.952 -1.1 -0.542 -0.714 -0.886 -1.007 -1.118 -0.778 -0.921 -1.04 -1.14 -1.308 -1.329 -1.499 -1.689
21.0402 -0.318 -0.269 -0.344 -0.537 -0.679 -0.818 -0.457 -0.559 -0.681 -0.823 -0.964 -1.112 -0.554 -0.727 -0.898 -1.019 -1.13 -0.79 -0.933 -1.053 -1.152 -1.32 -1.342 -1.511 -1.701
21.5478 -0.331 -0.281 -0.356 -0.549 -0.691 -0.83 -0.47 -0.571 -0.694 -0.836 -0.976 -1.125 -0.566 -0.739 -0.911 -1.031 -1.142 -0.803 -0.945 -1.065 -1.164 -1.332 -1.354 -1.523 -1.714
22.0676 -0.343 -0.293 -0.368 -0.561 -0.704 -0.843 -0.482 -0.584 -0.706 -0.848 -0.988 -1.137 -0.579 -0.751 -0.923 -1.044 -1.154 -0.815 -0.957 -1.077 -1.176 -1.345 -1.366 -1.536 -1.726
22.5999 -0.355 -0.306 -0.38 -0.573 -0.716 -0.855 -0.494 -0.596 -0.718 -0.86 -1.001 -1.149 -0.591 -0.763 -0.935 -1.056 -1.167 -0.827 -0.97 -1.089 -1.189 -1.357 -1.378 -1.548 -1.738
23.1451 -0.367 -0.318 -0.393 -0.586 -0.728 -0.867 -0.506 -0.608 -0.73 -0.872 -1.013 -1.161 -0.603 -0.776 -0.947 -1.068 -1.179 -0.839 -0.982 -1.102 -1.201 -1.369 -1.391 -1.56 -1.75
23.7034 -0.38 -0.33 -0.405 -0.598 -0.74 -0.879 -0.519 -0.62 -0.743 -0.885 -1.025 -1.174 -0.615 -0.788 -0.96 -1.08 -1.191 -0.852 -0.994 -1.114 -1.213 -1.381 -1.403 -1.572 -1.763
24.2752 -0.392 -0.342 -0.417 -0.61 -0.753 -0.892 -0.531 -0.633 -0.755 -0.897 -1.037 -1.186 -0.627 -0.8 -0.972 -1.093 -1.203 -0.864 -1.006 -1.126 -1.225 -1.394 -1.415 -1.585 -1.775
24.8608 -0.404 -0.355 -0.429 -0.622 -0.765 -0.904 -0.543 -0.645 -0.767 -0.909 -1.05 -1.198 -0.64 -0.812 -0.984 -1.105 -1.216 -0.876 -1.019 -1.138 -1.238 -1.406 -1.427 -1.597 -1.787
25.4606 -0.416 -0.366 -0.441 -0.634 -0.776 -0.915 -0.555 -0.656 -0.779 -0.921 -1.061 -1.21 -0.651 -0.824 -0.996 -1.116 -1.227 -0.888 -1.03 -1.15 -1.249 -1.417 -1.439 -1.608 -1.799
26.0748 -0.423 -0.373 -0.448 -0.641 -0.783 -0.923 -0.562 -0.663 -0.786 -0.928 -1.068 -1.217 -0.658 -0.831 -1.003 -1.123 -1.234 -0.895 -1.037 -1.157 -1.256 -1.424 -1.446 -1.615 -1.806
26.7038 -0.43 -0.38 -0.455 -0.648 -0.791 -0.93 -0.569 -0.671 -0.793 -0.935 -1.075 -1.224 -0.665 -0.838 -1.01 -1.131 -1.241 -0.902 -1.044 -1.164 -1.263 -1.431 -1.453 -1.623 -1.813
27.3479 -0.437 -0.387 -0.462 -0.655 -0.798 -0.937 -0.576 -0.678 -0.8 -0.942 -1.082 -1.231 -0.673 -0.845 -1.017 -1.138 -1.248 -0.909 -1.052 -1.171 -1.27 -1.439 -1.46 -1.63 -1.82
28.0077 -0.444 -0.395 -0.469 -0.662 -0.805 -0.944 -0.583 -0.685 -0.807 -0.949 -1.09 -1.238 -0.68 -0.852 -1.024 -1.145 -1.255 -0.916 -1.059 -1.178 -1.277 -1.446 -1.467 -1.637 -1.827
28.6833 -0.451 -0.402 -0.477 -0.669 -0.812 -0.951 -0.59 -0.692 -0.814 -0.956 -1.097 -1.245 -0.687 -0.859 -1.031 -1.152 -1.263 -0.923 -1.066 -1.186 -1.285 -1.453 -1.475 -1.644 -1.834
29.3752 -0.458 -0.409 -0.484 -0.677 -0.819 -0.958 -0.597 -0.699 -0.821 -0.963 -1.104 -1.252 -0.694 -0.867 -1.038 -1.159 -1.27 -0.93 -1.073 -1.193 -1.292 -1.46 -1.482 -1.651 -1.841
30.0838 -0.465 -0.416 -0.491 -0.684 -0.826 -0.965 -0.604 -0.706 -0.829 -0.97 -1.111 -1.259 -0.701 -0.874 -1.046 -1.166 -1.277 -0.937 -1.08 -1.2 -1.299 -1.467 -1.489 -1.658 -1.848
30.8096 -0.473 -0.423 -0.498 -0.691 -0.833 -0.972 -0.612 -0.713 -0.836 -0.978 -1.118 -1.267 -0.708 -0.881 -1.053 -1.173 -1.284 -0.945 -1.087 -1.207 -1.306 -1.474 -1.496 -1.665 -1.856
31.5528 -0.48 -0.43 -0.505 -0.698 -0.84 -0.98 -0.619 -0.72 -0.843 -0.985 -1.125 -1.274 -0.715 -0.888 -1.06 -1.18 -1.291 -0.952 -1.094 -1.214 -1.313 -1.481 -1.503 -1.672 -1.863
32.3139 -0.485 -0.436 -0.511 -0.704 -0.846 -0.985 -0.624 -0.726 -0.849 -0.99 -1.131 -1.28 -0.721 -0.894 -1.066 -1.186 -1.297 -0.957 -1.1 -1.22 -1.319 -1.487 -1.509 -1.678 -1.869
33.0935 -0.488 -0.439 -0.513 -0.706 -0.849 -0.988 -0.627 -0.729 -0.851 -0.993 -1.133 -1.282 -0.724 -0.896 -1.068 -1.189 -1.299 -0.96 -1.103 -1.222 -1.321 -1.49 -1.511 -1.681 -1.871
33.8918 -0.491 -0.441 -0.516 -0.709 -0.851 -0.99 -0.63 -0.731 -0.854 -0.996 -1.136 -1.285 -0.726 -0.899 -1.071 -1.191 -1.302 -0.963 -1.105 -1.225 -1.324 -1.492 -1.514 -1.683 -1.874
34.7093 -0.493 -0.444 -0.518 -0.711 -0.854 -0.993 -0.632 -0.734 -0.856 -0.998 -1.139 -1.287 -0.729 -0.901 -1.073 -1.194 -1.305 -0.965 -1.108 -1.228 -1.327 -1.495 -1.517 -1.686 -1.876
35.5466 -0.496 -0.446 -0.521 -0.714 -0.856 -0.996 -0.635 -0.736 -0.859 -1.001 -1.141 -1.29 -0.731 -0.904 -1.076 -1.196 -1.307 -0.968 -1.11 -1.23 -1.329 -1.497 -1.519 -1.688 -1.879
36.4041 -0.498 -0.449 -0.524 -0.717 -0.859 -0.998 -0.637 -0.739 -0.861 -1.003 -1.144 -1.292 -0.734 -0.906 -1.078 -1.199 -1.31 -0.97 -1.113 -1.233 -1.332 -1.5 -1.522 -1.691 -1.881
37.2823 -0.501 -0.451 -0.526 -0.719 -0.861 -1.001 -0.64 -0.741 -0.864 -1.006 -1.146 -1.295 -0.736 -0.909 -1.081 -1.202 -1.312 -0.973 -1.115 -1.235 -1.334 -1.502 -1.524 -1.693 -1.884
38.1817 -0.503 -0.454 -0.529 -0.722 -0.864 -1.003 -0.642 -0.744 -0.866 -1.008 -1.149 -1.297 -0.739 -0.912 -1.083 -1.204 -1.315 -0.975 -1.118 -1.238 -1.337 -1.505 -1.527 -1.696 -1.886
39.1028 -0.506 -0.456 -0.531 -0.724 -0.867 -1.006 -0.645 -0.747 -0.869 -1.011 -1.151 -1.3 -0.742 -0.914 -1.086 -1.207 -1.317 -0.978 -1.12 -1.24 -1.339 -1.508 -1.529 -1.699 -1.889
40.046 -0.508 -0.459 -0.534 -0.727 -0.869 -1.008 -0.647 -0.749 -0.872 -1.013 -1.154 -1.302 -0.744 -0.917 -1.089 -1.209 -1.32 -0.98 -1.123 -1.243 -1.342 -1.51 -1.532 -1.701 -1.891
41.0121 -0.523 -0.473 -0.548 -0.741 -0.884 -1.023 -0.662 -0.764 -0.886 -1.028 -1.168 -1.317 -0.759 -0.931 -1.103 -1.224 -1.334 -0.995 -1.137 -1.257 -1.356 -1.525 -1.546 -1.716 -1.906
42.0014 -0.553 -0.503 -0.578 -0.771 -0.914 -1.053 -0.692 -0.794 -0.916 -1.058 -1.198 -1.347 -0.789 -0.961 -1.133 -1.254 -1.364 -1.025 -1.167 -1.287 -1.386 -1.555 -1.576 -1.746 -1.936
43.0146 -0.583 -0.533 -0.608 -0.801 -0.944 -1.083 -0.722 -0.823 -0.946 -1.088 -1.228 -1.377 -0.818 -0.991 -1.163 -1.284 -1.394 -1.055 -1.197 -1.317 -1.416 -1.584 -1.606 -1.776 -1.966
44.0523 -0.613 -0.563 -0.638 -0.831 -0.973 -1.113 -0.752 -0.853 -0.976 -1.118 -1.258 -1.407 -0.848 -1.021 -1.193 -1.314 -1.424 -1.085 -1.227 -1.347 -1.446 -1.614 -1.636 -1.805 -1.996
45.1149 -0.643 -0.593 -0.668 -0.861 -1.003 -1.143 -0.782 -0.883 -1.006 -1.148 -1.288 -1.437 -0.878 -1.051 -1.223 -1.343 -1.454 -1.115 -1.257 -1.377 -1.476 -1.644 -1.666 -1.835 -2.026
46.2033 -0.673 -0.623 -0.698 -0.891 -1.033 -1.172 -0.812 -0.913 -1.036 -1.178 -1.318 -1.467 -0.908 -1.081 -1.253 -1.373 -1.484 -1.145 -1.287 -1.407 -1.506 -1.674 -1.696 -1.865 -2.056
47.3178 -0.703 -0.653 -0.728 -0.921 -1.063 -1.202 -0.842 -0.943 -1.066 -1.208 -1.348 -1.497 -0.938 -1.111 -1.283 -1.403 -1.514 -1.175 -1.317 -1.437 -1.536 -1.704 -1.726 -1.895 -2.086
48.4593 -0.733 -0.683 -0.758 -0.951 -1.093 -1.232 -0.872 -0.973 -1.096 -1.238 -1.378 -1.527 -0.968 -1.141 -1.313 -1.433 -1.544 -1.205 -1.347 -1.467 -1.566 -1.734 -1.756 -1.925 -2.116
49.6283 -0.762 -0.713 -0.788 -0.981 -1.123 -1.262 -0.902 -1.003 -1.126 -1.267 -1.408 -1.557 -0.998 -1.171 -1.343 -1.463 -1.574 -1.234 -1.377 -1.497 -1.596 -1.764 -1.786 -1.955 -2.146
50.8255 -0.792 -0.743 -0.818 -1.011 -1.153 -1.292 -0.931 -1.033 -1.156 -1.297 -1.438 -1.586 -1.028 -1.201 -1.373 -1.493 -1.604 -1.264 -1.407 -1.527 -1.626 -1.794 -1.816 -1.985 -2.176
52.0515 -0.805 -0.755 -0.83 -1.023 -1.165 -1.305 -0.944 -1.045 -1.168 -1.31 -1.45 -1.599 -1.04 -1.213 -1.385 -1.506 -1.616 -1.277 -1.419 -1.539 -1.638 -1.806 -1.828 -1.997 -2.188
53.3072 -0.804 -0.755 -0.83 -1.023 -1.165 -1.304 -0.943 -1.045 -1.167 -1.309 -1.45 -1.598 -1.04 -1.212 -1.384 -1.505 -1.616 -1.276 -1.419 -1.539 -1.638 -1.806 -1.828 -1.997 -2.187
54.5931 -0.804 -0.754 -0.829 -1.022 -1.164 -1.304 -0.943 -1.044 -1.167 -1.309 -1.449 -1.598 -1.039 -1.212 -1.384 -1.504 -1.615 -1.276 -1.418 -1.538 -1.637 -1.805 -1.827 -1.996 -2.187
55.9101 -0.803 -0.754 -0.828 -1.021 -1.164 -1.303 -0.942 -1.044 -1.166 -1.308 -1.449 -1.597 -1.039 -1.211 -1.383 -1.504 -1.615 -1.275 -1.418 -1.538 -1.637 -1.805 -1.827 -1.996 -2.186
57.2588 -0.803 -0.753 -0.828 -1.021 -1.163 -1.302 -0.942 -1.043 -1.166 -1.308 -1.448 -1.597 -1.038 -1.211 -1.383 -1.503 -1.614 -1.275 -1.417 -1.537 -1.636 -1.804 -1.826 -1.995 -2.186
58.6401 -0.802 -0.753 -0.827 -1.02 -1.163 -1.302 -0.941 -1.043 -1.165 -1.307 -1.448 -1.596 -1.038 -1.21 -1.382 -1.503 -1.613 -1.274 -1.417 -1.536 -1.635 -1.804 -1.825 -1.995 -2.185
60.0546 -0.801 -0.752 -0.827 -1.02 -1.162 -1.301 -0.941 -1.042 -1.165 -1.307 -1.447 -1.596 -1.037 -1.21 -1.382 -1.502 -1.613 -1.274 -1.416 -1.536 -1.635 -1.803 -1.825 -1.994 -2.185
61.5034 -0.801 -0.751 -0.826 -1.019 -1.162 -1.301 -0.94 -1.042 -1.164 -1.306 -1.446 -1.595 -1.037 -1.209 -1.381 -1.502 -1.612 -1.273 -1.416 -1.535 -1.634 -1.803 -1.824 -1.994 -2.184
62.987 -0.8 -0.751 -0.826 -1.019 -1.161 -1.3 -0.939 -1.041 -1.164 -1.305 -1.446 -1.594 -1.036 -1.209 -1.381 -1.501 -1.612 -1.272 -1.415 -1.535 -1.634 -1.802 -1.824 -1.993 -2.183
64.5065 -0.8 -0.75 -0.825 -1.018 -1.161 -1.3 -0.939 -1.041 -1.163 -1.305 -1.445 -1.594 -1.036 -1.208 -1.38 -1.501 -1.611 -1.272 -1.414 -1.534 -1.633 -1.802 -1.823 -1.993 -2.183
66.0626 -0.798 -0.749 -0.823 -1.016 -1.159 -1.298 -0.937 -1.039 -1.161 -1.303 -1.444 -1.592 -1.034 -1.206 -1.378 -1.499 -1.609 -1.27 -1.413 -1.532 -1.631 -1.8 -1.821 -1.991 -2.181
67.6562 -0.796 -0.746 -0.821 -1.014 -1.156 -1.296 -0.935 -1.036 -1.159 -1.301 -1.441 -1.59 -1.031 -1.204 -1.376 -1.496 -1.607 -1.268 -1.41 -1.53 -1.629 -1.797 -1.819 -1.988 -2.179
69.2883 -0.793 -0.744 -0.819 -1.012 -1.154 -1.293 -0.932 -1.034 -1.156 -1.298 -1.439 -1.587 -1.029 -1.202 -1.373 -1.494 -1.605 -1.265 -1.408 -1.528 -1.627 -1.795 -1.817 -1.986 -2.176
70.9597 -0.791 -0.742 -0.816 -1.009 -1.152 -1.291 -0.93 -1.032 -1.154 -1.296 -1.436 -1.585 -1.027 -1.199 -1.371 -1.492 -1.602 -1.263 -1.406 -1.525 -1.624 -1.793 -1.814 -1.984 -2.174
72.6715 -0.789 -0.739 -0.814 -1.007 -1.149 -1.289 -0.928 -1.029 -1.152 -1.294 -1.434 -1.583 -1.024 -1.197 -1.369 -1.489 -1.6 -1.261 -1.403 -1.523 -1.622 -1.79 -1.812 -1.981 -2.172
74.4246 -0.786 -0.737 -0.812 -1.005 -1.147 -1.286 -0.925 -1.027 -1.149 -1.291 -1.432 -1.58 -1.022 -1.195 -1.366 -1.487 -1.598 -1.258 -1.401 -1.521 -1.62 -1.788 -1.81 -1.979 -2.169
76.2199 -0.784 -0.734 -0.809 -1.002 -1.145 -1.284 -0.923 -1.025 -1.147 -1.289 -1.429 -1.578 -1.02 -1.192 -1.364 -1.485 -1.595 -1.256 -1.399 -1.518 -1.617 -1.786 -1.807 -1.977 -2.167
78.0586 -0.782 -0.732 -0.807 -1.0 -1.142 -1.281 -0.921 -1.022 -1.145 -1.287 -1.427 -1.576 -1.017 -1.19 -1.362 -1.482 -1.593 -1.254 -1.396 -1.516 -1.615 -1.783 -1.805 -1.974 -2.165
79.9416 -0.779 -0.73 -0.805 -0.998 -1.14 -1.279 -0.918 -1.02 -1.142 -1.284 -1.425 -1.573 -1.015 -1.188 -1.359 -1.48 -1.591 -1.251 -1.394 -1.514 -1.613 -1.781 -1.803 -1.972 -2.162
81.87 -0.777 -0.727 -0.802 -0.995 -1.138 -1.277 -0.916 -1.018 -1.14 -1.282 -1.422 -1.571 -1.013 -1.185 -1.357 -1.478 -1.588 -1.249 -1.392 -1.511 -1.61 -1.779 -1.8 -1.97 -2.16
83.845 -0.778 -0.729 -0.803 -0.996 -1.139 -1.278 -0.917 -1.019 -1.141 -1.283 -1.424 -1.572 -1.014 -1.186 -1.358 -1.479 -1.59 -1.25 -1.393 -1.513 -1.612 -1.78 -1.802 -1.971 -2.161
85.8676 -0.78 -0.73 -0.805 -0.998 -1.141 -1.28 -0.919 -1.021 -1.143 -1.285 -1.425 -1.574 -1.016 -1.188 -1.36 -1.481 -1.591 -1.252 -1.394 -1.514 -1.613 -1.782 -1.803 -1.973 -2.163
87.939 -0.782 -0.732 -0.807 -1.0 -1.142 -1.281 -0.921 -1.022 -1.145 -1.287 -1.427 -1.576 -1.017 -1.19 -1.362 -1.482 -1.593 -1.254 -1.396 -1.516 -1.615 -1.783 -1.805 -1.974 -2.165
90.0604 -0.783 -0.734 -0.809 -1.002 -1.144 -1.283 -0.922 -1.024 -1.146 -1.288 -1.429 -1.577 -1.019 -1.192 -1.363 -1.484 -1.595 -1.255 -1.398 -1.518 -1.617 -1.785 -1.807 -1.976 -2.166
92.2329 -0.785 -0.736 -0.81 -1.003 -1.146 -1.285 -0.924 -1.026 -1.148 -1.29 -1.43 -1.579 -1.021 -1.193 -1.365 -1.486 -1.596 -1.257 -1.4 -1.519 -1.618 -1.787 -1.808 -1.978 -2.168
94.4579 -0.787 -0.737 -0.812 -1.005 -1.147 -1.287 -0.926 -1.027 -1.15 -1.292 -1.432 -1.581 -1.022 -1.195 -1.367 -1.488 -1.598 -1.259 -1.401 -1.521 -1.62 -1.788 -1.81 -1.979 -2.17
96.7365 -0.788 -0.739 -0.814 -1.007 -1.149 -1.288 -0.927 -1.029 -1.152 -1.293 -1.434 -1.582 -1.024 -1.197 -1.369 -1.489 -1.6 -1.26 -1.403 -1.523 -1.622 -1.79 -1.812 -1.981 -2.172
99.0701 -0.79 -0.741 -0.816 -1.008 -1.151 -1.29 -0.929 -1.031 -1.153 -1.295 -1.436 -1.584 -1.026 -1.198 -1.37 -1.491 -1.602 -1.262 -1.405 -1.525 -1.624 -1.792 -1.814 -1.983 -2.173
101.4599 -0.792 -0.742 -0.817 -1.01 -1.153 -1.292 -0.931 -1.033 -1.155 -1.297 -1.437 -1.586 -1.028 -1.2 -1.372 -1.493 -1.603 -1.264 -1.406 -1.526 -1.625 -1.794 -1.815 -1.985 -2.175
103.9075 -0.793 -0.744 -0.819 -1.012 -1.154 -1.293 -0.932 -1.034 -1.156 -1.298 -1.439 -1.587 -1.029 -1.202 -1.373 -1.494 -1.605 -1.265 -1.408 -1.528 -1.627 -1.795 -1.817 -1.986 -2.176
106.4141 -0.754 -0.704 -0.779 -0.972 -1.115 -1.254 -0.893 -0.995 -1.117 -1.259 -1.399 -1.548 -0.99 -1.162 -1.334 -1.455 -1.565 -1.226 -1.369 -1.488 -1.587 -1.756 -1.777 -1.947 -2.137
108.9811 -0.715 -0.665 -0.74 -0.933 -1.075 -1.214 -0.854 -0.955 -1.078 -1.22 -1.36 -1.509 -0.95 -1.123 -1.295 -1.415 -1.526 -1.187 -1.329 -1.449 -1.548 -1.716 -1.738 -1.907 -2.098
111.6101 -0.675 -0.626 -0.701 -0.894 -1.036 -1.175 -0.814 -0.916 -1.038 -1.18 -1.321 -1.469 -0.911 -1.084 -1.255 -1.376 -1.487 -1.147 -1.29 -1.41 -1.509 -1.677 -1.699 -1.868 -2.058
114.3025 -0.636 -0.587 -0.661 -0.854 -0.997 -1.136 -0.775 -0.877 -0.999 -1.141 -1.281 -1.43 -0.872 -1.044 -1.216 -1.337 -1.447 -1.108 -1.251 -1.37 -1.469 -1.638 -1.659 -1.829 -2.019
117.0598 -0.597 -0.547 -0.622 -0.815 -0.957 -1.097 -0.736 -0.837 -0.96 -1.102 -1.242 -1.391 -0.832 -1.005 -1.177 -1.297 -1.408 -1.069 -1.211 -1.331 -1.43 -1.598 -1.62 -1.789 -1.98
119.8836 -0.557 -0.508 -0.583 -0.776 -0.918 -1.057 -0.696 -0.798 -0.92 -1.062 -1.203 -1.351 -0.793 -0.966 -1.137 -1.258 -1.369 -1.029 -1.172 -1.292 -1.391 -1.559 -1.581 -1.75 -1.94
122.7756 -0.518 -0.469 -0.543 -0.736 -0.879 -1.018 -0.657 -0.759 -0.881 -1.023 -1.164 -1.312 -0.754 -0.926 -1.098 -1.219 -1.329 -0.99 -1.133 -1.252 -1.351 -1.52 -1.541 -1.711 -1.901
125.7373 -0.479 -0.429 -0.504 -0.697 -0.839 -0.979 -0.618 -0.719 -0.842 -0.984 -1.124 -1.273 -0.714 -0.887 -1.059 -1.18 -1.29 -0.951 -1.093 -1.213 -1.312 -1.48 -1.502 -1.671 -1.862
128.7705 -0.439 -0.39 -0.465 -0.658 -0.8 -0.939 -0.578 -0.68 -0.803 -0.944 -1.085 -1.233 -0.675 -0.848 -1.019 -1.14 -1.251 -0.911 -1.054 -1.174 -1.273 -1.441 -1.463 -1.632 -1.822
131.8769 -0.397 -0.347 -0.422 -0.615 -0.757 -0.896 -0.536 -0.637 -0.76 -0.902 -1.042 -1.191 -0.632 -0.805 -0.977 -1.097 -1.208 -0.869 -1.011 -1.131 -1.23 -1.398 -1.42 -1.589 -1.78
135.0582 -0.334 -0.284 -0.359 -0.552 -0.695 -0.834 -0.473 -0.575 -0.697 -0.839 -0.979 -1.128 -0.57 -0.742 -0.914 -1.035 -1.145 -0.806 -0.948 -1.068 -1.167 -1.336 -1.357 -1.527 -1.717
138.3162 -0.271 -0.222 -0.297 -0.49 -0.632 -0.771 -0.41 -0.512 -0.634 -0.776 -0.917 -1.065 -0.507 -0.679 -0.851 -0.972 -1.083 -0.743 -0.886 -1.006 -1.105 -1.273 -1.295 -1.464 -1.654
141.6528 -0.208 -0.159 -0.234 -0.427 -0.569 -0.708 -0.348 -0.449 -0.572 -0.714 -0.854 -1.003 -0.444 -0.617 -0.789 -0.909 -1.02 -0.681 -0.823 -0.943 -1.042 -1.21 -1.232 -1.401 -1.592
145.0699 -0.146 -0.096 -0.171 -0.364 -0.507 -0.646 -0.285 -0.387 -0.509 -0.651 -0.791 -0.94 -0.382 -0.554 -0.726 -0.847 -0.957 -0.618 -0.76 -0.88 -0.979 -1.148 -1.169 -1.339 -1.529
148.5695 -0.083 -0.034 -0.109 -0.301 -0.444 -0.583 -0.222 -0.324 -0.446 -0.588 -0.729 -0.877 -0.319 -0.491 -0.663 -0.784 -0.895 -0.555 -0.698 -0.818 -0.917 -1.085 -1.107 -1.276 -1.466
152.1534 -0.02 0.029 -0.046 -0.239 -0.381 -0.52 -0.16 -0.261 -0.384 -0.525 -0.666 -0.815 -0.256 -0.429 -0.601 -0.721 -0.832 -0.493 -0.635 -0.755 -0.854 -1.022 -1.044 -1.213 -1.404
155.8238 0.042 0.092 0.017 -0.176 -0.319 -0.458 -0.097 -0.199 -0.321 -0.463 -0.603 -0.752 -0.193 -0.366 -0.538 -0.659 -0.769 -0.43 -0.572 -0.692 -0.791 -0.96 -0.981 -1.151 -1.341
159.5828 0.105 0.154 0.079 -0.113 -0.256 -0.395 -0.034 -0.136 -0.258 -0.4 -0.541 -0.689 -0.131 -0.303 -0.475 -0.596 -0.707 -0.367 -0.51 -0.63 -0.729 -0.897 -0.919 -1.088 -1.278
163.4324 0.168 0.217 0.142 -0.051 -0.193 -0.332 0.028 -0.073 -0.196 -0.337 -0.478 -0.627 -0.068 -0.241 -0.413 -0.533 -0.644 -0.304 -0.447 -0.567 -0.666 -0.834 -0.856 -1.025 -1.216
167.375 0.233 0.282 0.208 0.015 -0.128 -0.267 0.094 -0.008 -0.13 -0.272 -0.413 -0.561 -0.003 -0.175 -0.347 -0.468 -0.579 -0.239 -0.382 -0.502 -0.601 -0.769 -0.791 -0.96 -1.15
171.4126 0.305 0.354 0.279 0.086 -0.056 -0.195 0.166 0.064 -0.059 -0.2 -0.341 -0.489 0.069 -0.104 -0.275 -0.396 -0.507 -0.167 -0.31 -0.43 -0.529 -0.697 -0.719 -0.888 -1.078
175.5476 0.376 0.426 0.351 0.158 0.016 -0.124 0.237 0.136 0.013 -0.129 -0.269 -0.418 0.141 -0.032 -0.204 -0.324 -0.435 -0.096 -0.238 -0.358 -0.457 -0.625 -0.647 -0.816 -1.007
179.7823 0.448 0.498 0.423 0.23 0.087 -0.052 0.309 0.207 0.085 -0.057 -0.197 -0.346 0.212 0.04 -0.132 -0.253 -0.363 -0.024 -0.167 -0.286 -0.385 -0.554 -0.575 -0.745 -0.935
184.1193 0.52 0.569 0.494 0.301 0.159 0.02 0.381 0.279 0.157 0.015 -0.126 -0.274 0.284 0.112 -0.06 -0.181 -0.292 0.048 -0.095 -0.215 -0.314 -0.482 -0.504 -0.673 -0.863
188.5608 0.592 0.641 0.566 0.373 0.231 0.092 0.452 0.351 0.228 0.087 -0.054 -0.203 0.356 0.183 0.011 -0.109 -0.22 0.12 -0.023 -0.143 -0.242 -0.41 -0.432 -0.601 -0.792
193.1095 0.663 0.713 0.638 0.445 0.303 0.163 0.524 0.423 0.3 0.158 0.018 -0.131 0.428 0.255 0.083 -0.038 -0.148 0.191 0.049 -0.071 -0.17 -0.338 -0.36 -0.529 -0.72
197.7679 0.735 0.784 0.71 0.517 0.374 0.235 0.596 0.494 0.372 0.23 0.09 -0.059 0.499 0.327 0.155 0.034 -0.076 0.263 0.12 0.001 -0.098 -0.267 -0.288 -0.458 -0.648
202.5387 0.807 0.856 0.781 0.588 0.446 0.307 0.668 0.566 0.444 0.302 0.161 0.013 0.571 0.398 0.227 0.106 -0.005 0.335 0.192 0.072 -0.027 -0.195 -0.217 -0.386 -0.576
207.4245 0.878 0.928 0.853 0.66 0.518 0.379 0.739 0.638 0.515 0.373 0.233 0.084 0.643 0.47 0.298 0.178 0.067 0.406 0.264 0.144 0.045 -0.123 -0.145 -0.314 -0.505
212.4283 0.951 1.0 0.925 0.732 0.59 0.451 0.811 0.71 0.587 0.446 0.305 0.156 0.715 0.542 0.37 0.25 0.139 0.479 0.336 0.216 0.117 -0.051 -0.073 -0.242 -0.433
217.5527 1.023 1.073 0.998 0.805 0.662 0.523 0.884 0.782 0.66 0.518 0.378 0.229 0.787 0.615 0.443 0.322 0.212 0.551 0.408 0.289 0.19 0.021 -0.0 -0.17 -0.36
222.8008 1.096 1.145 1.07 0.877 0.735 0.596 0.957 0.855 0.732 0.591 0.45 0.302 0.86 0.687 0.515 0.395 0.284 0.624 0.481 0.361 0.262 0.094 0.072 -0.097 -0.287
228.1754 1.168 1.218 1.143 0.95 0.807 0.668 1.029 0.927 0.805 0.663 0.523 0.374 0.932 0.76 0.588 0.467 0.357 0.696 0.554 0.434 0.335 0.166 0.145 -0.025 -0.215
233.6797 1.241 1.29 1.215 1.022 0.88 0.741 1.102 1.0 0.878 0.736 0.595 0.447 1.005 0.832 0.661 0.54 0.429 0.769 0.626 0.506 0.407 0.239 0.217 0.048 -0.142
239.3168 1.313 1.363 1.288 1.095 0.952 0.813 1.174 1.072 0.95 0.808 0.668 0.519 1.078 0.905 0.733 0.612 0.502 0.841 0.699 0.579 0.48 0.311 0.29 0.12 -0.07
245.0899 1.386 1.435 1.36 1.167 1.025 0.886 1.247 1.145 1.023 0.881 0.74 0.592 1.15 0.977 0.806 0.685 0.574 0.914 0.771 0.651 0.552 0.384 0.362 0.193 0.003
251.0022 1.458 1.508 1.433 1.24 1.098 0.958 1.319 1.218 1.095 0.953 0.813 0.664 1.223 1.05 0.878 0.757 0.647 0.986 0.844 0.724 0.625 0.457 0.435 0.266 0.075
257.0572 1.531 1.58 1.505 1.312 1.17 1.031 1.392 1.29 1.168 1.026 0.885 0.737 1.295 1.123 0.951 0.83 0.719 1.059 0.916 0.796 0.697 0.529 0.507 0.338 0.148
263.2582 1.603 1.653 1.578 1.385 1.243 1.103 1.464 1.363 1.24 1.098 0.958 0.809 1.368 1.195 1.023 0.903 0.792 1.131 0.989 0.869 0.77 0.602 0.58 0.411 0.22
269.6088 1.672 1.721 1.647 1.454 1.311 1.172 1.533 1.431 1.309 1.167 1.026 0.878 1.436 1.264 1.092 0.971 0.86 1.2 1.057 0.937 0.838 0.67 0.648 0.479 0.289
276.1126 1.738 1.787 1.712 1.519 1.377 1.238 1.599 1.497 1.374 1.233 1.092 0.944 1.502 1.329 1.158 1.037 0.926 1.266 1.123 1.003 0.904 0.736 0.714 0.545 0.355
282.7734 1.803 1.853 1.778 1.585 1.443 1.303 1.664 1.563 1.44 1.298 1.158 1.009 1.568 1.395 1.223 1.103 0.992 1.331 1.189 1.069 0.97 0.802 0.78 0.611 0.42
289.5947 1.869 1.919 1.844 1.651 1.508 1.369 1.73 1.628 1.506 1.364 1.224 1.075 1.633 1.461 1.289 1.168 1.058 1.397 1.254 1.135 1.036 0.867 0.846 0.676 0.486
296.5807 1.935 1.984 1.909 1.716 1.574 1.435 1.796 1.694 1.572 1.43 1.289 1.141 1.699 1.527 1.355 1.234 1.123 1.463 1.32 1.2 1.101 0.933 0.911 0.742 0.552
303.7351 2.001 2.05 1.975 1.782 1.64 1.501 1.861 1.76 1.637 1.495 1.355 1.206 1.765 1.592 1.42 1.3 1.189 1.528 1.386 1.266 1.167 0.999 0.977 0.808 0.617
311.0622 2.066 2.116 2.041 1.848 1.705 1.566 1.927 1.825 1.703 1.561 1.421 1.272 1.831 1.658 1.486 1.365 1.255 1.594 1.452 1.332 1.233 1.065 1.043 0.873 0.683
318.566 2.132 2.181 2.107 1.914 1.771 1.632 1.993 1.891 1.769 1.627 1.486 1.338 1.896 1.724 1.552 1.431 1.32 1.66 1.517 1.398 1.298 1.13 1.109 0.939 0.749
326.2508 2.198 2.247 2.172 1.979 1.837 1.698 2.059 1.957 1.835 1.693 1.552 1.404 1.962 1.789 1.618 1.497 1.386 1.726 1.583 1.463 1.364 1.196 1.174 1.005 0.815
334.121 2.263 2.313 2.238 2.045 1.903 1.764 2.124 2.023 1.9 1.758 1.618 1.469 2.028 1.855 1.683 1.563 1.452 1.791 1.649 1.529 1.43 1.262 1.24 1.071 0.88
342.181 2.322 2.372 2.297 2.104 1.961 1.822 2.183 2.081 1.959 1.817 1.677 1.528 2.086 1.914 1.742 1.621 1.511 1.85 1.708 1.588 1.489 1.32 1.299 1.129 0.939
350.4355 2.378 2.428 2.353 2.16 2.017 1.878 2.239 2.137 2.015 1.873 1.733 1.584 2.143 1.97 1.798 1.677 1.567 1.906 1.764 1.644 1.545 1.376 1.355 1.185 0.995
358.8891 2.434 2.484 2.409 2.216 2.074 1.934 2.295 2.194 2.071 1.929 1.789 1.64 2.199 2.026 1.854 1.733 1.623 1.962 1.82 1.7 1.601 1.433 1.411 1.242 1.051
367.5467 2.49 2.54 2.465 2.272 2.13 1.991 2.351 2.25 2.127 1.985 1.845 1.696 2.255 2.082 1.91 1.79 1.679 2.018 1.876 1.756 1.657 1.489 1.467 1.298 1.107
376.4131 2.546 2.596 2.521 2.328 2.186 2.047 2.407 2.306 2.183 2.041 1.901 1.752 2.311 2.138 1.966 1.846 1.735 2.074 1.932 1.812 1.713 1.545 1.523 1.354 1.163
385.4933 2.603 2.652 2.577 2.384 2.242 2.103 2.463 2.362 2.239 2.098 1.957 1.808 2.367 2.194 2.022 1.902 1.791 2.131 1.988 1.868 1.769 1.601 1.579 1.41 1.219
394.7926 2.659 2.708 2.633 2.44 2.298 2.159 2.52 2.418 2.295 2.154 2.013 1.865 2.423 2.25 2.079 1.958 1.847 2.187 2.044 1.924 1.825 1.657 1.635 1.466 1.276
404.3163 2.715 2.764 2.689 2.496 2.354 2.215 2.576 2.474 2.352 2.21 2.069 1.921 2.479 2.306 2.135 2.014 1.903 2.243 2.1 1.98 1.881 1.713 1.691 1.522 1.332
414.0697 2.771 2.82 2.745 2.552 2.41 2.271 2.632 2.53 2.408 2.266 2.125 1.977 2.535 2.363 2.191 2.07 1.959 2.299 2.156 2.036 1.937 1.769 1.747 1.578 1.388
424.0583 2.827 2.876 2.802 2.609 2.466 2.327 2.688 2.586 2.464 2.322 2.181 2.033 2.591 2.419 2.247 2.126 2.015 2.355 2.212 2.092 1.993 1.825 1.803 1.634 1.444
434.2879 2.881 2.931 2.856 2.663 2.521 2.381 2.742 2.641 2.518 2.376 2.236 2.087 2.646 2.473 2.301 2.181 2.07 2.409 2.267 2.147 2.048 1.88 1.858 1.689 1.498
444.7643 2.936 2.985 2.91 2.717 2.575 2.436 2.797 2.695 2.572 2.431 2.29 2.142 2.7 2.527 2.355 2.235 2.124 2.464 2.321 2.201 2.102 1.934 1.912 1.743 1.553
455.4934 2.99 3.039 2.964 2.771 2.629 2.49 2.851 2.749 2.627 2.485 2.344 2.196 2.754 2.582 2.41 2.289 2.178 2.518 2.375 2.255 2.156 1.988 1.966 1.797 1.607
466.4814 3.044 3.094 3.019 2.826 2.683 2.544 2.905 2.803 2.681 2.539 2.399 2.25 2.808 2.636 2.464 2.343 2.233 2.572 2.429 2.31 2.211 2.042 2.021 1.851 1.661
477.7344 3.098 3.148 3.073 2.88 2.738 2.598 2.959 2.858 2.735 2.593 2.453 2.304 2.863 2.69 2.518 2.397 2.287 2.626 2.484 2.364 2.265 2.097 2.075 1.906 1.715
489.2588 3.153 3.202 3.127 2.934 2.792 2.653 3.013 2.912 2.789 2.647 2.507 2.358 2.917 2.744 2.572 2.452 2.341 2.68 2.538 2.418 2.319 2.151 2.129 1.96 1.769
501.0613 3.207 3.256 3.181 2.988 2.846 2.707 3.068 2.966 2.844 2.702 2.561 2.413 2.971 2.798 2.627 2.506 2.395 2.735 2.592 2.472 2.373 2.205 2.183 2.014 1.824
513.1485 3.261 3.31 3.236 3.043 2.9 2.761 3.122 3.02 2.898 2.756 2.615 2.467 3.025 2.853 2.681 2.56 2.449 2.789 2.646 2.527 2.428 2.259 2.238 2.068 1.878
525.5272 3.315 3.365 3.29 3.097 2.954 2.815 3.176 3.074 2.952 2.81 2.67 2.521 3.079 2.907 2.735 2.614 2.504 2.843 2.701 2.581 2.482 2.313 2.292 2.122 1.932
538.2046 3.369 3.419 3.344 3.151 3.009 2.869 3.23 3.129 3.006 2.864 2.724 2.575 3.134 2.961 2.789 2.669 2.558 2.897 2.755 2.635 2.536 2.368 2.346 2.177 1.986
551.1878 3.418 3.468 3.393 3.2 3.057 2.918 3.279 3.177 3.055 2.913 2.773 2.624 3.183 3.01 2.838 2.717 2.607 2.946 2.804 2.684 2.585 2.417 2.395 2.225 2.035
564.4842 3.467 3.517 3.442 3.249 3.106 2.967 3.328 3.226 3.104 2.962 2.822 2.673 3.231 3.059 2.887 2.766 2.656 2.995 2.852 2.733 2.634 2.465 2.444 2.274 2.084
578.1013 3.516 3.565 3.491 3.298 3.155 3.016 3.377 3.275 3.153 3.011 2.87 2.722 3.28 3.108 2.936 2.815 2.704 3.044 2.901 2.782 2.682 2.514 2.493 2.323 2.133
592.0469 3.565 3.614 3.539 3.346 3.204 3.065 3.426 3.324 3.202 3.06 2.919 2.771 3.329 3.157 2.985 2.864 2.753 3.093 2.95 2.83 2.731 2.563 2.541 2.372 2.182
606.329 3.614 3.663 3.588 3.395 3.253 3.114 3.475 3.373 3.25 3.109 2.968 2.82 3.378 3.205 3.034 2.913 2.802 3.142 2.999 2.879 2.78 2.612 2.59 2.421 2.231
620.9555 3.663 3.712 3.637 3.444 3.302 3.163 3.523 3.422 3.299 3.157 3.017 2.868 3.427 3.254 3.082 2.962 2.851 3.19 3.048 2.928 2.829 2.661 2.639 2.47 2.279
635.9349 3.711 3.761 3.686 3.493 3.351 3.211 3.572 3.471 3.348 3.206 3.066 2.917 3.476 3.303 3.131 3.011 2.9 3.239 3.097 2.977 2.878 2.71 2.688 2.519 2.328
651.2757 3.76 3.81 3.735 3.542 3.399 3.26 3.621 3.519 3.397 3.255 3.115 2.966 3.525 3.352 3.18 3.059 2.949 3.288 3.146 3.026 2.927 2.759 2.737 2.567 2.377
666.9865 3.809 3.859 3.784 3.591 3.448 3.309 3.67 3.568 3.446 3.304 3.164 3.015 3.573 3.401 3.229 3.108 2.998 3.337 3.194 3.075 2.976 2.807 2.786 2.616 2.426
683.0763 3.857 3.907 3.832 3.639 3.497 3.357 3.718 3.617 3.494 3.352 3.212 3.063 3.622 3.449 3.277 3.156 3.046 3.385 3.243 3.123 3.024 2.856 2.834 2.665 2.474
699.5543 3.902 3.952 3.877 3.684 3.541 3.402 3.763 3.661 3.539 3.397 3.257 3.108 3.666 3.494 3.322 3.201 3.091 3.43 3.288 3.168 3.069 2.9 2.879 2.709 2.519
716.4297 3.947 3.996 3.922 3.729 3.586 3.447 3.808 3.706 3.584 3.442 3.301 3.153 3.711 3.539 3.367 3.246 3.135 3.475 3.332 3.212 3.113 2.945 2.923 2.754 2.564
733.7123 3.992 4.041 3.966 3.773 3.631 3.492 3.853 3.751 3.629 3.487 3.346 3.198 3.756 3.583 3.412 3.291 3.18 3.52 3.377 3.257 3.158 2.99 2.968 2.799 2.609
751.4117 4.037 4.086 4.011 3.818 3.676 3.537 3.897 3.796 3.673 3.531 3.391 3.242 3.801 3.628 3.456 3.336 3.225 3.564 3.422 3.302 3.203 3.035 3.013 2.844 2.653
769.5381 4.081 4.131 4.056 3.863 3.721 3.581 3.942 3.841 3.718 3.576 3.436 3.287 3.846 3.673 3.501 3.38 3.27 3.609 3.467 3.347 3.248 3.08 3.058 2.889 2.698
788.1018 4.126 4.176 4.101 3.908 3.765 3.626 3.987 3.885 3.763 3.621 3.481 3.332 3.89 3.718 3.546 3.425 3.315 3.654 3.511 3.392 3.293 3.124 3.103 2.933 2.743
807.1133 4.171 4.22 4.145 3.953 3.81 3.671 4.032 3.93 3.808 3.666 3.525 3.377 3.935 3.763 3.591 3.47 3.359 3.699 3.556 3.436 3.337 3.169 3.147 2.978 2.788
826.5834 4.216 4.265 4.19 3.997 3.855 3.716 4.077 3.975 3.853 3.711 3.57 3.422 3.98 3.807 3.636 3.515 3.404 3.744 3.601 3.481 3.382 3.214 3.192 3.023 2.833
846.5232 4.26 4.31 4.235 4.042 3.9 3.761 4.121 4.02 3.897 3.755 3.615 3.466 4.025 3.852 3.68 3.56 3.449 3.788 3.646 3.526 3.427 3.259 3.237 3.068 2.877
866.944 4.305 4.354 4.279 4.086 3.944 3.805 4.166 4.064 3.941 3.8 3.659 3.511 4.069 3.896 3.724 3.604 3.493 3.833 3.69 3.57 3.471 3.303 3.281 3.112 2.922
887.8575 4.347 4.397 4.322 4.129 3.986 3.847 4.208 4.107 3.984 3.842 3.702 3.553 4.112 3.939 3.767 3.646 3.536 3.875 3.733 3.613 3.514 3.346 3.324 3.155 2.964
909.2754 4.39 4.439 4.365 4.172 4.029 3.89 4.251 4.149 4.027 3.885 3.744 3.596 4.154 3.982 3.81 3.689 3.578 3.918 3.775 3.655 3.556 3.388 3.366 3.197 3.007
931.21 4.433 4.482 4.407 4.214 4.072 3.933 4.293 4.192 4.069 3.928 3.787 3.638 4.197 4.024 3.852 3.732 3.621 3.96 3.818 3.698 3.599 3.431 3.409 3.24 3.049
953.6737 4.475 4.525 4.45 4.257 4.114 3.975 4.336 4.234 4.112 3.97 3.83 3.681 4.239 4.067 3.895 3.774 3.664 4.003 3.861 3.741 3.642 3.473 3.452 3.282 3.092
976.6793 4.518 4.567 4.492 4.299 4.157 4.018 4.379 4.277 4.155 4.013 3.872 3.724 4.282 4.11 3.938 3.817 3.706 4.046 3.903 3.783 3.684 3.516 3.494 3.325 3.135
1000.2399 4.56 4.61 4.535 4.342 4.2 4.061 4.421 4.32 4.197 4.055 3.915 3.766 4.325 4.152 3.98 3.86 3.749 4.088 3.946 3.826 3.727 3.559 3.537 3.368 3.177
1024.3688 4.603 4.653 4.578 4.385 4.242 4.103 4.464 4.362 4.24 4.098 3.958 3.809 4.367 4.195 4.023 3.902 3.792 4.131 3.988 3.869 3.77 3.601 3.58 3.41 3.22
1049.0798 4.646 4.695 4.62 4.427 4.285 4.146 4.507 4.405 4.283 4.141 4.0 3.852 4.41 4.237 4.066 3.945 3.834 4.174 4.031 3.911 3.812 3.644 3.622 3.453 3.263
1074.3869 4.688 4.738 4.663 4.47 4.328 4.188 4.549 4.448 4.325 4.183 4.043 3.894 4.453 4.28 4.108 3.988 3.877 4.216 4.074 3.954 3.855 3.687 3.665 3.496 3.305
1100.3045 4.73 4.78 4.705 4.512 4.369 4.23 4.591 4.489 4.367 4.225 4.085 3.936 4.494 4.322 4.15 4.029 3.919 4.258 4.116 3.996 3.897 3.728 3.707 3.537 3.347
1126.8473 4.771 4.82 4.746 4.553 4.41 4.271 4.632 4.53 4.408 4.266 4.125 3.977 4.535 4.363 4.191 4.07 3.959 4.299 4.156 4.036 3.937 3.769 3.747 3.578 3.388
1154.0304 4.812 4.861 4.786 4.593 4.451 4.312 4.673 4.571 4.449 4.307 4.166 4.018 4.576 4.403 4.232 4.111 4.0 4.34 4.197 4.077 3.978 3.81 3.788 3.619 3.429
1181.8693 4.852 4.902 4.827 4.634 4.492 4.353 4.713 4.612 4.489 4.347 4.207 4.058 4.617 4.444 4.272 4.152 4.041 4.38 4.238 4.118 4.019 3.851 3.829 3.66 3.469
1210.3797 4.893 4.943 4.868 4.675 4.532 4.393 4.754 4.652 4.53 4.388 4.248 4.099 4.657 4.485 4.313 4.192 4.082 4.421 4.279 4.159 4.06 3.891 3.87 3.7 3.51
1239.5778 4.934 4.983 4.909 4.716 4.573 4.434 4.795 4.693 4.571 4.429 4.288 4.14 4.698 4.526 4.354 4.233 4.122 4.462 4.319 4.199 4.1 3.932 3.91 3.741 3.551
1269.4803 4.975 5.024 4.949 4.756 4.614 4.475 4.836 4.734 4.611 4.47 4.329 4.181 4.739 4.566 4.395 4.274 4.163 4.503 4.36 4.24 4.141 3.973 3.951 3.782 3.592
1300.1042 5.015 5.065 4.99 4.797 4.655 4.516 4.876 4.775 4.652 4.51 4.37 4.221 4.78 4.607 4.435 4.315 4.204 4.543 4.401 4.281 4.182 4.014 3.992 3.823 3.632
1331.4668 5.056 5.106 5.031 4.838 4.695 4.556 4.917 4.815 4.693 4.551 4.411 4.262 4.82 4.648 4.476 4.355 4.245 4.584 4.442 4.322 4.223 4.054 4.033 3.863 3.673
1363.586 5.097 5.146 5.072 4.879 4.736 4.597 4.958 4.856 4.734 4.592 4.451 4.303 4.861 4.689 4.517 4.396 4.285 4.625 4.482 4.362 4.263 4.095 4.073 3.904 3.714
1396.48 5.135 5.185 5.11 4.917 4.774 4.635 4.996 4.894 4.772 4.63 4.49 4.341 4.899 4.727 4.555 4.434 4.324 4.663 4.52 4.401 4.302 4.133 4.112 3.942 3.752
1430.1675 5.171 5.221 5.146 4.953 4.811 4.672 5.032 4.931 4.808 4.666 4.526 4.377 4.936 4.763 4.591 4.471 4.36 4.699 4.557 4.437 4.338 4.17 4.148 3.979 3.788
1464.6676 5.208 5.257 5.182 4.989 4.847 4.708 5.069 4.967 4.845 4.703 4.562 4.414 4.972 4.799 4.628 4.507 4.396 4.736 4.593 4.473 4.374 4.206 4.184 4.015 3.825
1500.0 5.244 5.293 5.219 5.026 4.883 4.744 5.105 5.003 4.881 4.739 4.599 4.45 5.008 4.836 4.664 4.543 4.433 4.772 4.629 4.51 4.411 4.242 4.221 4.051 3.861
