# %ECSV 1.0
# ---
# datatype:
# - {name: time, datatype: float64}
# - {name: swift_uvot_uvw2, datatype: float64}
# - {name: swift_uvot_uvm2, datatype: float64}
# - {name: swift_uvot_uvw1, datatype: float64}
# - {name: swift_uvot_U, datatype: float64}
# - {name: swift_uvot_B, datatype: float64}
# - {name: swift_uvot_V, datatype: float64}
# - {name: swift_uvot_W, datatype: float64}
# - {name: johnson_U, datatype: float64}
# - {name: johnson_B, datatype: float64}
# - {name: johnson_V, datatype: float64}
# - {name: johnson_R, datatype: float64}
# - {name: johnson_I, datatype: float64}
# - {name: sdss_u, datatype: float64}
# - {name: sdss_g, datatype: float64}
# - {name: sdss_r, datatype: float64}
# - {name: sdss_i, datatype: float64}
# - {name: sdss_z, datatype: float64}
# - {name: PS1_g, datatype: float64}
# - {name: PS1_r, datatype: float64}
# - {name: PS1_i, datatype: float64}
# - {name: PS1_z, datatype: float64}
# - {name: PS1_Y, datatype: float64}
# - {name: PS1_w, datatype: float64}
# - {name: ATLAS_c, datatype: float64}
# - {name: ATLAS_o, datatype: float64}
# - {name: ukirt_J, datatype: float64}
# - {name: ukirt_H, datatype: float64}
# - {name: ukirt_K, datatype: float64}
# - {name: Clear, datatype: float64}
# meta: !!omap
# - comment: [kappa = 0.5, type = villar, mass = 0.0022901433483143324, velocity = 0.453, theta_obs = 0.0, tfloor = 2500.0]
# schema: astropy-2.0
time swift_uvot_uvw2 swift_uvot_uvm2 swift_uvot_uvw1 swift_uvot_U swift_uvot_B swift_uvot_V swift_uvot_W johnson_U johnson_B johnson_V johnson_R johnson_I sdss_u sdss_g sdss_r sdss_i sdss_z PS1_g PS1_r PS1_i PS1_z PS1_Y PS1_w ATLAS_c ATLAS_o ukirt_J ukirt_H ukirt_K Clear
0.001 -16.25 -13.093 -11.68 -10.964 -10.474 -9.987 -11.544 -10.888 -10.47 -9.975 -9.512 -8.991 -10.9 -10.318 -9.714 -9.295 -8.914 -13.339 -13.117 -13.123 -13.521 -14.502 -9.812 -10.083 -9.545 -8.175 -7.591 -6.929 -9.921
0.00103 -16.235 -13.094 -11.717 -11.001 -10.511 -10.024 -11.581 -10.925 -10.507 -10.012 -9.549 -9.028 -10.937 -10.355 -9.751 -9.332 -8.951 -13.326 -13.103 -13.108 -13.506 -14.486 -9.849 -10.121 -9.582 -8.212 -7.629 -6.966 -9.959
0.001061 -16.221 -13.097 -11.753 -11.038 -10.548 -10.062 -11.618 -10.963 -10.544 -10.05 -9.587 -9.066 -10.974 -10.392 -9.788 -9.37 -8.989 -13.313 -13.09 -13.094 -13.49 -14.47 -9.886 -10.158 -9.62 -8.25 -7.666 -7.004 -9.996
0.001094 -16.206 -13.1 -11.79 -11.075 -10.585 -10.099 -11.655 -11.0 -10.582 -10.087 -9.624 -9.103 -11.012 -10.429 -9.826 -9.407 -9.026 -13.301 -13.077 -13.079 -13.475 -14.455 -9.924 -10.195 -9.657 -8.287 -7.704 -7.042 -10.033
0.001127 -16.191 -13.103 -11.827 -11.112 -10.623 -10.136 -11.691 -11.037 -10.619 -10.124 -9.662 -9.141 -11.049 -10.467 -9.863 -9.445 -9.064 -13.288 -13.063 -13.065 -13.46 -14.439 -9.961 -10.233 -9.695 -8.325 -7.742 -7.079 -10.071
0.001161 -16.176 -13.107 -11.864 -11.149 -10.66 -10.173 -11.728 -11.074 -10.656 -10.162 -9.699 -9.178 -11.086 -10.504 -9.901 -9.482 -9.101 -13.276 -13.05 -13.051 -13.445 -14.423 -9.998 -10.27 -9.732 -8.363 -7.779 -7.117 -10.108
0.001196 -16.162 -13.112 -11.9 -11.186 -10.697 -10.211 -11.765 -11.111 -10.693 -10.199 -9.736 -9.216 -11.123 -10.541 -9.938 -9.52 -9.139 -13.264 -13.037 -13.037 -13.43 -14.408 -10.036 -10.307 -9.769 -8.4 -7.817 -7.155 -10.145
0.001232 -16.147 -13.117 -11.937 -11.223 -10.734 -10.248 -11.801 -11.148 -10.73 -10.236 -9.774 -9.253 -11.16 -10.578 -9.975 -9.557 -9.176 -13.252 -13.024 -13.023 -13.415 -14.392 -10.073 -10.345 -9.807 -8.438 -7.855 -7.192 -10.182
0.001269 -16.133 -13.123 -11.974 -11.26 -10.771 -10.285 -11.838 -11.185 -10.768 -10.274 -9.811 -9.291 -11.197 -10.616 -10.013 -9.594 -9.214 -13.241 -13.011 -13.009 -13.401 -14.376 -10.11 -10.382 -9.844 -8.475 -7.892 -7.23 -10.22
0.001308 -16.118 -13.13 -12.01 -11.297 -10.808 -10.323 -11.874 -11.222 -10.805 -10.311 -9.849 -9.328 -11.234 -10.653 -10.05 -9.632 -9.251 -13.229 -12.999 -12.996 -13.386 -14.361 -10.148 -10.419 -9.882 -8.513 -7.93 -7.268 -10.257
0.001347 -16.104 -13.137 -12.047 -11.334 -10.846 -10.36 -11.911 -11.259 -10.842 -10.348 -9.886 -9.366 -11.271 -10.69 -10.087 -9.669 -9.289 -13.218 -12.987 -12.982 -13.371 -14.345 -10.185 -10.456 -9.919 -8.551 -7.968 -7.305 -10.294
0.001388 -16.09 -13.145 -12.083 -11.371 -10.883 -10.397 -11.947 -11.296 -10.879 -10.385 -9.923 -9.403 -11.308 -10.727 -10.125 -9.707 -9.326 -13.207 -12.974 -12.969 -13.356 -14.33 -10.222 -10.493 -9.956 -8.588 -8.005 -7.343 -10.331
0.00143 -16.076 -13.153 -12.12 -11.408 -10.92 -10.434 -11.984 -11.333 -10.916 -10.423 -9.961 -9.441 -11.345 -10.764 -10.162 -9.744 -9.364 -13.196 -12.962 -12.956 -13.342 -14.314 -10.259 -10.531 -9.994 -8.626 -8.043 -7.381 -10.369
0.001473 -16.062 -13.162 -12.156 -11.445 -10.957 -10.472 -12.02 -11.37 -10.953 -10.46 -9.998 -9.478 -11.382 -10.801 -10.199 -9.782 -9.401 -13.186 -12.95 -12.942 -13.327 -14.299 -10.297 -10.568 -10.031 -8.663 -8.08 -7.418 -10.406
0.001518 -16.048 -13.172 -12.193 -11.482 -10.994 -10.509 -12.057 -11.407 -10.99 -10.497 -10.035 -9.516 -11.418 -10.838 -10.237 -9.819 -9.438 -13.175 -12.939 -12.929 -13.313 -14.283 -10.334 -10.605 -10.068 -8.701 -8.118 -7.456 -10.443
0.001564 -16.034 -13.182 -12.229 -11.519 -11.031 -10.546 -12.093 -11.444 -11.027 -10.534 -10.073 -9.553 -11.455 -10.876 -10.274 -9.856 -9.476 -13.165 -12.927 -12.916 -13.299 -14.268 -10.371 -10.642 -10.106 -8.738 -8.156 -7.494 -10.48
0.001611 -16.02 -13.193 -12.266 -11.556 -11.068 -10.583 -12.129 -11.48 -11.064 -10.572 -10.11 -9.591 -11.492 -10.913 -10.311 -9.894 -9.513 -13.155 -12.916 -12.904 -13.284 -14.252 -10.408 -10.679 -10.143 -8.776 -8.193 -7.531 -10.517
0.00166 -16.006 -13.204 -12.302 -11.592 -11.105 -10.62 -12.166 -11.517 -11.101 -10.609 -10.147 -9.628 -11.529 -10.95 -10.348 -9.931 -9.551 -13.146 -12.905 -12.891 -13.27 -14.237 -10.446 -10.716 -10.18 -8.813 -8.231 -7.569 -10.555
0.00171 -15.993 -13.216 -12.338 -11.629 -11.142 -10.658 -12.202 -11.554 -11.138 -10.646 -10.185 -9.665 -11.566 -10.987 -10.386 -9.968 -9.588 -13.137 -12.894 -12.879 -13.256 -14.222 -10.483 -10.754 -10.217 -8.851 -8.268 -7.607 -10.592
0.001761 -15.979 -13.229 -12.374 -11.666 -11.179 -10.695 -12.238 -11.591 -11.175 -10.683 -10.222 -9.703 -11.603 -11.024 -10.423 -10.006 -9.626 -13.128 -12.883 -12.866 -13.242 -14.206 -10.52 -10.791 -10.255 -8.888 -8.306 -7.644 -10.629
0.001815 -15.966 -13.242 -12.411 -11.703 -11.216 -10.732 -12.274 -11.628 -11.212 -10.72 -10.259 -9.74 -11.639 -11.061 -10.46 -10.043 -9.663 -13.119 -12.873 -12.854 -13.228 -14.191 -10.557 -10.828 -10.292 -8.926 -8.344 -7.682 -10.666
0.00187 -15.953 -13.256 -12.447 -11.739 -11.253 -10.769 -12.31 -11.664 -11.249 -10.757 -10.296 -9.777 -11.676 -11.098 -10.497 -10.08 -9.7 -13.111 -12.863 -12.842 -13.214 -14.176 -10.594 -10.865 -10.329 -8.963 -8.381 -7.72 -10.703
0.001926 -15.94 -13.27 -12.483 -11.776 -11.29 -10.806 -12.347 -11.701 -11.286 -10.794 -10.334 -9.815 -11.713 -11.135 -10.534 -10.118 -9.738 -13.103 -12.853 -12.831 -13.201 -14.161 -10.631 -10.902 -10.366 -9.001 -8.419 -7.757 -10.74
0.001984 -15.927 -13.285 -12.519 -11.813 -11.327 -10.843 -12.383 -11.738 -11.323 -10.831 -10.371 -9.852 -11.749 -11.172 -10.571 -10.155 -9.775 -13.095 -12.843 -12.819 -13.187 -14.146 -10.668 -10.939 -10.404 -9.038 -8.456 -7.795 -10.777
0.002044 -15.914 -13.301 -12.555 -11.849 -11.363 -10.88 -12.419 -11.774 -11.36 -10.868 -10.408 -9.889 -11.786 -11.209 -10.609 -10.192 -9.812 -13.088 -12.834 -12.808 -13.173 -14.13 -10.705 -10.976 -10.441 -9.076 -8.494 -7.833 -10.814
0.002106 -15.901 -13.317 -12.591 -11.886 -11.4 -10.917 -12.454 -11.811 -11.396 -10.905 -10.445 -9.927 -11.823 -11.245 -10.646 -10.229 -9.85 -13.081 -12.825 -12.796 -13.16 -14.115 -10.742 -11.013 -10.478 -9.113 -8.531 -7.87 -10.851
0.00217 -15.889 -13.334 -12.627 -11.922 -11.437 -10.954 -12.49 -11.847 -11.433 -10.942 -10.482 -9.964 -11.859 -11.282 -10.683 -10.267 -9.887 -13.074 -12.816 -12.785 -13.147 -14.1 -10.779 -11.05 -10.515 -9.151 -8.569 -7.908 -10.888
0.002236 -15.876 -13.351 -12.663 -11.959 -11.474 -10.991 -12.526 -11.884 -11.47 -10.979 -10.519 -10.001 -11.896 -11.319 -10.72 -10.304 -9.924 -13.068 -12.808 -12.775 -13.134 -14.085 -10.816 -11.087 -10.552 -9.188 -8.607 -7.945 -10.925
0.002303 -15.864 -13.368 -12.699 -11.995 -11.51 -11.028 -12.562 -11.921 -11.507 -11.016 -10.557 -10.039 -11.932 -11.356 -10.757 -10.341 -9.962 -13.062 -12.8 -12.764 -13.121 -14.07 -10.853 -11.124 -10.589 -9.226 -8.644 -7.983 -10.962
0.002373 -15.852 -13.387 -12.735 -12.032 -11.547 -11.065 -12.598 -11.957 -11.543 -11.053 -10.594 -10.076 -11.969 -11.393 -10.794 -10.378 -9.999 -13.056 -12.792 -12.754 -13.108 -14.055 -10.89 -11.16 -10.626 -9.263 -8.682 -8.021 -10.999
0.002445 -15.84 -13.405 -12.77 -12.068 -11.584 -11.102 -12.633 -11.993 -11.58 -11.09 -10.631 -10.113 -12.005 -11.429 -10.831 -10.415 -10.036 -13.051 -12.785 -12.744 -13.095 -14.04 -10.927 -11.197 -10.663 -9.301 -8.719 -8.058 -11.036
0.002519 -15.828 -13.425 -12.806 -12.104 -11.621 -11.139 -12.669 -12.03 -11.617 -11.127 -10.668 -10.15 -12.042 -11.466 -10.868 -10.452 -10.073 -13.047 -12.777 -12.734 -13.082 -14.025 -10.964 -11.234 -10.701 -9.338 -8.757 -8.096 -11.072
0.002595 -15.816 -13.444 -12.842 -12.141 -11.657 -11.176 -12.705 -12.066 -11.653 -11.164 -10.705 -10.187 -12.078 -11.503 -10.905 -10.489 -10.111 -13.042 -12.771 -12.725 -13.07 -14.011 -11.001 -11.271 -10.738 -9.375 -8.794 -8.133 -11.109
0.002673 -15.805 -13.464 -12.877 -12.177 -11.694 -11.213 -12.74 -12.102 -11.69 -11.201 -10.742 -10.225 -12.114 -11.54 -10.942 -10.527 -10.148 -13.038 -12.764 -12.716 -13.058 -13.996 -11.038 -11.308 -10.775 -9.413 -8.832 -8.171 -11.146
0.002754 -15.794 -13.485 -12.913 -12.213 -11.73 -11.249 -12.775 -12.139 -11.726 -11.238 -10.779 -10.262 -12.151 -11.576 -10.979 -10.564 -10.185 -13.035 -12.758 -12.707 -13.045 -13.981 -11.075 -11.344 -10.812 -9.45 -8.869 -8.208 -11.183
0.002837 -15.783 -13.506 -12.948 -12.249 -11.767 -11.286 -12.811 -12.175 -11.763 -11.274 -10.816 -10.299 -12.187 -11.613 -11.016 -10.601 -10.222 -13.032 -12.753 -12.698 -13.034 -13.967 -11.112 -11.381 -10.848 -9.487 -8.906 -8.246 -11.22
0.002923 -15.772 -13.528 -12.984 -12.285 -11.803 -11.323 -12.846 -12.211 -11.799 -11.311 -10.853 -10.336 -12.223 -11.649 -11.053 -10.638 -10.259 -13.03 -12.747 -12.69 -13.022 -13.952 -11.148 -11.418 -10.885 -9.525 -8.944 -8.283 -11.256
0.003012 -15.761 -13.549 -13.019 -12.322 -11.84 -11.36 -12.881 -12.247 -11.836 -11.348 -10.89 -10.373 -12.259 -11.686 -11.089 -10.675 -10.296 -13.028 -12.742 -12.682 -13.01 -13.937 -11.185 -11.454 -10.922 -9.562 -8.981 -8.321 -11.293
0.003103 -15.751 -13.572 -13.054 -12.358 -11.876 -11.396 -12.917 -12.283 -11.872 -11.385 -10.926 -10.41 -12.295 -11.722 -11.126 -10.712 -10.334 -13.026 -12.738 -12.674 -12.999 -13.923 -11.222 -11.491 -10.959 -9.599 -9.019 -8.358 -11.33
0.003196 -15.741 -13.594 -13.089 -12.394 -11.912 -11.433 -12.952 -12.319 -11.909 -11.421 -10.963 -10.447 -12.331 -11.759 -11.163 -10.749 -10.371 -13.025 -12.734 -12.667 -12.988 -13.909 -11.259 -11.528 -10.996 -9.637 -9.056 -8.396 -11.366
0.003293 -15.731 -13.617 -13.125 -12.43 -11.949 -11.47 -12.987 -12.356 -11.945 -11.458 -11.0 -10.484 -12.367 -11.795 -11.2 -10.786 -10.408 -13.025 -12.731 -12.66 -12.977 -13.894 -11.295 -11.564 -11.033 -9.674 -9.093 -8.433 -11.403
0.003393 -15.721 -13.641 -13.16 -12.465 -11.985 -11.506 -13.022 -12.391 -11.981 -11.494 -11.037 -10.521 -12.403 -11.832 -11.237 -10.823 -10.445 -13.025 -12.728 -12.653 -12.966 -13.88 -11.332 -11.601 -11.07 -9.711 -9.131 -8.471 -11.439
0.003495 -15.711 -13.665 -13.195 -12.501 -12.021 -11.543 -13.056 -12.427 -12.018 -11.531 -11.074 -10.558 -12.439 -11.868 -11.273 -10.859 -10.482 -13.025 -12.725 -12.647 -12.955 -13.866 -11.368 -11.637 -11.106 -9.748 -9.168 -8.508 -11.476
0.003601 -15.702 -13.689 -13.229 -12.537 -12.057 -11.579 -13.091 -12.463 -12.054 -11.567 -11.11 -10.595 -12.475 -11.904 -11.31 -10.896 -10.519 -13.027 -12.723 -12.641 -12.945 -13.852 -11.405 -11.674 -11.143 -9.786 -9.206 -8.546 -11.512
0.00371 -15.693 -13.713 -13.264 -12.573 -12.094 -11.616 -13.126 -12.499 -12.09 -11.604 -11.147 -10.632 -12.511 -11.94 -11.346 -10.933 -10.556 -13.028 -12.721 -12.635 -12.935 -13.838 -11.441 -11.71 -11.18 -9.823 -9.243 -8.583 -11.549
0.003822 -15.684 -13.738 -13.299 -12.608 -12.13 -11.652 -13.161 -12.535 -12.126 -11.64 -11.184 -10.669 -12.546 -11.977 -11.383 -10.97 -10.593 -13.03 -12.72 -12.63 -12.925 -13.824 -11.478 -11.746 -11.216 -9.86 -9.28 -8.621 -11.585
0.003938 -15.676 -13.763 -13.334 -12.644 -12.166 -11.689 -13.195 -12.57 -12.162 -11.677 -11.221 -10.706 -12.582 -12.013 -11.42 -11.007 -10.63 -13.033 -12.719 -12.626 -12.916 -13.81 -11.514 -11.783 -11.253 -9.897 -9.317 -8.658 -11.621
0.004057 -15.667 -13.788 -13.368 -12.68 -12.202 -11.725 -13.23 -12.606 -12.198 -11.713 -11.257 -10.743 -12.618 -12.049 -11.456 -11.043 -10.667 -13.036 -12.719 -12.621 -12.906 -13.796 -11.551 -11.819 -11.29 -9.934 -9.355 -8.695 -11.658
0.00418 -15.659 -13.813 -13.403 -12.715 -12.238 -11.761 -13.264 -12.642 -12.234 -11.75 -11.294 -10.78 -12.653 -12.085 -11.493 -11.08 -10.703 -13.04 -12.72 -12.618 -12.897 -13.783 -11.587 -11.855 -11.326 -9.971 -9.392 -8.733 -11.694
0.004306 -15.652 -13.839 -13.437 -12.75 -12.274 -11.797 -13.298 -12.677 -12.27 -11.786 -11.33 -10.817 -12.689 -12.121 -11.529 -11.117 -10.74 -13.045 -12.721 -12.614 -12.889 -13.769 -11.623 -11.891 -11.363 -10.009 -9.429 -8.77 -11.73
0.004436 -15.644 -13.865 -13.471 -12.786 -12.309 -11.834 -13.332 -12.713 -12.306 -11.822 -11.367 -10.853 -12.724 -12.157 -11.566 -11.153 -10.777 -13.05 -12.722 -12.611 -12.88 -13.756 -11.66 -11.927 -11.399 -10.046 -9.466 -8.808 -11.766
0.00457 -15.637 -13.891 -13.506 -12.821 -12.345 -11.87 -13.366 -12.748 -12.341 -11.858 -11.403 -10.89 -12.76 -12.193 -11.602 -11.19 -10.814 -13.055 -12.724 -12.609 -12.872 -13.742 -11.696 -11.964 -11.436 -10.083 -9.504 -8.845 -11.802
0.004709 -15.631 -13.918 -13.54 -12.856 -12.381 -11.906 -13.4 -12.783 -12.377 -11.894 -11.44 -10.927 -12.795 -12.229 -11.638 -11.227 -10.851 -13.062 -12.727 -12.607 -12.864 -13.729 -11.732 -12.0 -11.472 -10.12 -9.541 -8.882 -11.838
0.004851 -15.624 -13.944 -13.574 -12.892 -12.417 -11.942 -13.434 -12.818 -12.413 -11.93 -11.476 -10.963 -12.83 -12.265 -11.674 -11.263 -10.887 -13.068 -12.73 -12.605 -12.857 -13.716 -11.768 -12.036 -11.509 -10.157 -9.578 -8.919 -11.874
0.004998 -15.618 -13.971 -13.607 -12.927 -12.452 -11.978 -13.468 -12.854 -12.449 -11.967 -11.512 -11.0 -12.865 -12.3 -11.711 -11.3 -10.924 -13.076 -12.734 -12.604 -12.85 -13.703 -11.804 -12.072 -11.545 -10.194 -9.615 -8.957 -11.91
0.005149 -15.612 -13.998 -13.641 -12.962 -12.488 -12.014 -13.502 -12.889 -12.484 -12.003 -11.549 -11.037 -12.9 -12.336 -11.747 -11.336 -10.961 -13.084 -12.738 -12.604 -12.843 -13.69 -11.84 -12.107 -11.581 -10.231 -9.652 -8.994 -11.946
0.005305 -15.607 -14.025 -13.675 -12.996 -12.523 -12.05 -13.535 -12.924 -12.52 -12.038 -11.585 -11.073 -12.935 -12.372 -11.783 -11.373 -10.997 -13.092 -12.743 -12.604 -12.837 -13.678 -11.876 -12.143 -11.617 -10.268 -9.689 -9.031 -11.982
0.005465 -15.602 -14.052 -13.708 -13.031 -12.559 -12.086 -13.568 -12.959 -12.555 -12.074 -11.621 -11.11 -12.97 -12.407 -11.819 -11.409 -11.034 -13.101 -12.748 -12.605 -12.831 -13.665 -11.912 -12.179 -11.654 -10.304 -9.726 -9.069 -12.018
0.00563 -15.597 -14.079 -13.742 -13.066 -12.594 -12.122 -13.602 -12.994 -12.59 -12.11 -11.657 -11.146 -13.005 -12.443 -11.855 -11.445 -11.07 -13.111 -12.754 -12.606 -12.825 -13.653 -11.948 -12.215 -11.69 -10.341 -9.764 -9.106 -12.054
0.005801 -15.592 -14.107 -13.775 -13.101 -12.629 -12.158 -13.635 -13.028 -12.626 -12.146 -11.694 -11.183 -13.04 -12.478 -11.891 -11.482 -11.107 -13.121 -12.761 -12.607 -12.82 -13.641 -11.984 -12.25 -11.726 -10.378 -9.801 -9.143 -12.089
0.005976 -15.588 -14.134 -13.808 -13.135 -12.665 -12.193 -13.668 -13.063 -12.661 -12.182 -11.73 -11.219 -13.075 -12.514 -11.927 -11.518 -11.143 -13.132 -12.768 -12.61 -12.815 -13.629 -12.02 -12.286 -11.762 -10.415 -9.838 -9.18 -12.125
0.006157 -15.584 -14.162 -13.841 -13.17 -12.7 -12.229 -13.701 -13.098 -12.696 -12.217 -11.766 -11.256 -13.109 -12.549 -11.963 -11.554 -11.18 -13.143 -12.776 -12.612 -12.811 -13.617 -12.056 -12.322 -11.798 -10.452 -9.875 -9.217 -12.161
0.006343 -15.581 -14.19 -13.874 -13.204 -12.735 -12.265 -13.734 -13.132 -12.731 -12.253 -11.802 -11.292 -13.144 -12.584 -11.999 -11.59 -11.216 -13.155 -12.784 -12.616 -12.807 -13.605 -12.091 -12.357 -11.834 -10.489 -9.911 -9.254 -12.196
0.006535 -15.578 -14.217 -13.907 -13.239 -12.77 -12.3 -13.766 -13.167 -12.766 -12.289 -11.838 -11.328 -13.178 -12.619 -12.035 -11.626 -11.253 -13.168 -12.793 -12.62 -12.803 -13.594 -12.127 -12.392 -11.87 -10.525 -9.948 -9.291 -12.232
0.006732 -15.575 -14.245 -13.94 -13.273 -12.805 -12.336 -13.799 -13.201 -12.801 -12.324 -11.873 -11.364 -13.212 -12.654 -12.07 -11.662 -11.289 -13.181 -12.803 -12.624 -12.8 -13.583 -12.162 -12.428 -11.906 -10.562 -9.985 -9.329 -12.267
0.006936 -15.573 -14.273 -13.972 -13.307 -12.84 -12.371 -13.831 -13.235 -12.836 -12.359 -11.909 -11.401 -13.247 -12.689 -12.106 -11.698 -11.325 -13.194 -12.813 -12.629 -12.797 -13.572 -12.198 -12.463 -11.941 -10.599 -10.022 -9.366 -12.302
0.007146 -15.571 -14.301 -14.005 -13.341 -12.874 -12.406 -13.863 -13.269 -12.871 -12.395 -11.945 -11.437 -13.281 -12.724 -12.142 -11.734 -11.361 -13.209 -12.824 -12.635 -12.795 -13.561 -12.233 -12.498 -11.977 -10.635 -10.059 -9.403 -12.338
0.007362 -15.569 -14.329 -14.037 -13.375 -12.909 -12.442 -13.895 -13.303 -12.905 -12.43 -11.981 -11.473 -13.315 -12.759 -12.177 -11.77 -11.398 -13.223 -12.835 -12.641 -12.794 -13.55 -12.269 -12.533 -12.013 -10.672 -10.096 -9.44 -12.373
0.007585 -15.568 -14.356 -14.069 -13.408 -12.944 -12.477 -13.927 -13.337 -12.94 -12.465 -12.016 -11.509 -13.349 -12.794 -12.213 -11.806 -11.434 -13.238 -12.847 -12.648 -12.792 -13.54 -12.304 -12.568 -12.048 -10.708 -10.133 -9.477 -12.408
0.007814 -15.567 -14.384 -14.101 -13.442 -12.978 -12.512 -13.959 -13.371 -12.974 -12.5 -12.052 -11.545 -13.382 -12.829 -12.248 -11.842 -11.47 -13.254 -12.859 -12.655 -12.792 -13.53 -12.339 -12.603 -12.084 -10.745 -10.169 -9.514 -12.443
0.00805 -15.567 -14.412 -14.132 -13.476 -13.012 -12.547 -13.99 -13.405 -13.009 -12.535 -12.088 -11.581 -13.416 -12.863 -12.283 -11.878 -11.506 -13.27 -12.872 -12.663 -12.792 -13.52 -12.374 -12.638 -12.12 -10.781 -10.206 -9.55 -12.478
0.008294 -15.567 -14.44 -14.164 -13.509 -13.047 -12.582 -14.022 -13.438 -13.043 -12.57 -12.123 -11.617 -13.45 -12.898 -12.319 -11.913 -11.542 -13.287 -12.886 -12.672 -12.792 -13.51 -12.409 -12.673 -12.155 -10.818 -10.243 -9.587 -12.513
0.008545 -15.567 -14.467 -14.195 -13.542 -13.081 -12.617 -14.053 -13.472 -13.077 -12.605 -12.158 -11.653 -13.483 -12.932 -12.354 -11.949 -11.578 -13.304 -12.9 -12.681 -12.793 -13.501 -12.444 -12.708 -12.19 -10.854 -10.279 -9.624 -12.547
0.008803 -15.567 -14.495 -14.226 -13.576 -13.115 -12.652 -14.084 -13.505 -13.111 -12.64 -12.194 -11.689 -13.516 -12.967 -12.389 -11.984 -11.614 -13.322 -12.915 -12.691 -12.794 -13.492 -12.479 -12.742 -12.226 -10.89 -10.316 -9.661 -12.582
0.009069 -15.568 -14.522 -14.257 -13.609 -13.149 -12.686 -14.114 -13.538 -13.145 -12.675 -12.229 -11.724 -13.55 -13.001 -12.424 -12.02 -11.649 -13.34 -12.93 -12.701 -12.796 -13.483 -12.514 -12.777 -12.261 -10.927 -10.353 -9.698 -12.617
0.009344 -15.569 -14.55 -14.288 -13.642 -13.183 -12.721 -14.145 -13.571 -13.179 -12.709 -12.264 -11.76 -13.583 -13.035 -12.459 -12.055 -11.685 -13.358 -12.945 -12.712 -12.799 -13.475 -12.549 -12.811 -12.296 -10.963 -10.389 -9.735 -12.651
0.009626 -15.571 -14.577 -14.319 -13.674 -13.217 -12.756 -14.175 -13.604 -13.213 -12.744 -12.299 -11.796 -13.616 -13.069 -12.494 -12.091 -11.721 -13.377 -12.962 -12.723 -12.802 -13.466 -12.583 -12.846 -12.331 -10.999 -10.426 -9.771 -12.686
0.009917 -15.573 -14.605 -14.349 -13.707 -13.25 -12.79 -14.206 -13.637 -13.246 -12.778 -12.334 -11.831 -13.648 -13.103 -12.529 -12.126 -11.756 -13.397 -12.978 -12.735 -12.806 -13.459 -12.618 -12.88 -12.366 -11.035 -10.462 -9.808 -12.72
0.010217 -15.575 -14.632 -14.379 -13.739 -13.284 -12.824 -14.235 -13.67 -13.28 -12.813 -12.369 -11.867 -13.681 -13.137 -12.564 -12.161 -11.792 -13.416 -12.996 -12.748 -12.81 -13.451 -12.652 -12.914 -12.401 -11.071 -10.498 -9.845 -12.754
0.010526 -15.578 -14.659 -14.409 -13.772 -13.317 -12.859 -14.265 -13.702 -13.313 -12.847 -12.404 -11.902 -13.714 -13.17 -12.598 -12.196 -11.827 -13.437 -13.013 -12.761 -12.815 -13.444 -12.687 -12.948 -12.436 -11.107 -10.535 -9.881 -12.788
0.010845 -15.581 -14.686 -14.439 -13.804 -13.35 -12.893 -14.295 -13.735 -13.347 -12.881 -12.439 -11.937 -13.746 -13.204 -12.633 -12.231 -11.863 -13.457 -13.031 -12.775 -12.82 -13.437 -12.721 -12.982 -12.47 -11.143 -10.571 -9.918 -12.822
0.011173 -15.584 -14.712 -14.469 -13.836 -13.384 -12.927 -14.324 -13.767 -13.38 -12.915 -12.473 -11.973 -13.778 -13.237 -12.667 -12.266 -11.898 -13.478 -13.05 -12.789 -12.826 -13.431 -12.755 -13.016 -12.505 -11.179 -10.607 -9.955 -12.856
0.011511 -15.587 -14.739 -14.498 -13.868 -13.417 -12.961 -14.353 -13.799 -13.413 -12.949 -12.508 -12.008 -13.81 -13.271 -12.701 -12.301 -11.934 -13.499 -13.069 -12.804 -12.832 -13.425 -12.789 -13.049 -12.54 -11.215 -10.644 -9.991 -12.89
0.011859 -15.591 -14.765 -14.527 -13.9 -13.45 -12.995 -14.382 -13.831 -13.446 -12.983 -12.542 -12.043 -13.842 -13.304 -12.736 -12.336 -11.969 -13.521 -13.088 -12.819 -12.839 -13.419 -12.823 -13.083 -12.574 -11.251 -10.68 -10.028 -12.924
0.012217 -15.595 -14.791 -14.556 -13.931 -13.482 -13.028 -14.41 -13.862 -13.479 -13.017 -12.577 -12.078 -13.874 -13.337 -12.77 -12.371 -12.004 -13.542 -13.108 -12.835 -12.847 -13.414 -12.857 -13.117 -12.608 -11.287 -10.716 -10.064 -12.957
0.012587 -15.599 -14.817 -14.584 -13.962 -13.515 -13.062 -14.439 -13.894 -13.511 -13.05 -12.611 -12.113 -13.905 -13.37 -12.804 -12.405 -12.039 -13.565 -13.129 -12.851 -12.855 -13.409 -12.891 -13.15 -12.643 -11.323 -10.752 -10.1 -12.991
0.012968 -15.604 -14.843 -14.613 -13.994 -13.547 -13.095 -14.467 -13.925 -13.544 -13.084 -12.645 -12.148 -13.937 -13.403 -12.838 -12.44 -12.074 -13.587 -13.149 -12.868 -12.864 -13.404 -12.924 -13.183 -12.677 -11.358 -10.788 -10.137 -13.024
0.01336 -15.608 -14.868 -14.64 -14.024 -13.58 -13.129 -14.494 -13.956 -13.576 -13.117 -12.679 -12.183 -13.968 -13.435 -12.872 -12.474 -12.109 -13.61 -13.17 -12.885 -12.873 -13.4 -12.958 -13.216 -12.711 -11.394 -10.824 -10.173 -13.057
0.013764 -15.613 -14.894 -14.668 -14.055 -13.612 -13.162 -14.522 -13.987 -13.608 -13.151 -12.713 -12.217 -13.999 -13.468 -12.905 -12.509 -12.144 -13.632 -13.192 -12.903 -12.883 -13.396 -12.991 -13.249 -12.745 -11.429 -10.86 -10.209 -13.09
0.01418 -15.618 -14.919 -14.696 -14.086 -13.644 -13.195 -14.549 -14.018 -13.64 -13.184 -12.747 -12.252 -14.029 -13.5 -12.939 -12.543 -12.178 -13.656 -13.213 -12.921 -12.893 -13.393 -13.024 -13.282 -12.779 -11.465 -10.896 -10.246 -13.123
0.014609 -15.623 -14.943 -14.723 -14.116 -13.676 -13.228 -14.576 -14.049 -13.672 -13.217 -12.781 -12.286 -14.06 -13.532 -12.972 -12.577 -12.213 -13.679 -13.235 -12.94 -12.904 -13.39 -13.057 -13.315 -12.812 -11.5 -10.932 -10.282 -13.156
0.015051 -15.629 -14.968 -14.749 -14.146 -13.707 -13.261 -14.602 -14.079 -13.703 -13.249 -12.815 -12.321 -14.09 -13.564 -13.006 -12.611 -12.248 -13.702 -13.257 -12.959 -12.916 -13.388 -13.09 -13.347 -12.846 -11.536 -10.967 -10.318 -13.188
0.015506 -15.634 -14.992 -14.776 -14.176 -13.739 -13.294 -14.628 -14.109 -13.735 -13.282 -12.848 -12.355 -14.121 -13.596 -13.039 -12.645 -12.282 -13.726 -13.28 -12.978 -12.928 -13.386 -13.123 -13.38 -12.879 -11.571 -11.003 -10.354 -13.221
0.015975 -15.64 -15.016 -14.802 -14.206 -13.77 -13.326 -14.654 -14.139 -13.766 -13.315 -12.882 -12.39 -14.15 -13.628 -13.072 -12.679 -12.317 -13.75 -13.303 -12.998 -12.94 -13.385 -13.156 -13.412 -12.913 -11.606 -11.039 -10.39 -13.253
0.016458 -15.645 -15.039 -14.828 -14.235 -13.801 -13.358 -14.679 -14.169 -13.797 -13.347 -12.915 -12.424 -14.18 -13.659 -13.105 -12.713 -12.351 -13.774 -13.326 -13.019 -12.953 -13.384 -13.188 -13.444 -12.946 -11.641 -11.074 -10.426 -13.285
0.016956 -15.651 -15.063 -14.853 -14.264 -13.832 -13.391 -14.705 -14.199 -13.828 -13.379 -12.948 -12.458 -14.21 -13.691 -13.138 -12.746 -12.385 -13.798 -13.349 -13.039 -12.967 -13.384 -13.221 -13.476 -12.979 -11.676 -11.11 -10.462 -13.317
0.017469 -15.657 -15.085 -14.878 -14.293 -13.863 -13.423 -14.729 -14.228 -13.859 -13.411 -12.981 -12.492 -14.239 -13.722 -13.171 -12.78 -12.419 -13.822 -13.373 -13.06 -12.981 -13.384 -13.253 -13.507 -13.012 -11.711 -11.145 -10.498 -13.349
0.017997 -15.663 -15.108 -14.903 -14.322 -13.893 -13.455 -14.754 -14.257 -13.889 -13.443 -13.014 -12.525 -14.268 -13.753 -13.203 -12.813 -12.453 -13.847 -13.397 -13.081 -12.996 -13.385 -13.285 -13.539 -13.045 -11.746 -11.181 -10.534 -13.381
0.018541 -15.668 -15.13 -14.927 -14.351 -13.923 -13.486 -14.778 -14.285 -13.92 -13.475 -13.047 -12.559 -14.297 -13.784 -13.235 -12.846 -12.487 -13.871 -13.421 -13.103 -13.011 -13.386 -13.317 -13.57 -13.078 -11.781 -11.216 -10.569 -13.412
0.019102 -15.674 -15.152 -14.951 -14.379 -13.954 -13.518 -14.801 -14.314 -13.95 -13.507 -13.08 -12.593 -14.325 -13.814 -13.268 -12.879 -12.521 -13.896 -13.445 -13.125 -13.026 -13.387 -13.349 -13.602 -13.11 -11.816 -11.251 -10.605 -13.444
0.01968 -15.68 -15.173 -14.975 -14.407 -13.983 -13.549 -14.824 -14.342 -13.98 -13.538 -13.112 -12.626 -14.353 -13.844 -13.3 -12.912 -12.554 -13.92 -13.469 -13.147 -13.042 -13.389 -13.38 -13.633 -13.143 -11.85 -11.286 -10.641 -13.475
0.020275 -15.685 -15.194 -14.998 -14.434 -14.013 -13.581 -14.847 -14.37 -14.009 -13.569 -13.144 -12.66 -14.381 -13.875 -13.332 -12.945 -12.588 -13.945 -13.494 -13.17 -13.059 -13.392 -13.412 -13.663 -13.175 -11.885 -11.322 -10.676 -13.506
0.020888 -15.691 -15.214 -15.02 -14.461 -14.042 -13.612 -14.869 -14.398 -14.039 -13.6 -13.176 -12.693 -14.409 -13.904 -13.363 -12.978 -12.621 -13.97 -13.518 -13.192 -13.076 -13.395 -13.443 -13.694 -13.207 -11.919 -11.357 -10.712 -13.537
0.02152 -15.696 -15.234 -15.042 -14.488 -14.071 -13.642 -14.891 -14.425 -14.068 -13.631 -13.208 -12.726 -14.436 -13.934 -13.395 -13.01 -12.654 -13.994 -13.543 -13.215 -13.093 -13.399 -13.474 -13.724 -13.239 -11.953 -11.391 -10.747 -13.567
0.022171 -15.701 -15.254 -15.064 -14.515 -14.1 -13.673 -14.913 -14.452 -14.097 -13.662 -13.24 -12.759 -14.463 -13.964 -13.426 -13.043 -12.687 -14.019 -13.568 -13.239 -13.111 -13.403 -13.505 -13.755 -13.271 -11.988 -11.426 -10.783 -13.598
0.022841 -15.706 -15.272 -15.085 -14.541 -14.129 -13.703 -14.933 -14.479 -14.125 -13.692 -13.272 -12.792 -14.49 -13.993 -13.458 -13.075 -12.72 -14.044 -13.593 -13.262 -13.129 -13.408 -13.535 -13.784 -13.302 -12.022 -11.461 -10.818 -13.628
0.023532 -15.711 -15.291 -15.106 -14.567 -14.157 -13.734 -14.954 -14.505 -14.154 -13.722 -13.303 -12.824 -14.516 -14.022 -13.489 -13.107 -12.753 -14.068 -13.618 -13.286 -13.148 -13.413 -13.566 -13.814 -13.334 -12.056 -11.496 -10.853 -13.658
0.024244 -15.715 -15.309 -15.126 -14.593 -14.185 -13.763 -14.974 -14.531 -14.182 -13.752 -13.335 -12.857 -14.542 -14.05 -13.519 -13.139 -12.786 -14.093 -13.643 -13.309 -13.166 -13.419 -13.596 -13.844 -13.365 -12.09 -11.53 -10.888 -13.687
0.024977 -15.72 -15.326 -15.146 -14.618 -14.213 -13.793 -14.993 -14.557 -14.209 -13.782 -13.366 -12.889 -14.568 -14.079 -13.55 -13.171 -12.819 -14.117 -13.668 -13.333 -13.186 -13.425 -13.626 -13.873 -13.396 -12.123 -11.565 -10.923 -13.717
0.025733 -15.723 -15.343 -15.165 -14.643 -14.241 -13.823 -15.012 -14.582 -14.237 -13.812 -13.397 -12.921 -14.593 -14.107 -13.58 -13.202 -12.851 -14.141 -13.693 -13.357 -13.205 -13.432 -13.656 -13.902 -13.427 -12.157 -11.599 -10.958 -13.746
0.026511 -15.727 -15.359 -15.184 -14.667 -14.268 -13.852 -15.03 -14.607 -14.264 -13.841 -13.427 -12.953 -14.618 -14.135 -13.61 -13.234 -12.883 -14.166 -13.718 -13.382 -13.225 -13.439 -13.685 -13.931 -13.457 -12.191 -11.634 -10.993 -13.775
0.027313 -15.73 -15.374 -15.201 -14.692 -14.295 -13.881 -15.048 -14.632 -14.291 -13.87 -13.458 -12.985 -14.642 -14.162 -13.64 -13.265 -12.915 -14.19 -13.743 -13.406 -13.245 -13.447 -13.715 -13.959 -13.488 -12.224 -11.668 -11.028 -13.804
0.028139 -15.732 -15.389 -15.219 -14.715 -14.321 -13.91 -15.065 -14.656 -14.317 -13.899 -13.488 -13.017 -14.666 -14.19 -13.67 -13.296 -12.947 -14.214 -13.769 -13.43 -13.265 -13.456 -13.744 -13.987 -13.518 -12.258 -11.702 -11.063 -13.832
0.02899 -15.734 -15.403 -15.235 -14.738 -14.347 -13.938 -15.081 -14.679 -14.344 -13.927 -13.518 -13.049 -14.69 -14.217 -13.7 -13.327 -12.979 -14.238 -13.794 -13.455 -13.286 -13.464 -13.772 -14.015 -13.548 -12.291 -11.736 -11.098 -13.86
0.029867 -15.736 -15.416 -15.252 -14.761 -14.373 -13.966 -15.097 -14.703 -14.369 -13.955 -13.548 -13.08 -14.713 -14.243 -13.729 -13.357 -13.011 -14.261 -13.819 -13.479 -13.307 -13.474 -13.801 -14.043 -13.578 -12.324 -11.77 -11.132 -13.888
0.03077 -15.737 -15.429 -15.267 -14.784 -14.399 -13.994 -15.112 -14.726 -14.395 -13.983 -13.578 -13.111 -14.736 -14.27 -13.758 -13.388 -13.042 -14.285 -13.844 -13.504 -13.328 -13.483 -13.829 -14.07 -13.607 -12.357 -11.804 -11.167 -13.916
0.031701 -15.738 -15.441 -15.282 -14.805 -14.424 -14.022 -15.127 -14.748 -14.42 -14.011 -13.607 -13.142 -14.759 -14.296 -13.787 -13.418 -13.073 -14.308 -13.868 -13.529 -13.349 -13.494 -13.857 -14.097 -13.636 -12.39 -11.837 -11.201 -13.943
0.032659 -15.737 -15.452 -15.296 -14.827 -14.449 -14.049 -15.14 -14.77 -14.445 -14.038 -13.636 -13.173 -14.78 -14.321 -13.815 -13.448 -13.105 -14.332 -13.893 -13.553 -13.371 -13.504 -13.885 -14.124 -13.665 -12.422 -11.871 -11.236 -13.97
0.033647 -15.737 -15.462 -15.309 -14.848 -14.473 -14.076 -15.153 -14.792 -14.469 -14.066 -13.665 -13.204 -14.802 -14.346 -13.843 -13.478 -13.135 -14.354 -13.918 -13.578 -13.393 -13.515 -13.912 -14.15 -13.694 -12.455 -11.904 -11.27 -13.997
0.034665 -15.735 -15.472 -15.321 -14.868 -14.497 -14.103 -15.166 -14.813 -14.493 -14.092 -13.694 -13.234 -14.823 -14.371 -13.871 -13.507 -13.166 -14.377 -13.942 -13.603 -13.415 -13.527 -13.939 -14.176 -13.723 -12.487 -11.938 -11.304 -14.023
0.035713 -15.733 -15.48 -15.333 -14.888 -14.521 -14.13 -15.177 -14.833 -14.517 -14.119 -13.722 -13.264 -14.843 -14.396 -13.899 -13.536 -13.197 -14.399 -13.967 -13.627 -13.437 -13.539 -13.966 -14.202 -13.751 -12.519 -11.971 -11.338 -14.049
0.036793 -15.73 -15.488 -15.344 -14.907 -14.544 -14.156 -15.188 -14.853 -14.54 -14.145 -13.751 -13.294 -14.863 -14.42 -13.926 -13.565 -13.227 -14.422 -13.991 -13.652 -13.459 -13.551 -13.993 -14.228 -13.779 -12.552 -12.004 -11.372 -14.075
0.037906 -15.726 -15.495 -15.354 -14.926 -14.566 -14.181 -15.198 -14.872 -14.563 -14.171 -13.778 -13.324 -14.882 -14.444 -13.953 -13.594 -13.257 -14.443 -14.015 -13.677 -13.481 -13.564 -14.019 -14.253 -13.807 -12.583 -12.037 -11.406 -14.1
0.039052 -15.721 -15.5 -15.363 -14.944 -14.589 -14.207 -15.207 -14.891 -14.585 -14.196 -13.806 -13.354 -14.901 -14.467 -13.98 -13.623 -13.287 -14.465 -14.039 -13.701 -13.503 -13.577 -14.045 -14.277 -13.834 -12.615 -12.07 -11.44 -14.125
0.040234 -15.715 -15.505 -15.371 -14.962 -14.61 -14.232 -15.215 -14.909 -14.607 -14.221 -13.833 -13.383 -14.919 -14.49 -14.007 -13.651 -13.316 -14.486 -14.063 -13.726 -13.526 -13.591 -14.07 -14.301 -13.861 -12.647 -12.103 -11.473 -14.15
0.04145 -15.708 -15.509 -15.378 -14.978 -14.632 -14.256 -15.223 -14.927 -14.628 -14.246 -13.86 -13.412 -14.937 -14.512 -14.033 -13.679 -13.346 -14.507 -14.086 -13.75 -13.548 -13.604 -14.095 -14.325 -13.888 -12.678 -12.135 -11.507 -14.174
0.042704 -15.7 -15.511 -15.385 -14.995 -14.652 -14.28 -15.229 -14.944 -14.649 -14.27 -13.887 -13.441 -14.954 -14.534 -14.058 -13.707 -13.375 -14.528 -14.11 -13.774 -13.571 -13.619 -14.12 -14.349 -13.915 -12.71 -12.168 -11.54 -14.198
0.043996 -15.692 -15.513 -15.39 -15.01 -14.673 -14.304 -15.235 -14.96 -14.669 -14.294 -13.913 -13.469 -14.97 -14.555 -14.084 -13.734 -13.404 -14.548 -14.133 -13.798 -13.593 -13.633 -14.144 -14.372 -13.941 -12.741 -12.2 -11.573 -14.221
0.045326 -15.682 -15.513 -15.394 -15.025 -14.692 -14.328 -15.239 -14.976 -14.689 -14.317 -13.939 -13.498 -14.986 -14.576 -14.109 -13.761 -13.432 -14.567 -14.155 -13.822 -13.616 -13.648 -14.168 -14.394 -13.967 -12.772 -12.232 -11.607 -14.244
0.046697 -15.67 -15.512 -15.398 -15.039 -14.712 -14.351 -15.243 -14.991 -14.708 -14.34 -13.965 -13.526 -15.001 -14.597 -14.133 -13.788 -13.461 -14.587 -14.178 -13.846 -13.638 -13.663 -14.192 -14.416 -13.992 -12.802 -12.264 -11.64 -14.267
0.048109 -15.658 -15.51 -15.4 -15.053 -14.73 -14.373 -15.246 -15.005 -14.726 -14.363 -13.99 -13.553 -15.015 -14.617 -14.158 -13.815 -13.489 -14.606 -14.2 -13.869 -13.661 -13.678 -14.215 -14.438 -14.017 -12.833 -12.296 -11.673 -14.289
0.049564 -15.644 -15.506 -15.401 -15.065 -14.748 -14.395 -15.247 -15.019 -14.744 -14.385 -14.015 -13.581 -15.028 -14.636 -14.182 -13.841 -13.517 -14.624 -14.222 -13.893 -13.683 -13.694 -14.238 -14.459 -14.042 -12.863 -12.328 -11.706 -14.311
0.051063 -15.629 -15.501 -15.401 -15.077 -14.766 -14.417 -15.248 -15.032 -14.762 -14.407 -14.039 -13.608 -15.041 -14.655 -14.205 -13.867 -13.544 -14.642 -14.244 -13.916 -13.706 -13.709 -14.26 -14.479 -14.066 -12.893 -12.359 -11.738 -14.332
0.052608 -15.613 -15.495 -15.399 -15.088 -14.782 -14.438 -15.247 -15.044 -14.779 -14.428 -14.064 -13.635 -15.053 -14.673 -14.228 -13.892 -13.572 -14.659 -14.265 -13.939 -13.728 -13.725 -14.282 -14.5 -14.09 -12.923 -12.39 -11.771 -14.352
0.054199 -15.595 -15.487 -15.397 -15.098 -14.798 -14.459 -15.246 -15.055 -14.795 -14.448 -14.087 -13.662 -15.064 -14.691 -14.251 -13.917 -13.599 -14.676 -14.286 -13.962 -13.75 -13.742 -14.303 -14.519 -14.114 -12.953 -12.422 -11.803 -14.373
0.055838 -15.575 -15.478 -15.393 -15.107 -14.814 -14.479 -15.243 -15.065 -14.81 -14.469 -14.111 -13.688 -15.074 -14.708 -14.273 -13.942 -13.625 -14.693 -14.306 -13.984 -13.772 -13.758 -14.324 -14.538 -14.137 -12.982 -12.453 -11.836 -14.392
0.057527 -15.554 -15.468 -15.388 -15.116 -14.829 -14.498 -15.239 -15.075 -14.825 -14.488 -14.134 -13.714 -15.083 -14.724 -14.295 -13.967 -13.652 -14.709 -14.327 -14.006 -13.794 -13.774 -14.344 -14.557 -14.16 -13.012 -12.484 -11.868 -14.411
0.059267 -15.531 -15.455 -15.381 -15.123 -14.843 -14.517 -15.234 -15.083 -14.839 -14.507 -14.156 -13.739 -15.092 -14.74 -14.316 -13.991 -13.678 -14.724 -14.346 -14.028 -13.816 -13.791 -14.364 -14.575 -14.182 -13.041 -12.514 -11.9 -14.43
0.061059 -15.507 -15.441 -15.373 -15.13 -14.856 -14.536 -15.227 -15.091 -14.852 -14.526 -14.178 -13.765 -15.099 -14.755 -14.337 -14.014 -13.704 -14.739 -14.366 -14.05 -13.838 -13.808 -14.383 -14.592 -14.204 -13.07 -12.545 -11.932 -14.448
0.062906 -15.481 -15.426 -15.363 -15.135 -14.868 -14.554 -15.22 -15.097 -14.865 -14.544 -14.2 -13.79 -15.106 -14.769 -14.357 -14.037 -13.729 -14.753 -14.385 -14.071 -13.859 -13.824 -14.402 -14.608 -14.225 -13.098 -12.575 -11.964 -14.466
0.064808 -15.452 -15.408 -15.352 -15.139 -14.88 -14.571 -15.211 -15.103 -14.877 -14.561 -14.221 -13.814 -15.111 -14.783 -14.376 -14.06 -13.754 -14.766 -14.403 -14.092 -13.881 -13.841 -14.42 -14.624 -14.246 -13.126 -12.605 -11.995 -14.482
0.066769 -15.422 -15.389 -15.34 -15.143 -14.891 -14.588 -15.2 -15.108 -14.887 -14.578 -14.242 -13.838 -15.116 -14.796 -14.396 -14.083 -13.779 -14.779 -14.421 -14.113 -13.902 -13.858 -14.438 -14.64 -14.266 -13.155 -12.635 -12.027 -14.499
0.068788 -15.391 -15.368 -15.326 -15.145 -14.901 -14.604 -15.189 -15.111 -14.898 -14.594 -14.262 -13.862 -15.119 -14.808 -14.414 -14.105 -13.803 -14.791 -14.438 -14.133 -13.923 -13.875 -14.455 -14.655 -14.286 -13.182 -12.665 -12.058 -14.514
0.070868 -15.357 -15.345 -15.31 -15.146 -14.91 -14.619 -15.176 -15.114 -14.907 -14.609 -14.281 -13.886 -15.121 -14.819 -14.432 -14.126 -13.827 -14.802 -14.455 -14.153 -13.943 -13.892 -14.471 -14.668 -14.306 -13.21 -12.694 -12.089 -14.529
0.073012 -15.32 -15.32 -15.292 -15.146 -14.919 -14.634 -15.161 -15.115 -14.915 -14.624 -14.301 -13.909 -15.123 -14.829 -14.45 -14.147 -13.851 -14.813 -14.472 -14.173 -13.964 -13.909 -14.487 -14.682 -14.325 -13.237 -12.724 -12.12 -14.544
0.07522 -15.282 -15.293 -15.273 -15.145 -14.926 -14.648 -15.146 -15.115 -14.923 -14.638 -14.319 -13.931 -15.123 -14.839 -14.467 -14.168 -13.874 -14.822 -14.488 -14.192 -13.984 -13.926 -14.502 -14.694 -14.343 -13.264 -12.753 -12.151 -14.557
0.077495 -15.241 -15.263 -15.252 -15.142 -14.933 -14.661 -15.128 -15.114 -14.929 -14.652 -14.337 -13.953 -15.121 -14.848 -14.483 -14.188 -13.897 -14.831 -14.503 -14.211 -14.004 -13.942 -14.517 -14.706 -14.361 -13.291 -12.782 -12.182 -14.57
0.079839 -15.199 -15.232 -15.229 -15.138 -14.938 -14.673 -15.11 -15.112 -14.935 -14.664 -14.355 -13.975 -15.119 -14.856 -14.498 -14.207 -13.919 -14.839 -14.518 -14.229 -14.023 -13.959 -14.53 -14.717 -14.378 -13.318 -12.811 -12.212 -14.582
0.082253 -15.153 -15.198 -15.204 -15.133 -14.943 -14.685 -15.089 -15.108 -14.939 -14.676 -14.371 -13.997 -15.115 -14.863 -14.513 -14.226 -13.941 -14.847 -14.532 -14.247 -14.042 -13.976 -14.544 -14.727 -14.394 -13.344 -12.839 -12.243 -14.594
0.084741 -15.106 -15.162 -15.177 -15.126 -14.946 -14.696 -15.068 -15.104 -14.943 -14.687 -14.388 -14.017 -15.11 -14.869 -14.528 -14.245 -13.963 -14.853 -14.545 -14.264 -14.061 -13.992 -14.556 -14.736 -14.41 -13.37 -12.867 -12.273 -14.604
0.087304 -15.055 -15.123 -15.148 -15.118 -14.948 -14.706 -15.045 -15.097 -14.945 -14.697 -14.403 -14.038 -15.103 -14.874 -14.541 -14.263 -13.984 -14.859 -14.558 -14.281 -14.08 -14.009 -14.568 -14.745 -14.425 -13.395 -12.895 -12.303 -14.614
0.089944 -15.002 -15.082 -15.117 -15.109 -14.95 -14.715 -15.02 -15.09 -14.946 -14.707 -14.418 -14.058 -15.095 -14.878 -14.554 -14.28 -14.004 -14.863 -14.57 -14.298 -14.098 -14.025 -14.578 -14.752 -14.44 -13.42 -12.923 -12.333 -14.623
0.092665 -14.947 -15.038 -15.084 -15.097 -14.95 -14.724 -14.993 -15.08 -14.946 -14.715 -14.433 -14.077 -15.086 -14.88 -14.566 -14.297 -14.024 -14.867 -14.581 -14.314 -14.116 -14.041 -14.589 -14.759 -14.454 -13.445 -12.951 -12.363 -14.632
0.095467 -14.888 -14.992 -15.049 -15.085 -14.949 -14.731 -14.965 -15.07 -14.945 -14.723 -14.446 -14.096 -15.075 -14.882 -14.577 -14.313 -14.044 -14.869 -14.592 -14.329 -14.133 -14.057 -14.598 -14.765 -14.467 -13.47 -12.978 -12.392 -14.639
0.098355 -14.827 -14.943 -15.011 -15.07 -14.946 -14.738 -14.936 -15.057 -14.943 -14.73 -14.459 -14.114 -15.062 -14.883 -14.588 -14.328 -14.063 -14.871 -14.602 -14.344 -14.15 -14.072 -14.606 -14.77 -14.48 -13.494 -13.005 -12.422 -14.646
0.101329 -14.763 -14.891 -14.971 -15.054 -14.942 -14.744 -14.905 -15.044 -14.939 -14.735 -14.471 -14.132 -15.048 -14.883 -14.598 -14.343 -14.082 -14.871 -14.611 -14.358 -14.166 -14.087 -14.614 -14.773 -14.491 -13.518 -13.032 -12.451 -14.651
0.104394 -14.696 -14.836 -14.929 -15.037 -14.938 -14.748 -14.872 -15.028 -14.934 -14.74 -14.483 -14.149 -15.032 -14.881 -14.607 -14.358 -14.1 -14.87 -14.62 -14.371 -14.182 -14.103 -14.62 -14.776 -14.502 -13.542 -13.058 -12.48 -14.656
0.107551 -14.626 -14.779 -14.884 -15.017 -14.931 -14.752 -14.837 -15.011 -14.928 -14.744 -14.493 -14.166 -15.015 -14.878 -14.615 -14.371 -14.117 -14.869 -14.627 -14.384 -14.198 -14.117 -14.626 -14.778 -14.513 -13.565 -13.085 -12.509 -14.66
0.110804 -14.552 -14.718 -14.837 -14.996 -14.924 -14.754 -14.801 -14.992 -14.92 -14.747 -14.503 -14.182 -14.995 -14.874 -14.622 -14.384 -14.134 -14.865 -14.634 -14.396 -14.213 -14.132 -14.631 -14.778 -14.522 -13.588 -13.111 -12.537 -14.662
0.114155 -14.476 -14.654 -14.787 -14.972 -14.914 -14.756 -14.764 -14.971 -14.911 -14.748 -14.512 -14.198 -14.974 -14.869 -14.628 -14.396 -14.151 -14.861 -14.639 -14.408 -14.227 -14.146 -14.635 -14.777 -14.531 -13.61 -13.137 -12.566 -14.664
0.117608 -14.396 -14.587 -14.734 -14.947 -14.904 -14.756 -14.724 -14.948 -14.901 -14.749 -14.52 -14.212 -14.951 -14.862 -14.633 -14.408 -14.167 -14.856 -14.644 -14.419 -14.241 -14.16 -14.638 -14.776 -14.538 -13.632 -13.162 -12.594 -14.665
0.121165 -14.313 -14.516 -14.679 -14.92 -14.892 -14.756 -14.683 -14.923 -14.889 -14.748 -14.528 -14.227 -14.925 -14.854 -14.638 -14.418 -14.182 -14.849 -14.648 -14.429 -14.254 -14.173 -14.64 -14.773 -14.545 -13.654 -13.187 -12.622 -14.665
0.124829 -14.226 -14.442 -14.62 -14.89 -14.878 -14.754 -14.64 -14.897 -14.875 -14.747 -14.534 -14.24 -14.898 -14.844 -14.641 -14.428 -14.196 -14.84 -14.651 -14.438 -14.267 -14.186 -14.641 -14.768 -14.551 -13.675 -13.212 -12.65 -14.663
0.128605 -14.136 -14.365 -14.559 -14.858 -14.863 -14.75 -14.595 -14.868 -14.86 -14.744 -14.54 -14.253 -14.869 -14.833 -14.643 -14.437 -14.21 -14.831 -14.653 -14.447 -14.279 -14.199 -14.64 -14.763 -14.556 -13.696 -13.237 -12.678 -14.661
0.132494 -14.042 -14.284 -14.495 -14.825 -14.845 -14.746 -14.549 -14.837 -14.843 -14.739 -14.544 -14.265 -14.837 -14.82 -14.644 -14.445 -14.224 -14.82 -14.654 -14.455 -14.291 -14.211 -14.639 -14.756 -14.56 -13.717 -13.261 -12.705 -14.657
0.136502 -13.945 -14.199 -14.429 -14.788 -14.827 -14.74 -14.501 -14.804 -14.824 -14.734 -14.548 -14.277 -14.804 -14.806 -14.644 -14.453 -14.236 -14.807 -14.654 -14.462 -14.302 -14.223 -14.637 -14.748 -14.563 -13.737 -13.285 -12.732 -14.653
0.14063 -13.844 -14.11 -14.358 -14.75 -14.806 -14.733 -14.451 -14.768 -14.804 -14.727 -14.55 -14.287 -14.768 -14.79 -14.643 -14.459 -14.248 -14.793 -14.652 -14.468 -14.312 -14.234 -14.633 -14.738 -14.565 -13.756 -13.309 -12.759 -14.647
0.144883 -13.74 -14.018 -14.285 -14.709 -14.784 -14.725 -14.4 -14.731 -14.781 -14.719 -14.552 -14.297 -14.729 -14.773 -14.641 -14.465 -14.259 -14.777 -14.65 -14.473 -14.321 -14.244 -14.628 -14.727 -14.566 -13.775 -13.332 -12.786 -14.639
0.149265 -13.631 -13.921 -14.209 -14.665 -14.759 -14.715 -14.346 -14.691 -14.757 -14.709 -14.552 -14.306 -14.688 -14.753 -14.637 -14.469 -14.27 -14.76 -14.646 -14.478 -14.33 -14.255 -14.622 -14.715 -14.566 -13.794 -13.355 -12.813 -14.631
0.15378 -13.519 -13.821 -14.129 -14.619 -14.733 -14.703 -14.291 -14.648 -14.731 -14.698 -14.552 -14.315 -14.645 -14.732 -14.632 -14.473 -14.279 -14.741 -14.641 -14.481 -14.338 -14.264 -14.615 -14.701 -14.565 -13.812 -13.377 -12.839 -14.621
0.15843 -13.403 -13.716 -14.046 -14.57 -14.705 -14.69 -14.234 -14.603 -14.703 -14.685 -14.55 -14.322 -14.599 -14.709 -14.626 -14.475 -14.288 -14.72 -14.635 -14.483 -14.345 -14.273 -14.606 -14.685 -14.562 -13.829 -13.4 -12.865 -14.61
0.163222 -13.282 -13.607 -13.959 -14.519 -14.674 -14.676 -14.176 -14.555 -14.673 -14.671 -14.547 -14.329 -14.55 -14.685 -14.619 -14.477 -14.296 -14.697 -14.627 -14.485 -14.351 -14.281 -14.596 -14.668 -14.558 -13.846 -13.421 -12.891 -14.598
0.168159 -13.158 -13.493 -13.869 -14.464 -14.641 -14.659 -14.115 -14.504 -14.64 -14.655 -14.543 -14.335 -14.499 -14.658 -14.61 -14.477 -14.303 -14.673 -14.618 -14.485 -14.357 -14.289 -14.585 -14.649 -14.553 -13.863 -13.443 -12.916 -14.584
0.173245 -13.03 -13.375 -13.775 -14.407 -14.606 -14.641 -14.053 -14.451 -14.605 -14.637 -14.537 -14.339 -14.444 -14.629 -14.6 -14.477 -14.309 -14.646 -14.608 -14.484 -14.361 -14.296 -14.572 -14.628 -14.547 -13.879 -13.464 -12.941 -14.569
0.178484 -12.897 -13.252 -13.677 -14.346 -14.569 -14.621 -13.988 -14.394 -14.568 -14.618 -14.53 -14.343 -14.387 -14.598 -14.588 -14.475 -14.314 -14.618 -14.596 -14.482 -14.365 -14.302 -14.558 -14.605 -14.539 -13.894 -13.485 -12.966 -14.552
0.183882 -12.761 -13.124 -13.576 -14.283 -14.529 -14.6 -13.922 -14.335 -14.529 -14.597 -14.522 -14.346 -14.327 -14.565 -14.575 -14.472 -14.319 -14.587 -14.582 -14.479 -14.368 -14.307 -14.542 -14.581 -14.53 -13.909 -13.505 -12.991 -14.534
0.189444 -12.62 -12.991 -13.471 -14.216 -14.487 -14.576 -13.854 -14.272 -14.487 -14.574 -14.513 -14.348 -14.263 -14.529 -14.56 -14.467 -14.322 -14.554 -14.567 -14.475 -14.369 -14.312 -14.525 -14.554 -14.52 -13.923 -13.524 -13.015 -14.514
0.195173 -12.475 -12.853 -13.361 -14.146 -14.442 -14.551 -13.785 -14.207 -14.442 -14.549 -14.502 -14.348 -14.196 -14.492 -14.543 -14.462 -14.324 -14.519 -14.551 -14.469 -14.37 -14.316 -14.506 -14.526 -14.508 -13.936 -13.544 -13.039 -14.492
0.201076 -12.326 -12.71 -13.248 -14.072 -14.395 -14.523 -13.713 -14.138 -14.395 -14.522 -14.489 -14.348 -14.126 -14.452 -14.524 -14.455 -14.325 -14.482 -14.532 -14.462 -14.37 -14.319 -14.485 -14.496 -14.495 -13.949 -13.563 -13.063 -14.469
0.207158 -12.173 -12.562 -13.13 -13.995 -14.345 -14.494 -13.639 -14.065 -14.346 -14.493 -14.475 -14.346 -14.052 -14.409 -14.504 -14.446 -14.325 -14.442 -14.512 -14.454 -14.368 -14.321 -14.462 -14.463 -14.48 -13.961 -13.581 -13.087 -14.445
0.213423 -12.016 -12.408 -13.008 -13.914 -14.292 -14.462 -13.563 -13.989 -14.293 -14.461 -14.459 -14.343 -13.975 -14.364 -14.482 -14.436 -14.324 -14.4 -14.49 -14.444 -14.365 -14.322 -14.438 -14.428 -14.463 -13.972 -13.599 -13.11 -14.418
0.219878 -11.854 -12.248 -12.882 -13.829 -14.236 -14.428 -13.485 -13.91 -14.237 -14.428 -14.442 -14.339 -13.894 -14.316 -14.458 -14.425 -14.322 -14.356 -14.466 -14.433 -14.361 -14.322 -14.412 -14.391 -14.444 -13.982 -13.616 -13.132 -14.39
0.226528 -11.689 -12.083 -12.751 -13.741 -14.176 -14.391 -13.405 -13.826 -14.179 -14.392 -14.422 -14.334 -13.809 -14.265 -14.432 -14.412 -14.318 -14.308 -14.441 -14.42 -14.356 -14.321 -14.384 -14.352 -14.424 -13.992 -13.633 -13.155 -14.36
0.233379 -11.52 -11.911 -12.615 -13.648 -14.114 -14.352 -13.323 -13.739 -14.117 -14.353 -14.401 -14.327 -13.72 -14.211 -14.404 -14.397 -14.313 -14.258 -14.413 -14.406 -14.35 -14.318 -14.355 -14.31 -14.402 -14.001 -13.649 -13.176 -14.328
0.240437 -11.348 -11.733 -12.475 -13.551 -14.049 -14.311 -13.238 -13.647 -14.052 -14.312 -14.378 -14.319 -13.627 -14.155 -14.374 -14.381 -14.307 -14.206 -14.382 -14.39 -14.342 -14.315 -14.323 -14.266 -14.378 -14.009 -13.664 -13.198 -14.294
0.247709 -11.172 -11.549 -12.33 -13.45 -13.98 -14.266 -13.151 -13.552 -13.983 -14.269 -14.353 -14.309 -13.53 -14.095 -14.341 -14.363 -14.3 -14.15 -14.35 -14.372 -14.332 -14.311 -14.289 -14.219 -14.352 -14.016 -13.679 -13.219 -14.258
0.255201 -10.992 -11.358 -12.18 -13.344 -13.907 -14.219 -13.062 -13.452 -13.912 -14.223 -14.327 -14.298 -13.428 -14.032 -14.306 -14.343 -14.29 -14.091 -14.316 -14.352 -14.321 -14.305 -14.253 -14.169 -14.324 -14.022 -13.693 -13.24 -14.22
0.262919 -10.811 -11.16 -12.024 -13.233 -13.831 -14.169 -12.971 -13.348 -13.836 -14.174 -14.297 -14.286 -13.321 -13.966 -14.269 -14.321 -14.28 -14.029 -14.279 -14.331 -14.309 -14.298 -14.214 -14.116 -14.293 -14.027 -13.707 -13.26 -14.181
0.270871 -10.626 -10.955 -11.864 -13.118 -13.751 -14.117 -12.877 -13.238 -13.757 -14.122 -14.266 -14.271 -13.21 -13.896 -14.229 -14.297 -14.268 -13.964 -14.239 -14.307 -14.295 -14.289 -14.173 -14.061 -14.261 -14.031 -13.72 -13.28 -14.138
0.279064 -10.441 -10.743 -11.698 -12.998 -13.667 -14.061 -12.78 -13.125 -13.674 -14.067 -14.233 -14.255 -13.094 -13.823 -14.186 -14.271 -14.254 -13.895 -14.197 -14.282 -14.279 -14.28 -14.13 -14.002 -14.226 -14.034 -13.732 -13.299 -14.094
0.287504 -10.254 -10.524 -11.527 -12.872 -13.579 -14.002 -12.681 -13.006 -13.587 -14.009 -14.197 -14.237 -12.973 -13.746 -14.141 -14.243 -14.238 -13.823 -14.152 -14.254 -14.262 -14.268 -14.085 -13.941 -14.189 -14.036 -13.743 -13.318 -14.048
0.296199 -10.066 -10.297 -11.351 -12.742 -13.487 -13.939 -12.579 -12.882 -13.495 -13.947 -14.158 -14.217 -12.847 -13.666 -14.093 -14.213 -14.221 -13.748 -14.104 -14.224 -14.242 -14.255 -14.037 -13.876 -14.149 -14.037 -13.753 -13.336 -13.999
0.305157 -9.88 -10.062 -11.169 -12.605 -13.39 -13.873 -12.474 -12.753 -13.4 -13.883 -14.117 -14.196 -12.715 -13.581 -14.042 -14.18 -14.201 -13.668 -14.054 -14.192 -14.221 -14.241 -13.986 -13.808 -14.107 -14.037 -13.763 -13.353 -13.947
0.314387 -9.695 -9.819 -10.981 -12.463 -13.289 -13.804 -12.367 -12.618 -13.3 -13.814 -14.074 -14.172 -12.578 -13.492 -13.987 -14.145 -14.18 -13.585 -14.0 -14.158 -14.197 -14.225 -13.933 -13.736 -14.061 -14.035 -13.772 -13.37 -13.894
0.323895 -9.512 -9.567 -10.787 -12.315 -13.184 -13.73 -12.256 -12.477 -13.195 -13.742 -14.028 -14.146 -12.434 -13.399 -13.93 -14.107 -14.157 -13.498 -13.944 -14.121 -14.172 -14.207 -13.876 -13.661 -14.014 -14.032 -13.78 -13.387 -13.837
0.333691 -9.334 -9.307 -10.588 -12.161 -13.073 -13.653 -12.142 -12.331 -13.086 -13.666 -13.978 -14.118 -12.285 -13.302 -13.869 -14.067 -14.131 -13.407 -13.884 -14.081 -14.144 -14.187 -13.817 -13.582 -13.963 -14.028 -13.787 -13.403 -13.779
0.343783 -9.161 -9.037 -10.382 -12.001 -12.957 -13.572 -12.025 -12.179 -12.971 -13.587 -13.926 -14.088 -12.129 -13.2 -13.805 -14.023 -14.104 -13.311 -13.82 -14.038 -14.115 -14.165 -13.755 -13.499 -13.909 -14.022 -13.793 -13.418 -13.717
0.354181 -8.995 -8.759 -10.171 -11.834 -12.836 -13.486 -11.905 -12.02 -12.852 -13.503 -13.871 -14.056 -11.967 -13.093 -13.737 -13.977 -14.074 -13.211 -13.754 -13.993 -14.082 -14.141 -13.69 -13.412 -13.852 -14.015 -13.797 -13.432 -13.653
0.364893 -8.836 -8.471 -9.954 -11.66 -12.71 -13.397 -11.782 -11.854 -12.727 -13.415 -13.812 -14.02 -11.798 -12.981 -13.666 -13.928 -14.041 -13.107 -13.683 -13.945 -14.048 -14.116 -13.621 -13.321 -13.792 -14.006 -13.801 -13.446 -13.586
0.375929 -8.686 -8.174 -9.73 -11.479 -12.578 -13.302 -11.655 -11.682 -12.597 -13.322 -13.751 -13.983 -11.623 -12.864 -13.59 -13.876 -14.007 -12.998 -13.609 -13.894 -14.01 -14.088 -13.549 -13.226 -13.728 -13.996 -13.804 -13.459 -13.517
0.387298 -8.547 -7.867 -9.501 -11.291 -12.44 -13.203 -11.524 -11.503 -12.461 -13.225 -13.685 -13.943 -11.44 -12.742 -13.511 -13.821 -13.969 -12.884 -13.531 -13.839 -13.971 -14.057 -13.474 -13.127 -13.661 -13.984 -13.806 -13.472 -13.444
0.399012 -8.417 -7.551 -9.265 -11.096 -12.296 -13.1 -11.389 -11.317 -12.319 -13.123 -13.617 -13.9 -11.249 -12.615 -13.427 -13.762 -13.929 -12.765 -13.449 -13.782 -13.928 -14.025 -13.396 -13.023 -13.59 -13.97 -13.806 -13.483 -13.369
0.41108 -8.298 -7.224 -9.023 -10.892 -12.146 -12.991 -11.251 -11.123 -12.171 -13.016 -13.544 -13.854 -11.051 -12.482 -13.339 -13.7 -13.886 -12.641 -13.362 -13.721 -13.882 -13.99 -13.313 -12.914 -13.516 -13.955 -13.805 -13.494 -13.291
0.423513 -8.19 -6.887 -8.775 -10.681 -11.99 -12.877 -11.109 -10.921 -12.017 -12.904 -13.468 -13.805 -10.845 -12.343 -13.247 -13.635 -13.841 -12.513 -13.272 -13.656 -13.834 -13.952 -13.227 -12.8 -13.437 -13.937 -13.803 -13.504 -13.21
0.436321 -8.091 -6.541 -8.521 -10.461 -11.827 -12.757 -10.963 -10.711 -11.856 -12.787 -13.388 -13.753 -10.63 -12.198 -13.15 -13.565 -13.792 -12.379 -13.176 -13.588 -13.782 -13.912 -13.137 -12.682 -13.355 -13.918 -13.8 -13.513 -13.125
0.449518 -8.002 -6.186 -8.261 -10.232 -11.657 -12.632 -10.812 -10.493 -11.689 -12.665 -13.303 -13.698 -10.407 -12.046 -13.048 -13.492 -13.74 -12.239 -13.077 -13.516 -13.727 -13.869 -13.043 -12.558 -13.268 -13.896 -13.795 -13.521 -13.038
0.463113 -7.921 -5.822 -7.996 -9.995 -11.479 -12.501 -10.658 -10.266 -11.514 -12.537 -13.215 -13.64 -10.175 -11.889 -12.941 -13.414 -13.685 -12.095 -12.972 -13.44 -13.669 -13.823 -12.945 -12.429 -13.177 -13.873 -13.789 -13.529 -12.948
0.47712 -7.847 -5.452 -7.724 -9.748 -11.295 -12.364 -10.498 -10.03 -11.333 -12.402 -13.122 -13.579 -9.934 -11.724 -12.829 -13.333 -13.626 -11.944 -12.863 -13.36 -13.607 -13.774 -12.842 -12.294 -13.082 -13.847 -13.781 -13.535 -12.855
0.49155 -7.78 -5.076 -7.447 -9.492 -11.103 -12.221 -10.335 -9.785 -11.144 -12.262 -13.025 -13.513 -9.683 -11.553 -12.711 -13.247 -13.564 -11.789 -12.748 -13.275 -13.542 -13.723 -12.736 -12.154 -12.982 -13.819 -13.772 -13.54 -12.758
0.506416 -7.718 -4.699 -7.164 -9.226 -10.903 -12.071 -10.167 -9.531 -10.947 -12.116 -12.923 -13.445 -9.423 -11.375 -12.588 -13.156 -13.498 -11.628 -12.628 -13.187 -13.473 -13.668 -12.624 -12.007 -12.878 -13.789 -13.761 -13.545 -12.659
0.521733 -7.66 -4.324 -6.875 -8.95 -10.694 -11.915 -9.994 -9.266 -10.743 -11.963 -12.816 -13.372 -9.152 -11.189 -12.459 -13.061 -13.429 -11.462 -12.503 -13.093 -13.4 -13.61 -12.508 -11.855 -12.768 -13.756 -13.748 -13.548 -12.556
0.537512 -7.606 -3.958 -6.581 -8.663 -10.478 -11.751 -9.816 -8.992 -10.531 -11.804 -12.704 -13.295 -8.871 -10.995 -12.324 -12.961 -13.355 -11.29 -12.373 -12.996 -13.323 -13.548 -12.388 -11.696 -12.653 -13.721 -13.734 -13.55 -12.451
0.553769 -7.554 -3.608 -6.282 -8.365 -10.252 -11.581 -9.633 -8.707 -10.31 -11.637 -12.587 -13.215 -8.579 -10.794 -12.183 -12.856 -13.278 -11.114 -12.236 -12.893 -13.242 -13.483 -12.262 -11.531 -12.534 -13.683 -13.718 -13.552 -12.343
0.570517 -7.504 -3.282 -5.977 -8.056 -10.018 -11.403 -9.446 -8.411 -10.08 -11.464 -12.465 -13.13 -8.276 -10.585 -12.036 -12.746 -13.196 -10.933 -12.094 -12.785 -13.157 -13.415 -12.131 -11.36 -12.408 -13.643 -13.7 -13.552 -12.232
0.587772 -7.456 -2.99 -5.667 -7.736 -9.774 -11.218 -9.253 -8.104 -9.842 -11.283 -12.337 -13.041 -7.961 -10.367 -11.882 -12.631 -13.11 -10.747 -11.947 -12.672 -13.067 -13.343 -11.995 -11.181 -12.278 -13.599 -13.68 -13.551 -12.118
0.605549 -7.409 -2.736 -5.351 -7.403 -9.521 -11.024 -9.055 -7.785 -9.594 -11.094 -12.204 -12.948 -7.634 -10.141 -11.722 -12.51 -13.02 -10.558 -11.793 -12.554 -12.973 -13.267 -11.854 -10.996 -12.141 -13.553 -13.658 -13.548 -12.002
0.623863 -7.363 -2.525 -5.03 -7.058 -9.258 -10.823 -8.852 -7.454 -9.337 -10.898 -12.065 -12.85 -7.295 -9.905 -11.554 -12.383 -12.925 -10.366 -11.633 -12.431 -12.874 -13.187 -11.707 -10.803 -11.999 -13.504 -13.635 -13.545 -11.883
0.642731 -7.317 -2.355 -4.703 -6.7 -8.984 -10.613 -8.644 -7.111 -9.07 -10.694 -11.919 -12.747 -6.943 -9.661 -11.379 -12.251 -12.825 -10.172 -11.467 -12.302 -12.77 -13.104 -11.554 -10.603 -11.85 -13.451 -13.609 -13.54 -11.762
0.66217 -7.271 -2.219 -4.37 -6.329 -8.701 -10.394 -8.431 -6.755 -8.793 -10.481 -11.768 -12.639 -6.578 -9.407 -11.197 -12.112 -12.72 -9.977 -11.295 -12.167 -12.661 -13.016 -11.395 -10.395 -11.696 -13.395 -13.581 -13.534 -11.639
0.682197 -7.225 -2.112 -4.031 -5.945 -8.406 -10.167 -8.213 -6.386 -8.506 -10.26 -11.611 -12.527 -6.199 -9.143 -11.007 -11.967 -12.61 -9.783 -11.117 -12.027 -12.547 -12.924 -11.231 -10.179 -11.535 -13.336 -13.551 -13.527 -11.515
0.70283 -7.179 -2.026 -3.685 -5.546 -8.1 -9.93 -7.99 -6.003 -8.209 -10.03 -11.447 -12.409 -5.806 -8.869 -10.809 -11.816 -12.495 -9.59 -10.933 -11.88 -12.428 -12.828 -11.06 -9.955 -11.367 -13.274 -13.518 -13.518 -11.389
0.724086 -7.132 -1.954 -3.333 -5.133 -7.782 -9.683 -7.763 -5.606 -7.9 -9.791 -11.277 -12.286 -5.399 -8.585 -10.602 -11.658 -12.375 -9.401 -10.744 -11.728 -12.304 -12.727 -10.882 -9.723 -11.193 -13.208 -13.483 -13.508 -11.262
0.745986 -7.086 -1.891 -2.973 -4.704 -7.453 -9.427 -7.531 -5.195 -7.58 -9.542 -11.099 -12.157 -4.976 -8.29 -10.387 -11.493 -12.249 -9.218 -10.549 -11.569 -12.174 -12.623 -10.698 -9.482 -11.011 -13.138 -13.446 -13.496 -11.135
0.768548 -7.026 -1.828 -2.794 -4.497 -7.283 -9.286 -7.401 -4.993 -7.414 -9.404 -10.989 -12.066 -4.771 -8.134 -10.262 -11.387 -12.158 -9.108 -10.432 -11.466 -12.081 -12.541 -10.585 -9.347 -10.899 -13.069 -13.389 -13.45 -11.046
0.791792 -6.959 -1.761 -2.727 -4.43 -7.216 -9.219 -7.334 -4.926 -7.347 -9.337 -10.922 -11.999 -4.704 -8.067 -10.196 -11.32 -12.091 -9.041 -10.365 -11.399 -12.014 -12.474 -10.519 -9.28 -10.832 -13.002 -13.322 -13.383 -10.979
0.815739 -6.892 -1.694 -2.659 -4.362 -7.149 -9.151 -7.267 -4.859 -7.28 -9.27 -10.854 -11.931 -4.636 -7.999 -10.128 -11.253 -12.024 -8.974 -10.298 -11.331 -11.947 -12.406 -10.451 -9.213 -10.765 -12.935 -13.255 -13.316 -10.911
0.840411 -6.824 -1.626 -2.592 -4.294 -7.081 -9.083 -7.199 -4.791 -7.212 -9.202 -10.787 -11.864 -4.569 -7.932 -10.06 -11.185 -11.956 -8.906 -10.23 -11.264 -11.879 -12.339 -10.383 -9.145 -10.697 -12.867 -13.187 -13.248 -10.843
0.865828 -6.756 -1.558 -2.523 -4.226 -7.013 -9.015 -7.131 -4.723 -7.144 -9.134 -10.719 -11.795 -4.5 -7.863 -9.992 -11.117 -11.888 -8.838 -10.162 -11.195 -11.811 -12.27 -10.315 -9.077 -10.629 -12.799 -13.119 -13.18 -10.775
0.892015 -6.687 -1.489 -2.455 -4.158 -6.945 -8.947 -7.062 -4.655 -7.076 -9.065 -10.65 -11.727 -4.432 -7.795 -9.924 -11.048 -11.819 -8.77 -10.093 -11.127 -11.743 -12.202 -10.247 -9.008 -10.56 -12.73 -13.051 -13.111 -10.707
0.918993 -6.618 -1.42 -2.386 -4.089 -6.876 -8.878 -6.993 -4.586 -7.007 -8.996 -10.581 -11.658 -4.363 -7.726 -9.855 -10.979 -11.75 -8.701 -10.024 -11.058 -11.674 -12.133 -10.178 -8.939 -10.491 -12.661 -12.982 -13.042 -10.638
0.946787 -6.549 -1.351 -2.316 -4.019 -6.806 -8.808 -6.924 -4.516 -6.937 -8.927 -10.512 -11.588 -4.293 -7.656 -9.785 -10.91 -11.681 -8.631 -9.955 -10.988 -11.604 -12.063 -10.108 -8.87 -10.422 -12.592 -12.912 -12.973 -10.568
0.975422 -6.479 -1.281 -2.247 -3.95 -6.736 -8.739 -6.854 -4.446 -6.867 -8.857 -10.442 -11.519 -4.224 -7.587 -9.715 -10.84 -11.611 -8.561 -9.885 -10.919 -11.534 -11.994 -10.038 -8.8 -10.352 -12.522 -12.842 -12.903 -10.499
1.004923 -6.409 -1.211 -2.177 -3.879 -6.666 -8.668 -6.784 -4.376 -6.797 -8.787 -10.372 -11.449 -4.154 -7.517 -9.645 -10.77 -11.541 -8.491 -9.815 -10.849 -11.464 -11.923 -9.968 -8.73 -10.282 -12.452 -12.772 -12.833 -10.428
1.035317 -6.339 -1.14 -2.106 -3.809 -6.596 -8.598 -6.713 -4.306 -6.727 -8.716 -10.301 -11.378 -4.083 -7.446 -9.575 -10.699 -11.47 -8.421 -9.744 -10.778 -11.394 -11.853 -9.898 -8.659 -10.211 -12.381 -12.702 -12.762 -10.358
1.066629 -6.268 -1.069 -2.035 -3.738 -6.525 -8.527 -6.642 -4.235 -6.656 -8.645 -10.23 -11.307 -4.012 -7.375 -9.504 -10.629 -11.399 -8.35 -9.673 -10.707 -11.323 -11.782 -9.827 -8.588 -10.141 -12.311 -12.631 -12.691 -10.287
1.098888 -6.196 -0.998 -1.964 -3.667 -6.453 -8.456 -6.571 -4.164 -6.584 -8.574 -10.159 -11.236 -3.941 -7.304 -9.433 -10.557 -11.328 -8.278 -9.602 -10.636 -11.252 -11.711 -9.756 -8.517 -10.069 -12.239 -12.56 -12.62 -10.216
1.132124 -6.125 -0.926 -1.892 -3.595 -6.382 -8.384 -6.5 -4.092 -6.513 -8.502 -10.087 -11.164 -3.869 -7.232 -9.361 -10.486 -11.256 -8.207 -9.53 -10.564 -11.18 -11.639 -9.684 -8.446 -9.998 -12.168 -12.488 -12.548 -10.144
1.166364 -6.053 -0.854 -1.82 -3.523 -6.31 -8.312 -6.428 -4.02 -6.441 -8.43 -10.015 -11.092 -3.797 -7.16 -9.289 -10.414 -11.184 -8.135 -9.458 -10.492 -11.108 -11.567 -9.612 -8.374 -9.926 -12.096 -12.416 -12.476 -10.072
1.20164 -5.98 -0.782 -1.748 -3.451 -6.237 -8.24 -6.355 -3.947 -6.368 -8.358 -9.943 -11.02 -3.725 -7.088 -9.217 -10.341 -11.112 -8.062 -9.386 -10.42 -11.036 -11.495 -9.54 -8.301 -9.853 -12.023 -12.344 -12.404 -10.0
1.237983 -5.908 -0.709 -1.675 -3.378 -6.165 -8.167 -6.282 -3.875 -6.296 -8.285 -9.87 -10.947 -3.652 -7.015 -9.144 -10.269 -11.039 -7.99 -9.313 -10.347 -10.963 -11.422 -9.467 -8.228 -9.781 -11.951 -12.271 -12.331 -9.927
1.275425 -5.835 -0.636 -1.602 -3.305 -6.092 -8.094 -6.209 -3.802 -6.223 -8.212 -9.797 -10.874 -3.579 -6.942 -9.071 -10.195 -10.966 -7.917 -9.24 -10.274 -10.89 -11.349 -9.394 -8.155 -9.707 -11.878 -12.198 -12.258 -9.854
1.313999 -5.761 -0.563 -1.529 -3.232 -6.018 -8.021 -6.136 -3.728 -6.149 -8.139 -9.724 -10.801 -3.506 -6.869 -8.997 -10.122 -10.893 -7.843 -9.167 -10.201 -10.816 -11.276 -9.32 -8.082 -9.634 -11.804 -12.124 -12.185 -9.781
1.35374 -5.688 -0.489 -1.455 -3.158 -5.945 -7.947 -6.062 -3.655 -6.076 -8.065 -9.65 -10.727 -3.432 -6.795 -8.924 -10.048 -10.819 -7.77 -9.093 -10.127 -10.743 -11.202 -9.247 -8.008 -9.56 -11.73 -12.051 -12.111 -9.707
1.394683 -5.614 -0.415 -1.381 -3.084 -5.871 -7.873 -5.988 -3.581 -6.002 -7.991 -9.576 -10.653 -3.358 -6.721 -8.85 -9.974 -10.745 -7.696 -9.019 -10.053 -10.669 -11.128 -9.173 -7.934 -9.486 -11.656 -11.977 -12.037 -9.633
1.436864 -5.539 -0.341 -1.307 -3.009 -5.796 -7.798 -5.914 -3.506 -5.927 -7.917 -9.502 -10.579 -3.284 -6.647 -8.775 -9.9 -10.671 -7.621 -8.945 -9.979 -10.594 -11.054 -9.098 -7.86 -9.412 -11.582 -11.902 -11.963 -9.558
1.480321 -5.465 -0.266 -1.232 -2.935 -5.722 -7.724 -5.839 -3.432 -5.853 -7.842 -9.427 -10.504 -3.209 -6.572 -8.701 -9.825 -10.596 -7.547 -8.87 -9.904 -10.52 -10.979 -9.024 -7.785 -9.337 -11.507 -11.828 -11.888 -9.484
1.525092 -5.39 -0.191 -1.157 -2.86 -5.647 -7.649 -5.764 -3.357 -5.778 -7.767 -9.352 -10.429 -3.134 -6.497 -8.626 -9.75 -10.521 -7.472 -8.795 -9.829 -10.445 -10.904 -8.949 -7.71 -9.262 -11.432 -11.753 -11.813 -9.409
1.571218 -5.314 -0.116 -1.082 -2.785 -5.571 -7.574 -5.689 -3.281 -5.702 -7.692 -9.277 -10.354 -3.059 -6.422 -8.55 -9.675 -10.446 -7.396 -8.72 -9.754 -10.369 -10.829 -8.873 -7.635 -9.187 -11.357 -11.677 -11.738 -9.334
1.618738 -5.239 -0.04 -1.006 -2.709 -5.496 -7.498 -5.614 -3.206 -5.627 -7.616 -9.201 -10.278 -2.983 -6.346 -8.475 -9.6 -10.37 -7.321 -8.644 -9.678 -10.294 -10.753 -8.798 -7.56 -9.112 -11.282 -11.602 -11.662 -9.258
1.667696 -5.163 0.036 -0.93 -2.633 -5.42 -7.422 -5.538 -3.13 -5.551 -7.541 -9.125 -10.202 -2.907 -6.27 -8.399 -9.524 -10.295 -7.245 -8.568 -9.602 -10.218 -10.677 -8.722 -7.484 -9.036 -11.206 -11.526 -11.587 -9.182
1.718134 -5.087 0.112 -0.854 -2.557 -5.344 -7.346 -5.462 -3.054 -5.475 -7.464 -9.049 -10.126 -2.831 -6.194 -8.323 -9.448 -10.218 -7.169 -8.492 -9.526 -10.142 -10.601 -8.646 -7.408 -8.96 -11.13 -11.45 -11.51 -9.106
1.770098 -5.01 0.188 -0.778 -2.481 -5.267 -7.27 -5.385 -2.977 -5.398 -7.388 -8.973 -10.05 -2.755 -6.118 -8.247 -9.371 -10.142 -7.092 -8.416 -9.45 -10.065 -10.525 -8.57 -7.331 -8.883 -11.053 -11.373 -11.434 -9.03
1.823633 -4.934 0.265 -0.701 -2.404 -5.191 -7.193 -5.308 -2.901 -5.322 -7.311 -8.896 -9.973 -2.678 -6.041 -8.17 -9.294 -10.065 -7.016 -8.339 -9.373 -9.989 -10.448 -8.493 -7.254 -8.806 -10.977 -11.297 -11.357 -8.953
1.878788 -4.857 0.342 -0.624 -2.327 -5.114 -7.116 -5.231 -2.824 -5.245 -7.234 -8.819 -9.896 -2.601 -5.964 -8.093 -9.218 -9.988 -6.939 -8.262 -9.296 -9.912 -10.371 -8.416 -7.177 -8.73 -10.9 -11.22 -11.28 -8.876
1.93561 -4.779 0.419 -0.547 -2.25 -5.037 -7.039 -5.154 -2.747 -5.168 -7.157 -8.742 -9.819 -2.524 -5.887 -8.016 -9.14 -9.911 -6.862 -8.185 -9.219 -9.835 -10.294 -8.339 -7.1 -8.652 -10.822 -11.143 -11.203 -8.799
1.994152 -4.702 0.496 -0.469 -2.172 -4.959 -6.961 -5.077 -2.669 -5.09 -7.08 -8.665 -9.741 -2.446 -5.809 -7.938 -9.063 -9.834 -6.784 -8.108 -9.141 -9.757 -10.216 -8.261 -7.023 -8.575 -10.745 -11.065 -11.126 -8.721
2.054463 -4.624 0.574 -0.392 -2.095 -4.881 -6.884 -4.999 -2.591 -5.012 -7.002 -8.587 -9.664 -2.369 -5.732 -7.86 -8.985 -9.756 -6.706 -8.03 -9.064 -9.679 -10.139 -8.183 -6.945 -8.497 -10.667 -10.987 -11.048 -8.644
2.116599 -4.546 0.652 -0.314 -2.017 -4.803 -6.806 -4.921 -2.513 -4.934 -6.924 -8.509 -9.586 -2.291 -5.654 -7.782 -8.907 -9.678 -6.628 -7.952 -8.986 -9.601 -10.061 -8.105 -6.867 -8.419 -10.589 -10.909 -10.97 -8.566
2.180614 -4.468 0.73 -0.236 -1.938 -4.725 -6.727 -4.843 -2.435 -4.856 -6.846 -8.431 -9.507 -2.212 -5.576 -7.704 -8.829 -9.6 -6.55 -7.874 -8.908 -9.523 -9.982 -8.027 -6.789 -8.341 -10.511 -10.831 -10.892 -8.487
2.246566 -4.39 0.809 -0.157 -1.86 -4.647 -6.649 -4.764 -2.357 -4.778 -6.767 -8.352 -9.429 -2.134 -5.497 -7.626 -8.75 -9.521 -6.472 -7.795 -8.829 -9.445 -9.904 -7.949 -6.71 -8.262 -10.433 -10.753 -10.813 -8.409
2.314511 -4.311 0.888 -0.078 -1.781 -4.568 -6.57 -4.686 -2.278 -4.699 -6.689 -8.273 -9.35 -2.055 -5.418 -7.547 -8.672 -9.443 -6.393 -7.716 -8.75 -9.366 -9.825 -7.87 -6.632 -8.184 -10.354 -10.674 -10.735 -8.33
2.384512 -4.232 0.966 0.001 -1.702 -4.489 -6.491 -4.607 -2.199 -4.62 -6.61 -8.195 -9.271 -1.976 -5.339 -7.468 -8.593 -9.364 -6.314 -7.638 -8.671 -9.287 -9.746 -7.791 -6.553 -8.105 -10.275 -10.595 -10.656 -8.251
2.45663 -4.153 1.046 0.08 -1.623 -4.41 -6.412 -4.528 -2.12 -4.541 -6.531 -8.115 -9.192 -1.897 -5.26 -7.389 -8.514 -9.285 -6.235 -7.558 -8.592 -9.208 -9.667 -7.712 -6.474 -8.026 -10.196 -10.516 -10.577 -8.172
2.530929 -4.074 1.125 0.159 -1.544 -4.331 -6.333 -4.448 -2.041 -4.462 -6.451 -8.036 -9.113 -1.818 -5.181 -7.31 -8.434 -9.205 -6.156 -7.479 -8.513 -9.129 -9.588 -7.633 -6.394 -7.946 -10.116 -10.437 -10.497 -8.093
2.607475 -3.994 1.205 0.239 -1.464 -4.251 -6.253 -4.369 -1.961 -4.382 -6.372 -7.956 -9.033 -1.738 -5.101 -7.23 -8.355 -9.126 -6.076 -7.399 -8.433 -9.049 -9.508 -7.553 -6.315 -7.867 -10.037 -10.357 -10.418 -8.013
2.686337 -3.914 1.284 0.318 -1.384 -4.171 -6.173 -4.289 -1.881 -4.302 -6.292 -7.877 -8.954 -1.659 -5.022 -7.15 -8.275 -9.046 -5.996 -7.32 -8.354 -8.969 -9.428 -7.473 -6.235 -7.787 -9.957 -10.277 -10.338 -7.933
2.767583 -3.834 1.364 0.398 -1.304 -4.091 -6.093 -4.209 -1.801 -4.222 -6.212 -7.797 -8.874 -1.579 -4.942 -7.07 -8.195 -8.966 -5.916 -7.24 -8.274 -8.889 -9.348 -7.393 -6.155 -7.707 -9.877 -10.197 -10.258 -7.853
2.851287 -3.754 1.444 0.479 -1.224 -4.011 -6.013 -4.129 -1.721 -4.142 -6.132 -7.716 -8.793 -1.498 -4.861 -6.99 -8.115 -8.886 -5.836 -7.16 -8.193 -8.809 -9.268 -7.313 -6.075 -7.627 -9.797 -10.117 -10.178 -7.773
2.937522 -3.674 1.525 0.559 -1.144 -3.931 -5.933 -4.048 -1.641 -4.062 -6.051 -7.636 -8.713 -1.418 -4.781 -6.91 -8.034 -8.805 -5.756 -7.079 -8.113 -8.729 -9.188 -7.233 -5.994 -7.546 -9.716 -10.037 -10.097 -7.693
3.026365 -3.593 1.605 0.64 -1.063 -3.85 -5.852 -3.968 -1.56 -3.981 -5.971 -7.555 -8.632 -1.337 -4.7 -6.829 -7.954 -8.725 -5.675 -6.999 -8.032 -8.648 -9.107 -7.152 -5.914 -7.466 -9.636 -9.956 -10.017 -7.612
3.117896 -3.512 1.686 0.72 -0.982 -3.769 -5.771 -3.887 -1.479 -3.9 -5.89 -7.475 -8.552 -1.257 -4.62 -6.748 -7.873 -8.644 -5.594 -6.918 -7.952 -8.567 -9.027 -7.071 -5.833 -7.385 -9.555 -9.875 -9.936 -7.531
3.212194 -3.431 1.767 0.801 -0.901 -3.688 -5.69 -3.806 -1.398 -3.819 -5.809 -7.394 -8.471 -1.176 -4.539 -6.667 -7.792 -8.563 -5.513 -6.837 -7.871 -8.486 -8.946 -6.99 -5.752 -7.304 -9.474 -9.794 -9.855 -7.451
3.309345 -3.35 1.848 0.882 -0.82 -3.607 -5.609 -3.725 -1.317 -3.738 -5.728 -7.313 -8.389 -1.094 -4.457 -6.586 -7.711 -8.482 -5.432 -6.756 -7.79 -8.405 -8.864 -6.909 -5.671 -7.223 -9.393 -9.713 -9.774 -7.369
3.409434 -3.269 1.93 0.964 -0.739 -3.526 -5.528 -3.644 -1.236 -3.657 -5.646 -7.231 -8.308 -1.013 -4.376 -6.505 -7.63 -8.4 -5.351 -6.674 -7.708 -8.324 -8.783 -6.828 -5.59 -7.142 -9.312 -9.632 -9.692 -7.288
3.51255 -3.187 2.011 1.045 -0.658 -3.444 -5.446 -3.562 -1.154 -3.575 -5.565 -7.15 -8.227 -0.932 -4.295 -6.423 -7.548 -8.319 -5.269 -6.593 -7.627 -8.242 -8.702 -6.746 -5.508 -7.06 -9.23 -9.55 -9.611 -7.207
3.618785 -3.106 2.093 1.127 -0.576 -3.363 -5.365 -3.48 -1.073 -3.494 -5.483 -7.068 -8.145 -0.85 -4.213 -6.342 -7.466 -8.237 -5.188 -6.511 -7.545 -8.161 -8.62 -6.665 -5.426 -6.978 -9.148 -9.469 -9.529 -7.125
3.728232 -3.024 2.175 1.209 -0.494 -3.281 -5.283 -3.399 -0.991 -3.412 -5.401 -6.986 -8.063 -0.768 -4.131 -6.26 -7.385 -8.155 -5.106 -6.429 -7.463 -8.079 -8.538 -6.583 -5.345 -6.897 -9.067 -9.387 -9.447 -7.043
3.84099 -2.942 2.257 1.291 -0.412 -3.199 -5.201 -3.317 -0.909 -3.33 -5.319 -6.904 -7.981 -0.686 -4.049 -6.178 -7.303 -8.073 -5.024 -6.347 -7.381 -7.997 -8.456 -6.501 -5.263 -6.815 -8.985 -9.305 -9.365 -6.961
3.957158 -2.86 2.339 1.373 -0.33 -3.117 -5.119 -3.234 -0.827 -3.248 -5.237 -6.822 -7.899 -0.604 -3.967 -6.096 -7.22 -7.991 -4.942 -6.265 -7.299 -7.915 -8.374 -6.419 -5.18 -6.732 -8.902 -9.223 -9.283 -6.879
4.07684 -2.777 2.421 1.455 -0.247 -3.034 -5.036 -3.152 -0.744 -3.165 -5.155 -6.74 -7.817 -0.522 -3.885 -6.013 -7.138 -7.909 -4.859 -6.183 -7.217 -7.832 -8.292 -6.336 -5.098 -6.65 -8.82 -9.14 -9.201 -6.796
4.200141 -2.695 2.504 1.538 -0.165 -2.952 -4.954 -3.07 -0.662 -3.083 -5.072 -6.657 -7.734 -0.439 -3.802 -5.931 -7.056 -7.826 -4.777 -6.1 -7.134 -7.75 -8.209 -6.254 -5.016 -6.568 -8.738 -9.058 -9.118 -6.714
4.327172 -2.612 2.586 1.62 -0.082 -2.869 -4.871 -2.987 -0.579 -3.0 -4.99 -6.575 -7.651 -0.356 -3.719 -5.848 -6.973 -7.744 -4.694 -6.018 -7.052 -7.667 -8.126 -6.171 -4.933 -6.485 -8.655 -8.975 -9.036 -6.631
4.458044 -2.529 2.669 1.703 0.0 -2.786 -4.789 -2.904 -0.496 -2.917 -4.907 -6.492 -7.569 -0.274 -3.637 -5.765 -6.89 -7.661 -4.611 -5.935 -6.969 -7.584 -8.044 -6.088 -4.85 -6.402 -8.572 -8.892 -8.953 -6.549
4.592874 -2.446 2.752 1.786 0.083 -2.703 -4.706 -2.821 -0.413 -2.834 -4.824 -6.409 -7.486 -0.191 -3.554 -5.683 -6.807 -7.578 -4.528 -5.852 -6.886 -7.501 -7.961 -6.006 -4.767 -6.319 -8.489 -8.809 -8.87 -6.466
4.731783 -2.363 2.835 1.869 0.166 -2.62 -4.623 -2.738 -0.33 -2.751 -4.741 -6.326 -7.403 -0.108 -3.471 -5.599 -6.724 -7.495 -4.445 -5.769 -6.803 -7.418 -7.878 -5.922 -4.684 -6.236 -8.406 -8.726 -8.787 -6.383
4.874892 -2.28 2.918 1.953 0.25 -2.537 -4.539 -2.655 -0.247 -2.668 -4.658 -6.243 -7.319 -0.024 -3.387 -5.516 -6.641 -7.412 -4.362 -5.686 -6.719 -7.335 -7.794 -5.839 -4.601 -6.153 -8.323 -8.643 -8.704 -6.299
5.02233 -2.197 3.002 2.036 0.333 -2.454 -4.456 -2.571 -0.164 -2.585 -4.574 -6.159 -7.236 0.059 -3.304 -5.433 -6.558 -7.328 -4.279 -5.602 -6.636 -7.252 -7.711 -5.756 -4.517 -6.07 -8.24 -8.56 -8.62 -6.216
5.174227 -2.113 3.085 2.119 0.417 -2.37 -4.372 -2.488 -0.08 -2.501 -4.491 -6.076 -7.153 0.142 -3.221 -5.349 -6.474 -7.245 -4.195 -5.519 -6.553 -7.168 -7.627 -5.672 -4.434 -5.986 -8.156 -8.476 -8.537 -6.132
5.330718 -2.03 3.169 2.203 0.5 -2.287 -4.289 -2.404 0.003 -2.418 -4.407 -5.992 -7.069 0.226 -3.137 -5.266 -6.39 -7.161 -4.112 -5.435 -6.469 -7.085 -7.544 -5.589 -4.35 -5.902 -8.072 -8.393 -8.453 -6.049
5.491942 -1.946 3.253 2.287 0.584 -2.203 -4.205 -2.321 0.087 -2.334 -4.323 -5.908 -6.985 0.31 -3.053 -5.182 -6.307 -7.077 -4.028 -5.351 -6.385 -7.001 -7.46 -5.505 -4.267 -5.819 -7.989 -8.309 -8.37 -5.965
5.658042 -1.862 3.337 2.371 0.668 -2.119 -4.121 -2.237 0.171 -2.25 -4.24 -5.824 -6.901 0.394 -2.969 -5.098 -6.223 -6.994 -3.944 -5.267 -6.301 -6.917 -7.376 -5.421 -4.183 -5.735 -7.905 -8.225 -8.286 -5.881
5.829166 -1.778 3.421 2.455 0.752 -2.035 -4.037 -2.153 0.255 -2.166 -4.156 -5.74 -6.817 0.478 -2.885 -5.014 -6.139 -6.91 -3.86 -5.183 -6.217 -6.833 -7.292 -5.337 -4.099 -5.651 -7.821 -8.141 -8.202 -5.797
6.005465 -1.694 3.505 2.539 0.836 -1.951 -3.953 -2.069 0.339 -2.082 -4.071 -5.656 -6.733 0.562 -2.801 -4.93 -6.055 -6.825 -3.776 -5.099 -6.133 -6.749 -7.208 -5.253 -4.015 -5.567 -7.737 -8.057 -8.117 -5.713
6.187096 -1.609 3.589 2.623 0.92 -1.867 -3.869 -1.984 0.423 -1.998 -3.987 -5.572 -6.649 0.646 -2.717 -4.846 -5.97 -6.741 -3.692 -5.015 -6.049 -6.665 -7.124 -5.169 -3.93 -5.482 -7.652 -7.973 -8.033 -5.629
6.37422 -1.525 3.673 2.707 1.005 -1.782 -3.784 -1.9 0.508 -1.913 -3.903 -5.488 -6.564 0.731 -2.632 -4.761 -5.886 -6.657 -3.607 -4.931 -5.965 -6.58 -7.039 -5.084 -3.846 -5.398 -7.568 -7.888 -7.949 -5.544
6.567004 -1.441 3.758 2.792 1.089 -1.698 -3.7 -1.815 0.592 -1.829 -3.818 -5.403 -6.48 0.815 -2.548 -4.677 -5.801 -6.572 -3.523 -4.846 -5.88 -6.496 -6.955 -5.0 -3.761 -5.313 -7.483 -7.804 -7.864 -5.46
6.765619 -1.356 3.842 2.877 1.174 -1.613 -3.615 -1.731 0.677 -1.744 -3.734 -5.318 -6.395 0.9 -2.463 -4.592 -5.717 -6.488 -3.438 -4.762 -5.795 -6.411 -6.87 -4.915 -3.677 -5.229 -7.399 -7.719 -7.78 -5.375
6.97024 -1.271 3.927 2.961 1.259 -1.528 -3.53 -1.646 0.762 -1.659 -3.649 -5.234 -6.311 0.984 -2.379 -4.507 -5.632 -6.403 -3.353 -4.677 -5.711 -6.326 -6.786 -4.83 -3.592 -5.144 -7.314 -7.634 -7.695 -5.291
7.181051 -1.186 4.012 3.046 1.343 -1.443 -3.446 -1.561 0.847 -1.574 -3.564 -5.149 -6.226 1.069 -2.294 -4.423 -5.547 -6.318 -3.268 -4.592 -5.626 -6.242 -6.701 -4.746 -3.507 -5.059 -7.229 -7.55 -7.61 -5.206
7.398237 -1.101 4.097 3.131 1.428 -1.359 -3.361 -1.476 0.931 -1.49 -3.479 -5.064 -6.141 1.154 -2.209 -4.338 -5.462 -6.233 -3.184 -4.507 -5.541 -6.157 -6.616 -4.661 -3.422 -4.974 -7.144 -7.465 -7.525 -5.121
7.621991 -1.016 4.182 3.216 1.513 -1.273 -3.276 -1.391 1.017 -1.404 -3.394 -4.979 -6.056 1.239 -2.124 -4.253 -5.377 -6.148 -3.098 -4.422 -5.456 -6.072 -6.531 -4.576 -3.337 -4.889 -7.059 -7.38 -7.44 -5.036
7.852513 -0.931 4.267 3.301 1.599 -1.188 -3.19 -1.306 1.102 -1.319 -3.309 -4.894 -5.971 1.324 -2.039 -4.167 -5.292 -6.063 -3.013 -4.337 -5.371 -5.986 -6.446 -4.49 -3.252 -4.804 -6.974 -7.294 -7.355 -4.951
8.090007 -0.846 4.352 3.387 1.684 -1.103 -3.105 -1.221 1.187 -1.234 -3.224 -4.808 -5.885 1.41 -1.953 -4.082 -5.207 -5.978 -2.928 -4.252 -5.285 -5.901 -6.36 -4.405 -3.167 -4.719 -6.889 -7.209 -7.27 -4.865
8.334684 -0.761 4.438 3.472 1.769 -1.018 -3.02 -1.135 1.272 -1.149 -3.138 -4.723 -5.8 1.495 -1.868 -3.997 -5.121 -5.892 -2.843 -4.166 -5.2 -5.816 -6.275 -4.32 -3.081 -4.633 -6.803 -7.124 -7.184 -4.78
8.586761 -0.675 4.523 3.557 1.855 -0.932 -2.934 -1.05 1.358 -1.063 -3.053 -4.638 -5.715 1.58 -1.783 -3.911 -5.036 -5.807 -2.757 -4.081 -5.115 -5.73 -6.189 -4.234 -2.996 -4.548 -6.718 -7.038 -7.099 -4.694
8.846461 -0.59 4.609 3.643 1.94 -0.847 -2.849 -0.964 1.443 -0.978 -2.967 -4.552 -5.629 1.666 -1.697 -3.826 -4.95 -5.721 -2.672 -3.995 -5.029 -5.645 -6.104 -4.149 -2.91 -4.462 -6.632 -6.953 -7.013 -4.609
9.114017 -0.504 4.695 3.729 2.026 -0.761 -2.763 -0.879 1.529 -0.892 -2.882 -4.466 -5.543 1.752 -1.611 -3.74 -4.865 -5.636 -2.586 -3.909 -4.943 -5.559 -6.018 -4.063 -2.825 -4.377 -6.547 -6.867 -6.928 -4.523
9.389664 -0.418 4.78 3.814 2.112 -0.675 -2.677 -0.793 1.615 -0.806 -2.796 -4.381 -5.458 1.837 -1.526 -3.654 -4.779 -5.55 -2.5 -3.824 -4.858 -5.473 -5.932 -3.977 -2.739 -4.291 -6.461 -6.781 -6.842 -4.437
9.673648 -0.332 4.866 3.9 2.197 -0.589 -2.592 -0.707 1.701 -0.72 -2.71 -4.295 -5.372 1.923 -1.44 -3.568 -4.693 -5.464 -2.414 -3.738 -4.772 -5.387 -5.847 -3.891 -2.653 -4.205 -6.375 -6.695 -6.756 -4.352
9.966221 -0.246 4.952 3.986 2.283 -0.503 -2.506 -0.621 1.787 -0.634 -2.624 -4.209 -5.286 2.009 -1.354 -3.483 -4.607 -5.378 -2.328 -3.652 -4.686 -5.302 -5.761 -3.806 -2.567 -4.119 -6.289 -6.61 -6.67 -4.266
10.267642 -0.16 5.038 4.072 2.369 -0.417 -2.42 -0.535 1.873 -0.548 -2.538 -4.123 -5.2 2.095 -1.268 -3.397 -4.521 -5.292 -2.242 -3.566 -4.6 -5.215 -5.675 -3.72 -2.481 -4.033 -6.203 -6.524 -6.584 -4.18
10.57818 -0.074 5.124 4.158 2.456 -0.331 -2.333 -0.449 1.959 -0.462 -2.452 -4.037 -5.114 2.181 -1.182 -3.31 -4.435 -5.206 -2.156 -3.48 -4.514 -5.129 -5.589 -3.633 -2.395 -3.947 -6.117 -6.437 -6.498 -4.094
10.89811 0.012 5.21 4.245 2.542 -0.245 -2.247 -0.363 2.045 -0.376 -2.366 -3.951 -5.027 2.268 -1.095 -3.224 -4.349 -5.12 -2.07 -3.394 -4.427 -5.043 -5.502 -3.547 -2.309 -3.861 -6.031 -6.351 -6.412 -4.007
11.227716 0.098 5.297 4.331 2.628 -0.159 -2.161 -0.277 2.131 -0.29 -2.279 -3.864 -4.941 2.354 -1.009 -3.138 -4.263 -5.033 -1.984 -3.307 -4.341 -4.957 -5.416 -3.461 -2.223 -3.775 -5.945 -6.265 -6.325 -3.921
11.56729 0.185 5.383 4.417 2.714 -0.072 -2.075 -0.19 2.218 -0.203 -2.193 -3.778 -4.855 2.44 -0.923 -3.052 -4.176 -4.947 -1.897 -3.221 -4.255 -4.871 -5.33 -3.375 -2.136 -3.688 -5.858 -6.179 -6.239 -3.835
11.917135 0.271 5.47 4.504 2.801 0.014 -1.988 -0.104 2.304 -0.117 -2.107 -3.691 -4.768 2.527 -0.836 -2.965 -4.09 -4.861 -1.811 -3.134 -4.168 -4.784 -5.243 -3.288 -2.05 -3.602 -5.772 -6.092 -6.153 -3.748
12.277561 0.358 5.556 4.59 2.887 0.101 -1.902 -0.017 2.391 -0.03 -2.02 -3.605 -4.682 2.613 -0.75 -2.879 -4.003 -4.774 -1.724 -3.048 -4.082 -4.698 -5.157 -3.202 -1.963 -3.515 -5.685 -6.006 -6.066 -3.662
12.648887 0.444 5.643 4.677 2.974 0.187 -1.815 0.069 2.477 0.056 -1.933 -3.518 -4.595 2.7 -0.663 -2.792 -3.917 -4.687 -1.638 -2.961 -3.995 -4.611 -5.07 -3.115 -1.877 -3.429 -5.599 -5.919 -5.98 -3.575
13.031444 0.531 5.729 4.763 3.061 0.274 -1.728 0.156 2.564 0.143 -1.847 -3.432 -4.508 2.787 -0.576 -2.705 -3.83 -4.601 -1.551 -2.875 -3.908 -4.524 -4.983 -3.028 -1.79 -3.342 -5.512 -5.832 -5.893 -3.488
13.425571 0.618 5.816 4.85 3.147 0.361 -1.642 0.243 2.651 0.23 -1.76 -3.345 -4.422 2.873 -0.49 -2.618 -3.743 -4.514 -1.464 -2.788 -3.822 -4.437 -4.897 -2.941 -1.703 -3.255 -5.425 -5.745 -5.806 -3.402
13.831619 0.705 5.903 4.937 3.234 0.447 -1.555 0.33 2.737 0.316 -1.673 -3.258 -4.335 2.96 -0.403 -2.532 -3.656 -4.427 -1.378 -2.701 -3.735 -4.351 -4.81 -2.855 -1.616 -3.168 -5.338 -5.659 -5.719 -3.315
14.249947 0.791 5.99 5.024 3.321 0.534 -1.468 0.417 2.824 0.403 -1.586 -3.171 -4.248 3.047 -0.316 -2.445 -3.569 -4.34 -1.291 -2.614 -3.648 -4.264 -4.723 -2.768 -1.529 -3.081 -5.251 -5.572 -5.632 -3.228
14.680926 0.878 6.077 5.111 3.408 0.621 -1.381 0.504 2.911 0.49 -1.499 -3.084 -4.161 3.134 -0.229 -2.358 -3.482 -4.253 -1.204 -2.527 -3.561 -4.177 -4.636 -2.681 -1.442 -2.994 -5.164 -5.485 -5.545 -3.141
15.124941 0.966 6.164 5.198 3.495 0.708 -1.294 0.591 2.998 0.577 -1.412 -2.997 -4.074 3.221 -0.142 -2.271 -3.395 -4.166 -1.117 -2.44 -3.474 -4.09 -4.549 -2.594 -1.355 -2.907 -5.077 -5.398 -5.458 -3.054
15.582385 1.053 6.251 5.285 3.582 0.796 -1.207 0.678 3.086 0.665 -1.325 -2.91 -3.987 3.308 -0.055 -2.183 -3.308 -4.079 -1.029 -2.353 -3.387 -4.002 -4.462 -2.506 -1.268 -2.82 -4.99 -5.31 -5.371 -2.967
16.053663 1.14 6.338 5.372 3.67 0.883 -1.119 0.765 3.173 0.752 -1.238 -2.823 -3.899 3.396 0.032 -2.096 -3.221 -3.992 -0.942 -2.266 -3.3 -3.915 -4.374 -2.419 -1.181 -2.733 -4.903 -5.223 -5.284 -2.879
16.539195 1.227 6.426 5.46 3.757 0.97 -1.032 0.852 3.26 0.839 -1.15 -2.735 -3.812 3.483 0.12 -2.009 -3.134 -3.904 -0.855 -2.178 -3.212 -3.828 -4.287 -2.332 -1.094 -2.646 -4.816 -5.136 -5.197 -2.792
17.039412 1.315 6.513 5.547 3.844 1.057 -0.945 0.94 3.347 0.926 -1.063 -2.648 -3.725 3.57 0.207 -1.922 -3.046 -3.817 -0.768 -2.091 -3.125 -3.741 -4.2 -2.245 -1.006 -2.558 -4.728 -5.049 -5.109 -2.705
17.554757 1.402 6.6 5.635 3.932 1.145 -0.857 1.027 3.435 1.014 -0.976 -2.561 -3.637 3.658 0.295 -1.834 -2.959 -3.73 -0.68 -2.004 -3.037 -3.653 -4.112 -2.157 -0.919 -2.471 -4.641 -4.961 -5.022 -2.617
18.085689 1.489 6.688 5.722 4.019 1.232 -0.77 1.115 3.522 1.101 -0.888 -2.473 -3.55 3.745 0.382 -1.747 -2.871 -3.642 -0.593 -1.916 -2.95 -3.566 -4.025 -2.07 -0.831 -2.383 -4.553 -4.874 -4.934 -2.53
18.632678 1.577 6.775 5.81 4.107 1.32 -0.682 1.202 3.61 1.189 -0.801 -2.386 -3.462 3.833 0.47 -1.659 -2.784 -3.555 -0.505 -1.829 -2.862 -3.478 -3.937 -1.982 -0.744 -2.296 -4.466 -4.786 -4.847 -2.442
19.196211 1.665 6.863 5.897 4.194 1.408 -0.595 1.29 3.697 1.277 -0.713 -2.298 -3.375 3.92 0.557 -1.572 -2.696 -3.467 -0.417 -1.741 -2.775 -3.391 -3.85 -1.895 -0.656 -2.208 -4.378 -4.699 -4.759 -2.355
19.776787 1.752 6.951 5.985 4.282 1.495 -0.507 1.377 3.785 1.364 -0.625 -2.21 -3.287 4.008 0.645 -1.484 -2.609 -3.379 -0.33 -1.653 -2.687 -3.303 -3.762 -1.807 -0.569 -2.121 -4.291 -4.611 -4.671 -2.267
20.374923 1.84 7.038 6.073 4.37 1.583 -0.419 1.465 3.873 1.452 -0.538 -2.122 -3.199 4.096 0.733 -1.396 -2.521 -3.292 -0.242 -1.566 -2.599 -3.215 -3.674 -1.719 -0.481 -2.033 -4.203 -4.523 -4.584 -2.179
20.991149 1.928 7.126 6.16 4.458 1.671 -0.331 1.553 3.961 1.54 -0.45 -2.035 -3.112 4.183 0.82 -1.308 -2.433 -3.204 -0.154 -1.478 -2.512 -3.127 -3.586 -1.631 -0.393 -1.945 -4.115 -4.435 -4.496 -2.091
21.626011 2.016 7.214 6.248 4.545 1.759 -0.244 1.641 4.049 1.628 -0.362 -1.947 -3.024 4.271 0.908 -1.22 -2.345 -3.116 -0.066 -1.39 -2.424 -3.039 -3.499 -1.543 -0.305 -1.857 -4.027 -4.347 -4.408 -2.004
22.280075 2.104 7.302 6.336 4.633 1.847 -0.156 1.729 4.137 1.716 -0.274 -1.859 -2.936 4.359 0.996 -1.133 -2.257 -3.028 0.022 -1.302 -2.336 -2.952 -3.411 -1.456 -0.217 -1.769 -3.939 -4.26 -4.32 -1.916
22.953921 2.192 7.39 6.424 4.721 1.935 -0.068 1.817 4.224 1.803 -0.186 -1.771 -2.848 4.447 1.084 -1.045 -2.169 -2.94 0.11 -1.214 -2.248 -2.864 -3.323 -1.368 -0.129 -1.681 -3.851 -4.172 -4.232 -1.828
23.648147 2.28 7.478 6.512 4.809 2.023 0.02 1.905 4.313 1.892 -0.098 -1.683 -2.76 4.535 1.172 -0.957 -2.081 -2.852 0.198 -1.126 -2.16 -2.776 -3.235 -1.28 -0.041 -1.593 -3.763 -4.084 -4.144 -1.74
24.363369 2.368 7.566 6.6 4.897 2.111 0.108 1.993 4.401 1.98 -0.01 -1.595 -2.672 4.623 1.26 -0.868 -1.993 -2.764 0.286 -1.038 -2.072 -2.687 -3.147 -1.191 0.047 -1.505 -3.675 -3.995 -4.056 -1.652
25.100222 2.456 7.654 6.688 4.986 2.199 0.197 2.081 4.489 2.068 0.078 -1.507 -2.584 4.711 1.348 -0.78 -1.905 -2.676 0.374 -0.95 -1.984 -2.599 -3.058 -1.103 0.135 -1.417 -3.587 -3.907 -3.968 -1.563
25.859362 2.544 7.743 6.777 5.074 2.287 0.285 2.169 4.577 2.156 0.166 -1.418 -2.495 4.8 1.437 -0.692 -1.817 -2.588 0.462 -0.861 -1.895 -2.511 -2.97 -1.015 0.223 -1.329 -3.499 -3.819 -3.88 -1.475
26.64146 2.632 7.831 6.865 5.162 2.375 0.373 2.258 4.665 2.244 0.255 -1.33 -2.407 4.888 1.525 -0.604 -1.728 -2.499 0.55 -0.773 -1.807 -2.423 -2.882 -0.927 0.312 -1.24 -3.411 -3.731 -3.791 -1.387
27.447213 2.721 7.919 6.953 5.25 2.464 0.461 2.346 4.754 2.333 0.343 -1.242 -2.319 4.976 1.613 -0.515 -1.64 -2.411 0.639 -0.685 -1.719 -2.334 -2.794 -0.839 0.4 -1.152 -3.322 -3.642 -3.703 -1.299
28.277335 2.809 8.007 7.042 5.339 2.552 0.55 2.434 4.842 2.421 0.431 -1.153 -2.23 5.065 1.702 -0.427 -1.552 -2.323 0.727 -0.597 -1.63 -2.246 -2.705 -0.75 0.488 -1.064 -3.234 -3.554 -3.615 -1.21
29.132564 2.897 8.096 7.13 5.427 2.64 0.638 2.523 4.93 2.509 0.52 -1.065 -2.142 5.153 1.79 -0.339 -1.463 -2.234 0.815 -0.508 -1.542 -2.158 -2.617 -0.662 0.577 -0.975 -3.145 -3.466 -3.526 -1.122
30.013659 2.986 8.184 7.219 5.516 2.729 0.727 2.611 5.019 2.598 0.608 -0.977 -2.053 5.242 1.879 -0.25 -1.375 -2.146 0.904 -0.42 -1.453 -2.069 -2.528 -0.573 0.665 -0.887 -3.057 -3.377 -3.438 -1.033
30.921401 3.074 8.273 7.307 5.604 2.817 0.815 2.7 5.107 2.686 0.697 -0.888 -1.965 5.33 1.967 -0.162 -1.286 -2.057 0.992 -0.331 -1.365 -1.981 -2.44 -0.485 0.754 -0.798 -2.968 -3.289 -3.349 -0.945
31.856598 3.163 8.361 7.396 5.693 2.906 0.904 2.788 5.196 2.775 0.785 -0.799 -1.876 5.419 2.056 -0.073 -1.198 -1.969 1.081 -0.242 -1.276 -1.892 -2.351 -0.396 0.842 -0.71 -2.88 -3.2 -3.261 -0.856
32.820079 3.252 8.45 7.484 5.781 2.995 0.992 2.877 5.285 2.864 0.874 -0.711 -1.788 5.507 2.144 0.016 -1.109 -1.88 1.17 -0.154 -1.188 -1.803 -2.263 -0.308 0.931 -0.621 -2.791 -3.111 -3.172 -0.768
33.8127 3.34 8.539 7.573 5.87 3.083 1.081 2.966 5.373 2.952 0.963 -0.622 -1.699 5.596 2.233 0.104 -1.02 -1.791 1.258 -0.065 -1.099 -1.715 -2.174 -0.219 1.02 -0.532 -2.703 -3.023 -3.083 -0.679
34.835342 3.429 8.628 7.662 5.959 3.172 1.17 3.054 5.462 3.041 1.051 -0.533 -1.61 5.685 2.322 0.193 -0.932 -1.703 1.347 0.024 -1.01 -1.626 -2.085 -0.13 1.108 -0.444 -2.614 -2.934 -2.995 -0.59
35.888913 3.518 8.716 7.75 6.048 3.261 1.259 3.143 5.551 3.13 1.14 -0.445 -1.522 5.773 2.41 0.282 -0.843 -1.614 1.436 0.112 -0.922 -1.537 -1.996 -0.041 1.197 -0.355 -2.525 -2.845 -2.906 -0.501
36.974349 3.607 8.805 7.839 6.136 3.35 1.347 3.232 5.64 3.219 1.229 -0.356 -1.433 5.862 2.499 0.371 -0.754 -1.525 1.525 0.201 -0.833 -1.448 -1.908 0.047 1.286 -0.266 -2.436 -2.756 -2.817 -0.413
38.092613 3.696 8.894 7.928 6.225 3.438 1.436 3.321 5.728 3.307 1.318 -0.267 -1.344 5.951 2.588 0.459 -0.665 -1.436 1.613 0.29 -0.744 -1.36 -1.819 0.136 1.375 -0.177 -2.347 -2.668 -2.728 -0.324
39.244698 3.784 8.983 8.017 6.314 3.527 1.525 3.41 5.817 3.396 1.407 -0.178 -1.255 6.04 2.677 0.548 -0.576 -1.347 1.702 0.379 -0.655 -1.271 -1.73 0.225 1.464 -0.088 -2.258 -2.579 -2.639 -0.235
40.431627 3.873 9.072 8.106 6.403 3.616 1.614 3.499 5.906 3.485 1.496 -0.089 -1.166 6.129 2.766 0.637 -0.487 -1.258 1.791 0.468 -0.566 -1.182 -1.641 0.314 1.553 0.001 -2.169 -2.49 -2.55 -0.146
41.654454 3.962 9.161 8.195 6.492 3.705 1.703 3.588 5.995 3.574 1.585 -0.0 -1.077 6.218 2.855 0.726 -0.398 -1.169 1.88 0.557 -0.477 -1.093 -1.552 0.403 1.642 0.09 -2.08 -2.401 -2.461 -0.057
42.914265 4.051 9.25 8.284 6.581 3.794 1.792 3.677 6.084 3.663 1.674 0.089 -0.988 6.307 2.944 0.815 -0.309 -1.08 1.969 0.646 -0.388 -1.004 -1.463 0.492 1.731 0.179 -1.991 -2.312 -2.372 0.032
44.212178 4.141 9.339 8.373 6.67 3.883 1.881 3.766 6.173 3.752 1.763 0.178 -0.899 6.396 3.033 0.904 -0.22 -0.991 2.058 0.735 -0.299 -0.915 -1.374 0.581 1.82 0.268 -1.902 -2.223 -2.283 0.121
45.549345 4.23 9.428 8.462 6.759 3.973 1.97 3.855 6.263 3.842 1.852 0.267 -0.81 6.485 3.122 0.994 -0.131 -0.902 2.148 0.824 -0.21 -0.825 -1.285 0.671 1.909 0.357 -1.813 -2.133 -2.194 0.21
46.926954 4.319 9.517 8.551 6.849 4.062 2.06 3.944 6.352 3.931 1.941 0.356 -0.72 6.574 3.211 1.083 -0.042 -0.813 2.237 0.913 -0.121 -0.736 -1.195 0.76 1.998 0.446 -1.724 -2.044 -2.105 0.3
48.346227 4.408 9.607 8.641 6.938 4.151 2.149 4.033 6.441 4.02 2.03 0.446 -0.631 6.664 3.301 1.172 0.047 -0.724 2.326 1.003 -0.031 -0.647 -1.106 0.849 2.087 0.535 -1.635 -1.955 -2.016 0.389
49.808426 4.497 9.696 8.73 7.027 4.24 2.238 4.123 6.53 4.109 2.12 0.535 -0.542 6.753 3.39 1.261 0.137 -0.634 2.415 1.092 0.058 -0.558 -1.017 0.938 2.177 0.625 -1.546 -1.866 -1.926 0.478
51.314848 4.587 9.785 8.819 7.116 4.33 2.327 4.212 6.62 4.199 2.209 0.624 -0.453 6.842 3.479 1.351 0.226 -0.545 2.505 1.181 0.147 -0.468 -0.928 1.027 2.266 0.714 -1.456 -1.776 -1.837 0.567
52.86683 4.676 9.874 8.909 7.206 4.419 2.417 4.301 6.709 4.288 2.298 0.714 -0.363 6.932 3.569 1.44 0.315 -0.456 2.594 1.27 0.237 -0.379 -0.838 1.117 2.355 0.803 -1.367 -1.687 -1.748 0.657
54.465752 4.765 9.964 8.998 7.295 4.508 2.506 4.391 6.798 4.377 2.388 0.803 -0.274 7.021 3.658 1.529 0.405 -0.366 2.683 1.36 0.326 -0.29 -0.749 1.206 2.445 0.893 -1.277 -1.598 -1.658 0.746
56.113031 4.855 10.053 9.087 7.385 4.598 2.596 4.48 6.888 4.467 2.477 0.892 -0.185 7.11 3.747 1.619 0.494 -0.277 2.773 1.449 0.415 -0.2 -0.659 1.296 2.534 0.982 -1.188 -1.508 -1.569 0.836
57.810132 4.944 10.143 9.177 7.474 4.687 2.685 4.569 6.977 4.556 2.567 0.982 -0.095 7.2 3.837 1.708 0.583 -0.187 2.862 1.539 0.505 -0.111 -0.57 1.385 2.624 1.071 -1.099 -1.419 -1.479 0.925
59.55856 5.034 10.232 9.266 7.564 4.777 2.775 4.659 7.067 4.646 2.656 1.071 -0.006 7.289 3.926 1.798 0.673 -0.098 2.952 1.628 0.594 -0.021 -0.481 1.475 2.713 1.161 -1.009 -1.329 -1.39 1.015
61.359868 5.123 10.322 9.356 7.653 4.866 2.864 4.749 7.156 4.735 2.746 1.161 0.084 7.379 4.016 1.887 0.763 -0.008 3.041 1.718 0.684 0.068 -0.391 1.564 2.803 1.251 -0.92 -1.24 -1.3 1.104
63.215655 5.213 10.411 9.445 7.743 4.956 2.954 4.838 7.246 4.825 2.835 1.25 0.174 7.469 4.106 1.977 0.852 0.081 3.131 1.807 0.773 0.158 -0.301 1.654 2.892 1.34 -0.83 -1.15 -1.211 1.194
65.127569 5.303 10.501 9.535 7.832 5.045 3.043 4.928 7.335 4.914 2.925 1.34 0.263 7.558 4.195 2.066 0.942 0.171 3.22 1.897 0.863 0.247 -0.212 1.743 2.982 1.43 -0.74 -1.061 -1.121 1.283
67.097308 5.392 10.591 9.625 7.922 5.135 3.133 5.017 7.425 5.004 3.015 1.43 0.353 7.648 4.285 2.156 1.031 0.261 3.31 1.987 0.953 0.337 -0.122 1.833 3.071 1.519 -0.651 -0.971 -1.032 1.373
69.126621 5.482 10.68 9.714 8.012 5.225 3.223 5.107 7.515 5.094 3.104 1.519 0.443 7.738 4.374 2.246 1.121 0.35 3.4 2.076 1.042 0.427 -0.032 1.923 3.161 1.609 -0.561 -0.881 -0.942 1.463
71.217308 5.572 10.77 9.804 8.101 5.315 3.312 5.197 7.605 5.184 3.194 1.609 0.532 7.827 4.464 2.335 1.211 0.44 3.49 2.166 1.132 0.516 0.057 2.012 3.251 1.699 -0.471 -0.792 -0.852 1.552
73.371227 5.661 10.86 9.894 8.191 5.404 3.402 5.287 7.694 5.273 3.284 1.699 0.622 7.917 4.554 2.425 1.301 0.53 3.579 2.256 1.222 0.606 0.147 2.102 3.341 1.789 -0.382 -0.702 -0.762 1.642
75.59029 5.751 10.95 9.984 8.281 5.494 3.492 5.376 7.784 5.363 3.374 1.789 0.712 8.007 4.644 2.515 1.39 0.62 3.669 2.346 1.312 0.696 0.237 2.192 3.43 1.878 -0.292 -0.612 -0.673 1.732
77.876467 5.841 11.039 10.074 8.371 5.584 3.582 5.466 7.874 5.453 3.463 1.878 0.802 8.097 4.734 2.605 1.48 0.709 3.759 2.435 1.402 0.786 0.327 2.282 3.52 1.968 -0.202 -0.522 -0.583 1.822
80.231787 5.931 11.129 10.163 8.461 5.674 3.672 5.556 7.964 5.543 3.553 1.968 0.892 8.186 4.823 2.695 1.57 0.799 3.849 2.525 1.491 0.876 0.417 2.372 3.61 2.058 -0.112 -0.432 -0.493 1.912
82.658343 6.021 11.219 10.253 8.551 5.764 3.762 5.646 8.054 5.633 3.643 2.058 0.981 8.276 4.913 2.785 1.66 0.889 3.939 2.615 1.581 0.966 0.506 2.462 3.7 2.148 -0.022 -0.342 -0.403 2.002
85.158288 6.111 11.309 10.343 8.64 5.854 3.851 5.736 8.144 5.723 3.733 2.148 1.071 8.366 5.003 2.875 1.75 0.979 4.029 2.705 1.671 1.056 0.596 2.552 3.79 2.238 0.068 -0.252 -0.313 2.091
87.733843 6.201 11.399 10.433 8.73 5.944 3.941 5.826 8.234 5.813 3.823 2.238 1.161 8.456 5.093 2.965 1.84 1.069 4.119 2.795 1.761 1.146 0.686 2.642 3.88 2.328 0.158 -0.162 -0.223 2.181
90.387293 6.291 11.489 10.523 8.82 6.034 4.031 5.916 8.324 5.903 3.913 2.328 1.251 8.546 5.183 3.055 1.93 1.159 4.209 2.885 1.851 1.236 0.776 2.732 3.97 2.418 0.248 -0.072 -0.133 2.271
93.120995 6.381 11.579 10.613 8.91 6.124 4.121 6.006 8.414 5.993 4.003 2.418 1.341 8.636 5.273 3.145 2.02 1.249 4.299 2.975 1.941 1.326 0.866 2.822 4.06 2.508 0.338 0.018 -0.043 2.361
95.937376 6.471 11.669 10.703 9.001 6.214 4.212 6.096 8.504 6.083 4.093 2.508 1.431 8.726 5.363 3.235 2.11 1.339 4.389 3.065 2.031 1.416 0.956 2.912 4.15 2.598 0.428 0.108 0.047 2.452
98.838937 6.561 11.759 10.793 9.091 6.304 4.302 6.186 8.594 6.173 4.183 2.598 1.522 8.817 5.453 3.325 2.2 1.429 4.479 3.155 2.121 1.506 1.047 3.002 4.24 2.688 0.518 0.198 0.137 2.542
101.828253 6.651 11.849 10.884 9.181 6.394 4.392 6.276 8.684 6.263 4.273 2.689 1.612 8.907 5.544 3.415 2.29 1.519 4.569 3.245 2.212 1.596 1.137 3.092 4.33 2.778 0.608 0.288 0.227 2.632
104.907979 6.741 11.94 10.974 9.271 6.484 4.482 6.366 8.774 6.353 4.364 2.779 1.702 8.997 5.634 3.505 2.38 1.61 4.659 3.336 2.302 1.686 1.227 3.182 4.42 2.868 0.698 0.378 0.317 2.722
108.080849 6.831 12.03 11.064 9.361 6.574 4.572 6.457 8.864 6.443 4.454 2.869 1.792 9.087 5.724 3.595 2.471 1.7 4.749 3.426 2.392 1.776 1.317 3.272 4.511 2.959 0.789 0.468 0.408 2.812
111.349681 6.922 12.12 11.154 9.451 6.665 4.662 6.547 8.955 6.534 4.544 2.959 1.882 9.177 5.814 3.685 2.561 1.79 4.84 3.516 2.482 1.866 1.407 3.362 4.601 3.049 0.879 0.558 0.498 2.902
114.717376 7.012 12.21 11.244 9.542 6.755 4.753 6.637 9.045 6.624 4.634 3.049 1.972 9.267 5.904 3.776 2.651 1.88 4.93 3.606 2.572 1.957 1.498 3.453 4.691 3.139 0.969 0.649 0.588 2.993
118.186925 7.102 12.301 11.335 9.632 6.845 4.843 6.727 9.135 6.714 4.724 3.14 2.063 9.358 5.995 3.866 2.741 1.97 5.02 3.697 2.663 2.047 1.588 3.543 4.781 3.229 1.059 0.739 0.678 3.083
121.761408 7.192 12.391 11.425 9.722 6.935 4.933 6.818 9.225 6.804 4.815 3.23 2.153 9.448 6.085 3.956 2.832 2.061 5.11 3.787 2.753 2.137 1.678 3.633 4.872 3.32 1.15 0.829 0.769 3.173
125.443999 7.283 12.481 11.515 9.813 7.026 5.024 6.908 9.316 6.895 4.905 3.32 2.243 9.538 6.175 4.047 2.922 2.151 5.201 3.877 2.843 2.228 1.769 3.724 4.962 3.41 1.24 0.92 0.859 3.264
129.237967 7.373 12.572 11.606 9.903 7.116 5.114 6.998 9.406 6.985 4.996 3.411 2.334 9.629 6.266 4.137 3.012 2.242 5.291 3.968 2.934 2.318 1.859 3.814 5.052 3.5 1.33 1.01 0.949 3.354
133.146681 7.464 12.662 11.696 9.993 7.207 5.204 7.089 9.496 7.076 5.086 3.501 2.424 9.719 6.356 4.227 3.103 2.332 5.382 4.058 3.024 2.408 1.949 3.904 5.143 3.591 1.421 1.1 1.04 3.444
137.173612 7.554 12.752 11.787 10.084 7.297 5.295 7.179 9.587 7.166 5.176 3.592 2.515 9.81 6.447 4.318 3.193 2.422 5.472 4.148 3.115 2.499 2.04 3.995 5.233 3.681 1.511 1.191 1.13 3.535
141.322334 7.645 12.843 11.877 10.174 7.387 5.385 7.27 9.677 7.256 5.267 3.682 2.605 9.9 6.537 4.408 3.284 2.513 5.562 4.239 3.205 2.589 2.13 4.085 5.324 3.772 1.602 1.281 1.221 3.625
145.596532 7.735 12.933 11.968 10.265 7.478 5.476 7.36 9.768 7.347 5.357 3.772 2.696 9.991 6.628 4.499 3.374 2.603 5.653 4.329 3.296 2.68 2.221 4.176 5.414 3.862 1.692 1.372 1.311 3.716
150.0 7.826 13.024 12.058 10.355 7.568 5.566 7.451 9.858 7.437 5.448 3.863 2.786 10.081 6.718 4.589 3.465 2.694 5.743 4.42 3.386 2.77 2.311 4.266 5.505 3.953 1.783 1.462 1.402 3.806
