# %ECSV 1.0
# ---
# datatype:
# - {name: time, datatype: float64}
# - {name: swift_uvot_uvw2, datatype: float64}
# - {name: swift_uvot_uvm2, datatype: float64}
# - {name: swift_uvot_uvw1, datatype: float64}
# - {name: swift_uvot_U, datatype: float64}
# - {name: swift_uvot_B, datatype: float64}
# - {name: swift_uvot_V, datatype: float64}
# - {name: swift_uvot_W, datatype: float64}
# - {name: johnson_U, datatype: float64}
# - {name: johnson_B, datatype: float64}
# - {name: johnson_V, datatype: float64}
# - {name: johnson_R, datatype: float64}
# - {name: johnson_I, datatype: float64}
# - {name: sdss_u, datatype: float64}
# - {name: sdss_g, datatype: float64}
# - {name: sdss_r, datatype: float64}
# - {name: sdss_i, datatype: float64}
# - {name: sdss_z, datatype: float64}
# - {name: PS1_g, datatype: float64}
# - {name: PS1_r, datatype: float64}
# - {name: PS1_i, datatype: float64}
# - {name: PS1_z, datatype: float64}
# - {name: PS1_Y, datatype: float64}
# - {name: PS1_w, datatype: float64}
# - {name: ATLAS_c, datatype: float64}
# - {name: ATLAS_o, datatype: float64}
# - {name: ukirt_J, datatype: float64}
# - {name: ukirt_H, datatype: float64}
# - {name: ukirt_K, datatype: float64}
# - {name: Clear, datatype: float64}
# meta: !!omap
# - comment: [kappa = 10.0, type = villar, mass = 0.022360679775100388, velocity = 0.24933333333333335, theta_obs = 0.0]
# schema: astropy-2.0
time swift_uvot_uvw2 swift_uvot_uvm2 swift_uvot_uvw1 swift_uvot_U swift_uvot_B swift_uvot_V swift_uvot_W johnson_U johnson_B johnson_V johnson_R johnson_I sdss_u sdss_g sdss_r sdss_i sdss_z PS1_g PS1_r PS1_i PS1_z PS1_Y PS1_w ATLAS_c ATLAS_o ukirt_J ukirt_H ukirt_K Clear
0.001 nan nan nan nan nan nan nan nan nan nan nan nan nan nan nan nan nan nan nan nan nan nan nan nan nan nan nan nan nan
0.00103 -3.641 -3.763 -3.836 -3.906 -3.787 -3.583 -3.765 -3.894 -3.784 -3.575 -3.307 -2.965 -3.899 -3.725 -3.435 -3.178 -2.914 -3.713 -3.449 -3.192 -2.999 -2.92 -3.452 -3.614 -3.327 -2.347 -1.859 -1.277 -3.49
0.001061 -4.421 -4.472 -4.482 -4.421 -4.236 -3.982 -4.37 -4.398 -4.233 -3.973 -3.672 -3.299 -4.404 -4.158 -3.812 -3.527 -3.244 -4.142 -3.83 -3.548 -3.344 -3.275 -3.842 -4.024 -3.694 -2.649 -2.145 -1.55 -3.89
0.001094 -4.843 -4.856 -4.839 -4.714 -4.498 -4.22 -4.712 -4.685 -4.494 -4.211 -3.893 -3.506 -4.692 -4.411 -4.04 -3.742 -3.449 -4.394 -4.061 -3.766 -3.558 -3.498 -4.075 -4.267 -3.916 -2.84 -2.329 -1.728 -4.129
0.001127 -5.134 -5.122 -5.087 -4.924 -4.688 -4.397 -4.953 -4.891 -4.684 -4.387 -4.059 -3.663 -4.899 -4.597 -4.21 -3.904 -3.605 -4.58 -4.233 -3.931 -3.721 -3.668 -4.249 -4.446 -4.083 -2.988 -2.472 -1.867 -4.306
0.001161 -5.357 -5.328 -5.282 -5.091 -4.842 -4.541 -5.143 -5.056 -4.838 -4.531 -4.196 -3.795 -5.064 -4.747 -4.35 -4.038 -3.735 -4.73 -4.375 -4.068 -3.857 -3.81 -4.391 -4.592 -4.221 -3.112 -2.594 -1.986 -4.451
0.001196 -5.54 -5.497 -5.442 -5.232 -4.974 -4.665 -5.301 -5.196 -4.97 -4.655 -4.316 -3.91 -5.204 -4.876 -4.471 -4.155 -3.85 -4.86 -4.497 -4.187 -3.975 -3.934 -4.515 -4.719 -4.341 -3.222 -2.701 -2.092 -4.576
0.001232 -5.695 -5.643 -5.581 -5.356 -5.09 -4.776 -5.438 -5.318 -5.087 -4.766 -4.423 -4.014 -5.326 -4.991 -4.58 -4.261 -3.953 -4.975 -4.607 -4.295 -4.083 -4.046 -4.625 -4.831 -4.448 -3.323 -2.8 -2.189 -4.688
0.001269 -5.832 -5.771 -5.705 -5.467 -5.196 -4.878 -5.56 -5.429 -5.192 -4.868 -4.522 -4.11 -5.437 -5.096 -4.68 -4.359 -4.049 -5.079 -4.708 -4.393 -4.181 -4.148 -4.726 -4.934 -4.547 -3.416 -2.892 -2.279 -4.79
0.001308 -5.955 -5.887 -5.817 -5.57 -5.294 -4.973 -5.671 -5.53 -5.29 -4.963 -4.614 -4.2 -5.539 -5.192 -4.773 -4.45 -4.139 -5.176 -4.802 -4.486 -4.274 -4.244 -4.82 -5.029 -4.64 -3.504 -2.978 -2.365 -4.885
0.001347 -6.066 -5.993 -5.92 -5.665 -5.386 -5.062 -5.773 -5.625 -5.382 -5.052 -4.701 -4.285 -5.634 -5.283 -4.861 -4.536 -4.224 -5.267 -4.891 -4.573 -4.361 -4.334 -4.908 -5.119 -4.727 -3.587 -3.061 -2.447 -4.974
0.001388 -6.169 -6.091 -6.015 -5.755 -5.473 -5.146 -5.868 -5.714 -5.469 -5.136 -4.784 -4.367 -5.723 -5.369 -4.944 -4.618 -4.305 -5.353 -4.975 -4.656 -4.444 -4.419 -4.993 -5.204 -4.81 -3.667 -3.141 -2.526 -5.059
0.00143 -6.265 -6.183 -6.106 -5.84 -5.555 -5.227 -5.957 -5.799 -5.552 -5.217 -4.864 -4.446 -5.808 -5.451 -5.024 -4.698 -4.384 -5.436 -5.056 -4.736 -4.524 -4.501 -5.073 -5.285 -4.89 -3.745 -3.217 -2.602 -5.14
0.001473 -6.355 -6.27 -6.191 -5.921 -5.635 -5.305 -6.042 -5.88 -5.631 -5.295 -4.941 -4.522 -5.889 -5.53 -5.102 -4.774 -4.46 -5.515 -5.133 -4.813 -4.601 -4.579 -5.151 -5.363 -4.967 -3.82 -3.292 -2.676 -5.218
0.001518 -6.44 -6.353 -6.272 -5.999 -5.711 -5.38 -6.123 -5.958 -5.708 -5.37 -5.016 -4.595 -5.966 -5.606 -5.177 -4.848 -4.533 -5.591 -5.209 -4.888 -4.676 -4.656 -5.226 -5.439 -5.042 -3.893 -3.365 -2.749 -5.293
0.001564 -6.521 -6.432 -6.35 -6.074 -5.785 -5.454 -6.201 -6.033 -5.782 -5.444 -5.088 -4.667 -6.042 -5.68 -5.249 -4.921 -4.605 -5.665 -5.282 -4.961 -4.749 -4.729 -5.299 -5.512 -5.114 -3.964 -3.436 -2.82 -5.367
0.001611 -6.598 -6.507 -6.425 -6.147 -5.857 -5.525 -6.276 -6.106 -5.854 -5.515 -5.159 -4.738 -6.114 -5.752 -5.32 -4.991 -4.676 -5.737 -5.353 -5.032 -4.82 -4.801 -5.371 -5.584 -5.185 -4.034 -3.505 -2.889 -5.438
0.00166 -6.672 -6.58 -6.498 -6.218 -5.928 -5.595 -6.348 -6.177 -5.924 -5.585 -5.228 -4.807 -6.185 -5.822 -5.39 -5.06 -4.745 -5.807 -5.423 -5.101 -4.889 -4.871 -5.44 -5.654 -5.254 -4.103 -3.574 -2.957 -5.508
0.00171 -6.744 -6.651 -6.568 -6.287 -5.996 -5.663 -6.418 -6.246 -5.993 -5.653 -5.296 -4.875 -6.254 -5.891 -5.458 -5.128 -4.812 -5.875 -5.491 -5.169 -4.957 -4.94 -5.508 -5.722 -5.322 -4.17 -3.641 -3.025 -5.576
0.001761 -6.813 -6.72 -6.636 -6.355 -6.063 -5.73 -6.486 -6.313 -6.06 -5.72 -5.363 -4.941 -6.322 -5.958 -5.525 -5.195 -4.879 -5.943 -5.558 -5.236 -5.024 -5.007 -5.575 -5.789 -5.389 -4.237 -3.708 -3.091 -5.643
0.001815 -6.879 -6.786 -6.702 -6.421 -6.129 -5.796 -6.553 -6.379 -6.126 -5.786 -5.429 -5.007 -6.388 -6.024 -5.591 -5.261 -4.945 -6.008 -5.623 -5.302 -5.09 -5.073 -5.641 -5.855 -5.455 -4.302 -3.773 -3.156 -5.709
0.00187 -6.944 -6.851 -6.767 -6.486 -6.194 -5.86 -6.617 -6.444 -6.19 -5.85 -5.494 -5.072 -6.453 -6.088 -5.655 -5.325 -5.009 -6.073 -5.688 -5.367 -5.154 -5.137 -5.706 -5.92 -5.52 -4.367 -3.838 -3.221 -5.774
0.001926 -7.007 -6.914 -6.83 -6.549 -6.258 -5.924 -6.681 -6.507 -6.254 -5.914 -5.557 -5.136 -6.516 -6.152 -5.719 -5.389 -5.073 -6.137 -5.752 -5.43 -5.218 -5.201 -5.77 -5.983 -5.584 -4.431 -3.902 -3.285 -5.837
0.001984 -7.069 -6.976 -6.892 -6.612 -6.321 -5.987 -6.743 -6.57 -6.317 -5.977 -5.62 -5.199 -6.579 -6.215 -5.782 -5.452 -5.136 -6.2 -5.815 -5.493 -5.281 -5.264 -5.833 -6.046 -5.647 -4.494 -3.965 -3.349 -5.9
0.002044 -7.128 -7.036 -6.953 -6.673 -6.383 -6.049 -6.804 -6.632 -6.379 -6.039 -5.683 -5.261 -6.64 -6.277 -5.844 -5.515 -5.199 -6.262 -5.877 -5.556 -5.344 -5.326 -5.895 -6.108 -5.709 -4.557 -4.028 -3.412 -5.962
0.002106 -7.187 -7.096 -7.013 -6.734 -6.444 -6.111 -6.863 -6.692 -6.44 -6.101 -5.745 -5.323 -6.701 -6.338 -5.906 -5.577 -5.261 -6.323 -5.939 -5.617 -5.405 -5.387 -5.956 -6.17 -5.771 -4.619 -4.09 -3.474 -6.024
0.00217 -7.244 -7.154 -7.072 -6.794 -6.504 -6.172 -6.922 -6.752 -6.5 -6.162 -5.806 -5.385 -6.761 -6.399 -5.967 -5.638 -5.322 -6.383 -6.0 -5.678 -5.466 -5.448 -6.017 -6.23 -5.832 -4.681 -4.152 -3.536 -6.085
0.002236 -7.3 -7.211 -7.129 -6.853 -6.564 -6.232 -6.98 -6.811 -6.56 -6.222 -5.866 -5.445 -6.82 -6.459 -6.027 -5.699 -5.383 -6.443 -6.06 -5.739 -5.527 -5.508 -6.077 -6.291 -5.892 -4.742 -4.213 -3.597 -6.145
0.002303 -7.355 -7.267 -7.186 -6.911 -6.623 -6.291 -7.037 -6.87 -6.619 -6.281 -5.926 -5.506 -6.879 -6.518 -6.087 -5.759 -5.444 -6.502 -6.119 -5.799 -5.587 -5.567 -6.137 -6.35 -5.952 -4.803 -4.274 -3.658 -6.204
0.002373 -7.409 -7.322 -7.242 -6.969 -6.681 -6.351 -7.093 -6.928 -6.678 -6.34 -5.986 -5.566 -6.936 -6.576 -6.147 -5.818 -5.504 -6.561 -6.179 -5.858 -5.646 -5.626 -6.196 -6.409 -6.012 -4.863 -4.335 -3.719 -6.263
0.002445 -7.462 -7.377 -7.297 -7.026 -6.739 -6.409 -7.148 -6.985 -6.735 -6.399 -6.045 -5.625 -6.994 -6.635 -6.205 -5.878 -5.563 -6.619 -6.237 -5.917 -5.705 -5.684 -6.255 -6.467 -6.071 -4.923 -4.395 -3.779 -6.322
0.002519 -7.515 -7.43 -7.352 -7.082 -6.797 -6.467 -7.203 -7.042 -6.793 -6.457 -6.103 -5.684 -7.05 -6.692 -6.264 -5.936 -5.622 -6.677 -6.296 -5.976 -5.763 -5.741 -6.313 -6.525 -6.129 -4.983 -4.455 -3.839 -6.38
0.002595 -7.566 -7.483 -7.405 -7.138 -6.853 -6.525 -7.257 -7.098 -6.85 -6.515 -6.161 -5.743 -7.106 -6.749 -6.322 -5.995 -5.681 -6.734 -6.353 -6.034 -5.822 -5.799 -6.371 -6.583 -6.187 -5.042 -4.514 -3.899 -6.437
0.002673 -7.616 -7.535 -7.458 -7.194 -6.91 -6.582 -7.31 -7.153 -6.906 -6.572 -6.219 -5.801 -7.162 -6.806 -6.38 -6.053 -5.739 -6.79 -6.411 -6.092 -5.879 -5.856 -6.428 -6.64 -6.245 -5.101 -4.573 -3.958 -6.495
0.002754 -7.666 -7.587 -7.511 -7.249 -6.966 -6.639 -7.363 -7.208 -6.962 -6.629 -6.277 -5.859 -7.217 -6.862 -6.437 -6.111 -5.797 -6.847 -6.468 -6.149 -5.937 -5.912 -6.485 -6.697 -6.303 -5.159 -4.632 -4.017 -6.551
0.002837 -7.715 -7.638 -7.563 -7.303 -7.022 -6.696 -7.415 -7.263 -7.018 -6.685 -6.334 -5.917 -7.271 -6.918 -6.494 -6.168 -5.855 -6.902 -6.524 -6.206 -5.994 -5.968 -6.542 -6.753 -6.36 -5.218 -4.691 -4.076 -6.608
0.002923 -7.763 -7.688 -7.614 -7.357 -7.077 -6.752 -7.467 -7.317 -7.073 -6.742 -6.391 -5.974 -7.326 -6.974 -6.55 -6.225 -5.913 -6.958 -6.581 -6.263 -6.05 -6.024 -6.598 -6.809 -6.416 -5.276 -4.749 -4.135 -6.664
0.003012 -7.811 -7.738 -7.665 -7.41 -7.132 -6.807 -7.518 -7.371 -7.128 -6.797 -6.447 -6.031 -7.379 -7.029 -6.606 -6.282 -5.97 -7.013 -6.637 -6.319 -6.107 -6.079 -6.654 -6.864 -6.473 -5.333 -4.807 -4.193 -6.72
0.003103 -7.858 -7.787 -7.715 -7.464 -7.186 -6.863 -7.568 -7.424 -7.182 -6.853 -6.503 -6.088 -7.433 -7.084 -6.662 -6.338 -6.027 -7.068 -6.692 -6.375 -6.163 -6.135 -6.71 -6.92 -6.529 -5.391 -4.865 -4.251 -6.775
0.003196 -7.904 -7.835 -7.765 -7.516 -7.24 -6.918 -7.618 -7.477 -7.236 -6.908 -6.559 -6.145 -7.486 -7.138 -6.718 -6.395 -6.083 -7.122 -6.748 -6.431 -6.219 -6.189 -6.765 -6.975 -6.585 -5.448 -4.923 -4.309 -6.83
0.003293 -7.95 -7.883 -7.814 -7.569 -7.294 -6.973 -7.668 -7.53 -7.29 -6.963 -6.615 -6.201 -7.538 -7.193 -6.773 -6.451 -6.14 -7.176 -6.803 -6.487 -6.274 -6.244 -6.82 -7.029 -6.641 -5.505 -4.98 -4.367 -6.885
0.003393 -7.995 -7.931 -7.863 -7.621 -7.347 -7.028 -7.717 -7.582 -7.344 -7.018 -6.67 -6.257 -7.59 -7.246 -6.829 -6.506 -6.196 -7.23 -6.858 -6.542 -6.33 -6.298 -6.875 -7.084 -6.696 -5.562 -5.038 -4.425 -6.94
0.003495 -8.04 -7.978 -7.911 -7.672 -7.401 -7.082 -7.766 -7.634 -7.397 -7.072 -6.726 -6.313 -7.642 -7.3 -6.883 -6.562 -6.252 -7.284 -6.912 -6.597 -6.385 -6.352 -6.93 -7.138 -6.751 -5.619 -5.095 -4.482 -6.994
0.003601 -8.084 -8.024 -7.959 -7.724 -7.454 -7.136 -7.814 -7.685 -7.45 -7.126 -6.781 -6.369 -7.694 -7.353 -6.938 -6.617 -6.308 -7.337 -6.966 -6.652 -6.44 -6.406 -6.984 -7.191 -6.806 -5.675 -5.152 -4.539 -7.048
0.00371 -8.128 -8.07 -8.007 -7.774 -7.506 -7.19 -7.862 -7.737 -7.502 -7.18 -6.835 -6.424 -7.745 -7.406 -6.992 -6.672 -6.364 -7.39 -7.02 -6.707 -6.495 -6.46 -7.038 -7.245 -6.861 -5.732 -5.208 -4.596 -7.102
0.003822 -8.171 -8.116 -8.054 -7.825 -7.558 -7.244 -7.91 -7.787 -7.555 -7.234 -6.89 -6.48 -7.796 -7.459 -7.047 -6.727 -6.419 -7.442 -7.074 -6.761 -6.549 -6.513 -7.092 -7.298 -6.915 -5.788 -5.265 -4.653 -7.155
0.003938 -8.213 -8.161 -8.1 -7.875 -7.611 -7.297 -7.957 -7.838 -7.607 -7.287 -6.944 -6.535 -7.846 -7.511 -7.101 -6.782 -6.474 -7.495 -7.128 -6.815 -6.603 -6.566 -7.145 -7.351 -6.969 -5.844 -5.321 -4.71 -7.208
0.004057 -8.256 -8.206 -8.147 -7.925 -7.662 -7.35 -8.004 -7.888 -7.659 -7.34 -6.998 -6.59 -7.897 -7.564 -7.154 -6.836 -6.529 -7.547 -7.181 -6.869 -6.657 -6.619 -7.199 -7.404 -7.023 -5.9 -5.377 -4.767 -7.261
0.00418 -8.297 -8.25 -8.193 -7.975 -7.714 -7.403 -8.05 -7.938 -7.71 -7.393 -7.052 -6.644 -7.947 -7.616 -7.208 -6.891 -6.584 -7.599 -7.235 -6.923 -6.711 -6.672 -7.252 -7.457 -7.077 -5.955 -5.434 -4.823 -7.314
0.004306 -8.338 -8.294 -8.238 -8.025 -7.765 -7.456 -8.096 -7.988 -7.761 -7.446 -7.106 -6.699 -7.996 -7.668 -7.261 -6.945 -6.639 -7.651 -7.288 -6.977 -6.765 -6.725 -7.305 -7.509 -7.131 -6.011 -5.49 -4.88 -7.367
0.004436 -8.379 -8.337 -8.283 -8.074 -7.816 -7.508 -8.142 -8.038 -7.813 -7.498 -7.159 -6.753 -8.046 -7.719 -7.314 -6.999 -6.693 -7.702 -7.34 -7.031 -6.819 -6.777 -7.358 -7.561 -7.184 -6.066 -5.545 -4.936 -7.419
0.00457 -8.419 -8.381 -8.328 -8.123 -7.867 -7.561 -8.187 -8.087 -7.863 -7.551 -7.213 -6.807 -8.095 -7.77 -7.367 -7.053 -6.748 -7.754 -7.393 -7.084 -6.872 -6.83 -7.41 -7.613 -7.237 -6.122 -5.601 -4.992 -7.471
0.004709 -8.459 -8.423 -8.372 -8.171 -7.918 -7.613 -8.232 -8.136 -7.914 -7.603 -7.266 -6.862 -8.144 -7.822 -7.42 -7.106 -6.802 -7.805 -7.446 -7.137 -6.926 -6.882 -7.463 -7.665 -7.291 -6.177 -5.657 -5.048 -7.523
0.004851 -8.499 -8.465 -8.417 -8.22 -7.968 -7.665 -8.277 -8.185 -7.964 -7.655 -7.319 -6.915 -8.193 -7.872 -7.473 -7.16 -6.856 -7.856 -7.498 -7.19 -6.979 -6.934 -7.515 -7.717 -7.343 -6.232 -5.712 -5.104 -7.575
0.004998 -8.538 -8.507 -8.46 -8.268 -8.018 -7.716 -8.321 -8.233 -8.015 -7.707 -7.372 -6.969 -8.241 -7.923 -7.525 -7.213 -6.91 -7.906 -7.55 -7.243 -7.032 -6.986 -7.567 -7.768 -7.396 -6.287 -5.768 -5.16 -7.627
0.005149 -8.576 -8.549 -8.504 -8.316 -8.068 -7.768 -8.365 -8.281 -8.065 -7.758 -7.424 -7.023 -8.289 -7.974 -7.577 -7.266 -6.964 -7.957 -7.602 -7.296 -7.085 -7.038 -7.619 -7.819 -7.449 -6.341 -5.823 -5.215 -7.678
0.005305 -8.615 -8.59 -8.547 -8.363 -8.118 -7.819 -8.409 -8.329 -8.114 -7.81 -7.477 -7.076 -8.337 -8.024 -7.629 -7.319 -7.017 -8.007 -7.654 -7.348 -7.137 -7.089 -7.67 -7.87 -7.501 -6.396 -5.878 -5.271 -7.73
0.005465 -8.652 -8.631 -8.59 -8.41 -8.167 -7.87 -8.453 -8.377 -8.164 -7.861 -7.529 -7.13 -8.385 -8.074 -7.681 -7.372 -7.071 -8.057 -7.705 -7.401 -7.19 -7.141 -7.722 -7.921 -7.554 -6.45 -5.933 -5.326 -7.781
0.00563 -8.69 -8.671 -8.632 -8.458 -8.217 -7.921 -8.496 -8.424 -8.213 -7.912 -7.581 -7.183 -8.432 -8.124 -7.733 -7.425 -7.124 -8.107 -7.757 -7.453 -7.242 -7.192 -7.773 -7.972 -7.606 -6.505 -5.988 -5.382 -7.832
0.005801 -8.727 -8.711 -8.674 -8.504 -8.266 -7.972 -8.539 -8.472 -8.262 -7.963 -7.633 -7.236 -8.479 -8.174 -7.785 -7.477 -7.178 -8.157 -7.808 -7.505 -7.295 -7.244 -7.824 -8.022 -7.658 -6.559 -6.043 -5.437 -7.882
0.005976 -8.764 -8.751 -8.716 -8.551 -8.315 -8.023 -8.582 -8.519 -8.311 -8.013 -7.685 -7.289 -8.526 -8.223 -7.836 -7.53 -7.231 -8.206 -7.859 -7.557 -7.347 -7.295 -7.875 -8.073 -7.71 -6.613 -6.098 -5.492 -7.933
0.006157 -8.8 -8.791 -8.757 -8.597 -8.364 -8.074 -8.624 -8.565 -8.36 -8.064 -7.737 -7.342 -8.573 -8.273 -7.887 -7.582 -7.284 -8.256 -7.91 -7.609 -7.399 -7.346 -7.926 -8.123 -7.761 -6.667 -6.152 -5.547 -7.983
0.006343 -8.836 -8.83 -8.799 -8.644 -8.412 -8.124 -8.666 -8.612 -8.409 -8.114 -7.789 -7.395 -8.62 -8.322 -7.939 -7.634 -7.337 -8.305 -7.961 -7.661 -7.451 -7.397 -7.977 -8.173 -7.813 -6.721 -6.207 -5.602 -8.034
0.006535 -8.871 -8.868 -8.839 -8.689 -8.461 -8.174 -8.708 -8.658 -8.457 -8.165 -7.84 -7.447 -8.666 -8.371 -7.99 -7.686 -7.389 -8.354 -8.012 -7.712 -7.503 -7.448 -8.027 -8.222 -7.864 -6.775 -6.261 -5.657 -8.084
0.006732 -8.906 -8.907 -8.88 -8.735 -8.509 -8.224 -8.749 -8.704 -8.505 -8.215 -7.891 -7.5 -8.712 -8.42 -8.04 -7.738 -7.442 -8.403 -8.062 -7.764 -7.555 -7.498 -8.078 -8.272 -7.915 -6.829 -6.316 -5.712 -8.134
0.006936 -8.941 -8.944 -8.92 -8.781 -8.557 -8.274 -8.79 -8.75 -8.553 -8.265 -7.943 -7.552 -8.758 -8.468 -8.091 -7.79 -7.495 -8.451 -8.113 -7.815 -7.606 -7.549 -8.128 -8.322 -7.967 -6.883 -6.37 -5.767 -8.183
0.007146 -8.975 -8.982 -8.96 -8.826 -8.605 -8.324 -8.831 -8.796 -8.601 -8.314 -7.994 -7.605 -8.803 -8.517 -8.142 -7.842 -7.547 -8.5 -8.163 -7.867 -7.658 -7.6 -8.178 -8.371 -8.018 -6.936 -6.424 -5.822 -8.233
0.007362 -9.009 -9.019 -9.0 -8.871 -8.652 -8.373 -8.872 -8.841 -8.649 -8.364 -8.045 -7.657 -8.849 -8.565 -8.192 -7.893 -7.6 -8.548 -8.213 -7.918 -7.709 -7.65 -8.228 -8.42 -8.068 -6.99 -6.478 -5.876 -8.282
0.007585 -9.043 -9.056 -9.039 -8.916 -8.7 -8.423 -8.913 -8.887 -8.696 -8.413 -8.096 -7.709 -8.894 -8.613 -8.243 -7.945 -7.652 -8.596 -8.263 -7.969 -7.761 -7.701 -8.278 -8.469 -8.119 -7.043 -6.532 -5.931 -8.332
0.007814 -9.076 -9.093 -9.078 -8.96 -8.747 -8.472 -8.953 -8.932 -8.743 -8.463 -8.146 -7.761 -8.939 -8.661 -8.293 -7.996 -7.704 -8.644 -8.313 -8.02 -7.812 -7.751 -8.327 -8.518 -8.17 -7.096 -6.586 -5.986 -8.381
0.00805 -9.109 -9.129 -9.117 -9.004 -8.794 -8.521 -8.993 -8.977 -8.79 -8.512 -8.197 -7.813 -8.984 -8.709 -8.343 -8.047 -7.756 -8.692 -8.363 -8.07 -7.863 -7.801 -8.377 -8.567 -8.22 -7.15 -6.64 -6.04 -8.43
0.008294 -9.141 -9.165 -9.155 -9.049 -8.841 -8.57 -9.032 -9.021 -8.837 -8.561 -8.247 -7.864 -9.028 -8.756 -8.393 -8.098 -7.808 -8.74 -8.413 -8.121 -7.914 -7.851 -8.426 -8.615 -8.271 -7.203 -6.694 -6.094 -8.479
0.008545 -9.173 -9.201 -9.193 -9.092 -8.888 -8.619 -9.072 -9.066 -8.884 -8.61 -8.298 -7.916 -9.072 -8.804 -8.443 -8.149 -7.86 -8.787 -8.462 -8.172 -7.965 -7.901 -8.476 -8.664 -8.321 -7.256 -6.748 -6.149 -8.528
0.008803 -9.205 -9.236 -9.231 -9.136 -8.934 -8.668 -9.111 -9.11 -8.931 -8.659 -8.348 -7.968 -9.117 -8.851 -8.492 -8.2 -7.911 -8.835 -8.511 -8.222 -8.016 -7.951 -8.525 -8.712 -8.371 -7.309 -6.801 -6.203 -8.576
0.009069 -9.236 -9.271 -9.269 -9.18 -8.981 -8.716 -9.15 -9.154 -8.977 -8.707 -8.398 -8.019 -9.16 -8.898 -8.542 -8.251 -7.963 -8.882 -8.561 -8.273 -8.067 -8.001 -8.574 -8.76 -8.421 -7.362 -6.855 -6.257 -8.625
0.009344 -9.267 -9.305 -9.306 -9.223 -9.027 -8.765 -9.188 -9.197 -9.023 -8.756 -8.448 -8.07 -9.204 -8.945 -8.591 -8.302 -8.015 -8.929 -8.61 -8.323 -8.117 -8.051 -8.622 -8.808 -8.471 -7.415 -6.909 -6.311 -8.673
0.009626 -9.298 -9.339 -9.343 -9.266 -9.073 -8.813 -9.227 -9.241 -9.069 -8.804 -8.498 -8.122 -9.248 -8.992 -8.64 -8.352 -8.066 -8.976 -8.659 -8.373 -8.168 -8.101 -8.671 -8.856 -8.521 -7.467 -6.962 -6.365 -8.721
0.009917 -9.328 -9.373 -9.379 -9.309 -9.119 -8.861 -9.265 -9.284 -9.115 -8.852 -8.548 -8.173 -9.291 -9.039 -8.69 -8.402 -8.117 -9.023 -8.708 -8.423 -8.218 -8.151 -8.72 -8.903 -8.57 -7.52 -7.015 -6.419 -8.769
0.010217 -9.358 -9.406 -9.416 -9.351 -9.164 -8.909 -9.303 -9.327 -9.161 -8.9 -8.597 -8.224 -9.334 -9.085 -8.739 -8.453 -8.169 -9.069 -8.757 -8.473 -8.269 -8.2 -8.768 -8.951 -8.62 -7.573 -7.069 -6.473 -8.817
0.010526 -9.387 -9.44 -9.452 -9.393 -9.21 -8.957 -9.34 -9.37 -9.206 -8.948 -8.647 -8.275 -9.377 -9.131 -8.787 -8.503 -8.22 -9.116 -8.805 -8.523 -8.319 -8.25 -8.816 -8.998 -8.669 -7.625 -7.122 -6.527 -8.865
0.010845 -9.417 -9.472 -9.487 -9.436 -9.255 -9.005 -9.378 -9.413 -9.252 -8.996 -8.696 -8.326 -9.419 -9.177 -8.836 -8.553 -8.271 -9.162 -8.854 -8.573 -8.369 -8.3 -8.865 -9.045 -8.719 -7.678 -7.175 -6.581 -8.913
0.011173 -9.445 -9.505 -9.523 -9.478 -9.3 -9.052 -9.415 -9.455 -9.297 -9.043 -8.745 -8.376 -9.462 -9.223 -8.885 -8.603 -8.322 -9.208 -8.902 -8.622 -8.42 -8.349 -8.913 -9.092 -8.768 -7.73 -7.228 -6.635 -8.96
0.011511 -9.474 -9.537 -9.558 -9.519 -9.345 -9.1 -9.452 -9.498 -9.342 -9.091 -8.795 -8.427 -9.504 -9.269 -8.933 -8.653 -8.373 -9.254 -8.95 -8.672 -8.47 -8.398 -8.961 -9.139 -8.817 -7.782 -7.282 -6.689 -9.007
0.011859 -9.502 -9.568 -9.593 -9.561 -9.39 -9.147 -9.488 -9.54 -9.386 -9.138 -8.844 -8.478 -9.546 -9.315 -8.982 -8.703 -8.424 -9.3 -8.998 -8.721 -8.52 -8.448 -9.008 -9.186 -8.866 -7.835 -7.335 -6.742 -9.055
0.012217 -9.529 -9.6 -9.627 -9.602 -9.435 -9.194 -9.525 -9.581 -9.431 -9.185 -8.893 -8.528 -9.587 -9.36 -9.03 -8.752 -8.474 -9.345 -9.047 -8.771 -8.57 -8.497 -9.056 -9.233 -8.915 -7.887 -7.388 -6.796 -9.102
0.012587 -9.556 -9.631 -9.661 -9.643 -9.479 -9.241 -9.561 -9.623 -9.476 -9.232 -8.941 -8.578 -9.629 -9.406 -9.078 -8.802 -8.525 -9.391 -9.094 -8.82 -8.619 -8.546 -9.103 -9.279 -8.963 -7.939 -7.44 -6.849 -9.149
0.012968 -9.583 -9.661 -9.695 -9.684 -9.523 -9.288 -9.597 -9.664 -9.52 -9.279 -8.99 -8.629 -9.67 -9.451 -9.126 -8.851 -8.575 -9.436 -9.142 -8.869 -8.669 -8.595 -9.151 -9.325 -9.012 -7.991 -7.493 -6.903 -9.195
0.01336 -9.61 -9.692 -9.729 -9.724 -9.567 -9.335 -9.633 -9.706 -9.564 -9.326 -9.039 -8.679 -9.711 -9.496 -9.174 -8.901 -8.626 -9.481 -9.19 -8.918 -8.719 -8.644 -9.198 -9.371 -9.06 -8.043 -7.546 -6.956 -9.242
0.013764 -9.636 -9.722 -9.762 -9.765 -9.611 -9.381 -9.668 -9.747 -9.608 -9.373 -9.087 -8.729 -9.752 -9.541 -9.222 -8.95 -8.676 -9.527 -9.237 -8.967 -8.768 -8.693 -9.245 -9.417 -9.109 -8.095 -7.599 -7.01 -9.289
0.01418 -9.661 -9.751 -9.795 -9.805 -9.655 -9.428 -9.703 -9.787 -9.652 -9.419 -9.135 -8.779 -9.793 -9.585 -9.269 -8.999 -8.726 -9.571 -9.285 -9.016 -8.818 -8.742 -9.292 -9.463 -9.157 -8.147 -7.651 -7.063 -9.335
0.014609 -9.687 -9.78 -9.828 -9.844 -9.699 -9.474 -9.738 -9.828 -9.695 -9.465 -9.184 -8.829 -9.833 -9.63 -9.317 -9.048 -8.777 -9.616 -9.332 -9.065 -8.867 -8.791 -9.339 -9.509 -9.205 -8.198 -7.704 -7.116 -9.381
0.015051 -9.711 -9.809 -9.86 -9.884 -9.742 -9.52 -9.773 -9.868 -9.739 -9.512 -9.232 -8.879 -9.873 -9.674 -9.364 -9.097 -8.827 -9.661 -9.379 -9.114 -8.916 -8.84 -9.386 -9.555 -9.253 -8.25 -7.757 -7.17 -9.427
0.015506 -9.736 -9.837 -9.892 -9.924 -9.785 -9.566 -9.807 -9.908 -9.782 -9.558 -9.28 -8.929 -9.913 -9.718 -9.412 -9.146 -8.877 -9.705 -9.426 -9.162 -8.966 -8.889 -9.432 -9.6 -9.301 -8.302 -7.809 -7.223 -9.473
0.015975 -9.76 -9.865 -9.924 -9.963 -9.828 -9.612 -9.841 -9.948 -9.825 -9.604 -9.328 -8.978 -9.953 -9.762 -9.459 -9.195 -8.927 -9.749 -9.473 -9.211 -9.015 -8.937 -9.479 -9.645 -9.349 -8.353 -7.862 -7.276 -9.519
0.016458 -9.784 -9.893 -9.955 -10.002 -9.871 -9.658 -9.875 -9.988 -9.868 -9.649 -9.376 -9.028 -9.993 -9.806 -9.506 -9.243 -8.976 -9.793 -9.52 -9.259 -9.064 -8.986 -9.525 -9.69 -9.396 -8.405 -7.914 -7.329 -9.565
0.016956 -9.807 -9.92 -9.986 -10.04 -9.914 -9.703 -9.909 -10.027 -9.91 -9.695 -9.423 -9.077 -10.032 -9.85 -9.553 -9.292 -9.026 -9.837 -9.567 -9.307 -9.113 -9.035 -9.571 -9.735 -9.444 -8.456 -7.966 -7.382 -9.611
0.017469 -9.83 -9.947 -10.017 -10.079 -9.956 -9.749 -9.943 -10.066 -9.953 -9.741 -9.471 -9.127 -10.071 -9.893 -9.599 -9.34 -9.076 -9.881 -9.613 -9.355 -9.162 -9.083 -9.617 -9.78 -9.491 -8.507 -8.018 -7.435 -9.656
0.017997 -9.852 -9.974 -10.047 -10.117 -9.998 -9.794 -9.976 -10.105 -9.995 -9.786 -9.518 -9.176 -10.11 -9.937 -9.646 -9.389 -9.125 -9.925 -9.66 -9.403 -9.211 -9.131 -9.663 -9.825 -9.539 -8.559 -8.071 -7.488 -9.701
0.018541 -9.874 -10.0 -10.077 -10.155 -10.04 -9.839 -10.009 -10.144 -10.037 -9.831 -9.565 -9.225 -10.148 -9.98 -9.693 -9.437 -9.175 -9.968 -9.706 -9.451 -9.259 -9.18 -9.709 -9.869 -9.586 -8.61 -8.123 -7.541 -9.746
0.019102 -9.896 -10.025 -10.107 -10.193 -10.082 -9.884 -10.041 -10.182 -10.079 -9.876 -9.613 -9.274 -10.187 -10.023 -9.739 -9.485 -9.224 -10.011 -9.752 -9.499 -9.308 -9.228 -9.755 -9.914 -9.633 -8.661 -8.175 -7.594 -9.791
0.01968 -9.917 -10.051 -10.136 -10.23 -10.124 -9.929 -10.074 -10.22 -10.121 -9.921 -9.66 -9.323 -10.225 -10.065 -9.785 -9.533 -9.273 -10.054 -9.798 -9.547 -9.356 -9.276 -9.8 -9.958 -9.68 -8.712 -8.227 -7.647 -9.836
0.020275 -9.938 -10.076 -10.165 -10.267 -10.165 -9.974 -10.106 -10.258 -10.162 -9.966 -9.707 -9.372 -10.263 -10.108 -9.831 -9.581 -9.322 -10.097 -9.844 -9.595 -9.405 -9.325 -9.846 -10.002 -9.727 -8.763 -8.279 -7.7 -9.881
0.020888 -9.958 -10.1 -10.194 -10.304 -10.207 -10.018 -10.138 -10.296 -10.203 -10.01 -9.754 -9.421 -10.3 -10.15 -9.877 -9.629 -9.372 -10.14 -9.89 -9.642 -9.453 -9.373 -9.891 -10.046 -9.773 -8.814 -8.331 -7.753 -9.925
0.02152 -9.978 -10.124 -10.222 -10.341 -10.248 -10.063 -10.17 -10.333 -10.245 -10.055 -9.8 -9.469 -10.337 -10.193 -9.923 -9.676 -9.421 -10.182 -9.936 -9.69 -9.502 -9.421 -9.936 -10.09 -9.82 -8.865 -8.383 -7.805 -9.97
0.022171 -9.998 -10.148 -10.25 -10.377 -10.289 -10.107 -10.201 -10.371 -10.286 -10.099 -9.847 -9.518 -10.375 -10.235 -9.969 -9.724 -9.469 -10.225 -9.981 -9.737 -9.55 -9.469 -9.981 -10.133 -9.866 -8.916 -8.435 -7.858 -10.014
0.022841 -10.017 -10.171 -10.278 -10.414 -10.329 -10.151 -10.233 -10.408 -10.326 -10.143 -9.893 -9.567 -10.411 -10.277 -10.014 -9.771 -9.518 -10.267 -10.027 -9.784 -9.598 -9.517 -10.026 -10.177 -9.913 -8.966 -8.486 -7.911 -10.058
0.023532 -10.035 -10.194 -10.305 -10.45 -10.37 -10.195 -10.264 -10.444 -10.367 -10.187 -9.94 -9.615 -10.448 -10.318 -10.06 -9.819 -9.567 -10.309 -10.072 -9.831 -9.646 -9.564 -10.07 -10.22 -9.959 -9.017 -8.538 -7.963 -10.102
0.024244 -10.054 -10.216 -10.332 -10.485 -10.41 -10.239 -10.294 -10.481 -10.407 -10.231 -9.986 -9.663 -10.484 -10.36 -10.105 -9.866 -9.616 -10.351 -10.117 -9.878 -9.694 -9.612 -10.115 -10.263 -10.005 -9.068 -8.59 -8.016 -10.146
0.024977 -10.071 -10.238 -10.359 -10.521 -10.45 -10.282 -10.325 -10.517 -10.447 -10.275 -10.032 -9.712 -10.521 -10.401 -10.15 -9.913 -9.664 -10.393 -10.162 -9.925 -9.742 -9.66 -10.159 -10.306 -10.051 -9.118 -8.641 -8.068 -10.19
0.025733 -10.089 -10.26 -10.385 -10.556 -10.49 -10.326 -10.355 -10.553 -10.487 -10.318 -10.078 -9.76 -10.556 -10.442 -10.195 -9.96 -9.713 -10.434 -10.207 -9.972 -9.79 -9.708 -10.204 -10.349 -10.097 -9.169 -8.693 -8.121 -10.233
0.026511 -10.106 -10.281 -10.411 -10.591 -10.53 -10.369 -10.385 -10.589 -10.527 -10.362 -10.124 -9.808 -10.592 -10.483 -10.24 -10.007 -9.761 -10.476 -10.252 -10.019 -9.837 -9.755 -10.248 -10.391 -10.142 -9.219 -8.745 -8.173 -10.277
0.027313 -10.122 -10.302 -10.436 -10.625 -10.569 -10.412 -10.415 -10.624 -10.566 -10.405 -10.17 -9.856 -10.627 -10.524 -10.285 -10.054 -9.809 -10.517 -10.296 -10.066 -9.885 -9.803 -10.292 -10.433 -10.188 -9.269 -8.796 -8.226 -10.32
0.028139 -10.138 -10.322 -10.462 -10.66 -10.609 -10.455 -10.444 -10.66 -10.606 -10.448 -10.215 -9.903 -10.662 -10.565 -10.33 -10.101 -9.857 -10.558 -10.341 -10.112 -9.932 -9.85 -10.336 -10.476 -10.233 -9.32 -8.847 -8.278 -10.363
0.02899 -10.154 -10.342 -10.486 -10.694 -10.648 -10.498 -10.474 -10.694 -10.645 -10.491 -10.261 -9.951 -10.697 -10.605 -10.374 -10.147 -9.905 -10.598 -10.385 -10.158 -9.98 -9.898 -10.379 -10.518 -10.279 -9.37 -8.899 -8.33 -10.406
0.029867 -10.169 -10.361 -10.511 -10.728 -10.687 -10.541 -10.503 -10.729 -10.684 -10.533 -10.306 -9.999 -10.732 -10.645 -10.418 -10.194 -9.953 -10.639 -10.429 -10.205 -10.027 -9.945 -10.423 -10.56 -10.324 -9.42 -8.95 -8.383 -10.449
0.03077 -10.183 -10.38 -10.535 -10.761 -10.725 -10.583 -10.531 -10.764 -10.722 -10.576 -10.351 -10.046 -10.766 -10.685 -10.462 -10.24 -10.001 -10.679 -10.473 -10.251 -10.074 -9.992 -10.466 -10.601 -10.369 -9.47 -9.001 -8.435 -10.491
0.031701 -10.197 -10.399 -10.558 -10.794 -10.764 -10.626 -10.56 -10.798 -10.761 -10.618 -10.396 -10.094 -10.8 -10.725 -10.507 -10.286 -10.049 -10.72 -10.517 -10.297 -10.121 -10.039 -10.509 -10.643 -10.414 -9.52 -9.052 -8.487 -10.534
0.032659 -10.211 -10.417 -10.582 -10.827 -10.802 -10.668 -10.588 -10.831 -10.799 -10.66 -10.441 -10.141 -10.833 -10.764 -10.55 -10.332 -10.097 -10.76 -10.561 -10.343 -10.169 -10.086 -10.552 -10.684 -10.459 -9.57 -9.104 -8.539 -10.576
0.033647 -10.224 -10.434 -10.604 -10.86 -10.84 -10.71 -10.616 -10.865 -10.837 -10.702 -10.486 -10.188 -10.867 -10.804 -10.594 -10.378 -10.144 -10.799 -10.605 -10.389 -10.215 -10.133 -10.595 -10.725 -10.503 -9.62 -9.155 -8.591 -10.618
0.034665 -10.237 -10.451 -10.627 -10.892 -10.878 -10.751 -10.644 -10.898 -10.875 -10.744 -10.531 -10.235 -10.9 -10.843 -10.638 -10.424 -10.192 -10.839 -10.648 -10.434 -10.262 -10.18 -10.638 -10.767 -10.548 -9.67 -9.206 -8.643 -10.66
0.035713 -10.249 -10.468 -10.649 -10.924 -10.915 -10.793 -10.672 -10.931 -10.912 -10.786 -10.575 -10.282 -10.933 -10.882 -10.681 -10.47 -10.239 -10.878 -10.691 -10.48 -10.309 -10.227 -10.681 -10.807 -10.592 -9.719 -9.257 -8.695 -10.702
0.036793 -10.261 -10.484 -10.671 -10.956 -10.952 -10.834 -10.699 -10.964 -10.95 -10.828 -10.62 -10.329 -10.965 -10.921 -10.724 -10.515 -10.286 -10.918 -10.734 -10.525 -10.356 -10.274 -10.723 -10.848 -10.636 -9.769 -9.308 -8.747 -10.744
0.037906 -10.272 -10.499 -10.692 -10.987 -10.989 -10.876 -10.726 -10.996 -10.987 -10.869 -10.664 -10.376 -10.997 -10.959 -10.768 -10.561 -10.333 -10.957 -10.777 -10.571 -10.402 -10.321 -10.765 -10.888 -10.68 -9.818 -9.358 -8.799 -10.785
0.039052 -10.283 -10.514 -10.713 -11.018 -11.026 -10.917 -10.753 -11.029 -11.024 -10.91 -10.708 -10.423 -11.029 -10.997 -10.811 -10.606 -10.38 -10.996 -10.82 -10.616 -10.449 -10.367 -10.807 -10.929 -10.724 -9.868 -9.409 -8.851 -10.827
0.040234 -10.293 -10.529 -10.733 -11.049 -11.063 -10.958 -10.779 -11.06 -11.06 -10.951 -10.752 -10.469 -11.061 -11.035 -10.853 -10.651 -10.427 -11.034 -10.863 -10.661 -10.495 -10.414 -10.849 -10.969 -10.768 -9.917 -9.46 -8.903 -10.868
0.04145 -10.303 -10.543 -10.753 -11.08 -11.099 -10.998 -10.805 -11.092 -11.096 -10.992 -10.796 -10.516 -11.092 -11.073 -10.896 -10.696 -10.474 -11.073 -10.906 -10.706 -10.541 -10.46 -10.891 -11.009 -10.812 -9.967 -9.511 -8.954 -10.909
0.042704 -10.312 -10.557 -10.773 -11.11 -11.135 -11.039 -10.831 -11.123 -11.133 -11.032 -10.839 -10.562 -11.123 -11.111 -10.938 -10.741 -10.521 -11.111 -10.948 -10.751 -10.587 -10.507 -10.933 -11.048 -10.855 -10.016 -9.561 -9.006 -10.95
0.043996 -10.321 -10.57 -10.792 -11.14 -11.171 -11.079 -10.857 -11.154 -11.168 -11.073 -10.883 -10.609 -11.154 -11.148 -10.981 -10.786 -10.568 -11.149 -10.99 -10.795 -10.634 -10.553 -10.974 -11.088 -10.898 -10.065 -9.612 -9.058 -10.99
0.045326 -10.329 -10.582 -10.811 -11.169 -11.206 -11.119 -10.882 -11.185 -11.204 -11.113 -10.926 -10.655 -11.184 -11.186 -11.023 -10.831 -10.614 -11.186 -11.032 -10.84 -10.679 -10.599 -11.016 -11.127 -10.942 -10.114 -9.662 -9.109 -11.031
0.046697 -10.337 -10.594 -10.829 -11.198 -11.242 -11.159 -10.908 -11.215 -11.239 -11.153 -10.97 -10.701 -11.214 -11.222 -11.065 -10.876 -10.661 -11.224 -11.074 -10.885 -10.725 -10.645 -11.057 -11.166 -10.985 -10.163 -9.713 -9.161 -11.071
0.048109 -10.344 -10.606 -10.847 -11.227 -11.277 -11.199 -10.933 -11.245 -11.275 -11.193 -11.013 -10.747 -11.244 -11.259 -11.107 -10.92 -10.707 -11.261 -11.116 -10.929 -10.771 -10.692 -11.098 -11.205 -11.028 -10.212 -9.763 -9.213 -11.111
0.049564 -10.351 -10.617 -10.865 -11.256 -11.312 -11.238 -10.957 -11.274 -11.309 -11.232 -11.056 -10.792 -11.274 -11.296 -11.148 -10.964 -10.753 -11.298 -11.157 -10.973 -10.817 -10.738 -11.138 -11.244 -11.07 -10.261 -9.813 -9.264 -11.151
0.051063 -10.357 -10.627 -10.882 -11.284 -11.346 -11.278 -10.982 -11.304 -11.344 -11.272 -11.098 -10.838 -11.303 -11.332 -11.19 -11.008 -10.799 -11.335 -11.199 -11.017 -10.862 -10.783 -11.179 -11.282 -11.113 -10.31 -9.864 -9.316 -11.191
0.052608 -10.363 -10.637 -10.899 -11.312 -11.381 -11.317 -11.006 -11.333 -11.378 -11.311 -11.141 -10.884 -11.331 -11.368 -11.231 -11.052 -10.845 -11.372 -11.24 -11.061 -10.907 -10.829 -11.219 -11.32 -11.155 -10.359 -9.914 -9.367 -11.23
0.054199 -10.368 -10.647 -10.915 -11.339 -11.415 -11.356 -11.03 -11.361 -11.412 -11.35 -11.184 -10.929 -11.36 -11.404 -11.272 -11.096 -10.891 -11.408 -11.281 -11.105 -10.953 -10.875 -11.26 -11.358 -11.198 -10.407 -9.964 -9.418 -11.27
0.055838 -10.373 -10.655 -10.93 -11.366 -11.448 -11.395 -11.053 -11.389 -11.446 -11.389 -11.226 -10.974 -11.388 -11.439 -11.313 -11.14 -10.937 -11.444 -11.322 -11.148 -10.998 -10.921 -11.3 -11.396 -11.24 -10.456 -10.014 -9.47 -11.309
0.057527 -10.377 -10.664 -10.946 -11.393 -11.482 -11.433 -11.077 -11.417 -11.48 -11.427 -11.268 -11.02 -11.415 -11.474 -11.354 -11.184 -10.982 -11.48 -11.363 -11.192 -11.043 -10.966 -11.34 -11.434 -11.282 -10.504 -10.064 -9.521 -11.348
0.059267 -10.38 -10.671 -10.96 -11.419 -11.515 -11.471 -11.1 -11.445 -11.513 -11.466 -11.31 -11.065 -11.443 -11.509 -11.395 -11.227 -11.028 -11.516 -11.403 -11.235 -11.088 -11.011 -11.379 -11.471 -11.323 -10.553 -10.114 -9.572 -11.387
0.061059 -10.383 -10.678 -10.975 -11.446 -11.548 -11.509 -11.122 -11.472 -11.546 -11.504 -11.352 -11.11 -11.47 -11.544 -11.435 -11.27 -11.073 -11.551 -11.443 -11.279 -11.133 -11.057 -11.419 -11.508 -11.365 -10.601 -10.164 -9.623 -11.426
0.062906 -10.385 -10.685 -10.989 -11.471 -11.58 -11.547 -11.145 -11.499 -11.579 -11.542 -11.394 -11.154 -11.496 -11.579 -11.475 -11.313 -11.118 -11.586 -11.483 -11.322 -11.177 -11.102 -11.458 -11.545 -11.406 -10.649 -10.214 -9.674 -11.464
0.064808 -10.387 -10.691 -11.002 -11.496 -11.613 -11.585 -11.167 -11.526 -11.611 -11.58 -11.435 -11.199 -11.523 -11.613 -11.515 -11.356 -11.164 -11.621 -11.523 -11.365 -11.222 -11.147 -11.497 -11.582 -11.448 -10.697 -10.264 -9.726 -11.502
0.066769 -10.389 -10.696 -11.015 -11.521 -11.645 -11.622 -11.189 -11.552 -11.643 -11.617 -11.476 -11.244 -11.549 -11.647 -11.555 -11.399 -11.209 -11.656 -11.563 -11.407 -11.266 -11.192 -11.536 -11.618 -11.489 -10.746 -10.313 -9.777 -11.54
0.068788 -10.389 -10.701 -11.027 -11.546 -11.676 -11.659 -11.211 -11.578 -11.675 -11.655 -11.517 -11.288 -11.574 -11.68 -11.595 -11.442 -11.253 -11.69 -11.603 -11.45 -11.311 -11.237 -11.575 -11.655 -11.53 -10.794 -10.363 -9.828 -11.578
0.070868 -10.389 -10.705 -11.039 -11.57 -11.708 -11.696 -11.232 -11.603 -11.706 -11.692 -11.558 -11.332 -11.599 -11.714 -11.634 -11.485 -11.298 -11.725 -11.642 -11.492 -11.355 -11.282 -11.613 -11.691 -11.57 -10.841 -10.412 -9.878 -11.616
0.073012 -10.389 -10.708 -11.05 -11.594 -11.739 -11.733 -11.254 -11.628 -11.737 -11.728 -11.599 -11.377 -11.624 -11.747 -11.673 -11.527 -11.343 -11.758 -11.681 -11.535 -11.399 -11.327 -11.652 -11.726 -11.611 -10.889 -10.462 -9.929 -11.653
0.07522 -10.388 -10.711 -11.061 -11.617 -11.77 -11.77 -11.275 -11.653 -11.768 -11.765 -11.64 -11.421 -11.648 -11.78 -11.712 -11.569 -11.387 -11.792 -11.72 -11.577 -11.443 -11.371 -11.69 -11.762 -11.651 -10.937 -10.511 -9.98 -11.691
0.077495 -10.386 -10.714 -11.072 -11.64 -11.8 -11.806 -11.295 -11.677 -11.799 -11.801 -11.68 -11.464 -11.672 -11.812 -11.751 -11.611 -11.432 -11.825 -11.759 -11.619 -11.487 -11.416 -11.728 -11.797 -11.691 -10.985 -10.561 -10.031 -11.728
0.079839 -10.384 -10.715 -11.082 -11.662 -11.831 -11.842 -11.315 -11.701 -11.829 -11.837 -11.72 -11.508 -11.696 -11.845 -11.79 -11.653 -11.476 -11.858 -11.798 -11.661 -11.53 -11.46 -11.765 -11.832 -11.731 -11.032 -10.61 -10.082 -11.764
0.082253 -10.381 -10.716 -11.091 -11.685 -11.86 -11.878 -11.336 -11.724 -11.859 -11.873 -11.76 -11.552 -11.719 -11.877 -11.828 -11.695 -11.52 -11.891 -11.836 -11.702 -11.574 -11.504 -11.803 -11.867 -11.771 -11.079 -10.659 -10.132 -11.801
0.084741 -10.378 -10.716 -11.1 -11.706 -11.89 -11.913 -11.355 -11.747 -11.889 -11.909 -11.8 -11.595 -11.742 -11.908 -11.866 -11.736 -11.564 -11.924 -11.874 -11.744 -11.617 -11.549 -11.84 -11.901 -11.811 -11.127 -10.708 -10.183 -11.837
0.087304 -10.374 -10.716 -11.108 -11.727 -11.919 -11.948 -11.375 -11.77 -11.918 -11.944 -11.84 -11.638 -11.764 -11.94 -11.904 -11.778 -11.608 -11.956 -11.912 -11.785 -11.66 -11.593 -11.877 -11.936 -11.85 -11.174 -10.757 -10.233 -11.874
0.089944 -10.37 -10.715 -11.116 -11.748 -11.948 -11.983 -11.394 -11.792 -11.947 -11.979 -11.879 -11.682 -11.786 -11.971 -11.942 -11.819 -11.651 -11.988 -11.95 -11.826 -11.703 -11.637 -11.914 -11.97 -11.889 -11.221 -10.806 -10.284 -11.91
0.092665 -10.364 -10.713 -11.123 -11.769 -11.977 -12.018 -11.413 -11.814 -11.976 -12.014 -11.919 -11.725 -11.807 -12.001 -11.979 -11.86 -11.695 -12.019 -11.987 -11.867 -11.746 -11.68 -11.951 -12.003 -11.928 -11.268 -10.855 -10.334 -11.945
0.095467 -10.359 -10.711 -11.13 -11.789 -12.005 -12.052 -11.431 -11.835 -12.004 -12.049 -11.958 -11.767 -11.828 -12.032 -12.017 -11.901 -11.738 -12.051 -12.024 -11.908 -11.789 -11.724 -11.987 -12.037 -11.967 -11.315 -10.904 -10.385 -11.981
0.098355 -10.352 -10.708 -11.136 -11.808 -12.033 -12.087 -11.45 -11.856 -12.032 -12.083 -11.997 -11.81 -11.849 -12.062 -12.054 -11.941 -11.781 -12.082 -12.061 -11.949 -11.832 -11.768 -12.023 -12.07 -12.006 -11.362 -10.953 -10.435 -12.016
0.101329 -10.345 -10.704 -11.141 -11.827 -12.06 -12.12 -11.468 -11.877 -12.059 -12.117 -12.035 -11.853 -11.869 -12.092 -12.09 -11.982 -11.825 -12.112 -12.098 -11.989 -11.874 -11.811 -12.059 -12.103 -12.044 -11.409 -11.002 -10.485 -12.051
0.104394 -10.338 -10.7 -11.146 -11.846 -12.087 -12.154 -11.486 -11.897 -12.087 -12.151 -12.074 -11.895 -11.889 -12.121 -12.127 -12.022 -11.867 -12.143 -12.135 -12.029 -11.917 -11.854 -12.095 -12.136 -12.082 -11.455 -11.05 -10.536 -12.086
0.107551 -10.33 -10.695 -11.151 -11.864 -12.114 -12.187 -11.503 -11.916 -12.113 -12.184 -12.112 -11.937 -11.908 -12.15 -12.163 -12.062 -11.91 -12.173 -12.171 -12.07 -11.959 -11.898 -12.13 -12.168 -12.12 -11.502 -11.099 -10.586 -12.121
0.110804 -10.321 -10.689 -11.155 -11.881 -12.14 -12.22 -11.52 -11.936 -12.14 -12.218 -12.15 -11.979 -11.927 -12.179 -12.199 -12.102 -11.953 -12.203 -12.207 -12.109 -12.001 -11.941 -12.166 -12.2 -12.158 -11.548 -11.147 -10.636 -12.155
0.114155 -10.311 -10.682 -11.158 -11.898 -12.166 -12.253 -11.537 -11.954 -12.166 -12.25 -12.188 -12.021 -11.945 -12.208 -12.235 -12.142 -11.995 -12.232 -12.243 -12.149 -12.043 -11.984 -12.201 -12.232 -12.195 -11.595 -11.196 -10.686 -12.189
0.117608 -10.301 -10.675 -11.161 -11.915 -12.192 -12.286 -11.553 -11.972 -12.192 -12.283 -12.225 -12.063 -11.963 -12.236 -12.271 -12.181 -12.037 -12.261 -12.279 -12.189 -12.084 -12.026 -12.235 -12.263 -12.232 -11.641 -11.244 -10.736 -12.223
0.121165 -10.291 -10.667 -11.163 -11.931 -12.217 -12.318 -11.57 -11.99 -12.217 -12.315 -12.263 -12.104 -11.98 -12.264 -12.306 -12.22 -12.08 -12.29 -12.314 -12.228 -12.126 -12.069 -12.27 -12.294 -12.269 -11.687 -11.292 -10.786 -12.256
0.124829 -10.279 -10.658 -11.164 -11.947 -12.242 -12.35 -11.586 -12.008 -12.242 -12.347 -12.3 -12.146 -11.997 -12.291 -12.341 -12.259 -12.121 -12.318 -12.349 -12.267 -12.167 -12.111 -12.304 -12.325 -12.306 -11.733 -11.34 -10.836 -12.29
0.128605 -10.267 -10.648 -11.165 -11.962 -12.267 -12.381 -11.601 -12.024 -12.267 -12.379 -12.337 -12.187 -12.013 -12.318 -12.376 -12.298 -12.163 -12.346 -12.384 -12.306 -12.208 -12.154 -12.338 -12.356 -12.343 -11.779 -11.388 -10.886 -12.323
0.132494 -10.255 -10.638 -11.165 -11.977 -12.291 -12.412 -11.616 -12.041 -12.291 -12.411 -12.373 -12.228 -12.029 -12.345 -12.411 -12.337 -12.205 -12.374 -12.418 -12.345 -12.249 -12.196 -12.372 -12.386 -12.379 -11.825 -11.436 -10.935 -12.356
0.136502 -10.241 -10.627 -11.165 -11.991 -12.314 -12.443 -11.631 -12.056 -12.315 -12.442 -12.41 -12.269 -12.045 -12.371 -12.445 -12.375 -12.246 -12.402 -12.453 -12.383 -12.29 -12.238 -12.405 -12.416 -12.415 -11.87 -11.484 -10.985 -12.388
0.14063 -10.228 -10.615 -11.164 -12.004 -12.338 -12.474 -11.646 -12.072 -12.338 -12.473 -12.446 -12.309 -12.059 -12.397 -12.479 -12.413 -12.288 -12.429 -12.487 -12.421 -12.331 -12.28 -12.438 -12.445 -12.451 -11.916 -11.532 -11.034 -12.421
0.144883 -10.213 -10.602 -11.162 -12.017 -12.36 -12.504 -11.66 -12.086 -12.361 -12.503 -12.482 -12.35 -12.074 -12.423 -12.513 -12.451 -12.329 -12.455 -12.52 -12.459 -12.371 -12.322 -12.471 -12.474 -12.487 -11.961 -11.58 -11.084 -12.453
0.149265 -10.198 -10.588 -11.16 -12.03 -12.383 -12.534 -11.674 -12.101 -12.384 -12.533 -12.517 -12.39 -12.087 -12.448 -12.546 -12.489 -12.369 -12.482 -12.554 -12.497 -12.412 -12.363 -12.504 -12.503 -12.522 -12.006 -11.627 -11.133 -12.485
0.15378 -10.182 -10.574 -11.157 -12.042 -12.405 -12.564 -11.688 -12.114 -12.406 -12.563 -12.553 -12.43 -12.101 -12.473 -12.579 -12.527 -12.41 -12.507 -12.587 -12.535 -12.452 -12.405 -12.536 -12.532 -12.557 -12.051 -11.675 -11.183 -12.516
0.15843 -10.166 -10.558 -11.153 -12.053 -12.426 -12.593 -11.701 -12.127 -12.427 -12.592 -12.588 -12.47 -12.113 -12.497 -12.612 -12.564 -12.451 -12.533 -12.62 -12.572 -12.492 -12.446 -12.568 -12.56 -12.592 -12.096 -11.722 -11.232 -12.547
0.163222 -10.149 -10.542 -11.149 -12.064 -12.447 -12.622 -11.714 -12.14 -12.449 -12.621 -12.623 -12.51 -12.125 -12.521 -12.644 -12.601 -12.491 -12.558 -12.652 -12.609 -12.531 -12.487 -12.6 -12.588 -12.626 -12.141 -11.769 -11.281 -12.578
0.168159 -10.131 -10.525 -11.144 -12.074 -12.468 -12.651 -11.727 -12.152 -12.469 -12.65 -12.657 -12.549 -12.137 -12.544 -12.677 -12.638 -12.531 -12.583 -12.685 -12.646 -12.571 -12.528 -12.632 -12.615 -12.66 -12.186 -11.817 -11.331 -12.609
0.173245 -10.112 -10.507 -11.139 -12.084 -12.488 -12.679 -11.739 -12.164 -12.49 -12.679 -12.692 -12.588 -12.148 -12.568 -12.709 -12.674 -12.571 -12.607 -12.717 -12.683 -12.61 -12.569 -12.663 -12.643 -12.694 -12.231 -11.864 -11.38 -12.639
0.178484 -10.093 -10.488 -11.132 -12.093 -12.508 -12.707 -11.751 -12.174 -12.51 -12.707 -12.726 -12.628 -12.158 -12.59 -12.74 -12.711 -12.611 -12.631 -12.748 -12.719 -12.649 -12.609 -12.694 -12.669 -12.728 -12.275 -11.911 -11.429 -12.669
0.183882 -10.074 -10.469 -11.125 -12.101 -12.527 -12.734 -11.762 -12.185 -12.529 -12.734 -12.759 -12.666 -12.168 -12.613 -12.772 -12.747 -12.65 -12.655 -12.78 -12.755 -12.688 -12.65 -12.724 -12.696 -12.761 -12.319 -11.958 -11.478 -12.699
0.189444 -10.054 -10.448 -11.118 -12.109 -12.546 -12.761 -11.773 -12.195 -12.548 -12.762 -12.793 -12.705 -12.177 -12.634 -12.802 -12.783 -12.689 -12.678 -12.811 -12.791 -12.727 -12.69 -12.755 -12.722 -12.795 -12.364 -12.004 -11.527 -12.729
0.195173 -10.033 -10.427 -11.109 -12.116 -12.564 -12.788 -11.784 -12.204 -12.566 -12.789 -12.826 -12.743 -12.186 -12.656 -12.833 -12.818 -12.728 -12.7 -12.841 -12.827 -12.765 -12.73 -12.785 -12.747 -12.827 -12.408 -12.051 -11.575 -12.758
0.201076 -10.011 -10.404 -11.1 -12.123 -12.582 -12.814 -11.795 -12.212 -12.584 -12.815 -12.859 -12.782 -12.194 -12.677 -12.863 -12.853 -12.767 -12.723 -12.872 -12.862 -12.804 -12.77 -12.814 -12.773 -12.86 -12.452 -12.098 -11.624 -12.787
0.207158 -9.989 -10.381 -11.09 -12.128 -12.599 -12.84 -11.805 -12.22 -12.602 -12.841 -12.892 -12.819 -12.201 -12.697 -12.893 -12.888 -12.806 -12.744 -12.902 -12.897 -12.842 -12.809 -12.844 -12.797 -12.892 -12.495 -12.144 -11.673 -12.815
0.213423 -9.966 -10.356 -11.079 -12.134 -12.616 -12.865 -11.814 -12.227 -12.618 -12.867 -12.924 -12.857 -12.208 -12.717 -12.923 -12.923 -12.844 -12.766 -12.931 -12.932 -12.879 -12.849 -12.873 -12.822 -12.924 -12.539 -12.19 -11.721 -12.844
0.219878 -9.943 -10.331 -11.068 -12.138 -12.632 -12.891 -11.824 -12.234 -12.635 -12.892 -12.956 -12.895 -12.214 -12.737 -12.952 -12.958 -12.883 -12.787 -12.961 -12.966 -12.917 -12.888 -12.901 -12.846 -12.956 -12.582 -12.237 -11.77 -12.872
0.226528 -9.919 -10.305 -11.056 -12.142 -12.647 -12.915 -11.833 -12.24 -12.651 -12.917 -12.988 -12.932 -12.219 -12.756 -12.981 -12.992 -12.921 -12.807 -12.99 -13.001 -12.954 -12.927 -12.93 -12.87 -12.987 -12.626 -12.283 -11.818 -12.899
0.233379 -9.895 -10.277 -11.043 -12.145 -12.663 -12.939 -11.841 -12.245 -12.666 -12.942 -13.019 -12.969 -12.224 -12.774 -13.01 -13.026 -12.958 -12.827 -13.018 -13.035 -12.991 -12.966 -12.958 -12.893 -13.018 -12.669 -12.329 -11.866 -12.926
0.240437 -9.87 -10.249 -11.029 -12.148 -12.677 -12.963 -11.849 -12.25 -12.681 -12.966 -13.05 -13.006 -12.228 -12.792 -13.038 -13.059 -12.996 -12.847 -13.047 -13.068 -13.028 -13.005 -12.985 -12.916 -13.048 -12.712 -12.375 -11.915 -12.953
0.247709 -9.844 -10.219 -11.014 -12.15 -12.691 -12.987 -11.857 -12.254 -12.695 -12.99 -13.081 -13.042 -12.231 -12.81 -13.066 -13.092 -13.033 -12.866 -13.074 -13.102 -13.065 -13.043 -13.013 -12.938 -13.079 -12.754 -12.42 -11.963 -12.98
0.255201 -9.818 -10.189 -10.999 -12.151 -12.705 -13.01 -11.864 -12.257 -12.709 -13.013 -13.111 -13.078 -12.234 -12.827 -13.093 -13.125 -13.07 -12.884 -13.102 -13.135 -13.101 -13.081 -13.04 -12.96 -13.109 -12.797 -12.466 -12.011 -13.006
0.262919 -9.791 -10.157 -10.983 -12.151 -12.718 -13.032 -11.871 -12.26 -12.722 -13.036 -13.141 -13.114 -12.235 -12.843 -13.12 -13.158 -13.107 -12.902 -13.129 -13.167 -13.137 -13.119 -13.066 -12.981 -13.138 -12.84 -12.511 -12.059 -13.032
0.270871 -9.764 -10.125 -10.966 -12.151 -12.73 -13.054 -11.878 -12.262 -12.734 -13.058 -13.171 -13.15 -12.237 -12.859 -13.146 -13.19 -13.143 -12.92 -13.156 -13.2 -13.173 -13.157 -13.092 -13.002 -13.167 -12.882 -12.557 -12.106 -13.058
0.279064 -9.736 -10.091 -10.948 -12.15 -12.741 -13.075 -11.884 -12.263 -12.746 -13.08 -13.2 -13.185 -12.237 -12.875 -13.173 -13.222 -13.179 -12.937 -13.182 -13.232 -13.208 -13.195 -13.118 -13.023 -13.196 -12.924 -12.602 -12.154 -13.083
0.287504 -9.708 -10.056 -10.93 -12.148 -12.753 -13.097 -11.889 -12.263 -12.758 -13.101 -13.229 -13.22 -12.237 -12.89 -13.198 -13.254 -13.215 -12.953 -13.208 -13.264 -13.243 -13.232 -13.144 -13.043 -13.225 -12.966 -12.647 -12.202 -13.108
0.296199 -9.679 -10.02 -10.91 -12.145 -12.763 -13.117 -11.895 -12.263 -12.768 -13.122 -13.257 -13.255 -12.236 -12.904 -13.224 -13.285 -13.251 -12.969 -13.233 -13.295 -13.278 -13.269 -13.169 -13.062 -13.253 -13.007 -12.692 -12.249 -13.132
0.305157 -9.65 -9.983 -10.89 -12.142 -12.773 -13.137 -11.899 -12.262 -12.779 -13.142 -13.286 -13.29 -12.234 -12.918 -13.249 -13.316 -13.286 -12.984 -13.259 -13.326 -13.313 -13.306 -13.193 -13.081 -13.28 -13.049 -12.737 -12.297 -13.156
0.314387 -9.62 -9.945 -10.868 -12.137 -12.782 -13.157 -11.903 -12.26 -12.788 -13.162 -13.313 -13.324 -12.231 -12.931 -13.273 -13.347 -13.321 -12.999 -13.283 -13.357 -13.347 -13.342 -13.218 -13.1 -13.308 -13.09 -12.781 -12.344 -13.18
0.323895 -9.59 -9.905 -10.846 -12.132 -12.791 -13.176 -11.907 -12.257 -12.797 -13.182 -13.341 -13.358 -12.227 -12.943 -13.297 -13.377 -13.356 -13.013 -13.307 -13.387 -13.381 -13.378 -13.241 -13.118 -13.335 -13.131 -12.826 -12.391 -13.203
0.333691 -9.56 -9.865 -10.823 -12.126 -12.798 -13.194 -11.911 -12.254 -12.805 -13.2 -13.368 -13.392 -12.223 -12.955 -13.321 -13.407 -13.39 -13.027 -13.331 -13.417 -13.415 -13.414 -13.265 -13.136 -13.361 -13.172 -12.87 -12.438 -13.226
0.343783 -9.529 -9.823 -10.799 -12.119 -12.806 -13.212 -11.913 -12.249 -12.812 -13.219 -13.394 -13.425 -12.218 -12.967 -13.344 -13.436 -13.425 -13.04 -13.354 -13.447 -13.449 -13.45 -13.288 -13.153 -13.387 -13.213 -12.915 -12.485 -13.249
0.354181 -9.498 -9.779 -10.774 -12.112 -12.812 -13.229 -11.916 -12.244 -12.819 -13.236 -13.421 -13.458 -12.212 -12.977 -13.366 -13.466 -13.458 -13.053 -13.377 -13.476 -13.482 -13.486 -13.31 -13.169 -13.413 -13.254 -12.959 -12.532 -13.271
0.364893 -9.467 -9.735 -10.749 -12.103 -12.818 -13.246 -11.918 -12.238 -12.825 -13.254 -13.446 -13.491 -12.205 -12.987 -13.389 -13.494 -13.492 -13.065 -13.399 -13.505 -13.515 -13.521 -13.332 -13.185 -13.438 -13.294 -13.002 -12.579 -13.293
0.375929 -9.436 -9.689 -10.722 -12.094 -12.823 -13.263 -11.919 -12.231 -12.831 -13.27 -13.472 -13.523 -12.197 -12.997 -13.41 -13.523 -13.525 -13.076 -13.421 -13.534 -13.547 -13.556 -13.354 -13.2 -13.463 -13.334 -13.046 -12.625 -13.314
0.387298 -9.404 -9.642 -10.694 -12.083 -12.827 -13.278 -11.92 -12.223 -12.836 -13.286 -13.497 -13.555 -12.188 -13.005 -13.431 -13.551 -13.558 -13.087 -13.443 -13.562 -13.579 -13.59 -13.375 -13.215 -13.487 -13.374 -13.09 -12.672 -13.335
0.399012 -9.372 -9.594 -10.666 -12.072 -12.831 -13.293 -11.92 -12.215 -12.84 -13.302 -13.521 -13.587 -12.179 -13.013 -13.452 -13.578 -13.591 -13.097 -13.464 -13.59 -13.611 -13.625 -13.396 -13.229 -13.511 -13.414 -13.133 -12.718 -13.355
0.41108 -9.341 -9.544 -10.636 -12.06 -12.834 -13.308 -11.92 -12.205 -12.843 -13.317 -13.545 -13.618 -12.168 -13.021 -13.472 -13.605 -13.623 -13.106 -13.484 -13.617 -13.642 -13.659 -13.416 -13.243 -13.535 -13.453 -13.176 -12.764 -13.375
0.423513 -9.309 -9.493 -10.605 -12.047 -12.836 -13.322 -11.919 -12.195 -12.845 -13.331 -13.569 -13.649 -12.157 -13.027 -13.492 -13.632 -13.655 -13.115 -13.504 -13.644 -13.673 -13.692 -13.436 -13.256 -13.558 -13.492 -13.219 -12.811 -13.395
0.436321 -9.277 -9.44 -10.574 -12.032 -12.837 -13.335 -11.918 -12.183 -12.847 -13.345 -13.592 -13.679 -12.144 -13.033 -13.511 -13.658 -13.686 -13.123 -13.523 -13.67 -13.704 -13.726 -13.455 -13.268 -13.58 -13.531 -13.262 -12.857 -13.414
0.449518 -9.245 -9.386 -10.541 -12.017 -12.838 -13.347 -11.916 -12.171 -12.848 -13.358 -13.614 -13.71 -12.131 -13.039 -13.529 -13.684 -13.717 -13.13 -13.542 -13.696 -13.734 -13.759 -13.474 -13.28 -13.602 -13.57 -13.305 -12.902 -13.432
0.463113 -9.214 -9.331 -10.507 -12.001 -12.837 -13.359 -11.913 -12.157 -12.848 -13.37 -13.636 -13.739 -12.116 -13.043 -13.547 -13.709 -13.748 -13.137 -13.56 -13.722 -13.764 -13.791 -13.493 -13.291 -13.623 -13.608 -13.347 -12.948 -13.451
0.47712 -9.182 -9.274 -10.472 -11.984 -12.836 -13.371 -11.91 -12.143 -12.847 -13.382 -13.658 -13.769 -12.101 -13.047 -13.564 -13.734 -13.778 -13.143 -13.577 -13.747 -13.794 -13.824 -13.51 -13.302 -13.644 -13.646 -13.39 -12.994 -13.468
0.49155 -9.151 -9.215 -10.436 -11.965 -12.834 -13.381 -11.906 -12.127 -12.846 -13.393 -13.679 -13.798 -12.084 -13.05 -13.581 -13.758 -13.808 -13.148 -13.594 -13.772 -13.823 -13.856 -13.528 -13.312 -13.665 -13.684 -13.432 -13.039 -13.485
0.506416 -9.12 -9.155 -10.4 -11.946 -12.831 -13.391 -11.902 -12.111 -12.843 -13.403 -13.699 -13.826 -12.067 -13.052 -13.597 -13.782 -13.838 -13.152 -13.611 -13.796 -13.852 -13.887 -13.544 -13.321 -13.685 -13.722 -13.474 -13.084 -13.502
0.521733 -9.09 -9.094 -10.362 -11.925 -12.827 -13.4 -11.897 -12.093 -12.84 -13.413 -13.719 -13.855 -12.048 -13.053 -13.613 -13.806 -13.867 -13.156 -13.627 -13.819 -13.88 -13.919 -13.56 -13.329 -13.704 -13.759 -13.515 -13.129 -13.518
0.537512 -9.06 -9.03 -10.322 -11.904 -12.823 -13.409 -11.892 -12.075 -12.836 -13.422 -13.739 -13.882 -12.028 -13.054 -13.628 -13.828 -13.896 -13.159 -13.642 -13.842 -13.908 -13.95 -13.576 -13.337 -13.723 -13.796 -13.557 -13.174 -13.534
0.553769 -9.031 -8.966 -10.282 -11.881 -12.817 -13.416 -11.885 -12.055 -12.831 -13.43 -13.758 -13.91 -12.007 -13.053 -13.642 -13.851 -13.924 -13.161 -13.656 -13.865 -13.935 -13.98 -13.591 -13.344 -13.741 -13.833 -13.598 -13.219 -13.549
0.570517 -9.002 -8.899 -10.241 -11.857 -12.81 -13.423 -11.879 -12.034 -12.825 -13.438 -13.776 -13.937 -11.985 -13.052 -13.655 -13.873 -13.952 -13.162 -13.67 -13.887 -13.962 -14.01 -13.605 -13.351 -13.759 -13.869 -13.639 -13.264 -13.564
0.587772 -8.974 -8.831 -10.198 -11.831 -12.803 -13.429 -11.871 -12.012 -12.818 -13.445 -13.794 -13.963 -11.962 -13.05 -13.668 -13.894 -13.979 -13.163 -13.684 -13.909 -13.989 -14.04 -13.619 -13.356 -13.776 -13.905 -13.68 -13.308 -13.578
0.605549 -8.947 -8.761 -10.154 -11.805 -12.794 -13.435 -11.863 -11.989 -12.81 -13.451 -13.811 -13.989 -11.937 -13.047 -13.681 -13.915 -14.006 -13.162 -13.696 -13.93 -14.015 -14.069 -13.632 -13.361 -13.792 -13.941 -13.72 -13.353 -13.592
0.623863 -8.921 -8.69 -10.109 -11.777 -12.785 -13.439 -11.854 -11.964 -12.801 -13.456 -13.827 -14.014 -11.911 -13.043 -13.692 -13.935 -14.033 -13.161 -13.708 -13.95 -14.041 -14.098 -13.645 -13.365 -13.808 -13.977 -13.761 -13.397 -13.605
0.642731 -8.895 -8.616 -10.063 -11.748 -12.774 -13.443 -11.844 -11.938 -12.791 -13.46 -13.843 -14.039 -11.884 -13.038 -13.703 -13.954 -14.059 -13.159 -13.719 -13.97 -14.066 -14.127 -13.657 -13.368 -13.823 -14.012 -13.801 -13.441 -13.617
0.66217 -8.871 -8.541 -10.016 -11.718 -12.763 -13.446 -11.834 -11.911 -12.78 -13.463 -13.858 -14.064 -11.856 -13.032 -13.713 -13.973 -14.085 -13.156 -13.73 -13.989 -14.09 -14.155 -13.668 -13.371 -13.838 -14.047 -13.841 -13.484 -13.629
0.682197 -8.848 -8.464 -9.967 -11.686 -12.75 -13.448 -11.823 -11.883 -12.768 -13.466 -13.873 -14.088 -11.826 -13.026 -13.722 -13.992 -14.11 -13.152 -13.739 -14.008 -14.114 -14.182 -13.679 -13.372 -13.851 -14.081 -13.88 -13.528 -13.64
0.70283 -8.826 -8.385 -9.918 -11.653 -12.736 -13.449 -11.811 -11.853 -12.755 -13.468 -13.887 -14.111 -11.795 -13.018 -13.731 -14.009 -14.134 -13.147 -13.748 -14.026 -14.138 -14.209 -13.689 -13.373 -13.865 -14.115 -13.919 -13.571 -13.651
0.724086 -8.804 -8.304 -9.866 -11.619 -12.721 -13.449 -11.798 -11.823 -12.74 -13.469 -13.9 -14.134 -11.763 -13.009 -13.738 -14.026 -14.158 -13.142 -13.756 -14.043 -14.161 -14.236 -13.698 -13.373 -13.877 -14.149 -13.958 -13.615 -13.661
0.745986 -8.785 -8.222 -9.814 -11.583 -12.705 -13.448 -11.785 -11.79 -12.725 -13.469 -13.912 -14.156 -11.729 -12.999 -13.745 -14.043 -14.181 -13.135 -13.764 -14.06 -14.183 -14.262 -13.706 -13.372 -13.889 -14.183 -13.997 -13.657 -13.67
0.768548 -8.766 -8.137 -9.76 -11.546 -12.688 -13.446 -11.771 -11.756 -12.709 -13.468 -13.924 -14.178 -11.694 -12.988 -13.751 -14.058 -14.204 -13.127 -13.77 -14.076 -14.205 -14.288 -13.714 -13.37 -13.9 -14.216 -14.036 -13.7 -13.679
0.791792 -8.749 -8.05 -9.705 -11.507 -12.67 -13.444 -11.756 -11.721 -12.691 -13.466 -13.935 -14.199 -11.657 -12.976 -13.757 -14.073 -14.227 -13.119 -13.776 -14.092 -14.226 -14.313 -13.721 -13.367 -13.91 -14.248 -14.074 -13.743 -13.687
0.815739 -8.733 -7.961 -9.649 -11.467 -12.65 -13.44 -11.74 -11.685 -12.672 -13.463 -13.945 -14.22 -11.619 -12.963 -13.761 -14.088 -14.248 -13.109 -13.781 -14.106 -14.247 -14.338 -13.728 -13.363 -13.92 -14.28 -14.112 -13.785 -13.695
0.840411 -8.719 -7.871 -9.591 -11.425 -12.629 -13.435 -11.723 -11.646 -12.652 -13.459 -13.955 -14.24 -11.579 -12.949 -13.764 -14.101 -14.269 -13.098 -13.785 -14.12 -14.267 -14.362 -13.733 -13.358 -13.928 -14.312 -14.149 -13.827 -13.701
0.865828 -8.706 -7.778 -9.532 -11.381 -12.607 -13.43 -11.705 -11.607 -12.631 -13.454 -13.964 -14.259 -11.537 -12.933 -13.767 -14.114 -14.29 -13.086 -13.788 -14.133 -14.287 -14.385 -13.738 -13.353 -13.936 -14.344 -14.186 -13.869 -13.708
0.892015 -8.694 -7.683 -9.472 -11.336 -12.584 -13.423 -11.686 -11.565 -12.608 -13.448 -13.972 -14.278 -11.494 -12.917 -13.769 -14.126 -14.31 -13.073 -13.791 -14.146 -14.305 -14.408 -13.742 -13.346 -13.943 -14.375 -14.223 -13.911 -13.713
0.918993 -8.684 -7.585 -9.41 -11.289 -12.559 -13.415 -11.667 -11.522 -12.584 -13.441 -13.979 -14.296 -11.449 -12.899 -13.769 -14.138 -14.329 -13.059 -13.792 -14.158 -14.323 -14.431 -13.745 -13.338 -13.949 -14.405 -14.26 -13.952 -13.718
0.946787 -8.675 -7.486 -9.347 -11.241 -12.532 -13.406 -11.646 -11.478 -12.559 -13.433 -13.985 -14.313 -11.403 -12.88 -13.769 -14.148 -14.348 -13.044 -13.792 -14.169 -14.341 -14.453 -13.747 -13.329 -13.955 -14.435 -14.296 -13.993 -13.722
0.975422 -8.668 -7.384 -9.282 -11.19 -12.505 -13.395 -11.625 -11.431 -12.532 -13.423 -13.99 -14.33 -11.355 -12.859 -13.767 -14.158 -14.366 -13.028 -13.791 -14.179 -14.358 -14.474 -13.748 -13.319 -13.959 -14.465 -14.332 -14.034 -13.725
1.004923 -8.661 -7.281 -9.215 -11.138 -12.475 -13.384 -11.602 -11.383 -12.504 -13.413 -13.995 -14.346 -11.305 -12.837 -13.765 -14.166 -14.383 -13.01 -13.79 -14.188 -14.374 -14.494 -13.749 -13.308 -13.963 -14.494 -14.368 -14.075 -13.727
1.035317 -8.657 -7.175 -9.148 -11.084 -12.445 -13.371 -11.579 -11.333 -12.474 -13.401 -13.998 -14.361 -11.253 -12.814 -13.762 -14.174 -14.399 -12.991 -13.787 -14.196 -14.389 -14.514 -13.748 -13.296 -13.965 -14.522 -14.403 -14.115 -13.729
1.066629 -8.653 -7.066 -9.078 -11.028 -12.413 -13.357 -11.554 -11.282 -12.443 -13.388 -14.001 -14.376 -11.199 -12.789 -13.757 -14.181 -14.415 -12.971 -13.783 -14.204 -14.403 -14.534 -13.747 -13.282 -13.967 -14.551 -14.438 -14.155 -13.73
1.098888 -8.651 -6.956 -9.007 -10.97 -12.379 -13.342 -11.528 -11.228 -12.41 -13.374 -14.002 -14.389 -11.143 -12.763 -13.751 -14.187 -14.43 -12.95 -13.778 -14.21 -14.417 -14.552 -13.744 -13.267 -13.968 -14.578 -14.472 -14.195 -13.73
1.132124 -8.65 -6.843 -8.935 -10.91 -12.343 -13.325 -11.501 -11.172 -12.376 -13.358 -14.003 -14.402 -11.086 -12.736 -13.744 -14.193 -14.444 -12.927 -13.772 -14.216 -14.43 -14.57 -13.741 -13.251 -13.967 -14.605 -14.506 -14.234 -13.729
1.166364 -8.649 -6.728 -8.861 -10.848 -12.306 -13.307 -11.473 -11.115 -12.34 -13.342 -14.002 -14.414 -11.026 -12.707 -13.736 -14.197 -14.457 -12.903 -13.765 -14.221 -14.442 -14.587 -13.736 -13.234 -13.966 -14.632 -14.54 -14.274 -13.728
1.20164 -8.65 -6.611 -8.785 -10.784 -12.267 -13.288 -11.444 -11.055 -12.302 -13.323 -14.001 -14.425 -10.964 -12.676 -13.727 -14.2 -14.47 -12.878 -13.757 -14.224 -14.453 -14.603 -13.731 -13.215 -13.963 -14.657 -14.573 -14.312 -13.725
1.237983 -8.652 -6.492 -8.708 -10.718 -12.227 -13.267 -11.414 -10.993 -12.263 -13.304 -13.998 -14.436 -10.9 -12.644 -13.716 -14.202 -14.481 -12.851 -13.747 -14.227 -14.463 -14.619 -13.724 -13.195 -13.96 -14.683 -14.605 -14.351 -13.722
1.275425 -8.655 -6.37 -8.629 -10.649 -12.184 -13.245 -11.382 -10.929 -12.222 -13.282 -13.994 -14.445 -10.833 -12.61 -13.704 -14.203 -14.492 -12.823 -13.737 -14.229 -14.473 -14.634 -13.717 -13.174 -13.955 -14.707 -14.638 -14.389 -13.718
1.313999 -8.659 -6.247 -8.548 -10.578 -12.14 -13.221 -11.349 -10.863 -12.179 -13.26 -13.989 -14.454 -10.765 -12.574 -13.691 -14.203 -14.502 -12.793 -13.724 -14.229 -14.481 -14.648 -13.708 -13.151 -13.949 -14.731 -14.669 -14.427 -13.712
1.35374 -8.663 -6.122 -8.466 -10.504 -12.093 -13.195 -11.315 -10.794 -12.134 -13.236 -13.983 -14.461 -10.694 -12.537 -13.677 -14.202 -14.511 -12.762 -13.711 -14.229 -14.489 -14.661 -13.698 -13.127 -13.942 -14.755 -14.701 -14.464 -13.706
1.394683 -8.668 -5.995 -8.382 -10.428 -12.045 -13.168 -11.279 -10.723 -12.087 -13.21 -13.976 -14.468 -10.62 -12.497 -13.661 -14.199 -14.519 -12.73 -13.696 -14.227 -14.495 -14.673 -13.686 -13.101 -13.933 -14.777 -14.731 -14.501 -13.699
1.436864 -8.674 -5.867 -8.295 -10.35 -11.995 -13.139 -11.242 -10.649 -12.038 -13.182 -13.967 -14.473 -10.544 -12.456 -13.643 -14.196 -14.525 -12.695 -13.68 -14.224 -14.5 -14.684 -13.674 -13.073 -13.924 -14.799 -14.761 -14.538 -13.691
1.480321 -8.683 -5.823 -8.268 -10.325 -11.981 -13.134 -11.234 -10.626 -12.025 -13.177 -13.97 -14.482 -10.52 -12.446 -13.642 -14.2 -14.534 -12.688 -13.68 -14.229 -14.509 -14.695 -13.675 -13.069 -13.926 -14.814 -14.78 -14.559 -13.694
1.525092 -8.693 -5.833 -8.278 -10.335 -11.991 -13.144 -11.244 -10.636 -12.035 -13.188 -13.98 -14.492 -10.53 -12.456 -13.652 -14.211 -14.545 -12.698 -13.69 -14.239 -14.519 -14.706 -13.685 -13.079 -13.936 -14.825 -14.79 -14.569 -13.704
1.571218 -8.703 -5.843 -8.288 -10.345 -12.001 -13.154 -11.254 -10.646 -12.045 -13.198 -13.99 -14.502 -10.54 -12.466 -13.662 -14.221 -14.555 -12.708 -13.7 -14.249 -14.529 -14.715 -13.695 -13.089 -13.946 -14.835 -14.8 -14.579 -13.714
1.618738 -8.713 -5.853 -8.297 -10.355 -12.011 -13.164 -11.264 -10.656 -12.055 -13.207 -14.0 -14.512 -10.55 -12.476 -13.672 -14.23 -14.564 -12.718 -13.709 -14.259 -14.539 -14.725 -13.705 -13.099 -13.956 -14.844 -14.81 -14.589 -13.724
1.667696 -8.722 -5.862 -8.307 -10.364 -12.02 -13.173 -11.273 -10.665 -12.064 -13.217 -14.009 -14.521 -10.559 -12.485 -13.681 -14.239 -14.573 -12.727 -13.719 -14.268 -14.548 -14.734 -13.714 -13.108 -13.965 -14.853 -14.819 -14.598 -13.733
1.718134 -8.731 -5.871 -8.315 -10.373 -12.029 -13.181 -11.282 -10.674 -12.072 -13.225 -14.018 -14.53 -10.568 -12.494 -13.69 -14.248 -14.582 -12.736 -13.727 -14.277 -14.557 -14.743 -13.723 -13.116 -13.974 -14.862 -14.827 -14.607 -13.742
1.770098 -8.739 -5.879 -8.324 -10.381 -12.037 -13.19 -11.29 -10.682 -12.081 -13.234 -14.026 -14.538 -10.576 -12.502 -13.698 -14.256 -14.591 -12.744 -13.736 -14.285 -14.565 -14.751 -13.731 -13.125 -13.982 -14.87 -14.836 -14.615 -13.75
1.823633 -8.747 -5.887 -8.332 -10.389 -12.045 -13.198 -11.298 -10.69 -12.089 -13.241 -14.034 -14.546 -10.584 -12.51 -13.706 -14.264 -14.598 -12.752 -13.744 -14.293 -14.573 -14.759 -13.739 -13.133 -13.99 -14.878 -14.844 -14.623 -13.758
1.878788 -8.754 -5.894 -8.339 -10.396 -12.052 -13.205 -11.305 -10.698 -12.096 -13.249 -14.042 -14.553 -10.591 -12.517 -13.714 -14.272 -14.606 -12.76 -13.751 -14.3 -14.58 -14.767 -13.746 -13.14 -13.997 -14.886 -14.851 -14.63 -13.765
1.93561 -8.761 -5.901 -8.346 -10.403 -12.059 -13.212 -11.312 -10.704 -12.103 -13.256 -14.048 -14.56 -10.598 -12.524 -13.72 -14.279 -14.613 -12.766 -13.758 -14.307 -14.587 -14.774 -13.753 -13.147 -14.004 -14.893 -14.858 -14.637 -13.772
1.994152 -8.768 -5.908 -8.352 -10.41 -12.066 -13.218 -11.319 -10.711 -12.109 -13.262 -14.055 -14.566 -10.605 -12.531 -13.727 -14.285 -14.619 -12.773 -13.764 -14.314 -14.593 -14.78 -13.76 -13.153 -14.011 -14.899 -14.864 -14.644 -13.779
2.054463 -8.774 -5.914 -8.358 -10.415 -12.071 -13.224 -11.324 -10.717 -12.115 -13.268 -14.061 -14.572 -10.61 -12.537 -13.733 -14.291 -14.625 -12.779 -13.77 -14.319 -14.599 -14.786 -13.765 -13.159 -14.017 -14.905 -14.87 -14.65 -13.785
2.116599 -8.779 -5.919 -8.363 -10.421 -12.077 -13.229 -11.33 -10.722 -12.12 -13.273 -14.066 -14.578 -10.616 -12.542 -13.738 -14.296 -14.63 -12.784 -13.775 -14.325 -14.605 -14.791 -13.771 -13.164 -14.022 -14.91 -14.875 -14.655 -13.79
2.180614 -8.784 -5.924 -8.368 -10.425 -12.081 -13.234 -11.334 -10.727 -12.125 -13.278 -14.071 -14.582 -10.62 -12.547 -13.743 -14.301 -14.635 -12.789 -13.78 -14.329 -14.609 -14.796 -13.775 -13.169 -14.026 -14.915 -14.88 -14.659 -13.795
2.246566 -8.788 -5.928 -8.372 -10.429 -12.085 -13.238 -11.338 -10.731 -12.129 -13.282 -14.075 -14.586 -10.624 -12.551 -13.747 -14.305 -14.639 -12.793 -13.784 -14.333 -14.613 -14.8 -13.779 -13.173 -14.031 -14.919 -14.884 -14.664 -13.799
2.314511 -8.791 -5.931 -8.376 -10.433 -12.089 -13.242 -11.342 -10.734 -12.133 -13.285 -14.078 -14.59 -10.628 -12.554 -13.75 -14.308 -14.642 -12.796 -13.788 -14.337 -14.617 -14.803 -13.783 -13.177 -14.034 -14.922 -14.888 -14.667 -13.802
2.384512 -8.794 -5.934 -8.378 -10.436 -12.092 -13.244 -11.345 -10.737 -12.135 -13.288 -14.081 -14.592 -10.631 -12.557 -13.753 -14.311 -14.645 -12.799 -13.79 -14.34 -14.62 -14.806 -13.786 -13.179 -14.037 -14.925 -14.89 -14.67 -13.805
2.45663 -8.796 -5.936 -8.38 -10.438 -12.094 -13.246 -11.347 -10.739 -12.137 -13.29 -14.083 -14.594 -10.633 -12.559 -13.755 -14.313 -14.647 -12.801 -13.792 -14.342 -14.622 -14.808 -13.788 -13.181 -14.039 -14.927 -14.892 -14.672 -13.807
2.530929 -8.797 -5.937 -8.382 -10.439 -12.095 -13.248 -11.348 -10.74 -12.139 -13.291 -14.084 -14.596 -10.634 -12.56 -13.756 -14.314 -14.648 -12.802 -13.794 -14.343 -14.623 -14.809 -13.789 -13.183 -14.04 -14.928 -14.894 -14.673 -13.808
2.607475 -8.798 -5.938 -8.382 -10.439 -12.095 -13.248 -11.348 -10.741 -12.139 -13.292 -14.085 -14.596 -10.634 -12.561 -13.757 -14.315 -14.649 -12.803 -13.794 -14.343 -14.623 -14.81 -13.789 -13.183 -14.04 -14.929 -14.894 -14.673 -13.809
2.686337 -8.797 -5.937 -8.382 -10.439 -12.095 -13.248 -11.348 -10.74 -12.139 -13.292 -14.084 -14.596 -10.634 -12.56 -13.756 -14.314 -14.649 -12.802 -13.794 -14.343 -14.623 -14.809 -13.789 -13.183 -14.04 -14.928 -14.894 -14.673 -13.808
2.767583 -8.796 -5.936 -8.381 -10.438 -12.094 -13.247 -11.347 -10.739 -12.138 -13.29 -14.083 -14.595 -10.633 -12.559 -13.755 -14.313 -14.647 -12.801 -13.793 -14.342 -14.622 -14.808 -13.788 -13.182 -14.039 -14.927 -14.893 -14.672 -13.807
2.851287 -8.794 -5.934 -8.378 -10.436 -12.092 -13.244 -11.345 -10.737 -12.135 -13.288 -14.081 -14.593 -10.631 -12.557 -13.753 -14.311 -14.645 -12.799 -13.79 -14.34 -14.62 -14.806 -13.786 -13.18 -14.037 -14.925 -14.891 -14.67 -13.805
2.937522 -8.791 -5.931 -8.375 -10.433 -12.089 -13.241 -11.342 -10.734 -12.132 -13.285 -14.078 -14.589 -10.628 -12.554 -13.75 -14.308 -14.642 -12.796 -13.787 -14.337 -14.617 -14.803 -13.783 -13.176 -14.034 -14.922 -14.887 -14.667 -13.802
3.026365 -8.787 -5.927 -8.371 -10.429 -12.085 -13.237 -11.337 -10.73 -12.128 -13.281 -14.074 -14.585 -10.624 -12.55 -13.746 -14.304 -14.638 -12.792 -13.783 -14.333 -14.612 -14.799 -13.779 -13.172 -14.03 -14.918 -14.883 -14.663 -13.798
3.117896 -8.782 -5.922 -8.366 -10.423 -12.079 -13.232 -11.332 -10.725 -12.123 -13.276 -14.069 -14.58 -10.618 -12.545 -13.741 -14.299 -14.633 -12.787 -13.778 -14.327 -14.607 -14.794 -13.773 -13.167 -14.024 -14.913 -14.878 -14.657 -13.793
3.212194 -8.775 -5.915 -8.36 -10.417 -12.073 -13.226 -11.326 -10.718 -12.117 -13.27 -14.062 -14.574 -10.612 -12.538 -13.734 -14.292 -14.627 -12.78 -13.772 -14.321 -14.601 -14.787 -13.767 -13.161 -14.018 -14.906 -14.872 -14.651 -13.786
3.309345 -8.768 -5.908 -8.352 -10.41 -12.066 -13.218 -11.319 -10.711 -12.109 -13.262 -14.055 -14.566 -10.605 -12.531 -13.727 -14.285 -14.619 -12.773 -13.764 -14.314 -14.594 -14.78 -13.76 -13.153 -14.011 -14.899 -14.864 -14.644 -13.779
3.409434 -8.759 -5.899 -8.344 -10.401 -12.057 -13.21 -11.31 -10.702 -12.101 -13.253 -14.046 -14.558 -10.596 -12.522 -13.718 -14.276 -14.61 -12.764 -13.756 -14.305 -14.585 -14.771 -13.751 -13.145 -14.002 -14.89 -14.856 -14.635 -13.77
3.51255 -8.749 -5.889 -8.333 -10.391 -12.047 -13.2 -11.3 -10.692 -12.091 -13.243 -14.036 -14.548 -10.586 -12.512 -13.708 -14.266 -14.6 -12.754 -13.745 -14.295 -14.575 -14.761 -13.741 -13.135 -13.992 -14.88 -14.846 -14.625 -13.76
3.618785 -8.737 -5.878 -8.322 -10.379 -12.035 -13.188 -11.288 -10.681 -12.079 -13.232 -14.025 -14.536 -10.574 -12.5 -13.697 -14.255 -14.589 -12.743 -13.734 -14.283 -14.563 -14.75 -13.729 -13.123 -13.98 -14.869 -14.834 -14.613 -13.749
3.728232 -8.725 -5.865 -8.309 -10.366 -12.022 -13.175 -11.275 -10.668 -12.066 -13.219 -14.012 -14.523 -10.561 -12.488 -13.684 -14.242 -14.576 -12.73 -13.721 -14.27 -14.55 -14.737 -13.716 -13.11 -13.967 -14.856 -14.821 -14.6 -13.736
3.84099 -8.71 -5.85 -8.295 -10.352 -12.008 -13.161 -11.261 -10.653 -12.052 -13.204 -13.997 -14.509 -10.547 -12.473 -13.669 -14.227 -14.561 -12.715 -13.707 -14.256 -14.536 -14.722 -13.702 -13.096 -13.953 -14.841 -14.807 -14.586 -13.721
3.957158 -8.694 -5.834 -8.278 -10.336 -11.992 -13.144 -11.245 -10.637 -12.036 -13.188 -13.981 -14.493 -10.531 -12.457 -13.653 -14.211 -14.545 -12.699 -13.69 -14.24 -14.52 -14.706 -13.686 -13.08 -13.937 -14.825 -14.791 -14.57 -13.705
4.07684 -8.676 -5.816 -8.261 -10.318 -11.974 -13.127 -11.227 -10.619 -12.018 -13.17 -13.963 -14.475 -10.513 -12.439 -13.635 -14.193 -14.527 -12.681 -13.673 -14.222 -14.502 -14.688 -13.668 -13.062 -13.919 -14.807 -14.773 -14.552 -13.687
4.200141 -8.656 -5.796 -8.241 -10.298 -11.954 -13.107 -11.207 -10.599 -11.998 -13.151 -13.943 -14.455 -10.493 -12.419 -13.615 -14.173 -14.508 -12.661 -13.653 -14.202 -14.482 -14.668 -13.648 -13.042 -13.899 -14.787 -14.753 -14.532 -13.667
4.327172 -8.635 -5.775 -8.219 -10.276 -11.932 -13.085 -11.185 -10.578 -11.976 -13.129 -13.922 -14.433 -10.472 -12.398 -13.594 -14.152 -14.486 -12.64 -13.631 -14.181 -14.46 -14.647 -13.626 -13.02 -13.878 -14.766 -14.731 -14.511 -13.646
4.458044 -8.611 -5.751 -8.195 -10.253 -11.909 -13.061 -11.162 -10.554 -11.953 -13.105 -13.898 -14.41 -10.448 -12.374 -13.57 -14.128 -14.462 -12.616 -13.607 -14.157 -14.437 -14.623 -13.603 -12.997 -13.854 -14.742 -14.708 -14.487 -13.622
4.592874 -8.585 -5.725 -8.17 -10.227 -11.883 -13.036 -11.136 -10.528 -11.927 -13.079 -13.872 -14.384 -10.422 -12.348 -13.544 -14.102 -14.436 -12.59 -13.582 -14.131 -14.411 -14.597 -13.577 -12.971 -13.828 -14.716 -14.682 -14.461 -13.596
4.731783 -8.557 -5.697 -8.141 -10.199 -11.855 -13.007 -11.108 -10.5 -11.898 -13.051 -13.844 -14.355 -10.394 -12.32 -13.516 -14.074 -14.408 -12.562 -13.553 -14.103 -14.383 -14.569 -13.549 -12.942 -13.8 -14.688 -14.653 -14.433 -13.568
4.874892 -8.526 -5.666 -8.111 -10.168 -11.824 -12.977 -11.077 -10.469 -11.868 -13.021 -13.813 -14.325 -10.363 -12.289 -13.485 -14.043 -14.378 -12.531 -13.523 -14.072 -14.352 -14.538 -13.518 -12.912 -13.769 -14.657 -14.623 -14.402 -13.537
5.02233 -8.493 -5.633 -8.078 -10.135 -11.791 -12.944 -11.044 -10.436 -11.835 -12.987 -13.78 -14.292 -10.33 -12.256 -13.452 -14.01 -14.344 -12.498 -13.49 -14.039 -14.319 -14.505 -13.485 -12.879 -13.736 -14.624 -14.59 -14.369 -13.504
5.174227 -8.457 -5.597 -8.042 -10.099 -11.755 -12.908 -11.008 -10.4 -11.799 -12.952 -13.744 -14.256 -10.294 -12.22 -13.416 -13.974 -14.308 -12.462 -13.454 -14.003 -14.283 -14.469 -13.449 -12.843 -13.7 -14.588 -14.554 -14.333 -13.468
5.330718 -8.418 -5.558 -8.003 -10.06 -11.716 -12.869 -10.969 -10.361 -11.76 -12.913 -13.705 -14.217 -10.255 -12.181 -13.377 -13.936 -14.27 -12.423 -13.415 -13.964 -14.244 -14.431 -13.41 -12.804 -13.661 -14.55 -14.515 -14.294 -13.429
5.491942 -8.377 -5.517 -7.961 -10.018 -11.674 -12.827 -10.927 -10.32 -11.718 -12.871 -13.664 -14.175 -10.213 -12.14 -13.336 -13.894 -14.228 -12.382 -13.373 -13.922 -14.202 -14.389 -13.368 -12.762 -13.62 -14.508 -14.473 -14.253 -13.388
5.658042 -8.332 -5.472 -7.916 -9.973 -11.629 -12.782 -10.882 -10.275 -11.673 -12.826 -13.619 -14.13 -10.168 -12.095 -13.291 -13.849 -14.183 -12.337 -13.328 -13.877 -14.157 -14.344 -13.323 -12.717 -13.575 -14.463 -14.428 -14.208 -13.343
5.829166 -8.283 -5.423 -7.868 -9.925 -11.581 -12.734 -10.834 -10.226 -11.625 -12.778 -13.57 -14.082 -10.12 -12.046 -13.242 -13.8 -14.135 -12.288 -13.28 -13.829 -14.109 -14.295 -13.275 -12.669 -13.526 -14.414 -14.38 -14.159 -13.294
6.005465 -8.231 -5.371 -7.816 -9.873 -11.529 -12.682 -10.782 -10.174 -11.573 -12.726 -13.518 -14.03 -10.068 -11.994 -13.19 -13.748 -14.083 -12.236 -13.228 -13.777 -14.057 -14.243 -13.223 -12.617 -13.474 -14.362 -14.328 -14.107 -13.242
6.187096 -8.176 -5.316 -7.76 -9.817 -11.473 -12.626 -10.726 -10.119 -11.517 -12.67 -13.463 -13.974 -10.012 -11.939 -13.135 -13.693 -14.027 -12.181 -13.172 -13.721 -14.001 -14.188 -13.167 -12.561 -13.418 -14.307 -14.272 -14.051 -13.187
6.37422 -8.116 -5.256 -7.7 -9.758 -11.414 -12.566 -10.667 -10.059 -11.457 -12.61 -13.403 -13.914 -9.953 -11.879 -13.075 -13.633 -13.967 -12.121 -13.112 -13.662 -13.942 -14.128 -13.108 -12.501 -13.359 -14.247 -14.212 -13.992 -13.127
6.567004 -8.052 -5.192 -7.636 -9.694 -11.35 -12.502 -10.603 -9.995 -11.393 -12.546 -13.339 -13.851 -9.889 -11.815 -13.011 -13.569 -13.903 -12.057 -13.048 -13.598 -13.878 -14.064 -13.044 -12.437 -13.295 -14.183 -14.148 -13.928 -13.063
6.765619 -7.983 -5.123 -7.568 -9.625 -11.281 -12.434 -10.534 -9.927 -11.325 -12.478 -13.271 -13.782 -9.82 -11.746 -12.943 -13.501 -13.835 -11.988 -12.98 -13.529 -13.809 -13.996 -12.975 -12.369 -13.226 -14.115 -14.08 -13.859 -12.994
6.97024 -7.91 -5.05 -7.495 -9.552 -11.208 -12.361 -10.461 -9.853 -11.252 -12.405 -13.197 -13.709 -9.747 -11.673 -12.869 -13.427 -13.762 -11.915 -12.907 -13.456 -13.736 -13.922 -12.902 -12.296 -13.153 -14.041 -14.007 -13.786 -12.921
7.181051 -7.832 -4.972 -7.417 -9.474 -11.13 -12.283 -10.383 -9.775 -11.174 -12.327 -13.119 -13.631 -9.669 -11.595 -12.791 -13.349 -13.683 -11.837 -12.829 -13.378 -13.658 -13.844 -12.824 -12.218 -13.075 -13.963 -13.929 -13.708 -12.843
7.398237 -7.749 -4.889 -7.333 -9.391 -11.047 -12.199 -10.3 -9.692 -11.09 -12.243 -13.036 -13.547 -9.586 -11.512 -12.708 -13.266 -13.6 -11.754 -12.745 -13.295 -13.575 -13.761 -12.741 -12.134 -12.992 -13.88 -13.845 -13.625 -12.76
7.621991 -7.66 -4.8 -7.244 -9.302 -10.958 -12.11 -10.211 -9.603 -11.001 -12.154 -12.947 -13.458 -9.497 -11.423 -12.619 -13.177 -13.511 -11.665 -12.656 -13.206 -13.486 -13.672 -12.652 -12.045 -12.903 -13.791 -13.756 -13.536 -12.671
7.852513 -7.565 -4.705 -7.149 -9.207 -10.863 -12.015 -10.116 -9.508 -10.906 -12.059 -12.852 -13.364 -9.402 -11.328 -12.524 -13.082 -13.416 -11.57 -12.561 -13.111 -13.391 -13.577 -12.557 -11.951 -12.808 -13.696 -13.662 -13.441 -12.576
8.090007 -7.464 -4.604 -7.048 -9.106 -10.762 -11.914 -10.015 -9.407 -10.805 -11.958 -12.751 -13.262 -9.301 -11.227 -12.423 -12.981 -13.315 -11.469 -12.46 -13.01 -13.29 -13.476 -12.456 -11.849 -12.707 -13.595 -13.56 -13.34 -12.475
8.334684 -7.356 -4.496 -6.941 -8.998 -10.654 -11.807 -9.907 -9.299 -10.698 -11.85 -12.643 -13.155 -9.193 -11.119 -12.315 -12.873 -13.207 -11.361 -12.353 -12.902 -13.182 -13.368 -12.348 -11.742 -12.599 -13.487 -13.453 -13.232 -12.367
8.586761 -7.241 -4.381 -6.826 -8.883 -10.539 -11.692 -9.792 -9.184 -10.583 -11.736 -12.528 -13.04 -9.078 -11.004 -12.2 -12.759 -13.093 -11.246 -12.238 -12.787 -13.067 -13.254 -12.233 -11.627 -12.484 -13.373 -13.338 -13.117 -12.252
8.846461 -7.119 -4.259 -6.704 -8.761 -10.417 -11.57 -9.67 -9.062 -10.461 -11.614 -12.406 -12.918 -8.956 -10.882 -12.078 -12.636 -12.971 -11.124 -12.116 -12.665 -12.945 -13.131 -12.111 -11.505 -12.362 -13.25 -13.216 -12.995 -12.13
9.114017 -6.989 -4.129 -6.574 -8.631 -10.287 -11.44 -9.54 -8.932 -10.331 -11.484 -12.276 -12.788 -8.826 -10.752 -11.948 -12.507 -12.841 -10.994 -11.986 -12.535 -12.815 -13.002 -11.981 -11.375 -12.232 -13.121 -13.086 -12.865 -12.0
9.389664 -6.851 -3.991 -6.436 -8.493 -10.149 -11.302 -9.402 -8.794 -10.193 -11.346 -12.138 -12.65 -8.688 -10.614 -11.81 -12.368 -12.703 -10.856 -11.848 -12.397 -12.677 -12.863 -11.843 -11.237 -12.094 -12.982 -12.948 -12.727 -11.862
9.673648 -6.704 -3.844 -6.289 -8.346 -10.002 -11.155 -9.255 -8.647 -10.046 -11.199 -11.991 -12.503 -8.541 -10.467 -11.663 -12.222 -12.556 -10.709 -11.701 -12.25 -12.53 -12.717 -11.696 -11.09 -11.947 -12.836 -12.801 -12.58 -11.715
9.966221 -6.548 -3.688 -6.133 -8.19 -9.846 -10.999 -9.099 -8.491 -9.89 -11.043 -11.835 -12.347 -8.385 -10.311 -11.507 -12.065 -12.4 -10.553 -11.545 -12.094 -12.374 -12.56 -11.54 -10.934 -11.791 -12.679 -12.645 -12.424 -11.559
10.267642 -6.382 -3.522 -5.967 -8.024 -9.68 -10.833 -8.933 -8.325 -9.724 -10.877 -11.669 -12.181 -8.219 -10.145 -11.341 -11.899 -12.234 -10.387 -11.379 -11.928 -12.208 -12.394 -11.374 -10.768 -11.625 -12.513 -12.479 -12.258 -11.393
10.57818 -6.206 -3.346 -5.79 -7.848 -9.504 -10.656 -8.757 -8.149 -9.547 -10.7 -11.493 -12.005 -8.043 -9.969 -11.165 -11.723 -12.057 -10.211 -11.202 -11.752 -12.032 -12.218 -11.198 -10.592 -11.449 -12.337 -12.303 -12.082 -11.217
10.89811 -6.019 -3.159 -5.603 -7.66 -9.316 -10.469 -8.569 -7.962 -9.36 -10.513 -11.306 -11.817 -7.855 -9.782 -10.978 -11.536 -11.87 -10.024 -11.015 -11.564 -11.844 -12.031 -11.01 -10.404 -11.261 -12.15 -12.115 -11.894 -11.03
11.227716 -5.82 -2.96 -5.404 -7.461 -9.117 -10.27 -8.37 -7.763 -9.161 -10.314 -11.107 -11.618 -7.656 -9.583 -10.779 -11.337 -11.671 -9.825 -10.816 -11.365 -11.645 -11.832 -10.811 -10.205 -11.062 -11.951 -11.916 -11.695 -10.831
11.56729 -5.608 -2.748 -5.193 -7.25 -8.906 -10.059 -8.159 -7.551 -8.95 -10.103 -10.895 -11.407 -7.445 -9.371 -10.567 -11.125 -11.46 -9.613 -10.605 -11.154 -11.434 -11.62 -10.6 -9.994 -10.851 -11.739 -11.705 -11.484 -10.619
11.917135 -5.384 -2.524 -4.968 -7.026 -8.682 -9.834 -7.935 -7.327 -8.725 -9.878 -10.671 -11.182 -7.221 -9.147 -10.343 -10.901 -11.235 -9.389 -10.38 -10.93 -11.21 -11.396 -10.376 -9.769 -10.627 -11.515 -11.48 -11.26 -10.395
12.277561 -5.145 -2.285 -4.73 -6.787 -8.443 -9.596 -7.696 -7.089 -8.487 -9.64 -10.433 -10.944 -6.982 -8.908 -10.105 -10.663 -10.997 -9.15 -10.142 -10.691 -10.971 -11.158 -10.137 -9.531 -10.388 -11.277 -11.242 -11.021 -10.156
12.648887 -4.892 -2.032 -4.477 -6.534 -8.19 -9.343 -7.443 -6.835 -8.234 -9.387 -10.18 -10.691 -6.729 -8.655 -9.852 -10.41 -10.744 -8.897 -9.889 -10.438 -10.718 -10.905 -9.884 -9.278 -10.135 -11.024 -10.989 -10.768 -9.903
13.031444 -4.624 -1.764 -4.208 -6.266 -7.922 -9.074 -7.175 -6.567 -7.965 -9.118 -9.911 -10.422 -6.461 -8.387 -9.583 -10.141 -10.475 -8.629 -9.62 -10.17 -10.45 -10.636 -9.616 -9.009 -9.867 -10.755 -10.72 -10.5 -9.635
13.425571 -4.339 -1.479 -3.923 -5.98 -7.636 -8.789 -6.889 -6.282 -7.68 -8.833 -9.626 -10.137 -6.175 -8.102 -9.298 -9.856 -10.19 -8.344 -9.335 -9.884 -10.164 -10.351 -9.33 -8.724 -9.582 -10.47 -10.435 -10.215 -9.35
13.831619 -4.036 -1.176 -3.62 -5.678 -7.334 -8.486 -6.587 -5.979 -7.377 -8.53 -9.323 -9.835 -5.873 -7.799 -8.995 -9.553 -9.887 -8.041 -9.032 -9.582 -9.862 -10.048 -9.028 -8.421 -9.279 -10.167 -10.132 -9.912 -9.047
14.249947 -3.714 -0.855 -3.299 -5.356 -7.012 -8.165 -6.265 -5.658 -7.056 -8.209 -9.002 -9.513 -5.551 -7.477 -8.674 -9.232 -9.566 -7.72 -8.711 -9.26 -9.54 -9.727 -8.706 -8.1 -8.957 -9.846 -9.811 -9.59 -8.726
14.680926 -3.373 -0.513 -2.958 -5.015 -6.671 -7.824 -5.924 -5.316 -6.715 -7.868 -8.66 -9.172 -5.21 -7.136 -8.332 -8.891 -9.225 -7.378 -8.37 -8.919 -9.199 -9.386 -8.365 -7.759 -8.616 -9.505 -9.47 -9.249 -8.384
15.124941 -3.011 -0.151 -2.596 -4.653 -6.309 -7.462 -5.562 -4.954 -6.353 -7.506 -8.298 -8.81 -4.848 -6.774 -7.97 -8.529 -8.863 -7.016 -8.008 -8.557 -8.837 -9.023 -8.003 -7.397 -8.254 -9.142 -9.108 -8.887 -8.022
15.582385 -2.627 0.233 -2.212 -4.269 -5.925 -7.078 -5.178 -4.57 -5.969 -7.121 -7.914 -8.426 -4.464 -6.39 -7.586 -8.144 -8.478 -6.632 -7.624 -8.173 -8.453 -8.639 -7.619 -7.013 -7.87 -8.758 -8.724 -8.503 -7.638
16.053663 -2.219 0.641 -1.804 -3.861 -5.517 -6.67 -4.77 -4.162 -5.561 -6.713 -7.506 -8.018 -4.056 -5.982 -7.178 -7.736 -8.07 -6.224 -7.216 -7.765 -8.045 -8.231 -7.211 -6.605 -7.462 -8.35 -8.316 -8.095 -7.23
16.539195 -1.786 1.074 -1.371 -3.428 -5.084 -6.237 -4.337 -3.729 -5.128 -6.28 -7.073 -7.585 -3.623 -5.549 -6.745 -7.303 -7.637 -5.791 -6.783 -7.332 -7.612 -7.798 -6.778 -6.172 -7.029 -7.917 -7.883 -7.662 -6.797
17.039412 -1.326 1.534 -0.911 -2.968 -4.624 -5.777 -3.877 -3.27 -4.668 -5.821 -6.614 -7.125 -3.163 -5.089 -6.286 -6.844 -7.178 -5.332 -6.323 -6.872 -7.152 -7.339 -6.318 -5.712 -6.569 -7.458 -7.423 -7.202 -6.337
17.554757 -0.839 2.021 -0.423 -2.48 -4.137 -5.289 -3.389 -2.782 -4.18 -5.333 -6.126 -6.637 -2.676 -4.602 -5.798 -6.356 -6.69 -4.844 -5.835 -6.385 -6.664 -6.851 -5.83 -5.224 -6.082 -6.97 -6.935 -6.715 -5.85
18.085689 -0.321 2.539 0.095 -1.963 -3.619 -4.771 -2.872 -2.264 -3.663 -4.815 -5.608 -6.12 -2.158 -4.084 -5.28 -5.838 -6.172 -4.326 -5.317 -5.867 -6.147 -6.333 -5.313 -4.707 -5.564 -6.452 -6.418 -6.197 -5.332
18.632678 0.229 3.089 0.644 -1.413 -3.069 -4.222 -2.322 -1.714 -3.113 -4.266 -5.058 -5.57 -1.608 -3.534 -4.73 -5.289 -5.623 -3.776 -4.768 -5.317 -5.597 -5.784 -4.763 -4.157 -5.014 -5.903 -5.868 -5.647 -4.782
19.196211 0.812 3.672 1.227 -0.83 -2.486 -3.639 -1.739 -1.131 -2.53 -3.682 -4.475 -4.987 -1.025 -2.951 -4.147 -4.705 -5.039 -3.193 -4.185 -4.734 -5.014 -5.2 -4.18 -3.574 -4.431 -5.319 -5.285 -5.064 -4.199
19.776787 1.431 4.291 1.847 -0.211 -1.867 -3.02 -1.12 -0.512 -1.911 -3.063 -3.856 -4.368 -0.406 -2.332 -3.528 -4.086 -4.42 -2.574 -3.565 -4.115 -4.395 -4.581 -3.561 -2.955 -3.812 -4.7 -4.666 -4.445 -3.58
20.374923 2.088 4.948 2.504 0.446 -1.21 -2.362 -0.463 0.145 -1.253 -2.406 -3.199 -3.71 0.251 -1.675 -2.871 -3.429 -3.763 -1.917 -2.908 -3.458 -3.738 -3.924 -2.904 -2.297 -3.155 -4.043 -4.008 -3.788 -2.923
20.991149 2.786 5.646 3.201 1.144 -0.512 -1.665 0.235 0.843 -0.556 -1.709 -2.501 -3.013 0.949 -0.977 -2.173 -2.731 -3.066 -1.219 -2.211 -2.76 -3.04 -3.226 -2.206 -1.6 -2.457 -3.345 -3.311 -3.09 -2.225
21.626011 3.526 6.386 3.942 1.884 0.228 -0.925 0.975 1.583 0.184 -0.968 -1.761 -2.273 1.689 -0.237 -1.433 -1.991 -2.325 -0.479 -1.47 -2.02 -2.3 -2.486 -1.466 -0.86 -1.717 -2.605 -2.571 -2.35 -1.485
22.280075 4.312 7.172 4.727 2.67 1.014 -0.139 1.761 2.369 0.97 -0.183 -0.975 -1.487 2.475 0.549 -0.647 -1.205 -1.54 0.307 -0.685 -1.234 -1.514 -1.7 -0.68 -0.074 -0.931 -1.819 -1.785 -1.564 -0.699
22.953921 5.146 8.006 5.561 3.504 1.848 0.695 2.595 3.203 1.804 0.651 -0.141 -0.653 3.309 1.383 0.187 -0.371 -0.705 1.141 0.149 -0.4 -0.68 -0.866 0.154 0.76 -0.097 -0.985 -0.951 -0.73 0.135
23.648147 6.031 8.891 6.447 4.389 2.733 1.58 3.48 4.088 2.689 1.537 0.744 0.232 4.194 2.268 1.072 0.514 0.18 2.026 1.035 0.485 0.205 0.019 1.039 1.645 0.788 -0.1 -0.066 0.155 1.02
24.363369 6.971 9.831 7.386 5.329 3.673 2.52 4.42 5.028 3.629 2.476 1.684 1.172 5.134 3.208 2.012 1.453 1.119 2.966 1.974 1.425 1.145 0.959 1.979 2.585 1.728 0.839 0.874 1.095 1.96
25.100222 7.968 10.828 8.383 6.326 4.67 3.517 5.417 6.025 4.626 3.474 2.681 2.169 6.131 4.205 3.009 2.451 2.117 3.963 2.971 2.422 2.142 1.956 2.976 3.582 2.725 1.837 1.871 2.092 2.957
25.859362 9.027 11.886 9.442 7.385 5.729 4.576 6.476 7.083 5.685 4.532 3.739 3.228 7.19 5.264 4.067 3.509 3.175 5.021 4.03 3.481 3.201 3.014 4.035 4.641 3.784 2.895 2.93 3.151 4.015
26.64146 10.15 13.01 10.565 8.508 6.852 5.699 7.599 8.207 6.808 5.656 4.863 4.351 8.313 6.387 5.191 4.633 4.299 6.145 5.153 4.604 4.324 4.138 5.158 5.764 4.907 4.019 4.053 4.274 5.139
27.447213 11.343 14.203 11.758 9.701 8.045 6.892 8.792 9.399 8.001 6.848 6.055 5.544 9.506 7.58 6.383 5.825 5.491 7.337 6.346 5.797 5.517 5.33 6.351 6.957 6.1 5.211 5.246 5.467 6.332
28.277335 12.608 15.468 13.024 10.966 9.31 8.158 10.057 10.665 9.267 8.114 7.321 6.81 10.771 8.845 7.649 7.091 6.757 8.603 7.612 7.062 6.782 6.596 7.616 8.223 7.365 6.477 6.512 6.732 7.597
29.132564 13.952 16.812 14.367 12.31 10.654 9.501 11.401 12.009 10.61 9.457 8.665 8.153 12.115 10.189 8.993 8.435 8.1 9.947 8.955 8.406 8.126 7.94 8.96 9.566 8.709 7.821 7.855 8.076 8.941
30.013659 15.378 18.238 15.793 13.736 12.08 10.927 12.827 13.435 12.036 10.883 10.091 9.579 13.541 11.615 10.419 9.86 9.526 11.373 10.381 9.832 9.552 9.366 10.386 10.992 10.135 9.246 9.281 9.502 10.367
30.921401 16.891 19.751 17.307 15.249 13.593 12.441 14.34 14.948 13.55 12.397 11.604 11.093 15.054 13.128 11.932 11.374 11.04 12.886 11.895 11.345 11.065 10.879 11.899 12.506 11.648 10.76 10.795 11.015 11.88
31.856598 18.498 21.358 18.913 16.856 15.2 14.047 15.947 16.555 15.156 14.003 13.211 12.699 16.661 14.735 13.539 12.98 12.646 14.493 13.501 12.952 12.672 12.485 13.506 14.112 13.255 12.366 12.401 12.622 13.487
32.820079 20.203 23.063 20.618 18.561 16.905 15.752 17.652 18.26 16.861 15.708 14.916 14.404 18.366 16.44 15.244 14.685 14.351 16.198 15.206 14.657 14.377 14.191 15.211 15.817 14.96 14.072 14.106 14.327 15.192
33.8127 22.013 24.872 22.428 20.371 18.715 17.562 19.462 20.069 18.671 17.518 16.725 16.214 20.176 18.25 17.053 16.495 16.161 18.007 17.016 16.467 16.187 16.0 17.021 17.627 16.77 15.881 15.916 16.137 17.001
34.835342 23.933 26.793 24.349 22.292 20.636 19.483 21.383 21.99 20.592 19.439 18.646 18.135 22.096 20.17 18.974 18.416 18.082 19.928 18.937 18.387 18.108 17.921 18.942 19.548 18.69 17.802 17.837 18.057 18.922
35.888913 25.972 28.832 26.388 24.33 22.674 21.522 23.421 24.029 22.631 21.478 20.685 20.174 24.135 22.209 21.013 20.455 20.121 21.967 20.976 20.426 20.146 19.96 20.98 21.587 20.729 19.841 19.876 20.096 20.961
36.974349 28.136 30.996 28.552 26.494 24.838 23.686 25.586 26.193 24.795 23.642 22.849 22.338 26.299 24.373 23.177 22.619 22.285 24.131 23.14 22.59 22.311 22.124 23.144 23.751 22.893 22.005 22.04 22.26 23.125
38.092613 30.433 33.293 30.849 28.791 27.135 25.983 27.882 28.49 27.092 25.939 25.146 24.635 28.596 26.67 25.474 24.916 24.582 26.428 25.437 24.887 24.607 24.421 25.441 26.048 25.19 24.302 24.337 24.557 25.422
39.244698 32.871 35.731 33.287 31.229 29.573 28.421 30.32 30.928 29.53 28.377 27.584 27.073 31.034 29.108 27.912 27.354 27.02 28.866 27.875 27.325 27.045 26.859 27.879 28.486 27.628 26.74 26.775 26.995 27.86
40.431627 35.459 38.319 35.874 33.817 32.161 31.008 32.908 33.516 32.117 30.964 30.172 29.66 33.622 31.696 30.5 29.942 29.608 31.454 30.462 29.913 29.633 29.447 30.467 31.073 30.216 29.328 29.362 29.583 30.448
41.654454 38.205 41.065 38.621 36.564 34.908 33.755 35.655 36.262 34.864 33.711 32.918 32.407 36.369 34.442 33.246 32.688 32.354 34.2 33.209 32.66 32.38 32.193 33.214 33.82 32.962 32.074 32.109 32.329 33.194
42.914265 41.121 43.981 41.536 39.479 37.823 36.67 38.57 39.178 37.779 36.626 35.834 35.322 39.284 37.358 36.162 35.603 35.269 37.116 36.124 35.575 35.295 35.108 36.129 36.735 35.878 34.989 35.024 35.245 36.11
44.212178 44.215 47.075 44.63 42.573 40.917 39.764 41.664 42.272 40.873 39.72 38.928 38.416 42.378 40.452 39.256 38.698 38.363 40.21 39.218 38.669 38.389 38.203 39.223 39.829 38.972 38.084 38.118 38.339 39.204
45.549345 47.499 50.359 47.915 45.857 44.201 43.048 44.948 45.556 44.157 43.005 42.212 41.7 45.662 43.736 42.54 41.982 41.648 43.494 42.502 41.953 41.673 41.487 42.507 43.113 42.256 41.368 41.402 41.623 42.488
46.926954 50.985 53.845 51.4 49.343 47.687 46.534 48.434 49.042 47.643 46.49 45.698 45.186 49.148 47.222 46.026 45.468 45.134 46.98 45.988 45.439 45.159 44.973 45.993 46.599 45.742 44.854 44.888 45.109 45.974
48.346227 54.685 57.545 55.1 53.043 51.387 50.234 52.134 52.742 51.343 50.19 49.398 48.886 52.848 50.922 49.726 49.168 48.833 50.68 49.688 49.139 48.859 48.673 49.693 50.299 49.442 48.554 48.588 48.809 49.674
49.808426 58.612 61.472 59.027 56.97 55.314 54.161 56.061 56.669 55.27 54.118 53.325 52.813 56.775 54.849 53.653 53.095 52.761 54.607 53.615 53.066 52.786 52.6 53.62 54.226 53.369 52.481 52.515 52.736 53.601
51.314848 62.78 65.64 63.196 61.138 59.482 58.33 60.229 60.837 59.439 58.286 57.493 56.981 60.943 59.017 57.821 57.263 56.929 58.775 57.784 57.234 56.954 56.768 57.788 58.395 57.537 56.649 56.684 56.904 57.769
52.86683 67.204 70.064 67.62 65.562 63.906 62.754 64.654 65.261 63.863 62.71 61.917 61.406 65.367 63.441 62.245 61.687 61.353 63.199 62.208 61.658 61.379 61.192 62.213 62.819 61.961 61.073 61.108 61.328 62.193
54.465752 71.9 74.76 72.316 70.258 68.602 67.45 69.349 69.957 68.559 67.406 66.613 66.101 70.063 68.137 66.941 66.383 66.049 67.895 66.904 66.354 66.074 65.888 66.908 67.515 66.657 65.769 65.804 66.024 66.889
56.113031 76.884 79.744 77.3 75.243 73.586 72.434 74.334 74.941 73.543 72.39 71.597 71.086 75.047 73.121 71.925 71.367 71.033 72.879 71.888 71.338 71.059 70.872 71.893 72.499 71.641 70.753 70.788 71.008 71.873
57.810132 82.175 85.035 82.59 80.533 78.877 77.724 79.624 80.231 78.833 77.68 76.887 76.376 80.338 78.412 77.215 76.657 76.323 78.169 77.178 76.629 76.349 76.162 77.183 77.789 76.932 76.043 76.078 76.299 77.164
59.55856 87.79 90.65 88.205 86.148 84.492 83.339 85.239 85.847 84.448 83.295 82.503 81.991 85.953 84.027 82.831 82.272 81.938 83.785 82.793 82.244 81.964 81.777 82.798 83.404 82.547 81.658 81.693 81.914 82.779
61.359868 93.749 96.609 94.165 92.108 90.452 89.299 91.199 91.806 90.408 89.255 88.462 87.951 91.913 89.986 88.79 88.232 87.898 89.744 88.753 88.204 87.924 87.737 88.758 89.364 88.507 87.618 87.653 87.874 88.738
63.215655 100.075 102.935 100.491 98.433 96.777 95.625 97.524 98.132 96.734 95.581 94.788 94.277 98.238 96.312 95.116 94.558 94.224 96.07 95.079 94.529 94.249 94.063 95.083 95.69 94.832 93.944 93.979 94.199 95.064
65.127569 106.79 109.649 107.205 105.148 103.492 102.339 104.239 104.846 103.448 102.295 101.502 100.991 104.953 103.027 101.83 101.272 100.938 102.784 101.793 101.244 100.964 100.777 101.798 102.404 101.547 100.658 100.693 100.914 101.778
67.097308 113.916 116.776 114.331 112.274 110.618 109.465 111.365 111.973 110.574 109.422 108.629 108.117 112.079 110.153 108.957 108.399 108.065 109.911 108.919 108.37 108.09 107.904 108.924 109.53 108.673 107.785 107.819 108.04 108.905
69.126621 121.48 124.34 121.896 119.838 118.182 117.029 118.929 119.537 118.138 116.986 116.193 115.681 119.643 117.717 116.521 115.963 115.629 117.475 116.484 115.934 115.654 115.468 116.488 117.094 116.237 115.349 115.383 115.604 116.469
71.217308 129.509 132.369 129.924 127.867 126.211 125.058 126.958 127.566 126.167 125.014 124.222 123.71 127.672 125.746 124.55 123.991 123.657 125.504 124.512 123.963 123.683 123.496 124.517 125.123 124.266 123.377 123.412 123.633 124.498
73.371227 138.03 140.89 138.446 136.388 134.732 133.58 135.479 136.087 134.689 133.536 132.743 132.231 136.193 134.267 133.071 132.513 132.179 134.025 133.034 132.484 132.204 132.018 133.038 133.645 132.787 131.899 131.934 132.154 133.019
75.59029 147.075 149.935 147.49 145.433 143.777 142.624 144.524 145.132 143.733 142.581 141.788 141.276 145.238 143.312 142.116 141.558 141.224 143.07 142.078 141.529 141.249 141.063 142.083 142.689 141.832 140.944 140.978 141.199 142.064
77.876467 156.675 159.535 157.091 155.033 153.377 152.224 154.124 154.732 153.333 152.181 151.388 150.876 154.838 152.912 151.716 151.158 150.824 152.67 151.679 151.129 150.849 150.663 151.683 152.289 151.432 150.544 150.578 150.799 151.664
80.231787 166.865 169.725 167.28 165.223 163.567 162.414 164.314 164.922 163.523 162.37 161.578 161.066 165.028 163.102 161.906 161.348 161.013 162.86 161.868 161.319 161.039 160.853 161.873 162.479 161.622 160.734 160.768 160.989 161.854
82.658343 177.68 180.54 178.096 176.038 174.382 173.229 175.129 175.737 174.338 173.186 172.393 171.881 175.843 173.917 172.721 172.163 171.829 173.675 172.684 172.134 171.854 171.668 172.688 173.294 172.437 171.549 171.583 171.804 172.669
85.158288 189.159 192.019 189.575 187.518 185.862 184.709 186.609 187.216 185.818 184.665 183.872 183.361 187.323 185.396 184.2 183.642 183.308 185.154 184.163 183.614 183.334 183.147 184.168 184.774 183.917 183.028 183.063 183.284 184.148
87.733843 201.344 204.204 201.759 199.702 198.046 196.893 198.793 199.401 198.002 196.849 196.057 195.545 199.507 197.581 196.385 195.827 195.492 197.339 196.347 195.798 195.518 195.332 196.352 196.958 196.101 195.213 195.247 195.468 196.333
90.387293 214.276 217.136 214.692 212.634 210.978 209.826 211.725 212.333 210.935 209.782 208.989 208.478 212.439 210.513 209.317 208.759 208.425 210.271 209.28 208.73 208.45 208.264 209.284 209.891 209.033 208.145 208.18 208.4 209.265
93.120995 228.003 230.863 228.418 226.361 224.705 223.552 225.452 226.06 224.661 223.508 222.716 222.204 226.166 224.24 223.044 222.486 222.151 223.998 223.006 222.457 222.177 221.991 223.011 223.617 222.76 221.872 221.906 222.127 222.992
95.937376 242.572 245.432 242.988 240.93 239.274 238.122 240.021 240.629 239.231 238.078 237.285 236.773 240.735 238.809 237.613 237.055 236.721 238.567 237.576 237.026 236.746 236.56 237.58 238.187 237.329 236.441 236.476 236.696 237.561
98.838937 258.036 260.896 258.452 256.394 254.738 253.586 255.485 256.093 254.695 253.542 252.749 252.237 256.199 254.273 253.077 252.519 252.185 254.031 253.04 252.49 252.21 252.024 253.044 253.651 252.793 251.905 251.94 252.16 253.025
101.828253 274.45 277.31 274.865 272.808 271.152 269.999 271.899 272.507 271.108 269.955 269.163 268.651 272.613 270.687 269.491 268.933 268.598 270.445 269.453 268.904 268.624 268.438 269.458 270.064 269.207 268.319 268.353 268.574 269.439
104.907979 291.871 294.731 292.287 290.229 288.573 287.421 289.32 289.928 288.53 287.377 286.584 286.072 290.034 288.108 286.912 286.354 286.02 287.866 286.875 286.325 286.045 285.859 286.879 287.485 286.628 285.74 285.774 285.995 286.86
108.080849 310.362 313.222 310.778 308.72 307.064 305.912 307.811 308.419 307.021 305.868 305.075 304.564 308.525 306.599 305.403 304.845 304.511 306.357 305.366 304.816 304.536 304.35 305.37 305.977 305.119 304.231 304.266 304.486 305.351
111.349681 329.989 332.849 330.404 328.347 326.691 325.538 327.438 328.046 326.647 325.494 324.702 324.19 328.152 326.226 325.03 324.472 324.137 325.984 324.992 324.443 324.163 323.977 324.997 325.603 324.746 323.858 323.892 324.113 324.978
114.717376 350.821 353.68 351.236 349.179 347.523 346.37 348.27 348.877 347.479 346.326 345.533 345.022 348.984 347.058 345.861 345.303 344.969 346.815 345.824 345.275 344.995 344.808 345.829 346.435 345.578 344.689 344.724 344.945 345.809
118.186925 372.931 375.791 373.347 371.289 369.633 368.481 370.381 370.988 369.59 368.437 367.644 367.133 371.094 369.168 367.972 367.414 367.08 368.926 367.935 367.385 367.106 366.919 367.94 368.546 367.688 366.8 366.835 367.055 367.92
121.761408 396.4 399.26 396.815 394.758 393.102 391.949 393.849 394.457 393.058 391.905 391.113 390.601 394.563 392.637 391.441 390.883 390.548 392.395 391.403 390.854 390.574 390.388 391.408 392.014 391.157 390.269 390.303 390.524 391.389
125.443999 421.309 424.169 421.725 419.668 418.011 416.859 418.759 419.366 417.968 416.815 416.022 415.511 419.472 417.546 416.35 415.792 415.458 417.304 416.313 415.763 415.484 415.297 416.318 416.924 416.066 415.178 415.213 415.433 416.298
129.237967 447.748 450.608 448.164 446.107 444.451 443.298 445.198 445.805 444.407 443.254 442.461 441.95 445.912 443.985 442.789 442.231 441.897 443.743 442.752 442.203 441.923 441.736 442.757 443.363 442.505 441.617 441.652 441.872 442.737
133.146681 475.811 478.671 476.226 474.169 472.513 471.36 473.26 473.868 472.469 471.317 470.524 470.012 473.974 472.048 470.852 470.294 469.96 471.806 470.814 470.265 469.985 469.799 470.819 471.425 470.568 469.68 469.714 469.935 470.8
137.173612 505.597 508.457 506.012 503.955 502.299 501.146 503.046 503.654 502.255 501.102 500.309 499.798 503.76 501.834 500.637 500.079 499.745 501.592 500.6 500.051 499.771 499.584 500.605 501.211 500.354 499.465 499.5 499.721 500.586
141.322334 537.211 540.071 537.627 535.569 533.913 532.761 534.66 535.268 533.87 532.717 531.924 531.413 535.374 533.448 532.252 531.694 531.36 533.206 532.215 531.665 531.385 531.199 532.219 532.826 531.968 531.08 531.115 531.335 532.2
145.596532 570.767 573.627 571.182 569.125 567.469 566.316 568.216 568.824 567.425 566.273 565.48 564.968 568.93 567.004 565.808 565.25 564.916 566.762 565.77 565.221 564.941 564.755 565.775 566.381 565.524 564.636 564.67 564.891 565.756
150.0 606.383 609.243 606.799 604.741 603.085 601.933 603.833 604.44 603.042 601.889 601.096 600.585 604.546 602.62 601.424 600.866 600.532 602.378 601.387 600.837 600.558 600.371 601.392 601.998 601.14 600.252 600.287 600.507 601.372
