# %ECSV 1.0
# ---
# datatype:
# - {name: time, datatype: float64}
# - {name: swift_uvot_uvw2, datatype: float64}
# - {name: swift_uvot_uvm2, datatype: float64}
# - {name: swift_uvot_uvw1, datatype: float64}
# - {name: swift_uvot_U, datatype: float64}
# - {name: swift_uvot_B, datatype: float64}
# - {name: swift_uvot_V, datatype: float64}
# - {name: swift_uvot_W, datatype: float64}
# - {name: johnson_U, datatype: float64}
# - {name: johnson_B, datatype: float64}
# - {name: johnson_V, datatype: float64}
# - {name: johnson_R, datatype: float64}
# - {name: johnson_I, datatype: float64}
# - {name: sdss_u, datatype: float64}
# - {name: sdss_g, datatype: float64}
# - {name: sdss_r, datatype: float64}
# - {name: sdss_i, datatype: float64}
# - {name: sdss_z, datatype: float64}
# - {name: PS1_g, datatype: float64}
# - {name: PS1_r, datatype: float64}
# - {name: PS1_i, datatype: float64}
# - {name: PS1_z, datatype: float64}
# - {name: PS1_Y, datatype: float64}
# - {name: PS1_w, datatype: float64}
# - {name: ATLAS_c, datatype: float64}
# - {name: ATLAS_o, datatype: float64}
# - {name: ukirt_J, datatype: float64}
# - {name: ukirt_H, datatype: float64}
# - {name: ukirt_K, datatype: float64}
# - {name: Clear, datatype: float64}
# meta: !!omap
# - comment: [kappa = 1.0, type = villar, mass = 0.1774768329891343, velocity = 0.29633333333333334, theta_obs = 0.0]
# schema: astropy-2.0
time swift_uvot_uvw2 swift_uvot_uvm2 swift_uvot_uvw1 swift_uvot_U swift_uvot_B swift_uvot_V swift_uvot_W johnson_U johnson_B johnson_V johnson_R johnson_I sdss_u sdss_g sdss_r sdss_i sdss_z PS1_g PS1_r PS1_i PS1_z PS1_Y PS1_w ATLAS_c ATLAS_o ukirt_J ukirt_H ukirt_K Clear
0.001 nan nan nan nan nan nan nan nan nan nan nan nan nan nan nan nan nan nan nan nan nan nan nan nan nan nan nan nan nan
0.00103 -5.915 -5.835 -5.759 -5.495 -5.211 -4.884 -5.611 -5.454 -5.208 -4.874 -4.521 -4.103 -5.463 -5.108 -4.681 -4.355 -4.041 -5.092 -4.712 -4.393 -4.181 -4.157 -4.73 -4.942 -4.547 -3.403 -2.876 -2.261 -4.796
0.001061 -6.48 -6.338 -6.231 -5.89 -5.57 -5.215 -6.077 -5.843 -5.566 -5.205 -4.833 -4.398 -5.852 -5.457 -5.001 -4.659 -4.334 -5.445 -5.042 -4.712 -4.502 -4.514 -5.057 -5.279 -4.861 -3.679 -3.143 -2.52 -5.13
0.001094 -6.8 -6.625 -6.503 -6.125 -5.788 -5.421 -6.348 -6.075 -5.785 -5.41 -5.03 -4.587 -6.085 -5.671 -5.2 -4.851 -4.521 -5.663 -5.248 -4.914 -4.708 -4.744 -5.261 -5.488 -5.058 -3.858 -3.318 -2.692 -5.337
0.001127 -7.029 -6.831 -6.701 -6.3 -5.953 -5.577 -6.545 -6.249 -5.949 -5.567 -5.181 -4.733 -6.258 -5.833 -5.354 -5.0 -4.666 -5.828 -5.407 -5.07 -4.867 -4.921 -5.416 -5.646 -5.209 -3.999 -3.455 -2.827 -5.495
0.001161 -7.21 -6.996 -6.86 -6.443 -6.089 -5.708 -6.704 -6.391 -6.085 -5.697 -5.308 -4.856 -6.401 -5.968 -5.482 -5.125 -4.789 -5.964 -5.539 -5.201 -5.001 -5.069 -5.546 -5.778 -5.336 -4.118 -3.573 -2.943 -5.626
0.001196 -7.362 -7.135 -6.995 -6.567 -6.208 -5.822 -6.839 -6.514 -6.204 -5.812 -5.42 -4.965 -6.524 -6.085 -5.595 -5.235 -4.898 -6.083 -5.655 -5.316 -5.119 -5.197 -5.66 -5.894 -5.448 -4.225 -3.678 -3.047 -5.741
0.001232 -7.494 -7.258 -7.114 -6.678 -6.314 -5.926 -6.959 -6.624 -6.311 -5.915 -5.521 -5.065 -6.634 -6.19 -5.697 -5.336 -4.997 -6.191 -5.76 -5.42 -5.225 -5.312 -5.763 -5.998 -5.55 -4.322 -3.775 -3.143 -5.845
0.001269 -7.613 -7.369 -7.222 -6.779 -6.413 -6.022 -7.067 -6.724 -6.409 -6.011 -5.615 -5.158 -6.734 -6.288 -5.792 -5.429 -5.09 -6.29 -5.857 -5.517 -5.324 -5.418 -5.859 -6.095 -5.644 -4.413 -3.865 -3.232 -5.941
0.001308 -7.721 -7.47 -7.322 -6.873 -6.504 -6.112 -7.166 -6.818 -6.5 -6.101 -5.704 -5.245 -6.828 -6.379 -5.881 -5.517 -5.177 -6.382 -5.948 -5.608 -5.416 -5.516 -5.948 -6.185 -5.733 -4.499 -3.95 -3.317 -6.031
0.001347 -7.821 -7.565 -7.415 -6.962 -6.591 -6.197 -7.26 -6.907 -6.587 -6.186 -5.788 -5.328 -6.917 -6.465 -5.965 -5.601 -5.26 -6.469 -6.034 -5.694 -5.503 -5.608 -6.033 -6.271 -5.817 -4.581 -4.032 -3.398 -6.117
0.001388 -7.914 -7.654 -7.503 -7.046 -6.674 -6.279 -7.348 -6.991 -6.67 -6.268 -5.869 -5.408 -7.001 -6.548 -6.046 -5.681 -5.34 -6.552 -6.116 -5.776 -5.586 -5.695 -6.115 -6.352 -5.898 -4.66 -4.11 -3.476 -6.199
0.00143 -8.003 -7.739 -7.587 -7.127 -6.753 -6.357 -7.431 -7.071 -6.75 -6.346 -5.947 -5.485 -7.081 -6.627 -6.124 -5.759 -5.417 -6.632 -6.196 -5.855 -5.666 -5.778 -6.193 -6.431 -5.975 -4.737 -4.186 -3.552 -6.277
0.001473 -8.087 -7.82 -7.667 -7.205 -6.83 -6.433 -7.512 -7.149 -6.826 -6.422 -6.022 -5.56 -7.159 -6.703 -6.2 -5.834 -5.492 -6.709 -6.272 -5.931 -5.743 -5.858 -6.269 -6.507 -6.051 -4.811 -4.26 -3.626 -6.353
0.001518 -8.167 -7.898 -7.744 -7.28 -6.905 -6.507 -7.589 -7.224 -6.901 -6.496 -6.095 -5.633 -7.234 -6.778 -6.274 -5.907 -5.565 -6.784 -6.346 -6.005 -5.818 -5.935 -6.343 -6.581 -6.124 -4.883 -4.333 -3.698 -6.427
0.001564 -8.244 -7.973 -7.819 -7.354 -6.977 -6.579 -7.663 -7.297 -6.973 -6.568 -6.167 -5.704 -7.307 -6.85 -6.345 -5.979 -5.636 -6.857 -6.419 -6.078 -5.891 -6.01 -6.415 -6.653 -6.196 -4.954 -4.403 -3.768 -6.499
0.001611 -8.318 -8.046 -7.891 -7.425 -7.048 -6.649 -7.736 -7.368 -7.044 -6.638 -6.237 -5.774 -7.379 -6.92 -6.415 -6.049 -5.706 -6.928 -6.489 -6.148 -5.962 -6.082 -6.485 -6.724 -6.266 -5.024 -4.473 -3.838 -6.57
0.00166 -8.39 -8.117 -7.962 -7.494 -7.117 -6.718 -7.806 -7.438 -7.113 -6.707 -6.306 -5.843 -7.448 -6.99 -6.484 -6.117 -5.774 -6.997 -6.558 -6.217 -6.031 -6.153 -6.554 -6.793 -6.335 -5.092 -4.541 -3.906 -6.638
0.00171 -8.46 -8.186 -8.03 -7.563 -7.185 -6.786 -7.875 -7.506 -7.181 -6.775 -6.373 -5.91 -7.516 -7.057 -6.552 -6.185 -5.842 -7.065 -6.626 -6.285 -6.099 -6.221 -6.622 -6.861 -6.402 -5.16 -4.608 -3.973 -6.706
0.001761 -8.528 -8.253 -8.098 -7.63 -7.252 -6.853 -7.943 -7.573 -7.248 -6.842 -6.44 -5.976 -7.583 -7.124 -6.618 -6.251 -5.908 -7.132 -6.693 -6.352 -6.166 -6.289 -6.688 -6.927 -6.469 -5.226 -4.675 -4.039 -6.773
0.001815 -8.594 -8.319 -8.164 -7.695 -7.317 -6.918 -8.008 -7.639 -7.314 -6.907 -6.505 -6.042 -7.649 -7.19 -6.684 -6.317 -5.973 -7.198 -6.759 -6.418 -6.232 -6.355 -6.754 -6.993 -6.534 -5.291 -4.74 -4.105 -6.839
0.00187 -8.659 -8.384 -8.229 -7.76 -7.382 -6.983 -8.073 -7.703 -7.378 -6.972 -6.57 -6.107 -7.714 -7.255 -6.749 -6.382 -6.038 -7.262 -6.823 -6.482 -6.296 -6.419 -6.818 -7.058 -6.599 -5.356 -4.805 -4.169 -6.903
0.001926 -8.722 -8.448 -8.292 -7.824 -7.446 -7.047 -8.137 -7.767 -7.442 -7.036 -6.634 -6.171 -7.778 -7.319 -6.813 -6.446 -6.102 -7.326 -6.887 -6.546 -6.36 -6.483 -6.882 -7.122 -6.663 -5.42 -4.869 -4.234 -6.967
0.001984 -8.785 -8.51 -8.355 -7.887 -7.509 -7.11 -8.2 -7.83 -7.505 -7.099 -6.697 -6.234 -7.841 -7.382 -6.876 -6.509 -6.166 -7.389 -6.951 -6.609 -6.423 -6.546 -6.946 -7.185 -6.726 -5.484 -4.932 -4.297 -7.03
0.002044 -8.846 -8.572 -8.417 -7.949 -7.572 -7.173 -8.261 -7.892 -7.568 -7.162 -6.76 -6.297 -7.903 -7.444 -6.939 -6.572 -6.228 -7.452 -7.013 -6.672 -6.486 -6.608 -7.008 -7.247 -6.789 -5.546 -4.995 -4.36 -7.093
0.002106 -8.906 -8.633 -8.478 -8.011 -7.633 -7.235 -8.322 -7.954 -7.629 -7.224 -6.822 -6.359 -7.964 -7.506 -7.001 -6.634 -6.291 -7.513 -7.075 -6.734 -6.547 -6.669 -7.07 -7.309 -6.851 -5.609 -5.058 -4.422 -7.155
0.00217 -8.965 -8.693 -8.538 -8.071 -7.694 -7.296 -8.382 -8.015 -7.691 -7.285 -6.884 -6.421 -8.025 -7.567 -7.062 -6.695 -6.352 -7.574 -7.136 -6.795 -6.608 -6.729 -7.132 -7.37 -6.913 -5.671 -5.12 -4.484 -7.216
0.002236 -9.023 -8.752 -8.597 -8.132 -7.755 -7.357 -8.442 -8.075 -7.751 -7.346 -6.945 -6.482 -8.085 -7.628 -7.123 -6.756 -6.414 -7.635 -7.197 -6.856 -6.669 -6.788 -7.192 -7.431 -6.974 -5.732 -5.181 -4.546 -7.277
0.002303 -9.08 -8.81 -8.656 -8.191 -7.815 -7.417 -8.501 -8.135 -7.811 -7.406 -7.005 -6.543 -8.145 -7.688 -7.184 -6.817 -6.474 -7.695 -7.257 -6.916 -6.729 -6.847 -7.253 -7.491 -7.034 -5.793 -5.242 -4.607 -7.337
0.002373 -9.137 -8.868 -8.714 -8.25 -7.875 -7.477 -8.559 -8.194 -7.871 -7.466 -7.065 -6.603 -8.204 -7.748 -7.244 -6.877 -6.535 -7.754 -7.316 -6.975 -6.788 -6.905 -7.313 -7.551 -7.094 -5.854 -5.303 -4.668 -7.397
0.002445 -9.193 -8.925 -8.772 -8.309 -7.934 -7.537 -8.616 -8.253 -7.93 -7.526 -7.125 -6.663 -8.263 -7.807 -7.303 -6.937 -6.595 -7.813 -7.376 -7.035 -6.847 -6.963 -7.372 -7.611 -7.154 -5.914 -5.363 -4.729 -7.457
0.002519 -9.248 -8.982 -8.829 -8.367 -7.992 -7.596 -8.673 -8.311 -7.989 -7.585 -7.185 -6.723 -8.321 -7.866 -7.363 -6.997 -6.654 -7.872 -7.435 -7.094 -6.905 -7.02 -7.432 -7.67 -7.213 -5.974 -5.423 -4.789 -7.516
0.002595 -9.302 -9.038 -8.885 -8.425 -8.051 -7.654 -8.73 -8.369 -8.047 -7.644 -7.244 -6.782 -8.379 -7.924 -7.422 -7.056 -6.714 -7.93 -7.493 -7.152 -6.964 -7.077 -7.49 -7.728 -7.272 -6.033 -5.483 -4.849 -7.574
0.002673 -9.356 -9.093 -8.941 -8.482 -8.109 -7.713 -8.786 -8.426 -8.105 -7.702 -7.302 -6.841 -8.437 -7.982 -7.48 -7.115 -6.773 -7.988 -7.551 -7.21 -7.021 -7.133 -7.549 -7.787 -7.331 -6.093 -5.543 -4.908 -7.633
0.002754 -9.409 -9.148 -8.997 -8.539 -8.166 -7.771 -8.841 -8.483 -8.162 -7.76 -7.361 -6.9 -8.494 -8.04 -7.538 -7.173 -6.832 -8.045 -7.609 -7.268 -7.079 -7.189 -7.607 -7.845 -7.39 -6.152 -5.602 -4.968 -7.691
0.002837 -9.462 -9.203 -9.052 -8.596 -8.224 -7.829 -8.896 -8.54 -8.22 -7.818 -7.419 -6.958 -8.55 -8.097 -7.596 -7.232 -6.89 -8.102 -7.666 -7.325 -7.136 -7.244 -7.665 -7.902 -7.448 -6.211 -5.661 -5.027 -7.748
0.002923 -9.515 -9.257 -9.107 -8.652 -8.28 -7.886 -8.951 -8.596 -8.277 -7.875 -7.477 -7.016 -8.607 -8.155 -7.654 -7.29 -6.948 -8.159 -7.723 -7.383 -7.192 -7.299 -7.722 -7.96 -7.505 -6.269 -5.719 -5.086 -7.806
0.003012 -9.566 -9.311 -9.161 -8.708 -8.337 -7.943 -9.005 -8.653 -8.333 -7.932 -7.534 -7.074 -8.663 -8.211 -7.711 -7.347 -7.006 -8.215 -7.78 -7.44 -7.249 -7.354 -7.78 -8.017 -7.563 -6.327 -5.778 -5.144 -7.863
0.003103 -9.618 -9.364 -9.215 -8.764 -8.393 -8.0 -9.059 -8.708 -8.39 -7.989 -7.591 -7.132 -8.718 -8.268 -7.769 -7.405 -7.064 -8.271 -7.837 -7.496 -7.305 -7.408 -7.837 -8.073 -7.62 -6.386 -5.836 -5.203 -7.92
0.003196 -9.669 -9.417 -9.269 -8.819 -8.45 -8.057 -9.113 -8.764 -8.446 -8.046 -7.649 -7.189 -8.774 -8.324 -7.826 -7.462 -7.122 -8.327 -7.893 -7.553 -7.361 -7.462 -7.893 -8.13 -7.677 -6.443 -5.894 -5.261 -7.976
0.003293 -9.719 -9.47 -9.322 -8.874 -8.505 -8.113 -9.166 -8.819 -8.501 -8.102 -7.705 -7.247 -8.829 -8.38 -7.882 -7.519 -7.179 -8.383 -7.949 -7.609 -7.417 -7.516 -7.95 -8.186 -7.734 -6.501 -5.952 -5.319 -8.033
0.003393 -9.769 -9.522 -9.375 -8.929 -8.561 -8.169 -9.219 -8.874 -8.557 -8.159 -7.762 -7.304 -8.884 -8.436 -7.939 -7.576 -7.236 -8.438 -8.005 -7.665 -7.472 -7.569 -8.006 -8.242 -7.791 -6.559 -6.01 -5.377 -8.089
0.003495 -9.819 -9.574 -9.427 -8.983 -8.616 -8.225 -9.272 -8.928 -8.612 -8.215 -7.818 -7.361 -8.938 -8.491 -7.995 -7.633 -7.293 -8.493 -8.061 -7.72 -7.527 -7.622 -8.062 -8.298 -7.847 -6.616 -6.067 -5.435 -8.145
0.003601 -9.868 -9.625 -9.48 -9.037 -8.671 -8.281 -9.324 -8.983 -8.667 -8.27 -7.875 -7.417 -8.993 -8.547 -8.051 -7.689 -7.35 -8.548 -8.116 -7.776 -7.582 -7.675 -8.118 -8.354 -7.903 -6.673 -6.125 -5.492 -8.2
0.00371 -9.917 -9.677 -9.531 -9.091 -8.726 -8.337 -9.376 -9.037 -8.722 -8.326 -7.931 -7.474 -9.047 -8.602 -8.107 -7.745 -7.406 -8.603 -8.171 -7.831 -7.637 -7.728 -8.174 -8.409 -7.959 -6.73 -6.182 -5.55 -8.256
0.003822 -9.965 -9.728 -9.583 -9.145 -8.781 -8.392 -9.427 -9.091 -8.777 -8.381 -7.987 -7.53 -9.101 -8.657 -8.163 -7.801 -7.463 -8.657 -8.226 -7.886 -7.692 -7.78 -8.229 -8.464 -8.015 -6.787 -6.239 -5.607 -8.311
0.003938 -10.014 -9.778 -9.635 -9.198 -8.835 -8.447 -9.479 -9.144 -8.831 -8.436 -8.042 -7.586 -9.154 -8.711 -8.218 -7.857 -7.519 -8.712 -8.281 -7.941 -7.746 -7.833 -8.284 -8.519 -8.071 -6.844 -6.296 -5.664 -8.366
0.004057 -10.061 -9.828 -9.686 -9.252 -8.89 -8.502 -9.53 -9.198 -8.886 -8.491 -8.098 -7.642 -9.208 -8.766 -8.273 -7.913 -7.575 -8.766 -8.336 -7.996 -7.8 -7.885 -8.339 -8.574 -8.126 -6.9 -6.353 -5.721 -8.421
0.00418 -10.109 -9.878 -9.737 -9.305 -8.944 -8.557 -9.581 -9.251 -8.94 -8.546 -8.153 -7.698 -9.261 -8.82 -8.329 -7.969 -7.631 -8.82 -8.39 -8.051 -7.855 -7.937 -8.394 -8.629 -8.182 -6.957 -6.41 -5.778 -8.476
0.004306 -10.156 -9.928 -9.787 -9.358 -8.997 -8.612 -9.631 -9.304 -8.994 -8.601 -8.208 -7.754 -9.314 -8.874 -8.384 -8.024 -7.687 -8.873 -8.445 -8.105 -7.909 -7.988 -8.449 -8.683 -8.237 -7.013 -6.466 -5.835 -8.53
0.004436 -10.203 -9.978 -9.837 -9.41 -9.051 -8.666 -9.682 -9.357 -9.047 -8.656 -8.263 -7.809 -9.367 -8.928 -8.438 -8.079 -7.742 -8.927 -8.499 -8.16 -7.962 -8.04 -8.504 -8.737 -8.292 -7.069 -6.523 -5.891 -8.585
0.00457 -10.25 -10.027 -9.888 -9.463 -9.105 -8.721 -9.732 -9.409 -9.101 -8.71 -8.318 -7.865 -9.419 -8.982 -8.493 -8.135 -7.798 -8.98 -8.553 -8.214 -8.016 -8.091 -8.558 -8.792 -8.347 -7.125 -6.579 -5.948 -8.639
0.004709 -10.296 -10.076 -9.937 -9.515 -9.158 -8.775 -9.782 -9.462 -9.154 -8.764 -8.373 -7.92 -9.472 -9.036 -8.548 -8.19 -7.853 -9.034 -8.607 -8.268 -8.07 -8.142 -8.613 -8.846 -8.401 -7.181 -6.635 -6.004 -8.693
0.004851 -10.342 -10.125 -9.987 -9.567 -9.211 -8.829 -9.831 -9.514 -9.207 -8.818 -8.428 -7.975 -9.524 -9.089 -8.602 -8.245 -7.908 -9.087 -8.66 -8.322 -8.123 -8.194 -8.667 -8.899 -8.456 -7.237 -6.691 -6.061 -8.747
0.004998 -10.388 -10.173 -10.036 -9.619 -9.264 -8.883 -9.881 -9.566 -9.26 -8.872 -8.482 -8.03 -9.576 -9.143 -8.656 -8.299 -7.964 -9.14 -8.714 -8.375 -8.176 -8.245 -8.721 -8.953 -8.511 -7.292 -6.747 -6.117 -8.801
0.005149 -10.433 -10.221 -10.086 -9.671 -9.317 -8.936 -9.93 -9.618 -9.313 -8.926 -8.537 -8.085 -9.628 -9.196 -8.711 -8.354 -8.019 -9.192 -8.767 -8.429 -8.229 -8.295 -8.775 -9.007 -8.565 -7.348 -6.803 -6.173 -8.854
0.005305 -10.479 -10.269 -10.135 -9.722 -9.37 -8.99 -9.979 -9.67 -9.366 -8.979 -8.591 -8.14 -9.68 -9.249 -8.765 -8.409 -8.073 -9.245 -8.821 -8.483 -8.282 -8.346 -8.828 -9.06 -8.619 -7.403 -6.859 -6.229 -8.908
0.005465 -10.524 -10.317 -10.183 -9.774 -9.422 -9.044 -10.027 -9.721 -9.419 -9.033 -8.645 -8.195 -9.731 -9.302 -8.819 -8.463 -8.128 -9.297 -8.874 -8.536 -8.335 -8.397 -8.882 -9.113 -8.673 -7.459 -6.914 -6.285 -8.961
0.00563 -10.568 -10.364 -10.232 -9.825 -9.475 -9.097 -10.076 -9.773 -9.471 -9.086 -8.699 -8.249 -9.783 -9.354 -8.872 -8.517 -8.183 -9.35 -8.927 -8.589 -8.388 -8.447 -8.935 -9.166 -8.727 -7.514 -6.97 -6.341 -9.015
0.005801 -10.613 -10.412 -10.28 -9.876 -9.527 -9.15 -10.124 -9.824 -9.523 -9.14 -8.753 -8.304 -9.834 -9.407 -8.926 -8.571 -8.238 -9.402 -8.98 -8.643 -8.441 -8.498 -8.989 -9.219 -8.781 -7.569 -7.025 -6.397 -9.068
0.005976 -10.657 -10.459 -10.328 -9.927 -9.579 -9.203 -10.172 -9.875 -9.575 -9.193 -8.807 -8.358 -9.885 -9.459 -8.979 -8.626 -8.292 -9.454 -9.033 -8.696 -8.493 -8.548 -9.042 -9.272 -8.835 -7.624 -7.081 -6.452 -9.121
0.006157 -10.701 -10.505 -10.376 -9.977 -9.631 -9.256 -10.22 -9.926 -9.627 -9.246 -8.86 -8.413 -9.936 -9.512 -9.033 -8.68 -8.346 -9.506 -9.085 -8.749 -8.546 -8.598 -9.095 -9.325 -8.888 -7.679 -7.136 -6.508 -9.174
0.006343 -10.744 -10.552 -10.424 -10.028 -9.683 -9.309 -10.268 -9.977 -9.679 -9.299 -8.914 -8.467 -9.987 -9.564 -9.086 -8.733 -8.401 -9.558 -9.138 -8.802 -8.598 -8.648 -9.148 -9.378 -8.942 -7.734 -7.191 -6.564 -9.226
0.006535 -10.788 -10.598 -10.471 -10.078 -9.735 -9.362 -10.316 -10.027 -9.731 -9.351 -8.967 -8.521 -10.037 -9.616 -9.139 -8.787 -8.455 -9.609 -9.191 -8.854 -8.651 -8.698 -9.201 -9.43 -8.995 -7.789 -7.247 -6.619 -9.279
0.006732 -10.831 -10.644 -10.518 -10.128 -9.786 -9.415 -10.363 -10.078 -9.783 -9.404 -9.021 -8.575 -10.088 -9.668 -9.192 -8.841 -8.509 -9.661 -9.243 -8.907 -8.703 -8.748 -9.254 -9.483 -9.049 -7.844 -7.302 -6.674 -9.331
0.006936 -10.874 -10.69 -10.565 -10.179 -9.838 -9.467 -10.41 -10.128 -9.834 -9.456 -9.074 -8.629 -10.138 -9.72 -9.245 -8.894 -8.563 -9.712 -9.295 -8.96 -8.755 -8.798 -9.307 -9.535 -9.102 -7.898 -7.357 -6.73 -9.384
0.007146 -10.917 -10.736 -10.612 -10.228 -9.889 -9.519 -10.457 -10.178 -9.885 -9.509 -9.127 -8.683 -10.188 -9.771 -9.298 -8.948 -8.617 -9.764 -9.348 -9.012 -8.807 -8.848 -9.359 -9.587 -9.155 -7.953 -7.412 -6.785 -9.436
0.007362 -10.959 -10.782 -10.659 -10.278 -9.94 -9.572 -10.504 -10.228 -9.937 -9.561 -9.18 -8.736 -10.238 -9.823 -9.351 -9.001 -8.671 -9.815 -9.4 -9.065 -8.859 -8.897 -9.412 -9.639 -9.208 -8.008 -7.467 -6.84 -9.488
0.007585 -11.002 -10.827 -10.705 -10.328 -9.992 -9.624 -10.55 -10.278 -9.988 -9.613 -9.233 -8.79 -10.288 -9.874 -9.404 -9.055 -8.725 -9.866 -9.452 -9.117 -8.911 -8.947 -9.464 -9.691 -9.261 -8.062 -7.521 -6.895 -9.54
0.007814 -11.044 -10.872 -10.752 -10.377 -10.042 -9.676 -10.597 -10.328 -10.039 -9.666 -9.286 -8.844 -10.338 -9.926 -9.456 -9.108 -8.778 -9.917 -9.504 -9.169 -8.963 -8.997 -9.516 -9.743 -9.314 -8.116 -7.576 -6.95 -9.592
0.00805 -11.085 -10.917 -10.798 -10.427 -10.093 -9.728 -10.643 -10.378 -10.09 -9.718 -9.339 -8.897 -10.387 -9.977 -9.509 -9.161 -8.832 -9.968 -9.555 -9.222 -9.015 -9.046 -9.568 -9.795 -9.366 -8.171 -7.631 -7.005 -9.644
0.008294 -11.127 -10.961 -10.844 -10.476 -10.144 -9.78 -10.689 -10.427 -10.14 -9.769 -9.392 -8.951 -10.437 -10.028 -9.561 -9.214 -8.885 -10.019 -9.607 -9.274 -9.067 -9.096 -9.62 -9.846 -9.419 -8.225 -7.686 -7.06 -9.696
0.008545 -11.168 -11.006 -10.889 -10.525 -10.195 -9.832 -10.735 -10.476 -10.191 -9.821 -9.444 -9.004 -10.486 -10.079 -9.614 -9.267 -8.939 -10.069 -9.659 -9.326 -9.119 -9.145 -9.672 -9.898 -9.472 -8.279 -7.74 -7.115 -9.748
0.008803 -11.209 -11.05 -10.935 -10.574 -10.245 -9.883 -10.78 -10.526 -10.241 -9.873 -9.497 -9.057 -10.535 -10.13 -9.666 -9.32 -8.992 -10.12 -9.71 -9.378 -9.17 -9.195 -9.724 -9.949 -9.524 -8.333 -7.795 -7.17 -9.799
0.009069 -11.25 -11.094 -10.98 -10.623 -10.296 -9.935 -10.826 -10.575 -10.292 -9.924 -9.549 -9.11 -10.584 -10.181 -9.718 -9.373 -9.046 -10.17 -9.762 -9.43 -9.222 -9.244 -9.776 -10.0 -9.577 -8.387 -7.849 -7.225 -9.851
0.009344 -11.291 -11.138 -11.025 -10.671 -10.346 -9.986 -10.871 -10.624 -10.342 -9.976 -9.602 -9.164 -10.633 -10.231 -9.77 -9.425 -9.099 -10.221 -9.813 -9.481 -9.273 -9.293 -9.828 -10.052 -9.629 -8.441 -7.903 -7.28 -9.902
0.009626 -11.331 -11.181 -11.07 -10.72 -10.396 -10.038 -10.916 -10.672 -10.392 -10.027 -9.654 -9.217 -10.682 -10.282 -9.822 -9.478 -9.152 -10.271 -9.865 -9.533 -9.325 -9.342 -9.879 -10.103 -9.681 -8.495 -7.958 -7.334 -9.953
0.009917 -11.371 -11.225 -11.115 -10.768 -10.446 -10.089 -10.961 -10.721 -10.442 -10.079 -9.706 -9.27 -10.73 -10.332 -9.874 -9.531 -9.205 -10.321 -9.916 -9.585 -9.376 -9.392 -9.931 -10.154 -9.733 -8.549 -8.012 -7.389 -10.004
0.010217 -11.411 -11.268 -11.16 -10.816 -10.496 -10.14 -11.006 -10.77 -10.492 -10.13 -9.758 -9.322 -10.779 -10.383 -9.925 -9.583 -9.258 -10.371 -9.967 -9.636 -9.427 -9.441 -9.982 -10.205 -9.785 -8.603 -8.066 -7.444 -10.056
0.010526 -11.451 -11.311 -11.204 -10.864 -10.546 -10.191 -11.05 -10.818 -10.542 -10.181 -9.81 -9.375 -10.827 -10.433 -9.977 -9.636 -9.311 -10.421 -10.018 -9.688 -9.479 -9.49 -10.033 -10.255 -9.837 -8.657 -8.12 -7.498 -10.106
0.010845 -11.491 -11.354 -11.248 -10.912 -10.595 -10.242 -11.095 -10.866 -10.592 -10.232 -9.862 -9.428 -10.875 -10.483 -10.029 -9.688 -9.364 -10.471 -10.069 -9.74 -9.53 -9.539 -10.085 -10.306 -9.889 -8.71 -8.175 -7.553 -10.157
0.011173 -11.53 -11.396 -11.292 -10.96 -10.645 -10.293 -11.139 -10.914 -10.641 -10.283 -9.914 -9.481 -10.923 -10.533 -10.08 -9.74 -9.417 -10.521 -10.12 -9.791 -9.581 -9.588 -10.136 -10.357 -9.941 -8.764 -8.229 -7.607 -10.208
0.011511 -11.569 -11.438 -11.336 -11.008 -10.694 -10.344 -11.183 -10.962 -10.691 -10.334 -9.966 -9.533 -10.971 -10.583 -10.132 -9.792 -9.47 -10.57 -10.171 -9.842 -9.632 -9.637 -10.187 -10.407 -9.992 -8.817 -8.283 -7.661 -10.259
0.011859 -11.608 -11.481 -11.38 -11.055 -10.744 -10.395 -11.227 -11.01 -10.74 -10.385 -10.017 -9.586 -11.019 -10.633 -10.183 -9.844 -9.522 -10.62 -10.222 -9.894 -9.683 -9.686 -10.238 -10.458 -10.044 -8.871 -8.337 -7.716 -10.309
0.012217 -11.647 -11.522 -11.423 -11.103 -10.793 -10.446 -11.271 -11.058 -10.789 -10.435 -10.069 -9.638 -11.067 -10.683 -10.234 -9.897 -9.575 -10.669 -10.272 -9.945 -9.734 -9.735 -10.289 -10.508 -10.096 -8.924 -8.391 -7.77 -10.36
0.012587 -11.685 -11.564 -11.466 -11.15 -10.842 -10.496 -11.314 -11.105 -10.838 -10.486 -10.12 -9.691 -11.114 -10.732 -10.285 -9.949 -9.627 -10.719 -10.323 -9.996 -9.785 -9.784 -10.339 -10.558 -10.147 -8.978 -8.444 -7.824 -10.41
0.012968 -11.723 -11.606 -11.51 -11.197 -10.891 -10.547 -11.357 -11.153 -10.887 -10.536 -10.172 -9.743 -11.162 -10.782 -10.337 -10.0 -9.68 -10.768 -10.373 -10.047 -9.836 -9.833 -10.39 -10.608 -10.199 -9.031 -8.498 -7.879 -10.461
0.01336 -11.761 -11.647 -11.552 -11.244 -10.94 -10.597 -11.401 -11.2 -10.936 -10.587 -10.223 -9.795 -11.209 -10.831 -10.388 -10.052 -9.732 -10.817 -10.424 -10.098 -9.887 -9.882 -10.441 -10.658 -10.25 -9.084 -8.552 -7.933 -10.511
0.013764 -11.799 -11.688 -11.595 -11.291 -10.989 -10.647 -11.444 -11.247 -10.985 -10.637 -10.275 -9.848 -11.256 -10.88 -10.438 -10.104 -9.785 -10.866 -10.474 -10.149 -9.938 -9.93 -10.491 -10.708 -10.301 -9.138 -8.606 -7.987 -10.561
0.01418 -11.836 -11.729 -11.638 -11.338 -11.038 -10.697 -11.486 -11.294 -11.034 -10.687 -10.326 -9.9 -11.303 -10.93 -10.489 -10.156 -9.837 -10.915 -10.524 -10.2 -9.988 -9.979 -10.542 -10.758 -10.352 -9.191 -8.659 -8.041 -10.611
0.014609 -11.873 -11.769 -11.68 -11.384 -11.086 -10.747 -11.529 -11.341 -11.082 -10.737 -10.377 -9.952 -11.35 -10.979 -10.54 -10.207 -9.889 -10.964 -10.575 -10.251 -10.039 -10.028 -10.592 -10.808 -10.403 -9.244 -8.713 -8.095 -10.661
0.015051 -11.91 -11.81 -11.722 -11.431 -11.135 -10.797 -11.571 -11.388 -11.131 -10.787 -10.428 -10.004 -11.397 -11.028 -10.591 -10.259 -9.941 -11.013 -10.625 -10.302 -10.09 -10.077 -10.642 -10.857 -10.454 -9.297 -8.767 -8.149 -10.711
0.015506 -11.947 -11.85 -11.764 -11.477 -11.183 -10.847 -11.614 -11.435 -11.179 -10.837 -10.479 -10.056 -11.444 -11.077 -10.641 -10.31 -9.993 -11.062 -10.675 -10.352 -10.14 -10.126 -10.692 -10.907 -10.505 -9.35 -8.82 -8.203 -10.761
0.015975 -11.984 -11.89 -11.806 -11.523 -11.231 -10.897 -11.656 -11.481 -11.227 -10.887 -10.53 -10.108 -11.49 -11.125 -10.692 -10.362 -10.046 -11.11 -10.725 -10.403 -10.191 -10.174 -10.742 -10.956 -10.556 -9.403 -8.874 -8.257 -10.81
0.016458 -12.02 -11.929 -11.847 -11.569 -11.279 -10.947 -11.698 -11.528 -11.276 -10.937 -10.581 -10.16 -11.536 -11.174 -10.742 -10.413 -10.098 -11.159 -10.775 -10.454 -10.242 -10.223 -10.792 -11.006 -10.607 -9.456 -8.927 -8.311 -10.86
0.016956 -12.056 -11.969 -11.889 -11.615 -11.327 -10.997 -11.74 -11.574 -11.324 -10.986 -10.632 -10.212 -11.583 -11.223 -10.793 -10.464 -10.149 -11.207 -10.825 -10.504 -10.292 -10.272 -10.842 -11.055 -10.658 -9.509 -8.981 -8.365 -10.909
0.017469 -12.092 -12.008 -11.93 -11.661 -11.375 -11.046 -11.781 -11.62 -11.372 -11.036 -10.682 -10.263 -11.629 -11.271 -10.843 -10.516 -10.201 -11.255 -10.874 -10.555 -10.343 -10.32 -10.892 -11.104 -10.708 -9.562 -9.034 -8.419 -10.959
0.017997 -12.128 -12.047 -11.971 -11.707 -11.423 -11.096 -11.823 -11.666 -11.419 -11.086 -10.733 -10.315 -11.675 -11.319 -10.893 -10.567 -10.253 -11.304 -10.924 -10.605 -10.393 -10.369 -10.942 -11.153 -10.759 -9.615 -9.087 -8.472 -11.008
0.018541 -12.163 -12.086 -12.011 -11.752 -11.471 -11.145 -11.864 -11.712 -11.467 -11.135 -10.784 -10.366 -11.72 -11.368 -10.943 -10.618 -10.305 -11.352 -10.974 -10.656 -10.443 -10.418 -10.992 -11.202 -10.809 -9.667 -9.141 -8.526 -11.057
0.019102 -12.198 -12.125 -12.052 -11.797 -11.518 -11.194 -11.905 -11.758 -11.515 -11.184 -10.834 -10.418 -11.766 -11.416 -10.993 -10.669 -10.357 -11.4 -11.023 -10.706 -10.494 -10.466 -11.041 -11.251 -10.86 -9.72 -9.194 -8.58 -11.106
0.01968 -12.233 -12.163 -12.092 -11.843 -11.566 -11.243 -11.946 -11.803 -11.562 -11.233 -10.884 -10.469 -11.812 -11.464 -11.043 -10.72 -10.408 -11.448 -11.073 -10.756 -10.544 -10.515 -11.091 -11.3 -10.91 -9.773 -9.247 -8.634 -11.156
0.020275 -12.267 -12.201 -12.132 -11.888 -11.613 -11.293 -11.986 -11.849 -11.61 -11.283 -10.935 -10.521 -11.857 -11.512 -11.093 -10.77 -10.46 -11.496 -11.122 -10.806 -10.594 -10.563 -11.14 -11.349 -10.96 -9.825 -9.3 -8.687 -11.204
0.020888 -12.302 -12.239 -12.172 -11.932 -11.66 -11.342 -12.027 -11.894 -11.657 -11.332 -10.985 -10.572 -11.902 -11.56 -11.143 -10.821 -10.511 -11.543 -11.172 -10.857 -10.644 -10.612 -11.189 -11.397 -11.01 -9.878 -9.353 -8.741 -11.253
0.02152 -12.336 -12.277 -12.212 -11.977 -11.708 -11.39 -12.067 -11.939 -11.704 -11.381 -11.035 -10.624 -11.947 -11.607 -11.193 -10.872 -10.563 -11.591 -11.221 -10.907 -10.694 -10.66 -11.238 -11.446 -11.061 -9.93 -9.407 -8.795 -11.302
0.022171 -12.37 -12.314 -12.251 -12.022 -11.755 -11.439 -12.107 -11.984 -11.751 -11.429 -11.085 -10.675 -11.992 -11.655 -11.242 -10.923 -10.614 -11.638 -11.27 -10.957 -10.745 -10.709 -11.288 -11.494 -11.111 -9.983 -9.46 -8.848 -11.351
0.022841 -12.403 -12.351 -12.291 -12.066 -11.801 -11.488 -12.147 -12.029 -11.798 -11.478 -11.135 -10.726 -12.037 -11.703 -11.292 -10.973 -10.666 -11.686 -11.319 -11.007 -10.795 -10.757 -11.337 -11.543 -11.16 -10.035 -9.513 -8.902 -11.399
0.023532 -12.437 -12.388 -12.33 -12.111 -11.848 -11.537 -12.187 -12.074 -11.845 -11.527 -11.185 -10.777 -12.082 -11.75 -11.341 -11.024 -10.717 -11.733 -11.368 -11.057 -10.845 -10.806 -11.386 -11.591 -11.21 -10.088 -9.566 -8.955 -11.448
0.024244 -12.47 -12.425 -12.369 -12.155 -11.895 -11.585 -12.227 -12.118 -11.891 -11.575 -11.235 -10.828 -12.126 -11.797 -11.391 -11.074 -10.768 -11.78 -11.417 -11.106 -10.895 -10.854 -11.434 -11.639 -11.26 -10.14 -9.619 -9.009 -11.496
0.024977 -12.503 -12.461 -12.407 -12.199 -11.941 -11.634 -12.266 -12.163 -11.938 -11.624 -11.285 -10.879 -12.171 -11.844 -11.44 -11.125 -10.819 -11.828 -11.466 -11.156 -10.944 -10.903 -11.483 -11.687 -11.31 -10.192 -9.672 -9.062 -11.545
0.025733 -12.535 -12.497 -12.446 -12.242 -11.988 -11.682 -12.305 -12.207 -11.984 -11.672 -11.335 -10.93 -12.215 -11.891 -11.489 -11.175 -10.87 -11.875 -11.515 -11.206 -10.994 -10.951 -11.532 -11.735 -11.359 -10.245 -9.724 -9.115 -11.593
0.026511 -12.567 -12.533 -12.484 -12.286 -12.034 -11.73 -12.344 -12.251 -12.031 -11.721 -11.384 -10.981 -12.259 -11.938 -11.538 -11.225 -10.921 -11.922 -11.564 -11.256 -11.044 -11.0 -11.581 -11.783 -11.409 -10.297 -9.777 -9.169 -11.641
0.027313 -12.599 -12.569 -12.522 -12.33 -12.08 -11.779 -12.383 -12.295 -12.077 -11.769 -11.434 -11.032 -12.303 -11.985 -11.587 -11.275 -10.972 -11.968 -11.612 -11.305 -11.094 -11.048 -11.629 -11.83 -11.459 -10.349 -9.83 -9.222 -11.689
0.028139 -12.631 -12.604 -12.56 -12.373 -12.126 -11.827 -12.422 -12.339 -12.123 -11.817 -11.483 -11.082 -12.347 -12.032 -11.636 -11.325 -11.023 -12.015 -11.661 -11.355 -11.144 -11.096 -11.677 -11.878 -11.508 -10.401 -9.883 -9.275 -11.737
0.02899 -12.662 -12.64 -12.597 -12.416 -12.172 -11.875 -12.46 -12.383 -12.169 -11.865 -11.533 -11.133 -12.39 -12.079 -11.685 -11.375 -11.074 -12.062 -11.709 -11.404 -11.193 -11.145 -11.726 -11.926 -11.557 -10.453 -9.936 -9.329 -11.785
0.029867 -12.694 -12.675 -12.635 -12.459 -12.218 -11.922 -12.499 -12.426 -12.215 -11.913 -11.582 -11.184 -12.434 -12.125 -11.734 -11.425 -11.125 -12.108 -11.758 -11.454 -11.243 -11.193 -11.774 -11.973 -11.606 -10.505 -9.988 -9.382 -11.833
0.03077 -12.725 -12.709 -12.672 -12.502 -12.264 -11.97 -12.537 -12.469 -12.26 -11.961 -11.631 -11.234 -12.477 -12.172 -11.783 -11.475 -11.176 -12.155 -11.806 -11.503 -11.293 -11.241 -11.822 -12.02 -11.656 -10.557 -10.041 -9.435 -11.88
0.031701 -12.755 -12.744 -12.709 -12.545 -12.309 -12.018 -12.575 -12.513 -12.306 -12.008 -11.68 -11.285 -12.52 -12.218 -11.831 -11.525 -11.226 -12.201 -11.854 -11.552 -11.342 -11.29 -11.87 -12.067 -11.705 -10.609 -10.093 -9.488 -11.928
0.032659 -12.785 -12.778 -12.745 -12.588 -12.355 -12.066 -12.612 -12.556 -12.351 -12.056 -11.73 -11.335 -12.563 -12.264 -11.88 -11.575 -11.277 -12.247 -11.902 -11.602 -11.392 -11.338 -11.918 -12.115 -11.754 -10.661 -10.146 -9.541 -11.975
0.033647 -12.815 -12.811 -12.782 -12.63 -12.4 -12.113 -12.65 -12.599 -12.397 -12.103 -11.779 -11.385 -12.606 -12.31 -11.928 -11.625 -11.327 -12.293 -11.951 -11.651 -11.441 -11.386 -11.966 -12.162 -11.803 -10.713 -10.199 -9.595 -12.023
0.034665 -12.845 -12.845 -12.818 -12.672 -12.445 -12.16 -12.687 -12.641 -12.442 -12.151 -11.828 -11.436 -12.649 -12.356 -11.977 -11.674 -11.378 -12.339 -11.999 -11.7 -11.491 -11.435 -12.014 -12.208 -11.851 -10.765 -10.251 -9.648 -12.07
0.035713 -12.875 -12.878 -12.854 -12.714 -12.49 -12.208 -12.724 -12.684 -12.487 -12.198 -11.876 -11.486 -12.691 -12.402 -12.025 -11.724 -11.428 -12.385 -12.046 -11.749 -11.54 -11.483 -12.062 -12.255 -11.9 -10.816 -10.304 -9.701 -12.117
0.036793 -12.904 -12.911 -12.89 -12.756 -12.535 -12.255 -12.761 -12.726 -12.532 -12.245 -11.925 -11.536 -12.734 -12.448 -12.073 -11.773 -11.479 -12.431 -12.094 -11.798 -11.589 -11.531 -12.109 -12.302 -11.949 -10.868 -10.356 -9.754 -12.164
0.037906 -12.933 -12.944 -12.925 -12.798 -12.58 -12.302 -12.798 -12.769 -12.577 -12.293 -11.974 -11.586 -12.776 -12.493 -12.121 -11.822 -11.529 -12.476 -12.142 -11.847 -11.638 -11.579 -12.157 -12.349 -11.998 -10.92 -10.408 -9.807 -12.211
0.039052 -12.961 -12.976 -12.96 -12.839 -12.625 -12.349 -12.834 -12.811 -12.621 -12.34 -12.022 -11.636 -12.818 -12.539 -12.169 -11.872 -11.579 -12.522 -12.19 -11.896 -11.688 -11.627 -12.204 -12.395 -12.046 -10.971 -10.461 -9.86 -12.258
0.040234 -12.989 -13.008 -12.995 -12.881 -12.669 -12.396 -12.871 -12.853 -12.666 -12.386 -12.071 -11.686 -12.86 -12.584 -12.217 -11.921 -11.63 -12.567 -12.237 -11.944 -11.737 -11.675 -12.251 -12.441 -12.094 -11.023 -10.513 -9.913 -12.305
0.04145 -13.017 -13.04 -13.03 -12.922 -12.714 -12.443 -12.907 -12.894 -12.71 -12.433 -12.119 -11.736 -12.901 -12.629 -12.265 -11.97 -11.68 -12.613 -12.285 -11.993 -11.786 -11.723 -12.299 -12.488 -12.143 -11.074 -10.565 -9.966 -12.351
0.042704 -13.045 -13.072 -13.064 -12.963 -12.758 -12.489 -12.943 -12.936 -12.754 -12.48 -12.168 -11.786 -12.943 -12.674 -12.313 -12.019 -11.73 -12.658 -12.332 -12.042 -11.835 -11.772 -12.346 -12.534 -12.191 -11.126 -10.618 -10.018 -12.398
0.043996 -13.072 -13.103 -13.099 -13.004 -12.802 -12.536 -12.978 -12.977 -12.798 -12.527 -12.216 -11.836 -12.984 -12.719 -12.36 -12.068 -11.78 -12.703 -12.38 -12.09 -11.884 -11.82 -12.393 -12.58 -12.239 -11.177 -10.67 -10.071 -12.444
0.045326 -13.099 -13.134 -13.133 -13.045 -12.846 -12.582 -13.014 -13.019 -12.842 -12.573 -12.264 -11.886 -13.025 -12.764 -12.408 -12.117 -11.83 -12.748 -12.427 -12.139 -11.933 -11.868 -12.44 -12.626 -12.287 -11.229 -10.722 -10.124 -12.491
0.046697 -13.126 -13.165 -13.166 -13.085 -12.89 -12.629 -13.049 -13.06 -12.886 -12.619 -12.312 -11.935 -13.066 -12.809 -12.455 -12.166 -11.879 -12.792 -12.474 -12.187 -11.982 -11.916 -12.486 -12.671 -12.335 -11.28 -10.774 -10.177 -12.537
0.048109 -13.152 -13.195 -13.2 -13.125 -12.934 -12.675 -13.084 -13.101 -12.93 -12.666 -12.36 -11.985 -13.107 -12.853 -12.503 -12.215 -11.929 -12.837 -12.521 -12.236 -12.031 -11.964 -12.533 -12.717 -12.383 -11.331 -10.826 -10.23 -12.583
0.049564 -13.178 -13.225 -13.233 -13.165 -12.977 -12.721 -13.119 -13.141 -12.974 -12.712 -12.408 -12.034 -13.148 -12.898 -12.55 -12.263 -11.979 -12.882 -12.568 -12.284 -12.08 -12.011 -12.58 -12.763 -12.431 -11.382 -10.878 -10.282 -12.629
0.051063 -13.204 -13.255 -13.266 -13.205 -13.02 -12.767 -13.154 -13.182 -13.017 -12.758 -12.456 -12.084 -13.188 -12.942 -12.597 -12.312 -12.029 -12.926 -12.615 -12.332 -12.128 -12.059 -12.626 -12.808 -12.479 -11.434 -10.93 -10.335 -12.675
0.052608 -13.229 -13.284 -13.298 -13.245 -13.064 -12.813 -13.188 -13.222 -13.06 -12.804 -12.504 -12.133 -13.228 -12.986 -12.644 -12.361 -12.078 -12.97 -12.662 -12.38 -12.177 -12.107 -12.673 -12.853 -12.526 -11.485 -10.982 -10.388 -12.721
0.054199 -13.254 -13.313 -13.331 -13.285 -13.107 -12.859 -13.223 -13.262 -13.103 -12.85 -12.552 -12.182 -13.269 -13.03 -12.691 -12.409 -12.128 -13.015 -12.708 -12.428 -12.226 -12.155 -12.719 -12.899 -12.574 -11.536 -11.034 -10.44 -12.766
0.055838 -13.279 -13.342 -13.363 -13.324 -13.15 -12.904 -13.257 -13.302 -13.146 -12.895 -12.599 -12.232 -13.308 -13.074 -12.738 -12.457 -12.177 -13.059 -12.755 -12.476 -12.274 -12.203 -12.765 -12.944 -12.621 -11.587 -11.086 -10.493 -12.812
0.057527 -13.303 -13.37 -13.394 -13.363 -13.193 -12.95 -13.29 -13.342 -13.189 -12.941 -12.647 -12.281 -13.348 -13.118 -12.785 -12.506 -12.227 -13.102 -12.801 -12.524 -12.323 -12.251 -12.811 -12.989 -12.669 -11.638 -11.138 -10.545 -12.857
0.059267 -13.327 -13.398 -13.426 -13.402 -13.235 -12.995 -13.324 -13.382 -13.232 -12.986 -12.694 -12.33 -13.388 -13.161 -12.831 -12.554 -12.276 -13.146 -12.848 -12.572 -12.371 -12.298 -12.857 -13.033 -12.716 -11.689 -11.19 -10.598 -12.903
0.061059 -13.35 -13.426 -13.457 -13.441 -13.278 -13.041 -13.357 -13.421 -13.274 -13.032 -12.741 -12.379 -13.427 -13.205 -12.878 -12.602 -12.325 -13.19 -12.894 -12.62 -12.419 -12.346 -12.903 -13.078 -12.763 -11.74 -11.241 -10.651 -12.948
0.062906 -13.373 -13.453 -13.488 -13.479 -13.32 -13.086 -13.391 -13.46 -13.316 -13.077 -12.788 -12.428 -13.466 -13.248 -12.924 -12.65 -12.374 -13.233 -12.94 -12.668 -12.468 -12.394 -12.949 -13.123 -12.81 -11.79 -11.293 -10.703 -12.993
0.064808 -13.396 -13.48 -13.519 -13.517 -13.362 -13.131 -13.423 -13.499 -13.359 -13.122 -12.835 -12.477 -13.505 -13.291 -12.971 -12.698 -12.423 -13.277 -12.986 -12.715 -12.516 -12.441 -12.994 -13.167 -12.857 -11.841 -11.345 -10.755 -13.038
0.066769 -13.419 -13.507 -13.549 -13.555 -13.404 -13.176 -13.456 -13.538 -13.401 -13.167 -12.882 -12.525 -13.543 -13.334 -13.017 -12.746 -12.473 -13.32 -13.032 -12.763 -12.564 -12.489 -13.04 -13.211 -12.904 -11.892 -11.396 -10.808 -13.083
0.068788 -13.441 -13.533 -13.579 -13.593 -13.446 -13.22 -13.489 -13.576 -13.443 -13.212 -12.929 -12.574 -13.582 -13.377 -13.063 -12.794 -12.521 -13.363 -13.078 -12.81 -12.612 -12.537 -13.085 -13.256 -12.951 -11.943 -11.448 -10.86 -13.128
0.070868 -13.462 -13.559 -13.609 -13.631 -13.488 -13.265 -13.521 -13.615 -13.484 -13.257 -12.976 -12.623 -13.62 -13.42 -13.109 -12.841 -12.57 -13.406 -13.124 -12.858 -12.66 -12.584 -13.13 -13.3 -12.997 -11.993 -11.5 -10.913 -13.172
0.073012 -13.484 -13.585 -13.638 -13.668 -13.529 -13.31 -13.553 -13.653 -13.526 -13.301 -13.023 -12.671 -13.658 -13.462 -13.155 -12.889 -12.619 -13.449 -13.17 -12.905 -12.708 -12.631 -13.176 -13.344 -13.044 -12.044 -11.551 -10.965 -13.217
0.07522 -13.505 -13.61 -13.667 -13.706 -13.57 -13.354 -13.585 -13.691 -13.567 -13.346 -13.069 -12.72 -13.696 -13.504 -13.201 -12.936 -12.668 -13.491 -13.215 -12.952 -12.756 -12.679 -13.221 -13.387 -13.09 -12.094 -11.603 -11.017 -13.261
0.077495 -13.525 -13.635 -13.696 -13.742 -13.612 -13.398 -13.616 -13.728 -13.608 -13.39 -13.116 -12.768 -13.733 -13.547 -13.246 -12.984 -12.717 -13.534 -13.261 -12.999 -12.804 -12.726 -13.266 -13.431 -13.137 -12.145 -11.654 -11.069 -13.305
0.079839 -13.545 -13.659 -13.725 -13.779 -13.652 -13.443 -13.648 -13.766 -13.649 -13.434 -13.162 -12.816 -13.771 -13.589 -13.292 -13.031 -12.765 -13.576 -13.306 -13.046 -12.852 -12.774 -13.31 -13.474 -13.183 -12.195 -11.705 -11.122 -13.35
0.082253 -13.565 -13.683 -13.753 -13.816 -13.693 -13.487 -13.679 -13.803 -13.69 -13.478 -13.209 -12.865 -13.808 -13.631 -13.337 -13.078 -12.814 -13.618 -13.351 -13.093 -12.9 -12.821 -13.355 -13.518 -13.229 -12.246 -11.757 -11.174 -13.394
0.084741 -13.585 -13.707 -13.781 -13.852 -13.734 -13.53 -13.71 -13.84 -13.731 -13.522 -13.255 -12.913 -13.845 -13.672 -13.382 -13.125 -12.862 -13.66 -13.396 -13.14 -12.947 -12.868 -13.4 -13.561 -13.275 -12.296 -11.808 -11.226 -13.437
0.087304 -13.603 -13.73 -13.808 -13.888 -13.774 -13.574 -13.741 -13.877 -13.771 -13.566 -13.301 -12.961 -13.881 -13.714 -13.428 -13.172 -12.91 -13.702 -13.441 -13.187 -12.995 -12.915 -13.444 -13.604 -13.321 -12.346 -11.859 -11.278 -13.481
0.089944 -13.622 -13.753 -13.835 -13.924 -13.815 -13.618 -13.771 -13.913 -13.811 -13.609 -13.347 -13.009 -13.918 -13.755 -13.473 -13.219 -12.959 -13.744 -13.486 -13.234 -13.042 -12.963 -13.488 -13.647 -13.367 -12.396 -11.911 -11.33 -13.525
0.092665 -13.64 -13.775 -13.862 -13.959 -13.855 -13.661 -13.801 -13.95 -13.851 -13.653 -13.393 -13.057 -13.954 -13.797 -13.518 -13.266 -13.007 -13.786 -13.531 -13.28 -13.09 -13.01 -13.532 -13.69 -13.412 -12.446 -11.962 -11.382 -13.568
0.095467 -13.658 -13.797 -13.889 -13.995 -13.895 -13.704 -13.831 -13.986 -13.891 -13.696 -13.438 -13.104 -13.99 -13.838 -13.562 -13.313 -13.055 -13.827 -13.575 -13.327 -13.137 -13.057 -13.576 -13.732 -13.458 -12.496 -12.013 -11.434 -13.611
0.098355 -13.675 -13.819 -13.915 -14.03 -13.934 -13.748 -13.861 -14.022 -13.931 -13.74 -13.484 -13.152 -14.026 -13.879 -13.607 -13.36 -13.103 -13.868 -13.62 -13.373 -13.184 -13.104 -13.62 -13.775 -13.504 -12.546 -12.064 -11.486 -13.655
0.101329 -13.692 -13.84 -13.941 -14.064 -13.974 -13.791 -13.89 -14.057 -13.971 -13.783 -13.529 -13.2 -14.061 -13.919 -13.652 -13.406 -13.151 -13.909 -13.664 -13.419 -13.232 -13.151 -13.664 -13.817 -13.549 -12.596 -12.115 -11.538 -13.698
0.104394 -13.708 -13.861 -13.966 -14.099 -14.013 -13.833 -13.92 -14.093 -14.01 -13.825 -13.575 -13.247 -14.096 -13.96 -13.696 -13.453 -13.199 -13.95 -13.708 -13.465 -13.279 -13.198 -13.708 -13.859 -13.594 -12.646 -12.166 -11.59 -13.741
0.107551 -13.724 -13.882 -13.991 -14.133 -14.052 -13.876 -13.949 -14.128 -14.049 -13.868 -13.62 -13.295 -14.131 -14.0 -13.74 -13.499 -13.247 -13.991 -13.753 -13.512 -13.326 -13.244 -13.751 -13.901 -13.639 -12.696 -12.217 -11.642 -13.783
0.110804 -13.74 -13.901 -14.016 -14.167 -14.091 -13.919 -13.977 -14.163 -14.088 -13.911 -13.665 -13.342 -14.166 -14.04 -13.785 -13.545 -13.294 -14.031 -13.797 -13.557 -13.373 -13.291 -13.795 -13.943 -13.684 -12.746 -12.268 -11.694 -13.826
0.114155 -13.755 -13.921 -14.04 -14.201 -14.13 -13.961 -14.006 -14.197 -14.127 -13.953 -13.71 -13.389 -14.201 -14.08 -13.829 -13.591 -13.342 -14.072 -13.84 -13.603 -13.42 -13.338 -13.838 -13.984 -13.729 -12.796 -12.319 -11.745 -13.868
0.117608 -13.769 -13.94 -14.064 -14.234 -14.168 -14.003 -14.034 -14.231 -14.165 -13.996 -13.755 -13.436 -14.235 -14.12 -13.872 -13.637 -13.389 -14.112 -13.884 -13.649 -13.466 -13.384 -13.881 -14.026 -13.774 -12.845 -12.369 -11.797 -13.911
0.121165 -13.783 -13.959 -14.088 -14.267 -14.206 -14.045 -14.062 -14.266 -14.203 -14.038 -13.8 -13.484 -14.269 -14.16 -13.916 -13.683 -13.437 -14.152 -13.928 -13.695 -13.513 -13.431 -13.924 -14.067 -13.818 -12.895 -12.42 -11.849 -13.953
0.124829 -13.797 -13.977 -14.111 -14.3 -14.244 -14.087 -14.09 -14.299 -14.241 -14.08 -13.844 -13.53 -14.302 -14.199 -13.96 -13.729 -13.484 -14.192 -13.971 -13.74 -13.56 -13.478 -13.967 -14.108 -13.863 -12.944 -12.471 -11.901 -13.995
0.128605 -13.81 -13.995 -14.134 -14.333 -14.282 -14.129 -14.117 -14.333 -14.279 -14.121 -13.889 -13.577 -14.336 -14.238 -14.003 -13.774 -13.531 -14.231 -14.014 -13.786 -13.606 -13.524 -14.009 -14.149 -13.907 -12.994 -12.521 -11.952 -14.037
0.132494 -13.823 -14.012 -14.157 -14.365 -14.32 -14.17 -14.145 -14.366 -14.317 -14.163 -13.933 -13.624 -14.369 -14.277 -14.047 -13.82 -13.578 -14.271 -14.058 -13.831 -13.653 -13.57 -14.052 -14.19 -13.951 -13.043 -12.572 -12.004 -14.078
0.136502 -13.835 -14.029 -14.179 -14.397 -14.357 -14.212 -14.172 -14.399 -14.354 -14.204 -13.977 -13.671 -14.401 -14.316 -14.09 -13.865 -13.625 -14.31 -14.101 -13.876 -13.699 -13.617 -14.094 -14.231 -13.995 -13.092 -12.623 -12.055 -14.12
0.14063 -13.847 -14.045 -14.2 -14.429 -14.394 -14.253 -14.198 -14.432 -14.391 -14.246 -14.022 -13.717 -14.434 -14.354 -14.133 -13.911 -13.672 -14.349 -14.143 -13.921 -13.745 -13.663 -14.136 -14.271 -14.039 -13.142 -12.673 -12.107 -14.161
0.144883 -13.858 -14.061 -14.222 -14.46 -14.431 -14.294 -14.225 -14.464 -14.428 -14.287 -14.066 -13.764 -14.466 -14.393 -14.176 -13.956 -13.719 -14.388 -14.186 -13.966 -13.791 -13.709 -14.178 -14.311 -14.083 -13.191 -12.723 -12.158 -14.203
0.149265 -13.869 -14.076 -14.243 -14.491 -14.468 -14.335 -14.251 -14.496 -14.465 -14.328 -14.109 -13.81 -14.498 -14.431 -14.218 -14.001 -13.766 -14.426 -14.229 -14.011 -13.837 -13.755 -14.22 -14.351 -14.127 -13.24 -12.774 -12.21 -14.244
0.15378 -13.879 -14.091 -14.263 -14.522 -14.504 -14.376 -14.277 -14.528 -14.501 -14.369 -14.153 -13.856 -14.53 -14.469 -14.261 -14.046 -13.812 -14.465 -14.271 -14.056 -13.883 -13.801 -14.262 -14.391 -14.17 -13.289 -12.824 -12.261 -14.284
0.15843 -13.889 -14.105 -14.283 -14.553 -14.54 -14.416 -14.303 -14.559 -14.538 -14.409 -14.197 -13.903 -14.561 -14.506 -14.303 -14.09 -13.859 -14.503 -14.313 -14.101 -13.929 -13.847 -14.303 -14.431 -14.214 -13.338 -12.874 -12.312 -14.325
0.163222 -13.898 -14.119 -14.303 -14.583 -14.576 -14.456 -14.328 -14.59 -14.574 -14.449 -14.24 -13.949 -14.592 -14.544 -14.345 -14.135 -13.905 -14.541 -14.355 -14.145 -13.975 -13.893 -14.344 -14.47 -14.257 -13.387 -12.925 -12.364 -14.366
0.168159 -13.907 -14.132 -14.322 -14.613 -14.612 -14.496 -14.353 -14.621 -14.609 -14.49 -14.283 -13.994 -14.622 -14.581 -14.387 -14.18 -13.951 -14.579 -14.397 -14.19 -14.021 -13.939 -14.386 -14.51 -14.3 -13.435 -12.975 -12.415 -14.406
0.173245 -13.915 -14.145 -14.341 -14.642 -14.647 -14.536 -14.378 -14.652 -14.645 -14.53 -14.326 -14.04 -14.653 -14.618 -14.429 -14.224 -13.998 -14.616 -14.439 -14.234 -14.066 -13.985 -14.427 -14.549 -14.343 -13.484 -13.025 -12.466 -14.446
0.178484 -13.922 -14.157 -14.359 -14.671 -14.683 -14.576 -14.402 -14.682 -14.68 -14.569 -14.369 -14.086 -14.683 -14.655 -14.471 -14.268 -14.044 -14.653 -14.481 -14.278 -14.112 -14.03 -14.467 -14.587 -14.385 -13.533 -13.075 -12.517 -14.486
0.183882 -13.929 -14.168 -14.377 -14.7 -14.717 -14.616 -14.427 -14.712 -14.715 -14.609 -14.412 -14.131 -14.712 -14.691 -14.513 -14.312 -14.09 -14.69 -14.522 -14.322 -14.157 -14.076 -14.508 -14.626 -14.428 -13.581 -13.125 -12.568 -14.526
0.189444 -13.936 -14.179 -14.394 -14.728 -14.752 -14.655 -14.451 -14.741 -14.75 -14.648 -14.455 -14.177 -14.742 -14.728 -14.554 -14.356 -14.135 -14.727 -14.563 -14.366 -14.202 -14.121 -14.549 -14.664 -14.47 -13.63 -13.175 -12.619 -14.566
0.195173 -13.942 -14.19 -14.411 -14.756 -14.786 -14.694 -14.474 -14.77 -14.784 -14.687 -14.497 -14.222 -14.771 -14.764 -14.595 -14.4 -14.181 -14.764 -14.604 -14.409 -14.247 -14.167 -14.589 -14.703 -14.513 -13.678 -13.225 -12.67 -14.605
0.201076 -13.947 -14.2 -14.427 -14.784 -14.821 -14.733 -14.498 -14.799 -14.818 -14.726 -14.539 -14.267 -14.799 -14.799 -14.636 -14.444 -14.227 -14.8 -14.645 -14.453 -14.292 -14.212 -14.629 -14.741 -14.555 -13.726 -13.274 -12.721 -14.644
0.207158 -13.952 -14.209 -14.443 -14.811 -14.854 -14.771 -14.521 -14.828 -14.852 -14.765 -14.582 -14.312 -14.827 -14.835 -14.677 -14.487 -14.272 -14.836 -14.686 -14.496 -14.337 -14.257 -14.669 -14.778 -14.597 -13.775 -13.324 -12.772 -14.683
0.213423 -13.956 -14.218 -14.459 -14.838 -14.888 -14.81 -14.544 -14.856 -14.886 -14.804 -14.624 -14.357 -14.855 -14.87 -14.718 -14.531 -14.318 -14.872 -14.727 -14.54 -14.382 -14.302 -14.708 -14.816 -14.638 -13.823 -13.374 -12.823 -14.722
0.219878 -13.96 -14.226 -14.474 -14.865 -14.921 -14.848 -14.566 -14.884 -14.919 -14.842 -14.665 -14.402 -14.883 -14.905 -14.758 -14.574 -14.363 -14.908 -14.767 -14.583 -14.426 -14.347 -14.748 -14.853 -14.68 -13.871 -13.423 -12.874 -14.761
0.226528 -13.963 -14.233 -14.488 -14.891 -14.954 -14.886 -14.589 -14.911 -14.952 -14.88 -14.707 -14.447 -14.91 -14.94 -14.798 -14.617 -14.408 -14.943 -14.807 -14.626 -14.471 -14.392 -14.787 -14.89 -14.721 -13.919 -13.473 -12.925 -14.799
0.233379 -13.965 -14.24 -14.502 -14.917 -14.987 -14.924 -14.611 -14.938 -14.984 -14.918 -14.748 -14.491 -14.937 -14.974 -14.838 -14.66 -14.453 -14.978 -14.847 -14.668 -14.515 -14.437 -14.826 -14.927 -14.763 -13.967 -13.522 -12.975 -14.837
0.240437 -13.967 -14.247 -14.516 -14.942 -15.019 -14.961 -14.632 -14.965 -15.017 -14.955 -14.79 -14.536 -14.963 -15.008 -14.878 -14.703 -14.498 -15.013 -14.887 -14.711 -14.559 -14.482 -14.865 -14.964 -14.804 -14.014 -13.571 -13.026 -14.875
0.247709 -13.968 -14.252 -14.529 -14.967 -15.051 -14.998 -14.654 -14.991 -15.049 -14.993 -14.831 -14.58 -14.989 -15.042 -14.918 -14.745 -14.542 -15.048 -14.926 -14.754 -14.603 -14.526 -14.904 -15.0 -14.844 -14.062 -13.621 -13.077 -14.913
0.255201 -13.969 -14.257 -14.541 -14.992 -15.083 -15.036 -14.675 -15.017 -15.081 -15.03 -14.872 -14.624 -15.015 -15.076 -14.957 -14.788 -14.587 -15.082 -14.966 -14.796 -14.647 -14.571 -14.942 -15.036 -14.885 -14.11 -13.67 -13.127 -14.951
0.262919 -13.969 -14.262 -14.553 -15.016 -15.114 -15.072 -14.695 -15.042 -15.112 -15.067 -14.912 -14.668 -15.04 -15.109 -14.996 -14.83 -14.631 -15.116 -15.005 -14.838 -14.691 -14.615 -14.981 -15.072 -14.925 -14.157 -13.719 -13.178 -14.988
0.270871 -13.968 -14.265 -14.564 -15.04 -15.145 -15.109 -14.716 -15.067 -15.143 -15.103 -14.953 -14.712 -15.065 -15.142 -15.035 -14.872 -14.676 -15.15 -15.044 -14.88 -14.735 -14.659 -15.019 -15.107 -14.966 -14.205 -13.768 -13.228 -15.025
0.279064 -13.967 -14.268 -14.575 -15.063 -15.176 -15.145 -14.736 -15.092 -15.174 -15.14 -14.993 -14.755 -15.089 -15.175 -15.074 -14.914 -14.72 -15.183 -15.082 -14.922 -14.778 -14.703 -15.056 -15.143 -15.006 -14.252 -13.817 -13.278 -15.062
0.287504 -13.965 -14.27 -14.585 -15.086 -15.206 -15.181 -14.755 -15.116 -15.204 -15.176 -15.033 -14.799 -15.113 -15.207 -15.112 -14.955 -14.764 -15.216 -15.121 -14.963 -14.822 -14.747 -15.094 -15.178 -15.046 -14.299 -13.866 -13.329 -15.099
0.296199 -13.962 -14.272 -14.595 -15.109 -15.236 -15.217 -14.775 -15.14 -15.234 -15.212 -15.073 -14.842 -15.136 -15.239 -15.151 -14.997 -14.807 -15.249 -15.159 -15.005 -14.865 -14.791 -15.131 -15.212 -15.085 -14.346 -13.915 -13.379 -15.135
0.305157 -13.959 -14.273 -14.604 -15.131 -15.266 -15.252 -14.794 -15.163 -15.264 -15.247 -15.113 -14.885 -15.159 -15.271 -15.189 -15.038 -14.851 -15.281 -15.197 -15.046 -14.908 -14.835 -15.169 -15.247 -15.125 -14.393 -13.963 -13.429 -15.171
0.314387 -13.955 -14.273 -14.613 -15.152 -15.295 -15.287 -14.813 -15.186 -15.293 -15.283 -15.152 -14.928 -15.182 -15.302 -15.227 -15.079 -14.895 -15.313 -15.235 -15.087 -14.951 -14.878 -15.205 -15.281 -15.164 -14.44 -14.012 -13.479 -15.207
0.323895 -13.95 -14.272 -14.62 -15.173 -15.324 -15.322 -14.831 -15.208 -15.322 -15.318 -15.191 -14.971 -15.204 -15.333 -15.264 -15.12 -14.938 -15.345 -15.272 -15.128 -14.993 -14.922 -15.242 -15.315 -15.203 -14.487 -14.061 -13.529 -15.243
0.333691 -13.945 -14.271 -14.628 -15.193 -15.352 -15.357 -14.849 -15.23 -15.351 -15.352 -15.23 -15.014 -15.226 -15.364 -15.301 -15.161 -14.981 -15.377 -15.309 -15.169 -15.036 -14.965 -15.278 -15.348 -15.241 -14.533 -14.109 -13.579 -15.278
0.343783 -13.939 -14.269 -14.634 -15.214 -15.381 -15.391 -14.867 -15.252 -15.379 -15.387 -15.269 -15.056 -15.247 -15.394 -15.338 -15.201 -15.024 -15.408 -15.346 -15.209 -15.078 -15.008 -15.314 -15.382 -15.28 -14.58 -14.157 -13.629 -15.314
0.354181 -13.932 -14.266 -14.64 -15.233 -15.408 -15.425 -14.884 -15.273 -15.407 -15.421 -15.308 -15.099 -15.267 -15.424 -15.375 -15.242 -15.067 -15.439 -15.383 -15.249 -15.121 -15.051 -15.35 -15.415 -15.318 -14.626 -14.206 -13.679 -15.348
0.364893 -13.924 -14.262 -14.646 -15.252 -15.436 -15.459 -14.901 -15.293 -15.434 -15.455 -15.346 -15.141 -15.287 -15.454 -15.412 -15.282 -15.109 -15.469 -15.42 -15.289 -15.163 -15.094 -15.386 -15.447 -15.356 -14.672 -14.254 -13.728 -15.383
0.375929 -13.916 -14.258 -14.65 -15.27 -15.463 -15.492 -14.918 -15.313 -15.462 -15.488 -15.384 -15.183 -15.307 -15.483 -15.448 -15.322 -15.152 -15.499 -15.456 -15.329 -15.205 -15.137 -15.421 -15.479 -15.394 -14.718 -14.302 -13.778 -15.417
0.387298 -13.907 -14.253 -14.654 -15.288 -15.489 -15.525 -14.934 -15.332 -15.488 -15.521 -15.422 -15.224 -15.326 -15.512 -15.484 -15.361 -15.194 -15.529 -15.492 -15.369 -15.246 -15.179 -15.456 -15.511 -15.432 -14.764 -14.35 -13.828 -15.452
0.399012 -13.897 -14.246 -14.658 -15.306 -15.515 -15.558 -14.95 -15.351 -15.514 -15.554 -15.459 -15.266 -15.345 -15.541 -15.52 -15.401 -15.236 -15.559 -15.527 -15.408 -15.288 -15.222 -15.491 -15.543 -15.469 -14.81 -14.398 -13.877 -15.485
0.41108 -13.886 -14.239 -14.66 -15.323 -15.541 -15.59 -14.965 -15.37 -15.54 -15.587 -15.497 -15.307 -15.363 -15.569 -15.555 -15.44 -15.278 -15.588 -15.563 -15.447 -15.329 -15.264 -15.525 -15.574 -15.506 -14.856 -14.446 -13.927 -15.519
0.423513 -13.875 -14.232 -14.662 -15.339 -15.566 -15.622 -14.98 -15.388 -15.565 -15.619 -15.534 -15.348 -15.38 -15.596 -15.59 -15.479 -15.32 -15.616 -15.598 -15.486 -15.37 -15.306 -15.559 -15.605 -15.543 -14.902 -14.493 -13.976 -15.552
0.436321 -13.863 -14.223 -14.664 -15.354 -15.591 -15.654 -14.995 -15.405 -15.59 -15.65 -15.57 -15.389 -15.397 -15.624 -15.625 -15.518 -15.361 -15.644 -15.633 -15.525 -15.411 -15.348 -15.593 -15.636 -15.579 -14.947 -14.541 -14.025 -15.585
0.449518 -13.85 -14.213 -14.664 -15.37 -15.615 -15.685 -15.009 -15.422 -15.615 -15.682 -15.607 -15.43 -15.413 -15.65 -15.659 -15.556 -15.403 -15.672 -15.667 -15.564 -15.452 -15.39 -15.627 -15.666 -15.615 -14.992 -14.588 -14.074 -15.618
0.463113 -13.836 -14.203 -14.664 -15.384 -15.639 -15.716 -15.023 -15.438 -15.639 -15.713 -15.643 -15.471 -15.429 -15.677 -15.694 -15.594 -15.444 -15.7 -15.701 -15.602 -15.492 -15.431 -15.66 -15.696 -15.651 -15.038 -14.636 -14.123 -15.65
0.47712 -13.821 -14.191 -14.663 -15.398 -15.662 -15.746 -15.036 -15.453 -15.662 -15.744 -15.679 -15.511 -15.444 -15.703 -15.727 -15.632 -15.485 -15.727 -15.735 -15.64 -15.532 -15.473 -15.693 -15.725 -15.687 -15.083 -14.683 -14.172 -15.682
0.49155 -13.806 -14.178 -14.661 -15.411 -15.685 -15.777 -15.049 -15.468 -15.685 -15.774 -15.715 -15.551 -15.459 -15.728 -15.761 -15.67 -15.525 -15.753 -15.768 -15.677 -15.572 -15.514 -15.726 -15.754 -15.722 -15.127 -14.73 -14.221 -15.713
0.506416 -13.789 -14.165 -14.659 -15.424 -15.707 -15.806 -15.062 -15.482 -15.707 -15.804 -15.75 -15.591 -15.472 -15.753 -15.794 -15.707 -15.566 -15.779 -15.802 -15.715 -15.612 -15.555 -15.758 -15.783 -15.757 -15.172 -14.777 -14.27 -15.745
0.521733 -13.772 -14.15 -14.655 -15.435 -15.729 -15.836 -15.074 -15.496 -15.729 -15.833 -15.785 -15.63 -15.486 -15.778 -15.827 -15.744 -15.606 -15.805 -15.834 -15.752 -15.652 -15.596 -15.79 -15.811 -15.791 -15.217 -14.824 -14.319 -15.776
0.537512 -13.754 -14.135 -14.651 -15.447 -15.751 -15.865 -15.086 -15.509 -15.751 -15.863 -15.819 -15.67 -15.498 -15.802 -15.859 -15.781 -15.646 -15.83 -15.867 -15.789 -15.691 -15.636 -15.821 -15.839 -15.826 -15.261 -14.87 -14.367 -15.806
0.553769 -13.735 -14.118 -14.646 -15.457 -15.771 -15.893 -15.097 -15.521 -15.772 -15.891 -15.854 -15.709 -15.51 -15.825 -15.891 -15.817 -15.685 -15.855 -15.899 -15.825 -15.73 -15.677 -15.852 -15.866 -15.86 -15.305 -14.917 -14.416 -15.836
0.570517 -13.715 -14.101 -14.64 -15.467 -15.791 -15.921 -15.108 -15.533 -15.792 -15.919 -15.888 -15.747 -15.521 -15.849 -15.923 -15.854 -15.725 -15.879 -15.931 -15.861 -15.769 -15.717 -15.883 -15.893 -15.893 -15.349 -14.963 -14.464 -15.866
0.587772 -13.695 -14.082 -14.633 -15.476 -15.811 -15.949 -15.118 -15.544 -15.812 -15.947 -15.921 -15.786 -15.531 -15.871 -15.954 -15.89 -15.764 -15.903 -15.962 -15.897 -15.807 -15.757 -15.914 -15.92 -15.927 -15.393 -15.01 -14.513 -15.896
0.605549 -13.673 -14.062 -14.626 -15.484 -15.83 -15.976 -15.128 -15.554 -15.831 -15.975 -15.955 -15.824 -15.541 -15.893 -15.985 -15.925 -15.803 -15.926 -15.993 -15.933 -15.846 -15.796 -15.944 -15.946 -15.96 -15.437 -15.056 -14.561 -15.925
0.623863 -13.65 -14.041 -14.617 -15.492 -15.848 -16.003 -15.137 -15.563 -15.849 -16.002 -15.988 -15.862 -15.55 -15.914 -16.016 -15.96 -15.842 -15.949 -16.023 -15.968 -15.884 -15.836 -15.973 -15.971 -15.992 -15.48 -15.102 -14.609 -15.954
0.642731 -13.627 -14.019 -14.607 -15.499 -15.866 -16.029 -15.146 -15.572 -15.867 -16.028 -16.02 -15.9 -15.558 -15.935 -16.046 -15.995 -15.88 -15.971 -16.053 -16.003 -15.921 -15.875 -16.002 -15.996 -16.024 -15.523 -15.148 -14.657 -15.982
0.66217 -13.602 -13.995 -14.597 -15.505 -15.883 -16.054 -15.154 -15.58 -15.885 -16.054 -16.052 -15.937 -15.566 -15.956 -16.075 -16.03 -15.918 -15.992 -16.083 -16.038 -15.959 -15.914 -16.031 -16.021 -16.056 -15.566 -15.193 -14.705 -16.01
0.682197 -13.577 -13.971 -14.585 -15.51 -15.9 -16.08 -15.161 -15.587 -15.901 -16.079 -16.084 -15.974 -15.572 -15.975 -16.104 -16.064 -15.956 -16.013 -16.112 -16.072 -15.996 -15.953 -16.06 -16.045 -16.087 -15.609 -15.239 -14.752 -16.037
0.70283 -13.55 -13.945 -14.573 -15.514 -15.916 -16.104 -15.169 -15.593 -15.917 -16.104 -16.116 -16.011 -15.578 -15.994 -16.133 -16.098 -15.993 -16.034 -16.141 -16.106 -16.033 -15.991 -16.088 -16.068 -16.118 -15.652 -15.284 -14.8 -16.064
0.724086 -13.523 -13.918 -14.559 -15.517 -15.931 -16.128 -15.175 -15.599 -15.933 -16.128 -16.146 -16.048 -15.583 -16.013 -16.161 -16.131 -16.031 -16.053 -16.169 -16.139 -16.069 -16.029 -16.115 -16.091 -16.149 -15.694 -15.329 -14.847 -16.091
0.745986 -13.494 -13.889 -14.545 -15.52 -15.945 -16.152 -15.181 -15.604 -15.947 -16.152 -16.177 -16.084 -15.587 -16.031 -16.189 -16.164 -16.067 -16.073 -16.197 -16.172 -16.105 -16.067 -16.142 -16.114 -16.179 -15.736 -15.374 -14.894 -16.117
0.768548 -13.465 -13.859 -14.529 -15.521 -15.959 -16.175 -15.186 -15.607 -15.961 -16.175 -16.207 -16.119 -15.59 -16.048 -16.216 -16.197 -16.104 -16.091 -16.225 -16.205 -16.141 -16.104 -16.169 -16.135 -16.209 -15.778 -15.419 -14.942 -16.143
0.791792 -13.434 -13.828 -14.512 -15.522 -15.972 -16.197 -15.191 -15.61 -15.974 -16.198 -16.237 -16.155 -15.592 -16.064 -16.243 -16.229 -16.14 -16.109 -16.251 -16.238 -16.177 -16.142 -16.195 -16.157 -16.238 -15.82 -15.464 -14.989 -16.168
0.815739 -13.402 -13.795 -14.495 -15.522 -15.984 -16.219 -15.195 -15.612 -15.987 -16.22 -16.266 -16.19 -15.593 -16.08 -16.269 -16.261 -16.176 -16.126 -16.278 -16.269 -16.212 -16.179 -16.22 -16.177 -16.267 -15.862 -15.508 -15.035 -16.192
0.840411 -13.37 -13.761 -14.475 -15.52 -15.996 -16.24 -15.199 -15.613 -15.998 -16.242 -16.295 -16.225 -15.594 -16.095 -16.295 -16.292 -16.211 -16.143 -16.304 -16.301 -16.247 -16.215 -16.245 -16.197 -16.295 -15.903 -15.553 -15.082 -16.217
0.865828 -13.336 -13.725 -14.455 -15.518 -16.006 -16.261 -15.201 -15.613 -16.009 -16.262 -16.323 -16.259 -15.593 -16.109 -16.32 -16.323 -16.246 -16.159 -16.329 -16.332 -16.281 -16.251 -16.27 -16.216 -16.323 -15.944 -15.597 -15.129 -16.24
0.892015 -13.301 -13.688 -14.434 -15.515 -16.016 -16.28 -15.203 -15.612 -16.019 -16.282 -16.35 -16.293 -15.591 -16.123 -16.345 -16.354 -16.281 -16.174 -16.353 -16.362 -16.315 -16.287 -16.294 -16.235 -16.35 -15.984 -15.64 -15.175 -16.263
0.918993 -13.265 -13.649 -14.411 -15.51 -16.025 -16.3 -15.205 -15.61 -16.028 -16.302 -16.378 -16.326 -15.588 -16.136 -16.369 -16.384 -16.315 -16.188 -16.377 -16.392 -16.349 -16.323 -16.317 -16.253 -16.376 -16.025 -15.684 -15.221 -16.286
0.946787 -13.228 -13.608 -14.387 -15.504 -16.033 -16.318 -15.205 -15.606 -16.036 -16.321 -16.404 -16.359 -15.584 -16.148 -16.392 -16.413 -16.349 -16.202 -16.401 -16.422 -16.382 -16.358 -16.34 -16.27 -16.403 -16.065 -15.727 -15.267 -16.308
0.975422 -13.19 -13.566 -14.362 -15.498 -16.04 -16.336 -15.205 -15.602 -16.044 -16.339 -16.43 -16.392 -15.579 -16.159 -16.415 -16.442 -16.383 -16.214 -16.424 -16.451 -16.414 -16.393 -16.362 -16.287 -16.428 -16.105 -15.771 -15.313 -16.329
1.004923 -13.151 -13.522 -14.335 -15.49 -16.046 -16.353 -15.204 -15.596 -16.05 -16.356 -16.456 -16.424 -15.573 -16.169 -16.437 -16.47 -16.416 -16.226 -16.446 -16.48 -16.447 -16.427 -16.383 -16.303 -16.453 -16.144 -15.813 -15.359 -16.35
1.035317 -13.111 -13.476 -14.307 -15.48 -16.051 -16.369 -15.203 -15.59 -16.056 -16.372 -16.48 -16.456 -15.565 -16.178 -16.458 -16.498 -16.448 -16.237 -16.467 -16.508 -16.478 -16.461 -16.404 -16.318 -16.477 -16.183 -15.856 -15.404 -16.37
1.066629 -13.07 -13.428 -14.277 -15.47 -16.055 -16.384 -15.2 -15.582 -16.06 -16.388 -16.505 -16.487 -15.556 -16.187 -16.479 -16.526 -16.48 -16.248 -16.488 -16.535 -16.51 -16.495 -16.425 -16.332 -16.501 -16.222 -15.898 -15.449 -16.39
1.098888 -13.027 -13.378 -14.246 -15.458 -16.058 -16.399 -15.197 -15.573 -16.063 -16.403 -16.528 -16.517 -15.546 -16.194 -16.499 -16.552 -16.512 -16.257 -16.508 -16.562 -16.54 -16.528 -16.444 -16.345 -16.524 -16.26 -15.941 -15.494 -16.408
1.132124 -12.984 -13.327 -14.213 -15.445 -16.06 -16.412 -15.193 -15.562 -16.066 -16.417 -16.551 -16.548 -15.535 -16.2 -16.518 -16.578 -16.543 -16.265 -16.528 -16.588 -16.571 -16.561 -16.463 -16.358 -16.546 -16.299 -15.982 -15.539 -16.427
1.166364 -12.939 -13.273 -14.179 -15.43 -16.061 -16.425 -15.188 -15.55 -16.067 -16.43 -16.573 -16.577 -15.522 -16.206 -16.536 -16.604 -16.574 -16.272 -16.546 -16.614 -16.6 -16.593 -16.481 -16.369 -16.568 -16.336 -16.024 -15.584 -16.444
1.20164 -12.894 -13.217 -14.143 -15.414 -16.061 -16.437 -15.181 -15.537 -16.067 -16.442 -16.595 -16.606 -15.508 -16.21 -16.554 -16.628 -16.604 -16.279 -16.564 -16.639 -16.63 -16.625 -16.498 -16.38 -16.589 -16.374 -16.065 -15.628 -16.461
1.237983 -12.847 -13.159 -14.105 -15.396 -16.059 -16.448 -15.174 -15.522 -16.066 -16.454 -16.616 -16.635 -15.492 -16.213 -16.571 -16.653 -16.633 -16.284 -16.581 -16.663 -16.658 -16.656 -16.515 -16.39 -16.609 -16.411 -16.106 -15.672 -16.477
1.275425 -12.799 -13.098 -14.066 -15.377 -16.056 -16.457 -15.166 -15.506 -16.063 -16.464 -16.635 -16.663 -15.475 -16.215 -16.587 -16.676 -16.662 -16.288 -16.597 -16.687 -16.686 -16.687 -16.531 -16.398 -16.628 -16.447 -16.147 -15.716 -16.492
1.313999 -12.75 -13.035 -14.025 -15.356 -16.052 -16.466 -15.157 -15.488 -16.059 -16.473 -16.655 -16.69 -15.456 -16.216 -16.602 -16.699 -16.69 -16.291 -16.612 -16.709 -16.714 -16.717 -16.546 -16.406 -16.647 -16.483 -16.187 -15.759 -16.506
1.35374 -12.701 -12.97 -13.981 -15.334 -16.047 -16.474 -15.147 -15.468 -16.054 -16.481 -16.673 -16.716 -15.435 -16.216 -16.616 -16.72 -16.718 -16.293 -16.626 -16.732 -16.74 -16.746 -16.559 -16.413 -16.665 -16.519 -16.227 -15.803 -16.52
1.394683 -12.65 -12.902 -13.936 -15.31 -16.04 -16.481 -15.136 -15.447 -16.048 -16.488 -16.69 -16.742 -15.413 -16.214 -16.629 -16.742 -16.745 -16.293 -16.64 -16.753 -16.766 -16.775 -16.573 -16.418 -16.682 -16.554 -16.266 -15.846 -16.532
1.436864 -12.598 -12.832 -13.889 -15.283 -16.032 -16.486 -15.123 -15.424 -16.04 -16.494 -16.707 -16.767 -15.389 -16.211 -16.641 -16.762 -16.771 -16.293 -16.652 -16.773 -16.792 -16.803 -16.585 -16.423 -16.697 -16.589 -16.306 -15.888 -16.544
1.480321 -12.546 -12.758 -13.84 -15.255 -16.022 -16.49 -15.109 -15.399 -16.031 -16.499 -16.723 -16.792 -15.363 -16.207 -16.652 -16.781 -16.796 -16.291 -16.663 -16.793 -16.816 -16.831 -16.596 -16.426 -16.712 -16.623 -16.344 -15.931 -16.555
1.525092 -12.493 -12.682 -13.789 -15.225 -16.01 -16.493 -15.094 -15.373 -16.02 -16.502 -16.737 -16.815 -15.335 -16.201 -16.661 -16.8 -16.821 -16.287 -16.673 -16.812 -16.84 -16.858 -16.606 -16.428 -16.726 -16.656 -16.383 -15.973 -16.564
1.571218 -12.439 -12.603 -13.735 -15.193 -15.997 -16.495 -15.078 -15.344 -16.007 -16.504 -16.751 -16.838 -15.305 -16.193 -16.67 -16.817 -16.845 -16.283 -16.682 -16.829 -16.863 -16.884 -16.615 -16.428 -16.739 -16.689 -16.42 -16.015 -16.573
1.618738 -12.384 -12.521 -13.68 -15.159 -15.982 -16.495 -15.06 -15.313 -15.993 -16.505 -16.763 -16.86 -15.273 -16.184 -16.678 -16.834 -16.868 -16.276 -16.69 -16.846 -16.885 -16.91 -16.623 -16.427 -16.751 -16.722 -16.458 -16.056 -16.581
1.667696 -12.329 -12.435 -13.621 -15.123 -15.966 -16.493 -15.041 -15.28 -15.977 -16.505 -16.775 -16.881 -15.239 -16.174 -16.684 -16.849 -16.89 -16.268 -16.697 -16.862 -16.906 -16.934 -16.629 -16.425 -16.762 -16.754 -16.495 -16.097 -16.587
1.718134 -12.273 -12.346 -13.56 -15.084 -15.947 -16.491 -15.02 -15.245 -15.959 -16.502 -16.785 -16.901 -15.202 -16.161 -16.689 -16.863 -16.912 -16.259 -16.702 -16.877 -16.927 -16.958 -16.635 -16.421 -16.771 -16.785 -16.531 -16.138 -16.593
1.770098 -12.218 -12.254 -13.497 -15.042 -15.927 -16.486 -14.998 -15.207 -15.939 -16.499 -16.794 -16.921 -15.163 -16.147 -16.692 -16.877 -16.932 -16.248 -16.706 -16.89 -16.946 -16.981 -16.639 -16.416 -16.779 -16.815 -16.567 -16.178 -16.597
1.823633 -12.161 -12.157 -13.431 -14.998 -15.904 -16.48 -14.974 -15.167 -15.917 -16.493 -16.802 -16.939 -15.122 -16.131 -16.694 -16.889 -16.952 -16.234 -16.708 -16.902 -16.964 -17.004 -16.642 -16.409 -16.786 -16.845 -16.603 -16.217 -16.6
1.878788 -12.105 -12.057 -13.362 -14.952 -15.88 -16.472 -14.948 -15.124 -15.893 -16.486 -16.808 -16.956 -15.077 -16.113 -16.695 -16.9 -16.97 -16.22 -16.709 -16.914 -16.982 -17.025 -16.643 -16.401 -16.792 -16.874 -16.637 -16.257 -16.602
1.93561 -12.049 -11.953 -13.29 -14.902 -15.853 -16.463 -14.921 -15.079 -15.867 -16.477 -16.813 -16.972 -15.03 -16.093 -16.694 -16.909 -16.987 -16.203 -16.708 -16.923 -16.998 -17.045 -16.643 -16.39 -16.796 -16.903 -16.672 -16.296 -16.602
1.994152 -11.993 -11.845 -13.215 -14.85 -15.823 -16.451 -14.891 -15.031 -15.838 -16.466 -16.816 -16.987 -14.98 -16.071 -16.691 -16.917 -17.003 -16.184 -16.706 -16.932 -17.013 -17.064 -16.642 -16.378 -16.799 -16.93 -16.705 -16.334 -16.601
2.054463 -11.937 -11.732 -13.137 -14.794 -15.791 -16.437 -14.86 -14.979 -15.807 -16.454 -16.818 -17.0 -14.927 -16.046 -16.686 -16.924 -17.018 -16.163 -16.702 -16.939 -17.027 -17.082 -16.638 -16.363 -16.8 -16.957 -16.738 -16.372 -16.598
2.116599 -11.882 -11.615 -13.055 -14.736 -15.757 -16.422 -14.827 -14.925 -15.773 -16.439 -16.819 -17.013 -14.871 -16.019 -16.68 -16.929 -17.032 -16.139 -16.696 -16.945 -17.039 -17.099 -16.633 -16.347 -16.799 -16.983 -16.77 -16.409 -16.594
2.180614 -11.827 -11.493 -12.97 -14.673 -15.72 -16.404 -14.791 -14.867 -15.737 -16.421 -16.817 -17.024 -14.811 -15.99 -16.671 -16.933 -17.044 -16.114 -16.688 -16.949 -17.05 -17.115 -16.627 -16.329 -16.797 -17.007 -16.802 -16.446 -16.588
2.246566 -11.773 -11.365 -12.881 -14.607 -15.679 -16.383 -14.753 -14.805 -15.697 -16.402 -16.814 -17.033 -14.748 -15.957 -16.661 -16.934 -17.055 -16.085 -16.678 -16.951 -17.06 -17.129 -16.618 -16.308 -16.792 -17.031 -16.832 -16.482 -16.58
2.314511 -11.72 -11.232 -12.788 -14.538 -15.636 -16.36 -14.713 -14.74 -15.655 -16.38 -16.809 -17.041 -14.681 -15.922 -16.648 -16.934 -17.065 -16.054 -16.666 -16.951 -17.068 -17.142 -16.608 -16.284 -16.786 -17.054 -16.862 -16.517 -16.57
2.384512 -11.668 -11.094 -12.692 -14.464 -15.59 -16.335 -14.67 -14.671 -15.609 -16.356 -16.801 -17.047 -14.61 -15.884 -16.633 -16.933 -17.072 -16.021 -16.652 -16.95 -17.074 -17.154 -16.595 -16.259 -16.778 -17.075 -16.891 -16.552 -16.559
2.45663 -11.618 -10.949 -12.591 -14.386 -15.54 -16.307 -14.624 -14.598 -15.56 -16.328 -16.792 -17.052 -14.534 -15.843 -16.616 -16.929 -17.079 -15.984 -16.635 -16.947 -17.079 -17.164 -16.58 -16.23 -16.767 -17.096 -16.919 -16.586 -16.545
2.530929 -11.569 -10.799 -12.486 -14.303 -15.486 -16.275 -14.575 -14.521 -15.508 -16.298 -16.78 -17.055 -14.455 -15.799 -16.596 -16.923 -17.083 -15.944 -16.616 -16.941 -17.082 -17.172 -16.563 -16.199 -16.755 -17.115 -16.946 -16.619 -16.53
2.607475 -11.521 -10.642 -12.376 -14.215 -15.428 -16.241 -14.524 -14.439 -15.451 -16.265 -16.766 -17.056 -14.37 -15.751 -16.573 -16.914 -17.086 -15.901 -16.594 -16.933 -17.083 -17.179 -16.543 -16.164 -16.739 -17.133 -16.972 -16.652 -16.512
2.686337 -11.475 -10.478 -12.261 -14.123 -15.367 -16.203 -14.469 -14.352 -15.391 -16.228 -16.75 -17.054 -14.281 -15.699 -16.548 -16.904 -17.086 -15.855 -16.57 -16.923 -17.082 -17.184 -16.521 -16.126 -16.722 -17.149 -16.997 -16.683 -16.492
2.767583 -11.431 -10.306 -12.141 -14.025 -15.301 -16.162 -14.411 -14.259 -15.327 -16.189 -16.73 -17.051 -14.186 -15.643 -16.519 -16.891 -17.085 -15.805 -16.542 -16.911 -17.079 -17.187 -16.495 -16.085 -16.701 -17.164 -17.021 -16.714 -16.469
2.851287 -11.388 -10.127 -12.016 -13.921 -15.23 -16.117 -14.349 -14.161 -15.257 -16.145 -16.708 -17.045 -14.085 -15.583 -16.487 -16.875 -17.081 -15.751 -16.511 -16.896 -17.073 -17.188 -16.467 -16.041 -16.678 -17.177 -17.043 -16.744 -16.443
2.937522 -11.347 -9.941 -11.885 -13.812 -15.155 -16.068 -14.284 -14.058 -15.183 -16.097 -16.683 -17.037 -13.979 -15.519 -16.452 -16.856 -17.074 -15.693 -16.477 -16.878 -17.065 -17.187 -16.436 -15.992 -16.651 -17.189 -17.064 -16.773 -16.415
3.026365 -11.308 -9.746 -11.749 -13.695 -15.074 -16.015 -14.214 -13.948 -15.104 -16.046 -16.654 -17.027 -13.866 -15.449 -16.412 -16.834 -17.066 -15.63 -16.439 -16.857 -17.054 -17.184 -16.402 -15.94 -16.621 -17.199 -17.084 -16.8 -16.384
3.117896 -11.27 -9.542 -11.606 -13.572 -14.988 -15.957 -14.14 -13.831 -15.02 -15.989 -16.622 -17.013 -13.746 -15.375 -16.369 -16.809 -17.054 -15.563 -16.397 -16.832 -17.041 -17.178 -16.363 -15.883 -16.588 -17.206 -17.102 -16.827 -16.35
3.212194 -11.234 -9.329 -11.456 -13.442 -14.896 -15.894 -14.062 -13.707 -14.929 -15.928 -16.587 -16.997 -13.619 -15.295 -16.322 -16.781 -17.04 -15.491 -16.351 -16.804 -17.024 -17.169 -16.322 -15.821 -16.551 -17.212 -17.119 -16.852 -16.312
3.309345 -11.198 -9.108 -11.3 -13.303 -14.798 -15.826 -13.979 -13.576 -14.833 -15.862 -16.547 -16.977 -13.484 -15.21 -16.27 -16.748 -17.022 -15.414 -16.3 -16.773 -17.005 -17.157 -16.276 -15.754 -16.509 -17.216 -17.134 -16.876 -16.271
3.409434 -11.164 -8.877 -11.136 -13.156 -14.692 -15.753 -13.891 -13.437 -14.73 -15.791 -16.503 -16.954 -13.341 -15.118 -16.213 -16.712 -17.001 -15.331 -16.245 -16.738 -16.982 -17.143 -16.225 -15.682 -16.464 -17.217 -17.147 -16.899 -16.226
3.51255 -11.131 -8.637 -10.965 -13.001 -14.58 -15.674 -13.797 -13.288 -14.619 -15.714 -16.455 -16.928 -13.189 -15.02 -16.151 -16.671 -16.977 -15.243 -16.185 -16.698 -16.955 -17.125 -16.17 -15.605 -16.414 -17.215 -17.158 -16.92 -16.178
3.618785 -11.098 -8.388 -10.786 -12.835 -14.459 -15.588 -13.697 -13.131 -14.501 -15.63 -16.402 -16.897 -13.027 -14.914 -16.084 -16.626 -16.948 -15.148 -16.12 -16.654 -16.924 -17.104 -16.111 -15.521 -16.359 -17.211 -17.167 -16.939 -16.125
3.728232 -11.065 -8.131 -10.598 -12.659 -14.331 -15.495 -13.591 -12.963 -14.375 -15.54 -16.343 -16.862 -12.855 -14.801 -16.01 -16.576 -16.916 -15.047 -16.048 -16.605 -16.889 -17.079 -16.046 -15.431 -16.298 -17.204 -17.174 -16.957 -16.067
3.84099 -11.032 -7.867 -10.401 -12.472 -14.193 -15.395 -13.479 -12.785 -14.24 -15.442 -16.279 -16.823 -12.672 -14.68 -15.93 -16.52 -16.879 -14.939 -15.971 -16.551 -16.85 -17.05 -15.975 -15.334 -16.232 -17.194 -17.179 -16.973 -16.005
3.957158 -10.998 -7.598 -10.195 -12.273 -14.046 -15.287 -13.359 -12.595 -14.096 -15.337 -16.209 -16.779 -12.478 -14.549 -15.843 -16.459 -16.837 -14.823 -15.887 -16.491 -16.806 -17.017 -15.898 -15.229 -16.16 -17.18 -17.18 -16.987 -15.938
4.07684 -10.964 -7.326 -9.979 -12.061 -13.888 -15.171 -13.232 -12.392 -13.942 -15.224 -16.132 -16.73 -12.27 -14.41 -15.749 -16.392 -16.79 -14.7 -15.795 -16.425 -16.756 -16.979 -15.815 -15.117 -16.081 -17.163 -17.179 -16.999 -15.866
4.200141 -10.928 -7.054 -9.752 -11.835 -13.719 -15.045 -13.096 -12.176 -13.776 -15.101 -16.049 -16.675 -12.048 -14.26 -15.646 -16.318 -16.738 -14.568 -15.696 -16.353 -16.701 -16.936 -15.724 -14.995 -15.996 -17.142 -17.175 -17.008 -15.788
4.327172 -10.891 -6.788 -9.513 -11.594 -13.538 -14.91 -12.952 -11.946 -13.599 -14.969 -15.958 -16.614 -11.812 -14.099 -15.535 -16.236 -16.68 -14.428 -15.589 -16.273 -16.639 -16.888 -15.626 -14.865 -15.902 -17.116 -17.168 -17.015 -15.704
4.458044 -10.852 -6.532 -9.263 -11.337 -13.344 -14.763 -12.799 -11.699 -13.409 -14.826 -15.858 -16.547 -11.56 -13.926 -15.415 -16.147 -16.615 -14.279 -15.473 -16.186 -16.571 -16.834 -15.52 -14.724 -15.8 -17.086 -17.157 -17.02 -15.614
4.592874 -10.81 -6.292 -9.0 -11.062 -13.135 -14.605 -12.635 -11.436 -13.205 -14.672 -15.75 -16.472 -11.29 -13.74 -15.284 -16.05 -16.543 -14.12 -15.347 -16.09 -16.495 -16.773 -15.405 -14.572 -15.69 -17.051 -17.142 -17.021 -15.517
4.731783 -10.766 -6.074 -8.723 -10.768 -12.911 -14.434 -12.461 -11.154 -12.986 -14.506 -15.633 -16.39 -11.001 -13.539 -15.142 -15.943 -16.463 -13.952 -15.211 -15.986 -16.412 -16.706 -15.28 -14.408 -15.569 -17.01 -17.124 -17.02 -15.413
4.874892 -10.718 -5.88 -8.431 -10.453 -12.671 -14.249 -12.275 -10.852 -12.751 -14.326 -15.505 -16.299 -10.691 -13.324 -14.988 -15.826 -16.375 -13.774 -15.063 -15.872 -16.32 -16.631 -15.145 -14.231 -15.438 -16.964 -17.1 -17.015 -15.302
5.02233 -10.666 -5.712 -8.123 -10.115 -12.412 -14.049 -12.077 -10.528 -12.499 -14.131 -15.365 -16.199 -10.359 -13.092 -14.821 -15.699 -16.277 -13.586 -14.904 -15.747 -16.219 -16.548 -14.999 -14.041 -15.296 -16.91 -17.072 -17.006 -15.182
5.174227 -10.61 -5.568 -7.798 -9.753 -12.133 -13.833 -11.866 -10.181 -12.227 -13.921 -15.214 -16.089 -10.003 -12.842 -14.639 -15.559 -16.17 -13.389 -14.731 -15.611 -16.108 -16.456 -14.84 -13.835 -15.141 -16.85 -17.038 -16.994 -15.055
5.330718 -10.55 -5.444 -7.455 -9.365 -11.833 -13.599 -11.641 -9.807 -11.934 -13.693 -15.049 -15.968 -9.619 -12.573 -14.442 -15.406 -16.052 -13.182 -14.545 -15.462 -15.986 -16.355 -14.668 -13.613 -14.973 -16.782 -16.999 -16.977 -14.919
5.491942 -10.484 -5.335 -7.091 -8.947 -11.509 -13.345 -11.4 -9.405 -11.619 -13.446 -14.87 -15.836 -9.207 -12.281 -14.228 -15.24 -15.923 -12.967 -14.344 -15.3 -15.851 -16.244 -14.482 -13.372 -14.789 -16.706 -16.953 -16.955 -14.774
5.658042 -10.413 -5.236 -6.706 -8.496 -11.16 -13.07 -11.144 -8.972 -11.278 -13.179 -14.674 -15.69 -8.763 -11.967 -13.995 -15.057 -15.78 -12.745 -14.127 -15.123 -15.704 -16.121 -14.279 -13.112 -14.59 -16.62 -16.9 -16.928 -14.619
5.829166 -10.335 -5.141 -6.296 -8.011 -10.781 -12.772 -10.871 -8.505 -10.911 -12.889 -14.462 -15.531 -8.284 -11.626 -13.742 -14.858 -15.623 -12.517 -13.892 -14.93 -15.542 -15.985 -14.06 -12.831 -14.373 -16.525 -16.839 -16.896 -14.455
6.005465 -10.25 -5.046 -5.86 -7.487 -10.372 -12.447 -10.58 -8.0 -10.513 -12.574 -14.23 -15.355 -7.767 -11.257 -13.466 -14.64 -15.45 -12.286 -13.64 -14.719 -15.364 -15.836 -13.821 -12.525 -14.136 -16.417 -16.77 -16.857 -14.282
6.187096 -10.158 -4.948 -5.395 -6.92 -9.929 -12.094 -10.271 -7.455 -10.083 -12.231 -13.977 -15.163 -7.207 -10.857 -13.165 -14.401 -15.26 -12.054 -13.369 -14.488 -15.169 -15.673 -13.561 -12.194 -13.878 -16.298 -16.692 -16.811 -14.098
6.37422 -10.057 -4.844 -4.897 -6.307 -9.448 -11.709 -9.944 -6.863 -9.617 -11.859 -13.702 -14.952 -6.6 -10.423 -12.837 -14.14 -15.05 -11.824 -13.078 -14.237 -14.955 -15.493 -13.278 -11.833 -13.597 -16.165 -16.603 -16.758 -13.905
6.567004 -9.948 -4.733 -4.364 -5.641 -8.925 -11.29 -9.599 -6.222 -9.111 -11.453 -13.401 -14.72 -5.942 -9.95 -12.478 -13.853 -14.82 -11.599 -12.768 -13.963 -14.72 -15.296 -12.969 -11.442 -13.29 -16.016 -16.503 -16.696 -13.702
6.765619 -9.828 -4.613 -3.792 -4.918 -8.356 -10.832 -9.237 -5.524 -8.561 -11.01 -13.071 -14.465 -5.226 -9.436 -12.086 -13.538 -14.566 -11.379 -12.439 -13.665 -14.462 -15.08 -12.633 -11.015 -12.954 -15.851 -16.39 -16.625 -13.49
6.97024 -9.697 -4.482 -3.175 -4.131 -7.735 -10.33 -8.86 -4.765 -7.962 -10.526 -12.711 -14.184 -4.447 -8.874 -11.656 -13.192 -14.287 -11.166 -12.093 -13.339 -14.178 -14.843 -12.265 -10.549 -12.586 -15.667 -16.262 -16.544 -13.269
7.181051 -9.554 -4.338 -2.51 -3.274 -7.058 -9.782 -8.472 -3.937 -7.31 -9.997 -12.317 -13.876 -3.598 -8.261 -11.185 -12.811 -13.978 -10.958 -11.733 -12.986 -13.867 -14.583 -11.862 -10.041 -12.183 -15.462 -16.119 -16.451 -13.039
7.398237 -9.398 -4.182 -1.791 -2.336 -6.316 -9.179 -8.078 -3.032 -6.597 -9.417 -11.884 -13.535 -2.669 -7.59 -10.667 -12.392 -13.637 -10.753 -11.362 -12.602 -13.527 -14.3 -11.421 -9.484 -11.741 -15.233 -15.959 -16.345 -12.801
7.621991 -9.226 -4.011 -1.011 -1.311 -5.504 -8.517 -7.686 -2.041 -5.818 -8.781 -11.409 -13.16 -1.652 -6.855 -10.098 -11.929 -13.26 -10.547 -10.988 -12.188 -13.153 -13.991 -10.937 -8.873 -11.255 -14.979 -15.778 -16.224 -12.554
7.852513 -9.038 -3.823 -0.163 -0.185 -4.612 -7.788 -7.302 -0.954 -4.964 -8.082 -10.886 -12.746 -0.537 -6.046 -9.47 -11.418 -12.842 -10.336 -10.616 -11.744 -12.745 -13.655 -10.404 -8.203 -10.721 -14.694 -15.575 -16.088 -12.3
8.090007 -8.832 -3.616 0.761 1.052 -3.63 -6.984 -6.931 0.242 -4.027 -7.312 -10.31 -12.287 0.691 -5.156 -8.777 -10.852 -12.378 -10.115 -10.253 -11.272 -12.299 -13.291 -9.817 -7.465 -10.131 -14.376 -15.347 -15.932 -12.036
8.334684 -8.605 -3.389 1.77 2.416 -2.548 -6.094 -6.575 1.56 -2.995 -6.463 -9.675 -11.78 2.043 -4.174 -8.01 -10.224 -11.864 -9.88 -9.901 -10.777 -11.816 -12.899 -9.168 -6.65 -9.48 -14.021 -15.09 -15.756 -11.761
8.586761 -8.355 -3.139 2.876 3.923 -1.35 -5.108 -6.231 3.017 -1.858 -5.524 -8.972 -11.217 3.538 -3.088 -7.159 -9.527 -11.291 -9.625 -9.558 -10.267 -11.296 -12.48 -8.451 -5.749 -8.759 -13.623 -14.801 -15.556 -11.472
8.846461 -8.078 -2.862 4.09 5.593 -0.023 -4.012 -5.892 4.631 -0.6 -4.484 -8.194 -10.591 5.195 -1.884 -6.214 -8.75 -10.652 -9.346 -9.22 -9.754 -10.743 -12.035 -7.655 -4.751 -7.958 -13.176 -14.476 -15.329 -11.166
9.114017 -7.772 -2.556 5.428 7.449 1.452 -2.792 -5.547 6.425 0.793 -3.33 -7.33 -9.895 7.036 -0.545 -5.16 -7.883 -9.938 -9.038 -8.875 -9.247 -10.164 -11.567 -6.769 -3.64 -7.068 -12.673 -14.108 -15.072 -10.838
9.389664 -7.432 -2.216 6.908 9.517 3.097 -1.428 -5.185 8.424 2.342 -2.046 -6.369 -9.119 9.087 0.948 -3.983 -6.913 -9.139 -8.698 -8.513 -8.752 -9.57 -11.079 -5.781 -2.402 -6.076 -12.107 -13.692 -14.778 -10.484
9.673648 -7.054 -1.838 8.55 11.83 4.935 0.099 -4.795 10.658 4.067 -0.614 -5.297 -8.251 11.379 2.619 -2.664 -5.824 -8.242 -8.319 -8.123 -8.266 -8.973 -10.574 -4.675 -1.018 -4.966 -11.468 -13.221 -14.444 -10.095
9.966221 -6.631 -1.415 10.381 14.424 6.998 1.814 -4.366 13.164 5.997 0.988 -4.098 -7.279 13.95 4.493 -1.181 -4.599 -7.233 -7.896 -7.695 -7.778 -8.38 -10.05 -3.434 0.536 -3.72 -10.744 -12.685 -14.062 -9.667
10.267642 -6.157 -0.941 12.431 17.345 9.32 3.749 -3.89 15.984 8.162 2.784 -2.755 -6.188 16.843 6.603 0.491 -3.216 -6.095 -7.423 -7.219 -7.268 -7.789 -9.503 -2.037 2.286 -2.318 -9.923 -12.076 -13.625 -9.19
10.57818 -5.624 -0.408 14.736 20.646 11.943 5.936 -3.356 19.169 10.599 4.804 -1.244 -4.96 20.11 8.987 2.382 -1.651 -4.807 -6.89 -6.685 -6.718 -7.185 -8.921 -0.457 4.264 -0.734 -8.987 -11.381 -13.124 -8.655
10.89811 -5.022 0.193 17.341 24.392 14.918 8.42 -2.754 22.78 13.354 7.083 0.46 -3.573 23.814 11.691 4.529 0.129 -3.345 -6.288 -6.083 -6.108 -6.545 -8.29 1.336 6.508 1.063 -7.919 -10.586 -12.548 -8.052
11.227716 -4.34 0.876 20.3 28.66 18.307 11.251 -2.071 26.89 16.481 9.663 2.389 -2.003 28.029 14.771 6.978 2.158 -1.682 -5.605 -5.401 -5.423 -5.845 -7.592 3.378 9.065 3.109 -6.694 -9.672 -11.883 -7.369
11.56729 -3.562 1.653 23.679 33.544 22.184 14.491 -1.294 31.589 20.047 12.594 4.58 -0.219 32.847 18.294 9.78 4.483 0.217 -4.828 -4.623 -4.645 -5.061 -6.807 5.715 11.992 5.449 -5.286 -8.62 -11.115 -6.592
11.917135 -3.005 2.211 25.446 36.012 24.183 16.195 -0.736 33.969 21.898 14.146 5.79 0.803 35.283 20.128 11.281 5.761 1.295 -4.27 -4.066 -4.087 -4.502 -6.248 6.999 13.55 6.733 -4.431 -7.932 -10.558 -6.034
12.277561 -2.647 2.568 25.803 36.369 24.541 16.552 -0.379 34.326 22.255 14.504 6.147 1.16 35.64 20.486 11.638 6.118 1.652 -3.913 -3.708 -3.73 -4.145 -5.891 7.356 13.907 7.091 -4.074 -7.575 -10.201 -5.677
12.648887 -2.268 2.947 26.182 36.748 24.92 16.931 0.0 34.705 22.634 14.883 6.526 1.539 36.019 20.865 12.017 6.497 2.032 -3.534 -3.329 -3.351 -3.766 -5.512 7.735 14.287 7.47 -3.695 -7.196 -9.821 -5.298
13.031444 -1.866 3.35 26.585 37.151 25.322 17.334 0.403 35.108 23.037 15.285 6.929 1.942 36.422 21.267 12.419 6.9 2.434 -3.131 -2.927 -2.948 -3.363 -5.109 8.138 14.689 7.872 -3.292 -6.793 -9.419 -4.895
13.425571 -1.439 3.777 27.012 37.578 25.749 17.761 0.83 35.535 23.464 15.712 7.356 2.369 36.849 21.694 12.847 7.327 2.861 -2.704 -2.499 -2.521 -2.936 -4.682 8.565 15.116 8.3 -2.865 -6.366 -8.992 -4.468
13.831619 -0.985 4.231 27.465 38.032 26.203 18.215 1.283 35.988 23.917 16.166 7.809 2.822 37.302 22.148 13.3 7.78 3.315 -2.251 -2.046 -2.067 -2.483 -4.229 9.018 15.57 8.753 -2.412 -5.912 -8.538 -4.014
14.249947 -0.504 4.712 27.947 38.513 26.684 18.696 1.765 36.47 24.399 16.647 8.291 3.304 37.784 22.629 13.781 8.262 3.796 -1.769 -1.565 -1.586 -2.001 -3.747 9.5 16.051 9.234 -1.93 -5.431 -8.057 -3.533
14.680926 0.007 5.223 28.458 39.024 27.195 19.207 2.276 36.981 24.909 17.158 8.802 3.815 38.295 23.14 14.292 8.773 4.307 -1.258 -1.054 -1.075 -1.491 -3.236 10.011 16.562 9.745 -1.42 -4.92 -7.546 -3.022
15.124941 0.549 5.765 29.0 39.566 27.737 19.749 2.818 37.523 25.452 17.7 9.344 4.357 38.837 23.682 14.835 9.315 4.849 -0.716 -0.511 -0.533 -0.948 -2.694 10.553 17.104 10.288 -0.877 -4.378 -7.004 -2.48
15.582385 1.125 6.341 29.575 40.142 28.313 20.325 3.393 38.098 26.027 18.276 9.919 4.932 39.412 24.258 15.41 9.89 5.425 -0.141 0.064 0.043 -0.373 -2.119 11.128 17.68 10.863 -0.302 -3.802 -6.428 -1.905
16.053663 1.736 6.951 30.186 40.752 28.924 20.936 4.004 38.709 26.638 18.887 10.53 5.543 40.023 24.869 16.021 10.501 6.036 0.47 0.675 0.653 0.238 -1.508 11.739 18.291 11.474 0.309 -3.191 -5.817 -1.294
16.539195 2.384 7.6 30.835 41.401 29.572 21.584 4.653 39.358 27.286 19.535 11.179 6.192 40.672 25.517 16.669 11.15 6.684 1.119 1.323 1.302 0.887 -0.859 12.388 18.939 12.122 0.958 -2.543 -5.169 -0.645
17.039412 3.072 8.288 31.523 42.089 30.26 22.272 5.341 40.046 27.975 20.223 11.867 6.88 41.36 26.205 17.358 11.838 7.372 1.807 2.012 1.99 1.575 -0.171 13.076 19.627 12.811 1.646 -1.855 -4.481 0.043
17.554757 3.803 9.019 32.253 42.819 30.991 23.003 6.071 40.776 28.705 20.954 12.597 7.61 42.09 26.936 18.088 12.568 8.103 2.537 2.742 2.721 2.305 0.559 13.806 20.358 13.541 2.376 -1.124 -3.75 0.773
18.085689 4.578 9.794 33.029 43.595 31.766 23.778 6.847 41.552 29.48 21.729 13.373 8.386 42.866 27.711 18.863 13.344 8.878 3.313 3.517 3.496 3.081 1.335 14.582 21.133 14.316 3.152 -0.349 -2.975 1.549
18.632678 5.401 10.617 33.852 44.418 32.589 24.601 7.67 42.375 30.303 22.552 14.196 9.209 43.689 28.534 19.686 14.167 9.701 4.136 4.34 4.319 3.903 2.158 15.405 21.956 15.139 3.974 0.474 -2.152 2.372
19.196211 6.275 11.49 34.725 45.291 33.463 25.474 8.543 43.248 31.177 23.426 15.069 10.082 44.562 29.408 20.56 15.04 10.574 5.009 5.214 5.192 4.777 3.031 16.278 22.829 16.013 4.848 1.347 -1.279 3.245
19.776787 7.202 12.417 35.652 46.218 34.39 26.401 9.47 44.175 32.104 24.353 15.996 11.009 45.489 30.335 21.487 15.967 11.501 5.936 6.141 6.119 5.704 3.958 17.205 23.757 16.94 5.775 2.274 -0.351 4.172
20.374923 8.186 13.401 36.636 47.202 35.374 27.385 10.454 45.159 33.088 25.337 16.98 11.993 46.473 31.319 22.471 16.951 12.485 6.92 7.125 7.103 6.688 4.942 18.189 24.741 17.924 6.759 3.258 0.633 5.156
20.991149 9.23 14.446 37.681 48.247 36.418 28.43 11.499 46.204 34.132 26.381 18.025 13.038 47.518 32.363 23.515 17.996 13.53 7.965 8.169 8.148 7.732 5.987 19.234 25.785 18.968 7.803 4.303 1.677 6.201
21.626011 10.339 15.554 38.789 49.355 37.527 29.538 12.607 47.312 35.241 27.49 19.133 14.146 48.626 33.472 24.624 19.104 14.638 9.073 9.278 9.256 8.841 7.095 20.342 26.894 20.077 8.912 5.411 2.786 7.309
22.280075 11.515 16.731 39.966 50.532 38.703 30.715 13.784 48.489 36.418 28.666 20.31 15.323 49.803 34.648 25.801 20.281 15.815 10.25 10.454 10.433 10.018 8.272 21.519 28.07 21.253 10.089 6.588 3.962 8.486
22.953921 12.764 17.98 41.215 51.781 39.952 31.964 15.033 49.738 37.666 29.915 21.559 16.572 51.052 35.897 27.049 21.53 17.064 11.499 11.703 11.682 11.267 9.521 22.768 29.319 22.502 11.338 7.837 5.211 9.735
23.648147 14.09 19.305 42.54 53.106 41.278 33.289 16.358 51.063 38.992 31.241 22.884 17.897 52.377 37.223 28.375 22.855 18.39 12.824 13.029 13.007 12.592 10.846 24.093 30.645 23.828 12.663 9.162 6.537 11.06
24.363369 15.497 20.712 43.947 54.513 42.685 34.696 17.765 52.47 40.399 32.648 24.291 19.304 53.784 38.63 29.782 24.262 19.797 14.231 14.436 14.414 13.999 12.253 25.5 32.052 25.235 14.07 10.569 7.944 12.467
25.100222 16.99 22.206 45.441 56.007 44.178 36.19 19.259 53.964 41.892 34.141 25.785 20.798 55.278 40.123 31.275 25.756 21.29 15.725 15.929 15.908 15.492 13.747 26.994 33.545 26.728 15.563 12.063 9.437 13.961
25.859362 18.575 23.791 47.026 57.592 45.763 37.775 20.844 55.549 43.477 35.726 27.37 22.383 56.863 41.708 32.86 27.341 22.875 17.31 17.514 17.493 17.078 15.332 28.579 35.13 28.313 17.149 13.648 11.022 15.546
26.64146 20.258 25.473 48.708 59.274 47.446 39.457 22.526 57.231 45.16 37.409 29.052 24.065 58.545 43.391 34.543 29.023 24.557 18.992 19.197 19.175 18.76 17.014 30.261 36.812 29.996 18.831 15.33 12.704 17.228
27.447213 22.043 27.259 50.494 61.06 49.231 41.243 24.312 59.017 46.946 39.194 30.838 25.851 60.331 45.176 36.328 30.809 26.343 20.778 20.982 20.961 20.546 18.8 32.047 38.598 31.781 20.617 17.116 14.49 19.014
28.277335 23.939 29.154 52.389 62.955 51.127 43.138 26.207 60.912 48.841 41.09 32.733 27.746 62.226 47.072 38.224 32.704 28.238 22.673 22.878 22.856 22.441 20.695 33.942 40.493 33.677 22.512 19.011 16.385 20.909
29.132564 25.95 31.166 54.401 64.967 53.138 45.15 28.219 62.924 50.853 43.101 34.745 29.758 64.238 49.083 40.236 34.716 30.25 24.685 24.889 24.868 24.453 22.707 35.954 42.505 35.688 24.524 21.023 18.397 22.921
30.013659 28.086 33.301 56.536 67.102 55.274 47.285 30.354 65.059 52.988 45.236 36.88 31.893 66.373 51.219 42.371 36.851 32.385 26.82 27.025 27.003 26.588 24.842 38.089 44.64 37.824 26.659 23.158 20.532 25.056
30.921401 30.352 35.568 58.802 69.369 57.54 49.552 32.62 67.325 55.254 47.503 39.146 34.159 68.639 53.485 44.637 39.117 34.652 29.086 29.291 29.27 28.854 27.108 40.355 46.907 40.09 28.925 25.425 22.799 27.322
31.856598 32.757 37.973 61.208 71.774 59.945 51.957 35.026 69.731 57.66 49.908 41.552 36.565 71.045 55.89 47.043 41.523 37.057 31.492 31.697 31.675 31.26 29.514 42.761 49.312 42.496 31.331 27.83 25.204 29.728
32.820079 35.311 40.526 63.761 74.327 62.499 54.51 37.579 72.284 60.213 52.462 44.105 39.118 73.598 58.444 49.596 44.076 39.61 34.045 34.25 34.228 33.813 32.067 45.314 51.866 45.049 33.884 30.383 27.757 32.281
33.8127 38.021 43.236 66.471 77.037 65.209 57.22 40.289 74.994 62.923 55.172 46.815 41.828 76.308 61.154 52.306 46.786 42.32 36.755 36.96 36.938 36.523 34.777 48.024 54.576 47.759 36.594 33.093 30.467 34.991
34.835342 40.897 46.113 69.348 79.914 68.085 60.097 43.165 77.87 65.799 58.048 49.691 44.705 79.185 64.03 55.182 49.662 45.197 39.631 39.836 39.815 39.399 37.653 50.9 57.452 50.635 39.47 35.97 33.344 37.868
35.888913 43.95 49.166 72.401 82.967 71.138 63.15 46.218 80.924 68.852 61.101 52.744 47.758 82.238 67.083 58.235 52.715 48.25 42.684 42.889 42.868 42.452 40.707 53.953 60.505 53.688 42.523 39.023 36.397 40.921
36.974349 47.191 52.406 75.641 86.207 74.379 66.39 49.459 84.164 72.093 64.341 55.985 50.998 85.478 70.324 61.476 55.956 51.49 45.925 46.13 46.108 45.693 43.947 57.194 63.745 56.929 45.764 42.263 39.637 44.161
38.092613 50.63 55.846 79.081 89.647 77.818 69.83 52.898 87.603 75.532 67.781 59.424 54.438 88.917 73.763 64.915 59.395 54.93 49.364 49.569 49.548 49.132 47.386 60.633 67.185 60.368 49.203 45.703 43.077 47.601
39.244698 54.281 59.496 82.731 93.297 81.469 73.48 56.549 91.254 79.183 71.432 63.075 58.088 92.568 77.414 68.566 63.046 58.58 53.015 53.22 53.198 52.783 51.037 64.284 70.836 64.019 52.854 49.353 46.728 51.251
40.431627 58.155 63.371 86.606 97.172 85.343 77.355 60.424 95.129 83.058 75.306 66.95 61.963 96.443 81.289 72.441 66.921 62.455 56.89 57.095 57.073 56.658 54.912 68.159 74.71 67.894 56.729 53.228 50.602 55.126
41.654454 62.268 67.484 90.719 101.285 89.456 81.468 64.537 99.242 87.171 79.419 71.063 66.076 100.556 85.401 76.553 71.034 66.568 61.003 61.207 61.186 60.771 59.025 72.272 78.823 72.006 60.842 57.341 54.715 59.239
42.914265 66.634 71.849 95.084 105.65 93.822 85.833 68.902 103.607 91.536 83.784 75.428 70.441 104.921 89.767 80.919 75.399 70.933 65.368 65.573 65.551 65.136 63.39 76.637 83.188 76.372 65.207 61.706 59.08 63.604
44.212178 71.267 76.483 99.717 110.283 98.455 90.467 73.535 108.24 96.169 88.418 80.061 75.074 109.554 94.4 85.552 80.032 75.567 70.001 70.206 70.185 69.769 68.023 81.27 87.822 81.005 69.84 66.34 63.714 68.237
45.549345 76.185 81.4 104.635 115.201 103.373 95.384 78.453 113.158 101.087 93.336 84.979 79.992 114.472 99.318 90.47 84.95 80.485 74.919 75.124 75.102 74.687 72.941 86.188 92.74 85.923 74.758 71.257 68.632 73.155
46.926954 81.404 86.62 109.855 120.421 108.593 100.604 83.673 118.378 106.307 98.555 90.199 85.212 119.692 104.538 95.69 90.17 85.704 80.139 80.344 80.322 79.907 78.161 91.408 97.959 91.143 79.978 76.477 73.851 78.375
48.346227 86.945 92.16 115.395 125.961 114.133 106.145 89.213 123.918 111.847 104.096 95.739 90.752 125.232 110.078 101.23 95.71 91.245 85.679 85.884 85.862 85.447 83.701 96.948 103.5 96.683 85.518 82.018 79.392 83.915
49.808426 92.825 98.041 121.276 131.842 120.013 112.025 95.094 129.799 117.728 109.976 101.62 96.633 131.113 115.958 107.111 101.591 97.125 91.56 91.764 91.743 91.328 89.582 102.829 109.38 102.563 91.399 87.898 85.272 89.796
51.314848 99.067 104.283 127.517 138.084 126.255 118.267 101.335 136.04 123.969 116.218 107.861 102.874 137.354 122.2 113.352 107.832 103.367 97.801 98.006 97.985 97.569 95.823 109.07 115.622 108.805 97.64 94.14 91.514 96.037
52.86683 105.692 110.907 134.142 144.708 132.88 124.891 107.96 142.665 130.594 122.843 114.486 109.499 143.979 128.825 119.977 114.457 109.992 104.426 104.631 104.609 104.194 102.448 115.695 122.247 115.43 104.265 100.764 98.139 102.662
54.465752 112.723 117.939 141.174 151.74 139.911 131.923 114.992 149.697 137.626 129.874 121.518 116.531 151.011 135.856 127.009 121.489 117.023 111.458 111.663 111.641 111.226 109.48 122.727 129.278 122.462 111.297 107.796 105.17 109.694
56.113031 120.187 125.402 148.637 159.203 147.375 139.387 122.455 157.16 145.089 137.338 128.981 123.994 158.474 143.32 134.472 128.952 124.487 118.921 119.126 119.104 118.689 116.943 130.19 136.742 129.925 118.76 115.26 112.634 117.157
57.810132 128.108 133.324 156.559 167.125 155.297 147.308 130.377 165.082 153.011 145.259 136.903 131.916 166.396 151.242 142.394 136.874 132.408 126.843 127.048 127.026 126.611 124.865 138.112 144.663 137.847 126.682 123.181 120.555 125.079
59.55856 136.517 141.732 164.967 175.533 163.705 155.716 138.785 173.49 161.419 153.668 145.311 140.324 174.804 159.65 150.802 145.282 140.816 135.251 135.456 135.434 135.019 133.273 146.52 153.071 146.255 135.09 131.589 128.963 133.487
61.359868 145.441 150.657 173.892 184.458 172.629 164.641 147.709 182.414 170.343 162.592 154.235 149.248 183.728 168.574 159.726 154.206 149.741 144.175 144.38 144.359 143.943 142.197 155.444 161.996 155.179 144.014 140.514 137.888 142.412
63.215655 154.913 160.129 183.364 193.93 182.101 174.113 157.182 191.887 179.816 172.064 163.708 158.721 193.201 178.046 169.199 163.679 159.213 153.648 153.853 153.831 153.416 151.67 164.917 171.468 164.651 153.487 149.986 147.36 151.884
65.127569 164.967 170.183 193.418 203.984 192.155 184.167 167.236 201.941 189.87 182.118 173.762 168.775 203.255 188.1 179.253 173.733 169.267 163.702 163.907 163.885 163.47 161.724 174.971 181.522 174.706 163.541 160.04 157.414 161.938
67.097308 175.639 180.854 204.089 214.655 202.827 194.838 177.907 212.612 200.541 192.79 184.433 179.446 213.926 198.772 189.924 184.404 179.939 174.373 174.578 174.556 174.141 172.395 185.642 192.194 185.377 174.212 170.711 168.086 172.609
69.126621 186.965 192.181 215.416 225.982 214.153 206.165 189.234 223.939 211.868 204.116 195.76 190.773 225.253 210.098 201.251 195.731 191.265 185.7 185.904 185.883 185.468 183.722 196.969 203.52 196.703 185.539 182.038 179.412 183.936
71.217308 198.987 204.203 227.438 238.004 226.175 218.187 201.256 235.961 223.89 216.138 207.782 202.795 237.275 222.12 213.273 207.753 203.287 197.722 197.927 197.905 197.49 195.744 208.991 215.542 208.726 197.561 194.06 191.434 195.958
73.371227 211.748 216.963 240.198 250.764 238.936 230.947 214.016 248.721 236.65 228.899 220.542 215.555 250.035 234.881 226.033 220.513 216.048 210.482 210.687 210.665 210.25 208.504 221.751 228.303 221.486 210.321 206.82 204.195 208.718
75.59029 225.292 230.507 253.742 264.308 252.48 244.491 227.56 262.265 250.194 242.443 234.086 229.099 263.579 248.425 239.577 234.057 229.591 224.026 224.231 224.209 223.794 222.048 235.295 241.846 235.03 223.865 220.364 217.738 222.262
77.876467 239.667 244.883 268.118 278.684 266.855 258.867 241.935 276.641 264.569 256.818 248.461 243.475 277.955 262.8 253.952 248.432 243.967 238.401 238.606 238.585 238.169 236.424 249.67 256.222 249.405 238.24 234.74 232.114 236.638
80.231787 254.925 260.141 283.376 293.942 282.113 274.125 257.194 291.899 279.828 272.076 263.72 258.733 293.213 278.058 269.21 263.691 259.225 253.66 253.864 253.843 253.428 251.682 264.929 271.48 264.663 253.499 249.998 247.372 251.896
82.658343 271.12 276.336 299.571 310.137 298.308 290.32 273.389 308.094 296.023 288.271 279.915 274.928 309.408 294.253 285.406 279.886 275.42 269.855 270.059 270.038 269.623 267.877 281.124 287.675 280.858 269.694 266.193 263.567 268.091
85.158288 288.31 293.525 316.76 327.326 315.498 307.51 290.578 325.283 313.212 305.461 297.104 292.117 326.597 311.443 302.595 297.075 292.61 287.044 287.249 287.227 286.812 285.066 298.313 304.865 298.048 286.883 283.382 280.757 285.28
87.733843 306.555 311.77 335.005 345.571 333.743 325.755 308.823 343.528 331.457 323.706 315.349 310.362 344.842 329.688 320.84 315.32 310.855 305.289 305.494 305.472 305.057 303.311 316.558 323.11 316.293 305.128 301.627 299.002 303.525
90.387293 325.92 331.136 354.371 364.937 353.108 345.12 328.188 362.894 350.822 343.071 334.715 329.728 364.208 349.053 340.205 334.686 330.22 324.654 324.859 324.838 324.422 322.677 335.924 342.475 335.658 324.493 320.993 318.367 322.891
93.120995 346.474 351.69 374.925 385.491 373.662 365.674 348.743 383.448 371.377 363.625 355.269 350.282 384.762 369.607 360.76 355.24 350.774 345.209 345.414 345.392 344.977 343.231 356.478 363.029 356.213 345.048 341.547 338.921 343.445
95.937376 368.291 373.507 396.742 407.308 395.479 387.491 370.559 405.264 393.193 385.442 377.085 372.099 406.578 391.424 382.576 377.056 372.591 367.025 367.23 367.209 366.793 365.047 378.294 384.846 378.029 366.864 363.364 360.738 365.262
98.838937 391.447 396.663 419.898 430.464 418.635 410.647 393.716 428.421 416.349 408.598 400.242 395.255 429.735 414.58 405.732 400.213 395.747 390.182 390.386 390.365 389.949 388.204 401.451 408.002 401.185 390.02 386.52 383.894 388.418
101.828253 416.025 421.241 444.476 455.042 443.213 435.225 418.293 452.999 440.927 433.176 424.819 419.833 454.313 439.158 430.31 424.79 420.325 414.759 414.964 414.943 414.527 412.782 426.028 432.58 425.763 414.598 411.098 408.472 412.996
104.907979 442.112 447.328 470.563 481.129 469.3 461.312 444.381 479.086 467.015 459.263 450.907 445.92 480.4 465.245 456.397 450.878 446.412 440.847 441.051 441.03 440.615 438.869 452.116 458.667 451.85 440.686 437.185 434.559 439.083
108.080849 469.801 475.017 498.252 508.818 496.989 489.001 472.07 506.775 494.703 486.952 478.596 473.609 508.089 492.934 484.086 478.567 474.101 468.536 468.74 468.719 468.304 466.558 479.805 486.356 479.539 468.375 464.874 462.248 466.772
111.349681 499.19 504.406 527.641 538.207 526.378 518.39 501.459 536.164 524.093 516.341 507.985 502.998 537.478 522.323 513.476 507.956 503.49 497.925 498.13 498.108 497.693 495.947 509.194 515.745 508.929 497.764 494.263 491.637 496.161
114.717376 530.384 535.6 558.835 569.401 557.572 549.584 532.653 567.358 555.286 547.535 539.179 534.192 568.672 553.517 544.669 539.15 534.684 529.119 529.323 529.302 528.887 527.141 540.388 546.939 540.122 528.958 525.457 522.831 527.355
118.186925 563.493 568.709 591.944 602.51 590.681 582.693 565.762 600.467 588.396 580.644 572.288 567.301 601.781 586.626 577.779 572.259 567.793 562.228 562.432 562.411 561.996 560.25 573.497 580.048 573.231 562.067 558.566 555.94 560.464
121.761408 598.636 603.851 627.086 637.652 625.824 617.835 600.904 635.609 623.538 615.786 607.43 602.443 636.923 621.769 612.921 607.401 602.935 597.37 597.575 597.553 597.138 595.392 608.639 615.19 608.374 597.209 593.708 591.082 595.606
125.443999 635.936 641.151 664.386 674.952 663.124 655.135 638.204 672.909 660.838 653.087 644.73 639.743 674.223 659.069 650.221 644.701 640.235 634.67 634.875 634.853 634.438 632.692 645.939 652.49 645.674 634.509 631.008 628.382 632.906
129.237967 675.526 680.742 703.976 714.543 702.714 694.726 677.794 712.499 700.428 692.677 684.32 679.333 713.813 698.659 689.811 684.291 679.826 674.26 674.465 674.444 674.028 672.282 685.529 692.081 685.264 674.099 670.599 667.973 672.496
133.146681 717.547 722.763 745.998 756.564 744.735 736.747 719.816 754.521 742.45 734.698 726.342 721.355 755.835 740.68 731.833 726.313 721.847 716.282 716.486 716.465 716.05 714.304 727.551 734.102 727.285 716.121 712.62 709.994 714.518
137.173612 762.149 767.365 790.604 nan 789.574 781.349 764.417 nan 787.07 779.3 770.943 765.956 nan 785.285 776.434 770.914 766.449 760.883 761.088 761.067 760.651 758.905 772.152 778.704 771.887 760.722 757.222 754.596 759.119
141.322334 nan nan nan nan nan nan nan nan nan nan nan nan nan nan nan nan nan nan nan nan nan nan nan nan nan nan nan nan nan
145.596532 nan nan nan nan nan nan nan nan nan nan nan nan nan nan nan nan nan nan nan nan nan nan nan nan nan nan nan nan nan
150.0 nan nan nan nan nan nan nan nan nan nan nan nan nan nan nan nan nan nan nan nan nan nan nan nan nan nan nan nan nan
