# %ECSV 1.0
# ---
# datatype:
# - {name: time, datatype: float64}
# - {name: swift_uvot_uvw2, datatype: float64}
# - {name: swift_uvot_uvm2, datatype: float64}
# - {name: swift_uvot_uvw1, datatype: float64}
# - {name: swift_uvot_U, datatype: float64}
# - {name: swift_uvot_B, datatype: float64}
# - {name: swift_uvot_V, datatype: float64}
# - {name: swift_uvot_W, datatype: float64}
# - {name: johnson_U, datatype: float64}
# - {name: johnson_B, datatype: float64}
# - {name: johnson_V, datatype: float64}
# - {name: johnson_R, datatype: float64}
# - {name: johnson_I, datatype: float64}
# - {name: sdss_u, datatype: float64}
# - {name: sdss_g, datatype: float64}
# - {name: sdss_r, datatype: float64}
# - {name: sdss_i, datatype: float64}
# - {name: sdss_z, datatype: float64}
# - {name: PS1_g, datatype: float64}
# - {name: PS1_r, datatype: float64}
# - {name: PS1_i, datatype: float64}
# - {name: PS1_z, datatype: float64}
# - {name: PS1_Y, datatype: float64}
# - {name: ukirt_J, datatype: float64}
# - {name: ukirt_H, datatype: float64}
# - {name: ukirt_K, datatype: float64}
# meta: !!omap
# - comment: [E = 8.378552168254813e-06, Eta0 = 8.02, GammaB = 12.0, dL = 0.012188, epsb = 6.760829753919819e-06, epse = 0.1, n = 0.001584893192461114,
#     p = 2.15, theta_obs = 0.0, xiN = 1.0, z = 0.0, type = grb, E_kiso = 0.019306977288832496]
# schema: astropy-2.0
time swift_uvot_uvw2 swift_uvot_uvm2 swift_uvot_uvw1 swift_uvot_U swift_uvot_B swift_uvot_V swift_uvot_W johnson_U johnson_B johnson_V johnson_R johnson_I sdss_u sdss_g sdss_r sdss_i sdss_z PS1_g PS1_r PS1_i PS1_z PS1_Y ukirt_J ukirt_H ukirt_K
0.01 0.854 0.903 0.828 0.635 0.493 0.354 0.714 0.613 0.49 0.348 0.208 0.059 0.618 0.445 0.273 0.153 0.042 0.381 0.239 0.119 0.02 -0.148 -0.17 -0.339 -0.53
0.0102 0.853 0.902 0.827 0.634 0.492 0.353 0.714 0.612 0.49 0.348 0.207 0.059 0.617 0.445 0.273 0.152 0.041 0.381 0.238 0.118 0.019 -0.149 -0.171 -0.34 -0.53
0.0105 0.852 0.902 0.827 0.634 0.491 0.352 0.713 0.611 0.489 0.347 0.207 0.058 0.616 0.444 0.272 0.151 0.041 0.38 0.238 0.118 0.019 -0.15 -0.171 -0.341 -0.531
0.0107 0.851 0.901 0.826 0.633 0.491 0.352 0.712 0.611 0.488 0.346 0.206 0.057 0.616 0.443 0.271 0.151 0.04 0.379 0.237 0.117 0.018 -0.15 -0.172 -0.341 -0.532
0.011 0.851 0.9 0.825 0.632 0.49 0.351 0.712 0.61 0.488 0.346 0.205 0.057 0.615 0.442 0.271 0.15 0.039 0.379 0.236 0.116 0.017 -0.151 -0.173 -0.342 -0.532
0.0113 0.85 0.9 0.825 0.632 0.489 0.35 0.711 0.609 0.487 0.345 0.205 0.056 0.614 0.442 0.27 0.149 0.039 0.378 0.235 0.116 0.017 -0.152 -0.173 -0.343 -0.533
0.0115 0.851 0.9 0.825 0.632 0.49 0.351 0.712 0.61 0.488 0.346 0.205 0.057 0.615 0.442 0.271 0.15 0.039 0.379 0.236 0.116 0.017 -0.151 -0.173 -0.342 -0.532
0.0118 0.853 0.902 0.828 0.635 0.492 0.353 0.714 0.612 0.49 0.348 0.207 0.059 0.617 0.445 0.273 0.152 0.041 0.381 0.238 0.119 0.019 -0.149 -0.17 -0.34 -0.53
0.0121 0.855 0.905 0.83 0.637 0.494 0.355 0.716 0.614 0.492 0.35 0.21 0.061 0.619 0.447 0.275 0.154 0.044 0.383 0.241 0.121 0.022 -0.147 -0.168 -0.338 -0.528
0.0124 0.857 0.907 0.832 0.639 0.497 0.358 0.718 0.617 0.494 0.352 0.212 0.063 0.622 0.449 0.277 0.157 0.046 0.385 0.243 0.123 0.024 -0.144 -0.166 -0.335 -0.526
0.0127 0.86 0.909 0.834 0.641 0.499 0.36 0.721 0.619 0.497 0.355 0.214 0.066 0.624 0.451 0.28 0.159 0.048 0.388 0.245 0.125 0.026 -0.142 -0.164 -0.333 -0.523
0.013 0.862 0.911 0.837 0.644 0.501 0.362 0.723 0.621 0.499 0.357 0.216 0.068 0.626 0.454 0.282 0.161 0.05 0.39 0.247 0.127 0.028 -0.14 -0.162 -0.331 -0.521
0.0133 0.864 0.914 0.839 0.646 0.503 0.364 0.725 0.623 0.501 0.359 0.219 0.07 0.628 0.456 0.284 0.163 0.053 0.392 0.25 0.13 0.031 -0.138 -0.159 -0.329 -0.519
0.0136 0.866 0.916 0.841 0.648 0.506 0.367 0.727 0.626 0.503 0.361 0.221 0.072 0.631 0.458 0.286 0.166 0.055 0.394 0.252 0.132 0.033 -0.135 -0.157 -0.326 -0.517
0.014 0.869 0.918 0.843 0.65 0.508 0.369 0.73 0.628 0.505 0.364 0.223 0.075 0.633 0.46 0.289 0.168 0.057 0.397 0.254 0.134 0.035 -0.133 -0.155 -0.324 -0.514
0.0143 0.871 0.92 0.846 0.653 0.51 0.371 0.732 0.63 0.508 0.366 0.225 0.077 0.635 0.463 0.291 0.17 0.059 0.399 0.256 0.136 0.037 -0.131 -0.153 -0.322 -0.512
0.0146 0.88 0.93 0.855 0.662 0.52 0.381 0.741 0.64 0.517 0.375 0.235 0.086 0.645 0.472 0.3 0.18 0.069 0.408 0.266 0.146 0.047 -0.121 -0.143 -0.312 -0.503
0.015 0.895 0.944 0.869 0.676 0.534 0.395 0.756 0.654 0.532 0.39 0.249 0.101 0.659 0.486 0.315 0.194 0.083 0.423 0.28 0.16 0.061 -0.107 -0.129 -0.298 -0.488
0.0154 0.909 0.959 0.884 0.691 0.548 0.409 0.77 0.668 0.546 0.404 0.264 0.115 0.673 0.501 0.329 0.208 0.098 0.437 0.295 0.175 0.076 -0.093 -0.114 -0.284 -0.474
0.0157 0.924 0.973 0.898 0.705 0.563 0.424 0.784 0.683 0.56 0.418 0.278 0.129 0.688 0.515 0.343 0.223 0.112 0.451 0.309 0.189 0.09 -0.078 -0.1 -0.269 -0.46
0.0161 0.938 0.987 0.912 0.72 0.577 0.438 0.799 0.697 0.575 0.433 0.292 0.144 0.702 0.53 0.358 0.237 0.126 0.466 0.323 0.203 0.104 -0.064 -0.086 -0.255 -0.445
0.0165 0.952 1.002 0.927 0.734 0.591 0.452 0.813 0.712 0.589 0.447 0.307 0.158 0.717 0.544 0.372 0.251 0.141 0.48 0.338 0.218 0.119 -0.049 -0.071 -0.241 -0.431
0.0169 0.967 1.016 0.941 0.748 0.606 0.467 0.828 0.726 0.603 0.462 0.321 0.173 0.731 0.558 0.386 0.266 0.155 0.495 0.352 0.232 0.133 -0.035 -0.057 -0.226 -0.416
0.0173 0.981 1.03 0.956 0.763 0.62 0.481 0.842 0.74 0.618 0.476 0.335 0.187 0.745 0.573 0.401 0.28 0.169 0.509 0.366 0.247 0.148 -0.021 -0.042 -0.212 -0.402
0.0177 0.995 1.045 0.97 0.777 0.635 0.495 0.856 0.755 0.632 0.49 0.35 0.201 0.76 0.587 0.415 0.295 0.184 0.523 0.381 0.261 0.162 -0.006 -0.028 -0.197 -0.388
0.0181 1.01 1.059 0.984 0.791 0.649 0.51 0.871 0.769 0.647 0.505 0.364 0.216 0.774 0.601 0.43 0.309 0.198 0.538 0.395 0.275 0.176 0.008 -0.014 -0.183 -0.373
0.0186 1.016 1.065 0.991 0.798 0.655 0.516 0.877 0.775 0.653 0.511 0.37 0.222 0.78 0.608 0.436 0.315 0.204 0.544 0.401 0.281 0.182 0.014 -0.008 -0.177 -0.367
0.019 1.019 1.069 0.994 0.801 0.659 0.519 0.88 0.779 0.656 0.514 0.374 0.225 0.784 0.611 0.439 0.318 0.208 0.547 0.405 0.285 0.186 0.018 -0.004 -0.173 -0.364
0.0195 1.023 1.072 0.997 0.804 0.662 0.523 0.884 0.782 0.66 0.518 0.377 0.229 0.787 0.614 0.443 0.322 0.211 0.551 0.408 0.288 0.189 0.021 -0.001 -0.17 -0.36
0.02 1.026 1.076 1.001 0.808 0.665 0.526 0.887 0.785 0.663 0.521 0.381 0.232 0.79 0.618 0.446 0.325 0.215 0.554 0.411 0.292 0.193 0.024 0.003 -0.167 -0.357
0.0204 1.029 1.079 1.004 0.811 0.669 0.53 0.89 0.789 0.666 0.524 0.384 0.235 0.794 0.621 0.449 0.329 0.218 0.557 0.415 0.295 0.196 0.028 0.006 -0.163 -0.354
0.0209 1.033 1.082 1.007 0.815 0.672 0.533 0.894 0.792 0.67 0.528 0.387 0.239 0.797 0.625 0.453 0.332 0.221 0.561 0.418 0.298 0.199 0.031 0.009 -0.16 -0.35
0.0214 1.036 1.086 1.011 0.818 0.676 0.536 0.897 0.796 0.673 0.531 0.391 0.242 0.801 0.628 0.456 0.335 0.225 0.564 0.422 0.302 0.203 0.035 0.013 -0.156 -0.347
0.022 1.04 1.089 1.014 0.821 0.679 0.54 0.901 0.799 0.677 0.535 0.394 0.246 0.804 0.631 0.46 0.339 0.228 0.568 0.425 0.305 0.206 0.038 0.016 -0.153 -0.343
0.0225 1.043 1.093 1.018 0.825 0.682 0.543 0.904 0.802 0.68 0.538 0.398 0.249 0.807 0.635 0.463 0.342 0.232 0.571 0.428 0.309 0.21 0.041 0.02 -0.15 -0.34
0.023 1.046 1.096 1.021 0.828 0.686 0.547 0.907 0.806 0.683 0.541 0.401 0.252 0.811 0.638 0.466 0.346 0.235 0.574 0.432 0.312 0.213 0.045 0.023 -0.146 -0.337
0.0236 1.047 1.096 1.021 0.828 0.686 0.547 0.908 0.806 0.683 0.542 0.401 0.252 0.811 0.638 0.466 0.346 0.235 0.575 0.432 0.312 0.213 0.045 0.023 -0.146 -0.337
0.0242 1.046 1.096 1.021 0.828 0.686 0.546 0.907 0.806 0.683 0.541 0.401 0.252 0.811 0.638 0.466 0.345 0.235 0.574 0.432 0.312 0.213 0.045 0.023 -0.146 -0.337
0.0247 1.046 1.095 1.021 0.828 0.685 0.546 0.907 0.805 0.683 0.541 0.401 0.252 0.81 0.638 0.466 0.345 0.235 0.574 0.431 0.312 0.213 0.044 0.023 -0.147 -0.337
0.0253 1.046 1.095 1.02 0.827 0.685 0.546 0.907 0.805 0.683 0.541 0.4 0.252 0.81 0.637 0.466 0.345 0.234 0.574 0.431 0.311 0.212 0.044 0.022 -0.147 -0.337
0.0259 1.045 1.095 1.02 0.827 0.685 0.546 0.906 0.805 0.682 0.54 0.4 0.251 0.81 0.637 0.465 0.345 0.234 0.573 0.431 0.311 0.212 0.044 0.022 -0.147 -0.338
0.0266 1.045 1.095 1.02 0.827 0.684 0.545 0.906 0.804 0.682 0.54 0.4 0.251 0.809 0.637 0.465 0.344 0.234 0.573 0.431 0.311 0.212 0.043 0.022 -0.148 -0.338
0.0272 1.045 1.094 1.019 0.827 0.684 0.545 0.906 0.804 0.682 0.54 0.399 0.251 0.809 0.637 0.465 0.344 0.233 0.573 0.43 0.31 0.211 0.043 0.021 -0.148 -0.338
0.0279 1.045 1.094 1.019 0.826 0.684 0.545 0.906 0.804 0.681 0.54 0.399 0.251 0.809 0.636 0.464 0.344 0.233 0.573 0.43 0.31 0.211 0.043 0.021 -0.148 -0.339
0.0285 1.044 1.094 1.019 0.826 0.684 0.544 0.905 0.804 0.681 0.539 0.399 0.25 0.809 0.636 0.464 0.343 0.233 0.572 0.43 0.31 0.211 0.043 0.021 -0.148 -0.339
0.0292 1.044 1.094 1.019 0.826 0.684 0.545 0.905 0.804 0.681 0.539 0.399 0.25 0.809 0.636 0.464 0.344 0.233 0.572 0.43 0.31 0.211 0.043 0.021 -0.148 -0.339
0.0299 1.056 1.106 1.031 0.838 0.696 0.557 0.917 0.816 0.693 0.551 0.411 0.262 0.821 0.648 0.476 0.356 0.245 0.584 0.442 0.322 0.223 0.055 0.033 -0.136 -0.327
0.0307 1.069 1.118 1.043 0.85 0.708 0.569 0.929 0.828 0.705 0.564 0.423 0.274 0.833 0.66 0.488 0.368 0.257 0.597 0.454 0.334 0.235 0.067 0.045 -0.124 -0.315
0.0314 1.081 1.13 1.055 0.862 0.72 0.581 0.942 0.84 0.717 0.576 0.435 0.287 0.845 0.672 0.501 0.38 0.269 0.609 0.466 0.346 0.247 0.079 0.057 -0.112 -0.302
0.0322 1.093 1.142 1.067 0.874 0.732 0.593 0.954 0.852 0.73 0.588 0.447 0.299 0.857 0.684 0.513 0.392 0.281 0.621 0.478 0.358 0.259 0.091 0.069 -0.1 -0.29
0.0329 1.105 1.154 1.079 0.886 0.744 0.605 0.966 0.864 0.742 0.6 0.459 0.311 0.869 0.697 0.525 0.404 0.293 0.633 0.49 0.37 0.271 0.103 0.081 -0.088 -0.278
0.0337 1.117 1.166 1.092 0.899 0.756 0.617 0.978 0.876 0.754 0.612 0.471 0.323 0.881 0.709 0.537 0.416 0.305 0.645 0.502 0.382 0.283 0.115 0.093 -0.076 -0.266
0.0345 1.129 1.178 1.104 0.911 0.768 0.629 0.99 0.888 0.766 0.624 0.483 0.335 0.893 0.721 0.549 0.428 0.318 0.657 0.514 0.395 0.296 0.127 0.106 -0.064 -0.254
0.0354 1.141 1.191 1.116 0.923 0.78 0.641 1.002 0.9 0.778 0.636 0.496 0.347 0.905 0.733 0.561 0.44 0.33 0.669 0.526 0.407 0.308 0.139 0.118 -0.052 -0.242
0.0362 1.153 1.203 1.128 0.935 0.792 0.653 1.014 0.912 0.79 0.648 0.508 0.359 0.917 0.745 0.573 0.452 0.342 0.681 0.539 0.419 0.32 0.151 0.13 -0.04 -0.23
0.0371 1.166 1.216 1.141 0.948 0.806 0.667 1.027 0.926 0.803 0.661 0.521 0.372 0.931 0.758 0.586 0.466 0.355 0.694 0.552 0.432 0.333 0.165 0.143 -0.026 -0.217
0.038 1.185 1.235 1.16 0.967 0.825 0.685 1.046 0.945 0.822 0.68 0.54 0.391 0.95 0.777 0.605 0.484 0.374 0.713 0.571 0.451 0.352 0.184 0.162 -0.007 -0.198
0.0389 1.204 1.254 1.179 0.986 0.843 0.704 1.065 0.964 0.841 0.699 0.559 0.41 0.969 0.796 0.624 0.503 0.393 0.732 0.59 0.47 0.371 0.203 0.181 0.011 -0.179
0.0398 1.223 1.273 1.198 1.005 0.862 0.723 1.084 0.982 0.86 0.718 0.578 0.429 0.987 0.815 0.643 0.522 0.412 0.751 0.609 0.489 0.39 0.221 0.2 0.03 -0.16
0.0408 1.242 1.292 1.217 1.024 0.881 0.742 1.103 1.001 0.879 0.737 0.597 0.448 1.006 0.834 0.662 0.541 0.431 0.77 0.627 0.508 0.409 0.24 0.219 0.049 -0.141
0.0418 1.261 1.31 1.236 1.043 0.9 0.761 1.122 1.02 0.898 0.756 0.615 0.467 1.025 0.853 0.681 0.56 0.45 0.789 0.646 0.527 0.428 0.259 0.238 0.068 -0.122
0.0428 1.28 1.329 1.255 1.062 0.919 0.78 1.141 1.039 0.917 0.775 0.634 0.486 1.044 0.872 0.7 0.579 0.468 0.808 0.665 0.545 0.446 0.278 0.256 0.087 -0.103
0.0438 1.299 1.348 1.273 1.08 0.938 0.799 1.16 1.058 0.936 0.794 0.653 0.505 1.063 0.891 0.719 0.598 0.487 0.827 0.684 0.564 0.465 0.297 0.275 0.106 -0.084
0.0449 1.318 1.367 1.292 1.099 0.957 0.818 1.179 1.077 0.955 0.813 0.672 0.524 1.082 0.909 0.738 0.617 0.506 0.846 0.703 0.583 0.484 0.316 0.294 0.125 -0.065
0.046 1.337 1.386 1.311 1.118 0.976 0.837 1.198 1.096 0.974 0.832 0.691 0.543 1.101 0.928 0.757 0.636 0.525 0.865 0.722 0.602 0.503 0.335 0.313 0.144 -0.046
0.0471 1.356 1.406 1.331 1.138 0.995 0.856 1.217 1.115 0.993 0.851 0.711 0.562 1.121 0.948 0.776 0.655 0.545 0.884 0.742 0.622 0.523 0.355 0.333 0.163 -0.027
0.0482 1.377 1.427 1.352 1.159 1.016 0.877 1.238 1.136 1.014 0.872 0.732 0.583 1.141 0.969 0.797 0.676 0.566 0.905 0.763 0.643 0.544 0.375 0.354 0.184 -0.006
0.0494 1.398 1.447 1.373 1.18 1.037 0.898 1.259 1.157 1.035 0.893 0.753 0.604 1.162 0.99 0.818 0.697 0.587 0.926 0.783 0.664 0.565 0.396 0.375 0.205 0.015
0.0506 1.419 1.468 1.394 1.201 1.058 0.919 1.28 1.178 1.056 0.914 0.773 0.625 1.183 1.011 0.839 0.718 0.607 0.947 0.804 0.685 0.585 0.417 0.396 0.226 0.036
0.0518 1.44 1.489 1.414 1.222 1.079 0.94 1.301 1.199 1.077 0.935 0.794 0.646 1.204 1.032 0.86 0.739 0.628 0.968 0.825 0.705 0.606 0.438 0.416 0.247 0.057
0.053 1.461 1.51 1.435 1.242 1.1 0.961 1.322 1.22 1.098 0.956 0.815 0.667 1.225 1.052 0.881 0.76 0.649 0.989 0.846 0.726 0.627 0.459 0.437 0.268 0.078
0.0543 1.482 1.531 1.456 1.263 1.121 0.982 1.343 1.241 1.119 0.977 0.836 0.688 1.246 1.073 0.902 0.781 0.67 1.01 0.867 0.747 0.648 0.48 0.458 0.289 0.099
0.0556 1.503 1.552 1.477 1.284 1.142 1.003 1.364 1.262 1.139 0.998 0.857 0.708 1.267 1.094 0.922 0.802 0.691 1.031 0.888 0.768 0.669 0.501 0.479 0.31 0.119
0.057 1.523 1.573 1.498 1.305 1.163 1.024 1.384 1.283 1.16 1.018 0.878 0.729 1.288 1.115 0.943 0.823 0.712 1.051 0.909 0.789 0.69 0.522 0.5 0.331 0.14
0.0584 1.544 1.594 1.519 1.326 1.184 1.045 1.405 1.304 1.181 1.039 0.899 0.75 1.309 1.136 0.964 0.844 0.733 1.072 0.93 0.81 0.711 0.543 0.521 0.352 0.161
0.0598 1.57 1.619 1.544 1.351 1.209 1.07 1.43 1.329 1.206 1.064 0.924 0.775 1.334 1.161 0.989 0.869 0.758 1.097 0.955 0.835 0.736 0.568 0.546 0.377 0.186
0.0612 1.6 1.649 1.574 1.381 1.239 1.1 1.461 1.359 1.236 1.095 0.954 0.805 1.364 1.191 1.019 0.899 0.788 1.128 0.985 0.865 0.766 0.598 0.576 0.407 0.216
0.0627 1.63 1.679 1.604 1.411 1.269 1.13 1.491 1.389 1.267 1.125 0.984 0.836 1.394 1.221 1.05 0.929 0.818 1.158 1.015 0.895 0.796 0.628 0.606 0.437 0.247
0.0642 1.66 1.709 1.634 1.441 1.299 1.16 1.521 1.419 1.297 1.155 1.014 0.866 1.424 1.251 1.08 0.959 0.848 1.188 1.045 0.925 0.826 0.658 0.636 0.467 0.277
0.0657 1.69 1.739 1.664 1.471 1.329 1.19 1.551 1.449 1.327 1.185 1.044 0.896 1.454 1.282 1.11 0.989 0.878 1.218 1.075 0.955 0.856 0.688 0.666 0.497 0.307
0.0673 1.72 1.769 1.695 1.502 1.359 1.22 1.581 1.479 1.357 1.215 1.074 0.926 1.484 1.312 1.14 1.019 0.908 1.248 1.105 0.985 0.886 0.718 0.696 0.527 0.337
0.0689 1.75 1.799 1.725 1.532 1.389 1.25 1.611 1.509 1.387 1.245 1.104 0.956 1.514 1.342 1.17 1.049 0.939 1.278 1.135 1.016 0.917 0.748 0.727 0.557 0.367
0.0706 1.78 1.83 1.755 1.562 1.419 1.28 1.641 1.539 1.417 1.275 1.135 0.986 1.544 1.372 1.2 1.079 0.969 1.308 1.165 1.046 0.947 0.778 0.757 0.587 0.397
0.0723 1.81 1.86 1.785 1.592 1.449 1.31 1.671 1.569 1.447 1.305 1.165 1.016 1.574 1.402 1.23 1.109 0.999 1.338 1.196 1.076 0.977 0.808 0.787 0.617 0.427
0.0741 1.84 1.89 1.815 1.622 1.479 1.34 1.701 1.599 1.477 1.335 1.195 1.046 1.605 1.432 1.26 1.139 1.029 1.368 1.226 1.106 1.007 0.838 0.817 0.647 0.457
0.0758 1.875 1.925 1.85 1.657 1.514 1.375 1.736 1.634 1.512 1.37 1.23 1.081 1.639 1.467 1.295 1.174 1.064 1.403 1.26 1.141 1.042 0.873 0.852 0.682 0.492
0.0777 1.913 1.963 1.888 1.695 1.552 1.413 1.774 1.672 1.55 1.408 1.268 1.119 1.677 1.505 1.333 1.212 1.102 1.441 1.298 1.179 1.08 0.911 0.89 0.72 0.53
0.0795 1.951 2.001 1.926 1.733 1.59 1.451 1.812 1.71 1.588 1.446 1.306 1.157 1.715 1.543 1.371 1.25 1.14 1.479 1.336 1.217 1.118 0.949 0.928 0.758 0.568
0.0815 1.989 2.039 1.964 1.771 1.628 1.489 1.85 1.748 1.626 1.484 1.344 1.195 1.753 1.581 1.409 1.288 1.178 1.517 1.375 1.255 1.156 0.987 0.966 0.796 0.606
0.0834 2.027 2.077 2.002 1.809 1.666 1.527 1.888 1.786 1.664 1.522 1.382 1.233 1.791 1.619 1.447 1.326 1.216 1.555 1.413 1.293 1.194 1.025 1.004 0.834 0.644
0.0854 2.065 2.115 2.04 1.847 1.704 1.565 1.926 1.824 1.702 1.56 1.42 1.271 1.829 1.657 1.485 1.364 1.254 1.593 1.451 1.331 1.232 1.063 1.042 0.872 0.682
0.0875 2.103 2.153 2.078 1.885 1.742 1.603 1.964 1.862 1.74 1.598 1.458 1.309 1.867 1.695 1.523 1.402 1.292 1.631 1.489 1.369 1.27 1.101 1.08 0.91 0.72
0.0896 2.141 2.191 2.116 1.923 1.78 1.641 2.002 1.9 1.778 1.636 1.496 1.347 1.906 1.733 1.561 1.44 1.33 1.669 1.527 1.407 1.308 1.139 1.118 0.948 0.758
0.0918 2.179 2.229 2.154 1.961 1.818 1.679 2.04 1.938 1.816 1.674 1.534 1.385 1.944 1.771 1.599 1.478 1.368 1.707 1.565 1.445 1.346 1.178 1.156 0.986 0.796
0.094 2.217 2.267 2.192 1.999 1.856 1.717 2.078 1.977 1.854 1.712 1.572 1.423 1.982 1.809 1.637 1.516 1.406 1.745 1.603 1.483 1.384 1.216 1.194 1.024 0.834
0.0963 2.257 2.306 2.231 2.038 1.896 1.757 2.118 2.016 1.893 1.752 1.611 1.463 2.021 1.848 1.676 1.556 1.445 1.785 1.642 1.522 1.423 1.255 1.233 1.064 0.873
0.0986 2.296 2.346 2.271 2.078 1.936 1.797 2.157 2.056 1.933 1.791 1.651 1.502 2.061 1.888 1.716 1.596 1.485 1.824 1.682 1.562 1.463 1.295 1.273 1.104 0.913
0.101 2.336 2.386 2.311 2.118 1.975 1.836 2.197 2.095 1.973 1.831 1.691 1.542 2.101 1.928 1.756 1.635 1.525 1.864 1.722 1.602 1.503 1.335 1.313 1.143 0.953
0.1034 2.376 2.426 2.351 2.158 2.015 1.876 2.237 2.135 2.013 1.871 1.731 1.582 2.14 1.968 1.796 1.675 1.565 1.904 1.761 1.642 1.543 1.374 1.353 1.183 0.993
0.1059 2.416 2.465 2.39 2.198 2.055 1.916 2.277 2.175 2.053 1.911 1.77 1.622 2.18 2.008 1.836 1.715 1.604 1.944 1.801 1.681 1.582 1.414 1.392 1.223 1.033
0.1084 2.456 2.505 2.43 2.237 2.095 1.956 2.317 2.215 2.093 1.951 1.81 1.662 2.22 2.047 1.876 1.755 1.644 1.984 1.841 1.721 1.622 1.454 1.432 1.263 1.073
0.1111 2.495 2.545 2.47 2.277 2.135 1.996 2.356 2.255 2.132 1.99 1.85 1.701 2.26 2.087 1.915 1.795 1.684 2.023 1.881 1.761 1.662 1.494 1.472 1.303 1.112
0.1137 2.535 2.585 2.51 2.317 2.175 2.035 2.396 2.295 2.172 2.03 1.89 1.741 2.3 2.127 1.955 1.834 1.724 2.063 1.921 1.801 1.702 1.534 1.512 1.343 1.152
0.1165 2.575 2.625 2.55 2.357 2.214 2.075 2.436 2.334 2.212 2.07 1.93 1.781 2.339 2.167 1.995 1.874 1.764 2.103 1.961 1.841 1.742 1.573 1.552 1.382 1.192
0.1193 2.615 2.664 2.59 2.397 2.254 2.115 2.476 2.374 2.252 2.11 1.969 1.821 2.379 2.207 2.035 1.914 1.803 2.143 2.0 1.88 1.781 1.613 1.591 1.422 1.232
0.1222 2.663 2.713 2.638 2.445 2.303 2.163 2.524 2.423 2.3 2.158 2.018 1.869 2.428 2.255 2.083 1.962 1.852 2.191 2.049 1.929 1.83 1.662 1.64 1.471 1.28
0.1251 2.713 2.762 2.687 2.494 2.352 2.213 2.574 2.472 2.35 2.208 2.067 1.919 2.477 2.304 2.133 2.012 1.901 2.241 2.098 1.978 1.879 1.711 1.689 1.52 1.33
0.1281 2.762 2.812 2.737 2.544 2.401 2.262 2.623 2.521 2.399 2.257 2.117 1.968 2.526 2.354 2.182 2.061 1.951 2.29 2.148 2.028 1.929 1.76 1.739 1.569 1.379
0.1312 2.812 2.861 2.786 2.593 2.451 2.312 2.673 2.571 2.448 2.307 2.166 2.017 2.576 2.403 2.231 2.111 2.0 2.34 2.197 2.077 1.978 1.81 1.788 1.619 1.428
0.1344 2.861 2.91 2.836 2.643 2.5 2.361 2.722 2.62 2.498 2.356 2.216 2.067 2.625 2.453 2.281 2.16 2.05 2.389 2.246 2.127 2.028 1.859 1.838 1.668 1.478
0.1376 2.91 2.96 2.885 2.692 2.55 2.411 2.771 2.67 2.547 2.405 2.265 2.116 2.675 2.502 2.33 2.21 2.099 2.438 2.296 2.176 2.077 1.909 1.887 1.718 1.527
0.141 2.96 3.009 2.934 2.742 2.599 2.46 2.821 2.719 2.597 2.455 2.314 2.166 2.724 2.552 2.38 2.259 2.148 2.488 2.345 2.225 2.126 1.958 1.936 1.767 1.577
0.1444 3.009 3.059 2.984 2.791 2.649 2.509 2.87 2.769 2.646 2.504 2.364 2.215 2.774 2.601 2.429 2.308 2.198 2.537 2.395 2.275 2.176 2.008 1.986 1.817 1.626
0.1478 3.059 3.108 3.033 2.84 2.698 2.559 2.92 2.818 2.696 2.554 2.413 2.265 2.823 2.65 2.479 2.358 2.247 2.587 2.444 2.324 2.225 2.057 2.035 1.866 1.676
0.1514 3.108 3.158 3.083 2.89 2.748 2.609 2.969 2.868 2.745 2.603 2.463 2.314 2.873 2.7 2.528 2.408 2.297 2.636 2.494 2.374 2.275 2.107 2.085 1.916 1.725
0.1551 3.165 3.215 3.14 2.947 2.804 2.665 3.026 2.924 2.802 2.66 2.52 2.371 2.929 2.757 2.585 2.464 2.354 2.693 2.551 2.431 2.332 2.163 2.142 1.972 1.782
0.1588 3.222 3.271 3.197 3.004 2.861 2.722 3.083 2.981 2.859 2.717 2.576 2.428 2.986 2.814 2.642 2.521 2.41 2.75 2.607 2.487 2.388 2.22 2.198 2.029 1.839
0.1626 3.279 3.328 3.253 3.06 2.918 2.779 3.14 3.038 2.915 2.774 2.633 2.485 3.043 2.87 2.699 2.578 2.467 2.807 2.664 2.544 2.445 2.277 2.255 2.086 1.896
0.1666 3.335 3.385 3.31 3.117 2.975 2.836 3.196 3.095 2.972 2.83 2.69 2.541 3.1 2.927 2.755 2.635 2.524 2.863 2.721 2.601 2.502 2.334 2.312 2.143 1.952
0.1706 3.392 3.442 3.367 3.174 3.031 2.892 3.253 3.151 3.029 2.887 2.747 2.598 3.156 2.984 2.812 2.691 2.581 2.92 2.778 2.658 2.559 2.39 2.369 2.199 2.009
0.1747 3.449 3.498 3.423 3.231 3.088 2.949 3.31 3.208 3.086 2.944 2.803 2.655 3.213 3.041 2.869 2.748 2.637 2.977 2.834 2.714 2.615 2.447 2.425 2.256 2.066
0.1789 3.506 3.555 3.48 3.287 3.145 3.006 3.367 3.265 3.142 3.001 2.86 2.712 3.27 3.097 2.925 2.805 2.694 3.034 2.891 2.771 2.672 2.504 2.482 2.313 2.123
0.1832 3.562 3.612 3.537 3.344 3.202 3.062 3.423 3.322 3.199 3.057 2.917 2.768 3.327 3.154 2.982 2.862 2.751 3.09 2.948 2.828 2.729 2.561 2.539 2.37 2.179
0.1876 3.619 3.669 3.594 3.401 3.258 3.119 3.48 3.378 3.256 3.114 2.974 2.825 3.383 3.211 3.039 2.918 2.808 3.147 3.005 2.885 2.786 2.617 2.596 2.426 2.236
0.1922 3.675 3.725 3.65 3.457 3.315 3.176 3.536 3.435 3.312 3.17 3.03 2.881 3.44 3.267 3.095 2.975 2.864 3.203 3.061 2.941 2.842 2.674 2.652 2.483 2.292
0.1968 3.729 3.779 3.704 3.511 3.369 3.23 3.59 3.489 3.366 3.224 3.084 2.935 3.494 3.321 3.149 3.029 2.918 3.257 3.115 2.995 2.896 2.728 2.706 2.537 2.346
0.2015 3.783 3.833 3.758 3.565 3.423 3.284 3.644 3.543 3.42 3.278 3.138 2.989 3.548 3.375 3.203 3.083 2.972 3.311 3.169 3.049 2.95 2.782 2.76 2.591 2.4
0.2064 3.838 3.887 3.812 3.619 3.477 3.338 3.698 3.597 3.474 3.333 3.192 3.043 3.602 3.429 3.257 3.137 3.026 3.365 3.223 3.103 3.004 2.836 2.814 2.645 2.454
0.2114 3.892 3.941 3.866 3.673 3.531 3.392 3.753 3.651 3.528 3.387 3.246 3.097 3.656 3.483 3.311 3.191 3.08 3.42 3.277 3.157 3.058 2.89 2.868 2.699 2.508
0.2165 3.946 3.995 3.92 3.727 3.585 3.446 3.807 3.705 3.582 3.441 3.3 3.152 3.71 3.537 3.365 3.245 3.134 3.474 3.331 3.211 3.112 2.944 2.922 2.753 2.563
0.2217 4.0 4.049 3.974 3.781 3.639 3.5 3.861 3.759 3.637 3.495 3.354 3.206 3.764 3.591 3.42 3.299 3.188 3.528 3.385 3.265 3.166 2.998 2.976 2.807 2.617
0.2271 4.054 4.103 4.028 3.835 3.693 3.554 3.915 3.813 3.691 3.549 3.408 3.26 3.818 3.645 3.474 3.353 3.242 3.582 3.439 3.319 3.22 3.052 3.03 2.861 2.671
0.2325 4.108 4.157 4.082 3.889 3.747 3.608 3.969 3.867 3.745 3.603 3.462 3.314 3.872 3.699 3.528 3.407 3.296 3.636 3.493 3.373 3.274 3.106 3.084 2.915 2.725
0.2381 4.162 4.211 4.136 3.943 3.801 3.662 4.023 3.921 3.799 3.657 3.516 3.368 3.926 3.754 3.582 3.461 3.35 3.69 3.547 3.427 3.328 3.16 3.138 2.969 2.779
0.2439 4.215 4.264 4.189 3.996 3.854 3.715 4.076 3.974 3.852 3.71 3.569 3.421 3.979 3.807 3.635 3.514 3.403 3.743 3.6 3.48 3.381 3.213 3.191 3.022 2.832
0.2498 4.266 4.315 4.24 4.047 3.905 3.766 4.127 4.025 3.902 3.761 3.62 3.472 4.03 3.857 3.685 3.565 3.454 3.794 3.651 3.531 3.432 3.264 3.242 3.073 2.883
0.2558 4.316 4.366 4.291 4.098 3.956 3.817 4.177 4.076 3.953 3.811 3.671 3.522 4.081 3.908 3.736 3.616 3.505 3.844 3.702 3.582 3.483 3.315 3.293 3.124 2.933
0.262 4.367 4.417 4.342 4.149 4.006 3.867 4.228 4.126 4.004 3.862 3.722 3.573 4.132 3.959 3.787 3.666 3.556 3.895 3.753 3.633 3.534 3.365 3.344 3.174 2.984
0.2683 4.418 4.467 4.393 4.2 4.057 3.918 4.279 4.177 4.055 3.913 3.772 3.624 4.182 4.01 3.838 3.717 3.607 3.946 3.803 3.684 3.585 3.416 3.395 3.225 3.035
0.2748 4.469 4.518 4.443 4.25 4.108 3.969 4.33 4.228 4.106 3.964 3.823 3.675 4.233 4.061 3.889 3.768 3.657 3.997 3.854 3.734 3.635 3.467 3.445 3.276 3.086
0.2814 4.52 4.569 4.494 4.301 4.159 4.02 4.381 4.279 4.156 4.015 3.874 3.726 4.284 4.111 3.939 3.819 3.708 4.048 3.905 3.785 3.686 3.518 3.496 3.327 3.136
0.2882 4.57 4.62 4.545 4.352 4.21 4.071 4.431 4.33 4.207 4.065 3.925 3.776 4.335 4.162 3.99 3.87 3.759 4.098 3.956 3.836 3.737 3.569 3.547 3.378 3.187
0.2951 4.621 4.671 4.596 4.403 4.26 4.121 4.482 4.38 4.258 4.116 3.976 3.827 4.385 4.213 4.041 3.92 3.81 4.149 4.007 3.887 3.788 3.619 3.598 3.428 3.238
0.3022 4.672 4.721 4.647 4.454 4.311 4.172 4.533 4.431 4.309 4.167 4.026 3.878 4.436 4.264 4.092 3.971 3.861 4.2 4.057 3.938 3.839 3.67 3.649 3.479 3.289
0.3095 4.726 4.775 4.7 4.507 4.365 4.226 4.586 4.485 4.362 4.22 4.08 3.931 4.49 4.317 4.145 4.025 3.914 4.253 4.111 3.991 3.892 3.724 3.702 3.533 3.342
0.317 4.782 4.832 4.757 4.564 4.421 4.282 4.643 4.541 4.419 4.277 4.137 3.988 4.547 4.374 4.202 4.081 3.971 4.31 4.168 4.048 3.949 3.78 3.759 3.589 3.399
0.3247 4.839 4.888 4.814 4.621 4.478 4.339 4.7 4.598 4.476 4.334 4.193 4.045 4.603 4.431 4.259 4.138 4.027 4.367 4.224 4.104 4.005 3.837 3.816 3.646 3.456
0.3325 4.896 4.945 4.87 4.677 4.535 4.396 4.757 4.655 4.532 4.391 4.25 4.102 4.66 4.487 4.316 4.195 4.084 4.424 4.281 4.161 4.062 3.894 3.872 3.703 3.513
0.3405 4.952 5.002 4.927 4.734 4.592 4.452 4.813 4.712 4.589 4.447 4.307 4.158 4.717 4.544 4.372 4.252 4.141 4.48 4.338 4.218 4.119 3.951 3.929 3.76 3.569
0.3487 5.009 5.059 4.984 4.791 4.648 4.509 4.87 4.768 4.646 4.504 4.364 4.215 4.773 4.601 4.429 4.308 4.198 4.537 4.394 4.275 4.176 4.007 3.986 3.816 3.626
0.3571 5.066 5.115 5.04 4.847 4.705 4.566 4.927 4.825 4.703 4.561 4.42 4.272 4.83 4.658 4.486 4.365 4.254 4.594 4.451 4.331 4.232 4.064 4.042 3.873 3.683
0.3657 5.123 5.172 5.097 4.904 4.762 4.623 4.983 4.882 4.759 4.617 4.477 4.328 4.887 4.714 4.542 4.422 4.311 4.65 4.508 4.388 4.289 4.121 4.099 3.93 3.739
0.3746 5.179 5.229 5.154 4.961 4.818 4.679 5.04 4.938 4.816 4.674 4.534 4.385 4.944 4.771 4.599 4.478 4.368 4.707 4.565 4.445 4.346 4.178 4.156 3.986 3.796
0.3836 5.236 5.285 5.211 5.018 4.875 4.736 5.097 4.995 4.873 4.731 4.59 4.442 5.0 4.828 4.656 4.535 4.424 4.764 4.621 4.502 4.402 4.234 4.213 4.043 3.853
0.3929 5.294 5.343 5.268 5.075 4.933 4.794 5.154 5.053 4.93 4.788 4.648 4.499 5.058 4.885 4.713 4.593 4.482 4.821 4.679 4.559 4.46 4.292 4.27 4.101 3.91
0.4023 5.352 5.401 5.326 5.133 4.991 4.852 5.213 5.111 4.988 4.847 4.706 4.558 5.116 4.943 4.771 4.651 4.54 4.88 4.737 4.617 4.518 4.35 4.328 4.159 3.969
0.412 5.41 5.459 5.384 5.191 5.049 4.91 5.271 5.169 5.047 4.905 4.764 4.616 5.174 5.001 4.83 4.709 4.598 4.938 4.795 4.675 4.576 4.408 4.386 4.217 4.027
0.422 5.468 5.517 5.442 5.249 5.107 4.968 5.329 5.227 5.105 4.963 4.822 4.674 5.232 5.06 4.888 4.767 4.656 4.996 4.853 4.733 4.634 4.466 4.444 4.275 4.085
0.4322 5.526 5.575 5.501 5.308 5.165 5.026 5.387 5.285 5.163 5.021 4.88 4.732 5.29 5.118 4.946 4.825 4.714 5.054 4.911 4.792 4.692 4.524 4.503 4.333 4.143
0.4426 5.584 5.634 5.559 5.366 5.223 5.084 5.445 5.343 5.221 5.079 4.939 4.79 5.348 5.176 5.004 4.883 4.773 5.112 4.969 4.85 4.751 4.582 4.561 4.391 4.201
0.4533 5.642 5.692 5.617 5.424 5.281 5.142 5.503 5.401 5.279 5.137 4.997 4.848 5.406 5.234 5.062 4.941 4.831 5.17 5.028 4.908 4.809 4.64 4.619 4.449 4.259
0.4642 5.7 5.75 5.675 5.482 5.34 5.2 5.561 5.46 5.337 5.195 5.055 4.906 5.465 5.292 5.12 4.999 4.889 5.228 5.086 4.966 4.867 4.699 4.677 4.508 4.317
0.4754 5.758 5.808 5.733 5.54 5.398 5.258 5.619 5.518 5.395 5.253 5.113 4.964 5.523 5.35 5.178 5.058 4.947 5.286 5.144 5.024 4.925 4.757 4.735 4.566 4.375
0.4869 5.816 5.866 5.791 5.598 5.456 5.317 5.677 5.576 5.453 5.311 5.171 5.022 5.581 5.408 5.236 5.116 5.005 5.344 5.202 5.082 4.983 4.815 4.793 4.624 4.433
0.4986 5.876 5.926 5.851 5.658 5.516 5.377 5.737 5.636 5.513 5.371 5.231 5.082 5.641 5.468 5.296 5.176 5.065 5.404 5.262 5.142 5.043 4.875 4.853 4.684 4.493
0.5106 5.937 5.986 5.912 5.719 5.576 5.437 5.798 5.696 5.574 5.432 5.291 5.143 5.701 5.529 5.357 5.236 5.125 5.465 5.322 5.202 5.103 4.935 4.913 4.744 4.554
0.523 5.997 6.047 5.972 5.779 5.637 5.498 5.858 5.757 5.634 5.492 5.352 5.203 5.762 5.589 5.417 5.297 5.186 5.525 5.383 5.263 5.164 4.996 4.974 4.805 4.614
0.5356 6.058 6.107 6.033 5.84 5.697 5.558 5.919 5.817 5.695 5.553 5.412 5.264 5.822 5.65 5.478 5.357 5.246 5.586 5.443 5.324 5.224 5.056 5.035 4.865 4.675
0.5485 6.118 6.168 6.093 5.9 5.758 5.619 5.979 5.878 5.755 5.613 5.473 5.324 5.883 5.71 5.538 5.418 5.307 5.646 5.504 5.384 5.285 5.117 5.095 4.926 4.735
0.5617 6.179 6.228 6.154 5.961 5.818 5.679 6.04 5.938 5.816 5.674 5.533 5.385 5.943 5.771 5.599 5.478 5.368 5.707 5.564 5.445 5.346 5.177 5.156 4.986 4.796
0.5753 6.239 6.289 6.214 6.021 5.879 5.74 6.1 5.999 5.876 5.734 5.594 5.445 6.004 5.831 5.659 5.539 5.428 5.767 5.625 5.505 5.406 5.238 5.216 5.047 4.856
0.5891 6.3 6.349 6.275 6.082 5.939 5.8 6.161 6.059 5.937 5.795 5.654 5.506 6.064 5.892 5.72 5.599 5.489 5.828 5.685 5.566 5.467 5.298 5.277 5.107 4.917
0.6034 6.361 6.41 6.335 6.142 6.0 5.861 6.221 6.12 5.997 5.855 5.715 5.566 6.125 5.952 5.78 5.66 5.549 5.888 5.746 5.626 5.527 5.359 5.337 5.168 4.977
0.6179 6.421 6.47 6.396 6.203 6.06 5.921 6.282 6.18 6.058 5.916 5.776 5.627 6.185 6.013 5.841 5.72 5.61 5.949 5.806 5.687 5.588 5.419 5.398 5.228 5.038
0.6328 6.48 6.529 6.454 6.261 6.119 5.98 6.341 6.239 6.116 5.975 5.834 5.686 6.244 6.071 5.899 5.779 5.668 6.008 5.865 5.745 5.646 5.478 5.456 5.287 5.097
0.6481 6.538 6.587 6.513 6.32 6.177 6.038 6.399 6.297 6.175 6.033 5.892 5.744 6.302 6.13 5.958 5.837 5.726 6.066 5.923 5.803 5.704 5.536 5.514 5.345 5.155
0.6637 6.596 6.646 6.571 6.378 6.235 6.096 6.457 6.356 6.233 6.091 5.951 5.802 6.361 6.188 6.016 5.895 5.785 6.124 5.982 5.862 5.763 5.595 5.573 5.403 5.213
0.6797 6.655 6.704 6.629 6.436 6.294 6.155 6.515 6.414 6.291 6.15 6.009 5.86 6.419 6.246 6.074 5.954 5.843 6.183 6.04 5.92 5.821 5.653 5.631 5.462 5.271
0.6961 6.713 6.762 6.687 6.495 6.352 6.213 6.574 6.472 6.35 6.208 6.067 5.919 6.477 6.305 6.133 6.012 5.901 6.241 6.098 5.978 5.879 5.711 5.689 5.52 5.33
0.7129 6.771 6.821 6.746 6.553 6.41 6.271 6.632 6.53 6.408 6.266 6.126 5.977 6.535 6.363 6.191 6.07 5.96 6.299 6.157 6.037 5.938 5.769 5.748 5.578 5.388
0.7301 6.83 6.879 6.804 6.611 6.469 6.33 6.69 6.589 6.466 6.324 6.184 6.035 6.594 6.421 6.249 6.129 6.018 6.357 6.215 6.095 5.996 5.828 5.806 5.637 5.446
0.7477 6.888 6.937 6.862 6.669 6.527 6.388 6.749 6.647 6.525 6.383 6.242 6.094 6.652 6.48 6.308 6.187 6.076 6.416 6.273 6.153 6.054 5.886 5.864 5.695 5.505
0.7658 6.946 6.996 6.921 6.728 6.585 6.446 6.807 6.705 6.583 6.441 6.301 6.152 6.71 6.538 6.366 6.245 6.135 6.474 6.332 6.212 6.113 5.944 5.923 5.753 5.563
0.7842 7.004 7.054 6.979 6.786 6.644 6.504 6.865 6.764 6.641 6.499 6.359 6.21 6.769 6.596 6.424 6.303 6.193 6.532 6.39 6.27 6.171 6.003 5.981 5.812 5.621
0.8032 7.058 7.108 7.033 6.84 6.697 6.558 6.919 6.817 6.695 6.553 6.413 6.264 6.822 6.65 6.478 6.357 6.247 6.586 6.444 6.324 6.225 6.056 6.035 5.865 5.675
0.8225 7.112 7.161 7.087 6.894 6.751 6.612 6.973 6.871 6.749 6.607 6.466 6.318 6.876 6.704 6.532 6.411 6.301 6.64 6.497 6.378 6.279 6.11 6.089 5.919 5.729
0.8424 7.166 7.215 7.14 6.947 6.805 6.666 7.027 6.925 6.803 6.661 6.52 6.372 6.93 6.758 6.586 6.465 6.354 6.694 6.551 6.431 6.332 6.164 6.142 5.973 5.783
0.8627 7.22 7.269 7.194 7.001 6.859 6.72 7.081 6.979 6.857 6.715 6.574 6.426 6.984 6.811 6.64 6.519 6.408 6.748 6.605 6.485 6.386 6.218 6.196 6.027 5.837
0.8835 7.274 7.323 7.248 7.055 6.913 6.774 7.134 7.033 6.91 6.769 6.628 6.479 7.038 6.865 6.693 6.573 6.462 6.801 6.659 6.539 6.44 6.272 6.25 6.081 5.89
0.9048 7.327 7.377 7.302 7.109 6.967 6.827 7.188 7.087 6.964 6.822 6.682 6.533 7.092 6.919 6.747 6.627 6.516 6.855 6.713 6.593 6.494 6.326 6.304 6.135 5.944
0.9266 7.381 7.431 7.356 7.163 7.02 6.881 7.242 7.14 7.018 6.876 6.736 6.587 7.146 6.973 6.801 6.68 6.57 6.909 6.767 6.647 6.548 6.38 6.358 6.188 5.998
0.949 7.435 7.485 7.41 7.217 7.074 6.935 7.296 7.194 7.072 6.93 6.79 6.641 7.199 7.027 6.855 6.734 6.624 6.963 6.82 6.701 6.602 6.433 6.412 6.242 6.052
0.9719 7.489 7.538 7.464 7.271 7.128 6.989 7.35 7.248 7.126 6.984 6.843 6.695 7.253 7.081 6.909 6.788 6.677 7.017 6.874 6.754 6.655 6.487 6.465 6.296 6.106
0.9953 7.543 7.592 7.517 7.325 7.182 7.043 7.404 7.302 7.18 7.038 6.897 6.749 7.307 7.135 6.963 6.842 6.731 7.071 6.928 6.808 6.709 6.541 6.519 6.35 6.16
1.0194 7.597 7.647 7.572 7.379 7.237 7.097 7.458 7.357 7.234 7.092 6.952 6.803 7.362 7.189 7.017 6.896 6.786 7.125 6.983 6.863 6.764 6.596 6.574 6.405 6.214
1.0439 7.652 7.701 7.626 7.433 7.291 7.152 7.513 7.411 7.289 7.147 7.006 6.858 7.416 7.243 7.072 6.951 6.84 7.18 7.037 6.917 6.818 6.65 6.628 6.459 6.269
1.0691 7.706 7.756 7.681 7.488 7.345 7.206 7.567 7.465 7.343 7.201 7.061 6.912 7.471 7.298 7.126 7.005 6.895 7.234 7.092 6.972 6.873 6.704 6.683 6.513 6.323
1.0949 7.761 7.81 7.735 7.542 7.4 7.261 7.622 7.52 7.397 7.256 7.115 6.967 7.525 7.352 7.181 7.06 6.949 7.289 7.146 7.026 6.927 6.759 6.737 6.568 6.378
1.1213 7.815 7.865 7.79 7.597 7.454 7.315 7.676 7.574 7.452 7.31 7.17 7.021 7.579 7.407 7.235 7.114 7.004 7.343 7.2 7.081 6.982 6.813 6.792 6.622 6.432
1.1484 7.87 7.919 7.844 7.651 7.509 7.37 7.73 7.629 7.506 7.365 7.224 7.075 7.634 7.461 7.289 7.169 7.058 7.398 7.255 7.135 7.036 6.868 6.846 6.677 6.486
1.1761 7.924 7.973 7.899 7.706 7.563 7.424 7.785 7.683 7.561 7.419 7.278 7.13 7.688 7.516 7.344 7.223 7.113 7.452 7.309 7.19 7.091 6.922 6.901 6.731 6.541
1.2044 7.978 8.028 7.953 7.76 7.618 7.479 7.839 7.738 7.615 7.473 7.333 7.184 7.743 7.57 7.398 7.278 7.167 7.506 7.364 7.244 7.145 6.977 6.955 6.786 6.595
1.2335 8.033 8.082 8.007 7.815 7.672 7.533 7.894 7.792 7.67 7.528 7.387 7.239 7.797 7.625 7.453 7.332 7.221 7.561 7.418 7.298 7.199 7.031 7.009 6.84 6.65
1.2633 8.086 8.136 8.061 7.868 7.726 7.587 7.947 7.846 7.723 7.581 7.441 7.292 7.851 7.678 7.506 7.386 7.275 7.614 7.472 7.352 7.253 7.085 7.063 6.894 6.703
1.2937 8.138 8.188 8.113 7.92 7.777 7.638 7.999 7.897 7.775 7.633 7.493 7.344 7.902 7.73 7.558 7.437 7.327 7.666 7.523 7.404 7.305 7.136 7.115 6.945 6.755
1.3249 8.19 8.239 8.164 7.971 7.829 7.69 8.051 7.949 7.827 7.685 7.544 7.396 7.954 7.781 7.61 7.489 7.378 7.718 7.575 7.455 7.356 7.188 7.166 6.997 6.807
1.3569 8.241 8.291 8.216 8.023 7.881 7.741 8.102 8.001 7.878 7.736 7.596 7.447 8.006 7.833 7.661 7.54 7.43 7.769 7.627 7.507 7.408 7.24 7.218 7.049 6.858
1.3896 8.293 8.342 8.268 8.075 7.932 7.793 8.154 8.052 7.93 7.788 7.647 7.499 8.057 7.885 7.713 7.592 7.481 7.821 7.678 7.558 7.459 7.291 7.269 7.1 6.91
1.4232 8.345 8.394 8.319 8.126 7.984 7.845 8.205 8.104 7.981 7.84 7.699 7.55 8.109 7.936 7.764 7.644 7.533 7.873 7.73 7.61 7.511 7.343 7.321 7.152 6.961
1.4575 8.396 8.446 8.371 8.178 8.035 7.896 8.257 8.155 8.033 7.891 7.751 7.602 8.16 7.988 7.816 7.695 7.585 7.924 7.782 7.662 7.563 7.394 7.373 7.203 7.013
1.4927 8.448 8.497 8.422 8.229 8.087 7.948 8.309 8.207 8.085 7.943 7.802 7.654 8.212 8.039 7.868 7.747 7.636 7.976 7.833 7.713 7.614 7.446 7.424 7.255 7.065
1.5287 8.499 8.549 8.474 8.281 8.139 8.0 8.36 8.259 8.136 7.994 7.854 7.705 8.264 8.091 7.919 7.799 7.688 8.027 7.885 7.765 7.666 7.498 7.476 7.307 7.116
1.5655 8.551 8.6 8.526 8.333 8.19 8.051 8.412 8.31 8.188 8.046 7.906 7.757 8.315 8.143 7.971 7.85 7.74 8.079 7.936 7.817 7.718 7.549 7.528 7.358 7.168
1.6033 8.602 8.651 8.576 8.383 8.241 8.102 8.463 8.361 8.238 8.097 7.956 7.808 8.366 8.193 8.021 7.901 7.79 8.13 7.987 7.867 7.768 7.6 7.578 7.409 7.219
1.642 8.651 8.7 8.626 8.433 8.29 8.151 8.512 8.41 8.288 8.146 8.005 7.857 8.415 8.243 8.071 7.95 7.84 8.179 8.036 7.917 7.818 7.649 7.628 7.458 7.268
1.6816 8.7 8.75 8.675 8.482 8.34 8.2 8.561 8.46 8.337 8.195 8.055 7.906 8.465 8.292 8.12 8.0 7.889 8.228 8.086 7.966 7.867 7.699 7.677 7.508 7.317
1.7222 8.75 8.799 8.724 8.531 8.389 8.25 8.611 8.509 8.387 8.245 8.104 7.956 8.514 8.341 8.17 8.049 7.938 8.278 8.135 8.015 7.916 7.748 7.726 7.557 7.367
1.7637 8.799 8.849 8.774 8.581 8.438 8.299 8.66 8.558 8.436 8.294 8.154 8.005 8.563 8.391 8.219 8.098 7.988 8.327 8.185 8.065 7.966 7.797 7.776 7.606 7.416
1.8062 8.848 8.898 8.823 8.63 8.488 8.349 8.709 8.608 8.485 8.343 8.203 8.054 8.613 8.44 8.268 8.148 8.037 8.376 8.234 8.114 8.015 7.847 7.825 7.656 7.465
1.8498 8.898 8.947 8.872 8.68 8.537 8.398 8.759 8.657 8.535 8.393 8.252 8.104 8.662 8.49 8.318 8.197 8.086 8.426 8.283 8.163 8.064 7.896 7.874 7.705 7.515
1.8944 8.947 8.997 8.922 8.729 8.586 8.447 8.808 8.707 8.584 8.442 8.302 8.153 8.712 8.539 8.367 8.246 8.136 8.475 8.333 8.213 8.114 7.946 7.924 7.754 7.564
1.9401 8.997 9.046 8.971 8.778 8.636 8.497 8.858 8.756 8.633 8.492 8.351 8.203 8.761 8.588 8.416 8.296 8.185 8.525 8.382 8.262 8.163 7.995 7.973 7.804 7.614
1.9869 9.046 9.095 9.021 8.828 8.685 8.546 8.907 8.805 8.683 8.541 8.4 8.252 8.81 8.638 8.466 8.345 8.235 8.574 8.431 8.312 8.213 8.044 8.023 7.853 7.663
2.0349 9.096 9.145 9.07 8.877 8.735 8.596 8.957 8.855 8.733 8.591 8.45 8.302 8.86 8.687 8.516 8.395 8.284 8.624 8.481 8.361 8.262 8.094 8.072 7.903 7.713
2.084 9.146 9.195 9.12 8.927 8.785 8.646 9.007 8.905 8.783 8.641 8.5 8.352 8.91 8.737 8.566 8.445 8.334 8.674 8.531 8.411 8.312 8.144 8.122 7.953 7.763
2.1342 9.196 9.245 9.17 8.977 8.835 8.696 9.057 8.955 8.833 8.691 8.55 8.402 8.96 8.787 8.616 8.495 8.384 8.724 8.581 8.461 8.362 8.194 8.172 8.003 7.813
2.1857 9.246 9.295 9.22 9.027 8.885 8.746 9.107 9.005 8.883 8.741 8.6 8.452 9.01 8.837 8.666 8.545 8.434 8.774 8.631 8.511 8.412 8.244 8.222 8.053 7.863
2.2384 9.296 9.345 9.27 9.077 8.935 8.796 9.157 9.055 8.933 8.791 8.65 8.502 9.06 8.887 8.716 8.595 8.484 8.824 8.681 8.561 8.462 8.294 8.272 8.103 7.913
2.2924 9.346 9.395 9.32 9.127 8.985 8.846 9.207 9.105 8.983 8.841 8.7 8.552 9.11 8.938 8.766 8.645 8.534 8.874 8.731 8.611 8.512 8.344 8.322 8.153 7.963
2.3477 9.396 9.445 9.37 9.177 9.035 8.896 9.257 9.155 9.033 8.891 8.75 8.602 9.16 8.988 8.816 8.695 8.584 8.924 8.781 8.661 8.562 8.394 8.372 8.203 8.013
2.4044 9.446 9.495 9.42 9.227 9.085 8.946 9.307 9.205 9.083 8.941 8.8 8.652 9.21 9.038 8.866 8.745 8.634 8.974 8.831 8.711 8.612 8.444 8.422 8.253 8.063
2.4624 9.496 9.545 9.47 9.277 9.135 8.996 9.357 9.255 9.133 8.991 8.85 8.702 9.26 9.088 8.916 8.795 8.684 9.024 8.881 8.761 8.662 8.494 8.472 8.303 8.113
2.5218 9.546 9.595 9.52 9.327 9.185 9.046 9.407 9.305 9.183 9.041 8.9 8.752 9.31 9.138 8.966 8.845 8.734 9.074 8.931 8.811 8.712 8.544 8.522 8.353 8.163
2.5826 9.593 9.643 9.568 9.375 9.233 9.094 9.454 9.353 9.23 9.088 8.948 8.799 9.358 9.185 9.013 8.893 8.782 9.121 8.979 8.859 8.76 8.592 8.57 8.401 8.21
2.6449 9.64 9.69 9.615 9.422 9.279 9.14 9.501 9.399 9.277 9.135 8.995 8.846 9.404 9.232 9.06 8.939 8.829 9.168 9.026 8.906 8.807 8.638 8.617 8.447 8.257
2.7087 9.687 9.736 9.662 9.469 9.326 9.187 9.548 9.446 9.324 9.182 9.041 8.893 9.451 9.279 9.107 8.986 8.875 9.215 9.072 8.953 8.853 8.685 8.664 8.494 8.304
2.7741 9.734 9.783 9.708 9.515 9.373 9.234 9.595 9.493 9.371 9.229 9.088 8.94 9.498 9.325 9.154 9.033 8.922 9.262 9.119 8.999 8.9 8.732 8.71 8.541 8.351
2.841 9.78 9.83 9.755 9.562 9.42 9.281 9.641 9.54 9.417 9.275 9.135 8.986 9.545 9.372 9.2 9.08 8.969 9.308 9.166 9.046 8.947 8.779 8.757 8.588 8.397
2.9095 9.827 9.877 9.802 9.609 9.466 9.327 9.688 9.587 9.464 9.322 9.182 9.033 9.592 9.419 9.247 9.126 9.016 9.355 9.213 9.093 8.994 8.826 8.804 8.634 8.444
2.9797 9.874 9.923 9.849 9.656 9.513 9.374 9.735 9.633 9.511 9.369 9.228 9.08 9.638 9.466 9.294 9.173 9.063 9.402 9.259 9.14 9.041 8.872 8.851 8.681 8.491
3.0516 9.921 9.97 9.895 9.702 9.56 9.421 9.782 9.68 9.558 9.416 9.275 9.127 9.685 9.512 9.341 9.22 9.109 9.449 9.306 9.186 9.087 8.919 8.897 8.728 8.538
3.1252 9.968 10.017 9.942 9.749 9.607 9.468 9.828 9.727 9.604 9.462 9.322 9.173 9.732 9.559 9.387 9.267 9.156 9.495 9.353 9.233 9.134 8.966 8.944 8.775 8.584
3.2006 10.014 10.064 9.989 9.796 9.654 9.514 9.875 9.774 9.651 9.509 9.369 9.22 9.779 9.606 9.434 9.313 9.203 9.542 9.4 9.28 9.181 9.013 8.991 8.822 8.631
3.2778 10.06 10.11 10.035 9.842 9.7 9.56 9.921 9.82 9.697 9.555 9.415 9.266 9.825 9.652 9.48 9.36 9.249 9.588 9.446 9.326 9.227 9.059 9.037 8.868 8.677
3.3569 10.106 10.156 10.081 9.888 9.746 9.606 9.967 9.866 9.743 9.601 9.461 9.312 9.871 9.698 9.526 9.405 9.295 9.634 9.492 9.372 9.273 9.105 9.083 8.914 8.723
3.4378 10.152 10.202 10.127 9.934 9.791 9.652 10.013 9.912 9.789 9.647 9.507 9.358 9.917 9.744 9.572 9.451 9.341 9.68 9.538 9.418 9.319 9.151 9.129 8.959 8.769
3.5208 10.198 10.248 10.173 9.98 9.837 9.698 10.059 9.957 9.835 9.693 9.553 9.404 9.962 9.79 9.618 9.497 9.387 9.726 9.584 9.464 9.365 9.196 9.175 9.005 8.815
3.6057 10.244 10.294 10.219 10.026 9.883 9.744 10.105 10.003 9.881 9.739 9.599 9.45 10.008 9.836 9.664 9.543 9.433 9.772 9.63 9.51 9.411 9.242 9.221 9.051 8.861
3.6927 10.29 10.34 10.265 10.072 9.929 9.79 10.151 10.049 9.927 9.785 9.645 9.496 10.054 9.882 9.71 9.589 9.479 9.818 9.675 9.556 9.457 9.288 9.267 9.097 8.907
3.7818 10.336 10.386 10.311 10.118 9.975 9.836 10.197 10.095 9.973 9.831 9.691 9.542 10.1 9.928 9.756 9.635 9.525 9.864 9.721 9.602 9.503 9.334 9.313 9.143 8.953
3.873 10.382 10.431 10.357 10.164 10.021 9.882 10.243 10.141 10.019 9.877 9.736 9.588 10.146 9.974 9.802 9.681 9.571 9.91 9.767 9.648 9.549 9.38 9.359 9.189 8.999
3.9664 10.428 10.477 10.403 10.21 10.067 9.928 10.289 10.187 10.065 9.923 9.782 9.634 10.192 10.02 9.848 9.727 9.616 9.956 9.813 9.694 9.595 9.426 9.405 9.235 9.045
4.0621 10.474 10.523 10.448 10.255 10.113 9.974 10.335 10.233 10.111 9.969 9.828 9.68 10.238 10.066 9.894 9.773 9.662 10.002 9.859 9.739 9.64 9.472 9.45 9.281 9.091
4.1601 10.517 10.566 10.491 10.298 10.156 10.017 10.377 10.276 10.153 10.012 9.871 9.722 10.281 10.108 9.936 9.816 9.705 10.045 9.902 9.782 9.683 9.515 9.493 9.324 9.133
4.2604 10.559 10.609 10.534 10.341 10.199 10.059 10.42 10.319 10.196 10.054 9.914 9.765 10.324 10.151 9.979 9.858 9.748 10.087 9.945 9.825 9.726 9.558 9.536 9.367 9.176
4.3632 10.602 10.652 10.577 10.384 10.241 10.102 10.463 10.361 10.239 10.097 9.957 9.808 10.366 10.194 10.022 9.901 9.791 10.13 9.987 9.868 9.769 9.6 9.579 9.409 9.219
4.4685 10.645 10.694 10.619 10.426 10.284 10.145 10.506 10.404 10.282 10.14 9.999 9.851 10.409 10.237 10.065 9.944 9.833 10.173 10.03 9.91 9.811 9.643 9.621 9.452 9.262
4.5763 10.688 10.737 10.662 10.469 10.327 10.188 10.549 10.447 10.324 10.183 10.042 9.894 10.452 10.279 10.107 9.987 9.876 10.216 10.073 9.953 9.854 9.686 9.664 9.495 9.304
4.6867 10.73 10.78 10.705 10.512 10.37 10.23 10.591 10.49 10.367 10.225 10.085 9.936 10.495 10.322 10.15 10.03 9.919 10.258 10.116 9.996 9.897 9.729 9.707 9.538 9.347
4.7997 10.773 10.823 10.748 10.555 10.412 10.273 10.634 10.532 10.41 10.268 10.128 9.979 10.537 10.365 10.193 10.072 9.962 10.301 10.159 10.039 9.94 9.771 9.75 9.58 9.39
4.9155 10.816 10.865 10.79 10.598 10.455 10.316 10.677 10.575 10.453 10.311 10.17 10.022 10.58 10.408 10.236 10.115 10.004 10.344 10.201 10.081 9.982 9.814 9.792 9.623 9.433
5.0341 10.859 10.908 10.833 10.64 10.498 10.359 10.72 10.618 10.495 10.354 10.213 10.065 10.623 10.45 10.278 10.158 10.047 10.387 10.244 10.124 10.025 9.857 9.835 9.666 9.476
5.1555 10.902 10.951 10.876 10.683 10.541 10.402 10.763 10.661 10.539 10.397 10.256 10.108 10.666 10.493 10.322 10.201 10.09 10.43 10.287 10.167 10.068 9.9 9.878 9.709 9.519
5.2799 10.947 10.996 10.921 10.728 10.586 10.447 10.808 10.706 10.583 10.442 10.301 10.153 10.711 10.538 10.366 10.246 10.135 10.475 10.332 10.212 10.113 9.945 9.923 9.754 9.563
5.4072 10.991 11.041 10.966 10.773 10.631 10.492 10.852 10.751 10.628 10.486 10.346 10.197 10.756 10.583 10.411 10.291 10.18 10.519 10.377 10.257 10.158 9.99 9.968 9.799 9.608
5.5377 11.036 11.086 11.011 10.818 10.676 10.536 10.897 10.796 10.673 10.531 10.391 10.242 10.801 10.628 10.456 10.335 10.225 10.564 10.422 10.302 10.203 10.035 10.013 9.844 9.653
5.6713 11.081 11.131 11.056 10.863 10.72 10.581 10.942 10.84 10.718 10.576 10.436 10.287 10.845 10.673 10.501 10.38 10.27 10.609 10.467 10.347 10.248 10.079 10.058 9.888 9.698
5.8081 11.126 11.175 11.101 10.908 10.765 10.626 10.987 10.885 10.763 10.621 10.481 10.332 10.89 10.718 10.546 10.425 10.315 10.654 10.511 10.392 10.293 10.124 10.103 9.933 9.743
5.9482 11.171 11.22 11.145 10.953 10.81 10.671 11.032 10.93 10.808 10.666 10.525 10.377 10.935 10.763 10.591 10.47 10.359 10.699 10.556 10.436 10.337 10.169 10.147 9.978 9.788
6.0917 11.216 11.265 11.19 10.997 10.855 10.716 11.077 10.975 10.853 10.711 10.57 10.422 10.98 10.807 10.636 10.515 10.404 10.744 10.601 10.481 10.382 10.214 10.192 10.023 9.833
6.2386 11.261 11.31 11.235 11.042 10.9 10.761 11.122 11.02 10.897 10.756 10.615 10.467 11.025 10.852 10.68 10.56 10.449 10.789 10.646 10.526 10.427 10.259 10.237 10.068 9.877
6.3891 11.305 11.355 11.28 11.087 10.945 10.806 11.166 11.065 10.942 10.8 10.66 10.511 11.07 10.897 10.725 10.605 10.494 10.833 10.691 10.571 10.472 10.304 10.282 10.113 9.922
6.5433 11.349 11.399 11.324 11.131 10.988 10.849 11.21 11.108 10.986 10.844 10.704 10.555 11.113 10.941 10.769 10.648 10.538 10.877 10.734 10.615 10.516 10.347 10.326 10.156 9.966
6.7011 11.39 11.44 11.365 11.172 11.029 10.89 11.251 11.149 11.027 10.885 10.745 10.596 11.154 10.982 10.81 10.689 10.579 10.918 10.775 10.656 10.557 10.388 10.367 10.197 10.007
6.8627 11.431 11.481 11.406 11.213 11.07 10.931 11.292 11.19 11.068 10.926 10.786 10.637 11.195 11.023 10.851 10.73 10.62 10.959 10.816 10.697 10.598 10.429 10.408 10.238 10.048
7.0283 11.472 11.522 11.447 11.254 11.111 10.972 11.333 11.231 11.109 10.967 10.827 10.678 11.236 11.064 10.892 10.771 10.661 11.0 10.858 10.738 10.639 10.47 10.449 10.279 10.089
7.1978 11.513 11.563 11.488 11.295 11.152 11.013 11.374 11.272 11.15 11.008 10.868 10.719 11.277 11.105 10.933 10.812 10.702 11.041 10.899 10.779 10.68 10.511 10.49 10.32 10.13
7.3715 11.554 11.604 11.529 11.336 11.193 11.054 11.415 11.313 11.191 11.049 10.909 10.76 11.318 11.146 10.974 10.853 10.743 11.082 10.94 10.82 10.721 10.552 10.531 10.361 10.171
7.5493 11.595 11.645 11.57 11.377 11.234 11.095 11.456 11.354 11.232 11.09 10.95 10.801 11.359 11.187 11.015 10.894 10.784 11.123 10.981 10.861 10.762 10.593 10.572 10.402 10.212
7.7314 11.636 11.686 11.611 11.418 11.275 11.136 11.497 11.395 11.273 11.131 10.991 10.842 11.4 11.228 11.056 10.935 10.825 11.164 11.022 10.902 10.803 10.634 10.613 10.443 10.253
7.9179 11.677 11.727 11.652 11.459 11.316 11.177 11.538 11.436 11.314 11.172 11.032 10.883 11.441 11.269 11.097 10.976 10.866 11.205 11.063 10.943 10.844 10.675 10.654 10.484 10.294
8.1089 11.718 11.768 11.693 11.5 11.357 11.218 11.579 11.477 11.355 11.213 11.073 10.924 11.482 11.31 11.138 11.017 10.907 11.246 11.104 10.984 10.885 10.716 10.695 10.525 10.335
8.3045 11.758 11.807 11.733 11.54 11.397 11.258 11.619 11.517 11.395 11.253 11.112 10.964 11.522 11.35 11.178 11.057 10.947 11.286 11.143 11.024 10.925 10.756 10.735 10.565 10.375
8.5049 11.796 11.846 11.771 11.578 11.436 11.297 11.657 11.556 11.433 11.291 11.151 11.002 11.561 11.388 11.216 11.096 10.985 11.324 11.182 11.062 10.963 10.795 10.773 10.604 10.413
8.71 11.835 11.884 11.809 11.617 11.474 11.335 11.696 11.594 11.472 11.33 11.189 11.041 11.599 11.427 11.255 11.134 11.023 11.363 11.22 11.1 11.001 10.833 10.811 10.642 10.452
8.9201 11.873 11.923 11.848 11.655 11.513 11.373 11.734 11.633 11.51 11.368 11.228 11.079 11.638 11.465 11.293 11.172 11.062 11.401 11.259 11.139 11.04 10.872 10.85 10.681 10.49
9.1353 11.912 11.961 11.886 11.693 11.551 11.412 11.773 11.671 11.549 11.407 11.266 11.118 11.676 11.503 11.332 11.211 11.1 11.44 11.297 11.177 11.078 10.91 10.888 10.719 10.529
9.3557 11.95 12.0 11.925 11.732 11.589 11.45 11.811 11.709 11.587 11.445 11.305 11.156 11.714 11.542 11.37 11.249 11.139 11.478 11.336 11.216 11.117 10.948 10.927 10.757 10.567
9.5814 11.989 12.038 11.963 11.77 11.628 11.489 11.85 11.748 11.625 11.484 11.343 11.195 11.753 11.58 11.408 11.288 11.177 11.517 11.374 11.254 11.155 10.987 10.965 10.796 10.605
9.8125 12.027 12.076 12.002 11.809 11.666 11.527 11.888 11.786 11.664 11.522 11.382 11.233 11.791 11.619 11.447 11.326 11.216 11.555 11.412 11.293 11.194 11.025 11.004 10.834 10.644
10.0492 12.065 12.115 12.04 11.847 11.705 11.566 11.926 11.825 11.702 11.56 11.42 11.271 11.83 11.657 11.485 11.365 11.254 11.593 11.451 11.331 11.232 11.064 11.042 10.873 10.682
10.2917 12.104 12.153 12.079 11.886 11.743 11.604 11.965 11.863 11.741 11.599 11.458 11.31 11.868 11.696 11.524 11.403 11.292 11.632 11.489 11.369 11.27 11.102 11.08 10.911 10.721
10.5399 12.145 12.194 12.119 11.926 11.784 11.645 12.005 11.904 11.781 11.639 11.499 11.35 11.909 11.736 11.564 11.444 11.333 11.672 11.53 11.41 11.311 11.143 11.121 10.952 10.761
10.7942 12.186 12.236 12.161 11.968 11.826 11.687 12.047 11.946 11.823 11.681 11.541 11.392 11.951 11.778 11.606 11.486 11.375 11.714 11.572 11.452 11.353 11.185 11.163 10.994 10.803
11.0546 12.228 12.278 12.203 12.01 11.868 11.729 12.089 11.988 11.865 11.723 11.583 11.434 11.993 11.82 11.648 11.528 11.417 11.756 11.614 11.494 11.395 11.227 11.205 11.036 10.845
11.3212 12.27 12.32 12.245 12.052 11.91 11.771 12.131 12.03 11.907 11.765 11.625 11.476 12.035 11.862 11.69 11.57 11.459 11.798 11.656 11.536 11.437 11.269 11.247 11.078 10.887
11.5943 12.312 12.362 12.287 12.094 11.952 11.813 12.173 12.072 11.949 11.807 11.667 11.518 12.077 11.904 11.732 11.612 11.501 11.84 11.698 11.578 11.479 11.311 11.289 11.12 10.929
11.874 12.354 12.404 12.329 12.136 11.994 11.854 12.215 12.114 11.991 11.849 11.709 11.56 12.119 11.946 11.774 11.654 11.543 11.882 11.74 11.62 11.521 11.353 11.331 11.162 10.971
12.1605 12.396 12.446 12.371 12.178 12.036 11.896 12.257 12.156 12.033 11.891 11.751 11.602 12.161 11.988 11.816 11.696 11.585 11.924 11.782 11.662 11.563 11.395 11.373 11.204 11.013
12.4538 12.438 12.488 12.413 12.22 12.078 11.938 12.299 12.198 12.075 11.933 11.793 11.644 12.203 12.03 11.858 11.737 11.627 11.966 11.824 11.704 11.605 11.437 11.415 11.246 11.055
12.7542 12.48 12.53 12.455 12.262 12.12 11.98 12.341 12.24 12.117 11.975 11.835 11.686 12.245 12.072 11.9 11.779 11.669 12.008 11.866 11.746 11.647 11.479 11.457 11.288 11.097
13.0619 12.522 12.572 12.497 12.304 12.162 12.022 12.383 12.282 12.159 12.017 11.877 11.728 12.287 12.114 11.942 11.821 11.711 12.05 11.908 11.788 11.689 11.521 11.499 11.33 11.139
13.377 12.561 12.61 12.535 12.342 12.2 12.061 12.422 12.32 12.197 12.056 11.915 11.766 12.325 12.152 11.98 11.86 11.749 12.089 11.946 11.826 11.727 11.559 11.537 11.368 11.177
13.6997 12.598 12.647 12.572 12.379 12.237 12.098 12.459 12.357 12.235 12.093 11.952 11.804 12.362 12.189 12.018 11.897 11.786 12.126 11.983 11.863 11.764 11.596 11.574 11.405 11.215
14.0302 12.635 12.684 12.609 12.416 12.274 12.135 12.496 12.394 12.272 12.13 11.989 11.841 12.399 12.226 12.055 11.934 11.823 12.163 12.02 11.9 11.801 11.633 11.611 11.442 11.252
14.3686 12.672 12.721 12.646 12.453 12.311 12.172 12.533 12.431 12.309 12.167 12.026 11.878 12.436 12.264 12.092 11.971 11.86 12.2 12.057 11.937 11.838 11.67 11.648 11.479 11.289
14.7153 12.709 12.758 12.684 12.491 12.348 12.209 12.57 12.468 12.346 12.204 12.063 11.915 12.473 12.301 12.129 12.008 11.897 12.237 12.094 11.974 11.875 11.707 11.685 11.516 11.326
15.0702 12.746 12.795 12.721 12.528 12.385 12.246 12.607 12.505 12.383 12.241 12.1 11.952 12.51 12.338 12.166 12.045 11.935 12.274 12.131 12.012 11.913 11.744 11.723 11.553 11.363
15.4338 12.783 12.833 12.758 12.565 12.422 12.283 12.644 12.542 12.42 12.278 12.138 11.989 12.547 12.375 12.203 12.082 11.972 12.311 12.168 12.049 11.95 11.781 11.76 11.59 11.4
15.8061 12.82 12.87 12.795 12.602 12.459 12.32 12.681 12.579 12.457 12.315 12.175 12.026 12.584 12.412 12.24 12.119 12.009 12.348 12.206 12.086 11.987 11.818 11.797 11.627 11.437
16.1874 12.857 12.907 12.832 12.639 12.496 12.357 12.718 12.617 12.494 12.352 12.212 12.063 12.622 12.449 12.277 12.156 12.046 12.385 12.243 12.123 12.024 11.856 11.834 11.664 11.474
16.5779 12.894 12.944 12.869 12.676 12.534 12.394 12.755 12.654 12.531 12.389 12.249 12.1 12.659 12.486 12.314 12.194 12.083 12.422 12.28 12.16 12.061 11.893 11.871 11.702 11.511
16.9778 12.93 12.98 12.905 12.712 12.57 12.43 12.791 12.69 12.567 12.425 12.285 12.136 12.695 12.522 12.35 12.23 12.119 12.458 12.316 12.196 12.097 11.929 11.907 11.738 11.547
17.3873 12.966 13.016 12.941 12.748 12.606 12.466 12.827 12.726 12.603 12.461 12.321 12.172 12.731 12.558 12.386 12.265 12.155 12.494 12.352 12.232 12.133 11.965 11.943 11.774 11.583
17.8068 13.002 13.052 12.977 12.784 12.641 12.502 12.863 12.761 12.639 12.497 12.357 12.208 12.767 12.594 12.422 12.301 12.191 12.53 12.388 12.268 12.169 12.001 11.979 11.809 11.619
18.2363 13.038 13.088 13.013 12.82 12.677 12.538 12.899 12.797 12.675 12.533 12.393 12.244 12.802 12.63 12.458 12.337 12.227 12.566 12.424 12.304 12.205 12.036 12.015 11.845 11.655
18.6762 13.074 13.124 13.049 12.856 12.713 12.574 12.935 12.833 12.711 12.569 12.429 12.28 12.838 12.666 12.494 12.373 12.263 12.602 12.459 12.34 12.241 12.072 12.051 11.881 11.691
19.1268 13.11 13.159 13.085 12.892 12.749 12.61 12.971 12.869 12.747 12.605 12.464 12.316 12.874 12.702 12.53 12.409 12.299 12.638 12.495 12.376 12.277 12.108 12.087 11.917 11.727
19.5882 13.146 13.195 13.121 12.928 12.785 12.646 13.007 12.905 12.783 12.641 12.5 12.352 12.91 12.738 12.566 12.445 12.334 12.674 12.531 12.411 12.312 12.144 12.122 11.953 11.763
20.0607 13.182 13.231 13.156 12.963 12.821 12.682 13.043 12.941 12.819 12.677 12.536 12.388 12.946 12.774 12.602 12.481 12.37 12.71 12.567 12.447 12.348 12.18 12.158 11.989 11.799
20.5446 13.218 13.267 13.192 12.999 12.857 12.718 13.079 12.977 12.855 12.713 12.572 12.424 12.982 12.809 12.638 12.517 12.406 12.746 12.603 12.483 12.384 12.216 12.194 12.025 11.835
21.0402 13.254 13.303 13.228 13.035 12.893 12.754 13.115 13.013 12.891 12.749 12.608 12.46 13.018 12.845 12.674 12.553 12.442 12.782 12.639 12.519 12.42 12.252 12.23 12.061 11.871
21.5478 13.29 13.34 13.265 13.072 12.93 12.79 13.151 13.05 12.927 12.785 12.645 12.496 13.055 12.882 12.71 12.589 12.479 12.818 12.676 12.556 12.457 12.289 12.267 12.098 11.907
22.0676 13.327 13.376 13.301 13.109 12.966 12.827 13.188 13.086 12.964 12.822 12.681 12.533 13.091 12.919 12.747 12.626 12.515 12.855 12.712 12.592 12.493 12.325 12.303 12.134 11.944
22.5999 13.363 13.413 13.338 13.145 13.003 12.864 13.224 13.123 13.0 12.858 12.718 12.569 13.128 12.955 12.783 12.663 12.552 12.891 12.749 12.629 12.53 12.362 12.34 12.171 11.98
23.1451 13.4 13.449 13.375 13.182 13.039 12.9 13.261 13.159 13.037 12.895 12.755 12.606 13.164 12.992 12.82 12.699 12.589 12.928 12.785 12.666 12.567 12.398 12.377 12.207 12.017
23.7034 13.437 13.486 13.411 13.218 13.076 12.937 13.298 13.196 13.073 12.932 12.791 12.643 13.201 13.028 12.856 12.736 12.625 12.965 12.822 12.702 12.603 12.435 12.413 12.244 12.054
24.2752 13.473 13.523 13.448 13.255 13.112 12.973 13.334 13.232 13.11 12.968 12.828 12.679 13.238 13.065 12.893 12.772 12.662 13.001 12.859 12.739 12.64 12.471 12.45 12.28 12.09
24.8608 13.51 13.559 13.484 13.291 13.149 13.01 13.371 13.269 13.147 13.005 12.864 12.716 13.274 13.102 12.93 12.809 12.698 13.038 12.895 12.775 12.676 12.508 12.486 12.317 12.127
25.4606 13.546 13.596 13.521 13.328 13.186 13.046 13.407 13.306 13.183 13.041 12.901 12.752 13.311 13.138 12.966 12.846 12.735 13.074 12.932 12.812 12.713 12.545 12.523 12.354 12.163
26.0748 13.583 13.632 13.558 13.365 13.222 13.083 13.444 13.342 13.22 13.078 12.937 12.789 13.347 13.175 13.003 12.882 12.771 13.111 12.968 12.849 12.749 12.581 12.56 12.39 12.2
26.7038 13.619 13.669 13.594 13.401 13.258 13.119 13.48 13.378 13.256 13.114 12.974 12.825 13.383 13.211 13.039 12.918 12.808 13.147 13.004 12.885 12.786 12.617 12.596 12.426 12.236
27.3479 13.653 13.703 13.628 13.435 13.292 13.153 13.514 13.412 13.29 13.148 13.008 12.859 13.417 13.245 13.073 12.952 12.842 13.181 13.038 12.919 12.82 12.651 12.63 12.46 12.27
28.0077 13.687 13.737 13.662 13.469 13.326 13.187 13.548 13.446 13.324 13.182 13.042 12.893 13.451 13.279 13.107 12.986 12.876 13.215 13.073 12.953 12.854 12.685 12.664 12.494 12.304
28.6833 13.721 13.771 13.696 13.503 13.36 13.221 13.582 13.48 13.358 13.216 13.076 12.927 13.485 13.313 13.141 13.02 12.91 13.249 13.107 12.987 12.888 12.719 12.698 12.528 12.338
29.3752 13.755 13.805 13.73 13.537 13.394 13.255 13.616 13.514 13.392 13.25 13.11 12.961 13.519 13.347 13.175 13.054 12.944 13.283 13.141 13.021 12.922 12.753 12.732 12.562 12.372
30.0838 13.789 13.839 13.764 13.571 13.428 13.289 13.65 13.548 13.426 13.284 13.144 12.995 13.553 13.381 13.209 13.088 12.978 13.317 13.175 13.055 12.956 12.787 12.766 12.596 12.406
30.8096 13.823 13.873 13.798 13.605 13.462 13.323 13.684 13.582 13.46 13.318 13.178 13.029 13.587 13.415 13.243 13.122 13.012 13.351 13.209 13.089 12.99 12.821 12.8 12.63 12.44
31.5528 13.857 13.907 13.832 13.639 13.496 13.357 13.718 13.616 13.494 13.352 13.212 13.063 13.622 13.449 13.277 13.156 13.046 13.385 13.243 13.123 13.024 12.855 12.834 12.664 12.474
32.3139 13.891 13.941 13.866 13.673 13.53 13.391 13.752 13.65 13.528 13.386 13.246 13.097 13.656 13.483 13.311 13.19 13.08 13.419 13.277 13.157 13.058 12.89 12.868 12.698 12.508
33.0935 13.925 13.975 13.9 13.707 13.564 13.425 13.786 13.685 13.562 13.42 13.28 13.131 13.69 13.517 13.345 13.224 13.114 13.453 13.311 13.191 13.092 12.924 12.902 12.732 12.542
33.8918 13.958 14.008 13.933 13.74 13.598 13.458 13.819 13.718 13.595 13.453 13.313 13.164 13.723 13.55 13.378 13.257 13.147 13.486 13.344 13.224 13.125 12.957 12.935 12.766 12.575
34.7093 13.989 14.039 13.964 13.771 13.628 13.489 13.85 13.748 13.626 13.484 13.344 13.195 13.753 13.581 13.409 13.288 13.178 13.517 13.375 13.255 13.156 12.987 12.966 12.796 12.606
35.5466 14.02 14.07 13.995 13.802 13.659 13.52 13.881 13.779 13.657 13.515 13.375 13.226 13.784 13.612 13.44 13.319 13.209 13.548 13.405 13.286 13.187 13.018 12.997 12.827 12.637
36.4041 14.051 14.1 14.026 13.833 13.69 13.551 13.912 13.81 13.688 13.546 13.405 13.257 13.815 13.643 13.471 13.35 13.24 13.579 13.436 13.317 13.218 13.049 13.028 12.858 12.668
37.2823 14.082 14.131 14.057 13.864 13.721 13.582 13.943 13.841 13.719 13.577 13.436 13.288 13.846 13.674 13.502 13.381 13.27 13.61 13.467 13.347 13.248 13.08 13.058 12.889 12.699
38.1817 14.113 14.162 14.087 13.894 13.752 13.613 13.974 13.872 13.75 13.608 13.467 13.319 13.877 13.705 13.533 13.412 13.301 13.641 13.498 13.378 13.279 13.111 13.089 12.92 12.73
39.1028 14.144 14.193 14.118 13.925 13.783 13.644 14.005 13.903 13.781 13.639 13.498 13.35 13.908 13.735 13.564 13.443 13.332 13.672 13.529 13.409 13.31 13.142 13.12 12.951 12.761
40.046 14.175 14.224 14.149 13.956 13.814 13.675 14.036 13.934 13.812 13.67 13.529 13.381 13.939 13.766 13.595 13.474 13.363 13.703 13.56 13.44 13.341 13.173 13.151 12.982 12.792
41.0121 14.206 14.255 14.18 13.987 13.845 13.706 14.067 13.965 13.842 13.701 13.56 13.411 13.97 13.797 13.625 13.505 13.394 13.734 13.591 13.471 13.372 13.204 13.182 13.013 12.822
42.0014 14.236 14.286 14.211 14.018 13.876 13.737 14.097 13.996 13.873 13.731 13.591 13.442 14.001 13.828 13.656 13.536 13.425 13.764 13.622 13.502 13.403 13.235 13.213 13.044 12.853
43.0146 14.267 14.317 14.242 14.049 13.907 13.768 14.128 14.027 13.904 13.762 13.622 13.473 14.032 13.859 13.687 13.567 13.456 13.795 13.653 13.533 13.434 13.266 13.244 13.075 12.884
44.0523 14.299 14.348 14.273 14.08 13.938 13.799 14.159 14.058 13.935 13.794 13.653 13.504 14.063 13.89 13.718 13.598 13.487 13.827 13.684 13.564 13.465 13.297 13.275 13.106 12.915
45.1149 14.33 14.379 14.304 14.111 13.969 13.83 14.191 14.089 13.967 13.825 13.684 13.536 14.094 13.921 13.75 13.629 13.518 13.858 13.715 13.595 13.496 13.328 13.306 13.137 12.947
46.2033 14.361 14.41 14.335 14.142 14.0 13.861 14.222 14.12 13.998 13.856 13.715 13.567 14.125 13.952 13.781 13.66 13.549 13.889 13.746 13.626 13.527 13.359 13.337 13.168 12.978
47.3178 14.392 14.441 14.366 14.173 14.031 13.892 14.253 14.151 14.029 13.887 13.746 13.598 14.156 13.984 13.812 13.691 13.58 13.92 13.777 13.657 13.558 13.39 13.368 13.199 13.009
48.4593 14.423 14.472 14.398 14.205 14.062 13.923 14.284 14.182 14.06 13.918 13.777 13.629 14.187 14.015 13.843 13.722 13.611 13.951 13.808 13.688 13.589 13.421 13.4 13.23 13.04
49.6283 14.454 14.503 14.429 14.236 14.093 13.954 14.315 14.213 14.091 13.949 13.809 13.66 14.218 14.046 13.874 13.753 13.643 13.982 13.839 13.72 13.621 13.452 13.431 13.261 13.071
50.8255 14.485 14.535 14.46 14.267 14.124 13.985 14.346 14.244 14.122 13.98 13.84 13.691 14.249 14.077 13.905 13.784 13.674 14.013 13.871 13.751 13.652 13.483 13.462 13.292 13.102
52.0515 14.516 14.566 14.491 14.298 14.155 14.016 14.377 14.275 14.153 14.011 13.871 13.722 14.28 14.108 13.936 13.815 13.705 14.044 13.902 13.782 13.683 13.514 13.493 13.323 13.133
53.3072 14.547 14.597 14.522 14.329 14.187 14.047 14.408 14.307 14.184 14.042 13.902 13.753 14.312 14.139 13.967 13.846 13.736 14.075 13.933 13.813 13.714 13.546 13.524 13.355 13.164
54.5931 14.587 14.636 14.562 14.369 14.226 14.087 14.448 14.346 14.224 14.082 13.941 13.793 14.351 14.179 14.007 13.886 13.775 14.115 13.972 13.852 13.753 13.585 13.563 13.394 13.204
55.9101 14.632 14.682 14.607 14.414 14.271 14.132 14.493 14.391 14.269 14.127 13.987 13.838 14.396 14.224 14.052 13.931 13.821 14.16 14.017 13.898 13.799 13.63 13.609 13.439 13.249
57.2588 14.677 14.727 14.652 14.459 14.316 14.177 14.538 14.436 14.314 14.172 14.032 13.883 14.442 14.269 14.097 13.976 13.866 14.205 14.063 13.943 13.844 13.675 13.654 13.484 13.294
58.6401 14.722 14.772 14.697 14.504 14.362 14.222 14.583 14.482 14.359 14.217 14.077 13.928 14.487 14.314 14.142 14.022 13.911 14.25 14.108 13.988 13.889 13.721 13.699 13.53 13.339
60.0546 14.768 14.817 14.742 14.549 14.407 14.268 14.628 14.527 14.404 14.262 14.122 13.973 14.532 14.359 14.187 14.067 13.956 14.295 14.153 14.033 13.934 13.766 13.744 13.575 13.384
61.5034 14.813 14.862 14.787 14.594 14.452 14.313 14.674 14.572 14.449 14.308 14.167 14.019 14.577 14.404 14.233 14.112 14.001 14.341 14.198 14.078 13.979 13.811 13.789 13.62 13.43
62.987 14.858 14.907 14.832 14.639 14.497 14.358 14.719 14.617 14.495 14.353 14.212 14.064 14.622 14.45 14.278 14.157 14.046 14.386 14.243 14.123 14.024 13.856 13.834 13.665 13.475
64.5065 14.903 14.952 14.878 14.685 14.542 14.403 14.764 14.662 14.54 14.398 14.257 14.109 14.667 14.495 14.323 14.202 14.091 14.431 14.288 14.169 14.069 13.901 13.88 13.71 13.52
66.0626 14.948 14.998 14.923 14.73 14.587 14.448 14.809 14.707 14.585 14.443 14.303 14.154 14.712 14.54 14.368 14.247 14.137 14.476 14.333 14.214 14.115 13.946 13.925 13.755 13.565
67.6562 14.993 15.043 14.968 14.775 14.632 14.493 14.854 14.752 14.63 14.488 14.348 14.199 14.758 14.585 14.413 14.292 14.182 14.521 14.379 14.259 14.16 13.992 13.97 13.8 13.61
69.2883 15.058 15.108 15.033 14.84 14.697 14.558 14.919 14.817 14.695 14.553 14.413 14.264 14.822 14.65 14.478 14.357 14.247 14.586 14.443 14.324 14.225 14.056 14.035 13.865 13.675
70.9597 15.129 15.179 15.104 14.911 14.769 14.63 14.99 14.889 14.766 14.624 14.484 14.335 14.894 14.721 14.549 14.429 14.318 14.657 14.515 14.395 14.296 14.128 14.106 13.937 13.746
72.6715 15.201 15.25 15.175 14.982 14.84 14.701 15.062 14.96 14.838 14.696 14.555 14.407 14.965 14.793 14.621 14.5 14.389 14.729 14.586 14.466 14.367 14.199 14.177 14.008 13.818
74.4246 15.272 15.322 15.247 15.054 14.911 14.772 15.133 15.031 14.909 14.767 14.627 14.478 15.037 14.864 14.692 14.571 14.461 14.8 14.658 14.538 14.439 14.271 14.249 14.079 13.889
76.2199 15.344 15.393 15.318 15.125 14.983 14.844 15.205 15.103 14.98 14.839 14.698 14.55 15.108 14.935 14.763 14.643 14.532 14.872 14.729 14.609 14.51 14.342 14.32 14.151 13.961
78.0586 15.415 15.464 15.39 15.197 15.054 14.915 15.276 15.174 15.052 14.91 14.769 14.621 15.179 15.007 14.835 14.714 14.604 14.943 14.8 14.681 14.582 14.413 14.392 14.222 14.032
79.9416 15.486 15.536 15.461 15.268 15.126 14.987 15.347 15.246 15.123 14.981 14.841 14.692 15.251 15.078 14.906 14.786 14.675 15.014 14.872 14.752 14.653 14.485 14.463 14.294 14.103
81.87 15.558 15.607 15.532 15.339 15.197 15.058 15.419 15.317 15.195 15.053 14.912 14.764 15.322 15.15 14.978 14.857 14.746 15.086 14.943 14.823 14.724 14.556 14.534 14.365 14.175
83.845 15.629 15.679 15.604 15.411 15.268 15.129 15.49 15.388 15.266 15.124 14.984 14.835 15.393 15.221 15.049 14.928 14.818 15.157 15.015 14.895 14.796 14.627 14.606 14.436 14.246
85.8676 15.701 15.75 15.675 15.482 15.34 15.201 15.561 15.46 15.337 15.196 15.055 14.906 15.465 15.292 15.12 15.0 14.889 15.229 15.086 14.966 14.867 14.699 14.677 14.508 14.317
87.939 15.803 15.852 15.777 15.584 15.442 15.303 15.663 15.562 15.439 15.297 15.157 15.008 15.567 15.394 15.222 15.102 14.991 15.33 15.188 15.068 14.969 14.801 14.779 14.61 14.419
90.0604 15.908 15.958 15.883 15.69 15.547 15.408 15.769 15.667 15.545 15.403 15.263 15.114 15.672 15.5 15.328 15.207 15.097 15.436 15.293 15.174 15.075 14.906 14.885 14.715 14.525
92.2329 16.014 16.063 15.988 15.795 15.653 15.514 15.875 15.773 15.651 15.509 15.368 15.22 15.778 15.605 15.434 15.313 15.202 15.542 15.399 15.279 15.18 15.012 14.99 14.821 14.631
94.4579 16.119 16.169 16.094 15.901 15.759 15.619 15.98 15.879 15.756 15.614 15.474 15.325 15.884 15.711 15.539 15.418 15.308 15.647 15.505 15.385 15.286 15.118 15.096 14.927 14.736
96.7365 16.225 16.274 16.199 16.007 15.864 15.725 16.086 15.984 15.862 15.72 15.579 15.431 15.989 15.817 15.645 15.524 15.413 15.753 15.61 15.49 15.391 15.223 15.201 15.032 14.842
99.0701 16.33 16.38 16.305 16.112 15.97 15.831 16.191 16.09 15.967 15.825 15.685 15.536 16.095 15.922 15.75 15.63 15.519 15.858 15.716 15.596 15.497 15.329 15.307 15.138 14.947
101.4599 16.436 16.485 16.411 16.218 16.075 15.936 16.297 16.195 16.073 15.931 15.791 15.642 16.2 16.028 15.856 15.735 15.625 15.964 15.821 15.702 15.603 15.434 15.413 15.243 15.053
103.9075 16.542 16.591 16.516 16.323 16.181 16.042 16.403 16.301 16.178 16.037 15.896 15.748 16.306 16.133 15.961 15.841 15.73 16.07 15.927 15.807 15.708 15.54 15.518 15.349 15.159
106.4141 16.647 16.697 16.622 16.429 16.286 16.147 16.508 16.406 16.284 16.142 16.002 15.853 16.412 16.239 16.067 15.946 15.836 16.175 16.033 15.913 15.814 15.645 15.624 15.454 15.264
108.9811 16.755 16.805 16.73 16.537 16.394 16.255 16.616 16.514 16.392 16.25 16.11 15.961 16.519 16.347 16.175 16.054 15.944 16.283 16.141 16.021 15.922 15.753 15.732 15.562 15.372
111.6101 16.927 16.976 16.901 16.709 16.566 16.427 16.788 16.686 16.564 16.422 16.281 16.133 16.691 16.519 16.347 16.226 16.115 16.455 16.312 16.192 16.093 15.925 15.903 15.734 15.544
114.3025 17.099 17.148 17.073 16.88 16.738 16.599 16.959 16.858 16.735 16.593 16.453 16.304 16.863 16.69 16.518 16.398 16.287 16.626 16.484 16.364 16.265 16.097 16.075 15.906 15.715
117.0598 17.27 17.32 17.245 17.052 16.909 16.77 17.131 17.029 16.907 16.765 16.625 16.476 17.034 16.862 16.69 16.569 16.459 16.798 16.656 16.536 16.437 16.268 16.247 16.077 15.887
119.8836 17.442 17.491 17.416 17.223 17.081 16.942 17.303 17.201 17.079 16.937 16.796 16.648 17.206 17.034 16.862 16.741 16.63 16.97 16.827 16.707 16.608 16.44 16.418 16.249 16.059
122.7756 17.614 17.663 17.588 17.395 17.253 17.114 17.474 17.373 17.25 17.108 16.968 16.819 17.378 17.205 17.033 16.913 16.802 17.141 16.999 16.879 16.78 16.612 16.59 16.421 16.23
125.7373 17.785 17.835 17.76 17.567 17.424 17.285 17.646 17.544 17.422 17.28 17.14 16.991 17.549 17.377 17.205 17.084 16.974 17.313 17.171 17.051 16.952 16.783 16.762 16.592 16.402
128.7705 17.957 18.006 17.931 17.738 17.596 17.457 17.818 17.716 17.594 17.452 17.311 17.163 17.721 17.549 17.377 17.256 17.145 17.485 17.342 17.222 17.123 16.955 16.933 16.764 16.574
131.8769 18.128 18.178 18.103 17.91 17.768 17.629 17.989 17.888 17.765 17.623 17.483 17.334 17.893 17.72 17.548 17.428 17.317 17.656 17.514 17.394 17.295 17.127 17.105 16.936 16.745
135.0582 18.3 18.35 18.275 18.082 17.939 17.8 18.161 18.059 17.937 17.795 17.655 17.506 18.064 17.892 17.72 17.599 17.489 17.828 17.686 17.566 17.467 17.298 17.277 17.107 16.917
138.3162 18.501 18.551 18.476 18.283 18.14 18.001 18.362 18.26 18.138 17.996 17.856 17.707 18.265 18.093 17.921 17.8 17.69 18.029 17.886 17.767 17.668 17.499 17.478 17.308 17.118
141.6528 18.836 18.885 18.811 18.618 18.475 18.336 18.697 18.595 18.473 18.331 18.19 18.042 18.6 18.428 18.256 18.135 18.024 18.364 18.221 18.101 18.002 17.834 17.812 17.643 17.453
145.0699 19.171 19.22 19.145 18.952 18.81 18.671 19.032 18.93 18.808 18.666 18.525 18.377 18.935 18.762 18.591 18.47 18.359 18.699 18.556 18.436 18.337 18.169 18.147 17.978 17.788
148.5695 19.506 19.555 19.48 19.287 19.145 19.006 19.366 19.265 19.142 19.001 18.86 18.711 19.27 19.097 18.925 18.805 18.694 19.034 18.891 18.771 18.672 18.504 18.482 18.313 18.122
152.1534 19.84 19.89 19.815 19.622 19.48 19.341 19.701 19.6 19.477 19.335 19.195 19.046 19.605 19.432 19.26 19.14 19.029 19.368 19.226 19.106 19.007 18.839 18.817 18.648 18.457
155.8238 20.175 20.225 20.15 19.957 19.814 19.675 20.036 19.934 19.812 19.67 19.53 19.381 19.94 19.767 19.595 19.474 19.364 19.703 19.561 19.441 19.342 19.173 19.152 18.982 18.792
159.5828 20.51 20.56 20.485 20.292 20.149 20.01 20.371 20.269 20.147 20.005 19.865 19.716 20.274 20.102 19.93 19.809 19.699 20.038 19.895 19.776 19.677 19.508 19.487 19.317 19.127
163.4324 20.845 20.894 20.819 20.627 20.484 20.345 20.706 20.604 20.482 20.34 20.199 20.051 20.609 20.437 20.265 20.144 20.033 20.373 20.23 20.11 20.011 19.843 19.821 19.652 19.462
167.375 21.18 21.229 21.154 20.961 20.819 20.68 21.041 20.939 20.817 20.675 20.534 20.386 20.944 20.771 20.6 20.479 20.368 20.708 20.565 20.445 20.346 20.178 20.156 19.987 19.797
171.4126 21.515 21.564 21.489 21.296 21.154 21.015 21.375 21.274 21.151 21.009 20.869 20.72 21.279 21.106 20.934 20.814 20.703 21.042 20.9 20.78 20.681 20.513 20.491 20.322 20.131
175.5476 21.849 21.899 21.824 21.631 21.489 21.349 21.71 21.609 21.486 21.344 21.204 21.055 21.614 21.441 21.269 21.149 21.038 21.377 21.235 21.115 21.016 20.848 20.826 20.657 20.466
179.7823 22.184 22.234 22.159 21.966 21.823 21.684 22.045 21.943 21.821 21.679 21.539 21.39 21.948 21.776 21.604 21.483 21.373 21.712 21.57 21.45 21.351 21.182 21.161 20.991 20.801
184.1193 22.519 22.568 22.494 22.301 22.158 22.019 22.38 22.278 22.156 22.014 21.873 21.725 22.283 22.111 21.939 21.818 21.708 22.047 21.904 21.785 21.686 21.517 21.496 21.326 21.136
188.5608 22.854 22.903 22.828 22.635 22.493 22.354 22.715 22.613 22.491 22.349 22.208 22.06 22.618 22.446 22.274 22.153 22.042 22.382 22.239 22.119 22.02 21.852 21.83 21.661 21.471
193.1095 23.189 23.238 23.163 22.97 22.828 22.689 23.05 22.948 22.826 22.684 22.543 22.395 22.953 22.78 22.609 22.488 22.377 22.717 22.574 22.454 22.355 22.187 22.165 21.996 21.806
197.7679 23.523 23.573 23.498 23.305 23.163 23.024 23.384 23.283 23.16 23.018 22.878 22.729 23.288 23.115 22.943 22.823 22.712 23.051 22.909 22.789 22.69 22.522 22.5 22.331 22.14
202.5387 23.858 23.908 23.833 23.64 23.498 23.358 23.719 23.618 23.495 23.353 23.213 23.064 23.623 23.45 23.278 23.157 23.047 23.386 23.244 23.124 23.025 22.857 22.835 22.666 22.475
207.4245 24.193 24.243 24.168 23.975 23.832 23.693 24.054 23.952 23.83 23.688 23.548 23.399 23.957 23.785 23.613 23.492 23.382 23.721 23.579 23.459 23.36 23.191 23.17 23.0 22.81
212.4283 24.528 24.577 24.503 24.31 24.167 24.028 24.389 24.287 24.165 24.023 23.882 23.734 24.292 24.12 23.948 23.827 23.716 24.056 23.913 23.794 23.695 23.526 23.505 23.335 23.145
217.5527 24.863 24.912 24.837 24.644 24.502 24.363 24.724 24.622 24.5 24.358 24.217 24.069 24.627 24.455 24.283 24.162 24.051 24.391 24.248 24.128 24.029 23.861 23.839 23.67 23.48
222.8008 25.198 25.247 25.172 24.979 24.837 24.698 25.059 24.957 24.834 24.693 24.552 24.404 24.962 24.789 24.617 24.497 24.386 24.726 24.583 24.463 24.364 24.196 24.174 24.005 23.815
228.1754 25.532 25.582 25.507 25.314 25.172 25.033 25.393 25.292 25.169 25.027 24.887 24.738 25.297 25.124 24.952 24.832 24.721 25.06 24.918 24.798 24.699 24.531 24.509 24.34 24.149
233.6797 25.867 25.917 25.842 25.649 25.507 25.367 25.728 25.627 25.504 25.362 25.222 25.073 25.632 25.459 25.287 25.166 25.056 25.395 25.253 25.133 25.034 24.866 24.844 24.675 24.484
239.3168 26.202 26.252 26.177 25.984 25.841 25.702 26.063 25.961 25.839 25.697 25.557 25.408 25.966 25.794 25.622 25.501 25.391 25.73 25.587 25.468 25.369 25.2 25.179 25.009 24.819
245.0899 26.537 26.586 26.512 26.319 26.176 26.037 26.398 26.296 26.174 26.032 25.891 25.743 26.301 26.129 25.957 25.836 25.725 26.065 25.922 25.802 25.703 25.535 25.514 25.344 25.154
251.0022 26.872 26.921 26.846 26.653 26.511 26.372 26.733 26.631 26.509 26.367 26.226 26.078 26.636 26.463 26.292 26.171 26.06 26.4 26.257 26.137 26.038 25.87 25.848 25.679 25.489
257.0572 27.207 27.256 27.181 26.988 26.846 26.707 27.068 26.966 26.843 26.702 26.561 26.412 26.971 26.798 26.626 26.506 26.395 26.735 26.592 26.472 26.373 26.205 26.183 26.014 25.823
263.2582 27.541 27.591 27.516 27.323 27.181 27.042 27.402 27.301 27.178 27.036 26.896 26.747 27.306 27.133 26.961 26.841 26.73 27.069 26.927 26.807 26.708 26.54 26.518 26.349 26.158
269.6088 27.876 27.926 27.851 27.658 27.515 27.376 27.737 27.636 27.513 27.371 27.231 27.082 27.641 27.468 27.296 27.175 27.065 27.404 27.262 27.142 27.043 26.875 26.853 26.683 26.493
276.1126 28.211 28.261 28.186 27.993 27.85 27.711 28.072 27.97 27.848 27.706 27.566 27.417 27.975 27.803 27.631 27.51 27.4 27.739 27.596 27.477 27.378 27.209 27.188 27.018 26.828
282.7734 28.546 28.595 28.52 28.328 28.185 28.046 28.407 28.305 28.183 28.041 27.9 27.752 28.31 28.138 27.966 27.845 27.734 28.074 27.931 27.811 27.712 27.544 27.522 27.353 27.163
289.5947 28.881 28.93 28.855 28.662 28.52 28.381 28.742 28.64 28.518 28.376 28.235 28.087 28.645 28.472 28.301 28.18 28.069 28.409 28.266 28.146 28.047 27.879 27.857 27.688 27.498
296.5807 29.216 29.265 29.19 28.997 28.855 28.716 29.076 28.975 28.852 28.711 28.57 28.421 28.98 28.807 28.635 28.515 28.404 28.744 28.601 28.481 28.382 28.214 28.192 28.023 27.832
303.7351 29.55 29.6 29.525 29.332 29.19 29.05 29.411 29.31 29.187 29.045 28.905 28.756 29.315 29.142 28.97 28.85 28.739 29.078 28.936 28.816 28.717 28.549 28.527 28.358 28.167
311.0622 29.885 29.935 29.86 29.667 29.524 29.385 29.746 29.644 29.522 29.38 29.24 29.091 29.649 29.477 29.305 29.184 29.074 29.413 29.271 29.151 29.052 28.883 28.862 28.692 28.502
318.566 30.22 30.269 30.195 30.002 29.859 29.72 30.081 29.979 29.857 29.715 29.575 29.426 29.984 29.812 29.64 29.519 29.409 29.748 29.605 29.486 29.387 29.218 29.197 29.027 28.837
326.2508 30.555 30.604 30.529 30.337 30.194 30.055 30.416 30.314 30.192 30.05 29.909 29.761 30.319 30.147 29.975 29.854 29.743 30.083 29.94 29.82 29.721 29.553 29.531 29.362 29.172
334.121 30.89 30.939 30.864 30.671 30.529 30.39 30.751 30.649 30.527 30.385 30.244 30.096 30.654 30.481 30.31 30.189 30.078 30.418 30.275 30.155 30.056 29.888 29.866 29.697 29.507
342.181 31.225 31.274 31.199 31.006 30.864 30.725 31.085 30.984 30.861 30.719 30.579 30.43 30.989 30.816 30.644 30.524 30.413 30.752 30.61 30.49 30.391 30.223 30.201 30.032 29.841
350.4355 31.559 31.609 31.534 31.341 31.199 31.059 31.42 31.319 31.196 31.054 30.914 30.765 31.324 31.151 30.979 30.859 30.748 31.087 30.945 30.825 30.726 30.558 30.536 30.367 30.176
358.8891 31.894 31.944 31.869 31.676 31.533 31.394 31.755 31.653 31.531 31.389 31.249 31.1 31.658 31.486 31.314 31.193 31.083 31.422 31.28 31.16 31.061 30.892 30.871 30.701 30.511
367.5467 32.229 32.278 32.204 32.011 31.868 31.729 32.09 31.988 31.866 31.724 31.583 31.435 31.993 31.821 31.649 31.528 31.418 31.757 31.614 31.495 31.396 31.227 31.206 31.036 30.846
376.4131 32.564 32.613 32.538 32.345 32.203 32.064 32.425 32.323 32.201 32.059 31.918 31.77 32.328 32.156 31.984 31.863 31.752 32.092 31.949 31.829 31.73 31.562 31.54 31.371 31.181
385.4933 32.899 32.948 32.873 32.68 32.538 32.399 32.76 32.658 32.535 32.394 32.253 32.105 32.663 32.49 32.319 32.198 32.087 32.427 32.284 32.164 32.065 31.897 31.875 31.706 31.516
394.7926 33.233 33.283 33.208 33.015 32.873 32.734 33.094 32.993 32.87 32.728 32.588 32.439 32.998 32.825 32.653 32.533 32.422 32.761 32.619 32.499 32.4 32.232 32.21 32.041 31.85
404.3163 33.568 33.618 33.543 33.35 33.208 33.068 33.429 33.328 33.205 33.063 32.923 32.774 33.333 33.16 32.988 32.867 32.757 33.096 32.954 32.834 32.735 32.567 32.545 32.376 32.185
414.0697 33.903 33.953 33.878 33.685 33.542 33.403 33.764 33.662 33.54 33.398 33.258 33.109 33.667 33.495 33.323 33.202 33.092 33.431 33.289 33.169 33.07 32.901 32.88 32.71 32.52
424.0583 34.238 34.287 34.213 34.02 33.877 33.738 34.099 33.997 33.875 33.733 33.592 33.444 34.002 33.83 33.658 33.537 33.426 33.766 33.623 33.504 33.404 33.236 33.215 33.045 32.855
434.2879 34.573 34.622 34.547 34.354 34.212 34.073 34.434 34.332 34.21 34.068 33.927 33.779 34.337 34.164 33.993 33.872 33.761 34.101 33.958 33.838 33.739 33.571 33.549 33.38 33.19
444.7643 34.908 34.957 34.882 34.689 34.547 34.408 34.769 34.667 34.544 34.403 34.262 34.114 34.672 34.499 34.327 34.207 34.096 34.436 34.293 34.173 34.074 33.906 33.884 33.715 33.524
455.4934 35.242 35.292 35.217 35.024 34.882 34.743 35.103 35.002 34.879 34.737 34.597 34.448 35.007 34.834 34.662 34.542 34.431 34.77 34.628 34.508 34.409 34.241 34.219 34.05 33.859
466.4814 35.577 35.627 35.552 35.359 35.216 35.077 35.438 35.337 35.214 35.072 34.932 34.783 35.342 35.169 34.997 34.876 34.766 35.105 34.963 34.843 34.744 34.576 34.554 34.385 34.194
477.7344 35.912 35.962 35.887 35.694 35.551 35.412 35.773 35.671 35.549 35.407 35.267 35.118 35.676 35.504 35.332 35.211 35.101 35.44 35.297 35.178 35.079 34.91 34.889 34.719 34.529
489.2588 36.247 36.296 36.222 36.029 35.886 35.747 36.108 36.006 35.884 35.742 35.601 35.453 36.011 35.839 35.667 35.546 35.435 35.775 35.632 35.512 35.413 35.245 35.223 35.054 34.864
501.0613 36.582 36.631 36.556 36.363 36.221 36.082 36.443 36.341 36.219 36.077 35.936 35.788 36.346 36.173 36.002 35.881 35.77 36.11 35.967 35.847 35.748 35.58 35.558 35.389 35.199
513.1485 36.917 36.966 36.891 36.698 36.556 36.417 36.777 36.676 36.553 36.412 36.271 36.122 36.681 36.508 36.336 36.216 36.105 36.445 36.302 36.182 36.083 35.915 35.893 35.724 35.533
525.5272 37.251 37.301 37.226 37.033 36.891 36.752 37.112 37.011 36.888 36.746 36.606 36.457 37.016 36.843 36.671 36.551 36.44 36.779 36.637 36.517 36.418 36.25 36.228 36.059 35.868
538.2046 37.586 37.636 37.561 37.368 37.225 37.086 37.447 37.345 37.223 37.081 36.941 36.792 37.351 37.178 37.006 36.885 36.775 37.114 36.972 36.852 36.753 36.584 36.563 36.393 36.203
551.1878 37.921 37.971 37.896 37.703 37.56 37.421 37.782 37.68 37.558 37.416 37.276 37.127 37.685 37.513 37.341 37.22 37.11 37.449 37.306 37.187 37.088 36.919 36.898 36.728 36.538
564.4842 38.256 38.305 38.23 38.038 37.895 37.756 38.117 38.015 37.893 37.751 37.61 37.462 38.02 37.848 37.676 37.555 37.444 37.784 37.641 37.521 37.422 37.254 37.232 37.063 36.873
578.1013 38.591 38.64 38.565 38.372 38.23 38.091 38.452 38.35 38.228 38.086 37.945 37.797 38.355 38.182 38.011 37.89 37.779 38.119 37.976 37.856 37.757 37.589 37.567 37.398 37.208
592.0469 38.926 38.975 38.9 38.707 38.565 38.426 38.786 38.685 38.562 38.42 38.28 38.131 38.69 38.517 38.345 38.225 38.114 38.453 38.311 38.191 38.092 37.924 37.902 37.733 37.542
606.329 39.26 39.31 39.235 39.042 38.9 38.76 39.121 39.02 38.897 38.755 38.615 38.466 39.025 38.852 38.68 38.56 38.449 38.788 38.646 38.526 38.427 38.259 38.237 38.068 37.877
620.9555 39.595 39.645 39.57 39.377 39.234 39.095 39.456 39.354 39.232 39.09 38.95 38.801 39.359 39.187 39.015 38.894 38.784 39.123 38.981 38.861 38.762 38.593 38.572 38.402 38.212
635.9349 39.93 39.979 39.905 39.712 39.569 39.43 39.791 39.689 39.567 39.425 39.284 39.136 39.694 39.522 39.35 39.229 39.119 39.458 39.315 39.196 39.097 38.928 38.907 38.737 38.547
651.2757 40.265 40.314 40.239 40.046 39.904 39.765 40.126 40.024 39.902 39.76 39.619 39.471 40.029 39.857 39.685 39.564 39.453 39.793 39.65 39.53 39.431 39.263 39.241 39.072 38.882
666.9865 40.6 40.649 40.574 40.381 40.239 40.1 40.461 40.359 40.236 40.095 39.954 39.806 40.364 40.191 40.02 39.899 39.788 40.128 39.985 39.865 39.766 39.598 39.576 39.407 39.217
683.0763 40.934 40.984 40.909 40.716 40.574 40.435 40.795 40.694 40.571 40.429 40.289 40.14 40.699 40.526 40.354 40.234 40.123 40.462 40.32 40.2 40.101 39.933 39.911 39.742 39.551
699.5543 41.269 41.319 41.244 41.051 40.909 40.769 41.13 41.029 40.906 40.764 40.624 40.475 41.034 40.861 40.689 40.568 40.458 40.797 40.655 40.535 40.436 40.268 40.246 40.077 39.886
716.4297 41.604 41.654 41.579 41.386 41.243 41.104 41.465 41.363 41.241 41.099 40.959 40.81 41.368 41.196 41.024 40.903 40.793 41.132 40.99 40.87 40.771 40.602 40.581 40.411 40.221
733.7123 41.939 41.988 41.914 41.721 41.578 41.439 41.8 41.698 41.576 41.434 41.293 41.145 41.703 41.531 41.359 41.238 41.127 41.467 41.324 41.205 41.106 40.937 40.916 40.746 40.556
751.4117 42.274 42.323 42.248 42.055 41.913 41.774 42.135 42.033 41.911 41.769 41.628 41.48 42.038 41.866 41.694 41.573 41.462 41.802 41.659 41.539 41.44 41.272 41.25 41.081 40.891
769.5381 42.609 42.658 42.583 42.39 42.248 42.109 42.47 42.368 42.245 42.104 41.963 41.815 42.373 42.2 42.028 41.908 41.797 42.137 41.994 41.874 41.775 41.607 41.585 41.416 41.226
788.1018 42.943 42.993 42.918 42.725 42.583 42.444 42.804 42.703 42.58 42.438 42.298 42.149 42.708 42.535 42.363 42.243 42.132 42.471 42.329 42.209 42.11 41.942 41.92 41.751 41.56
807.1133 43.278 43.328 43.253 43.06 42.918 42.778 43.139 43.038 42.915 42.773 42.633 42.484 43.043 42.87 42.698 42.577 42.467 42.806 42.664 42.544 42.445 42.277 42.255 42.086 41.895
826.5834 43.613 43.663 43.588 43.395 43.252 43.113 43.474 43.372 43.25 43.108 42.968 42.819 43.377 43.205 43.033 42.912 42.802 43.141 42.998 42.879 42.78 42.611 42.59 42.42 42.23
846.5232 43.948 43.997 43.923 43.73 43.587 43.448 43.809 43.707 43.585 43.443 43.302 43.154 43.712 43.54 43.368 43.247 43.136 43.476 43.333 43.213 43.114 42.946 42.924 42.755 42.565
866.944 44.283 44.332 44.257 44.064 43.922 43.783 44.144 44.042 43.92 43.778 43.637 43.489 44.047 43.874 43.703 43.582 43.471 43.811 43.668 43.548 43.449 43.281 43.259 43.09 42.9
887.8575 44.618 44.667 44.592 44.399 44.257 44.118 44.479 44.377 44.254 44.113 43.972 43.823 44.382 44.209 44.037 43.917 43.806 44.146 44.003 43.883 43.784 43.616 43.594 43.425 43.234
909.2754 44.952 45.002 44.927 44.734 44.592 44.453 44.813 44.712 44.589 44.447 44.307 44.158 44.717 44.544 44.372 44.252 44.141 44.48 44.338 44.218 44.119 43.951 43.929 43.76 43.569
931.21 45.287 45.337 45.262 45.069 44.926 44.787 45.148 45.047 44.924 44.782 44.642 44.493 45.052 44.879 44.707 44.586 44.476 44.815 44.673 44.553 44.454 44.286 44.264 44.094 43.904
953.6737 45.622 45.672 45.597 45.404 45.261 45.122 45.483 45.381 45.259 45.117 44.977 44.828 45.386 45.214 45.042 44.921 44.811 45.15 45.007 44.888 44.789 44.62 44.599 44.429 44.239
976.6793 45.957 46.006 45.931 45.739 45.596 45.457 45.818 45.716 45.594 45.452 45.311 45.163 45.721 45.549 45.377 45.256 45.145 45.485 45.342 45.222 45.123 44.955 44.933 44.764 44.574
1000.2399 46.292 46.341 46.266 46.073 45.931 45.792 46.153 46.051 45.929 45.787 45.646 45.498 46.056 45.883 45.712 45.591 45.48 45.82 45.677 45.557 45.458 45.29 45.268 45.099 44.909
1024.3688 46.627 46.676 46.601 46.408 46.266 46.127 46.487 46.386 46.263 46.122 45.981 45.832 46.391 46.218 46.046 45.926 45.815 46.155 46.012 45.892 45.793 45.625 45.603 45.434 45.243
1049.0798 46.961 47.011 46.936 46.743 46.601 46.461 46.822 46.721 46.598 46.456 46.316 46.167 46.726 46.553 46.381 46.261 46.15 46.489 46.347 46.227 46.128 45.96 45.938 45.769 45.578
1074.3869 47.296 47.346 47.271 47.078 46.935 46.796 47.157 47.055 46.933 46.791 46.651 46.502 47.06 46.888 46.716 46.595 46.485 46.824 46.682 46.562 46.463 46.294 46.273 46.103 45.913
1100.3045 47.631 47.68 47.606 47.413 47.27 47.131 47.492 47.39 47.268 47.126 46.986 46.837 47.395 47.223 47.051 46.93 46.82 47.159 47.016 46.897 46.798 46.629 46.608 46.438 46.248
1126.8473 47.966 48.015 47.94 47.748 47.605 47.466 47.827 47.725 47.603 47.461 47.32 47.172 47.73 47.558 47.386 47.265 47.154 47.494 47.351 47.231 47.132 46.964 46.942 46.773 46.583
1154.0304 48.301 48.35 48.275 48.082 47.94 47.801 48.162 48.06 47.938 47.796 47.655 47.507 48.065 47.892 47.721 47.6 47.489 47.829 47.686 47.566 47.467 47.299 47.277 47.108 46.918
1181.8693 48.636 48.685 48.61 48.417 48.275 48.136 48.496 48.395 48.272 48.13 47.99 47.841 48.4 48.227 48.055 47.935 47.824 48.163 48.021 47.901 47.802 47.634 47.612 47.443 47.252
1210.3797 48.97 49.02 48.945 48.752 48.61 48.47 48.831 48.73 48.607 48.465 48.325 48.176 48.735 48.562 48.39 48.27 48.159 48.498 48.356 48.236 48.137 47.969 47.947 47.778 47.587
1239.5778 49.305 49.355 49.28 49.087 48.944 48.805 49.166 49.064 48.942 48.8 48.66 48.511 49.069 48.897 48.725 48.604 48.494 48.833 48.691 48.571 48.472 48.303 48.282 48.112 47.922
1269.4803 49.64 49.689 49.615 49.422 49.279 49.14 49.501 49.399 49.277 49.135 48.994 48.846 49.404 49.232 49.06 48.939 48.829 49.168 49.025 48.906 48.807 48.638 48.617 48.447 48.257
1300.1042 49.975 50.024 49.949 49.756 49.614 49.475 49.836 49.734 49.612 49.47 49.329 49.181 49.739 49.567 49.395 49.274 49.163 49.503 49.36 49.24 49.141 48.973 48.951 48.782 48.592
1331.4668 50.31 50.359 50.284 50.091 49.949 49.81 50.171 50.069 49.946 49.805 49.664 49.516 50.074 49.901 49.73 49.609 49.498 49.838 49.695 49.575 49.476 49.308 49.286 49.117 48.927
1363.586 50.644 50.694 50.619 50.426 50.284 50.145 50.505 50.404 50.281 50.139 49.999 49.85 50.409 50.236 50.064 49.944 49.833 50.172 50.03 49.91 49.811 49.643 49.621 49.452 49.261
1396.48 50.979 51.029 50.954 50.761 50.619 50.479 50.84 50.739 50.616 50.474 50.334 50.185 50.744 50.571 50.399 50.278 50.168 50.507 50.365 50.245 50.146 49.978 49.956 49.787 49.596
1430.1675 51.314 51.364 51.289 51.096 50.953 50.814 51.175 51.073 50.951 50.809 50.669 50.52 51.078 50.906 50.734 50.613 50.503 50.842 50.7 50.58 50.481 50.312 50.291 50.121 49.931
1464.6676 51.649 51.698 51.624 51.431 51.288 51.149 51.51 51.408 51.286 51.144 51.003 50.855 51.413 51.241 51.069 50.948 50.837 51.177 51.034 50.915 50.815 50.647 50.626 50.456 50.266
1500.0 51.984 52.033 51.958 51.765 51.623 51.484 51.845 51.743 51.621 51.479 51.338 51.19 51.748 51.575 51.404 51.283 51.172 51.512 51.369 51.249 51.15 50.982 50.96 50.791 50.601
