# %ECSV 1.0
# ---
# datatype:
# - {name: time, datatype: float64}
# - {name: swift_uvot_uvw2, datatype: float64}
# - {name: swift_uvot_uvm2, datatype: float64}
# - {name: swift_uvot_uvw1, datatype: float64}
# - {name: swift_uvot_U, datatype: float64}
# - {name: swift_uvot_B, datatype: float64}
# - {name: swift_uvot_V, datatype: float64}
# - {name: swift_uvot_W, datatype: float64}
# - {name: johnson_U, datatype: float64}
# - {name: johnson_B, datatype: float64}
# - {name: johnson_V, datatype: float64}
# - {name: johnson_R, datatype: float64}
# - {name: johnson_I, datatype: float64}
# - {name: sdss_u, datatype: float64}
# - {name: sdss_g, datatype: float64}
# - {name: sdss_r, datatype: float64}
# - {name: sdss_i, datatype: float64}
# - {name: sdss_z, datatype: float64}
# - {name: PS1_g, datatype: float64}
# - {name: PS1_r, datatype: float64}
# - {name: PS1_i, datatype: float64}
# - {name: PS1_z, datatype: float64}
# - {name: PS1_Y, datatype: float64}
# - {name: PS1_w, datatype: float64}
# - {name: ATLAS_c, datatype: float64}
# - {name: ATLAS_o, datatype: float64}
# - {name: ukirt_J, datatype: float64}
# - {name: ukirt_H, datatype: float64}
# - {name: ukirt_K, datatype: float64}
# - {name: Clear, datatype: float64}
# meta: !!omap
# - comment: [kappa = 1.0, type = villar, mass = 0.009763877790252312, velocity = 0.359, theta_obs = 0.0]
# schema: astropy-2.0
time swift_uvot_uvw2 swift_uvot_uvm2 swift_uvot_uvw1 swift_uvot_U swift_uvot_B swift_uvot_V swift_uvot_W johnson_U johnson_B johnson_V johnson_R johnson_I sdss_u sdss_g sdss_r sdss_i sdss_z PS1_g PS1_r PS1_i PS1_z PS1_Y PS1_w ATLAS_c ATLAS_o ukirt_J ukirt_H ukirt_K Clear
0.001 nan nan nan nan nan nan nan nan nan nan nan nan nan nan nan nan nan nan nan nan nan nan nan nan nan nan nan nan nan
0.00103 -4.653 -4.754 -4.807 -4.836 -4.696 -4.476 -4.721 -4.82 -4.693 -4.468 -4.189 -3.837 -4.826 -4.629 -4.321 -4.055 -3.785 -4.616 -4.336 -4.071 -3.875 -3.798 -4.342 -4.51 -4.21 -3.21 -2.717 -2.131 -4.384
0.001061 -5.406 -5.437 -5.432 -5.336 -5.134 -4.867 -5.311 -5.31 -5.13 -4.858 -4.547 -4.167 -5.316 -5.051 -4.692 -4.399 -4.111 -5.034 -4.711 -4.422 -4.215 -4.151 -4.724 -4.911 -4.57 -3.508 -3.0 -2.402 -4.776
0.001094 -5.816 -5.809 -5.777 -5.621 -5.39 -5.101 -5.645 -5.59 -5.386 -5.091 -4.765 -4.371 -5.597 -5.299 -4.916 -4.611 -4.313 -5.282 -4.938 -4.638 -4.428 -4.374 -4.954 -5.15 -4.79 -3.698 -3.183 -2.579 -5.011
0.001127 -6.098 -6.067 -6.02 -5.827 -5.577 -5.275 -5.881 -5.792 -5.573 -5.265 -4.93 -4.527 -5.8 -5.482 -5.083 -4.771 -4.468 -5.465 -5.108 -4.801 -4.59 -4.544 -5.125 -5.327 -4.955 -3.845 -3.326 -2.717 -5.185
0.001161 -6.316 -6.268 -6.21 -5.991 -5.729 -5.417 -6.067 -5.954 -5.725 -5.407 -5.066 -4.658 -5.962 -5.63 -5.222 -4.904 -4.597 -5.614 -5.249 -4.937 -4.725 -4.686 -5.266 -5.471 -5.091 -3.968 -3.447 -2.836 -5.328
0.001196 -6.495 -6.433 -6.367 -6.13 -5.859 -5.54 -6.222 -6.091 -5.855 -5.53 -5.184 -4.772 -6.1 -5.758 -5.342 -5.021 -4.711 -5.742 -5.371 -5.056 -4.844 -4.811 -5.388 -5.596 -5.21 -4.078 -3.554 -2.942 -5.452
0.001232 -6.647 -6.576 -6.504 -6.252 -5.974 -5.651 -6.357 -6.212 -5.97 -5.641 -5.291 -4.875 -6.221 -5.872 -5.45 -5.126 -4.814 -5.856 -5.48 -5.163 -4.95 -4.922 -5.498 -5.707 -5.317 -4.178 -3.652 -3.039 -5.563
0.001269 -6.782 -6.702 -6.625 -6.362 -6.079 -5.752 -6.477 -6.321 -6.075 -5.741 -5.389 -4.971 -6.33 -5.975 -5.549 -5.223 -4.909 -5.959 -5.58 -5.261 -5.049 -5.025 -5.598 -5.809 -5.415 -4.271 -3.744 -3.129 -5.664
0.001308 -6.902 -6.816 -6.736 -6.463 -6.176 -5.846 -6.587 -6.422 -6.172 -5.835 -5.481 -5.061 -6.431 -6.071 -5.642 -5.314 -4.999 -6.056 -5.674 -5.353 -5.141 -5.12 -5.691 -5.904 -5.507 -4.359 -3.83 -3.215 -5.758
0.001347 -7.012 -6.92 -6.837 -6.558 -6.267 -5.934 -6.688 -6.516 -6.263 -5.924 -5.568 -5.146 -6.525 -6.162 -5.729 -5.4 -5.084 -6.146 -5.762 -5.44 -5.228 -5.21 -5.779 -5.993 -5.594 -4.442 -3.913 -3.297 -5.847
0.001388 -7.114 -7.017 -6.932 -6.647 -6.353 -6.018 -6.782 -6.605 -6.35 -6.008 -5.65 -5.228 -6.613 -6.247 -5.812 -5.482 -5.165 -6.232 -5.846 -5.524 -5.312 -5.296 -5.863 -6.078 -5.676 -4.522 -3.992 -3.375 -5.931
0.00143 -7.209 -7.109 -7.021 -6.731 -6.436 -6.099 -6.871 -6.689 -6.432 -6.089 -5.73 -5.306 -6.698 -6.329 -5.892 -5.561 -5.243 -6.314 -5.926 -5.603 -5.391 -5.378 -5.944 -6.159 -5.756 -4.599 -4.069 -3.452 -6.012
0.001473 -7.298 -7.195 -7.106 -6.812 -6.515 -6.177 -6.955 -6.769 -6.511 -6.166 -5.807 -5.382 -6.778 -6.407 -5.969 -5.637 -5.319 -6.393 -6.004 -5.68 -5.469 -5.457 -6.021 -6.237 -5.833 -4.674 -4.144 -3.526 -6.09
0.001518 -7.382 -7.277 -7.187 -6.89 -6.591 -6.252 -7.036 -6.847 -6.587 -6.242 -5.881 -5.456 -6.856 -6.483 -6.044 -5.711 -5.393 -6.469 -6.079 -5.755 -5.543 -5.533 -6.096 -6.312 -5.907 -4.747 -4.216 -3.598 -6.165
0.001564 -7.463 -7.355 -7.264 -6.965 -6.665 -6.325 -7.113 -6.922 -6.661 -6.315 -5.953 -5.527 -6.931 -6.557 -6.117 -5.783 -5.465 -6.543 -6.152 -5.828 -5.616 -5.607 -6.169 -6.385 -5.98 -4.819 -4.287 -3.669 -6.238
0.001611 -7.54 -7.431 -7.339 -7.038 -6.737 -6.396 -7.188 -6.994 -6.733 -6.386 -6.024 -5.598 -7.003 -6.629 -6.188 -5.854 -5.535 -6.614 -6.223 -5.898 -5.687 -5.678 -6.24 -6.457 -6.051 -4.888 -4.357 -3.738 -6.31
0.00166 -7.613 -7.503 -7.411 -7.109 -6.807 -6.466 -7.26 -7.065 -6.803 -6.455 -6.093 -5.667 -7.074 -6.699 -6.257 -5.923 -5.604 -6.684 -6.293 -5.968 -5.756 -5.748 -6.31 -6.526 -6.12 -4.957 -4.425 -3.806 -6.379
0.00171 -7.685 -7.574 -7.481 -7.178 -6.875 -6.534 -7.33 -7.134 -6.872 -6.524 -6.161 -5.734 -7.143 -6.767 -6.325 -5.991 -5.671 -6.753 -6.361 -6.036 -5.824 -5.817 -6.378 -6.595 -6.188 -5.024 -4.493 -3.874 -6.448
0.001761 -7.753 -7.642 -7.549 -7.245 -6.943 -6.601 -7.398 -7.201 -6.939 -6.59 -6.228 -5.801 -7.21 -6.834 -6.392 -6.057 -5.738 -6.82 -6.428 -6.103 -5.891 -5.884 -6.445 -6.662 -6.255 -5.091 -4.559 -3.94 -6.515
0.001815 -7.82 -7.709 -7.616 -7.311 -7.008 -6.666 -7.464 -7.267 -7.005 -6.656 -6.294 -5.867 -7.276 -6.9 -6.458 -6.123 -5.804 -6.886 -6.493 -6.168 -5.957 -5.95 -6.51 -6.727 -6.32 -5.156 -4.624 -4.006 -6.58
0.00187 -7.885 -7.773 -7.68 -7.376 -7.073 -6.731 -7.529 -7.332 -7.069 -6.721 -6.358 -5.931 -7.341 -6.965 -6.522 -6.188 -5.868 -6.951 -6.558 -6.233 -6.022 -6.015 -6.575 -6.792 -6.385 -5.221 -4.689 -4.07 -6.645
0.001926 -7.948 -7.837 -7.744 -7.439 -7.137 -6.795 -7.592 -7.396 -7.133 -6.785 -6.422 -5.995 -7.405 -7.028 -6.586 -6.252 -5.932 -7.014 -6.622 -6.297 -6.085 -6.078 -6.639 -6.856 -6.449 -5.285 -4.753 -4.134 -6.709
0.001984 -8.009 -7.899 -7.806 -7.502 -7.2 -6.858 -7.654 -7.458 -7.196 -6.848 -6.485 -6.059 -7.467 -7.091 -6.649 -6.315 -5.996 -7.077 -6.685 -6.36 -6.149 -6.141 -6.702 -6.919 -6.512 -5.349 -4.817 -4.198 -6.772
0.002044 -8.069 -7.959 -7.867 -7.564 -7.262 -6.92 -7.715 -7.52 -7.258 -6.91 -6.548 -6.121 -7.529 -7.153 -6.712 -6.377 -6.058 -7.139 -6.747 -6.422 -6.211 -6.203 -6.764 -6.981 -6.574 -5.411 -4.879 -4.261 -6.834
0.002106 -8.128 -8.019 -7.927 -7.624 -7.323 -6.982 -7.775 -7.581 -7.319 -6.972 -6.61 -6.183 -7.59 -7.215 -6.773 -6.439 -6.12 -7.2 -6.809 -6.484 -6.272 -6.264 -6.826 -7.043 -6.636 -5.473 -4.942 -4.323 -6.895
0.00217 -8.186 -8.077 -7.985 -7.684 -7.383 -7.043 -7.834 -7.641 -7.38 -7.032 -6.671 -6.244 -7.65 -7.275 -6.834 -6.5 -6.182 -7.261 -6.87 -6.545 -6.333 -6.325 -6.887 -7.103 -6.697 -5.535 -5.004 -4.385 -6.956
0.002236 -8.242 -8.134 -8.043 -7.743 -7.443 -7.103 -7.892 -7.7 -7.439 -7.093 -6.731 -6.305 -7.709 -7.335 -6.895 -6.561 -6.242 -7.321 -6.93 -6.605 -6.394 -6.385 -6.947 -7.163 -6.758 -5.596 -5.065 -4.446 -7.017
0.002303 -8.297 -8.191 -8.1 -7.802 -7.502 -7.163 -7.949 -7.759 -7.499 -7.152 -6.791 -6.366 -7.768 -7.395 -6.955 -6.621 -6.303 -7.38 -6.99 -6.665 -6.454 -6.444 -7.007 -7.223 -6.818 -5.657 -5.126 -4.507 -7.076
0.002373 -8.352 -8.246 -8.157 -7.86 -7.561 -7.222 -8.006 -7.817 -7.557 -7.212 -6.851 -6.426 -7.825 -7.453 -7.014 -6.681 -6.363 -7.439 -7.049 -6.725 -6.513 -6.503 -7.066 -7.282 -6.877 -5.717 -5.186 -4.568 -7.135
0.002445 -8.405 -8.301 -8.212 -7.917 -7.619 -7.28 -8.061 -7.874 -7.615 -7.27 -6.91 -6.485 -7.883 -7.512 -7.073 -6.74 -6.422 -7.497 -7.108 -6.784 -6.572 -6.561 -7.125 -7.341 -6.936 -5.777 -5.246 -4.628 -7.194
0.002519 -8.458 -8.355 -8.267 -7.974 -7.677 -7.339 -8.116 -7.931 -7.673 -7.328 -6.969 -6.544 -7.94 -7.569 -7.132 -6.799 -6.482 -7.555 -7.166 -6.842 -6.631 -6.619 -7.183 -7.399 -6.995 -5.837 -5.306 -4.688 -7.252
0.002595 -8.509 -8.408 -8.321 -8.03 -7.734 -7.396 -8.17 -7.987 -7.73 -7.386 -7.027 -6.603 -7.996 -7.627 -7.19 -6.858 -6.54 -7.612 -7.224 -6.901 -6.689 -6.676 -7.241 -7.456 -7.053 -5.896 -5.366 -4.748 -7.31
0.002673 -8.56 -8.461 -8.374 -8.085 -7.79 -7.454 -8.224 -8.043 -7.786 -7.444 -7.085 -6.661 -8.052 -7.684 -7.247 -6.916 -6.599 -7.669 -7.281 -6.958 -6.747 -6.733 -7.299 -7.514 -7.111 -5.955 -5.425 -4.808 -7.367
0.002754 -8.61 -8.513 -8.427 -8.141 -7.846 -7.511 -8.277 -8.098 -7.843 -7.501 -7.143 -6.719 -8.107 -7.74 -7.305 -6.974 -6.657 -7.725 -7.338 -7.016 -6.804 -6.789 -7.356 -7.57 -7.169 -6.014 -5.484 -4.867 -7.424
0.002837 -8.66 -8.564 -8.479 -8.195 -7.902 -7.567 -8.329 -8.153 -7.898 -7.557 -7.2 -6.777 -8.162 -7.796 -7.362 -7.031 -6.715 -7.781 -7.395 -7.073 -6.861 -6.845 -7.413 -7.627 -7.226 -6.072 -5.542 -4.926 -7.481
0.002923 -8.709 -8.615 -8.531 -8.249 -7.958 -7.624 -8.381 -8.207 -7.954 -7.614 -7.257 -6.835 -8.216 -7.852 -7.419 -7.089 -6.772 -7.837 -7.452 -7.13 -6.918 -6.901 -7.469 -7.683 -7.283 -6.13 -5.601 -4.984 -7.537
0.003012 -8.757 -8.665 -8.582 -8.303 -8.013 -7.68 -8.433 -8.261 -8.009 -7.67 -7.313 -6.892 -8.27 -7.907 -7.475 -7.145 -6.83 -7.892 -7.508 -7.186 -6.974 -6.956 -7.525 -7.739 -7.339 -6.188 -5.659 -5.043 -7.593
0.003103 -8.804 -8.715 -8.633 -8.357 -8.067 -7.735 -8.484 -8.315 -8.064 -7.725 -7.37 -6.949 -8.324 -7.962 -7.531 -7.202 -6.887 -7.947 -7.563 -7.242 -7.03 -7.011 -7.581 -7.794 -7.396 -6.246 -5.717 -5.101 -7.648
0.003196 -8.851 -8.764 -8.683 -8.41 -8.122 -7.791 -8.534 -8.368 -8.118 -7.781 -7.426 -7.006 -8.377 -8.017 -7.587 -7.258 -6.944 -8.001 -7.619 -7.298 -7.086 -7.066 -7.637 -7.849 -7.452 -6.303 -5.775 -5.159 -7.704
0.003293 -8.898 -8.812 -8.733 -8.462 -8.176 -7.846 -8.584 -8.421 -8.172 -7.836 -7.482 -7.062 -8.43 -8.071 -7.642 -7.315 -7.0 -8.056 -7.674 -7.354 -7.142 -7.12 -7.692 -7.904 -7.508 -6.36 -5.832 -5.217 -7.759
0.003393 -8.943 -8.86 -8.782 -8.515 -8.229 -7.901 -8.634 -8.474 -8.226 -7.891 -7.537 -7.118 -8.482 -8.125 -7.698 -7.37 -7.056 -8.11 -7.729 -7.41 -7.197 -7.175 -7.747 -7.959 -7.563 -6.417 -5.889 -5.274 -7.813
0.003495 -8.989 -8.908 -8.831 -8.567 -8.283 -7.955 -8.683 -8.526 -8.279 -7.945 -7.592 -7.174 -8.535 -8.179 -7.753 -7.426 -7.113 -8.163 -7.784 -7.465 -7.252 -7.229 -7.801 -8.013 -7.618 -6.474 -5.947 -5.332 -7.868
0.003601 -9.033 -8.955 -8.88 -8.618 -8.336 -8.01 -8.732 -8.578 -8.332 -7.999 -7.648 -7.23 -8.587 -8.233 -7.807 -7.482 -7.168 -8.217 -7.838 -7.52 -7.307 -7.282 -7.856 -8.067 -7.673 -6.53 -6.004 -5.389 -7.922
0.00371 -9.078 -9.002 -8.928 -8.67 -8.389 -8.064 -8.78 -8.63 -8.385 -8.054 -7.702 -7.286 -8.638 -8.286 -7.862 -7.537 -7.224 -8.27 -7.892 -7.574 -7.362 -7.336 -7.91 -8.121 -7.728 -6.587 -6.06 -5.446 -7.976
0.003822 -9.122 -9.048 -8.975 -8.721 -8.442 -8.117 -8.828 -8.681 -8.438 -8.107 -7.757 -7.341 -8.689 -8.339 -7.916 -7.592 -7.28 -8.323 -7.946 -7.629 -7.417 -7.389 -7.964 -8.174 -7.783 -6.643 -6.117 -5.503 -8.03
0.003938 -9.165 -9.094 -9.022 -8.771 -8.494 -8.171 -8.876 -8.732 -8.49 -8.161 -7.812 -7.396 -8.74 -8.392 -7.97 -7.647 -7.335 -8.376 -8.0 -7.683 -7.471 -7.442 -8.018 -8.228 -7.837 -6.699 -6.173 -5.56 -8.083
0.004057 -9.208 -9.139 -9.069 -8.822 -8.546 -8.224 -8.923 -8.783 -8.542 -8.214 -7.866 -7.451 -8.791 -8.444 -8.024 -7.701 -7.39 -8.428 -8.054 -7.738 -7.525 -7.495 -8.072 -8.281 -7.891 -6.755 -6.23 -5.616 -8.136
0.00418 -9.25 -9.184 -9.116 -8.872 -8.598 -8.277 -8.97 -8.833 -8.594 -8.268 -7.92 -7.506 -8.841 -8.497 -8.078 -7.756 -7.445 -8.48 -8.107 -7.791 -7.579 -7.548 -8.125 -8.334 -7.945 -6.811 -6.286 -5.673 -8.189
0.004306 -9.292 -9.229 -9.162 -8.922 -8.649 -8.33 -9.017 -8.883 -8.646 -8.32 -7.974 -7.561 -8.891 -8.549 -8.132 -7.81 -7.5 -8.532 -8.16 -7.845 -7.633 -7.601 -8.178 -8.386 -7.999 -6.866 -6.342 -5.729 -8.242
0.004436 -9.334 -9.273 -9.208 -8.971 -8.701 -8.383 -9.063 -8.933 -8.697 -8.373 -8.027 -7.615 -8.941 -8.6 -8.185 -7.864 -7.555 -8.584 -8.213 -7.899 -7.687 -7.653 -8.231 -8.439 -8.053 -6.922 -6.398 -5.786 -8.295
0.00457 -9.375 -9.317 -9.253 -9.021 -8.752 -8.436 -9.109 -8.983 -8.748 -8.426 -8.081 -7.67 -8.991 -8.652 -8.238 -7.918 -7.609 -8.636 -8.266 -7.952 -7.74 -7.706 -8.284 -8.491 -8.106 -6.977 -6.454 -5.842 -8.347
0.004709 -9.415 -9.36 -9.298 -9.07 -8.803 -8.488 -9.154 -9.032 -8.799 -8.478 -8.134 -7.724 -9.04 -8.704 -8.291 -7.972 -7.663 -8.687 -8.319 -8.006 -7.794 -7.758 -8.336 -8.543 -8.16 -7.032 -6.509 -5.898 -8.4
0.004851 -9.456 -9.404 -9.343 -9.118 -8.854 -8.54 -9.2 -9.081 -8.85 -8.53 -8.187 -7.778 -9.089 -8.755 -8.344 -8.025 -7.718 -8.738 -8.371 -8.059 -7.847 -7.81 -8.389 -8.595 -8.213 -7.087 -6.565 -5.954 -8.452
0.004998 -9.495 -9.446 -9.387 -9.167 -8.904 -8.592 -9.245 -9.13 -8.901 -8.582 -8.24 -7.832 -9.138 -8.806 -8.397 -8.079 -7.772 -8.789 -8.424 -8.112 -7.9 -7.862 -8.441 -8.646 -8.266 -7.142 -6.62 -6.01 -8.504
0.005149 -9.535 -9.489 -9.432 -9.215 -8.955 -8.644 -9.289 -9.179 -8.951 -8.634 -8.293 -7.886 -9.187 -8.857 -8.449 -8.132 -7.826 -8.84 -8.476 -8.165 -7.953 -7.913 -8.493 -8.698 -8.318 -7.197 -6.676 -6.065 -8.555
0.005305 -9.574 -9.531 -9.475 -9.263 -9.005 -8.696 -9.334 -9.227 -9.001 -8.686 -8.346 -7.94 -9.235 -8.907 -8.501 -8.185 -7.88 -8.89 -8.528 -8.217 -8.006 -7.965 -8.545 -8.749 -8.371 -7.252 -6.731 -6.121 -8.607
0.005465 -9.613 -9.572 -9.519 -9.311 -9.055 -8.747 -9.378 -9.275 -9.051 -8.737 -8.399 -7.993 -9.283 -8.958 -8.554 -8.238 -7.933 -8.941 -8.58 -8.27 -8.058 -8.016 -8.597 -8.8 -8.424 -7.307 -6.786 -6.176 -8.658
0.00563 -9.651 -9.614 -9.562 -9.359 -9.104 -8.798 -9.421 -9.323 -9.101 -8.789 -8.451 -8.046 -9.331 -9.008 -8.606 -8.291 -7.987 -8.991 -8.631 -8.322 -8.111 -8.068 -8.648 -8.851 -8.476 -7.361 -6.841 -6.232 -8.709
0.005801 -9.689 -9.655 -9.605 -9.406 -9.154 -8.85 -9.465 -9.371 -9.15 -8.84 -8.503 -8.1 -9.379 -9.058 -8.657 -8.344 -8.04 -9.041 -8.683 -8.375 -8.163 -8.119 -8.7 -8.902 -8.528 -7.415 -6.896 -6.287 -8.76
0.005976 -9.727 -9.695 -9.647 -9.453 -9.203 -8.901 -9.508 -9.418 -9.199 -8.891 -8.555 -8.153 -9.426 -9.108 -8.709 -8.397 -8.093 -9.091 -8.734 -8.427 -8.216 -8.17 -8.751 -8.953 -8.58 -7.47 -6.951 -6.343 -8.811
0.006157 -9.764 -9.735 -9.69 -9.5 -9.252 -8.951 -9.551 -9.466 -9.249 -8.942 -8.607 -8.206 -9.474 -9.158 -8.761 -8.449 -8.147 -9.141 -8.785 -8.479 -8.268 -8.221 -8.802 -9.003 -8.632 -7.524 -7.005 -6.398 -8.862
0.006343 -9.801 -9.775 -9.732 -9.547 -9.301 -9.002 -9.594 -9.513 -9.298 -8.992 -8.659 -8.259 -9.521 -9.207 -8.812 -8.502 -8.2 -9.19 -8.836 -8.531 -8.32 -8.272 -8.853 -9.053 -8.684 -7.578 -7.06 -6.453 -8.912
0.006535 -9.837 -9.815 -9.773 -9.593 -9.35 -9.053 -9.636 -9.56 -9.346 -9.043 -8.711 -8.312 -9.567 -9.256 -8.863 -8.554 -8.253 -9.239 -8.887 -8.583 -8.372 -8.323 -8.904 -9.103 -8.736 -7.632 -7.115 -6.508 -8.963
0.006732 -9.873 -9.854 -9.815 -9.64 -9.399 -9.103 -9.678 -9.606 -9.395 -9.093 -8.763 -8.364 -9.614 -9.306 -8.914 -8.606 -8.306 -9.289 -8.938 -8.634 -8.424 -8.374 -8.955 -9.153 -8.787 -7.686 -7.169 -6.563 -9.013
0.006936 -9.909 -9.893 -9.856 -9.686 -9.447 -9.153 -9.72 -9.653 -9.443 -9.144 -8.814 -8.417 -9.66 -9.355 -8.965 -8.658 -8.358 -9.338 -8.989 -8.686 -8.475 -8.424 -9.005 -9.203 -8.838 -7.74 -7.223 -6.618 -9.063
0.007146 -9.944 -9.932 -9.896 -9.731 -9.495 -9.203 -9.762 -9.699 -9.492 -9.194 -8.865 -8.469 -9.707 -9.403 -9.016 -8.71 -8.411 -9.386 -9.039 -8.737 -8.527 -8.475 -9.055 -9.253 -8.89 -7.793 -7.278 -6.672 -9.113
0.007362 -9.979 -9.97 -9.937 -9.777 -9.543 -9.253 -9.803 -9.745 -9.54 -9.244 -8.917 -8.522 -9.753 -9.452 -9.067 -8.762 -8.463 -9.435 -9.09 -8.789 -8.579 -8.525 -9.106 -9.302 -8.941 -7.847 -7.332 -6.727 -9.163
0.007585 -10.014 -10.008 -9.977 -9.822 -9.591 -9.303 -9.844 -9.791 -9.587 -9.293 -8.968 -8.574 -9.798 -9.501 -9.118 -8.813 -8.516 -9.484 -9.14 -8.84 -8.63 -8.576 -9.156 -9.352 -8.992 -7.9 -7.386 -6.782 -9.213
0.007814 -10.048 -10.046 -10.017 -9.867 -9.639 -9.352 -9.885 -9.836 -9.635 -9.343 -9.019 -8.626 -9.844 -9.549 -9.168 -8.865 -8.568 -9.532 -9.19 -8.891 -8.681 -8.626 -9.206 -9.401 -9.043 -7.954 -7.44 -6.836 -9.262
0.00805 -10.082 -10.083 -10.056 -9.912 -9.686 -9.402 -9.926 -9.882 -9.683 -9.392 -9.069 -8.678 -9.889 -9.597 -9.218 -8.916 -8.62 -9.58 -9.24 -8.942 -8.733 -8.676 -9.256 -9.45 -9.093 -8.007 -7.494 -6.891 -9.311
0.008294 -10.116 -10.12 -10.096 -9.957 -9.734 -9.451 -9.966 -9.927 -9.73 -9.442 -9.12 -8.73 -9.934 -9.645 -9.269 -8.968 -8.672 -9.628 -9.29 -8.993 -8.784 -8.727 -9.305 -9.499 -9.144 -8.061 -7.548 -6.945 -9.361
0.008545 -10.149 -10.156 -10.135 -10.002 -9.781 -9.5 -10.006 -9.972 -9.777 -9.491 -9.171 -8.782 -9.979 -9.693 -9.319 -9.019 -8.724 -9.676 -9.34 -9.044 -8.835 -8.777 -9.355 -9.548 -9.195 -8.114 -7.602 -7.0 -9.41
0.008803 -10.182 -10.193 -10.173 -10.046 -9.828 -9.55 -10.046 -10.017 -9.824 -9.54 -9.221 -8.834 -10.024 -9.741 -9.369 -9.07 -8.776 -9.724 -9.39 -9.094 -8.886 -8.827 -9.404 -9.596 -9.245 -8.167 -7.656 -7.054 -9.459
0.009069 -10.214 -10.229 -10.212 -10.09 -9.875 -9.598 -10.086 -10.061 -9.871 -9.589 -9.272 -8.885 -10.068 -9.788 -9.418 -9.121 -8.828 -9.772 -9.439 -9.145 -8.937 -8.877 -9.453 -9.645 -9.295 -8.22 -7.709 -7.108 -9.507
0.009344 -10.246 -10.264 -10.25 -10.134 -9.921 -9.647 -10.125 -10.106 -9.918 -9.638 -9.322 -8.937 -10.113 -9.836 -9.468 -9.172 -8.88 -9.819 -9.489 -9.195 -8.988 -8.926 -9.503 -9.693 -9.345 -8.273 -7.763 -7.162 -9.556
0.009626 -10.278 -10.299 -10.288 -10.177 -9.968 -9.696 -10.164 -10.15 -9.964 -9.687 -9.372 -8.988 -10.157 -9.883 -9.518 -9.222 -8.932 -9.866 -9.538 -9.246 -9.038 -8.976 -9.552 -9.741 -9.395 -8.326 -7.816 -7.216 -9.605
0.009917 -10.309 -10.334 -10.326 -10.221 -10.014 -9.744 -10.203 -10.194 -10.011 -9.735 -9.422 -9.04 -10.201 -9.93 -9.567 -9.273 -8.983 -9.914 -9.587 -9.296 -9.089 -9.026 -9.601 -9.789 -9.445 -8.378 -7.87 -7.27 -9.653
0.010217 -10.34 -10.369 -10.363 -10.264 -10.06 -9.793 -10.242 -10.237 -10.057 -9.783 -9.472 -9.091 -10.244 -9.977 -9.617 -9.324 -9.035 -9.961 -9.636 -9.346 -9.139 -9.076 -9.649 -9.837 -9.495 -8.431 -7.923 -7.324 -9.701
0.010526 -10.371 -10.403 -10.4 -10.307 -10.106 -9.841 -10.28 -10.281 -10.103 -9.832 -9.522 -9.142 -10.288 -10.024 -9.666 -9.374 -9.086 -10.007 -9.685 -9.396 -9.19 -9.125 -9.698 -9.885 -9.545 -8.484 -7.977 -7.378 -9.749
0.010845 -10.401 -10.437 -10.436 -10.35 -10.152 -9.889 -10.318 -10.324 -10.149 -9.88 -9.571 -9.193 -10.331 -10.07 -9.715 -9.425 -9.137 -10.054 -9.734 -9.446 -9.24 -9.175 -9.746 -9.932 -9.594 -8.536 -8.03 -7.432 -9.797
0.011173 -10.431 -10.471 -10.473 -10.393 -10.198 -9.937 -10.356 -10.367 -10.194 -9.928 -9.621 -9.244 -10.374 -10.117 -9.764 -9.475 -9.188 -10.101 -9.782 -9.496 -9.291 -9.224 -9.795 -9.98 -9.644 -8.589 -8.083 -7.486 -9.845
0.011511 -10.461 -10.504 -10.509 -10.435 -10.243 -9.985 -10.394 -10.41 -10.24 -9.976 -9.67 -9.295 -10.417 -10.163 -9.813 -9.525 -9.239 -10.147 -9.831 -9.546 -9.341 -9.274 -9.843 -10.027 -9.693 -8.641 -8.136 -7.54 -9.893
0.011859 -10.49 -10.537 -10.545 -10.477 -10.289 -10.032 -10.431 -10.453 -10.285 -10.023 -9.72 -9.346 -10.46 -10.209 -9.861 -9.575 -9.29 -10.193 -9.879 -9.596 -9.391 -9.323 -9.891 -10.074 -9.742 -8.694 -8.189 -7.594 -9.941
0.012217 -10.519 -10.57 -10.58 -10.519 -10.334 -10.08 -10.468 -10.496 -10.33 -10.071 -9.769 -9.396 -10.502 -10.255 -9.91 -9.625 -9.341 -10.239 -9.928 -9.645 -9.441 -9.372 -9.939 -10.121 -9.792 -8.746 -8.243 -7.647 -9.988
0.012587 -10.548 -10.602 -10.616 -10.561 -10.379 -10.127 -10.505 -10.538 -10.375 -10.118 -9.818 -9.447 -10.544 -10.301 -9.958 -9.675 -9.392 -10.285 -9.976 -9.695 -9.491 -9.421 -9.987 -10.168 -9.841 -8.798 -8.296 -7.701 -10.035
0.012968 -10.576 -10.634 -10.65 -10.602 -10.424 -10.175 -10.542 -10.58 -10.42 -10.166 -9.867 -9.497 -10.586 -10.347 -10.007 -9.724 -9.443 -10.331 -10.024 -9.744 -9.541 -9.471 -10.035 -10.215 -9.889 -8.85 -8.348 -7.755 -10.083
0.01336 -10.603 -10.665 -10.685 -10.644 -10.468 -10.222 -10.578 -10.622 -10.465 -10.213 -9.916 -9.548 -10.628 -10.392 -10.055 -9.774 -9.494 -10.377 -10.072 -9.793 -9.591 -9.52 -10.082 -10.261 -9.938 -8.903 -8.401 -7.808 -10.13
0.013764 -10.631 -10.696 -10.719 -10.685 -10.513 -10.269 -10.614 -10.663 -10.509 -10.26 -9.965 -9.598 -10.67 -10.437 -10.103 -9.824 -9.544 -10.422 -10.12 -9.842 -9.64 -9.569 -10.13 -10.308 -9.987 -8.955 -8.454 -7.862 -10.177
0.01418 -10.658 -10.727 -10.753 -10.726 -10.557 -10.316 -10.65 -10.705 -10.554 -10.307 -10.013 -9.648 -10.711 -10.483 -10.151 -9.873 -9.595 -10.468 -10.168 -9.892 -9.69 -9.618 -10.177 -10.354 -10.035 -9.006 -8.507 -7.915 -10.223
0.014609 -10.685 -10.758 -10.787 -10.766 -10.601 -10.362 -10.686 -10.746 -10.598 -10.354 -10.062 -9.699 -10.752 -10.528 -10.199 -9.922 -9.645 -10.513 -10.215 -9.941 -9.74 -9.667 -10.225 -10.4 -10.084 -9.058 -8.56 -7.968 -10.27
0.015051 -10.711 -10.788 -10.821 -10.807 -10.645 -10.409 -10.721 -10.787 -10.642 -10.4 -10.11 -9.749 -10.793 -10.572 -10.247 -9.972 -9.695 -10.558 -10.263 -9.989 -9.789 -9.715 -10.272 -10.446 -10.132 -9.11 -8.612 -8.022 -10.316
0.015506 -10.737 -10.817 -10.854 -10.847 -10.689 -10.455 -10.757 -10.828 -10.685 -10.447 -10.159 -9.799 -10.834 -10.617 -10.294 -10.021 -9.745 -10.603 -10.31 -10.038 -9.838 -9.764 -10.319 -10.492 -10.18 -9.162 -8.665 -8.075 -10.363
0.015975 -10.762 -10.847 -10.886 -10.887 -10.732 -10.502 -10.792 -10.869 -10.729 -10.493 -10.207 -9.848 -10.874 -10.662 -10.342 -10.07 -9.795 -10.647 -10.358 -10.087 -9.888 -9.813 -10.365 -10.538 -10.229 -9.214 -8.717 -8.128 -10.409
0.016458 -10.787 -10.876 -10.919 -10.927 -10.776 -10.548 -10.826 -10.909 -10.772 -10.539 -10.255 -9.898 -10.915 -10.706 -10.389 -10.119 -9.846 -10.692 -10.405 -10.136 -9.937 -9.862 -10.412 -10.584 -10.277 -9.265 -8.77 -8.181 -10.455
0.016956 -10.812 -10.905 -10.951 -10.966 -10.819 -10.594 -10.861 -10.949 -10.816 -10.585 -10.303 -9.948 -10.955 -10.75 -10.436 -10.167 -9.895 -10.736 -10.452 -10.184 -9.986 -9.91 -10.459 -10.629 -10.324 -9.317 -8.822 -8.235 -10.501
0.017469 -10.836 -10.933 -10.983 -11.005 -10.862 -10.64 -10.895 -10.989 -10.859 -10.631 -10.351 -9.998 -10.994 -10.794 -10.484 -10.216 -9.945 -10.781 -10.499 -10.233 -10.035 -9.959 -10.505 -10.674 -10.372 -9.368 -8.875 -8.288 -10.547
0.017997 -10.86 -10.961 -11.014 -11.044 -10.905 -10.686 -10.929 -11.029 -10.902 -10.677 -10.399 -10.047 -11.034 -10.838 -10.531 -10.265 -9.995 -10.825 -10.545 -10.281 -10.084 -10.007 -10.552 -10.719 -10.42 -9.42 -8.927 -8.341 -10.593
0.018541 -10.884 -10.988 -11.046 -11.083 -10.948 -10.731 -10.963 -11.068 -10.944 -10.723 -10.446 -10.096 -11.073 -10.882 -10.578 -10.313 -10.045 -10.869 -10.592 -10.329 -10.133 -10.056 -10.598 -10.764 -10.467 -9.471 -8.979 -8.394 -10.638
0.019102 -10.907 -11.015 -11.077 -11.122 -10.99 -10.777 -10.996 -11.108 -10.987 -10.768 -10.494 -10.146 -11.113 -10.925 -10.624 -10.362 -10.094 -10.912 -10.639 -10.377 -10.182 -10.104 -10.644 -10.809 -10.515 -9.522 -9.031 -8.447 -10.684
0.01968 -10.929 -11.042 -11.107 -11.16 -11.033 -10.822 -11.03 -11.147 -11.029 -10.814 -10.541 -10.195 -11.151 -10.969 -10.671 -10.41 -10.144 -10.956 -10.685 -10.425 -10.231 -10.152 -10.69 -10.854 -10.562 -9.573 -9.084 -8.5 -10.729
0.020275 -10.952 -11.068 -11.137 -11.198 -11.075 -10.867 -11.063 -11.185 -11.071 -10.859 -10.589 -10.244 -11.19 -11.012 -10.717 -10.458 -10.193 -10.999 -10.731 -10.473 -10.279 -10.201 -10.735 -10.899 -10.609 -9.625 -9.136 -8.552 -10.774
0.020888 -10.974 -11.094 -11.167 -11.236 -11.117 -10.912 -11.095 -11.224 -11.113 -10.904 -10.636 -10.293 -11.229 -11.055 -10.764 -10.506 -10.243 -11.043 -10.778 -10.521 -10.328 -10.249 -10.781 -10.943 -10.656 -9.676 -9.188 -8.605 -10.819
0.02152 -10.995 -11.12 -11.197 -11.274 -11.158 -10.957 -11.128 -11.262 -11.155 -10.949 -10.683 -10.342 -11.267 -11.098 -10.81 -10.554 -10.292 -11.086 -10.824 -10.569 -10.376 -10.297 -10.827 -10.987 -10.703 -9.727 -9.24 -8.658 -10.864
0.022171 -11.016 -11.145 -11.226 -11.311 -11.2 -11.002 -11.16 -11.3 -11.197 -10.993 -10.73 -10.391 -11.305 -11.14 -10.856 -10.602 -10.341 -11.129 -10.869 -10.616 -10.425 -10.345 -10.872 -11.031 -10.75 -9.778 -9.292 -8.711 -10.909
0.022841 -11.037 -11.17 -11.255 -11.348 -11.241 -11.046 -11.192 -11.338 -11.238 -11.038 -10.777 -10.44 -11.343 -11.183 -10.902 -10.65 -10.39 -11.172 -10.915 -10.664 -10.473 -10.393 -10.917 -11.075 -10.797 -9.829 -9.343 -8.763 -10.953
0.023532 -11.057 -11.194 -11.283 -11.385 -11.283 -11.091 -11.224 -11.376 -11.279 -11.083 -10.823 -10.488 -11.38 -11.225 -10.948 -10.698 -10.439 -11.214 -10.961 -10.711 -10.521 -10.441 -10.962 -11.119 -10.843 -9.879 -9.395 -8.816 -10.998
0.024244 -11.077 -11.218 -11.312 -11.421 -11.323 -11.135 -11.256 -11.413 -11.32 -11.127 -10.87 -10.537 -11.417 -11.267 -10.994 -10.745 -10.488 -11.257 -11.006 -10.759 -10.57 -10.489 -11.007 -11.162 -10.89 -9.93 -9.447 -8.869 -11.042
0.024977 -11.096 -11.242 -11.34 -11.458 -11.364 -11.179 -11.287 -11.45 -11.361 -11.171 -10.916 -10.585 -11.454 -11.309 -11.039 -10.793 -10.537 -11.299 -11.052 -10.806 -10.618 -10.537 -11.052 -11.206 -10.936 -9.981 -9.499 -8.921 -11.086
0.025733 -11.115 -11.265 -11.367 -11.494 -11.405 -11.223 -11.318 -11.487 -11.402 -11.215 -10.963 -10.634 -11.491 -11.351 -11.085 -10.84 -10.585 -11.341 -11.097 -10.853 -10.666 -10.585 -11.097 -11.249 -10.982 -10.031 -9.55 -8.974 -11.13
0.026511 -11.133 -11.288 -11.394 -11.53 -11.445 -11.267 -11.349 -11.524 -11.442 -11.259 -11.009 -10.682 -11.527 -11.392 -11.13 -10.887 -10.634 -11.383 -11.142 -10.9 -10.714 -10.632 -11.141 -11.292 -11.028 -10.082 -9.602 -9.026 -11.174
0.027313 -11.151 -11.31 -11.421 -11.565 -11.485 -11.31 -11.379 -11.56 -11.482 -11.303 -11.055 -10.73 -11.564 -11.434 -11.175 -10.934 -10.682 -11.425 -11.187 -10.947 -10.761 -10.68 -11.186 -11.335 -11.074 -10.132 -9.653 -9.079 -11.218
0.028139 -11.169 -11.332 -11.447 -11.6 -11.525 -11.354 -11.41 -11.596 -11.522 -11.346 -11.101 -10.778 -11.6 -11.475 -11.22 -10.981 -10.731 -11.466 -11.232 -10.994 -10.809 -10.727 -11.23 -11.378 -11.12 -10.183 -9.705 -9.131 -11.261
0.02899 -11.186 -11.353 -11.473 -11.635 -11.565 -11.397 -11.44 -11.632 -11.562 -11.39 -11.147 -10.826 -11.635 -11.516 -11.265 -11.028 -10.779 -11.508 -11.277 -11.04 -10.857 -10.775 -11.274 -11.421 -11.166 -10.233 -9.756 -9.183 -11.305
0.029867 -11.203 -11.374 -11.499 -11.67 -11.605 -11.44 -11.469 -11.668 -11.602 -11.433 -11.193 -10.874 -11.671 -11.557 -11.31 -11.075 -10.827 -11.549 -11.321 -11.087 -10.904 -10.822 -11.318 -11.463 -11.211 -10.283 -9.808 -9.236 -11.348
0.03077 -11.219 -11.395 -11.524 -11.705 -11.644 -11.483 -11.499 -11.703 -11.641 -11.476 -11.238 -10.922 -11.706 -11.597 -11.354 -11.121 -10.875 -11.59 -11.366 -11.133 -10.952 -10.87 -11.362 -11.505 -11.257 -10.334 -9.859 -9.288 -11.391
0.031701 -11.235 -11.415 -11.549 -11.739 -11.683 -11.526 -11.528 -11.738 -11.68 -11.519 -11.284 -10.97 -11.741 -11.638 -11.399 -11.168 -10.923 -11.63 -11.41 -11.18 -10.999 -10.917 -11.406 -11.547 -11.302 -10.384 -9.91 -9.34 -11.434
0.032659 -11.25 -11.434 -11.574 -11.773 -11.722 -11.569 -11.557 -11.773 -11.719 -11.561 -11.329 -11.017 -11.775 -11.678 -11.443 -11.214 -10.971 -11.671 -11.454 -11.226 -11.046 -10.964 -11.449 -11.589 -11.347 -10.434 -9.962 -9.392 -11.477
0.033647 -11.265 -11.453 -11.598 -11.806 -11.761 -11.611 -11.586 -11.807 -11.758 -11.604 -11.374 -11.065 -11.81 -11.718 -11.487 -11.261 -11.019 -11.712 -11.498 -11.272 -11.093 -11.011 -11.493 -11.631 -11.392 -10.484 -10.013 -9.444 -11.519
0.034665 -11.279 -11.472 -11.622 -11.84 -11.799 -11.654 -11.614 -11.841 -11.796 -11.646 -11.419 -11.112 -11.844 -11.758 -11.531 -11.307 -11.067 -11.752 -11.542 -11.318 -11.141 -11.058 -11.536 -11.673 -11.437 -10.534 -10.064 -9.496 -11.562
0.035713 -11.293 -11.49 -11.645 -11.873 -11.837 -11.696 -11.643 -11.875 -11.835 -11.688 -11.464 -11.16 -11.878 -11.797 -11.575 -11.353 -11.114 -11.792 -11.586 -11.364 -11.187 -11.105 -11.579 -11.714 -11.482 -10.583 -10.115 -9.548 -11.604
0.036793 -11.306 -11.508 -11.668 -11.905 -11.875 -11.738 -11.671 -11.909 -11.873 -11.731 -11.509 -11.207 -11.911 -11.837 -11.619 -11.399 -11.162 -11.832 -11.63 -11.41 -11.234 -11.152 -11.622 -11.755 -11.526 -10.633 -10.166 -9.6 -11.646
0.037906 -11.319 -11.525 -11.691 -11.938 -11.913 -11.78 -11.698 -11.942 -11.91 -11.772 -11.553 -11.254 -11.944 -11.876 -11.663 -11.445 -11.209 -11.871 -11.673 -11.455 -11.281 -11.199 -11.664 -11.796 -11.571 -10.683 -10.217 -9.652 -11.688
0.039052 -11.331 -11.542 -11.713 -11.97 -11.951 -11.821 -11.726 -11.975 -11.948 -11.814 -11.598 -11.301 -11.977 -11.915 -11.706 -11.49 -11.257 -11.911 -11.716 -11.501 -11.328 -11.246 -11.707 -11.837 -11.615 -10.733 -10.268 -9.704 -11.73
0.040234 -11.343 -11.558 -11.735 -12.002 -11.988 -11.863 -11.753 -12.008 -11.985 -11.855 -11.642 -11.348 -12.01 -11.954 -11.749 -11.536 -11.304 -11.95 -11.759 -11.546 -11.374 -11.292 -11.749 -11.878 -11.659 -10.782 -10.318 -9.756 -11.772
0.04145 -11.354 -11.574 -11.756 -12.033 -12.025 -11.904 -11.78 -12.04 -12.022 -11.897 -11.686 -11.394 -12.042 -11.992 -11.792 -11.581 -11.351 -11.989 -11.802 -11.591 -11.421 -11.339 -11.792 -11.918 -11.703 -10.832 -10.369 -9.808 -11.813
0.042704 -11.365 -11.589 -11.777 -12.064 -12.062 -11.945 -11.806 -12.073 -12.059 -11.938 -11.731 -11.441 -12.074 -12.03 -11.835 -11.626 -11.398 -12.028 -11.845 -11.636 -11.467 -11.385 -11.834 -11.958 -11.747 -10.881 -10.42 -9.86 -11.854
0.043996 -11.376 -11.604 -11.798 -12.095 -12.098 -11.986 -11.833 -12.104 -12.096 -11.979 -11.774 -11.487 -12.105 -12.068 -11.878 -11.672 -11.445 -12.066 -11.888 -11.681 -11.513 -11.432 -11.875 -11.998 -11.791 -10.93 -10.47 -9.911 -11.895
0.045326 -11.385 -11.618 -11.818 -12.126 -12.135 -12.026 -11.859 -12.136 -12.132 -12.02 -11.818 -11.534 -12.137 -12.106 -11.92 -11.717 -11.491 -12.105 -11.93 -11.726 -11.56 -11.478 -11.917 -12.038 -11.834 -10.979 -10.521 -9.963 -11.936
0.046697 -11.395 -11.631 -11.837 -12.156 -12.171 -12.067 -11.884 -12.167 -12.168 -12.06 -11.862 -11.58 -12.168 -12.144 -11.963 -11.762 -11.538 -12.143 -11.973 -11.771 -11.606 -11.524 -11.959 -12.078 -11.878 -11.029 -10.571 -10.015 -11.977
0.048109 -11.403 -11.645 -11.856 -12.186 -12.206 -12.107 -11.91 -12.198 -12.204 -12.1 -11.905 -11.626 -12.198 -12.181 -12.005 -11.806 -11.585 -12.181 -12.015 -11.816 -11.651 -11.571 -12.0 -12.117 -11.921 -11.078 -10.622 -10.066 -12.018
0.049564 -11.412 -11.657 -11.875 -12.215 -12.242 -12.147 -11.935 -12.229 -12.239 -12.141 -11.949 -11.672 -12.229 -12.218 -12.047 -11.851 -11.631 -12.218 -12.057 -11.86 -11.697 -11.617 -12.041 -12.156 -11.964 -11.127 -10.672 -10.118 -12.058
0.051063 -11.419 -11.669 -11.894 -12.244 -12.277 -12.187 -11.96 -12.259 -12.275 -12.18 -11.992 -11.718 -12.259 -12.255 -12.089 -11.895 -11.677 -12.256 -12.098 -11.904 -11.743 -11.663 -12.082 -12.195 -12.007 -11.176 -10.723 -10.169 -12.098
0.052608 -11.426 -11.681 -11.911 -12.273 -12.312 -12.226 -11.985 -12.289 -12.31 -12.22 -12.035 -11.764 -12.288 -12.292 -12.131 -11.94 -11.723 -12.293 -12.14 -11.949 -11.788 -11.708 -12.123 -12.234 -12.05 -11.224 -10.773 -10.22 -12.138
0.054199 -11.433 -11.692 -11.929 -12.301 -12.347 -12.266 -12.009 -12.318 -12.345 -12.26 -12.077 -11.809 -12.318 -12.328 -12.172 -11.984 -11.769 -12.33 -12.181 -11.993 -11.834 -11.754 -12.164 -12.272 -12.092 -11.273 -10.823 -10.272 -12.178
0.055838 -11.439 -11.702 -11.946 -12.329 -12.381 -12.305 -12.033 -12.347 -12.379 -12.299 -12.12 -11.855 -12.347 -12.364 -12.214 -12.028 -11.815 -12.366 -12.223 -12.037 -11.879 -11.8 -12.204 -12.311 -12.135 -11.322 -10.873 -10.323 -12.217
0.057527 -11.444 -11.712 -11.962 -12.357 -12.415 -12.344 -12.057 -12.376 -12.413 -12.338 -12.163 -11.9 -12.375 -12.4 -12.255 -12.072 -11.861 -12.403 -12.264 -12.08 -11.924 -11.846 -12.244 -12.349 -12.177 -11.37 -10.923 -10.374 -12.257
0.059267 -11.449 -11.721 -11.978 -12.384 -12.449 -12.383 -12.081 -12.405 -12.447 -12.377 -12.205 -11.946 -12.404 -12.436 -12.296 -12.115 -11.907 -12.439 -12.305 -12.124 -11.97 -11.891 -12.285 -12.387 -12.219 -11.419 -10.973 -10.425 -12.296
0.061059 -11.453 -11.729 -11.994 -12.411 -12.483 -12.421 -12.104 -12.433 -12.481 -12.415 -12.247 -11.991 -12.431 -12.471 -12.336 -12.159 -11.952 -12.475 -12.345 -12.167 -12.015 -11.936 -12.324 -12.424 -12.261 -11.467 -11.023 -10.477 -12.335
0.062906 -11.457 -11.737 -12.008 -12.438 -12.516 -12.46 -12.127 -12.46 -12.514 -12.454 -12.289 -12.036 -12.459 -12.506 -12.377 -12.202 -11.998 -12.511 -12.386 -12.211 -12.059 -11.982 -12.364 -12.462 -12.303 -11.515 -11.073 -10.528 -12.374
0.064808 -11.46 -11.745 -12.023 -12.464 -12.549 -12.498 -12.149 -12.488 -12.547 -12.492 -12.331 -12.081 -12.486 -12.541 -12.417 -12.245 -12.043 -12.546 -12.426 -12.254 -12.104 -12.027 -12.403 -12.499 -12.344 -11.564 -11.122 -10.579 -12.412
0.066769 -11.463 -11.751 -12.037 -12.49 -12.582 -12.536 -12.172 -12.515 -12.58 -12.53 -12.372 -12.125 -12.513 -12.575 -12.458 -12.289 -12.088 -12.581 -12.466 -12.297 -12.149 -12.072 -12.443 -12.536 -12.386 -11.612 -11.172 -10.63 -12.451
0.068788 -11.464 -11.758 -12.05 -12.515 -12.614 -12.573 -12.194 -12.541 -12.612 -12.568 -12.414 -12.17 -12.539 -12.61 -12.497 -12.331 -12.133 -12.616 -12.506 -12.34 -12.193 -12.117 -12.482 -12.573 -12.427 -11.66 -11.222 -10.68 -12.489
0.070868 -11.466 -11.763 -12.063 -12.54 -12.646 -12.61 -12.216 -12.568 -12.644 -12.605 -12.455 -12.214 -12.565 -12.643 -12.537 -12.374 -12.178 -12.651 -12.546 -12.382 -12.237 -12.162 -12.521 -12.609 -12.468 -11.708 -11.271 -10.731 -12.527
0.073012 -11.466 -11.768 -12.076 -12.565 -12.678 -12.648 -12.237 -12.593 -12.676 -12.642 -12.496 -12.259 -12.59 -12.677 -12.577 -12.417 -12.223 -12.685 -12.585 -12.425 -12.281 -12.206 -12.559 -12.645 -12.509 -11.755 -11.321 -10.782 -12.565
0.07522 -11.466 -11.772 -12.087 -12.589 -12.709 -12.684 -12.258 -12.619 -12.707 -12.679 -12.537 -12.303 -12.616 -12.71 -12.616 -12.459 -12.267 -12.719 -12.624 -12.467 -12.325 -12.251 -12.598 -12.681 -12.549 -11.803 -11.37 -10.833 -12.602
0.077495 -11.466 -11.775 -12.099 -12.612 -12.74 -12.721 -12.279 -12.644 -12.738 -12.716 -12.577 -12.347 -12.64 -12.743 -12.655 -12.501 -12.312 -12.753 -12.663 -12.509 -12.369 -12.295 -12.636 -12.717 -12.59 -11.851 -11.419 -10.883 -12.639
0.079839 -11.464 -11.778 -12.109 -12.636 -12.771 -12.757 -12.299 -12.668 -12.769 -12.752 -12.618 -12.39 -12.665 -12.776 -12.694 -12.543 -12.356 -12.786 -12.702 -12.551 -12.413 -12.34 -12.674 -12.752 -12.63 -11.898 -11.469 -10.934 -12.676
0.082253 -11.462 -11.78 -12.12 -12.658 -12.801 -12.793 -12.319 -12.692 -12.8 -12.789 -12.658 -12.434 -12.688 -12.808 -12.733 -12.585 -12.4 -12.82 -12.741 -12.593 -12.456 -12.384 -12.711 -12.787 -12.67 -11.946 -11.518 -10.985 -12.713
0.084741 -11.46 -11.782 -12.129 -12.681 -12.831 -12.829 -12.339 -12.716 -12.83 -12.824 -12.698 -12.478 -12.712 -12.841 -12.771 -12.627 -12.444 -12.852 -12.779 -12.635 -12.5 -12.428 -12.749 -12.822 -12.709 -11.993 -11.567 -11.035 -12.75
0.087304 -11.456 -11.782 -12.138 -12.703 -12.861 -12.865 -12.358 -12.739 -12.859 -12.86 -12.738 -12.521 -12.735 -12.872 -12.809 -12.668 -12.488 -12.885 -12.817 -12.676 -12.543 -12.472 -12.786 -12.856 -12.749 -12.04 -11.616 -11.085 -12.786
0.089944 -11.452 -11.782 -12.147 -12.724 -12.89 -12.9 -12.378 -12.762 -12.889 -12.895 -12.777 -12.564 -12.757 -12.904 -12.847 -12.709 -12.532 -12.917 -12.855 -12.717 -12.586 -12.516 -12.823 -12.89 -12.788 -12.087 -11.664 -11.136 -12.822
0.092665 -11.448 -11.781 -12.154 -12.745 -12.919 -12.935 -12.396 -12.784 -12.918 -12.93 -12.817 -12.607 -12.779 -12.935 -12.885 -12.75 -12.575 -12.949 -12.892 -12.758 -12.629 -12.56 -12.86 -12.924 -12.827 -12.134 -11.713 -11.186 -12.858
0.095467 -11.442 -11.78 -12.161 -12.765 -12.947 -12.969 -12.415 -12.806 -12.946 -12.965 -12.856 -12.65 -12.801 -12.965 -12.922 -12.791 -12.618 -12.981 -12.93 -12.799 -12.672 -12.603 -12.896 -12.958 -12.866 -12.181 -11.762 -11.236 -12.894
0.098355 -11.436 -11.778 -12.168 -12.785 -12.976 -13.004 -12.433 -12.827 -12.974 -13.0 -12.895 -12.692 -12.822 -12.996 -12.959 -12.832 -12.662 -13.012 -12.967 -12.84 -12.714 -12.647 -12.932 -12.991 -12.905 -12.227 -11.81 -11.286 -12.929
0.101329 -11.429 -11.774 -12.174 -12.805 -13.003 -13.038 -12.45 -12.848 -13.002 -13.034 -12.933 -12.735 -12.842 -13.026 -12.996 -12.872 -12.705 -13.043 -13.004 -12.88 -12.757 -12.69 -12.968 -13.024 -12.943 -12.274 -11.859 -11.336 -12.964
0.104394 -11.422 -11.77 -12.179 -12.823 -13.031 -13.071 -12.468 -12.869 -13.03 -13.068 -12.972 -12.777 -12.862 -13.055 -13.032 -12.912 -12.747 -13.073 -13.04 -12.92 -12.799 -12.733 -13.004 -13.057 -12.981 -12.32 -11.907 -11.386 -12.999
0.107551 -11.414 -11.766 -12.184 -12.842 -13.057 -13.105 -12.485 -12.888 -13.057 -13.101 -13.01 -12.819 -12.881 -13.084 -13.069 -12.952 -12.79 -13.103 -13.076 -12.96 -12.841 -12.776 -13.039 -13.089 -13.019 -12.367 -11.956 -11.436 -13.033
0.110804 -11.404 -11.76 -12.188 -12.859 -13.084 -13.138 -12.501 -12.908 -13.083 -13.134 -13.048 -12.861 -12.9 -13.113 -13.105 -12.992 -12.832 -13.133 -13.112 -13.0 -12.883 -12.819 -13.074 -13.121 -13.057 -12.413 -12.004 -11.486 -13.067
0.114155 -11.395 -11.754 -12.191 -12.877 -13.11 -13.17 -12.517 -12.926 -13.109 -13.167 -13.085 -12.903 -12.919 -13.142 -13.14 -13.032 -12.875 -13.162 -13.148 -13.039 -12.924 -12.861 -13.109 -13.153 -13.094 -12.459 -12.052 -11.536 -13.101
0.117608 -11.384 -11.746 -12.193 -12.893 -13.135 -13.203 -12.533 -12.945 -13.135 -13.199 -13.123 -12.944 -12.937 -13.17 -13.176 -13.071 -12.917 -13.191 -13.184 -13.078 -12.966 -12.904 -13.144 -13.184 -13.131 -12.505 -12.1 -11.585 -13.135
0.121165 -11.373 -11.738 -12.195 -12.909 -13.161 -13.235 -12.549 -12.962 -13.16 -13.232 -13.16 -12.985 -12.954 -13.197 -13.211 -13.11 -12.958 -13.22 -13.219 -13.117 -13.007 -12.946 -13.178 -13.215 -13.168 -12.55 -12.148 -11.635 -13.168
0.124829 -11.361 -11.729 -12.196 -12.925 -13.185 -13.266 -12.564 -12.979 -13.185 -13.263 -13.196 -13.026 -12.97 -13.224 -13.246 -13.149 -13.0 -13.248 -13.253 -13.156 -13.048 -12.988 -13.212 -13.246 -13.204 -12.596 -12.195 -11.684 -13.201
0.128605 -11.348 -11.719 -12.197 -12.94 -13.209 -13.297 -12.578 -12.996 -13.209 -13.295 -13.233 -13.067 -12.987 -13.251 -13.28 -13.187 -13.041 -13.276 -13.288 -13.195 -13.089 -13.03 -13.245 -13.276 -13.24 -12.642 -12.243 -11.734 -13.234
0.132494 -11.334 -11.708 -12.196 -12.954 -13.233 -13.328 -12.592 -13.012 -13.233 -13.326 -13.269 -13.108 -13.002 -13.277 -13.314 -13.225 -13.082 -13.303 -13.322 -13.233 -13.129 -13.071 -13.279 -13.305 -13.276 -12.687 -12.29 -11.783 -13.266
0.136502 -11.319 -11.696 -12.195 -12.967 -13.256 -13.359 -12.606 -13.027 -13.256 -13.356 -13.305 -13.148 -13.017 -13.303 -13.348 -13.263 -13.123 -13.33 -13.356 -13.271 -13.17 -13.113 -13.311 -13.335 -13.312 -12.732 -12.338 -11.832 -13.298
0.14063 -11.304 -11.683 -12.193 -12.98 -13.279 -13.389 -12.619 -13.042 -13.279 -13.387 -13.341 -13.188 -13.031 -13.329 -13.381 -13.301 -13.164 -13.356 -13.389 -13.309 -13.21 -13.154 -13.344 -13.364 -13.347 -12.777 -12.385 -11.881 -13.329
0.144883 -11.287 -11.669 -12.19 -12.993 -13.301 -13.418 -12.632 -13.056 -13.301 -13.416 -13.376 -13.228 -13.045 -13.354 -13.415 -13.338 -13.205 -13.382 -13.422 -13.346 -13.249 -13.195 -13.376 -13.392 -13.382 -12.822 -12.432 -11.93 -13.361
0.149265 -11.27 -11.654 -12.186 -13.004 -13.323 -13.448 -12.644 -13.069 -13.323 -13.446 -13.411 -13.268 -13.057 -13.378 -13.447 -13.375 -13.245 -13.408 -13.455 -13.383 -13.289 -13.236 -13.408 -13.42 -13.417 -12.866 -12.479 -11.979 -13.392
0.15378 -11.252 -11.638 -12.182 -13.015 -13.344 -13.476 -12.656 -13.082 -13.344 -13.475 -13.445 -13.307 -13.07 -13.402 -13.48 -13.412 -13.285 -13.433 -13.487 -13.42 -13.328 -13.277 -13.439 -13.448 -13.451 -12.911 -12.526 -12.028 -13.422
0.15843 -11.233 -11.621 -12.176 -13.025 -13.364 -13.505 -12.667 -13.093 -13.365 -13.503 -13.48 -13.346 -13.081 -13.425 -13.511 -13.449 -13.324 -13.457 -13.519 -13.456 -13.367 -13.317 -13.471 -13.475 -13.485 -12.955 -12.573 -12.076 -13.452
0.163222 -11.213 -11.602 -12.17 -13.034 -13.384 -13.533 -12.678 -13.105 -13.385 -13.531 -13.514 -13.385 -13.092 -13.448 -13.543 -13.485 -13.364 -13.481 -13.551 -13.492 -13.406 -13.357 -13.501 -13.502 -13.518 -12.999 -12.619 -12.125 -13.482
0.168159 -11.192 -11.583 -12.163 -13.043 -13.403 -13.56 -12.689 -13.115 -13.404 -13.559 -13.547 -13.423 -13.102 -13.47 -13.574 -13.52 -13.403 -13.505 -13.582 -13.528 -13.445 -13.397 -13.532 -13.528 -13.551 -13.043 -12.665 -12.173 -13.512
0.173245 -11.17 -11.562 -12.155 -13.051 -13.422 -13.587 -12.698 -13.125 -13.423 -13.586 -13.58 -13.461 -13.111 -13.492 -13.605 -13.556 -13.442 -13.527 -13.613 -13.564 -13.483 -13.437 -13.561 -13.554 -13.584 -13.087 -12.712 -12.221 -13.541
0.178484 -11.147 -11.54 -12.145 -13.058 -13.44 -13.613 -12.708 -13.134 -13.441 -13.613 -13.613 -13.499 -13.119 -13.513 -13.635 -13.591 -13.48 -13.55 -13.643 -13.599 -13.521 -13.476 -13.591 -13.579 -13.616 -13.13 -12.758 -12.269 -13.569
0.183882 -11.123 -11.517 -12.135 -13.064 -13.457 -13.639 -12.716 -13.142 -13.458 -13.639 -13.645 -13.537 -13.127 -13.533 -13.665 -13.626 -13.519 -13.572 -13.673 -13.634 -13.559 -13.515 -13.62 -13.604 -13.648 -13.173 -12.804 -12.317 -13.597
0.189444 -11.098 -11.493 -12.124 -13.069 -13.474 -13.664 -12.724 -13.149 -13.475 -13.664 -13.677 -13.574 -13.133 -13.553 -13.694 -13.66 -13.557 -13.593 -13.702 -13.668 -13.596 -13.554 -13.648 -13.628 -13.68 -13.216 -12.849 -12.365 -13.625
0.195173 -11.072 -11.467 -12.112 -13.073 -13.489 -13.689 -12.732 -13.155 -13.491 -13.689 -13.709 -13.611 -13.139 -13.572 -13.723 -13.694 -13.594 -13.613 -13.731 -13.702 -13.633 -13.593 -13.677 -13.652 -13.711 -13.259 -12.895 -12.413 -13.652
0.201076 -11.045 -11.44 -12.098 -13.077 -13.505 -13.713 -12.739 -13.161 -13.507 -13.714 -13.74 -13.648 -13.144 -13.591 -13.751 -13.727 -13.631 -13.633 -13.759 -13.736 -13.669 -13.631 -13.704 -13.675 -13.742 -13.302 -12.94 -12.461 -13.679
0.207158 -11.017 -11.411 -12.084 -13.079 -13.519 -13.737 -12.745 -13.166 -13.521 -13.737 -13.77 -13.684 -13.148 -13.609 -13.779 -13.761 -13.668 -13.652 -13.787 -13.769 -13.706 -13.669 -13.731 -13.697 -13.772 -13.344 -12.985 -12.508 -13.705
0.213423 -10.987 -11.381 -12.068 -13.081 -13.533 -13.76 -12.75 -13.169 -13.535 -13.761 -13.8 -13.72 -13.151 -13.626 -13.806 -13.793 -13.705 -13.671 -13.815 -13.802 -13.741 -13.707 -13.758 -13.719 -13.802 -13.386 -13.03 -12.555 -13.731
0.219878 -10.957 -11.349 -12.051 -13.081 -13.546 -13.782 -12.755 -13.172 -13.548 -13.783 -13.83 -13.755 -13.153 -13.642 -13.833 -13.825 -13.741 -13.689 -13.841 -13.834 -13.777 -13.744 -13.784 -13.74 -13.831 -13.428 -13.075 -12.602 -13.756
0.226528 -10.926 -11.316 -12.033 -13.081 -13.558 -13.804 -12.76 -13.173 -13.56 -13.805 -13.859 -13.79 -13.154 -13.658 -13.859 -13.857 -13.777 -13.706 -13.868 -13.866 -13.812 -13.781 -13.809 -13.761 -13.859 -13.469 -13.119 -12.649 -13.781
0.233379 -10.893 -11.282 -12.014 -13.079 -13.569 -13.825 -12.763 -13.174 -13.572 -13.826 -13.888 -13.825 -13.154 -13.673 -13.885 -13.889 -13.812 -13.722 -13.893 -13.897 -13.847 -13.818 -13.834 -13.78 -13.887 -13.51 -13.164 -12.696 -13.805
0.240437 -10.859 -11.245 -11.993 -13.076 -13.579 -13.845 -12.766 -13.174 -13.582 -13.847 -13.916 -13.859 -13.153 -13.687 -13.91 -13.919 -13.847 -13.738 -13.918 -13.928 -13.881 -13.854 -13.859 -13.799 -13.915 -13.551 -13.208 -12.743 -13.828
0.247709 -10.824 -11.207 -11.971 -13.072 -13.588 -13.864 -12.768 -13.172 -13.592 -13.867 -13.943 -13.892 -13.15 -13.7 -13.934 -13.95 -13.882 -13.752 -13.943 -13.958 -13.915 -13.89 -13.882 -13.818 -13.942 -13.592 -13.251 -12.789 -13.851
0.255201 -10.788 -11.167 -11.948 -13.067 -13.597 -13.883 -12.769 -13.169 -13.6 -13.886 -13.97 -13.926 -13.147 -13.712 -13.958 -13.979 -13.916 -13.766 -13.966 -13.988 -13.948 -13.925 -13.905 -13.835 -13.968 -13.632 -13.295 -12.835 -13.873
0.262919 -10.75 -11.125 -11.923 -13.061 -13.604 -13.901 -12.769 -13.165 -13.608 -13.904 -13.996 -13.958 -13.142 -13.723 -13.981 -14.008 -13.949 -13.779 -13.99 -14.017 -13.981 -13.96 -13.928 -13.852 -13.994 -13.672 -13.338 -12.881 -13.895
0.270871 -10.712 -11.082 -11.896 -13.053 -13.61 -13.918 -12.768 -13.16 -13.615 -13.921 -14.022 -13.991 -13.136 -13.734 -14.003 -14.037 -13.983 -13.791 -14.012 -14.046 -14.013 -13.994 -13.949 -13.868 -14.019 -13.711 -13.381 -12.927 -13.916
0.279064 -10.672 -11.036 -11.868 -13.044 -13.616 -13.934 -12.767 -13.153 -13.62 -13.938 -14.047 -14.022 -13.129 -13.743 -14.024 -14.065 -14.015 -13.802 -14.033 -14.074 -14.045 -14.028 -13.97 -13.883 -14.044 -13.751 -13.424 -12.972 -13.936
0.287504 -10.63 -10.988 -11.839 -13.033 -13.62 -13.95 -12.764 -13.145 -13.624 -13.954 -14.071 -14.054 -13.12 -13.751 -14.045 -14.092 -14.047 -13.813 -14.054 -14.102 -14.077 -14.062 -13.991 -13.897 -14.067 -13.789 -13.466 -13.017 -13.955
0.296199 -10.588 -10.938 -11.807 -13.021 -13.623 -13.964 -12.761 -13.136 -13.628 -13.968 -14.094 -14.084 -13.11 -13.759 -14.065 -14.119 -14.079 -13.822 -14.074 -14.128 -14.107 -14.095 -14.01 -13.91 -14.09 -13.828 -13.508 -13.062 -13.974
0.305157 -10.544 -10.886 -11.774 -13.008 -13.624 -13.977 -12.756 -13.125 -13.63 -13.982 -14.117 -14.114 -13.098 -13.765 -14.084 -14.145 -14.11 -13.83 -14.093 -14.154 -14.137 -14.128 -14.029 -13.923 -14.112 -13.866 -13.55 -13.107 -13.992
0.314387 -10.499 -10.831 -11.739 -12.992 -13.625 -13.99 -12.751 -13.113 -13.63 -13.995 -14.139 -14.144 -13.084 -13.77 -14.102 -14.17 -14.14 -13.837 -14.112 -14.18 -14.167 -14.16 -14.046 -13.934 -14.134 -13.903 -13.591 -13.151 -14.009
0.323895 -10.452 -10.774 -11.702 -12.975 -13.624 -14.001 -12.744 -13.099 -13.63 -14.007 -14.16 -14.172 -13.069 -13.774 -14.119 -14.194 -14.17 -13.842 -14.129 -14.204 -14.196 -14.191 -14.063 -13.944 -14.154 -13.941 -13.633 -13.196 -14.026
0.333691 -10.404 -10.714 -11.663 -12.957 -13.621 -14.011 -12.736 -13.083 -13.628 -14.017 -14.18 -14.2 -13.053 -13.776 -14.135 -14.218 -14.199 -13.847 -14.145 -14.228 -14.224 -14.222 -14.079 -13.953 -14.174 -13.977 -13.673 -13.239 -14.041
0.343783 -10.355 -10.652 -11.622 -12.936 -13.618 -14.02 -12.727 -13.065 -13.624 -14.027 -14.2 -14.228 -13.034 -13.777 -14.15 -14.24 -14.227 -13.85 -14.161 -14.251 -14.251 -14.252 -14.094 -13.961 -14.192 -14.013 -13.713 -13.283 -14.055
0.354181 -10.304 -10.587 -11.579 -12.914 -13.612 -14.028 -12.716 -13.046 -13.619 -14.035 -14.218 -14.254 -13.014 -13.777 -14.164 -14.262 -14.255 -13.852 -14.175 -14.273 -14.278 -14.281 -14.108 -13.968 -14.21 -14.049 -13.753 -13.326 -14.069
0.364893 -10.252 -10.519 -11.534 -12.89 -13.605 -14.034 -12.705 -13.025 -13.613 -14.042 -14.235 -14.28 -12.991 -13.775 -14.177 -14.283 -14.281 -13.853 -14.188 -14.294 -14.304 -14.31 -14.121 -13.973 -14.227 -14.084 -13.793 -13.369 -14.081
0.375929 -10.199 -10.448 -11.486 -12.863 -13.597 -14.04 -12.691 -13.001 -13.605 -14.048 -14.252 -14.305 -12.967 -13.772 -14.189 -14.303 -14.307 -13.852 -14.2 -14.315 -14.329 -14.338 -14.133 -13.977 -14.242 -14.118 -13.831 -13.412 -14.092
0.387298 -10.144 -10.373 -11.436 -12.834 -13.586 -14.043 -12.677 -12.976 -13.595 -14.052 -14.267 -14.329 -12.94 -13.767 -14.199 -14.322 -14.332 -13.849 -14.211 -14.334 -14.353 -14.366 -14.143 -13.98 -14.257 -14.152 -13.87 -13.454 -14.103
0.399012 -10.088 -10.295 -11.383 -12.803 -13.574 -14.046 -12.661 -12.948 -13.583 -14.054 -14.281 -14.352 -12.911 -13.76 -14.209 -14.34 -14.357 -13.845 -14.22 -14.352 -14.376 -14.392 -14.153 -13.981 -14.27 -14.185 -13.908 -13.495 -14.112
0.41108 -10.031 -10.214 -11.328 -12.77 -13.56 -14.046 -12.643 -12.918 -13.569 -14.056 -14.293 -14.374 -12.88 -13.752 -14.216 -14.357 -14.38 -13.839 -14.228 -14.369 -14.399 -14.418 -14.161 -13.98 -14.282 -14.218 -13.945 -13.537 -14.119
0.423513 -9.973 -10.129 -11.269 -12.734 -13.543 -14.045 -12.623 -12.885 -13.553 -14.055 -14.305 -14.395 -12.846 -13.741 -14.223 -14.372 -14.402 -13.831 -14.235 -14.385 -14.42 -14.442 -14.168 -13.978 -14.293 -14.25 -13.982 -13.577 -14.126
0.436321 -9.914 -10.04 -11.208 -12.695 -13.525 -14.042 -12.602 -12.85 -13.535 -14.053 -14.315 -14.415 -12.81 -13.729 -14.228 -14.387 -14.424 -13.822 -14.24 -14.399 -14.44 -14.466 -14.173 -13.975 -14.303 -14.281 -14.018 -13.618 -14.131
0.449518 -9.853 -9.947 -11.144 -12.653 -13.504 -14.038 -12.578 -12.812 -13.515 -14.049 -14.324 -14.434 -12.77 -13.715 -14.231 -14.4 -14.444 -13.81 -14.244 -14.413 -14.459 -14.489 -14.177 -13.969 -14.311 -14.311 -14.054 -13.658 -14.135
0.463113 -9.792 -9.849 -11.076 -12.609 -13.481 -14.031 -12.553 -12.771 -13.493 -14.043 -14.331 -14.452 -12.728 -13.698 -14.232 -14.411 -14.463 -13.796 -14.246 -14.425 -14.477 -14.51 -14.179 -13.961 -14.317 -14.34 -14.089 -13.697 -14.137
0.47712 -9.73 -9.747 -11.005 -12.561 -13.455 -14.022 -12.526 -12.727 -13.468 -14.035 -14.337 -14.468 -12.683 -13.679 -14.232 -14.422 -14.48 -13.78 -14.246 -14.435 -14.494 -14.531 -14.179 -13.952 -14.322 -14.369 -14.123 -13.736 -14.137
0.49155 -9.667 -9.64 -10.93 -12.509 -13.427 -14.012 -12.496 -12.68 -13.44 -14.025 -14.341 -14.483 -12.634 -13.657 -14.23 -14.43 -14.497 -13.762 -14.244 -14.444 -14.509 -14.55 -14.178 -13.94 -14.325 -14.396 -14.156 -13.774 -14.136
0.506416 -9.604 -9.528 -10.852 -12.455 -13.396 -13.999 -12.464 -12.63 -13.409 -14.013 -14.343 -14.497 -12.582 -13.633 -14.226 -14.437 -14.512 -13.742 -14.24 -14.451 -14.523 -14.568 -14.175 -13.926 -14.326 -14.423 -14.189 -13.811 -14.133
0.521733 -9.54 -9.411 -10.769 -12.396 -13.361 -13.983 -12.43 -12.575 -13.376 -13.998 -14.343 -14.509 -12.526 -13.607 -14.22 -14.442 -14.525 -13.718 -14.235 -14.457 -14.535 -14.585 -14.17 -13.91 -14.325 -14.448 -14.221 -13.848 -14.129
0.537512 -9.476 -9.288 -10.682 -12.334 -13.324 -13.965 -12.392 -12.517 -13.339 -13.981 -14.341 -14.52 -12.466 -13.577 -14.211 -14.445 -14.538 -13.692 -14.227 -14.46 -14.546 -14.601 -14.163 -13.891 -14.323 -14.473 -14.252 -13.884 -14.122
0.553769 -9.412 -9.159 -10.591 -12.267 -13.283 -13.944 -12.353 -12.455 -13.299 -13.961 -14.337 -14.529 -12.402 -13.544 -14.2 -14.447 -14.548 -13.663 -14.216 -14.462 -14.555 -14.614 -14.153 -13.869 -14.318 -14.496 -14.282 -13.92 -14.113
0.570517 -9.348 -9.023 -10.495 -12.196 -13.239 -13.92 -12.31 -12.389 -13.256 -13.938 -14.331 -14.536 -12.333 -13.508 -14.186 -14.446 -14.557 -13.631 -14.203 -14.462 -14.562 -14.627 -14.142 -13.845 -14.311 -14.518 -14.311 -13.955 -14.102
0.587772 -9.285 -8.881 -10.395 -12.12 -13.19 -13.893 -12.264 -12.318 -13.208 -13.912 -14.323 -14.541 -12.26 -13.468 -14.17 -14.443 -14.563 -13.596 -14.188 -14.459 -14.568 -14.637 -14.127 -13.818 -14.301 -14.538 -14.339 -13.988 -14.089
0.605549 -9.222 -8.732 -10.289 -12.039 -13.138 -13.863 -12.214 -12.242 -13.157 -13.883 -14.312 -14.544 -12.182 -13.425 -14.151 -14.438 -14.568 -13.557 -14.169 -14.454 -14.571 -14.646 -14.11 -13.787 -14.289 -14.558 -14.366 -14.021 -14.073
0.623863 -9.16 -8.575 -10.178 -11.952 -13.081 -13.829 -12.162 -12.16 -13.101 -13.85 -14.298 -14.545 -12.099 -13.377 -14.129 -14.43 -14.571 -13.514 -14.148 -14.447 -14.572 -14.653 -14.091 -13.753 -14.274 -14.575 -14.392 -14.053 -14.055
0.642731 -9.099 -8.41 -10.06 -11.86 -13.02 -13.792 -12.105 -12.074 -13.041 -13.814 -14.281 -14.544 -12.009 -13.325 -14.103 -14.419 -14.571 -13.467 -14.123 -14.437 -14.571 -14.657 -14.068 -13.715 -14.256 -14.591 -14.416 -14.084 -14.034
0.66217 -9.039 -8.236 -9.937 -11.762 -12.954 -13.75 -12.045 -11.981 -12.976 -13.773 -14.261 -14.54 -11.914 -13.269 -14.074 -14.405 -14.569 -13.416 -14.095 -14.424 -14.567 -14.66 -14.042 -13.673 -14.235 -14.606 -14.439 -14.114 -14.009
0.682197 -8.981 -8.054 -9.808 -11.657 -12.882 -13.704 -11.98 -11.882 -12.906 -13.729 -14.238 -14.534 -11.813 -13.208 -14.042 -14.389 -14.565 -13.361 -14.063 -14.408 -14.561 -14.66 -14.013 -13.628 -14.211 -14.618 -14.461 -14.143 -13.982
0.70283 -8.924 -7.862 -9.671 -11.545 -12.805 -13.654 -11.911 -11.776 -12.83 -13.68 -14.212 -14.525 -11.704 -13.142 -14.005 -14.369 -14.557 -13.301 -14.027 -14.389 -14.552 -14.658 -13.98 -13.577 -14.183 -14.629 -14.481 -14.171 -13.952
0.724086 -8.869 -7.66 -9.528 -11.425 -12.722 -13.599 -11.837 -11.663 -12.748 -13.626 -14.181 -14.512 -11.588 -13.071 -13.964 -14.346 -14.547 -13.236 -13.987 -14.366 -14.54 -14.653 -13.943 -13.522 -14.151 -14.637 -14.499 -14.197 -13.918
0.745986 -8.815 -7.447 -9.377 -11.298 -12.632 -13.538 -11.758 -11.542 -12.66 -13.567 -14.147 -14.497 -11.464 -12.993 -13.918 -14.318 -14.533 -13.165 -13.943 -14.34 -14.524 -14.645 -13.902 -13.462 -14.115 -14.643 -14.516 -14.222 -13.88
0.768548 -8.763 -7.223 -9.218 -11.162 -12.536 -13.472 -11.674 -11.413 -12.565 -13.503 -14.108 -14.478 -11.332 -12.909 -13.868 -14.287 -14.517 -13.089 -13.894 -14.309 -14.505 -14.634 -13.856 -13.397 -14.075 -14.647 -14.531 -14.246 -13.838
0.791792 -8.713 -6.988 -9.05 -11.016 -12.432 -13.4 -11.584 -11.275 -12.463 -13.432 -14.065 -14.455 -11.19 -12.818 -13.812 -14.251 -14.496 -13.006 -13.839 -14.274 -14.483 -14.619 -13.806 -13.325 -14.03 -14.648 -14.544 -14.268 -13.792
0.815739 -8.664 -6.74 -8.874 -10.861 -12.32 -13.321 -11.487 -11.128 -12.353 -13.355 -14.016 -14.429 -11.039 -12.72 -13.75 -14.211 -14.472 -12.917 -13.779 -14.235 -14.456 -14.601 -13.75 -13.248 -13.98 -14.646 -14.554 -14.288 -13.742
0.840411 -8.616 -6.48 -8.688 -10.695 -12.199 -13.235 -11.384 -10.97 -12.235 -13.272 -13.963 -14.398 -10.877 -12.614 -13.683 -14.165 -14.443 -12.821 -13.713 -14.191 -14.425 -14.58 -13.69 -13.164 -13.924 -14.641 -14.562 -14.307 -13.687
0.865828 -8.569 -6.208 -8.492 -10.518 -12.069 -13.142 -11.274 -10.801 -12.107 -13.181 -13.903 -14.362 -10.704 -12.5 -13.608 -14.115 -14.41 -12.717 -13.641 -14.141 -14.389 -14.554 -13.623 -13.072 -13.863 -14.633 -14.568 -14.323 -13.626
0.892015 -8.523 -5.923 -8.286 -10.328 -11.929 -13.04 -11.156 -10.62 -11.97 -13.081 -13.837 -14.321 -10.519 -12.377 -13.527 -14.058 -14.371 -12.605 -13.562 -14.085 -14.349 -14.524 -13.55 -12.973 -13.795 -14.622 -14.571 -14.338 -13.56
0.918993 -8.477 -5.627 -8.068 -10.125 -11.779 -12.93 -11.031 -10.426 -11.822 -12.974 -13.765 -14.275 -10.32 -12.243 -13.438 -13.995 -14.328 -12.485 -13.475 -14.023 -14.302 -14.488 -13.47 -12.865 -13.721 -14.607 -14.571 -14.35 -13.489
0.946787 -8.43 -5.32 -7.839 -9.907 -11.617 -12.81 -10.896 -10.218 -11.663 -12.857 -13.685 -14.224 -10.107 -12.099 -13.34 -13.925 -14.279 -12.355 -13.38 -13.955 -14.25 -14.448 -13.383 -12.748 -13.639 -14.587 -14.568 -14.36 -13.411
0.975422 -8.383 -5.005 -7.597 -9.674 -11.442 -12.68 -10.752 -9.995 -11.492 -12.729 -13.597 -14.165 -9.878 -11.944 -13.233 -13.847 -14.223 -12.216 -13.277 -13.879 -14.192 -14.402 -13.287 -12.621 -13.549 -14.563 -14.562 -14.367 -13.327
1.004923 -8.335 -4.686 -7.341 -9.424 -11.253 -12.538 -10.599 -9.755 -11.307 -12.591 -13.501 -14.1 -9.633 -11.776 -13.117 -13.761 -14.161 -12.067 -13.164 -13.795 -14.126 -14.35 -13.183 -12.484 -13.45 -14.535 -14.552 -14.372 -13.235
1.035317 -8.285 -4.367 -7.072 -9.155 -11.05 -12.384 -10.434 -9.498 -11.108 -12.441 -13.396 -14.028 -9.369 -11.594 -12.99 -13.667 -14.091 -11.906 -13.04 -13.702 -14.053 -14.291 -13.07 -12.335 -13.342 -14.501 -14.538 -14.373 -13.136
1.066629 -8.233 -4.057 -6.787 -8.866 -10.83 -12.217 -10.258 -9.221 -10.893 -12.278 -13.28 -13.947 -9.086 -11.398 -12.851 -13.563 -14.013 -11.735 -12.906 -13.6 -13.972 -14.225 -12.947 -12.174 -13.224 -14.461 -14.519 -14.372 -13.03
1.098888 -8.178 -3.762 -6.487 -8.555 -10.593 -12.036 -10.069 -8.923 -10.66 -12.101 -13.154 -13.858 -8.781 -11.185 -12.7 -13.448 -13.927 -11.551 -12.76 -13.488 -13.882 -14.151 -12.813 -11.999 -13.095 -14.415 -14.496 -14.366 -12.915
1.132124 -8.12 -3.492 -6.169 -8.221 -10.337 -11.838 -9.867 -8.603 -10.41 -11.908 -13.016 -13.759 -8.452 -10.955 -12.535 -13.322 -13.831 -11.355 -12.601 -13.364 -13.782 -14.069 -12.666 -11.81 -12.954 -14.363 -14.468 -14.357 -12.791
1.166364 -8.057 -3.253 -5.832 -7.861 -10.059 -11.624 -9.65 -8.257 -10.139 -11.699 -12.865 -13.649 -8.097 -10.706 -12.354 -13.183 -13.725 -11.147 -12.428 -13.228 -13.671 -13.978 -12.507 -11.604 -12.799 -14.303 -14.434 -14.344 -12.657
1.20164 -7.99 -3.047 -5.476 -7.472 -9.759 -11.39 -9.418 -7.883 -9.845 -11.471 -12.699 -13.528 -7.715 -10.437 -12.158 -13.031 -13.607 -10.925 -12.24 -13.079 -13.549 -13.876 -12.334 -11.381 -12.63 -14.235 -14.393 -14.326 -12.514
1.237983 -7.918 -2.873 -5.098 -7.052 -9.434 -11.136 -9.169 -7.479 -9.528 -11.223 -12.518 -13.395 -7.301 -10.144 -11.943 -12.864 -13.476 -10.692 -12.035 -12.916 -13.413 -13.763 -12.145 -11.138 -12.445 -14.157 -14.346 -14.302 -12.36
1.275425 -7.839 -2.725 -4.696 -6.597 -9.081 -10.859 -8.902 -7.043 -9.184 -10.953 -12.321 -13.247 -6.853 -9.826 -11.708 -12.68 -13.332 -10.447 -11.813 -12.737 -13.264 -13.638 -11.939 -10.874 -12.243 -14.07 -14.292 -14.274 -12.195
1.313999 -7.755 -2.596 -4.269 -6.106 -8.698 -10.556 -8.616 -6.569 -8.81 -10.659 -12.104 -13.085 -6.368 -9.48 -11.451 -12.478 -13.172 -10.192 -11.571 -12.54 -13.099 -13.499 -11.714 -10.587 -12.022 -13.973 -14.229 -14.239 -12.019
1.35374 -7.662 -2.477 -3.813 -5.572 -8.281 -10.226 -8.31 -6.056 -8.405 -10.338 -11.867 -12.905 -5.842 -9.104 -11.17 -12.256 -12.996 -9.929 -11.309 -12.324 -12.918 -13.346 -11.469 -10.275 -11.78 -13.863 -14.157 -14.198 -11.832
1.394683 -7.562 -2.361 -3.326 -4.993 -7.828 -9.865 -7.983 -5.498 -7.964 -9.988 -11.607 -12.708 -5.27 -8.695 -10.862 -12.011 -12.801 -9.66 -11.026 -12.087 -12.717 -13.177 -11.201 -9.935 -11.515 -13.739 -14.076 -14.149 -11.632
1.436864 -7.453 -2.244 -2.805 -4.363 -7.333 -9.47 -7.633 -4.891 -7.484 -9.604 -11.322 -12.489 -4.647 -8.248 -10.525 -11.742 -12.585 -9.39 -10.719 -11.826 -12.496 -12.99 -10.908 -9.563 -11.225 -13.602 -13.983 -14.092 -11.421
1.480321 -7.334 -2.121 -2.246 -3.677 -6.794 -9.038 -7.261 -4.229 -6.96 -9.185 -11.01 -12.249 -3.969 -7.76 -10.155 -11.446 -12.347 -9.123 -10.389 -11.541 -12.252 -12.784 -10.587 -9.157 -10.906 -13.447 -13.877 -14.026 -11.198
1.525092 -7.204 -1.989 -1.643 -2.928 -6.204 -8.563 -6.867 -3.507 -6.389 -8.725 -10.667 -11.983 -3.228 -7.226 -9.748 -11.118 -12.083 -8.86 -10.035 -11.228 -11.982 -12.557 -10.236 -8.713 -10.557 -13.274 -13.758 -13.949 -10.963
1.571218 -7.061 -1.846 -0.993 -2.109 -5.557 -8.041 -6.454 -2.717 -5.764 -8.22 -10.29 -11.689 -2.418 -6.641 -9.3 -10.757 -11.79 -8.606 -9.659 -10.885 -11.685 -12.306 -9.851 -8.227 -10.172 -13.081 -13.623 -13.862 -10.717
1.618738 -6.906 -1.69 -0.29 -1.212 -4.848 -7.467 -6.023 -1.851 -5.08 -7.666 -9.875 -11.364 -1.53 -5.999 -8.806 -10.358 -11.466 -8.361 -9.262 -10.51 -11.357 -12.031 -9.427 -7.693 -9.748 -12.865 -13.471 -13.762 -10.461
1.667696 -6.735 -1.52 0.473 -0.228 -4.069 -6.834 -5.581 -0.901 -4.33 -7.055 -9.418 -11.004 -0.555 -5.293 -8.262 -9.916 -11.106 -8.123 -8.849 -10.1 -10.995 -11.728 -8.961 -7.106 -9.282 -12.623 -13.3 -13.647 -10.195
1.718134 -6.549 -1.333 1.303 0.855 -3.211 -6.134 -5.136 0.145 -3.505 -6.382 -8.913 -10.605 0.519 -4.515 -7.659 -9.426 -10.706 -7.888 -8.428 -9.655 -10.596 -11.396 -8.447 -6.459 -8.766 -12.351 -13.106 -13.517 -9.92
1.770098 -6.343 -1.128 2.209 2.049 -2.263 -5.359 -4.697 1.299 -2.597 -5.638 -8.356 -10.162 1.702 -3.656 -6.992 -8.882 -10.26 -7.651 -8.006 -9.173 -10.158 -11.032 -7.879 -5.745 -8.196 -12.047 -12.888 -13.368 -9.636
1.823633 -6.117 -0.902 3.2 3.369 -1.215 -4.5 -4.274 2.574 -1.594 -4.815 -7.738 -9.67 3.011 -2.706 -6.251 -8.277 -9.763 -7.405 -7.594 -8.657 -9.676 -10.637 -7.249 -4.956 -7.565 -11.705 -12.641 -13.199 -9.342
1.878788 -5.868 -0.653 4.287 4.831 -0.053 -3.545 -3.87 3.988 -0.486 -3.902 -7.054 -9.123 4.462 -1.651 -5.427 -7.601 -9.209 -7.145 -7.195 -8.113 -9.151 -10.208 -6.551 -4.08 -6.863 -11.321 -12.363 -13.006 -9.036
1.93561 -5.593 -0.377 5.483 6.456 1.239 -2.48 -3.483 5.559 0.743 -2.887 -6.293 -8.512 6.074 -0.479 -4.507 -6.847 -8.588 -6.864 -6.81 -7.55 -8.582 -9.748 -5.774 -3.106 -6.083 -10.888 -12.047 -12.786 -8.716
1.994152 -5.288 -0.072 6.803 8.268 2.68 -1.29 -3.106 7.31 2.108 -1.757 -5.445 -7.83 7.871 0.829 -3.479 -6.002 -7.892 -6.555 -6.433 -6.981 -7.975 -9.257 -4.908 -2.021 -5.212 -10.4 -11.69 -12.535 -8.378
2.054463 -4.949 0.267 8.265 10.293 4.291 0.044 -2.723 9.268 3.631 -0.496 -4.499 -7.067 9.879 2.292 -2.327 -5.052 -7.11 -6.215 -6.051 -6.421 -7.338 -8.741 -3.938 -0.807 -4.237 -9.847 -11.284 -12.249 -8.015
2.116599 -4.571 0.645 9.891 12.564 6.098 1.543 -2.322 11.463 5.332 0.917 -3.441 -6.211 12.132 3.934 -1.031 -3.984 -6.228 -5.836 -5.65 -5.878 -6.685 -8.204 -2.85 0.555 -3.144 -9.221 -10.822 -11.921 -7.621
2.180614 -4.148 1.068 11.707 15.121 8.132 3.234 -1.888 13.934 7.241 2.502 -2.253 -5.248 14.666 5.782 0.43 -2.776 -5.233 -5.413 -5.216 -5.346 -6.031 -7.647 -1.624 2.089 -1.914 -8.509 -10.296 -11.546 -7.188
2.246566 -3.673 1.542 13.744 18.009 10.429 5.146 -1.408 16.724 9.389 4.286 -0.917 -4.163 17.528 7.87 2.084 -1.409 -4.105 -4.939 -4.737 -4.808 -5.386 -7.07 -0.24 3.821 -0.524 -7.698 -9.694 -11.114 -6.708
2.314511 -3.138 2.077 16.041 21.286 13.034 7.318 -0.871 19.887 11.815 6.299 0.59 -2.938 20.773 10.238 3.961 0.146 -2.825 -4.404 -4.2 -4.241 -4.74 -6.465 1.331 5.786 1.051 -6.771 -9.004 -10.618 -6.17
2.384512 -2.533 2.683 18.644 25.017 16.0 9.793 -0.265 23.486 14.568 8.58 2.297 -1.548 24.464 12.934 6.102 1.92 -1.366 -3.798 -3.594 -3.622 -4.074 -5.816 3.119 8.023 2.844 -5.707 -8.212 -10.044 -5.563
2.45663 -1.844 3.371 21.61 29.286 19.392 12.626 0.424 27.599 17.703 11.171 4.236 0.03 28.683 16.017 8.552 3.951 0.302 -3.11 -2.905 -2.929 -3.357 -5.103 5.164 10.583 4.893 -4.483 -7.298 -9.38 -4.874
2.530929 -1.058 4.158 25.008 34.192 23.287 15.882 1.21 32.321 21.292 14.127 6.447 1.831 33.526 19.558 11.369 6.287 2.214 -2.324 -2.119 -2.141 -2.559 -4.306 7.514 13.524 7.246 -3.068 -6.241 -8.608 -4.088
2.607475 -0.272 4.944 28.179 38.745 26.916 18.928 1.997 36.702 24.631 16.879 8.523 3.536 38.016 22.861 14.014 8.494 4.028 -1.537 -1.332 -1.354 -1.769 -3.515 9.732 16.283 9.467 -1.698 -5.199 -7.825 -3.301
2.686337 0.105 5.321 28.556 39.122 27.293 19.305 2.373 37.078 25.007 17.256 8.899 3.913 38.392 23.238 14.39 8.87 4.405 -1.161 -0.956 -0.977 -1.393 -3.139 10.108 16.66 9.843 -1.322 -4.822 -7.448 -2.924
2.767583 0.505 5.72 28.955 39.521 27.693 19.704 2.773 37.478 25.407 17.656 9.299 4.312 38.792 23.638 14.79 9.27 4.805 -0.761 -0.556 -0.578 -0.993 -2.739 10.508 17.06 10.243 -0.922 -4.423 -7.048 -2.525
2.851287 0.929 6.145 29.38 39.946 28.117 20.129 3.198 37.903 25.831 18.08 9.724 4.737 39.217 24.062 15.214 9.695 5.229 -0.336 -0.132 -0.153 -0.569 -2.314 10.933 17.484 10.667 -0.498 -3.998 -6.624 -2.1
2.937522 1.379 6.595 29.83 40.396 28.568 20.579 3.648 38.353 26.282 18.53 10.174 5.187 39.667 24.513 15.665 10.145 5.679 0.114 0.319 0.297 -0.118 -1.864 11.383 17.934 11.118 -0.047 -3.548 -6.174 -1.65
3.026365 1.858 7.073 30.308 40.874 29.046 21.057 4.126 38.831 26.76 19.009 10.652 5.665 40.145 24.991 16.143 10.623 6.157 0.592 0.797 0.775 0.36 -1.386 11.861 18.412 11.596 0.431 -3.07 -5.696 -1.172
3.117896 2.365 7.581 30.815 41.382 29.553 21.565 4.633 39.338 27.267 19.516 11.159 6.172 40.652 25.498 16.65 11.13 6.665 1.099 1.304 1.283 0.867 -0.879 12.368 18.92 12.103 0.938 -2.562 -5.188 -0.664
3.212194 2.904 8.119 31.354 41.92 30.092 22.103 5.172 39.877 27.806 20.054 11.698 6.711 41.191 26.037 17.189 11.669 7.203 1.638 1.843 1.821 1.406 -0.34 12.907 19.458 12.642 1.477 -2.024 -4.65 -0.126
3.309345 3.475 8.691 31.926 42.492 30.663 22.675 5.744 40.449 28.377 20.626 12.27 7.283 41.763 26.608 17.76 12.241 7.775 2.21 2.414 2.393 1.978 0.232 13.479 20.03 13.213 2.049 -1.452 -4.078 0.446
3.409434 4.082 9.298 32.532 43.099 31.27 23.282 6.35 41.055 28.984 21.233 12.876 7.889 42.369 27.215 18.367 12.847 8.382 2.816 3.021 3.0 2.584 0.838 14.085 20.637 13.82 2.655 -0.845 -3.471 1.052
3.51255 4.726 9.942 33.176 43.743 31.914 23.926 6.994 41.699 29.628 21.877 13.52 8.533 43.013 27.859 19.011 13.491 9.026 3.46 3.665 3.644 3.228 1.482 14.729 21.281 14.464 3.299 -0.201 -2.827 1.696
3.618785 5.409 10.625 33.86 44.426 32.597 24.609 7.678 42.383 30.312 22.56 14.204 9.217 43.697 28.542 19.695 14.175 9.709 4.144 4.349 4.327 3.912 2.166 15.413 21.964 15.148 3.983 0.482 -2.144 2.38
3.728232 6.135 11.351 34.586 45.152 33.323 25.335 8.403 43.108 31.037 23.286 14.929 9.943 44.422 29.268 20.42 14.9 10.435 4.869 5.074 5.053 4.637 2.891 16.138 22.69 15.873 4.708 1.208 -1.418 3.106
3.84099 6.905 12.121 35.356 45.922 34.093 26.105 9.173 43.879 31.807 24.056 15.699 10.713 45.193 30.038 21.19 15.67 11.205 5.639 5.844 5.823 5.407 3.662 16.908 23.46 16.643 5.478 1.978 -0.648 3.876
3.957158 7.722 12.938 36.173 46.739 34.91 26.922 9.991 44.696 32.625 24.873 16.517 11.53 46.01 30.855 22.008 16.488 12.022 6.457 6.662 6.64 6.225 4.479 17.726 24.277 17.461 6.296 2.795 0.169 4.693
4.07684 8.59 13.806 37.04 47.607 35.778 27.79 10.858 45.563 33.492 25.741 17.384 12.397 46.877 31.723 22.875 17.355 12.89 7.324 7.529 7.508 7.092 5.346 18.593 25.145 18.328 7.163 3.663 1.037 5.561
4.200141 9.511 14.726 37.961 48.527 36.699 28.71 11.779 46.484 34.413 26.662 18.305 13.318 47.798 32.644 23.796 18.276 13.811 8.245 8.45 8.428 8.013 6.267 19.514 26.066 19.249 8.084 4.583 1.958 6.481
4.327172 10.488 15.704 38.939 49.505 37.676 29.688 12.757 47.462 35.39 27.639 19.283 14.296 48.776 33.621 24.773 19.254 14.788 9.223 9.427 9.406 8.99 7.245 20.492 27.043 20.226 9.061 5.561 2.935 7.459
4.458044 11.525 16.741 39.976 50.542 38.713 30.725 13.794 48.499 36.428 28.676 20.32 15.333 49.813 34.658 25.811 20.291 15.825 10.26 10.465 10.443 10.028 8.282 21.529 28.08 21.264 10.099 6.598 3.972 8.496
4.592874 12.627 17.842 41.077 51.643 39.815 31.826 14.895 49.6 37.529 29.777 21.421 16.434 50.914 35.76 26.912 21.392 16.926 11.361 11.566 11.544 11.129 9.383 22.63 29.181 22.365 11.2 7.699 5.073 9.597
4.731783 13.795 19.011 42.246 52.812 40.983 32.995 16.064 50.769 38.698 30.946 22.59 17.603 52.083 36.928 28.08 22.561 18.095 12.53 12.734 12.713 12.298 10.552 23.799 30.35 23.533 12.369 8.868 6.242 10.766
4.874892 15.036 20.251 43.486 54.052 42.224 34.235 17.304 52.009 39.938 32.187 23.83 18.843 53.323 38.169 29.321 23.801 19.335 13.77 13.975 13.953 13.538 11.792 25.039 31.591 24.774 13.609 10.108 7.483 12.006
5.02233 16.352 21.568 44.803 55.369 43.54 35.552 18.621 53.326 41.255 33.503 25.147 20.16 54.64 39.485 30.637 25.118 20.652 15.087 15.291 15.27 14.855 13.109 26.356 32.907 26.09 14.926 11.425 8.799 13.323
5.174227 17.75 22.965 46.2 56.766 44.938 36.949 20.018 54.723 42.652 34.901 26.544 21.557 56.037 40.883 32.035 26.515 22.05 16.484 16.689 16.667 16.252 14.506 27.753 34.305 27.488 16.323 12.822 10.197 14.72
5.330718 19.233 24.449 47.683 58.25 46.421 38.433 21.501 56.206 44.135 36.384 28.027 23.04 57.52 42.366 33.518 27.998 23.533 17.967 18.172 18.151 17.735 15.989 29.236 35.788 28.971 17.806 14.306 11.68 16.203
5.491942 20.807 26.023 49.258 59.824 47.995 40.007 23.076 57.781 45.71 37.958 29.602 24.615 59.095 43.94 35.092 29.573 25.107 19.542 19.746 19.725 19.31 17.564 30.811 37.362 30.545 19.381 15.88 13.254 17.778
5.658042 22.478 27.694 50.929 61.495 49.666 41.678 24.747 59.452 47.381 39.629 31.273 26.286 60.766 45.611 36.763 31.244 26.778 21.213 21.417 21.396 20.981 19.235 32.482 39.033 32.216 21.052 17.551 14.925 19.449
5.829166 24.252 29.467 52.702 63.268 51.44 43.452 26.52 61.225 49.154 41.403 33.046 28.059 62.539 47.385 38.537 33.017 28.552 22.986 23.191 23.17 22.754 21.008 34.255 40.807 33.99 22.825 19.325 16.699 21.222
6.005465 26.134 31.35 54.585 65.151 53.322 45.334 28.403 63.108 51.037 43.285 34.929 29.942 64.422 49.267 40.42 34.9 30.434 24.869 25.074 25.052 24.637 22.891 36.138 42.689 35.872 24.708 21.207 18.581 23.105
6.187096 28.132 33.348 56.583 67.149 55.32 47.332 30.401 65.106 53.035 45.283 36.927 31.94 66.42 51.265 42.418 36.898 32.432 26.867 27.072 27.05 26.635 24.889 38.136 44.687 37.871 26.706 23.205 20.579 25.103
6.37422 30.253 35.469 58.704 69.27 57.441 49.453 32.522 67.227 55.156 47.404 39.048 34.061 68.541 53.386 44.538 39.019 34.553 28.988 29.192 29.171 28.756 27.01 40.257 46.808 39.991 28.827 25.326 22.7 27.224
6.567004 32.504 37.72 60.955 71.521 59.692 51.704 34.773 69.478 57.407 49.655 41.299 36.312 70.792 55.637 46.789 41.27 36.804 31.239 31.443 31.422 31.007 29.261 42.508 49.059 42.242 31.078 27.577 24.951 29.475
6.765619 34.893 40.109 63.344 73.91 62.081 54.093 37.162 71.867 59.796 52.044 43.688 38.701 73.181 58.026 49.179 43.659 39.193 33.628 33.833 33.811 33.396 31.65 44.897 51.448 44.632 33.467 29.966 27.34 31.864
6.97024 37.429 42.645 65.88 76.446 64.617 56.629 39.698 74.403 62.332 54.58 46.224 41.237 75.717 60.562 51.715 46.195 41.729 36.164 36.369 36.347 35.932 34.186 47.433 53.984 47.168 36.003 32.502 29.876 34.4
7.181051 40.121 45.337 68.572 79.138 67.309 59.321 42.389 77.095 65.023 57.272 48.915 43.929 78.409 63.254 54.406 48.886 44.421 38.855 39.06 39.039 38.623 36.878 50.124 56.676 49.859 38.694 35.194 32.568 37.092
7.398237 42.978 48.194 71.429 81.995 70.166 62.178 45.246 79.951 67.88 60.129 51.772 46.786 81.265 66.111 57.263 51.743 47.278 41.712 41.917 41.896 41.48 39.734 52.981 59.533 52.716 41.551 38.051 35.425 39.949
7.621991 46.01 51.226 74.461 85.027 73.198 65.21 48.279 82.984 70.913 63.161 54.805 49.818 84.298 69.143 60.296 54.776 50.31 44.745 44.949 44.928 44.513 42.767 56.014 62.565 55.748 44.584 41.083 38.457 42.981
7.852513 49.229 54.445 77.679 88.246 76.417 68.429 51.497 86.202 74.131 66.38 58.023 53.036 87.516 72.362 63.514 57.994 53.529 47.963 48.168 48.147 47.731 45.985 59.232 65.784 58.967 47.802 44.302 41.676 46.199
8.090007 52.645 57.861 81.096 91.662 79.833 71.845 54.913 89.619 77.547 69.796 61.439 56.453 90.933 75.778 66.93 61.41 56.945 51.379 51.584 51.563 51.147 49.402 62.648 69.2 62.383 51.218 47.718 45.092 49.616
8.334684 56.271 61.487 84.722 95.288 83.459 75.471 58.539 93.244 81.173 73.422 65.065 60.079 94.559 79.404 70.556 65.036 60.571 55.005 55.21 55.189 54.773 53.027 66.274 72.826 66.009 54.844 51.344 48.718 53.242
8.586761 60.12 65.335 88.57 99.136 87.308 79.319 62.388 97.093 85.022 77.271 68.914 63.927 98.407 83.253 74.405 68.885 64.419 58.854 59.059 59.037 58.622 56.876 70.123 76.675 69.858 58.693 55.192 52.566 57.09
8.846461 64.205 69.42 92.655 103.221 91.393 83.404 66.473 101.178 89.107 81.355 72.999 68.012 102.492 87.338 78.49 72.97 68.504 62.939 63.144 63.122 62.707 60.961 74.208 80.759 73.943 62.778 59.277 56.651 61.175
9.114017 68.54 73.756 96.991 107.557 95.728 87.74 70.809 105.514 93.443 85.691 77.335 72.348 106.828 91.673 82.825 77.306 72.84 67.275 67.479 67.458 67.043 65.297 78.544 85.095 78.278 67.114 63.613 60.987 65.511
9.389664 73.142 78.358 101.593 112.159 100.33 92.342 75.411 110.116 98.044 90.293 81.937 76.95 111.43 96.275 87.427 81.908 77.442 71.877 72.081 72.06 71.645 69.899 83.146 89.697 82.88 71.716 68.215 65.589 70.113
9.673648 78.027 83.242 106.477 117.043 105.215 97.226 80.295 115.0 102.929 95.178 86.821 81.834 116.314 101.16 92.312 86.792 82.327 76.761 76.966 76.944 76.529 74.783 88.03 94.582 87.765 76.6 73.099 70.474 74.997
9.966221 83.211 88.427 111.662 122.228 110.399 102.411 85.48 120.185 108.113 100.362 92.006 87.019 121.499 106.344 97.496 91.977 87.511 81.946 82.15 82.129 81.714 79.968 93.215 99.766 92.949 81.785 78.284 75.658 80.182
10.267642 88.714 93.93 117.165 127.731 115.902 107.914 90.982 125.687 113.616 105.865 97.508 92.522 127.001 111.847 102.999 97.479 93.014 87.448 87.653 87.632 87.216 85.47 98.717 105.269 98.452 87.287 83.787 81.161 85.685
10.57818 94.555 99.77 123.005 133.571 121.743 113.754 96.823 131.528 119.457 111.706 103.349 98.362 132.842 117.688 108.84 103.32 98.855 93.289 93.494 93.472 93.057 91.311 104.558 111.11 104.293 93.128 89.627 87.002 91.525
10.89811 100.754 105.97 129.205 139.771 127.942 119.954 103.022 137.728 125.656 117.905 109.548 104.562 139.042 123.887 115.039 109.519 105.054 99.488 99.693 99.672 99.256 97.511 110.757 117.309 110.492 99.327 95.827 93.201 97.725
11.227716 107.334 112.55 135.785 146.351 134.522 126.534 109.602 144.307 132.236 124.485 116.128 111.142 145.622 130.467 121.619 116.099 111.634 106.068 106.273 106.252 105.836 104.091 117.337 123.889 117.072 105.907 102.407 99.781 104.305
11.56729 114.318 119.534 142.769 153.335 141.506 133.518 116.586 151.292 139.22 131.469 123.112 118.126 152.606 137.451 128.603 123.083 118.618 113.052 113.257 113.236 112.82 111.075 124.321 130.873 124.056 112.891 109.391 106.765 111.289
11.917135 121.731 126.947 150.181 160.748 148.919 140.931 123.999 158.704 146.633 138.882 130.525 125.538 160.018 144.864 136.016 130.496 126.031 120.465 120.67 120.649 120.233 118.487 131.734 138.286 131.469 120.304 116.804 114.178 118.701
12.277561 129.599 134.815 158.05 168.616 156.787 148.799 131.867 166.572 154.501 146.75 138.393 133.406 167.886 152.732 143.884 138.364 133.899 128.333 128.538 128.517 128.101 126.355 139.602 146.154 139.337 128.172 124.672 122.046 126.57
12.648887 137.95 143.166 166.401 176.967 165.138 157.15 140.219 174.924 162.852 155.101 146.745 141.758 176.238 161.083 152.235 146.716 142.25 136.685 136.889 136.868 136.453 134.707 147.954 154.505 147.688 136.524 133.023 130.397 134.921
13.031444 146.814 152.03 175.265 185.831 174.002 166.014 149.083 183.788 171.716 163.965 155.609 150.622 185.102 169.947 161.099 155.58 151.114 145.549 145.753 145.732 145.316 143.571 156.818 163.369 156.552 145.387 141.887 139.261 143.785
13.425571 156.222 161.438 184.673 195.239 183.41 175.422 158.491 193.196 181.125 173.373 165.017 160.03 194.51 179.355 170.508 164.988 160.522 154.957 155.162 155.14 154.725 152.979 166.226 172.777 165.96 154.796 151.295 148.669 153.193
13.831619 166.208 171.424 194.659 205.225 193.396 185.408 168.477 203.182 191.111 183.359 175.003 170.016 204.496 189.341 180.494 174.974 170.508 164.943 165.147 165.126 164.711 162.965 176.212 182.763 175.946 164.782 161.281 158.655 163.179
14.249947 176.807 182.023 205.258 215.824 203.995 196.007 179.076 213.781 201.71 193.958 185.602 180.615 215.095 199.94 191.093 185.573 181.107 175.542 175.747 175.725 175.31 173.564 186.811 193.362 186.546 175.381 171.88 169.254 173.778
14.680926 188.057 193.273 216.508 227.074 215.245 207.257 190.326 225.031 212.96 205.208 196.852 191.865 226.345 211.19 202.343 196.823 192.357 186.792 186.996 186.975 186.56 184.814 198.061 204.612 197.795 186.631 183.13 180.504 185.028
15.124941 199.998 205.214 228.449 239.015 227.186 219.198 202.266 236.971 224.9 217.149 208.792 203.806 238.286 223.131 214.283 208.763 204.298 198.732 198.937 198.916 198.5 196.755 210.001 216.553 209.736 198.571 195.071 192.445 196.969
15.582385 212.672 217.888 241.122 251.689 239.86 231.872 214.94 249.645 237.574 229.823 221.466 216.479 250.959 235.805 226.957 221.437 216.972 211.406 211.611 211.59 211.174 209.428 222.675 229.227 222.41 211.245 207.745 205.119 209.643
16.053663 226.124 231.34 254.575 265.141 253.312 245.324 228.392 263.098 251.026 243.275 234.918 229.932 264.412 249.257 240.409 234.89 230.424 224.858 225.063 225.042 224.626 222.881 236.127 242.679 235.862 224.697 221.197 218.571 223.095
16.539195 240.402 245.618 268.853 279.419 267.59 259.602 242.671 277.376 265.305 257.553 249.197 244.21 278.69 263.535 254.687 249.168 244.702 239.137 239.341 239.32 238.905 237.159 250.406 256.957 250.14 238.976 235.475 232.849 237.373
17.039412 255.557 260.773 284.008 294.574 282.745 274.757 257.825 292.531 280.459 272.708 264.351 259.365 293.845 278.69 269.842 264.322 259.857 254.291 254.496 254.475 254.059 252.314 265.56 272.112 265.295 254.13 250.63 248.004 252.528
17.554757 271.642 276.858 300.093 310.659 298.831 290.842 273.911 308.616 296.545 288.793 280.437 275.45 309.93 294.776 285.928 280.408 275.942 270.377 270.582 270.56 270.145 268.399 281.646 288.197 281.381 270.216 266.715 264.089 268.613
18.085689 288.716 293.931 317.166 327.732 315.904 307.915 290.984 325.689 313.618 305.867 297.51 292.523 327.003 311.849 303.001 297.481 293.015 287.45 287.655 287.633 287.218 285.472 298.719 305.271 298.454 287.289 283.788 281.162 285.686
18.632678 306.837 312.053 335.288 345.854 334.025 326.037 309.105 343.811 331.739 323.988 315.631 310.645 345.125 329.97 321.122 315.603 311.137 305.571 305.776 305.755 305.339 303.594 316.84 323.392 316.575 305.41 301.91 299.284 303.808
19.196211 326.071 331.287 354.522 365.088 353.259 345.271 328.34 363.045 350.974 343.222 334.866 329.879 364.359 349.204 340.356 334.837 330.371 324.806 325.01 324.989 324.574 322.828 336.075 342.626 335.809 324.645 321.144 318.518 323.042
19.776787 346.487 351.702 374.937 385.503 373.675 365.686 348.755 383.46 371.389 363.637 355.281 350.294 384.774 369.62 360.772 355.252 350.786 345.221 345.426 345.404 344.989 343.243 356.49 363.041 356.225 345.06 341.559 338.933 343.457
20.374923 368.155 373.371 396.606 407.172 395.343 387.355 370.424 405.129 393.058 385.306 376.95 371.963 406.443 391.288 382.441 376.921 372.455 366.89 367.094 367.073 366.658 364.912 378.159 384.71 377.893 366.729 363.228 360.602 365.126
20.991149 391.155 396.37 419.605 430.171 418.343 410.354 393.423 428.128 416.057 408.306 399.949 394.962 429.442 414.288 405.44 399.92 395.454 389.889 390.094 390.072 389.657 387.911 401.158 407.71 400.893 389.728 386.227 383.601 388.125
21.626011 415.566 420.782 444.017 454.583 442.754 434.766 417.835 452.54 440.468 432.717 424.361 419.374 453.854 438.699 429.851 424.332 419.866 414.301 414.505 414.484 414.069 412.323 425.57 432.121 425.304 414.14 410.639 408.013 412.537
22.280075 441.477 446.692 469.927 480.493 468.665 460.676 443.745 478.45 466.379 458.628 450.271 445.284 479.764 464.61 455.762 450.242 445.777 440.211 440.416 440.394 439.979 438.233 451.48 458.032 451.215 440.05 436.549 433.924 438.447
22.953921 468.978 474.194 497.429 507.995 496.166 488.178 471.247 505.952 493.881 486.129 477.773 472.786 507.266 492.111 483.263 477.744 473.278 467.713 467.917 467.896 467.481 465.735 478.982 485.533 478.716 467.552 464.051 461.425 465.949
23.648147 498.168 503.384 526.619 537.185 525.356 517.368 500.437 535.142 523.071 515.319 506.963 501.976 536.456 521.301 512.454 506.934 502.468 496.903 497.108 497.086 496.671 494.925 508.172 514.723 507.907 496.742 493.241 490.615 495.139
24.363369 529.151 534.367 557.602 568.168 556.339 548.351 531.419 566.124 554.053 546.302 537.945 532.958 567.438 552.284 543.436 537.916 533.451 527.885 528.09 528.069 527.653 525.907 539.154 545.706 538.889 527.724 524.224 521.598 526.122
25.100222 562.036 567.252 590.487 601.053 589.224 581.236 564.304 599.009 586.938 579.187 570.83 565.844 600.323 585.169 576.321 570.801 566.336 560.77 560.975 560.954 560.538 558.792 572.039 578.591 571.774 560.609 557.109 554.483 559.007
25.859362 596.94 602.156 625.391 635.957 624.128 616.14 599.209 633.914 621.843 614.091 605.735 600.748 635.228 620.073 611.225 605.706 601.24 595.675 595.879 595.858 595.443 593.697 606.944 613.495 606.678 595.514 592.013 589.387 593.911
26.64146 633.988 639.203 662.438 673.004 661.176 653.187 636.256 670.961 658.89 651.139 642.782 637.795 672.275 657.121 648.273 642.753 638.288 632.722 632.927 632.905 632.49 630.744 643.991 650.543 643.726 632.561 629.06 626.435 630.958
27.447213 673.31 678.526 701.761 712.327 700.498 692.51 675.578 710.284 698.212 690.461 682.104 677.118 711.598 696.443 687.595 682.075 677.61 672.044 672.249 672.228 671.812 670.067 683.313 689.865 683.048 671.883 668.383 665.757 670.281
28.277335 715.047 720.263 743.497 754.064 742.235 734.247 717.315 752.02 739.949 732.198 723.841 718.854 753.334 738.18 729.332 723.812 719.347 713.781 713.986 713.965 713.549 711.803 725.05 731.602 724.785 713.62 710.12 707.494 712.017
29.132564 759.347 764.562 787.798 nan 786.549 778.546 761.615 nan 784.251 776.498 768.141 763.154 nan 782.48 773.632 768.112 763.646 758.081 758.286 758.264 757.849 756.103 769.35 775.901 769.085 757.92 754.419 751.793 756.317
30.013659 nan nan nan nan nan nan nan nan nan nan nan nan nan nan nan nan nan nan nan nan nan nan nan nan nan nan nan nan nan
30.921401 nan nan nan nan nan nan nan nan nan nan nan nan nan nan nan nan nan nan nan nan nan nan nan nan nan nan nan nan nan
31.856598 nan nan nan nan nan nan nan nan nan nan nan nan nan nan nan nan nan nan nan nan nan nan nan nan nan nan nan nan nan
32.820079 nan nan nan nan nan nan nan nan nan nan nan nan nan nan nan nan nan nan nan nan nan nan nan nan nan nan nan nan nan
33.8127 nan nan nan nan nan nan nan nan nan nan nan nan nan nan nan nan nan nan nan nan nan nan nan nan nan nan nan nan nan
34.835342 nan nan nan nan nan nan nan nan nan nan nan nan nan nan nan nan nan nan nan nan nan nan nan nan nan nan nan nan nan
35.888913 nan nan nan nan nan nan nan nan nan nan nan nan nan nan nan nan nan nan nan nan nan nan nan nan nan nan nan nan nan
36.974349 nan nan nan nan nan nan nan nan nan nan nan nan nan nan nan nan nan nan nan nan nan nan nan nan nan nan nan nan nan
38.092613 nan nan nan nan nan nan nan nan nan nan nan nan nan nan nan nan nan nan nan nan nan nan nan nan nan nan nan nan nan
39.244698 nan nan nan nan nan nan nan nan nan nan nan nan nan nan nan nan nan nan nan nan nan nan nan nan nan nan nan nan nan
40.431627 nan nan nan nan nan nan nan nan nan nan nan nan nan nan nan nan nan nan nan nan nan nan nan nan nan nan nan nan nan
41.654454 nan nan nan nan nan nan nan nan nan nan nan nan nan nan nan nan nan nan nan nan nan nan nan nan nan nan nan nan nan
42.914265 nan nan nan nan nan nan nan nan nan nan nan nan nan nan nan nan nan nan nan nan nan nan nan nan nan nan nan nan nan
44.212178 nan nan nan nan nan nan nan nan nan nan nan nan nan nan nan nan nan nan nan nan nan nan nan nan nan nan nan nan nan
45.549345 nan nan nan nan nan nan nan nan nan nan nan nan nan nan nan nan nan nan nan nan nan nan nan nan nan nan nan nan nan
46.926954 nan nan nan nan nan nan nan nan nan nan nan nan nan nan nan nan nan nan nan nan nan nan nan nan nan nan nan nan nan
48.346227 nan nan nan nan nan nan nan nan nan nan nan nan nan nan nan nan nan nan nan nan nan nan nan nan nan nan nan nan nan
49.808426 nan nan nan nan nan nan nan nan nan nan nan nan nan nan nan nan nan nan nan nan nan nan nan nan nan nan nan nan nan
51.314848 nan nan nan nan nan nan nan nan nan nan nan nan nan nan nan nan nan nan nan nan nan nan nan nan nan nan nan nan nan
52.86683 nan nan nan nan nan nan nan nan nan nan nan nan nan nan nan nan nan nan nan nan nan nan nan nan nan nan nan nan nan
54.465752 nan nan nan nan nan nan nan nan nan nan nan nan nan nan nan nan nan nan nan nan nan nan nan nan nan nan nan nan nan
56.113031 nan nan nan nan nan nan nan nan nan nan nan nan nan nan nan nan nan nan nan nan nan nan nan nan nan nan nan nan nan
57.810132 nan nan nan nan nan nan nan nan nan nan nan nan nan nan nan nan nan nan nan nan nan nan nan nan nan nan nan nan nan
59.55856 nan nan nan nan nan nan nan nan nan nan nan nan nan nan nan nan nan nan nan nan nan nan nan nan nan nan nan nan nan
61.359868 nan nan nan nan nan nan nan nan nan nan nan nan nan nan nan nan nan nan nan nan nan nan nan nan nan nan nan nan nan
63.215655 nan nan nan nan nan nan nan nan nan nan nan nan nan nan nan nan nan nan nan nan nan nan nan nan nan nan nan nan nan
65.127569 nan nan nan nan nan nan nan nan nan nan nan nan nan nan nan nan nan nan nan nan nan nan nan nan nan nan nan nan nan
67.097308 nan nan nan nan nan nan nan nan nan nan nan nan nan nan nan nan nan nan nan nan nan nan nan nan nan nan nan nan nan
69.126621 nan nan nan nan nan nan nan nan nan nan nan nan nan nan nan nan nan nan nan nan nan nan nan nan nan nan nan nan nan
71.217308 nan nan nan nan nan nan nan nan nan nan nan nan nan nan nan nan nan nan nan nan nan nan nan nan nan nan nan nan nan
73.371227 nan nan nan nan nan nan nan nan nan nan nan nan nan nan nan nan nan nan nan nan nan nan nan nan nan nan nan nan nan
75.59029 nan nan nan nan nan nan nan nan nan nan nan nan nan nan nan nan nan nan nan nan nan nan nan nan nan nan nan nan nan
77.876467 nan nan nan nan nan nan nan nan nan nan nan nan nan nan nan nan nan nan nan nan nan nan nan nan nan nan nan nan nan
80.231787 nan nan nan nan nan nan nan nan nan nan nan nan nan nan nan nan nan nan nan nan nan nan nan nan nan nan nan nan nan
82.658343 nan nan nan nan nan nan nan nan nan nan nan nan nan nan nan nan nan nan nan nan nan nan nan nan nan nan nan nan nan
85.158288 nan nan nan nan nan nan nan nan nan nan nan nan nan nan nan nan nan nan nan nan nan nan nan nan nan nan nan nan nan
87.733843 nan nan nan nan nan nan nan nan nan nan nan nan nan nan nan nan nan nan nan nan nan nan nan nan nan nan nan nan nan
90.387293 nan nan nan nan nan nan nan nan nan nan nan nan nan nan nan nan nan nan nan nan nan nan nan nan nan nan nan nan nan
93.120995 nan nan nan nan nan nan nan nan nan nan nan nan nan nan nan nan nan nan nan nan nan nan nan nan nan nan nan nan nan
95.937376 nan nan nan nan nan nan nan nan nan nan nan nan nan nan nan nan nan nan nan nan nan nan nan nan nan nan nan nan nan
98.838937 nan nan nan nan nan nan nan nan nan nan nan nan nan nan nan nan nan nan nan nan nan nan nan nan nan nan nan nan nan
101.828253 nan nan nan nan nan nan nan nan nan nan nan nan nan nan nan nan nan nan nan nan nan nan nan nan nan nan nan nan nan
104.907979 nan nan nan nan nan nan nan nan nan nan nan nan nan nan nan nan nan nan nan nan nan nan nan nan nan nan nan nan nan
108.080849 nan nan nan nan nan nan nan nan nan nan nan nan nan nan nan nan nan nan nan nan nan nan nan nan nan nan nan nan nan
111.349681 nan nan nan nan nan nan nan nan nan nan nan nan nan nan nan nan nan nan nan nan nan nan nan nan nan nan nan nan nan
114.717376 nan nan nan nan nan nan nan nan nan nan nan nan nan nan nan nan nan nan nan nan nan nan nan nan nan nan nan nan nan
118.186925 nan nan nan nan nan nan nan nan nan nan nan nan nan nan nan nan nan nan nan nan nan nan nan nan nan nan nan nan nan
121.761408 nan nan nan nan nan nan nan nan nan nan nan nan nan nan nan nan nan nan nan nan nan nan nan nan nan nan nan nan nan
125.443999 nan nan nan nan nan nan nan nan nan nan nan nan nan nan nan nan nan nan nan nan nan nan nan nan nan nan nan nan nan
129.237967 nan nan nan nan nan nan nan nan nan nan nan nan nan nan nan nan nan nan nan nan nan nan nan nan nan nan nan nan nan
133.146681 nan nan nan nan nan nan nan nan nan nan nan nan nan nan nan nan nan nan nan nan nan nan nan nan nan nan nan nan nan
137.173612 nan nan nan nan nan nan nan nan nan nan nan nan nan nan nan nan nan nan nan nan nan nan nan nan nan nan nan nan nan
141.322334 nan nan nan nan nan nan nan nan nan nan nan nan nan nan nan nan nan nan nan nan nan nan nan nan nan nan nan nan nan
145.596532 nan nan nan nan nan nan nan nan nan nan nan nan nan nan nan nan nan nan nan nan nan nan nan nan nan nan nan nan nan
150.0 nan nan nan nan nan nan nan nan nan nan nan nan nan nan nan nan nan nan nan nan nan nan nan nan nan nan nan nan nan
