# %ECSV 1.0
# ---
# datatype:
# - {name: time, datatype: float64}
# - {name: swift_uvot_uvw2, datatype: float64}
# - {name: swift_uvot_uvm2, datatype: float64}
# - {name: swift_uvot_uvw1, datatype: float64}
# - {name: swift_uvot_U, datatype: float64}
# - {name: swift_uvot_B, datatype: float64}
# - {name: swift_uvot_V, datatype: float64}
# - {name: swift_uvot_W, datatype: float64}
# - {name: johnson_U, datatype: float64}
# - {name: johnson_B, datatype: float64}
# - {name: johnson_V, datatype: float64}
# - {name: johnson_R, datatype: float64}
# - {name: johnson_I, datatype: float64}
# - {name: sdss_u, datatype: float64}
# - {name: sdss_g, datatype: float64}
# - {name: sdss_r, datatype: float64}
# - {name: sdss_i, datatype: float64}
# - {name: sdss_z, datatype: float64}
# - {name: PS1_g, datatype: float64}
# - {name: PS1_r, datatype: float64}
# - {name: PS1_i, datatype: float64}
# - {name: PS1_z, datatype: float64}
# - {name: PS1_Y, datatype: float64}
# - {name: PS1_w, datatype: float64}
# - {name: ATLAS_c, datatype: float64}
# - {name: ATLAS_o, datatype: float64}
# - {name: ukirt_J, datatype: float64}
# - {name: ukirt_H, datatype: float64}
# - {name: ukirt_K, datatype: float64}
# - {name: Clear, datatype: float64}
# meta: !!omap
# - comment: [kappa = 10.0, type = villar, mass = 0.33039895931513485, velocity = 0.32766666666666666, theta_obs = 0.0]
# schema: astropy-2.0
time swift_uvot_uvw2 swift_uvot_uvm2 swift_uvot_uvw1 swift_uvot_U swift_uvot_B swift_uvot_V swift_uvot_W johnson_U johnson_B johnson_V johnson_R johnson_I sdss_u sdss_g sdss_r sdss_i sdss_z PS1_g PS1_r PS1_i PS1_z PS1_Y PS1_w ATLAS_c ATLAS_o ukirt_J ukirt_H ukirt_K Clear
0.001 nan nan nan nan nan nan nan nan nan nan nan nan nan nan nan nan nan nan nan nan nan nan nan nan nan nan nan nan nan
0.00103 -5.246 -5.265 -5.252 -5.139 -4.927 -4.654 -5.128 -5.111 -4.924 -4.645 -4.329 -3.945 -5.118 -4.842 -4.475 -4.18 -3.888 -4.825 -4.496 -4.203 -3.995 -3.934 -4.51 -4.7 -4.353 -3.282 -2.772 -2.172 -4.563
0.001061 -5.905 -5.859 -5.802 -5.586 -5.326 -5.015 -5.66 -5.55 -5.322 -5.006 -4.665 -4.257 -5.558 -5.228 -4.82 -4.504 -4.197 -5.211 -4.847 -4.536 -4.324 -4.285 -4.864 -5.069 -4.69 -3.569 -3.047 -2.437 -4.927
0.001094 -6.27 -6.189 -6.112 -5.847 -5.563 -5.235 -5.964 -5.806 -5.559 -5.225 -4.872 -4.454 -5.815 -5.459 -5.032 -4.706 -4.392 -5.443 -5.064 -4.745 -4.532 -4.509 -5.081 -5.293 -4.898 -3.753 -3.226 -2.611 -5.148
0.001127 -6.526 -6.422 -6.332 -6.037 -5.739 -5.4 -6.181 -5.994 -5.735 -5.39 -5.03 -4.605 -6.003 -5.632 -5.193 -4.86 -4.542 -5.617 -5.228 -4.904 -4.692 -4.681 -5.245 -5.461 -5.056 -3.897 -3.366 -2.748 -5.314
0.001161 -6.725 -6.604 -6.507 -6.191 -5.883 -5.537 -6.354 -6.146 -5.879 -5.527 -5.162 -4.732 -6.155 -5.773 -5.326 -4.99 -4.669 -5.76 -5.364 -5.037 -4.826 -4.825 -5.38 -5.599 -5.188 -4.019 -3.486 -2.866 -5.451
0.001196 -6.89 -6.757 -6.653 -6.322 -6.007 -5.656 -6.5 -6.276 -6.003 -5.646 -5.277 -4.844 -6.285 -5.896 -5.443 -5.103 -4.78 -5.883 -5.483 -5.154 -4.944 -4.95 -5.498 -5.719 -5.304 -4.127 -3.592 -2.97 -5.571
0.001232 -7.033 -6.889 -6.781 -6.439 -6.118 -5.763 -6.628 -6.392 -6.115 -5.753 -5.381 -4.945 -6.401 -6.005 -5.548 -5.206 -4.881 -5.994 -5.59 -5.259 -5.05 -5.063 -5.605 -5.827 -5.408 -4.226 -3.689 -3.067 -5.678
0.001269 -7.159 -7.008 -6.896 -6.544 -6.22 -5.861 -6.742 -6.497 -6.216 -5.851 -5.477 -5.04 -6.506 -6.106 -5.645 -5.301 -4.975 -6.095 -5.688 -5.357 -5.148 -5.167 -5.703 -5.926 -5.504 -4.318 -3.78 -3.157 -5.777
0.001308 -7.273 -7.116 -7.001 -6.642 -6.314 -5.953 -6.847 -6.594 -6.311 -5.943 -5.567 -5.128 -6.604 -6.2 -5.736 -5.391 -5.063 -6.189 -5.78 -5.448 -5.24 -5.263 -5.794 -6.019 -5.595 -4.405 -3.866 -3.242 -5.869
0.001347 -7.378 -7.215 -7.099 -6.734 -6.403 -6.04 -6.944 -6.685 -6.4 -6.03 -5.653 -5.212 -6.695 -6.288 -5.822 -5.475 -5.147 -6.278 -5.867 -5.534 -5.327 -5.354 -5.881 -6.106 -5.68 -4.487 -3.948 -3.323 -5.956
0.001388 -7.476 -7.309 -7.19 -6.821 -6.488 -6.123 -7.035 -6.772 -6.484 -6.113 -5.734 -5.293 -6.781 -6.372 -5.904 -5.557 -5.228 -6.362 -5.95 -5.617 -5.41 -5.44 -5.964 -6.19 -5.762 -4.567 -4.027 -3.402 -6.039
0.00143 -7.567 -7.397 -7.277 -6.903 -6.569 -6.203 -7.122 -6.854 -6.565 -6.192 -5.813 -5.371 -6.864 -6.452 -5.983 -5.635 -5.305 -6.443 -6.03 -5.696 -5.49 -5.523 -6.043 -6.269 -5.841 -4.644 -4.104 -3.478 -6.119
0.001473 -7.654 -7.48 -7.359 -6.983 -6.647 -6.28 -7.204 -6.933 -6.643 -6.269 -5.889 -5.446 -6.943 -6.53 -6.06 -5.711 -5.381 -6.521 -6.107 -5.773 -5.567 -5.602 -6.12 -6.347 -5.917 -4.718 -4.178 -3.552 -6.196
0.001518 -7.736 -7.56 -7.438 -7.059 -6.722 -6.354 -7.283 -7.009 -6.718 -6.344 -5.963 -5.52 -7.019 -6.605 -6.134 -5.784 -5.454 -6.597 -6.182 -5.847 -5.642 -5.678 -6.194 -6.421 -5.991 -4.791 -4.25 -3.624 -6.271
0.001564 -7.815 -7.637 -7.514 -7.133 -6.795 -6.427 -7.359 -7.083 -6.792 -6.416 -6.035 -5.591 -7.093 -6.678 -6.206 -5.856 -5.526 -6.67 -6.254 -5.92 -5.714 -5.753 -6.266 -6.494 -6.063 -4.862 -4.321 -3.695 -6.343
0.001611 -7.89 -7.711 -7.588 -7.205 -6.867 -6.497 -7.432 -7.155 -6.863 -6.487 -6.106 -5.661 -7.165 -6.749 -6.276 -5.926 -5.596 -6.741 -6.325 -5.99 -5.785 -5.825 -6.337 -6.565 -6.133 -4.932 -4.391 -3.764 -6.414
0.00166 -7.963 -7.783 -7.659 -7.276 -6.936 -6.567 -7.504 -7.225 -6.933 -6.556 -6.175 -5.73 -7.235 -6.819 -6.346 -5.995 -5.664 -6.811 -6.395 -6.059 -5.855 -5.895 -6.406 -6.634 -6.202 -5.0 -4.459 -3.832 -6.483
0.00171 -8.034 -7.853 -7.729 -7.344 -7.005 -6.635 -7.573 -7.294 -7.001 -6.624 -6.242 -5.798 -7.304 -6.887 -6.413 -6.063 -5.732 -6.879 -6.463 -6.127 -5.923 -5.963 -6.474 -6.702 -6.27 -5.068 -4.526 -3.9 -6.551
0.001761 -8.102 -7.921 -7.796 -7.411 -7.072 -6.701 -7.641 -7.361 -7.068 -6.691 -6.309 -5.864 -7.371 -6.954 -6.48 -6.129 -5.798 -6.946 -6.53 -6.194 -5.989 -6.031 -6.541 -6.769 -6.337 -5.134 -4.593 -3.966 -6.618
0.001815 -8.169 -7.987 -7.862 -7.477 -7.137 -6.767 -7.707 -7.427 -7.134 -6.756 -6.375 -5.93 -7.437 -7.019 -6.546 -6.195 -5.864 -7.012 -6.595 -6.26 -6.055 -6.097 -6.607 -6.835 -6.402 -5.2 -4.658 -4.031 -6.684
0.00187 -8.234 -8.052 -7.927 -7.542 -7.202 -6.832 -7.772 -7.492 -7.198 -6.821 -6.439 -5.994 -7.501 -7.084 -6.611 -6.26 -5.929 -7.077 -6.66 -6.325 -6.12 -6.161 -6.671 -6.9 -6.467 -5.264 -4.723 -4.096 -6.749
0.001926 -8.297 -8.115 -7.991 -7.606 -7.266 -6.896 -7.835 -7.556 -7.262 -6.885 -6.503 -6.058 -7.565 -7.148 -6.674 -6.324 -5.993 -7.14 -6.724 -6.388 -6.184 -6.225 -6.735 -6.963 -6.531 -5.328 -4.787 -4.16 -6.812
0.001984 -8.359 -8.177 -8.053 -7.668 -7.329 -6.959 -7.898 -7.618 -7.325 -6.948 -6.566 -6.122 -7.628 -7.211 -6.738 -6.387 -6.056 -7.203 -6.787 -6.452 -6.247 -6.288 -6.799 -7.026 -6.594 -5.392 -4.85 -4.224 -6.876
0.002044 -8.419 -8.238 -8.114 -7.73 -7.391 -7.021 -7.959 -7.68 -7.387 -7.011 -6.629 -6.184 -7.69 -7.273 -6.8 -6.45 -6.119 -7.266 -6.849 -6.514 -6.309 -6.35 -6.861 -7.089 -6.657 -5.455 -4.913 -4.287 -6.938
0.002106 -8.479 -8.298 -8.175 -7.792 -7.452 -7.083 -8.019 -7.741 -7.449 -7.072 -6.691 -6.246 -7.751 -7.335 -6.862 -6.512 -6.181 -7.327 -6.911 -6.576 -6.371 -6.411 -6.923 -7.15 -6.719 -5.517 -4.976 -4.349 -7.0
0.00217 -8.537 -8.358 -8.234 -7.852 -7.513 -7.144 -8.079 -7.802 -7.509 -7.133 -6.752 -6.308 -7.812 -7.396 -6.923 -6.573 -6.242 -7.388 -6.972 -6.637 -6.432 -6.471 -6.984 -7.211 -6.78 -5.579 -5.038 -4.411 -7.061
0.002236 -8.594 -8.416 -8.293 -7.912 -7.573 -7.205 -8.138 -7.862 -7.57 -7.194 -6.813 -6.369 -7.871 -7.456 -6.984 -6.634 -6.303 -7.448 -7.033 -6.698 -6.492 -6.531 -7.044 -7.272 -6.841 -5.64 -5.099 -4.472 -7.121
0.002303 -8.65 -8.473 -8.351 -7.971 -7.633 -7.265 -8.196 -7.921 -7.629 -7.254 -6.873 -6.43 -7.931 -7.516 -7.044 -6.694 -6.364 -7.508 -7.092 -6.758 -6.552 -6.59 -7.105 -7.332 -6.901 -5.701 -5.16 -4.534 -7.181
0.002373 -8.706 -8.53 -8.408 -8.029 -7.692 -7.324 -8.253 -7.979 -7.688 -7.314 -6.933 -6.49 -7.989 -7.575 -7.104 -6.754 -6.424 -7.567 -7.152 -6.817 -6.612 -6.648 -7.164 -7.391 -6.961 -5.761 -5.221 -4.594 -7.241
0.002445 -8.761 -8.586 -8.465 -8.087 -7.751 -7.383 -8.309 -8.038 -7.747 -7.373 -6.993 -6.549 -8.047 -7.634 -7.163 -6.814 -6.484 -7.625 -7.211 -6.876 -6.671 -6.706 -7.223 -7.45 -7.02 -5.821 -5.281 -4.655 -7.3
0.002519 -8.814 -8.641 -8.521 -8.145 -7.809 -7.442 -8.365 -8.095 -7.805 -7.431 -7.052 -6.609 -8.105 -7.692 -7.222 -6.873 -6.543 -7.683 -7.27 -6.935 -6.729 -6.764 -7.282 -7.509 -7.079 -5.881 -5.341 -4.715 -7.358
0.002595 -8.868 -8.696 -8.576 -8.201 -7.867 -7.5 -8.421 -8.152 -7.863 -7.49 -7.11 -6.668 -8.162 -7.75 -7.281 -6.932 -6.603 -7.741 -7.328 -6.994 -6.787 -6.821 -7.34 -7.567 -7.138 -5.941 -5.4 -4.775 -7.417
0.002673 -8.92 -8.75 -8.631 -8.258 -7.924 -7.558 -8.475 -8.209 -7.92 -7.548 -7.169 -6.727 -8.218 -7.807 -7.339 -6.991 -6.661 -7.798 -7.386 -7.052 -6.845 -6.877 -7.398 -7.625 -7.196 -6.0 -5.46 -4.834 -7.474
0.002754 -8.972 -8.803 -8.685 -8.314 -7.981 -7.616 -8.53 -8.265 -7.977 -7.605 -7.227 -6.785 -8.274 -7.865 -7.397 -7.049 -6.72 -7.855 -7.443 -7.109 -6.903 -6.934 -7.456 -7.682 -7.254 -6.059 -5.519 -4.893 -7.532
0.002837 -9.023 -8.856 -8.738 -8.37 -8.037 -7.673 -8.583 -8.321 -8.033 -7.662 -7.284 -6.843 -8.33 -7.921 -7.454 -7.107 -6.778 -7.912 -7.5 -7.166 -6.96 -6.989 -7.513 -7.739 -7.312 -6.117 -5.578 -4.952 -7.589
0.002923 -9.073 -8.909 -8.792 -8.425 -8.093 -7.73 -8.637 -8.376 -8.09 -7.719 -7.342 -6.901 -8.386 -7.978 -7.511 -7.164 -6.836 -7.968 -7.557 -7.224 -7.017 -7.045 -7.57 -7.796 -7.369 -6.175 -5.636 -5.011 -7.646
0.003012 -9.123 -8.961 -8.844 -8.48 -8.149 -7.786 -8.69 -8.431 -8.145 -7.776 -7.399 -6.958 -8.441 -8.034 -7.568 -7.222 -6.893 -8.024 -7.613 -7.28 -7.073 -7.1 -7.627 -7.852 -7.426 -6.234 -5.694 -5.07 -7.702
0.003103 -9.173 -9.012 -8.897 -8.534 -8.205 -7.843 -8.742 -8.486 -8.201 -7.832 -7.456 -7.016 -8.495 -8.09 -7.625 -7.279 -6.951 -8.08 -7.67 -7.337 -7.129 -7.155 -7.683 -7.908 -7.483 -6.291 -5.753 -5.128 -7.758
0.003196 -9.222 -9.063 -8.949 -8.588 -8.26 -7.899 -8.794 -8.54 -8.256 -7.888 -7.512 -7.073 -8.55 -8.145 -7.681 -7.335 -7.008 -8.135 -7.726 -7.393 -7.185 -7.209 -7.74 -7.964 -7.54 -6.349 -5.81 -5.186 -7.814
0.003293 -9.27 -9.114 -9.0 -8.642 -8.315 -7.954 -8.845 -8.594 -8.311 -7.944 -7.568 -7.13 -8.604 -8.2 -7.737 -7.392 -7.065 -8.19 -7.781 -7.449 -7.241 -7.263 -7.795 -8.02 -7.596 -6.406 -5.868 -5.244 -7.87
0.003393 -9.318 -9.164 -9.051 -8.696 -8.37 -8.01 -8.897 -8.648 -8.366 -7.999 -7.625 -7.186 -8.657 -8.255 -7.793 -7.448 -7.122 -8.244 -7.837 -7.505 -7.297 -7.317 -7.851 -8.075 -7.652 -6.464 -5.926 -5.302 -7.925
0.003495 -9.366 -9.214 -9.102 -8.749 -8.424 -8.065 -8.947 -8.701 -8.42 -8.055 -7.68 -7.243 -8.711 -8.31 -7.849 -7.505 -7.178 -8.299 -7.892 -7.56 -7.352 -7.371 -7.906 -8.13 -7.708 -6.521 -5.983 -5.359 -7.981
0.003601 -9.413 -9.263 -9.152 -8.802 -8.478 -8.12 -8.998 -8.754 -8.474 -8.11 -7.736 -7.299 -8.764 -8.364 -7.904 -7.56 -7.234 -8.353 -7.947 -7.615 -7.407 -7.424 -7.962 -8.185 -7.763 -6.578 -6.04 -5.417 -8.036
0.00371 -9.459 -9.312 -9.202 -8.855 -8.532 -8.175 -9.048 -8.807 -8.528 -8.164 -7.792 -7.355 -8.817 -8.418 -7.959 -7.616 -7.291 -8.407 -8.002 -7.671 -7.462 -7.478 -8.017 -8.239 -7.819 -6.634 -6.097 -5.474 -8.09
0.003822 -9.506 -9.361 -9.252 -8.907 -8.586 -8.229 -9.098 -8.86 -8.582 -8.219 -7.847 -7.411 -8.869 -8.472 -8.014 -7.672 -7.346 -8.461 -8.056 -7.725 -7.516 -7.531 -8.071 -8.294 -7.874 -6.691 -6.154 -5.531 -8.145
0.003938 -9.551 -9.409 -9.301 -8.959 -8.639 -8.284 -9.147 -8.912 -8.635 -8.273 -7.902 -7.467 -8.921 -8.526 -8.069 -7.727 -7.402 -8.514 -8.11 -7.78 -7.571 -7.584 -8.126 -8.348 -7.929 -6.747 -6.211 -5.588 -8.199
0.004057 -9.597 -9.457 -9.35 -9.011 -8.692 -8.338 -9.196 -8.964 -8.688 -8.328 -7.957 -7.522 -8.974 -8.58 -8.124 -7.782 -7.458 -8.568 -8.165 -7.835 -7.625 -7.636 -8.18 -8.402 -7.984 -6.803 -6.267 -5.645 -8.253
0.00418 -9.642 -9.504 -9.399 -9.062 -8.745 -8.392 -9.245 -9.016 -8.741 -8.382 -8.011 -7.577 -9.025 -8.633 -8.178 -7.837 -7.513 -8.621 -8.219 -7.889 -7.679 -7.689 -8.234 -8.456 -8.038 -6.859 -6.324 -5.702 -8.307
0.004306 -9.686 -9.551 -9.447 -9.114 -8.798 -8.446 -9.294 -9.068 -8.794 -8.435 -8.066 -7.633 -9.077 -8.686 -8.233 -7.892 -7.569 -8.674 -8.272 -7.943 -7.733 -7.741 -8.288 -8.509 -8.093 -6.915 -6.38 -5.758 -8.361
0.004436 -9.731 -9.598 -9.495 -9.165 -8.85 -8.499 -9.342 -9.119 -8.847 -8.489 -8.12 -7.688 -9.128 -8.739 -8.287 -7.947 -7.624 -8.726 -8.326 -7.997 -7.787 -7.793 -8.342 -8.563 -8.147 -6.971 -6.436 -5.815 -8.414
0.00457 -9.775 -9.645 -9.543 -9.216 -8.903 -8.553 -9.39 -9.17 -8.899 -8.543 -8.175 -7.743 -9.179 -8.792 -8.341 -8.001 -7.679 -8.779 -8.379 -8.051 -7.841 -7.845 -8.396 -8.616 -8.201 -7.027 -6.492 -5.871 -8.467
0.004709 -9.818 -9.691 -9.59 -9.266 -8.955 -8.606 -9.437 -9.221 -8.951 -8.596 -8.229 -7.797 -9.23 -8.844 -8.394 -8.056 -7.734 -8.831 -8.433 -8.105 -7.894 -7.897 -8.449 -8.669 -8.255 -7.082 -6.548 -5.927 -8.521
0.004851 -9.861 -9.737 -9.638 -9.317 -9.007 -8.659 -9.485 -9.272 -9.003 -8.649 -8.283 -7.852 -9.281 -8.896 -8.448 -8.11 -7.788 -8.883 -8.486 -8.158 -7.948 -7.949 -8.502 -8.722 -8.309 -7.138 -6.604 -5.983 -8.574
0.004998 -9.904 -9.782 -9.684 -9.367 -9.059 -8.712 -9.532 -9.322 -9.055 -8.702 -8.336 -7.906 -9.331 -8.949 -8.501 -8.164 -7.843 -8.935 -8.539 -8.212 -8.001 -8.0 -8.555 -8.774 -8.363 -7.193 -6.66 -6.04 -8.626
0.005149 -9.947 -9.828 -9.731 -9.417 -9.11 -8.765 -9.579 -9.373 -9.106 -8.755 -8.39 -7.961 -9.382 -9.001 -8.555 -8.218 -7.897 -8.987 -8.592 -8.265 -8.054 -8.052 -8.608 -8.827 -8.417 -7.248 -6.715 -6.095 -8.679
0.005305 -9.989 -9.873 -9.777 -9.467 -9.162 -8.818 -9.625 -9.423 -9.158 -8.807 -8.443 -8.015 -9.432 -9.052 -8.608 -8.272 -7.952 -9.039 -8.644 -8.318 -8.107 -8.103 -8.661 -8.879 -8.47 -7.303 -6.771 -6.151 -8.732
0.005465 -10.031 -9.917 -9.823 -9.516 -9.213 -8.87 -9.672 -9.472 -9.209 -8.86 -8.497 -8.069 -9.482 -9.104 -8.661 -8.326 -8.006 -9.09 -8.697 -8.372 -8.16 -8.154 -8.714 -8.931 -8.523 -7.358 -6.826 -6.207 -8.784
0.00563 -10.072 -9.962 -9.869 -9.566 -9.264 -8.922 -9.718 -9.522 -9.26 -8.912 -8.55 -8.123 -9.531 -9.156 -8.714 -8.379 -8.06 -9.141 -8.749 -8.424 -8.213 -8.205 -8.766 -8.983 -8.576 -7.413 -6.881 -6.263 -8.836
0.005801 -10.113 -10.006 -9.915 -9.615 -9.315 -8.975 -9.764 -9.572 -9.311 -8.964 -8.603 -8.177 -9.581 -9.207 -8.767 -8.433 -8.114 -9.193 -8.802 -8.477 -8.266 -8.256 -8.819 -9.035 -8.63 -7.468 -6.937 -6.318 -8.888
0.005976 -10.154 -10.05 -9.96 -9.664 -9.366 -9.027 -9.809 -9.621 -9.362 -9.016 -8.656 -8.231 -9.63 -9.258 -8.819 -8.486 -8.168 -9.244 -8.854 -8.53 -8.318 -8.307 -8.871 -9.087 -8.682 -7.523 -6.992 -6.374 -8.94
0.006157 -10.195 -10.093 -10.005 -9.713 -9.416 -9.079 -9.855 -9.67 -9.412 -9.068 -8.709 -8.285 -9.679 -9.309 -8.872 -8.54 -8.222 -9.294 -8.906 -8.583 -8.371 -8.358 -8.923 -9.139 -8.735 -7.577 -7.047 -6.429 -8.992
0.006343 -10.235 -10.137 -10.05 -9.762 -9.467 -9.13 -9.9 -9.719 -9.463 -9.12 -8.762 -8.338 -9.728 -9.36 -8.924 -8.593 -8.276 -9.345 -8.958 -8.635 -8.423 -8.409 -8.975 -9.19 -8.788 -7.632 -7.102 -6.484 -9.044
0.006535 -10.275 -10.18 -10.095 -9.81 -9.517 -9.182 -9.945 -9.768 -9.513 -9.172 -8.814 -8.392 -9.777 -9.411 -8.976 -8.646 -8.329 -9.396 -9.01 -8.687 -8.475 -8.46 -9.027 -9.241 -8.84 -7.686 -7.157 -6.54 -9.095
0.006732 -10.315 -10.222 -10.139 -9.858 -9.567 -9.233 -9.989 -9.816 -9.563 -9.223 -8.867 -8.445 -9.825 -9.461 -9.028 -8.699 -8.383 -9.446 -9.061 -8.74 -8.528 -8.51 -9.079 -9.293 -8.893 -7.741 -7.211 -6.595 -9.146
0.006936 -10.354 -10.265 -10.183 -9.906 -9.617 -9.285 -10.034 -9.865 -9.613 -9.275 -8.919 -8.498 -9.873 -9.512 -9.08 -8.751 -8.436 -9.496 -9.113 -8.792 -8.58 -8.561 -9.13 -9.344 -8.945 -7.795 -7.266 -6.65 -9.198
0.007146 -10.393 -10.307 -10.227 -9.954 -9.667 -9.336 -10.078 -9.913 -9.663 -9.326 -8.971 -8.551 -9.922 -9.562 -9.132 -8.804 -8.489 -9.546 -9.164 -8.844 -8.632 -8.611 -9.182 -9.394 -8.997 -7.849 -7.321 -6.705 -9.249
0.007362 -10.432 -10.349 -10.27 -10.002 -9.716 -9.387 -10.122 -9.961 -9.713 -9.377 -9.023 -8.604 -9.97 -9.612 -9.184 -8.857 -8.543 -9.596 -9.216 -8.896 -8.684 -8.661 -9.233 -9.445 -9.049 -7.903 -7.375 -6.76 -9.3
0.007585 -10.471 -10.39 -10.313 -10.049 -9.766 -9.438 -10.165 -10.009 -9.762 -9.428 -9.075 -8.657 -10.017 -9.662 -9.236 -8.909 -8.596 -9.646 -9.267 -8.948 -8.735 -8.712 -9.284 -9.496 -9.101 -7.957 -7.43 -6.815 -9.351
0.007814 -10.509 -10.432 -10.357 -10.097 -9.815 -9.489 -10.209 -10.056 -9.811 -9.479 -9.127 -8.71 -10.065 -9.712 -9.287 -8.962 -8.649 -9.696 -9.318 -8.999 -8.787 -8.762 -9.336 -9.546 -9.153 -8.011 -7.484 -6.87 -9.401
0.00805 -10.547 -10.473 -10.399 -10.144 -9.864 -9.54 -10.252 -10.104 -9.861 -9.53 -9.179 -8.763 -10.112 -9.762 -9.339 -9.014 -8.702 -9.746 -9.369 -9.051 -8.839 -8.812 -9.387 -9.597 -9.205 -8.065 -7.539 -6.924 -9.452
0.008294 -10.584 -10.513 -10.442 -10.191 -9.913 -9.59 -10.295 -10.151 -9.91 -9.58 -9.231 -8.816 -10.16 -9.811 -9.39 -9.066 -8.754 -9.795 -9.42 -9.103 -8.89 -8.862 -9.437 -9.647 -9.257 -8.119 -7.593 -6.979 -9.503
0.008545 -10.622 -10.554 -10.484 -10.238 -9.962 -9.641 -10.338 -10.198 -9.959 -9.631 -9.283 -8.868 -10.207 -9.861 -9.441 -9.118 -8.807 -9.844 -9.47 -9.154 -8.942 -8.912 -9.488 -9.697 -9.308 -8.172 -7.647 -7.034 -9.553
0.008803 -10.659 -10.594 -10.526 -10.284 -10.011 -9.691 -10.381 -10.245 -10.007 -9.681 -9.334 -8.921 -10.254 -9.91 -9.492 -9.17 -8.86 -9.894 -9.521 -9.206 -8.993 -8.962 -9.539 -9.747 -9.36 -8.226 -7.701 -7.088 -9.603
0.009069 -10.695 -10.634 -10.568 -10.331 -10.06 -9.742 -10.423 -10.292 -10.056 -9.732 -9.385 -8.973 -10.301 -9.959 -9.543 -9.222 -8.912 -9.943 -9.572 -9.257 -9.045 -9.012 -9.589 -9.797 -9.411 -8.279 -7.755 -7.143 -9.653
0.009344 -10.732 -10.674 -10.61 -10.377 -10.108 -9.792 -10.465 -10.339 -10.104 -9.782 -9.437 -9.026 -10.347 -10.008 -9.594 -9.274 -8.965 -9.992 -9.622 -9.308 -9.096 -9.062 -9.64 -9.847 -9.462 -8.333 -7.809 -7.197 -9.703
0.009626 -10.768 -10.713 -10.651 -10.423 -10.156 -9.842 -10.507 -10.385 -10.153 -9.832 -9.488 -9.078 -10.394 -10.057 -9.645 -9.326 -9.017 -10.04 -9.672 -9.359 -9.147 -9.111 -9.69 -9.896 -9.513 -8.386 -7.863 -7.252 -9.753
0.009917 -10.804 -10.753 -10.692 -10.469 -10.205 -9.892 -10.549 -10.432 -10.201 -9.882 -9.539 -9.13 -10.44 -10.106 -9.695 -9.377 -9.07 -10.089 -9.723 -9.41 -9.198 -9.161 -9.74 -9.946 -9.564 -8.44 -7.917 -7.306 -9.803
0.010217 -10.839 -10.791 -10.733 -10.515 -10.253 -9.941 -10.591 -10.478 -10.249 -9.932 -9.59 -9.182 -10.486 -10.154 -9.746 -9.429 -9.122 -10.138 -9.773 -9.461 -9.249 -9.211 -9.79 -9.995 -9.615 -8.493 -7.971 -7.36 -9.853
0.010526 -10.875 -10.83 -10.774 -10.56 -10.301 -9.991 -10.632 -10.524 -10.297 -9.981 -9.641 -9.234 -10.532 -10.203 -9.796 -9.48 -9.174 -10.186 -9.823 -9.512 -9.3 -9.26 -9.84 -10.045 -9.666 -8.546 -8.025 -7.415 -9.902
0.010845 -10.91 -10.868 -10.814 -10.606 -10.348 -10.041 -10.673 -10.57 -10.345 -10.031 -9.692 -9.286 -10.578 -10.251 -9.847 -9.531 -9.226 -10.235 -9.873 -9.563 -9.351 -9.31 -9.89 -10.094 -9.717 -8.599 -8.078 -7.469 -9.952
0.011173 -10.944 -10.907 -10.855 -10.651 -10.396 -10.09 -10.714 -10.615 -10.392 -10.08 -9.742 -9.338 -10.623 -10.3 -9.897 -9.583 -9.278 -10.283 -9.923 -9.614 -9.402 -9.359 -9.94 -10.143 -9.767 -8.652 -8.132 -7.523 -10.001
0.011511 -10.979 -10.944 -10.895 -10.696 -10.444 -10.139 -10.755 -10.661 -10.44 -10.13 -9.793 -9.39 -10.669 -10.348 -9.947 -9.634 -9.33 -10.331 -9.973 -9.664 -9.453 -9.409 -9.99 -10.192 -9.818 -8.705 -8.186 -7.577 -10.05
0.011859 -11.013 -10.982 -10.934 -10.741 -10.491 -10.189 -10.795 -10.706 -10.487 -10.179 -9.844 -9.441 -10.714 -10.396 -9.997 -9.685 -9.382 -10.379 -10.022 -9.715 -9.504 -9.458 -10.039 -10.241 -9.868 -8.758 -8.239 -7.631 -10.099
0.012217 -11.047 -11.019 -10.974 -10.786 -10.538 -10.238 -10.836 -10.751 -10.534 -10.228 -9.894 -9.493 -10.759 -10.444 -10.047 -9.736 -9.434 -10.427 -10.072 -9.765 -9.554 -9.508 -10.089 -10.289 -9.919 -8.811 -8.293 -7.685 -10.148
0.012587 -11.08 -11.056 -11.013 -10.83 -10.585 -10.287 -10.876 -10.796 -10.582 -10.277 -9.944 -9.544 -10.804 -10.491 -10.097 -9.787 -9.485 -10.474 -10.121 -9.816 -9.605 -9.557 -10.138 -10.338 -9.969 -8.864 -8.346 -7.739 -10.197
0.012968 -11.113 -11.093 -11.052 -10.874 -10.632 -10.336 -10.915 -10.841 -10.628 -10.326 -9.995 -9.596 -10.849 -10.539 -10.147 -9.838 -9.537 -10.522 -10.171 -9.866 -9.655 -9.606 -10.187 -10.386 -10.019 -8.917 -8.4 -7.793 -10.246
0.01336 -11.146 -11.129 -11.091 -10.919 -10.679 -10.384 -10.955 -10.886 -10.675 -10.375 -10.045 -9.647 -10.893 -10.586 -10.196 -9.888 -9.588 -10.569 -10.22 -9.916 -9.706 -9.655 -10.236 -10.435 -10.069 -8.969 -8.453 -7.847 -10.294
0.013764 -11.179 -11.165 -11.129 -10.963 -10.726 -10.433 -10.995 -10.93 -10.722 -10.423 -10.095 -9.698 -10.938 -10.634 -10.246 -9.939 -9.64 -10.617 -10.269 -9.967 -9.756 -9.705 -10.285 -10.483 -10.119 -9.022 -8.506 -7.901 -10.343
0.01418 -11.211 -11.201 -11.167 -11.006 -10.772 -10.482 -11.034 -10.974 -10.768 -10.472 -10.145 -9.75 -10.982 -10.681 -10.295 -9.99 -9.691 -10.664 -10.318 -10.017 -9.807 -9.754 -10.334 -10.531 -10.169 -9.075 -8.559 -7.954 -10.391
0.014609 -11.243 -11.237 -11.205 -11.05 -10.819 -10.53 -11.073 -11.018 -10.815 -10.52 -10.195 -9.801 -11.026 -10.728 -10.345 -10.04 -9.743 -10.711 -10.367 -10.067 -9.857 -9.803 -10.383 -10.579 -10.219 -9.127 -8.613 -8.008 -10.44
0.015051 -11.275 -11.272 -11.243 -11.094 -10.865 -10.578 -11.112 -11.062 -10.861 -10.569 -10.244 -9.852 -11.07 -10.775 -10.394 -10.091 -9.794 -10.758 -10.416 -10.117 -9.907 -9.852 -10.432 -10.627 -10.268 -9.18 -8.666 -8.062 -10.488
0.015506 -11.306 -11.307 -11.281 -11.137 -10.911 -10.627 -11.15 -11.106 -10.907 -10.617 -10.294 -9.903 -11.114 -10.822 -10.443 -10.141 -9.845 -10.805 -10.465 -10.167 -9.957 -9.901 -10.48 -10.674 -10.318 -9.232 -8.719 -8.116 -10.536
0.015975 -11.337 -11.342 -11.318 -11.18 -10.957 -10.675 -11.189 -11.15 -10.953 -10.665 -10.344 -9.954 -11.157 -10.868 -10.492 -10.191 -9.896 -10.852 -10.514 -10.216 -10.007 -9.95 -10.529 -10.722 -10.368 -9.284 -8.772 -8.169 -10.584
0.016458 -11.368 -11.376 -11.355 -11.223 -11.003 -10.723 -11.227 -11.193 -10.999 -10.713 -10.393 -10.005 -11.201 -10.915 -10.541 -10.241 -9.947 -10.898 -10.562 -10.266 -10.057 -9.999 -10.577 -10.77 -10.417 -9.337 -8.825 -8.223 -10.632
0.016956 -11.398 -11.41 -11.392 -11.266 -11.048 -10.771 -11.265 -11.236 -11.045 -10.761 -10.443 -10.055 -11.244 -10.961 -10.59 -10.291 -9.998 -10.945 -10.611 -10.316 -10.107 -10.048 -10.625 -10.817 -10.466 -9.389 -8.878 -8.276 -10.68
0.017469 -11.428 -11.444 -11.428 -11.308 -11.094 -10.818 -11.302 -11.28 -11.09 -10.809 -10.492 -10.106 -11.287 -11.008 -10.639 -10.341 -10.049 -10.991 -10.659 -10.365 -10.157 -10.097 -10.673 -10.864 -10.516 -9.441 -8.931 -8.33 -10.727
0.017997 -11.458 -11.477 -11.464 -11.351 -11.139 -10.866 -11.34 -11.322 -11.136 -10.857 -10.541 -10.157 -11.33 -11.054 -10.687 -10.391 -10.1 -11.037 -10.707 -10.415 -10.207 -10.146 -10.721 -10.911 -10.565 -9.493 -8.983 -8.383 -10.775
0.018541 -11.488 -11.511 -11.5 -11.393 -11.184 -10.913 -11.377 -11.365 -11.181 -10.904 -10.59 -10.207 -11.372 -11.1 -10.736 -10.441 -10.151 -11.083 -10.756 -10.464 -10.257 -10.194 -10.769 -10.958 -10.614 -9.545 -9.036 -8.437 -10.822
0.019102 -11.517 -11.544 -11.536 -11.435 -11.23 -10.961 -11.414 -11.408 -11.226 -10.952 -10.639 -10.258 -11.415 -11.146 -10.784 -10.491 -10.201 -11.129 -10.804 -10.513 -10.307 -10.243 -10.817 -11.005 -10.663 -9.597 -9.089 -8.49 -10.869
0.01968 -11.546 -11.576 -11.572 -11.477 -11.275 -11.008 -11.451 -11.45 -11.271 -10.999 -10.688 -10.308 -11.457 -11.191 -10.833 -10.54 -10.252 -11.175 -10.852 -10.563 -10.356 -10.292 -10.865 -11.052 -10.711 -9.649 -9.142 -8.543 -10.917
0.020275 -11.574 -11.608 -11.607 -11.518 -11.319 -11.055 -11.488 -11.492 -11.316 -11.046 -10.737 -10.358 -11.499 -11.237 -10.881 -10.59 -10.302 -11.221 -10.9 -10.612 -10.406 -10.341 -10.913 -11.099 -10.76 -9.701 -9.194 -8.597 -10.964
0.020888 -11.602 -11.64 -11.642 -11.56 -11.364 -11.102 -11.524 -11.534 -11.36 -11.093 -10.786 -10.408 -11.541 -11.283 -10.929 -10.639 -10.353 -11.266 -10.948 -10.661 -10.455 -10.389 -10.96 -11.145 -10.809 -9.753 -9.247 -8.65 -11.011
0.02152 -11.63 -11.672 -11.676 -11.601 -11.408 -11.149 -11.561 -11.576 -11.405 -11.14 -10.835 -10.459 -11.583 -11.328 -10.977 -10.689 -10.403 -11.312 -10.995 -10.71 -10.505 -10.438 -11.008 -11.192 -10.857 -9.805 -9.3 -8.703 -11.058
0.022171 -11.657 -11.703 -11.711 -11.642 -11.453 -11.196 -11.597 -11.618 -11.449 -11.187 -10.883 -10.509 -11.624 -11.373 -11.025 -10.738 -10.453 -11.357 -11.043 -10.759 -10.554 -10.486 -11.055 -11.238 -10.906 -9.857 -9.352 -8.756 -11.104
0.022841 -11.685 -11.734 -11.745 -11.683 -11.497 -11.243 -11.633 -11.659 -11.494 -11.234 -10.932 -10.559 -11.666 -11.418 -11.073 -10.787 -10.504 -11.402 -11.091 -10.808 -10.604 -10.535 -11.102 -11.284 -10.954 -9.908 -9.405 -8.809 -11.151
0.023532 -11.711 -11.765 -11.779 -11.723 -11.541 -11.289 -11.668 -11.7 -11.538 -11.28 -10.98 -10.609 -11.707 -11.463 -11.12 -10.837 -10.554 -11.447 -11.138 -10.856 -10.653 -10.583 -11.149 -11.33 -11.002 -9.96 -9.457 -8.862 -11.197
0.024244 -11.738 -11.796 -11.812 -11.764 -11.585 -11.336 -11.704 -11.741 -11.581 -11.327 -11.028 -10.659 -11.748 -11.508 -11.168 -10.886 -10.604 -11.492 -11.185 -10.905 -10.702 -10.632 -11.196 -11.376 -11.051 -10.011 -9.509 -8.915 -11.244
0.024977 -11.764 -11.826 -11.846 -11.804 -11.629 -11.382 -11.739 -11.782 -11.625 -11.373 -11.076 -10.708 -11.788 -11.552 -11.215 -10.935 -10.654 -11.537 -11.233 -10.954 -10.751 -10.68 -11.243 -11.422 -11.099 -10.063 -9.562 -8.969 -11.29
0.025733 -11.79 -11.855 -11.879 -11.844 -11.672 -11.429 -11.774 -11.823 -11.669 -11.42 -11.125 -10.758 -11.829 -11.597 -11.263 -10.983 -10.704 -11.582 -11.28 -11.002 -10.8 -10.728 -11.29 -11.468 -11.147 -10.114 -9.614 -9.021 -11.336
0.026511 -11.815 -11.885 -11.911 -11.884 -11.716 -11.475 -11.808 -11.863 -11.712 -11.466 -11.172 -10.808 -11.869 -11.641 -11.31 -11.032 -10.754 -11.626 -11.327 -11.051 -10.849 -10.777 -11.336 -11.513 -11.195 -10.166 -9.666 -9.074 -11.382
0.027313 -11.84 -11.914 -11.944 -11.924 -11.759 -11.521 -11.843 -11.904 -11.756 -11.512 -11.22 -10.857 -11.91 -11.686 -11.357 -11.081 -10.804 -11.671 -11.374 -11.099 -10.898 -10.825 -11.383 -11.559 -11.242 -10.217 -9.719 -9.127 -11.428
0.028139 -11.865 -11.942 -11.976 -11.963 -11.802 -11.566 -11.877 -11.944 -11.799 -11.558 -11.268 -10.907 -11.95 -11.73 -11.404 -11.129 -10.853 -11.715 -11.42 -11.147 -10.947 -10.873 -11.429 -11.604 -11.29 -10.268 -9.771 -9.18 -11.474
0.02899 -11.889 -11.971 -12.008 -12.002 -11.845 -11.612 -11.911 -11.984 -11.842 -11.603 -11.316 -10.956 -11.989 -11.773 -11.451 -11.178 -10.903 -11.759 -11.467 -11.195 -10.996 -10.921 -11.475 -11.649 -11.338 -10.32 -9.823 -9.233 -11.52
0.029867 -11.913 -11.999 -12.039 -12.041 -11.888 -11.658 -11.945 -12.023 -11.884 -11.649 -11.363 -11.005 -12.029 -11.817 -11.498 -11.226 -10.952 -11.803 -11.514 -11.244 -11.045 -10.97 -11.522 -11.694 -11.385 -10.371 -9.875 -9.286 -11.565
0.03077 -11.937 -12.027 -12.07 -12.08 -11.93 -11.703 -11.979 -12.063 -11.927 -11.695 -11.411 -11.055 -12.068 -11.861 -11.545 -11.275 -11.002 -11.847 -11.56 -11.292 -11.093 -11.018 -11.568 -11.739 -11.432 -10.422 -9.927 -9.339 -11.611
0.031701 -11.96 -12.054 -12.101 -12.119 -11.973 -11.749 -12.012 -12.102 -11.97 -11.74 -11.458 -11.104 -12.107 -11.904 -11.592 -11.323 -11.051 -11.891 -11.607 -11.34 -11.142 -11.066 -11.614 -11.784 -11.48 -10.473 -9.979 -9.391 -11.656
0.032659 -11.983 -12.081 -12.132 -12.157 -12.015 -11.794 -12.045 -12.141 -12.012 -11.785 -11.506 -11.153 -12.146 -11.948 -11.638 -11.371 -11.101 -11.934 -11.653 -11.387 -11.19 -11.114 -11.659 -11.828 -11.527 -10.524 -10.031 -9.444 -11.701
0.033647 -12.005 -12.107 -12.162 -12.195 -12.057 -11.839 -12.078 -12.18 -12.054 -11.83 -11.553 -11.202 -12.185 -11.991 -11.684 -11.419 -11.15 -11.977 -11.699 -11.435 -11.239 -11.162 -11.705 -11.873 -11.574 -10.575 -10.083 -9.497 -11.746
0.034665 -12.027 -12.134 -12.193 -12.233 -12.099 -11.884 -12.111 -12.218 -12.096 -11.875 -11.6 -11.251 -12.224 -12.034 -11.731 -11.467 -11.199 -12.021 -11.745 -11.483 -11.287 -11.21 -11.751 -11.917 -11.621 -10.626 -10.135 -9.549 -11.791
0.035713 -12.049 -12.159 -12.222 -12.271 -12.141 -11.929 -12.143 -12.257 -12.138 -11.92 -11.647 -11.3 -12.262 -12.076 -11.777 -11.515 -11.248 -12.064 -11.791 -11.53 -11.336 -11.258 -11.796 -11.961 -11.668 -10.677 -10.186 -9.602 -11.836
0.036793 -12.07 -12.185 -12.252 -12.308 -12.183 -11.973 -12.176 -12.295 -12.179 -11.965 -11.694 -11.348 -12.3 -12.119 -11.823 -11.563 -11.297 -12.107 -11.837 -11.578 -11.384 -11.305 -11.841 -12.005 -11.714 -10.728 -10.238 -9.655 -11.88
0.037906 -12.091 -12.21 -12.281 -12.345 -12.224 -12.018 -12.208 -12.333 -12.221 -12.01 -11.741 -11.397 -12.338 -12.162 -11.869 -11.611 -11.346 -12.149 -11.883 -11.625 -11.432 -11.353 -11.887 -12.049 -11.761 -10.778 -10.29 -9.707 -11.925
0.039052 -12.112 -12.235 -12.31 -12.383 -12.265 -12.062 -12.239 -12.371 -12.262 -12.054 -11.787 -11.446 -12.375 -12.204 -11.915 -11.658 -11.395 -12.192 -11.928 -11.673 -11.48 -11.401 -11.932 -12.093 -11.808 -10.829 -10.342 -9.76 -11.969
0.040234 -12.132 -12.259 -12.338 -12.419 -12.306 -12.107 -12.271 -12.408 -12.303 -12.098 -11.834 -11.494 -12.413 -12.246 -11.96 -11.706 -11.444 -12.235 -11.974 -11.72 -11.528 -11.449 -11.977 -12.136 -11.854 -10.88 -10.393 -9.812 -12.014
0.04145 -12.152 -12.283 -12.366 -12.456 -12.347 -12.151 -12.302 -12.446 -12.344 -12.143 -11.88 -11.542 -12.45 -12.288 -12.006 -11.753 -11.492 -12.277 -12.019 -11.767 -11.576 -11.496 -12.022 -12.18 -11.9 -10.93 -10.445 -9.864 -12.058
0.042704 -12.171 -12.307 -12.394 -12.492 -12.388 -12.195 -12.333 -12.483 -12.385 -12.187 -11.926 -11.591 -12.487 -12.33 -12.051 -11.8 -11.541 -12.319 -12.065 -11.814 -11.624 -11.544 -12.066 -12.223 -11.946 -10.981 -10.496 -9.917 -12.102
0.043996 -12.19 -12.33 -12.422 -12.528 -12.428 -12.239 -12.364 -12.519 -12.425 -12.231 -11.973 -11.639 -12.524 -12.372 -12.097 -11.847 -11.59 -12.361 -12.11 -11.861 -11.672 -11.591 -12.111 -12.266 -11.992 -11.031 -10.548 -9.969 -12.146
0.045326 -12.208 -12.353 -12.449 -12.564 -12.469 -12.282 -12.395 -12.556 -12.466 -12.274 -12.019 -11.687 -12.56 -12.413 -12.142 -11.895 -11.638 -12.403 -12.155 -11.908 -11.72 -11.639 -12.155 -12.309 -12.038 -11.082 -10.599 -10.021 -12.189
0.046697 -12.226 -12.375 -12.476 -12.6 -12.509 -12.326 -12.425 -12.592 -12.506 -12.318 -12.065 -11.735 -12.596 -12.455 -12.187 -11.942 -11.686 -12.445 -12.2 -11.955 -11.767 -11.686 -12.2 -12.352 -12.084 -11.132 -10.651 -10.074 -12.233
0.048109 -12.244 -12.397 -12.502 -12.635 -12.549 -12.369 -12.456 -12.629 -12.546 -12.361 -12.111 -11.783 -12.632 -12.496 -12.232 -11.988 -11.735 -12.486 -12.244 -12.001 -11.815 -11.733 -12.244 -12.395 -12.13 -11.182 -10.702 -10.126 -12.277
0.049564 -12.261 -12.419 -12.528 -12.67 -12.589 -12.413 -12.485 -12.664 -12.586 -12.405 -12.156 -11.831 -12.668 -12.537 -12.277 -12.035 -11.783 -12.527 -12.289 -12.048 -11.862 -11.781 -12.288 -12.438 -12.176 -11.232 -10.753 -10.178 -12.32
0.051063 -12.278 -12.44 -12.554 -12.705 -12.628 -12.456 -12.515 -12.7 -12.625 -12.448 -12.202 -11.879 -12.704 -12.577 -12.322 -12.082 -11.831 -12.569 -12.334 -12.094 -11.91 -11.828 -12.332 -12.48 -12.221 -11.283 -10.804 -10.23 -12.363
0.052608 -12.294 -12.46 -12.58 -12.739 -12.668 -12.499 -12.545 -12.735 -12.664 -12.491 -12.248 -11.927 -12.739 -12.618 -12.366 -12.129 -11.879 -12.609 -12.378 -12.141 -11.957 -11.875 -12.375 -12.522 -12.266 -11.333 -10.856 -10.282 -12.406
0.054199 -12.31 -12.481 -12.605 -12.773 -12.707 -12.542 -12.574 -12.771 -12.704 -12.534 -12.293 -11.974 -12.774 -12.658 -12.411 -12.175 -11.927 -12.65 -12.422 -12.187 -12.004 -11.922 -12.419 -12.564 -12.312 -11.383 -10.907 -10.334 -12.449
0.055838 -12.326 -12.501 -12.629 -12.807 -12.746 -12.584 -12.603 -12.805 -12.743 -12.577 -12.338 -12.022 -12.809 -12.699 -12.455 -12.221 -11.975 -12.691 -12.466 -12.233 -12.051 -11.969 -12.463 -12.606 -12.357 -11.433 -10.958 -10.387 -12.492
0.057527 -12.341 -12.52 -12.654 -12.841 -12.784 -12.627 -12.632 -12.84 -12.781 -12.619 -12.383 -12.069 -12.843 -12.739 -12.499 -12.268 -12.023 -12.731 -12.51 -12.279 -12.099 -12.016 -12.506 -12.648 -12.402 -11.483 -11.009 -10.439 -12.534
0.059267 -12.356 -12.539 -12.678 -12.875 -12.823 -12.669 -12.66 -12.874 -12.82 -12.662 -12.429 -12.117 -12.877 -12.779 -12.543 -12.314 -12.07 -12.772 -12.554 -12.325 -12.146 -12.063 -12.549 -12.69 -12.447 -11.532 -11.06 -10.49 -12.577
0.061059 -12.37 -12.558 -12.701 -12.908 -12.861 -12.711 -12.688 -12.908 -12.858 -12.704 -12.473 -12.164 -12.911 -12.818 -12.587 -12.36 -12.118 -12.812 -12.598 -12.371 -12.192 -12.11 -12.592 -12.731 -12.491 -11.582 -11.111 -10.542 -12.619
0.062906 -12.383 -12.576 -12.725 -12.941 -12.899 -12.753 -12.716 -12.942 -12.896 -12.746 -12.518 -12.211 -12.945 -12.858 -12.631 -12.406 -12.165 -12.852 -12.642 -12.417 -12.239 -12.157 -12.635 -12.772 -12.536 -11.632 -11.162 -10.594 -12.661
0.064808 -12.397 -12.593 -12.748 -12.973 -12.937 -12.795 -12.744 -12.976 -12.934 -12.788 -12.563 -12.258 -12.978 -12.897 -12.674 -12.452 -12.213 -12.891 -12.685 -12.463 -12.286 -12.204 -12.678 -12.813 -12.581 -11.682 -11.213 -10.646 -12.703
0.066769 -12.409 -12.61 -12.77 -13.006 -12.975 -12.837 -12.772 -13.009 -12.972 -12.83 -12.607 -12.305 -13.011 -12.936 -12.718 -12.497 -12.26 -12.931 -12.728 -12.508 -12.333 -12.25 -12.721 -12.854 -12.625 -11.731 -11.264 -10.698 -12.745
0.068788 -12.422 -12.627 -12.792 -13.038 -13.012 -12.878 -12.799 -13.042 -13.01 -12.871 -12.652 -12.352 -13.044 -12.975 -12.761 -12.543 -12.307 -12.97 -12.772 -12.553 -12.379 -12.297 -12.763 -12.895 -12.669 -11.781 -11.314 -10.75 -12.787
0.070868 -12.433 -12.643 -12.814 -13.07 -13.05 -12.92 -12.826 -13.075 -13.047 -12.913 -12.696 -12.399 -13.077 -13.014 -12.804 -12.588 -12.354 -13.009 -12.815 -12.599 -12.426 -12.344 -12.805 -12.936 -12.713 -11.83 -11.365 -10.802 -12.828
0.073012 -12.445 -12.659 -12.835 -13.101 -13.087 -12.961 -12.853 -13.107 -13.084 -12.954 -12.74 -12.445 -13.109 -13.052 -12.847 -12.634 -12.401 -13.048 -12.858 -12.644 -12.472 -12.39 -12.848 -12.976 -12.757 -11.879 -11.416 -10.853 -12.87
0.07522 -12.456 -12.674 -12.856 -13.132 -13.124 -13.002 -12.879 -13.139 -13.121 -12.995 -12.784 -12.492 -13.141 -13.09 -12.89 -12.679 -12.448 -13.087 -12.9 -12.689 -12.518 -12.436 -12.89 -13.016 -12.801 -11.929 -11.466 -10.905 -12.911
0.077495 -12.466 -12.689 -12.877 -13.163 -13.16 -13.043 -12.905 -13.171 -13.157 -13.036 -12.828 -12.538 -13.173 -13.129 -12.933 -12.724 -12.495 -13.126 -12.943 -12.734 -12.565 -12.483 -12.931 -13.056 -12.845 -11.978 -11.517 -10.956 -12.952
0.079839 -12.476 -12.704 -12.897 -13.194 -13.196 -13.083 -12.932 -13.203 -13.194 -13.076 -12.872 -12.585 -13.204 -13.166 -12.975 -12.769 -12.542 -13.164 -12.985 -12.779 -12.611 -12.529 -12.973 -13.096 -12.888 -12.027 -11.567 -11.008 -12.993
0.082253 -12.485 -12.717 -12.917 -13.224 -13.232 -13.124 -12.957 -13.234 -13.23 -13.117 -12.915 -12.631 -13.235 -13.204 -13.018 -12.814 -12.588 -13.202 -13.028 -12.824 -12.657 -12.575 -13.015 -13.136 -12.932 -12.076 -11.618 -11.06 -13.034
0.084741 -12.494 -12.731 -12.936 -13.254 -13.268 -13.164 -12.983 -13.265 -13.266 -13.157 -12.959 -12.677 -13.266 -13.241 -13.06 -12.859 -12.635 -13.24 -13.07 -12.868 -12.702 -12.621 -13.056 -13.175 -12.975 -12.125 -11.668 -11.111 -13.074
0.087304 -12.502 -12.743 -12.955 -13.283 -13.304 -13.204 -13.008 -13.296 -13.301 -13.198 -13.002 -12.723 -13.296 -13.279 -13.102 -12.903 -12.681 -13.278 -13.112 -12.913 -12.748 -12.667 -13.097 -13.214 -13.018 -12.174 -11.718 -11.163 -13.115
0.089944 -12.51 -12.756 -12.973 -13.313 -13.339 -13.244 -13.033 -13.326 -13.337 -13.238 -13.045 -12.769 -13.326 -13.315 -13.144 -12.948 -12.728 -13.315 -13.154 -12.957 -12.794 -12.713 -13.138 -13.253 -13.061 -12.223 -11.769 -11.214 -13.155
0.092665 -12.518 -12.767 -12.991 -13.342 -13.374 -13.284 -13.058 -13.356 -13.372 -13.277 -13.088 -12.815 -13.356 -13.352 -13.186 -12.992 -12.774 -13.353 -13.195 -13.001 -12.84 -12.759 -13.179 -13.292 -13.104 -12.272 -11.819 -11.265 -13.195
0.095467 -12.525 -12.779 -13.009 -13.37 -13.409 -13.323 -13.082 -13.386 -13.407 -13.317 -13.131 -12.86 -13.386 -13.389 -13.227 -13.036 -12.82 -13.39 -13.237 -13.045 -12.885 -12.805 -13.22 -13.331 -13.147 -12.321 -11.869 -11.317 -13.235
0.098355 -12.531 -12.789 -13.026 -13.398 -13.444 -13.363 -13.106 -13.415 -13.441 -13.356 -13.174 -12.906 -13.415 -13.425 -13.269 -13.08 -12.866 -13.427 -13.278 -13.089 -12.93 -12.851 -13.26 -13.369 -13.189 -12.369 -11.919 -11.368 -13.275
0.101329 -12.537 -12.8 -13.043 -13.426 -13.478 -13.402 -13.13 -13.444 -13.476 -13.396 -13.217 -12.951 -13.444 -13.461 -13.31 -13.124 -12.912 -13.463 -13.319 -13.133 -12.976 -12.896 -13.301 -13.407 -13.231 -12.418 -11.969 -11.419 -13.314
0.104394 -12.542 -12.809 -13.059 -13.454 -13.512 -13.441 -13.154 -13.473 -13.51 -13.435 -13.259 -12.997 -13.472 -13.497 -13.351 -13.168 -12.958 -13.5 -13.36 -13.177 -13.021 -12.942 -13.341 -13.445 -13.274 -12.466 -12.019 -11.47 -13.353
0.107551 -12.547 -12.818 -13.075 -13.481 -13.546 -13.479 -13.178 -13.501 -13.544 -13.473 -13.301 -13.042 -13.5 -13.532 -13.392 -13.212 -13.003 -13.536 -13.401 -13.22 -13.066 -12.987 -13.381 -13.483 -13.316 -12.515 -12.069 -11.522 -13.393
0.110804 -12.551 -12.827 -13.091 -13.508 -13.579 -13.518 -13.201 -13.529 -13.577 -13.512 -13.343 -13.087 -13.528 -13.568 -13.433 -13.255 -13.049 -13.572 -13.442 -13.264 -13.111 -13.033 -13.421 -13.521 -13.357 -12.563 -12.119 -11.573 -13.432
0.114155 -12.554 -12.835 -13.105 -13.535 -13.613 -13.556 -13.224 -13.557 -13.611 -13.55 -13.385 -13.132 -13.556 -13.603 -13.473 -13.299 -13.094 -13.607 -13.482 -13.307 -13.156 -13.078 -13.46 -13.558 -13.399 -12.612 -12.169 -11.624 -13.47
0.117608 -12.557 -12.842 -13.12 -13.561 -13.646 -13.594 -13.246 -13.584 -13.644 -13.588 -13.427 -13.177 -13.583 -13.637 -13.514 -13.342 -13.139 -13.643 -13.522 -13.35 -13.2 -13.123 -13.5 -13.595 -13.441 -12.66 -12.219 -11.675 -13.509
0.121165 -12.56 -12.849 -13.134 -13.587 -13.678 -13.632 -13.269 -13.612 -13.676 -13.626 -13.469 -13.222 -13.609 -13.672 -13.554 -13.385 -13.185 -13.678 -13.562 -13.393 -13.245 -13.168 -13.539 -13.632 -13.482 -12.708 -12.268 -11.726 -13.547
0.124829 -12.562 -12.855 -13.147 -13.612 -13.711 -13.67 -13.291 -13.638 -13.709 -13.664 -13.51 -13.266 -13.636 -13.706 -13.594 -13.428 -13.23 -13.713 -13.602 -13.436 -13.289 -13.213 -13.578 -13.669 -13.523 -12.756 -12.318 -11.777 -13.585
0.128605 -12.563 -12.861 -13.16 -13.637 -13.743 -13.707 -13.313 -13.664 -13.741 -13.702 -13.551 -13.311 -13.662 -13.74 -13.634 -13.471 -13.274 -13.748 -13.642 -13.479 -13.334 -13.258 -13.617 -13.705 -13.564 -12.804 -12.367 -11.827 -13.623
0.132494 -12.564 -12.866 -13.173 -13.662 -13.775 -13.744 -13.334 -13.69 -13.773 -13.739 -13.592 -13.355 -13.688 -13.774 -13.673 -13.513 -13.319 -13.782 -13.682 -13.521 -13.378 -13.303 -13.656 -13.742 -13.605 -12.852 -12.417 -11.878 -13.661
0.136502 -12.564 -12.87 -13.185 -13.686 -13.806 -13.781 -13.355 -13.716 -13.804 -13.776 -13.633 -13.399 -13.713 -13.807 -13.713 -13.556 -13.364 -13.816 -13.721 -13.564 -13.422 -13.347 -13.694 -13.778 -13.646 -12.899 -12.466 -11.929 -13.699
0.14063 -12.564 -12.874 -13.197 -13.71 -13.837 -13.818 -13.376 -13.741 -13.836 -13.813 -13.674 -13.443 -13.738 -13.84 -13.752 -13.598 -13.408 -13.85 -13.76 -13.606 -13.466 -13.392 -13.733 -13.814 -13.686 -12.947 -12.516 -11.98 -13.736
0.144883 -12.563 -12.877 -13.208 -13.733 -13.868 -13.854 -13.397 -13.766 -13.867 -13.849 -13.715 -13.487 -13.762 -13.873 -13.791 -13.64 -13.453 -13.884 -13.799 -13.648 -13.51 -13.436 -13.771 -13.849 -13.727 -12.995 -12.565 -12.03 -13.773
0.149265 -12.562 -12.879 -13.218 -13.756 -13.899 -13.891 -13.417 -13.79 -13.897 -13.886 -13.755 -13.531 -13.786 -13.906 -13.83 -13.682 -13.497 -13.917 -13.838 -13.69 -13.553 -13.481 -13.808 -13.884 -13.767 -13.042 -12.614 -12.081 -13.81
0.15378 -12.559 -12.881 -13.228 -13.779 -13.929 -13.927 -13.437 -13.814 -13.928 -13.922 -13.795 -13.575 -13.81 -13.938 -13.868 -13.724 -13.541 -13.95 -13.876 -13.732 -13.597 -13.525 -13.846 -13.919 -13.807 -13.09 -12.663 -12.132 -13.847
0.15843 -12.557 -12.882 -13.238 -13.801 -13.959 -13.962 -13.457 -13.838 -13.958 -13.958 -13.835 -13.618 -13.833 -13.97 -13.907 -13.765 -13.585 -13.983 -13.915 -13.773 -13.64 -13.569 -13.884 -13.954 -13.846 -13.137 -12.712 -12.182 -13.884
0.163222 -12.553 -12.883 -13.247 -13.823 -13.989 -13.998 -13.477 -13.861 -13.987 -13.993 -13.875 -13.661 -13.856 -14.002 -13.945 -13.807 -13.629 -14.015 -13.953 -13.815 -13.684 -13.613 -13.921 -13.989 -13.886 -13.184 -12.761 -12.233 -13.92
0.168159 -12.55 -12.883 -13.255 -13.845 -14.018 -14.033 -13.496 -13.884 -14.017 -14.029 -13.915 -13.705 -13.879 -14.033 -13.983 -13.848 -13.673 -14.048 -13.991 -13.856 -13.727 -13.657 -13.958 -14.023 -13.925 -13.231 -12.81 -12.283 -13.956
0.173245 -12.545 -12.882 -13.263 -13.865 -14.047 -14.068 -13.515 -13.906 -14.046 -14.064 -13.954 -13.748 -13.901 -14.064 -14.02 -13.889 -13.716 -14.08 -14.028 -13.897 -13.77 -13.701 -13.995 -14.057 -13.964 -13.278 -12.859 -12.333 -13.992
0.178484 -12.54 -12.881 -13.27 -13.886 -14.075 -14.103 -13.534 -13.928 -14.074 -14.099 -13.993 -13.791 -13.922 -14.095 -14.058 -13.93 -13.76 -14.111 -14.066 -13.938 -13.813 -13.745 -14.031 -14.091 -14.003 -13.325 -12.908 -12.384 -14.028
0.183882 -12.534 -12.879 -13.277 -13.906 -14.104 -14.137 -13.552 -13.949 -14.103 -14.133 -14.032 -13.833 -13.943 -14.126 -14.095 -13.971 -13.803 -14.143 -14.103 -13.979 -13.855 -13.788 -14.068 -14.124 -14.042 -13.372 -12.957 -12.434 -14.063
0.189444 -12.528 -12.876 -13.283 -13.926 -14.132 -14.171 -13.57 -13.971 -14.131 -14.168 -14.071 -13.876 -13.964 -14.156 -14.132 -14.012 -13.846 -14.174 -14.14 -14.019 -13.898 -13.832 -14.104 -14.157 -14.081 -13.419 -13.005 -12.484 -14.099
0.195173 -12.521 -12.872 -13.289 -13.945 -14.159 -14.205 -13.588 -13.991 -14.158 -14.202 -14.11 -13.918 -13.984 -14.186 -14.169 -14.052 -13.889 -14.204 -14.177 -14.06 -13.94 -13.875 -14.14 -14.19 -14.119 -13.465 -13.054 -12.534 -14.133
0.201076 -12.513 -12.868 -13.294 -13.963 -14.186 -14.239 -13.605 -14.011 -14.185 -14.235 -14.148 -13.961 -14.004 -14.215 -14.205 -14.092 -13.932 -14.235 -14.213 -14.1 -13.982 -13.918 -14.175 -14.223 -14.157 -13.512 -13.102 -12.584 -14.168
0.207158 -12.505 -12.863 -13.298 -13.982 -14.213 -14.272 -13.623 -14.031 -14.212 -14.269 -14.186 -14.003 -14.023 -14.244 -14.242 -14.132 -13.975 -14.265 -14.249 -14.14 -14.024 -13.961 -14.211 -14.255 -14.195 -13.558 -13.151 -12.634 -14.203
0.213423 -12.496 -12.857 -13.302 -13.999 -14.239 -14.305 -13.639 -14.05 -14.239 -14.302 -14.224 -14.045 -14.042 -14.273 -14.278 -14.172 -14.017 -14.295 -14.285 -14.18 -14.066 -14.004 -14.246 -14.287 -14.233 -13.604 -13.199 -12.684 -14.237
0.219878 -12.486 -12.851 -13.306 -14.016 -14.266 -14.338 -13.656 -14.069 -14.265 -14.335 -14.262 -14.087 -14.061 -14.302 -14.314 -14.212 -14.059 -14.324 -14.321 -14.219 -14.108 -14.047 -14.281 -14.319 -14.27 -13.651 -13.247 -12.734 -14.271
0.226528 -12.476 -12.844 -13.308 -14.033 -14.291 -14.37 -13.672 -14.087 -14.291 -14.368 -14.299 -14.128 -14.079 -14.33 -14.349 -14.251 -14.102 -14.353 -14.357 -14.259 -14.15 -14.089 -14.315 -14.35 -14.307 -13.697 -13.295 -12.784 -14.305
0.233379 -12.465 -12.836 -13.31 -14.049 -14.316 -14.403 -13.688 -14.105 -14.316 -14.4 -14.337 -14.17 -14.096 -14.358 -14.384 -14.29 -14.144 -14.382 -14.392 -14.298 -14.191 -14.132 -14.35 -14.381 -14.344 -13.743 -13.343 -12.834 -14.338
0.240437 -12.454 -12.827 -13.312 -14.065 -14.341 -14.434 -13.704 -14.122 -14.341 -14.432 -14.374 -14.211 -14.113 -14.385 -14.419 -14.329 -14.185 -14.41 -14.427 -14.337 -14.232 -14.174 -14.384 -14.412 -14.381 -13.788 -13.391 -12.883 -14.372
0.247709 -12.441 -12.817 -13.313 -14.08 -14.366 -14.466 -13.719 -14.139 -14.366 -14.464 -14.41 -14.252 -14.129 -14.412 -14.454 -14.368 -14.227 -14.438 -14.462 -14.376 -14.273 -14.216 -14.418 -14.442 -14.417 -13.834 -13.439 -12.933 -14.404
0.255201 -12.428 -12.807 -13.313 -14.095 -14.39 -14.497 -13.734 -14.156 -14.39 -14.495 -14.447 -14.293 -14.145 -14.439 -14.489 -14.407 -14.269 -14.466 -14.496 -14.414 -14.314 -14.258 -14.451 -14.472 -14.453 -13.88 -13.487 -12.982 -14.437
0.262919 -12.415 -12.796 -13.313 -14.109 -14.413 -14.528 -13.748 -14.171 -14.414 -14.526 -14.483 -14.334 -14.161 -14.465 -14.523 -14.445 -14.31 -14.493 -14.53 -14.452 -14.355 -14.3 -14.485 -14.502 -14.489 -13.925 -13.535 -13.032 -14.47
0.270871 -12.401 -12.784 -13.311 -14.123 -14.437 -14.559 -13.762 -14.187 -14.437 -14.557 -14.519 -14.374 -14.175 -14.491 -14.557 -14.483 -14.351 -14.52 -14.564 -14.491 -14.396 -14.342 -14.518 -14.532 -14.525 -13.971 -13.582 -13.081 -14.502
0.279064 -12.386 -12.771 -13.31 -14.136 -14.459 -14.589 -13.776 -14.201 -14.46 -14.587 -14.555 -14.414 -14.19 -14.516 -14.59 -14.521 -14.392 -14.547 -14.598 -14.528 -14.436 -14.384 -14.551 -14.561 -14.561 -14.016 -13.63 -13.131 -14.534
0.287504 -12.37 -12.757 -13.307 -14.148 -14.482 -14.619 -13.79 -14.216 -14.482 -14.617 -14.591 -14.455 -14.203 -14.542 -14.624 -14.558 -14.433 -14.573 -14.631 -14.566 -14.476 -14.425 -14.583 -14.59 -14.596 -14.061 -13.677 -13.18 -14.565
0.296199 -12.354 -12.743 -13.304 -14.16 -14.504 -14.648 -13.803 -14.229 -14.504 -14.647 -14.626 -14.494 -14.217 -14.566 -14.657 -14.596 -14.473 -14.599 -14.664 -14.604 -14.516 -14.466 -14.615 -14.618 -14.631 -14.106 -13.725 -13.229 -14.597
0.305157 -12.337 -12.727 -13.3 -14.171 -14.525 -14.677 -13.816 -14.242 -14.526 -14.676 -14.661 -14.534 -14.229 -14.59 -14.689 -14.633 -14.513 -14.624 -14.697 -14.641 -14.556 -14.507 -14.647 -14.646 -14.665 -14.151 -13.772 -13.278 -14.628
0.314387 -12.319 -12.711 -13.296 -14.182 -14.546 -14.706 -13.828 -14.255 -14.547 -14.705 -14.696 -14.574 -14.241 -14.614 -14.722 -14.67 -14.554 -14.649 -14.73 -14.678 -14.595 -14.548 -14.679 -14.674 -14.7 -14.195 -13.819 -13.327 -14.659
0.323895 -12.301 -12.694 -13.291 -14.192 -14.567 -14.735 -13.84 -14.267 -14.568 -14.734 -14.73 -14.613 -14.253 -14.638 -14.754 -14.707 -14.594 -14.674 -14.762 -14.714 -14.635 -14.589 -14.71 -14.701 -14.734 -14.24 -13.866 -13.376 -14.689
0.333691 -12.282 -12.676 -13.285 -14.202 -14.587 -14.763 -13.852 -14.278 -14.588 -14.762 -14.764 -14.652 -14.263 -14.661 -14.786 -14.743 -14.633 -14.698 -14.794 -14.751 -14.674 -14.63 -14.741 -14.728 -14.768 -14.284 -13.913 -13.425 -14.719
0.343783 -12.263 -12.657 -13.278 -14.211 -14.606 -14.79 -13.864 -14.289 -14.608 -14.79 -14.798 -14.691 -14.274 -14.683 -14.817 -14.779 -14.673 -14.722 -14.825 -14.787 -14.713 -14.67 -14.772 -14.755 -14.801 -14.329 -13.96 -13.474 -14.749
0.354181 -12.242 -12.637 -13.271 -14.219 -14.625 -14.818 -13.875 -14.299 -14.627 -14.818 -14.832 -14.73 -14.283 -14.705 -14.848 -14.815 -14.712 -14.745 -14.856 -14.823 -14.751 -14.71 -14.802 -14.781 -14.834 -14.373 -14.006 -13.523 -14.779
0.364893 -12.221 -12.616 -13.263 -14.226 -14.644 -14.844 -13.885 -14.309 -14.646 -14.845 -14.865 -14.768 -14.292 -14.727 -14.879 -14.851 -14.751 -14.768 -14.887 -14.859 -14.79 -14.75 -14.832 -14.807 -14.867 -14.417 -14.053 -13.571 -14.808
0.375929 -12.199 -12.594 -13.254 -14.233 -14.662 -14.871 -13.895 -14.318 -14.664 -14.871 -14.898 -14.806 -14.301 -14.748 -14.909 -14.886 -14.79 -14.791 -14.918 -14.894 -14.828 -14.79 -14.862 -14.832 -14.9 -14.461 -14.099 -13.62 -14.837
0.387298 -12.177 -12.571 -13.244 -14.24 -14.68 -14.897 -13.905 -14.326 -14.682 -14.898 -14.931 -14.844 -14.308 -14.769 -14.94 -14.921 -14.829 -14.813 -14.948 -14.929 -14.866 -14.829 -14.892 -14.857 -14.932 -14.504 -14.146 -13.668 -14.865
0.399012 -12.154 -12.548 -13.234 -14.245 -14.697 -14.923 -13.915 -14.334 -14.699 -14.924 -14.963 -14.882 -14.316 -14.789 -14.969 -14.956 -14.867 -14.834 -14.978 -14.964 -14.904 -14.869 -14.921 -14.882 -14.964 -14.548 -14.192 -13.717 -14.894
0.41108 -12.13 -12.523 -13.223 -14.25 -14.713 -14.948 -13.924 -14.341 -14.716 -14.949 -14.995 -14.919 -14.322 -14.809 -14.999 -14.99 -14.905 -14.855 -15.007 -14.999 -14.941 -14.908 -14.949 -14.906 -14.996 -14.591 -14.238 -13.765 -14.922
0.423513 -12.106 -12.497 -13.211 -14.255 -14.729 -14.973 -13.932 -14.347 -14.732 -14.974 -15.027 -14.957 -14.328 -14.828 -15.028 -15.024 -14.943 -14.876 -15.036 -15.033 -14.979 -14.947 -14.978 -14.93 -15.027 -14.634 -14.284 -13.813 -14.949
0.436321 -12.081 -12.47 -13.198 -14.258 -14.744 -14.997 -13.941 -14.353 -14.747 -14.999 -15.058 -14.993 -14.333 -14.847 -15.056 -15.058 -14.981 -14.896 -15.065 -15.067 -15.016 -14.986 -15.006 -14.953 -15.058 -14.677 -14.33 -13.861 -14.976
0.449518 -12.055 -12.442 -13.185 -14.261 -14.759 -15.021 -13.949 -14.358 -14.762 -15.023 -15.089 -15.03 -14.337 -14.865 -15.085 -15.092 -15.018 -14.916 -15.093 -15.101 -15.052 -15.024 -15.034 -14.976 -15.089 -14.72 -14.376 -13.909 -15.003
0.463113 -12.029 -12.413 -13.17 -14.263 -14.773 -15.045 -13.956 -14.362 -14.777 -15.047 -15.12 -15.067 -14.341 -14.883 -15.112 -15.125 -15.056 -14.935 -15.121 -15.134 -15.089 -15.063 -15.061 -14.999 -15.119 -14.763 -14.421 -13.957 -15.03
0.47712 -12.002 -12.383 -13.155 -14.265 -14.787 -15.068 -13.963 -14.365 -14.791 -15.07 -15.151 -15.103 -14.344 -14.9 -15.14 -15.158 -15.093 -14.954 -15.149 -15.167 -15.125 -15.101 -15.088 -15.021 -15.149 -14.805 -14.467 -14.005 -15.056
0.49155 -11.974 -12.352 -13.139 -14.265 -14.8 -15.09 -13.969 -14.368 -14.804 -15.093 -15.181 -15.139 -14.346 -14.917 -15.167 -15.191 -15.129 -14.972 -15.176 -15.2 -15.161 -15.139 -15.114 -15.042 -15.179 -14.848 -14.512 -14.053 -15.082
0.506416 -11.946 -12.32 -13.122 -14.265 -14.813 -15.113 -13.976 -14.37 -14.817 -15.116 -15.21 -15.174 -14.347 -14.933 -15.194 -15.223 -15.166 -14.989 -15.203 -15.232 -15.197 -15.176 -15.141 -15.063 -15.208 -14.89 -14.557 -14.101 -15.108
0.521733 -11.917 -12.286 -13.104 -14.264 -14.825 -15.134 -13.981 -14.372 -14.829 -15.138 -15.24 -15.21 -14.348 -14.949 -15.22 -15.255 -15.202 -15.007 -15.229 -15.265 -15.232 -15.214 -15.166 -15.084 -15.237 -14.932 -14.602 -14.148 -15.133
0.537512 -11.888 -12.252 -13.086 -14.263 -14.836 -15.155 -13.986 -14.372 -14.84 -15.159 -15.268 -15.245 -14.348 -14.964 -15.246 -15.287 -15.238 -15.023 -15.255 -15.296 -15.268 -15.251 -15.192 -15.104 -15.265 -14.974 -14.647 -14.196 -15.157
0.553769 -11.858 -12.216 -13.066 -14.26 -14.846 -15.176 -13.991 -14.372 -14.851 -15.18 -15.297 -15.28 -14.347 -14.978 -15.271 -15.318 -15.273 -15.039 -15.28 -15.328 -15.303 -15.288 -15.217 -15.124 -15.293 -15.015 -14.692 -14.243 -15.182
0.570517 -11.828 -12.179 -13.046 -14.257 -14.856 -15.196 -13.995 -14.371 -14.861 -15.201 -15.325 -15.314 -14.345 -14.992 -15.296 -15.349 -15.308 -15.055 -15.306 -15.359 -15.337 -15.325 -15.241 -15.143 -15.321 -15.057 -14.737 -14.29 -15.206
0.587772 -11.797 -12.141 -13.024 -14.253 -14.866 -15.216 -13.999 -14.37 -14.871 -15.22 -15.353 -15.348 -14.343 -15.005 -15.321 -15.38 -15.343 -15.069 -15.33 -15.39 -15.371 -15.361 -15.266 -15.161 -15.348 -15.098 -14.781 -14.337 -15.229
0.605549 -11.765 -12.102 -13.002 -14.248 -14.874 -15.235 -14.002 -14.367 -14.88 -15.24 -15.38 -15.382 -14.339 -15.018 -15.345 -15.41 -15.378 -15.084 -15.354 -15.42 -15.405 -15.397 -15.289 -15.179 -15.375 -15.139 -14.825 -14.384 -15.252
0.623863 -11.733 -12.061 -12.979 -14.242 -14.882 -15.253 -14.005 -14.364 -14.888 -15.259 -15.407 -15.416 -14.335 -15.03 -15.368 -15.44 -15.413 -15.097 -15.378 -15.45 -15.439 -15.433 -15.313 -15.197 -15.402 -15.18 -14.87 -14.431 -15.275
0.642731 -11.701 -12.019 -12.955 -14.235 -14.889 -15.271 -14.008 -14.359 -14.896 -15.277 -15.434 -15.449 -14.33 -15.041 -15.391 -15.469 -15.447 -15.111 -15.401 -15.479 -15.472 -15.469 -15.336 -15.214 -15.428 -15.22 -14.914 -14.478 -15.298
0.66217 -11.668 -11.976 -12.93 -14.228 -14.896 -15.289 -14.009 -14.354 -14.902 -15.295 -15.46 -15.482 -14.324 -15.052 -15.414 -15.498 -15.48 -15.123 -15.424 -15.509 -15.505 -15.504 -15.358 -15.23 -15.453 -15.261 -14.958 -14.525 -15.32
0.682197 -11.635 -11.932 -12.904 -14.219 -14.902 -15.306 -14.011 -14.348 -14.909 -15.312 -15.486 -15.514 -14.317 -15.062 -15.436 -15.527 -15.514 -15.135 -15.446 -15.538 -15.538 -15.539 -15.38 -15.246 -15.479 -15.301 -15.001 -14.571 -15.341
0.70283 -11.602 -11.886 -12.877 -14.21 -14.907 -15.322 -14.011 -14.342 -14.914 -15.329 -15.511 -15.547 -14.31 -15.071 -15.458 -15.555 -15.547 -15.146 -15.468 -15.566 -15.57 -15.574 -15.401 -15.262 -15.503 -15.341 -15.045 -14.618 -15.362
0.724086 -11.568 -11.839 -12.849 -14.199 -14.911 -15.337 -14.012 -14.334 -14.919 -15.345 -15.536 -15.579 -14.301 -15.08 -15.479 -15.583 -15.58 -15.157 -15.489 -15.594 -15.602 -15.608 -15.423 -15.276 -15.528 -15.38 -15.088 -14.664 -15.383
0.745986 -11.534 -11.79 -12.819 -14.188 -14.915 -15.353 -14.011 -14.325 -14.923 -15.36 -15.56 -15.61 -14.291 -15.088 -15.499 -15.61 -15.612 -15.167 -15.51 -15.622 -15.634 -15.642 -15.443 -15.29 -15.551 -15.42 -15.131 -14.71 -15.403
0.768548 -11.5 -11.74 -12.789 -14.176 -14.918 -15.367 -14.011 -14.316 -14.926 -15.375 -15.584 -15.641 -14.281 -15.095 -15.519 -15.637 -15.644 -15.176 -15.531 -15.649 -15.665 -15.676 -15.463 -15.304 -15.575 -15.459 -15.174 -14.756 -15.423
0.791792 -11.466 -11.689 -12.758 -14.163 -14.92 -15.381 -14.009 -14.305 -14.928 -15.389 -15.607 -15.672 -14.269 -15.102 -15.539 -15.664 -15.676 -15.185 -15.55 -15.676 -15.696 -15.71 -15.483 -15.317 -15.597 -15.498 -15.217 -14.802 -15.442
0.815739 -11.431 -11.636 -12.726 -14.148 -14.921 -15.394 -14.007 -14.294 -14.93 -15.403 -15.63 -15.702 -14.257 -15.108 -15.558 -15.69 -15.707 -15.193 -15.569 -15.702 -15.727 -15.743 -15.502 -15.329 -15.62 -15.537 -15.26 -14.848 -15.461
0.840411 -11.397 -11.582 -12.693 -14.133 -14.921 -15.406 -14.005 -14.281 -14.931 -15.416 -15.653 -15.732 -14.243 -15.113 -15.576 -15.716 -15.738 -15.2 -15.588 -15.728 -15.757 -15.776 -15.521 -15.341 -15.642 -15.575 -15.302 -14.893 -15.479
0.865828 -11.362 -11.526 -12.659 -14.117 -14.921 -15.418 -14.002 -14.268 -14.931 -15.428 -15.675 -15.762 -14.229 -15.117 -15.594 -15.741 -15.769 -15.206 -15.606 -15.753 -15.787 -15.808 -15.539 -15.352 -15.663 -15.613 -15.344 -14.939 -15.497
0.892015 -11.328 -11.469 -12.623 -14.099 -14.92 -15.429 -13.998 -14.253 -14.93 -15.44 -15.696 -15.791 -14.213 -15.121 -15.611 -15.766 -15.799 -15.212 -15.624 -15.778 -15.816 -15.84 -15.556 -15.362 -15.684 -15.651 -15.387 -14.984 -15.514
0.918993 -11.294 -11.41 -12.587 -14.081 -14.918 -15.44 -13.994 -14.237 -14.928 -15.451 -15.717 -15.82 -14.197 -15.124 -15.628 -15.79 -15.829 -15.217 -15.64 -15.803 -15.845 -15.872 -15.573 -15.372 -15.704 -15.689 -15.428 -15.029 -15.531
0.946787 -11.26 -11.35 -12.55 -14.061 -14.915 -15.45 -13.989 -14.221 -14.926 -15.461 -15.737 -15.849 -14.179 -15.126 -15.644 -15.814 -15.858 -15.221 -15.657 -15.827 -15.874 -15.904 -15.59 -15.381 -15.724 -15.726 -15.47 -15.074 -15.548
0.975422 -11.226 -11.288 -12.511 -14.041 -14.911 -15.459 -13.983 -14.203 -14.922 -15.471 -15.757 -15.877 -14.16 -15.127 -15.659 -15.837 -15.887 -15.225 -15.672 -15.85 -15.902 -15.935 -15.606 -15.389 -15.743 -15.764 -15.512 -15.119 -15.564
1.004923 -11.193 -11.224 -12.471 -14.019 -14.906 -15.467 -13.977 -14.184 -14.918 -15.48 -15.776 -15.904 -14.14 -15.127 -15.674 -15.86 -15.916 -15.228 -15.688 -15.873 -15.93 -15.966 -15.621 -15.397 -15.762 -15.8 -15.553 -15.164 -15.579
1.035317 -11.16 -11.159 -12.43 -13.996 -14.9 -15.475 -13.97 -14.165 -14.913 -15.488 -15.795 -15.932 -14.119 -15.127 -15.688 -15.882 -15.944 -15.23 -15.702 -15.896 -15.957 -15.996 -15.636 -15.404 -15.78 -15.837 -15.594 -15.208 -15.594
1.066629 -11.128 -11.093 -12.388 -13.972 -14.894 -15.482 -13.963 -14.144 -14.907 -15.495 -15.813 -15.958 -14.097 -15.125 -15.702 -15.904 -15.972 -15.231 -15.716 -15.918 -15.984 -16.026 -15.65 -15.41 -15.797 -15.873 -15.635 -15.253 -15.608
1.098888 -11.096 -11.024 -12.345 -13.947 -14.886 -15.488 -13.954 -14.121 -14.9 -15.502 -15.831 -15.985 -14.073 -15.123 -15.714 -15.925 -15.999 -15.231 -15.729 -15.939 -16.01 -16.055 -15.664 -15.415 -15.814 -15.909 -15.675 -15.297 -15.622
1.132124 -11.065 -10.954 -12.301 -13.92 -14.878 -15.493 -13.946 -14.098 -14.892 -15.508 -15.848 -16.01 -14.049 -15.12 -15.727 -15.945 -16.026 -15.231 -15.741 -15.96 -16.036 -16.085 -15.677 -15.42 -15.831 -15.945 -15.716 -15.341 -15.635
1.166364 -11.035 -10.882 -12.255 -13.892 -14.868 -15.497 -13.936 -14.074 -14.883 -15.513 -15.864 -16.036 -14.023 -15.116 -15.738 -15.965 -16.052 -15.229 -15.753 -15.98 -16.062 -16.113 -15.689 -15.424 -15.846 -15.98 -15.756 -15.385 -15.648
1.20164 -11.006 -10.809 -12.209 -13.863 -14.857 -15.501 -13.926 -14.048 -14.873 -15.517 -15.88 -16.061 -13.996 -15.111 -15.749 -15.985 -16.078 -15.227 -15.764 -16.0 -16.087 -16.142 -15.701 -15.427 -15.861 -16.015 -15.796 -15.429 -15.66
1.237983 -10.977 -10.733 -12.161 -13.833 -14.846 -15.504 -13.915 -14.021 -14.862 -15.521 -15.895 -16.085 -13.968 -15.106 -15.759 -16.004 -16.104 -15.224 -15.775 -16.019 -16.111 -16.17 -15.712 -15.43 -15.876 -16.05 -15.835 -15.472 -15.672
1.275425 -10.95 -10.656 -12.111 -13.802 -14.833 -15.506 -13.904 -13.993 -14.85 -15.523 -15.91 -16.109 -13.938 -15.099 -15.768 -16.022 -16.129 -15.22 -15.784 -16.038 -16.135 -16.197 -15.722 -15.431 -15.89 -16.084 -15.875 -15.516 -15.683
1.313999 -10.924 -10.577 -12.061 -13.769 -14.819 -15.507 -13.891 -13.963 -14.837 -15.525 -15.924 -16.132 -13.907 -15.091 -15.777 -16.04 -16.153 -15.216 -15.793 -16.056 -16.159 -16.224 -15.732 -15.432 -15.903 -16.118 -15.914 -15.559 -15.693
1.35374 -10.899 -10.496 -12.01 -13.734 -14.805 -15.507 -13.878 -13.932 -14.823 -15.526 -15.937 -16.155 -13.875 -15.082 -15.784 -16.057 -16.177 -15.21 -15.802 -16.073 -16.182 -16.251 -15.741 -15.432 -15.915 -16.152 -15.953 -15.602 -15.703
1.394683 -10.875 -10.414 -11.957 -13.699 -14.789 -15.507 -13.864 -13.9 -14.807 -15.526 -15.949 -16.177 -13.841 -15.073 -15.791 -16.073 -16.201 -15.203 -15.809 -16.09 -16.204 -16.277 -15.75 -15.431 -15.927 -16.186 -15.991 -15.645 -15.712
1.436864 -10.853 -10.329 -11.903 -13.662 -14.772 -15.505 -13.85 -13.867 -14.791 -15.525 -15.961 -16.199 -13.806 -15.062 -15.798 -16.089 -16.224 -15.196 -15.816 -16.106 -16.226 -16.303 -15.758 -15.429 -15.938 -16.218 -16.03 -15.688 -15.721
1.480321 -10.832 -10.243 -11.848 -13.623 -14.754 -15.503 -13.834 -13.832 -14.774 -15.524 -15.972 -16.22 -13.77 -15.05 -15.803 -16.104 -16.246 -15.187 -15.822 -16.122 -16.247 -16.328 -15.765 -15.426 -15.948 -16.251 -16.068 -15.73 -15.729
1.525092 -10.813 -10.154 -11.791 -13.583 -14.734 -15.499 -13.818 -13.796 -14.755 -15.521 -15.983 -16.241 -13.732 -15.037 -15.808 -16.119 -16.268 -15.178 -15.827 -16.137 -16.268 -16.353 -15.771 -15.423 -15.958 -16.283 -16.106 -15.772 -15.736
1.571218 -10.795 -10.064 -11.733 -13.542 -14.714 -15.495 -13.801 -13.758 -14.735 -15.517 -15.993 -16.261 -13.693 -15.023 -15.811 -16.133 -16.289 -15.167 -15.831 -16.151 -16.288 -16.377 -15.777 -15.418 -15.967 -16.315 -16.143 -15.814 -15.743
1.618738 -10.778 -9.971 -11.674 -13.499 -14.692 -15.49 -13.784 -13.719 -14.715 -15.513 -16.002 -16.281 -13.652 -15.008 -15.814 -16.146 -16.31 -15.156 -15.835 -16.164 -16.308 -16.401 -15.782 -15.413 -15.975 -16.347 -16.181 -15.856 -15.749
1.667696 -10.763 -9.877 -11.614 -13.455 -14.669 -15.483 -13.765 -13.678 -14.693 -15.507 -16.01 -16.3 -13.61 -14.992 -15.816 -16.158 -16.33 -15.143 -15.837 -16.177 -16.327 -16.424 -15.786 -15.406 -15.983 -16.378 -16.218 -15.898 -15.755
1.718134 -10.75 -9.781 -11.552 -13.409 -14.645 -15.476 -13.746 -13.636 -14.669 -15.501 -16.017 -16.318 -13.566 -14.975 -15.817 -16.17 -16.349 -15.13 -15.839 -16.189 -16.345 -16.446 -15.789 -15.399 -15.989 -16.409 -16.254 -15.939 -15.76
1.770098 -10.738 -9.683 -11.49 -13.361 -14.62 -15.468 -13.726 -13.593 -14.645 -15.493 -16.024 -16.336 -13.521 -14.957 -15.818 -16.181 -16.368 -15.115 -15.84 -16.201 -16.363 -16.469 -15.792 -15.391 -15.995 -16.439 -16.291 -15.98 -15.764
1.823633 -10.727 -9.582 -11.425 -13.312 -14.593 -15.458 -13.704 -13.548 -14.619 -15.485 -16.03 -16.353 -13.474 -14.937 -15.817 -16.191 -16.387 -15.099 -15.84 -16.211 -16.381 -16.49 -15.794 -15.382 -16.0 -16.469 -16.327 -16.021 -15.768
1.878788 -10.718 -9.48 -11.36 -13.262 -14.565 -15.448 -13.682 -13.501 -14.592 -15.475 -16.035 -16.37 -13.425 -14.916 -15.816 -16.201 -16.404 -15.083 -15.839 -16.221 -16.397 -16.511 -15.795 -15.371 -16.005 -16.498 -16.363 -16.062 -15.771
1.93561 -10.711 -9.376 -11.293 -13.209 -14.536 -15.436 -13.66 -13.453 -14.564 -15.465 -16.039 -16.385 -13.375 -14.894 -15.813 -16.209 -16.422 -15.065 -15.837 -16.231 -16.413 -16.532 -15.795 -15.36 -16.008 -16.527 -16.398 -16.103 -15.773
1.994152 -10.705 -9.27 -11.225 -13.155 -14.505 -15.423 -13.636 -13.403 -14.534 -15.453 -16.043 -16.401 -13.323 -14.871 -15.81 -16.217 -16.438 -15.046 -15.835 -16.239 -16.428 -16.552 -15.795 -15.348 -16.011 -16.556 -16.433 -16.143 -15.775
2.054463 -10.7 -9.162 -11.156 -13.1 -14.473 -15.41 -13.611 -13.351 -14.503 -15.44 -16.046 -16.415 -13.27 -14.847 -15.805 -16.224 -16.454 -15.026 -15.831 -16.247 -16.443 -16.571 -15.794 -15.334 -16.012 -16.584 -16.468 -16.183 -15.776
2.116599 -10.697 -9.051 -11.085 -13.042 -14.44 -15.395 -13.586 -13.298 -14.471 -15.426 -16.047 -16.429 -13.214 -14.821 -15.8 -16.231 -16.469 -15.005 -15.827 -16.253 -16.457 -16.59 -15.791 -15.32 -16.013 -16.612 -16.502 -16.223 -15.776
2.180614 -10.696 -8.939 -11.013 -12.983 -14.405 -15.378 -13.559 -13.243 -14.437 -15.411 -16.048 -16.442 -13.157 -14.794 -15.793 -16.236 -16.483 -14.983 -15.821 -16.259 -16.47 -16.608 -15.788 -15.304 -16.013 -16.639 -16.536 -16.262 -15.775
2.246566 -10.695 -8.825 -10.94 -12.922 -14.369 -15.361 -13.532 -13.186 -14.402 -15.395 -16.048 -16.455 -13.099 -14.766 -15.786 -16.241 -16.497 -14.96 -15.814 -16.264 -16.482 -16.625 -15.784 -15.288 -16.012 -16.665 -16.57 -16.302 -15.774
2.314511 -10.696 -8.71 -10.866 -12.859 -14.331 -15.343 -13.503 -13.128 -14.365 -15.378 -16.047 -16.466 -13.038 -14.736 -15.777 -16.244 -16.51 -14.935 -15.807 -16.269 -16.494 -16.642 -15.779 -15.27 -16.011 -16.692 -16.604 -16.341 -15.772
2.384512 -10.698 -8.592 -10.79 -12.794 -14.292 -15.323 -13.474 -13.068 -14.327 -15.359 -16.046 -16.477 -12.976 -14.705 -15.768 -16.247 -16.522 -14.91 -15.798 -16.272 -16.505 -16.658 -15.774 -15.251 -16.008 -16.717 -16.637 -16.38 -15.77
2.45663 -10.701 -8.473 -10.713 -12.728 -14.251 -15.302 -13.444 -13.006 -14.288 -15.339 -16.043 -16.488 -12.911 -14.672 -15.757 -16.249 -16.534 -14.883 -15.788 -16.275 -16.515 -16.674 -15.767 -15.231 -16.004 -16.743 -16.669 -16.418 -15.766
2.530929 -10.704 -8.353 -10.634 -12.659 -14.208 -15.279 -13.412 -12.942 -14.246 -15.318 -16.039 -16.497 -12.845 -14.639 -15.745 -16.25 -16.545 -14.855 -15.778 -16.276 -16.525 -16.689 -15.759 -15.209 -15.999 -16.767 -16.702 -16.456 -15.762
2.607475 -10.709 -8.231 -10.554 -12.589 -14.164 -15.256 -13.38 -12.876 -14.204 -15.296 -16.035 -16.506 -12.777 -14.603 -15.732 -16.251 -16.555 -14.826 -15.766 -16.277 -16.533 -16.703 -15.751 -15.187 -15.994 -16.792 -16.734 -16.494 -15.758
2.686337 -10.715 -8.108 -10.473 -12.516 -14.119 -15.231 -13.347 -12.808 -14.16 -15.272 -16.029 -16.514 -12.706 -14.566 -15.718 -16.25 -16.564 -14.795 -15.753 -16.277 -16.541 -16.716 -15.741 -15.163 -15.987 -16.815 -16.765 -16.532 -15.752
2.767583 -10.721 -7.984 -10.391 -12.441 -14.072 -15.205 -13.312 -12.738 -14.114 -15.247 -16.022 -16.521 -12.634 -14.528 -15.703 -16.248 -16.572 -14.764 -15.739 -16.276 -16.548 -16.729 -15.731 -15.138 -15.979 -16.838 -16.796 -16.569 -15.746
2.851287 -10.729 -7.869 -10.313 -12.371 -14.027 -15.18 -13.28 -12.672 -14.071 -15.223 -16.016 -16.528 -12.566 -14.492 -15.688 -16.246 -16.58 -14.734 -15.725 -16.275 -16.555 -16.741 -15.721 -15.115 -15.972 -16.86 -16.826 -16.605 -15.74
2.937522 -10.741 -7.881 -10.325 -12.383 -14.039 -15.191 -13.292 -12.684 -14.082 -15.235 -16.028 -16.539 -12.578 -14.504 -15.7 -16.258 -16.592 -14.746 -15.737 -16.287 -16.567 -16.753 -15.733 -15.126 -15.984 -16.872 -16.837 -16.617 -15.752
3.026365 -10.752 -7.893 -10.337 -12.394 -14.05 -15.203 -13.303 -12.696 -14.094 -15.247 -16.04 -16.551 -12.589 -14.515 -15.712 -16.27 -16.604 -14.758 -15.749 -16.298 -16.578 -16.765 -15.744 -15.138 -15.995 -16.884 -16.849 -16.628 -15.764
3.117896 -10.764 -7.904 -10.349 -12.406 -14.062 -15.215 -13.315 -12.707 -14.106 -15.258 -16.051 -16.563 -12.601 -14.527 -15.723 -16.281 -16.615 -14.769 -15.761 -16.31 -16.59 -16.776 -15.756 -15.15 -16.007 -16.895 -16.861 -16.64 -15.775
3.212194 -10.775 -7.915 -10.36 -12.417 -14.073 -15.226 -13.326 -12.718 -14.117 -15.27 -16.062 -16.574 -12.612 -14.538 -15.734 -16.293 -16.627 -14.78 -15.772 -16.321 -16.601 -16.787 -15.767 -15.161 -16.018 -16.907 -16.872 -16.651 -15.786
3.309345 -10.786 -7.927 -10.371 -12.428 -14.084 -15.237 -13.337 -12.73 -14.128 -15.281 -16.074 -16.585 -12.623 -14.549 -15.746 -16.304 -16.638 -14.792 -15.783 -16.332 -16.612 -16.799 -15.778 -15.172 -16.029 -16.918 -16.883 -16.662 -15.798
3.409434 -10.797 -7.937 -10.382 -12.439 -14.095 -15.248 -13.348 -12.741 -14.139 -15.292 -16.085 -16.596 -12.634 -14.56 -15.757 -16.315 -16.649 -14.802 -15.794 -16.343 -16.623 -16.81 -15.789 -15.183 -16.04 -16.929 -16.894 -16.673 -15.808
3.51255 -10.808 -7.948 -10.393 -12.45 -14.106 -15.259 -13.359 -12.751 -14.15 -15.303 -16.095 -16.607 -12.645 -14.571 -15.767 -16.325 -16.66 -14.813 -15.805 -16.354 -16.634 -16.82 -15.8 -15.194 -16.051 -16.939 -16.905 -16.684 -15.819
3.618785 -10.819 -7.959 -10.403 -12.461 -14.117 -15.269 -13.37 -12.762 -14.16 -15.313 -16.106 -16.617 -12.656 -14.582 -15.778 -16.336 -16.67 -14.824 -15.815 -16.365 -16.645 -16.831 -15.811 -15.204 -16.062 -16.95 -16.915 -16.695 -15.83
3.728232 -10.829 -7.969 -10.414 -12.471 -14.127 -15.28 -13.38 -12.772 -14.171 -15.324 -16.116 -16.628 -12.666 -14.592 -15.788 -16.346 -16.68 -14.834 -15.826 -16.375 -16.655 -16.841 -15.821 -15.215 -16.072 -16.96 -16.926 -16.705 -15.84
3.84099 -10.839 -7.979 -10.424 -12.481 -14.137 -15.29 -13.39 -12.782 -14.181 -15.334 -16.126 -16.638 -12.676 -14.602 -15.798 -16.356 -16.691 -14.844 -15.836 -16.385 -16.665 -16.851 -15.831 -15.225 -16.082 -16.97 -16.936 -16.715 -15.85
3.957158 -10.849 -7.989 -10.434 -12.491 -14.147 -15.3 -13.4 -12.792 -14.191 -15.344 -16.136 -16.648 -12.686 -14.612 -15.808 -16.366 -16.701 -14.854 -15.846 -16.395 -16.675 -16.861 -15.841 -15.235 -16.092 -16.98 -16.946 -16.725 -15.86
4.07684 -10.859 -7.999 -10.443 -12.501 -14.157 -15.309 -13.41 -12.802 -14.201 -15.353 -16.146 -16.658 -12.696 -14.622 -15.818 -16.376 -16.71 -14.864 -15.855 -16.405 -16.685 -16.871 -15.851 -15.245 -16.102 -16.99 -16.956 -16.735 -15.87
4.200141 -10.868 -8.008 -10.453 -12.51 -14.166 -15.319 -13.419 -12.811 -14.21 -15.363 -16.155 -16.667 -12.705 -14.631 -15.827 -16.386 -16.72 -14.873 -15.865 -16.414 -16.694 -16.881 -15.86 -15.254 -16.111 -17.0 -16.965 -16.744 -15.879
4.327172 -10.878 -8.018 -10.462 -12.519 -14.175 -15.328 -13.428 -12.821 -14.219 -15.372 -16.165 -16.676 -12.714 -14.641 -15.837 -16.395 -16.729 -14.883 -15.874 -16.423 -16.703 -16.89 -15.869 -15.263 -16.121 -17.009 -16.974 -16.754 -15.889
4.458044 -10.887 -8.027 -10.471 -12.528 -14.184 -15.337 -13.437 -12.83 -14.228 -15.381 -16.174 -16.685 -12.723 -14.65 -15.846 -16.404 -16.738 -14.892 -15.883 -16.432 -16.712 -16.899 -15.878 -15.272 -16.13 -17.018 -16.983 -16.763 -15.898
4.592874 -10.895 -8.035 -10.48 -12.537 -14.193 -15.346 -13.446 -12.838 -14.237 -15.39 -16.182 -16.694 -12.732 -14.658 -15.854 -16.413 -16.747 -14.9 -15.892 -16.441 -16.721 -16.907 -15.887 -15.281 -16.138 -17.026 -16.992 -16.771 -15.906
4.731783 -10.904 -8.044 -10.488 -12.546 -14.202 -15.354 -13.455 -12.847 -14.245 -15.398 -16.191 -16.702 -12.741 -14.667 -15.863 -16.421 -16.755 -14.909 -15.9 -16.45 -16.73 -16.916 -15.896 -15.289 -16.147 -17.035 -17.0 -16.78 -15.915
4.874892 -10.912 -8.052 -10.496 -12.554 -14.21 -15.363 -13.463 -12.855 -14.254 -15.406 -16.199 -16.711 -12.749 -14.675 -15.871 -16.429 -16.763 -14.917 -15.908 -16.458 -16.738 -16.924 -15.904 -15.298 -16.155 -17.043 -17.009 -16.788 -15.923
5.02233 -10.92 -8.06 -10.504 -12.562 -14.218 -15.37 -13.471 -12.863 -14.261 -15.414 -16.207 -16.718 -12.757 -14.683 -15.879 -16.437 -16.771 -14.925 -15.916 -16.466 -16.746 -16.932 -15.912 -15.305 -16.163 -17.051 -17.016 -16.796 -15.931
5.174227 -10.927 -8.067 -10.512 -12.569 -14.225 -15.378 -13.478 -12.87 -14.269 -15.422 -16.214 -16.726 -12.764 -14.69 -15.886 -16.445 -16.779 -14.932 -15.924 -16.473 -16.753 -16.94 -15.919 -15.313 -16.17 -17.059 -17.024 -16.803 -15.938
5.330718 -10.935 -8.075 -10.519 -12.576 -14.232 -15.385 -13.485 -12.878 -14.276 -15.429 -16.222 -16.733 -12.772 -14.698 -15.894 -16.452 -16.786 -14.94 -15.931 -16.481 -16.76 -16.947 -15.926 -15.32 -16.178 -17.066 -17.031 -16.811 -15.946
5.491942 -10.942 -8.082 -10.526 -12.583 -14.239 -15.392 -13.492 -12.885 -14.283 -15.436 -16.229 -16.74 -12.778 -14.705 -15.901 -16.459 -16.793 -14.947 -15.938 -16.487 -16.767 -16.954 -15.933 -15.327 -16.184 -17.073 -17.038 -16.817 -15.953
5.658042 -10.948 -8.088 -10.533 -12.59 -14.246 -15.399 -13.499 -12.891 -14.29 -15.443 -16.235 -16.747 -12.785 -14.711 -15.907 -16.465 -16.799 -14.953 -15.945 -16.494 -16.774 -16.96 -15.94 -15.334 -16.191 -17.079 -17.045 -16.824 -15.959
5.829166 -10.954 -8.094 -10.539 -12.596 -14.252 -15.405 -13.505 -12.897 -14.296 -15.449 -16.241 -16.753 -12.791 -14.717 -15.913 -16.471 -16.806 -14.959 -15.951 -16.5 -16.78 -16.966 -15.946 -15.34 -16.197 -17.085 -17.051 -16.83 -15.965
6.005465 -10.96 -8.1 -10.545 -12.602 -14.258 -15.411 -13.511 -12.903 -14.302 -15.454 -16.247 -16.759 -12.797 -14.723 -15.919 -16.477 -16.811 -14.965 -15.957 -16.506 -16.786 -16.972 -15.952 -15.346 -16.203 -17.091 -17.057 -16.836 -15.971
6.187096 -10.965 -8.105 -10.55 -12.607 -14.263 -15.416 -13.516 -12.909 -14.307 -15.46 -16.253 -16.764 -12.802 -14.728 -15.925 -16.483 -16.817 -14.971 -15.962 -16.511 -16.791 -16.978 -15.957 -15.351 -16.208 -17.097 -17.062 -16.841 -15.976
6.37422 -10.97 -8.11 -10.555 -12.612 -14.268 -15.421 -13.521 -12.914 -14.312 -15.465 -16.258 -16.769 -12.807 -14.733 -15.93 -16.488 -16.822 -14.975 -15.967 -16.516 -16.796 -16.983 -15.962 -15.356 -16.213 -17.102 -17.067 -16.846 -15.981
6.567004 -10.975 -8.115 -10.559 -12.617 -14.273 -15.426 -13.526 -12.918 -14.317 -15.469 -16.262 -16.774 -12.812 -14.738 -15.934 -16.492 -16.826 -14.98 -15.971 -16.521 -16.801 -16.987 -15.967 -15.361 -16.218 -17.106 -17.072 -16.851 -15.986
6.765619 -10.979 -8.119 -10.563 -12.621 -14.277 -15.43 -13.53 -12.922 -14.321 -15.473 -16.266 -16.778 -12.816 -14.742 -15.938 -16.496 -16.83 -14.984 -15.975 -16.525 -16.805 -16.991 -15.971 -15.365 -16.222 -17.11 -17.076 -16.855 -15.99
6.97024 -10.982 -8.123 -10.567 -12.624 -14.28 -15.433 -13.533 -12.926 -14.324 -15.477 -16.27 -16.781 -12.819 -14.745 -15.942 -16.5 -16.834 -14.988 -15.979 -16.528 -16.808 -16.995 -15.974 -15.368 -16.225 -17.114 -17.079 -16.858 -15.994
7.181051 -10.985 -8.125 -10.57 -12.627 -14.283 -15.436 -13.536 -12.929 -14.327 -15.48 -16.273 -16.784 -12.822 -14.748 -15.945 -16.503 -16.837 -14.991 -15.982 -16.531 -16.811 -16.998 -15.977 -15.371 -16.228 -17.117 -17.082 -16.861 -15.996
7.398237 -10.988 -8.128 -10.572 -12.63 -14.286 -15.438 -13.539 -12.931 -14.33 -15.482 -16.275 -16.787 -12.825 -14.751 -15.947 -16.505 -16.839 -14.993 -15.984 -16.534 -16.814 -17.0 -15.98 -15.374 -16.231 -17.119 -17.085 -16.864 -15.999
7.621991 -10.99 -8.13 -10.574 -12.632 -14.288 -15.44 -13.541 -12.933 -14.331 -15.484 -16.277 -16.788 -12.827 -14.753 -15.949 -16.507 -16.841 -14.995 -15.986 -16.536 -16.816 -17.002 -15.982 -15.375 -16.233 -17.121 -17.086 -16.866 -16.001
7.852513 -10.991 -8.131 -10.575 -12.633 -14.289 -15.442 -13.542 -12.934 -14.333 -15.485 -16.278 -16.79 -12.828 -14.754 -15.95 -16.508 -16.842 -14.996 -15.987 -16.537 -16.817 -17.003 -15.983 -15.377 -16.234 -17.122 -17.088 -16.867 -16.002
8.090007 -10.991 -8.132 -10.576 -12.633 -14.289 -15.442 -13.542 -12.935 -14.333 -15.486 -16.279 -16.79 -12.828 -14.754 -15.951 -16.509 -16.843 -14.997 -15.988 -16.537 -16.817 -17.004 -15.983 -15.377 -16.234 -17.123 -17.088 -16.867 -16.003
8.334684 -10.991 -8.131 -10.576 -12.633 -14.289 -15.442 -13.542 -12.934 -14.333 -15.486 -16.278 -16.79 -12.828 -14.754 -15.95 -16.509 -16.843 -14.996 -15.988 -16.537 -16.817 -17.004 -15.983 -15.377 -16.234 -17.123 -17.088 -16.867 -16.002
8.586761 -10.99 -8.131 -10.575 -12.632 -14.288 -15.441 -13.541 -12.934 -14.332 -15.485 -16.278 -16.789 -12.827 -14.753 -15.95 -16.508 -16.842 -14.996 -15.987 -16.536 -16.816 -17.003 -15.982 -15.376 -16.233 -17.122 -17.087 -16.866 -16.002
8.846461 -10.989 -8.129 -10.573 -12.631 -14.287 -15.439 -13.54 -12.932 -14.33 -15.483 -16.276 -16.788 -12.826 -14.752 -15.948 -16.506 -16.84 -14.994 -15.985 -16.535 -16.815 -17.001 -15.981 -15.375 -16.232 -17.12 -17.086 -16.865 -16.0
9.114017 -10.986 -8.126 -10.571 -12.628 -14.284 -15.437 -13.537 -12.93 -14.328 -15.481 -16.274 -16.785 -12.823 -14.749 -15.946 -16.504 -16.838 -14.991 -15.983 -16.532 -16.812 -16.999 -15.978 -15.372 -16.229 -17.118 -17.083 -16.862 -15.997
9.389664 -10.983 -8.123 -10.568 -12.625 -14.281 -15.434 -13.534 -12.926 -14.325 -15.478 -16.27 -16.782 -12.82 -14.746 -15.942 -16.5 -16.834 -14.988 -15.98 -16.529 -16.809 -16.995 -15.975 -15.369 -16.226 -17.114 -17.08 -16.859 -15.994
9.673648 -10.979 -8.119 -10.563 -12.621 -14.277 -15.429 -13.53 -12.922 -14.321 -15.473 -16.266 -16.778 -12.816 -14.742 -15.938 -16.496 -16.83 -14.984 -15.975 -16.525 -16.805 -16.991 -15.971 -15.365 -16.222 -17.11 -17.076 -16.855 -15.99
9.966221 -10.974 -8.114 -10.558 -12.616 -14.272 -15.424 -13.524 -12.917 -14.315 -15.468 -16.261 -16.772 -12.811 -14.737 -15.933 -16.491 -16.825 -14.979 -15.97 -16.52 -16.799 -16.986 -15.965 -15.359 -16.217 -17.105 -17.07 -16.85 -15.985
10.267642 -10.967 -8.108 -10.552 -12.609 -14.265 -15.418 -13.518 -12.911 -14.309 -15.462 -16.255 -16.766 -12.804 -14.73 -15.927 -16.485 -16.819 -14.973 -15.964 -16.513 -16.793 -16.98 -15.959 -15.353 -16.21 -17.099 -17.064 -16.843 -15.979
10.57818 -10.96 -8.1 -10.545 -12.602 -14.258 -15.411 -13.511 -12.903 -14.302 -15.455 -16.247 -16.759 -12.797 -14.723 -15.919 -16.477 -16.812 -14.965 -15.957 -16.506 -16.786 -16.972 -15.952 -15.346 -16.203 -17.091 -17.057 -16.836 -15.971
10.89811 -10.952 -8.092 -10.536 -12.594 -14.25 -15.402 -13.503 -12.895 -14.293 -15.446 -16.239 -16.75 -12.789 -14.715 -15.911 -16.469 -16.803 -14.957 -15.948 -16.498 -16.778 -16.964 -15.944 -15.337 -16.195 -17.083 -17.048 -16.828 -15.963
11.227716 -10.942 -8.082 -10.527 -12.584 -14.24 -15.393 -13.493 -12.885 -14.284 -15.437 -16.229 -16.741 -12.779 -14.705 -15.901 -16.459 -16.794 -14.947 -15.939 -16.488 -16.768 -16.954 -15.934 -15.328 -16.185 -17.073 -17.039 -16.818 -15.953
11.56729 -10.931 -8.071 -10.516 -12.573 -14.229 -15.382 -13.482 -12.874 -14.273 -15.426 -16.218 -16.73 -12.768 -14.694 -15.89 -16.449 -16.783 -14.936 -15.928 -16.477 -16.757 -16.944 -15.923 -15.317 -16.174 -17.063 -17.028 -16.807 -15.942
11.917135 -10.919 -8.059 -10.504 -12.561 -14.217 -15.37 -13.47 -12.862 -14.261 -15.414 -16.206 -16.718 -12.756 -14.682 -15.878 -16.436 -16.77 -14.924 -15.916 -16.465 -16.745 -16.931 -15.911 -15.305 -16.162 -17.05 -17.016 -16.795 -15.93
12.277561 -10.906 -8.046 -10.49 -12.547 -14.203 -15.356 -13.456 -12.849 -14.247 -15.4 -16.193 -16.704 -12.742 -14.669 -15.865 -16.423 -16.757 -14.911 -15.902 -16.451 -16.731 -16.918 -15.897 -15.291 -16.148 -17.037 -17.002 -16.781 -15.917
12.648887 -10.89 -8.03 -10.475 -12.532 -14.188 -15.341 -13.441 -12.834 -14.232 -15.385 -16.178 -16.689 -12.727 -14.653 -15.85 -16.408 -16.742 -14.895 -15.887 -16.436 -16.716 -16.903 -15.882 -15.276 -16.133 -17.022 -16.987 -16.766 -15.901
13.031444 -10.874 -8.014 -10.458 -12.516 -14.172 -15.324 -13.425 -12.817 -14.215 -15.368 -16.161 -16.672 -12.711 -14.637 -15.833 -16.391 -16.725 -14.879 -15.87 -16.42 -16.7 -16.886 -15.866 -15.259 -16.117 -17.005 -16.97 -16.75 -15.885
13.425571 -10.855 -7.995 -10.44 -12.497 -14.153 -15.306 -13.406 -12.798 -14.197 -15.35 -16.143 -16.654 -12.692 -14.618 -15.815 -16.373 -16.707 -14.86 -15.852 -16.401 -16.681 -16.868 -15.847 -15.241 -16.098 -16.987 -16.952 -16.731 -15.866
13.831619 -10.835 -7.975 -10.42 -12.477 -14.133 -15.286 -13.386 -12.778 -14.177 -15.33 -16.122 -16.634 -12.672 -14.598 -15.794 -16.353 -16.687 -14.84 -15.832 -16.381 -16.661 -16.847 -15.827 -15.221 -16.078 -16.966 -16.932 -16.711 -15.846
14.249947 -10.813 -7.953 -10.398 -12.455 -14.111 -15.264 -13.364 -12.756 -14.155 -15.308 -16.1 -16.612 -12.65 -14.576 -15.772 -16.331 -16.665 -14.818 -15.81 -16.359 -16.639 -16.826 -15.805 -15.199 -16.056 -16.945 -16.91 -16.689 -15.824
14.680926 -10.789 -7.929 -10.374 -12.431 -14.087 -15.24 -13.34 -12.732 -14.131 -15.284 -16.077 -16.588 -12.626 -14.552 -15.749 -16.307 -16.641 -14.794 -15.786 -16.335 -16.615 -16.802 -15.781 -15.175 -16.032 -16.921 -16.886 -16.665 -15.8
15.124941 -10.763 -7.903 -10.348 -12.405 -14.061 -15.214 -13.314 -12.706 -14.105 -15.258 -16.051 -16.562 -12.6 -14.526 -15.723 -16.281 -16.615 -14.768 -15.76 -16.309 -16.589 -16.776 -15.755 -15.149 -16.006 -16.895 -16.86 -16.639 -15.774
15.582385 -10.735 -7.875 -10.32 -12.377 -14.033 -15.186 -13.286 -12.678 -14.077 -15.23 -16.022 -16.534 -12.572 -14.498 -15.694 -16.252 -16.587 -14.74 -15.732 -16.281 -16.561 -16.747 -15.727 -15.121 -15.978 -16.866 -16.832 -16.611 -15.746
16.053663 -10.705 -7.845 -10.289 -12.347 -14.003 -15.155 -13.255 -12.648 -14.046 -15.199 -15.992 -16.503 -12.542 -14.468 -15.664 -16.222 -16.556 -14.71 -15.701 -16.251 -16.53 -16.717 -15.696 -15.09 -15.948 -16.836 -16.801 -16.581 -15.716
16.539195 -10.672 -7.812 -10.256 -12.314 -13.97 -15.122 -13.223 -12.615 -14.013 -15.166 -15.959 -16.47 -12.509 -14.435 -15.631 -16.189 -16.523 -14.677 -15.668 -16.218 -16.498 -16.684 -15.664 -15.057 -15.915 -16.803 -16.768 -16.548 -15.683
17.039412 -10.636 -7.776 -10.221 -12.278 -13.934 -15.087 -13.187 -12.579 -13.978 -15.131 -15.923 -16.435 -12.473 -14.399 -15.595 -16.153 -16.488 -14.641 -15.633 -16.182 -16.462 -16.648 -15.628 -15.022 -15.879 -16.767 -16.733 -16.512 -15.647
17.554757 -10.598 -7.738 -10.182 -12.24 -13.896 -15.048 -13.149 -12.541 -13.939 -15.092 -15.885 -16.397 -12.435 -14.361 -15.557 -16.115 -16.449 -14.603 -15.594 -16.144 -16.424 -16.61 -15.59 -14.984 -15.841 -16.729 -16.695 -16.474 -15.609
18.085689 -10.557 -7.697 -10.141 -12.199 -13.855 -15.007 -13.107 -12.5 -13.898 -15.051 -15.844 -16.355 -12.394 -14.32 -15.516 -16.074 -16.408 -14.562 -15.553 -16.103 -16.382 -16.569 -15.548 -14.942 -15.8 -16.688 -16.653 -16.433 -15.568
18.632678 -10.512 -7.652 -10.097 -12.154 -13.81 -14.963 -13.063 -12.456 -13.854 -15.007 -15.8 -16.311 -12.349 -14.275 -15.472 -16.03 -16.364 -14.518 -15.509 -16.058 -16.338 -16.525 -15.504 -14.898 -15.755 -16.644 -16.609 -16.388 -15.523
19.196211 -10.465 -7.605 -10.05 -12.107 -13.763 -14.916 -13.016 -12.408 -13.807 -14.959 -15.752 -16.264 -12.302 -14.228 -15.424 -15.982 -16.316 -14.47 -15.462 -16.011 -16.291 -16.477 -15.457 -14.851 -15.708 -16.596 -16.562 -16.341 -15.476
19.776787 -10.414 -7.554 -9.999 -12.056 -13.712 -14.865 -12.965 -12.357 -13.756 -14.908 -15.701 -16.213 -12.251 -14.177 -15.373 -15.931 -16.265 -14.419 -15.411 -15.96 -16.24 -16.426 -15.406 -14.8 -15.657 -16.545 -16.511 -16.29 -15.425
20.374923 -10.36 -7.5 -9.944 -12.001 -13.657 -14.81 -12.91 -12.303 -13.701 -14.854 -15.647 -16.158 -12.196 -14.123 -15.319 -15.877 -16.211 -14.365 -15.356 -15.905 -16.185 -16.372 -15.351 -14.745 -15.603 -16.491 -16.456 -16.236 -15.371
20.991149 -10.301 -7.441 -9.886 -11.943 -13.599 -14.752 -12.852 -12.244 -13.643 -14.796 -15.588 -16.1 -12.138 -14.064 -15.26 -15.818 -16.153 -14.306 -15.298 -15.847 -16.127 -16.313 -15.293 -14.687 -15.544 -16.432 -16.398 -16.177 -15.312
21.626011 -10.239 -7.379 -9.823 -11.881 -13.537 -14.689 -12.79 -12.182 -13.58 -14.733 -15.526 -16.038 -12.076 -14.002 -15.198 -15.756 -16.09 -14.244 -15.235 -15.785 -16.065 -16.251 -15.231 -14.625 -15.482 -16.37 -16.336 -16.115 -15.25
22.280075 -10.172 -7.312 -9.757 -11.814 -13.47 -14.623 -12.723 -12.115 -13.514 -14.667 -15.459 -15.971 -12.009 -13.935 -15.131 -15.689 -16.024 -14.177 -15.169 -15.718 -15.998 -16.184 -15.164 -14.558 -15.415 -16.303 -16.269 -16.048 -15.183
22.953921 -10.101 -7.241 -9.686 -11.743 -13.399 -14.552 -12.652 -12.044 -13.443 -14.595 -15.388 -15.9 -11.938 -13.864 -15.06 -15.618 -15.952 -14.106 -15.098 -15.647 -15.927 -16.113 -15.093 -14.487 -15.344 -16.232 -16.198 -15.977 -15.112
23.648147 -10.025 -7.165 -9.61 -11.667 -13.323 -14.476 -12.576 -11.968 -13.367 -14.52 -15.312 -15.824 -11.862 -13.788 -14.984 -15.542 -15.876 -14.03 -15.022 -15.571 -15.851 -16.037 -15.017 -14.411 -15.268 -16.156 -16.122 -15.901 -15.036
24.363369 -9.944 -7.084 -9.529 -11.586 -13.242 -14.395 -12.495 -11.887 -13.286 -14.439 -15.231 -15.743 -11.781 -13.707 -14.903 -15.461 -15.796 -13.949 -14.941 -15.49 -15.77 -15.956 -14.936 -14.33 -15.187 -16.075 -16.041 -15.82 -14.955
25.100222 -9.858 -6.998 -9.442 -11.5 -13.156 -14.308 -12.409 -11.801 -13.199 -14.352 -15.145 -15.657 -11.695 -13.621 -14.817 -15.375 -15.709 -13.863 -14.854 -15.404 -15.684 -15.87 -14.85 -14.244 -15.101 -15.989 -15.955 -15.734 -14.869
25.859362 -9.766 -6.906 -9.35 -11.408 -13.064 -14.217 -12.317 -11.709 -13.108 -14.26 -15.053 -15.565 -11.603 -13.529 -14.725 -15.283 -15.617 -13.771 -14.762 -15.312 -15.592 -15.778 -14.758 -14.152 -15.009 -15.897 -15.863 -15.642 -14.777
26.64146 -9.668 -6.808 -9.252 -11.31 -12.966 -14.119 -12.219 -11.611 -13.01 -14.162 -14.955 -15.467 -11.505 -13.431 -14.627 -15.185 -15.519 -13.673 -14.664 -15.214 -15.494 -15.68 -14.66 -14.054 -14.911 -15.799 -15.765 -15.544 -14.679
27.447213 -9.564 -6.704 -9.148 -11.206 -12.862 -14.014 -12.114 -11.507 -12.905 -14.058 -14.851 -15.362 -11.401 -13.327 -14.523 -15.081 -15.415 -13.569 -14.56 -15.11 -15.389 -15.576 -14.555 -13.949 -14.807 -15.695 -15.66 -15.44 -14.575
28.277335 -9.453 -6.593 -9.037 -11.095 -12.751 -13.903 -12.004 -11.396 -12.794 -13.947 -14.74 -15.251 -11.29 -13.216 -14.412 -14.97 -15.304 -13.458 -14.449 -14.999 -15.278 -15.465 -14.445 -13.838 -14.696 -15.584 -15.549 -15.329 -14.464
29.132564 -9.335 -6.475 -8.919 -10.977 -12.633 -13.785 -11.885 -11.278 -12.676 -13.829 -14.622 -15.133 -11.172 -13.098 -14.294 -14.852 -15.186 -13.34 -14.331 -14.881 -15.16 -15.347 -14.326 -13.72 -14.578 -15.466 -15.431 -15.211 -14.346
30.013659 -9.209 -6.349 -8.794 -10.851 -12.507 -13.66 -11.76 -11.152 -12.551 -13.704 -14.496 -15.008 -11.046 -12.972 -14.168 -14.726 -15.06 -13.214 -14.206 -14.755 -15.035 -15.221 -14.201 -13.595 -14.452 -15.34 -15.306 -15.085 -14.22
30.921401 -9.076 -6.216 -8.66 -10.717 -12.373 -13.526 -11.626 -11.019 -12.417 -13.57 -14.363 -14.874 -10.913 -12.839 -14.035 -14.593 -14.927 -13.081 -14.072 -14.622 -14.901 -15.088 -14.067 -13.461 -14.319 -15.207 -15.172 -14.952 -14.087
31.856598 -8.934 -6.074 -8.518 -10.576 -12.232 -13.384 -11.485 -10.877 -12.275 -13.428 -14.221 -14.732 -10.771 -12.697 -13.893 -14.451 -14.785 -12.939 -13.93 -14.48 -14.76 -14.946 -13.926 -13.319 -14.177 -15.065 -15.03 -14.81 -13.945
32.820079 -8.783 -5.923 -8.367 -10.425 -12.081 -13.234 -11.334 -10.726 -12.125 -13.277 -14.07 -14.582 -10.62 -12.546 -13.742 -14.3 -14.634 -12.788 -13.779 -14.329 -14.609 -14.795 -13.775 -13.169 -14.026 -14.914 -14.88 -14.659 -13.794
33.8127 -8.623 -5.763 -8.207 -10.265 -11.921 -13.073 -11.174 -10.566 -11.964 -13.117 -13.91 -14.421 -10.46 -12.386 -13.582 -14.14 -14.474 -12.628 -13.619 -14.169 -14.449 -14.635 -13.615 -13.008 -13.866 -14.754 -14.719 -14.499 -13.634
34.835342 -8.452 -5.593 -8.037 -10.094 -11.75 -12.903 -11.003 -10.396 -11.794 -12.947 -13.74 -14.251 -10.289 -12.215 -13.412 -13.97 -14.304 -12.458 -13.449 -13.998 -14.278 -14.465 -13.444 -12.838 -13.695 -14.584 -14.549 -14.328 -13.464
35.888913 -8.272 -5.412 -7.856 -9.914 -11.57 -12.722 -10.822 -10.215 -11.613 -12.766 -13.559 -14.07 -10.109 -12.035 -13.231 -13.789 -14.123 -12.277 -13.268 -13.818 -14.097 -14.284 -13.264 -12.657 -13.515 -14.403 -14.368 -14.148 -13.283
36.974349 -8.08 -5.22 -7.664 -9.722 -11.378 -12.53 -10.63 -10.023 -11.421 -12.574 -13.367 -13.878 -9.917 -11.843 -13.039 -13.597 -13.931 -12.085 -13.076 -13.626 -13.905 -14.092 -13.071 -12.465 -13.323 -14.211 -14.176 -13.956 -13.091
38.092613 -7.876 -5.016 -7.46 -9.518 -11.174 -12.326 -10.427 -9.819 -11.217 -12.37 -13.163 -13.674 -9.713 -11.639 -12.835 -13.393 -13.727 -11.881 -12.872 -13.422 -13.702 -13.888 -12.868 -12.261 -13.119 -14.007 -13.972 -13.752 -12.887
39.244698 -7.659 -4.799 -7.244 -9.301 -10.957 -12.11 -10.21 -9.602 -11.001 -12.154 -12.946 -13.458 -9.496 -11.422 -12.618 -13.176 -13.511 -11.664 -12.656 -13.205 -13.485 -13.671 -12.651 -12.045 -12.902 -13.79 -13.756 -13.535 -12.67
40.431627 -7.429 -4.569 -7.014 -9.071 -10.727 -11.88 -9.98 -9.372 -10.771 -11.924 -12.716 -13.228 -9.266 -11.192 -12.388 -12.947 -13.281 -11.434 -12.426 -12.975 -13.255 -13.441 -12.421 -11.815 -12.672 -13.56 -13.526 -13.305 -12.44
41.654454 -7.185 -4.325 -6.77 -8.827 -10.483 -11.636 -9.736 -9.128 -10.527 -11.68 -12.472 -12.984 -9.022 -10.948 -12.144 -12.702 -13.037 -11.19 -12.182 -12.731 -13.011 -13.197 -12.177 -11.571 -12.428 -13.316 -13.282 -13.061 -12.196
42.914265 -6.926 -4.066 -6.511 -8.568 -10.224 -11.377 -9.477 -8.869 -10.268 -11.421 -12.213 -12.725 -8.763 -10.689 -11.885 -12.443 -12.777 -10.931 -11.923 -12.472 -12.752 -12.938 -11.918 -11.312 -12.169 -13.057 -13.023 -12.802 -11.937
44.212178 -6.651 -3.791 -6.236 -8.293 -9.949 -11.102 -9.202 -8.594 -9.993 -11.145 -11.938 -12.45 -8.488 -10.414 -11.61 -12.168 -12.502 -10.656 -11.648 -12.197 -12.477 -12.663 -11.643 -11.037 -11.894 -12.782 -12.748 -12.527 -11.662
45.549345 -6.359 -3.499 -5.944 -8.001 -9.657 -10.81 -8.91 -8.302 -9.701 -10.853 -11.646 -12.158 -8.196 -10.122 -11.318 -11.876 -12.21 -10.364 -11.356 -11.905 -12.185 -12.371 -11.351 -10.745 -11.602 -12.49 -12.456 -12.235 -11.37
46.926954 -6.049 -3.189 -5.634 -7.691 -9.347 -10.5 -8.6 -7.992 -9.391 -10.543 -11.336 -11.848 -7.886 -9.812 -11.008 -11.566 -11.9 -10.054 -11.046 -11.595 -11.875 -12.061 -11.041 -10.435 -11.292 -12.18 -12.146 -11.925 -11.06
48.346227 -5.72 -2.86 -5.305 -7.362 -9.018 -10.171 -8.271 -7.663 -9.062 -10.214 -11.007 -11.519 -7.557 -9.483 -10.679 -11.237 -11.571 -9.725 -10.717 -11.266 -11.546 -11.732 -10.712 -10.106 -10.963 -11.851 -11.817 -11.596 -10.731
49.808426 -5.371 -2.511 -4.955 -7.013 -8.669 -9.821 -7.922 -7.314 -8.712 -9.865 -10.658 -11.169 -7.208 -9.134 -10.33 -10.888 -11.222 -9.376 -10.367 -10.917 -11.197 -11.383 -10.363 -9.756 -10.614 -11.502 -11.467 -11.247 -10.382
51.314848 -5.0 -2.14 -4.585 -6.642 -8.298 -9.451 -7.551 -6.943 -8.342 -9.494 -10.287 -10.799 -6.837 -8.763 -9.959 -10.517 -10.851 -9.005 -9.997 -10.546 -10.826 -11.012 -9.992 -9.386 -10.243 -11.131 -11.097 -10.876 -10.011
52.86683 -4.607 -1.747 -4.191 -6.248 -7.904 -9.057 -7.157 -6.55 -7.948 -9.101 -9.894 -10.405 -6.443 -8.37 -9.566 -10.124 -10.458 -8.612 -9.603 -10.153 -10.432 -10.619 -9.598 -8.992 -9.85 -10.738 -10.703 -10.483 -9.618
54.465752 -4.189 -1.329 -3.774 -5.831 -7.487 -8.64 -6.74 -6.132 -7.531 -8.683 -9.476 -9.988 -6.026 -7.952 -9.148 -9.706 -10.04 -8.194 -9.186 -9.735 -10.015 -10.201 -9.181 -8.575 -9.432 -10.32 -10.286 -10.065 -9.2
56.113031 -3.746 -0.886 -3.33 -5.388 -7.044 -8.196 -6.296 -5.689 -7.087 -8.24 -9.033 -9.544 -5.583 -7.509 -8.705 -9.263 -9.597 -7.751 -8.742 -9.292 -9.571 -9.758 -8.737 -8.131 -8.989 -9.877 -9.842 -9.622 -8.757
57.810132 -3.275 -0.415 -2.86 -4.917 -6.573 -7.726 -5.826 -5.218 -6.617 -7.77 -8.562 -9.074 -5.112 -7.038 -8.234 -8.792 -9.127 -7.28 -8.272 -8.821 -9.101 -9.287 -8.267 -7.661 -8.518 -9.406 -9.372 -9.151 -8.286
59.55856 -2.776 0.084 -2.36 -4.418 -6.074 -7.226 -5.327 -4.719 -6.117 -7.27 -8.063 -8.574 -4.613 -6.539 -7.735 -8.293 -8.627 -6.781 -7.772 -8.322 -8.602 -8.788 -7.768 -7.161 -8.019 -8.907 -8.872 -8.652 -7.787
61.359868 -2.246 0.614 -1.83 -3.888 -5.544 -6.696 -4.796 -4.189 -5.587 -6.74 -7.533 -8.044 -4.083 -6.009 -7.205 -7.763 -8.097 -6.251 -7.242 -7.792 -8.071 -8.258 -7.238 -6.631 -7.489 -8.377 -8.342 -8.122 -7.257
63.215655 -1.683 1.177 -1.268 -3.325 -4.981 -6.134 -4.234 -3.626 -5.025 -6.177 -6.97 -7.482 -3.52 -5.446 -6.642 -7.2 -7.534 -5.688 -6.68 -7.229 -7.509 -7.695 -6.675 -6.069 -6.926 -7.814 -7.78 -7.559 -6.694
65.127569 -1.086 1.774 -0.67 -2.728 -4.384 -5.537 -3.637 -3.029 -4.428 -5.58 -6.373 -6.885 -2.923 -4.849 -6.045 -6.603 -6.937 -5.091 -6.082 -6.632 -6.912 -7.098 -6.078 -5.472 -6.329 -7.217 -7.183 -6.962 -6.097
67.097308 -0.452 2.408 -0.037 -2.094 -3.75 -4.903 -3.003 -2.395 -3.794 -4.947 -5.739 -6.251 -2.289 -4.215 -5.411 -5.969 -6.303 -4.457 -5.449 -5.998 -6.278 -6.464 -5.444 -4.838 -5.695 -6.583 -6.549 -6.328 -5.463
69.126621 0.221 3.081 0.636 -1.421 -3.077 -4.23 -2.33 -1.722 -3.121 -4.274 -5.066 -5.578 -1.616 -3.542 -4.738 -5.297 -5.631 -3.784 -4.776 -5.325 -5.605 -5.792 -4.771 -4.165 -5.022 -5.911 -5.876 -5.655 -4.79
71.217308 0.935 3.795 1.35 -0.707 -2.363 -3.516 -1.616 -1.008 -2.407 -3.56 -4.352 -4.864 -0.902 -2.828 -4.024 -4.582 -4.917 -3.07 -4.062 -4.611 -4.891 -5.077 -4.057 -3.451 -4.308 -5.196 -5.162 -4.941 -4.076
73.371227 1.693 4.553 2.108 0.051 -1.605 -2.758 -0.858 -0.25 -1.649 -2.802 -3.594 -4.106 -0.144 -2.07 -3.266 -3.825 -4.159 -2.312 -3.304 -3.853 -4.133 -4.32 -3.299 -2.693 -3.55 -4.439 -4.404 -4.183 -3.318
75.59029 2.497 5.357 2.913 0.855 -0.801 -1.954 -0.054 0.554 -0.845 -1.997 -2.79 -3.302 0.66 -1.266 -2.462 -3.02 -3.354 -1.508 -2.499 -3.049 -3.329 -3.515 -2.495 -1.889 -2.746 -3.634 -3.6 -3.379 -2.514
77.876467 3.351 6.211 3.766 1.709 0.053 -1.1 0.8 1.408 0.009 -1.143 -1.936 -2.448 1.514 -0.412 -1.608 -2.166 -2.5 -0.654 -1.646 -2.195 -2.475 -2.661 -1.641 -1.035 -1.892 -2.78 -2.746 -2.525 -1.66
80.231787 4.257 7.117 4.673 2.615 0.959 -0.193 1.706 2.314 0.916 -0.237 -1.03 -1.541 2.42 0.494 -0.702 -1.26 -1.594 0.252 -0.739 -1.289 -1.569 -1.755 -0.735 -0.128 -0.986 -1.874 -1.839 -1.619 -0.754
82.658343 5.219 8.079 5.635 3.577 1.921 0.768 2.668 3.276 1.877 0.725 -0.068 -0.58 3.382 1.456 0.26 -0.298 -0.632 1.214 0.223 -0.327 -0.607 -0.793 0.227 0.833 -0.024 -0.912 -0.878 -0.657 0.208
85.158288 6.24 9.1 6.656 4.598 2.942 1.789 3.689 4.297 2.898 1.746 0.953 0.441 4.403 2.477 1.281 0.723 0.389 2.235 1.244 0.694 0.414 0.228 1.248 1.854 0.997 0.109 0.143 0.364 1.229
87.733843 7.324 10.184 7.739 5.682 4.026 2.873 4.773 5.381 3.982 2.829 2.037 1.525 5.487 3.561 2.365 1.807 1.472 3.319 2.327 1.778 1.498 1.312 2.332 2.938 2.081 1.193 1.227 1.448 2.313
90.387293 8.474 11.334 8.889 6.832 5.176 4.023 5.923 6.531 5.132 3.98 3.187 2.675 6.637 4.711 3.515 2.957 2.623 4.469 3.477 2.928 2.648 2.462 3.482 4.088 3.231 2.343 2.377 2.598 3.463
93.120995 9.695 12.555 10.11 8.053 6.397 5.244 7.144 7.752 6.353 5.2 4.408 3.896 7.858 5.932 4.736 4.178 3.843 5.69 4.698 4.149 3.869 3.683 4.703 5.309 4.452 3.564 3.598 3.819 4.684
95.937376 10.991 13.851 11.406 9.349 7.693 6.54 8.44 9.048 7.649 6.496 5.704 5.192 9.154 7.228 6.032 5.473 5.139 6.986 5.994 5.445 5.165 4.978 5.999 6.605 5.748 4.859 4.894 5.115 5.98
98.838937 12.366 15.226 12.781 10.724 9.068 7.915 9.815 10.423 9.024 7.872 7.079 6.567 10.529 8.603 7.407 6.849 6.515 8.361 7.369 6.82 6.54 6.354 7.374 7.98 7.123 6.235 6.269 6.49 7.355
101.828253 13.826 16.686 14.241 12.184 10.528 9.375 11.275 11.883 10.484 9.331 8.539 8.027 11.989 10.063 8.867 8.309 7.974 9.821 8.829 8.28 8.0 7.814 8.834 9.44 8.583 7.695 7.729 7.95 8.815
104.907979 15.375 18.235 15.791 13.733 12.077 10.925 12.824 13.432 12.034 10.881 10.088 9.577 13.538 11.612 10.416 9.858 9.524 11.37 10.379 9.829 9.55 9.363 10.383 10.99 10.132 9.244 9.279 9.499 10.364
108.080849 17.02 19.88 17.435 15.378 13.722 12.569 14.469 15.077 13.678 12.525 11.733 11.221 15.183 13.257 12.061 11.503 11.169 13.015 12.023 11.474 11.194 11.008 12.028 12.634 11.777 10.889 10.923 11.144 12.009
111.349681 18.765 21.625 19.181 17.124 15.468 14.315 16.215 16.822 15.424 14.271 13.478 12.967 16.929 15.002 13.806 13.248 12.914 14.76 13.769 13.22 12.94 12.753 13.774 14.38 13.523 12.634 12.669 12.89 13.754
114.717376 20.618 23.478 21.034 18.976 17.32 16.168 18.067 18.675 17.277 16.124 15.331 14.82 18.781 16.855 15.659 15.101 14.767 16.613 15.622 15.072 14.792 14.606 15.626 16.233 15.375 14.487 14.522 14.742 15.607
118.186925 22.585 25.445 23.0 20.943 19.287 18.134 20.034 20.642 19.243 18.09 17.298 16.786 20.748 18.822 17.626 17.068 16.733 18.58 17.588 17.039 16.759 16.573 17.593 18.199 17.342 16.454 16.488 16.709 17.574
121.761408 24.672 27.532 25.088 23.03 21.374 20.221 22.121 22.729 21.33 20.178 19.385 18.873 22.835 20.909 19.713 19.155 18.821 20.667 19.676 19.126 18.846 18.66 19.68 20.286 19.429 18.541 18.575 18.796 19.661
125.443999 26.888 29.748 27.303 25.246 23.59 22.437 24.337 24.944 23.546 22.393 21.6 21.089 25.051 23.125 21.928 21.37 21.036 22.882 21.891 21.342 21.062 20.875 21.896 22.502 21.645 20.756 20.791 21.012 21.877
129.237967 29.239 32.099 29.655 27.597 25.941 24.788 26.688 27.296 25.897 24.745 23.952 23.44 27.402 25.476 24.28 23.722 23.388 25.234 24.243 23.693 23.413 23.227 24.247 24.853 23.996 23.108 23.142 23.363 24.228
133.146681 31.735 34.595 32.15 30.093 28.437 27.284 29.184 29.792 28.393 27.241 26.448 25.936 29.898 27.972 26.776 26.218 25.884 27.73 26.738 26.189 25.909 25.723 26.743 27.349 26.492 25.604 25.638 25.859 26.724
137.173612 34.384 37.244 34.8 32.742 31.086 29.933 31.833 32.441 31.042 29.89 29.097 28.585 32.547 30.621 29.425 28.867 28.533 30.379 29.388 28.838 28.558 28.372 29.392 29.998 29.141 28.253 28.287 28.508 29.373
141.322334 37.196 40.056 37.611 35.554 33.898 32.745 34.645 35.253 33.854 32.701 31.909 31.397 35.359 33.433 32.237 31.679 31.345 33.191 32.199 31.65 31.37 31.184 32.204 32.81 31.953 31.065 31.099 31.32 32.185
145.596532 40.18 43.04 40.596 38.539 36.882 35.73 37.63 38.237 36.839 35.686 34.893 34.382 38.343 36.417 35.221 34.663 34.329 36.175 35.184 34.634 34.355 34.168 35.189 35.795 34.937 34.049 34.084 34.304 35.169
150.0 43.348 46.208 43.764 41.706 40.05 38.897 40.797 41.405 40.006 38.854 38.061 37.549 41.511 39.585 38.389 37.831 37.497 39.343 38.352 37.802 37.522 37.336 38.356 38.962 38.105 37.217 37.251 37.472 38.337
