# %ECSV 1.0
# ---
# datatype:
# - {name: time, datatype: float64}
# - {name: swift_uvot_uvw2, datatype: float64}
# - {name: swift_uvot_uvm2, datatype: float64}
# - {name: swift_uvot_uvw1, datatype: float64}
# - {name: swift_uvot_U, datatype: float64}
# - {name: swift_uvot_B, datatype: float64}
# - {name: swift_uvot_V, datatype: float64}
# - {name: swift_uvot_W, datatype: float64}
# - {name: johnson_U, datatype: float64}
# - {name: johnson_B, datatype: float64}
# - {name: johnson_V, datatype: float64}
# - {name: johnson_R, datatype: float64}
# - {name: johnson_I, datatype: float64}
# - {name: sdss_u, datatype: float64}
# - {name: sdss_g, datatype: float64}
# - {name: sdss_r, datatype: float64}
# - {name: sdss_i, datatype: float64}
# - {name: sdss_z, datatype: float64}
# - {name: PS1_g, datatype: float64}
# - {name: PS1_r, datatype: float64}
# - {name: PS1_i, datatype: float64}
# - {name: PS1_z, datatype: float64}
# - {name: PS1_Y, datatype: float64}
# - {name: ukirt_J, datatype: float64}
# - {name: ukirt_H, datatype: float64}
# - {name: ukirt_K, datatype: float64}
# meta: !!omap
# - comment: [E = 0.000161764516425794, Eta0 = 8.02, GammaB = 12.0, dL = 0.012188, epsb = 6.760829753919819e-06, epse = 0.1, n = 0.15848931924611143,
#     p = 2.15, theta_obs = 0.0, xiN = 1.0, z = 0.0, type = grb, E_kiso = 0.372759372031494]
# schema: astropy-2.0
time swift_uvot_uvw2 swift_uvot_uvm2 swift_uvot_uvw1 swift_uvot_U swift_uvot_B swift_uvot_V swift_uvot_W johnson_U johnson_B johnson_V johnson_R johnson_I sdss_u sdss_g sdss_r sdss_i sdss_z PS1_g PS1_r PS1_i PS1_z PS1_Y ukirt_J ukirt_H ukirt_K
0.01 -6.171 -6.121 -6.196 -6.389 -6.532 -6.671 -6.31 -6.412 -6.534 -6.676 -6.816 -6.965 -6.407 -6.579 -6.751 -6.872 -6.982 -6.643 -6.785 -6.905 -7.004 -7.173 -7.194 -7.364 -7.554
0.0102 -6.156 -6.107 -6.182 -6.375 -6.517 -6.656 -6.296 -6.397 -6.52 -6.661 -6.802 -6.951 -6.392 -6.565 -6.737 -6.857 -6.968 -6.628 -6.771 -6.891 -6.99 -7.158 -7.18 -7.349 -7.54
0.0105 -6.142 -6.093 -6.167 -6.36 -6.503 -6.642 -6.281 -6.383 -6.505 -6.647 -6.788 -6.936 -6.378 -6.55 -6.722 -6.843 -6.954 -6.614 -6.757 -6.877 -6.976 -7.144 -7.166 -7.335 -7.525
0.0107 -6.136 -6.086 -6.161 -6.354 -6.497 -6.636 -6.275 -6.377 -6.499 -6.641 -6.781 -6.93 -6.372 -6.544 -6.716 -6.837 -6.947 -6.608 -6.75 -6.87 -6.969 -7.138 -7.159 -7.329 -7.519
0.011 -6.132 -6.083 -6.158 -6.351 -6.493 -6.632 -6.272 -6.373 -6.496 -6.638 -6.778 -6.927 -6.368 -6.541 -6.713 -6.833 -6.944 -6.605 -6.747 -6.867 -6.966 -7.134 -7.156 -7.325 -7.516
0.0113 -6.129 -6.08 -6.154 -6.347 -6.49 -6.629 -6.268 -6.37 -6.492 -6.634 -6.775 -6.923 -6.365 -6.537 -6.709 -6.83 -6.941 -6.601 -6.744 -6.864 -6.963 -7.131 -7.153 -7.322 -7.512
0.0115 -6.126 -6.076 -6.151 -6.344 -6.486 -6.626 -6.265 -6.366 -6.489 -6.631 -6.771 -6.92 -6.361 -6.534 -6.706 -6.827 -6.937 -6.598 -6.74 -6.86 -6.959 -7.127 -7.149 -7.318 -7.509
0.0118 -6.122 -6.073 -6.148 -6.341 -6.483 -6.622 -6.261 -6.363 -6.485 -6.627 -6.768 -6.916 -6.358 -6.531 -6.702 -6.823 -6.934 -6.594 -6.737 -6.857 -6.956 -7.124 -7.146 -7.315 -7.505
0.0121 -6.119 -6.069 -6.144 -6.337 -6.48 -6.619 -6.258 -6.36 -6.482 -6.624 -6.764 -6.913 -6.355 -6.527 -6.699 -6.82 -6.93 -6.591 -6.734 -6.853 -6.952 -7.121 -7.142 -7.312 -7.502
0.0124 -6.116 -6.066 -6.141 -6.334 -6.476 -6.615 -6.255 -6.356 -6.479 -6.621 -6.761 -6.91 -6.351 -6.524 -6.696 -6.816 -6.927 -6.588 -6.73 -6.85 -6.949 -7.117 -7.139 -7.308 -7.499
0.0127 -6.112 -6.063 -6.138 -6.33 -6.473 -6.612 -6.251 -6.353 -6.475 -6.617 -6.758 -6.906 -6.348 -6.52 -6.692 -6.813 -6.924 -6.584 -6.727 -6.847 -6.946 -7.114 -7.136 -7.305 -7.495
0.013 -6.109 -6.059 -6.134 -6.327 -6.469 -6.609 -6.248 -6.349 -6.472 -6.614 -6.754 -6.903 -6.344 -6.517 -6.689 -6.81 -6.92 -6.581 -6.723 -6.843 -6.942 -7.11 -7.132 -7.301 -7.492
0.0133 -6.105 -6.056 -6.131 -6.324 -6.466 -6.605 -6.244 -6.346 -6.468 -6.61 -6.751 -6.899 -6.341 -6.514 -6.685 -6.806 -6.917 -6.577 -6.72 -6.84 -6.939 -7.107 -7.129 -7.298 -7.488
0.0136 -6.105 -6.056 -6.131 -6.324 -6.466 -6.605 -6.244 -6.346 -6.468 -6.61 -6.751 -6.899 -6.341 -6.513 -6.685 -6.806 -6.917 -6.577 -6.72 -6.84 -6.939 -7.107 -7.129 -7.298 -7.488
0.014 -6.105 -6.056 -6.131 -6.324 -6.466 -6.605 -6.245 -6.346 -6.469 -6.611 -6.751 -6.9 -6.341 -6.514 -6.686 -6.806 -6.917 -6.578 -6.72 -6.84 -6.939 -7.107 -7.129 -7.298 -7.489
0.0143 -6.106 -6.056 -6.131 -6.324 -6.467 -6.606 -6.245 -6.347 -6.469 -6.611 -6.751 -6.9 -6.341 -6.514 -6.686 -6.807 -6.917 -6.578 -6.72 -6.84 -6.939 -7.107 -7.129 -7.299 -7.489
0.0146 -6.106 -6.057 -6.131 -6.324 -6.467 -6.606 -6.245 -6.347 -6.469 -6.611 -6.752 -6.9 -6.342 -6.514 -6.686 -6.807 -6.918 -6.578 -6.721 -6.84 -6.94 -7.108 -7.129 -7.299 -7.489
0.015 -6.106 -6.057 -6.132 -6.325 -6.467 -6.606 -6.245 -6.347 -6.469 -6.611 -6.752 -6.9 -6.342 -6.515 -6.686 -6.807 -6.918 -6.578 -6.721 -6.841 -6.94 -7.108 -7.13 -7.299 -7.489
0.0154 -6.107 -6.057 -6.132 -6.325 -6.467 -6.606 -6.246 -6.347 -6.47 -6.612 -6.752 -6.901 -6.342 -6.515 -6.687 -6.807 -6.918 -6.579 -6.721 -6.841 -6.94 -7.108 -7.13 -7.299 -7.49
0.0157 -6.107 -6.057 -6.132 -6.325 -6.468 -6.607 -6.246 -6.348 -6.47 -6.612 -6.752 -6.901 -6.343 -6.515 -6.687 -6.808 -6.918 -6.579 -6.722 -6.841 -6.94 -7.109 -7.13 -7.3 -7.49
0.0161 -6.107 -6.058 -6.133 -6.326 -6.468 -6.607 -6.246 -6.348 -6.47 -6.612 -6.753 -6.901 -6.343 -6.515 -6.687 -6.808 -6.919 -6.579 -6.722 -6.842 -6.941 -7.109 -7.131 -7.3 -7.49
0.0165 -6.107 -6.058 -6.133 -6.326 -6.468 -6.607 -6.247 -6.348 -6.471 -6.612 -6.753 -6.902 -6.343 -6.516 -6.688 -6.808 -6.919 -6.58 -6.722 -6.842 -6.941 -7.109 -7.131 -7.3 -7.491
0.0169 -6.107 -6.058 -6.133 -6.326 -6.468 -6.607 -6.246 -6.348 -6.471 -6.612 -6.753 -6.901 -6.343 -6.516 -6.688 -6.808 -6.919 -6.579 -6.722 -6.842 -6.941 -7.109 -7.131 -7.3 -7.49
0.0173 -6.095 -6.046 -6.121 -6.314 -6.456 -6.595 -6.234 -6.336 -6.458 -6.6 -6.741 -6.889 -6.331 -6.504 -6.675 -6.796 -6.907 -6.567 -6.71 -6.83 -6.929 -7.097 -7.119 -7.288 -7.478
0.0177 -6.083 -6.034 -6.109 -6.302 -6.444 -6.583 -6.222 -6.324 -6.446 -6.588 -6.729 -6.877 -6.319 -6.492 -6.663 -6.784 -6.895 -6.555 -6.698 -6.818 -6.917 -7.085 -7.107 -7.276 -7.466
0.0181 -6.071 -6.022 -6.097 -6.289 -6.432 -6.571 -6.21 -6.312 -6.434 -6.576 -6.717 -6.865 -6.307 -6.479 -6.651 -6.772 -6.883 -6.543 -6.686 -6.806 -6.905 -7.073 -7.095 -7.264 -7.454
0.0186 -6.059 -6.01 -6.084 -6.277 -6.42 -6.559 -6.198 -6.3 -6.422 -6.564 -6.705 -6.853 -6.295 -6.467 -6.639 -6.76 -6.871 -6.531 -6.674 -6.793 -6.893 -7.061 -7.082 -7.252 -7.442
0.019 -6.047 -5.998 -6.072 -6.265 -6.408 -6.547 -6.186 -6.288 -6.41 -6.552 -6.692 -6.841 -6.283 -6.455 -6.627 -6.748 -6.858 -6.519 -6.662 -6.781 -6.88 -7.049 -7.07 -7.24 -7.43
0.0195 -6.035 -5.985 -6.06 -6.253 -6.396 -6.535 -6.174 -6.276 -6.398 -6.54 -6.68 -6.829 -6.271 -6.443 -6.615 -6.736 -6.846 -6.507 -6.65 -6.769 -6.868 -7.037 -7.058 -7.228 -7.418
0.02 -6.023 -5.973 -6.048 -6.241 -6.384 -6.523 -6.162 -6.264 -6.386 -6.528 -6.668 -6.817 -6.259 -6.431 -6.603 -6.724 -6.834 -6.495 -6.637 -6.757 -6.856 -7.025 -7.046 -7.216 -7.406
0.0204 -6.011 -5.961 -6.036 -6.229 -6.371 -6.511 -6.15 -6.251 -6.374 -6.516 -6.656 -6.805 -6.246 -6.419 -6.591 -6.712 -6.822 -6.483 -6.625 -6.745 -6.844 -7.012 -7.034 -7.203 -7.394
0.0209 -5.999 -5.949 -6.024 -6.217 -6.359 -6.499 -6.138 -6.239 -6.362 -6.504 -6.644 -6.793 -6.234 -6.407 -6.579 -6.699 -6.81 -6.471 -6.613 -6.733 -6.832 -7.0 -7.022 -7.191 -7.382
0.0214 -5.985 -5.936 -6.011 -6.204 -6.346 -6.485 -6.124 -6.226 -6.349 -6.49 -6.631 -6.779 -6.221 -6.394 -6.566 -6.686 -6.797 -6.457 -6.6 -6.72 -6.819 -6.987 -7.009 -7.178 -7.368
0.022 -5.966 -5.917 -5.992 -6.185 -6.327 -6.466 -6.106 -6.207 -6.33 -6.472 -6.612 -6.761 -6.202 -6.375 -6.547 -6.667 -6.778 -6.439 -6.581 -6.701 -6.8 -6.968 -6.99 -7.159 -7.35
0.0225 -5.948 -5.898 -5.973 -6.166 -6.308 -6.447 -6.087 -6.188 -6.311 -6.453 -6.593 -6.742 -6.183 -6.356 -6.528 -6.648 -6.759 -6.42 -6.562 -6.682 -6.781 -6.949 -6.971 -7.14 -7.331
0.023 -5.929 -5.879 -5.954 -6.147 -6.289 -6.429 -6.068 -6.169 -6.292 -6.434 -6.574 -6.723 -6.164 -6.337 -6.509 -6.629 -6.74 -6.401 -6.543 -6.663 -6.762 -6.93 -6.952 -7.121 -7.312
0.0236 -5.91 -5.86 -5.935 -6.128 -6.27 -6.41 -6.049 -6.15 -6.273 -6.415 -6.555 -6.704 -6.145 -6.318 -6.49 -6.611 -6.721 -6.382 -6.524 -6.644 -6.743 -6.911 -6.933 -7.102 -7.293
0.0242 -5.891 -5.841 -5.916 -6.109 -6.252 -6.391 -6.03 -6.132 -6.254 -6.396 -6.536 -6.685 -6.126 -6.299 -6.471 -6.592 -6.702 -6.363 -6.505 -6.625 -6.724 -6.893 -6.914 -7.084 -7.274
0.0247 -5.872 -5.822 -5.897 -6.09 -6.233 -6.372 -6.011 -6.113 -6.235 -6.377 -6.517 -6.666 -6.108 -6.28 -6.452 -6.573 -6.683 -6.344 -6.486 -6.606 -6.705 -6.874 -6.895 -7.065 -7.255
0.0253 -5.853 -5.803 -5.878 -6.071 -6.214 -6.353 -5.992 -6.094 -6.216 -6.358 -6.498 -6.647 -6.089 -6.261 -6.433 -6.554 -6.664 -6.325 -6.468 -6.587 -6.686 -6.855 -6.876 -7.046 -7.236
0.0259 -5.834 -5.785 -5.859 -6.052 -6.195 -6.334 -5.973 -6.075 -6.197 -6.339 -6.48 -6.628 -6.07 -6.242 -6.414 -6.535 -6.646 -6.306 -6.449 -6.568 -6.667 -6.836 -6.857 -7.027 -7.217
0.0266 -5.815 -5.766 -5.841 -6.033 -6.176 -6.315 -5.954 -6.056 -6.178 -6.32 -6.461 -6.609 -6.051 -6.223 -6.395 -6.516 -6.627 -6.287 -6.43 -6.55 -6.649 -6.817 -6.839 -7.008 -7.198
0.0272 -5.796 -5.746 -5.821 -6.014 -6.156 -6.295 -5.935 -6.036 -6.159 -6.301 -6.441 -6.59 -6.031 -6.204 -6.376 -6.496 -6.607 -6.268 -6.41 -6.53 -6.629 -6.797 -6.819 -6.988 -7.179
0.0279 -5.775 -5.725 -5.8 -5.993 -6.135 -6.275 -5.914 -6.015 -6.138 -6.28 -6.42 -6.569 -6.01 -6.183 -6.355 -6.475 -6.586 -6.247 -6.389 -6.509 -6.608 -6.776 -6.798 -6.967 -7.158
0.0285 -5.754 -5.704 -5.779 -5.972 -6.115 -6.254 -5.893 -5.994 -6.117 -6.259 -6.399 -6.548 -5.989 -6.162 -6.334 -6.455 -6.565 -6.226 -6.368 -6.488 -6.587 -6.755 -6.777 -6.947 -7.137
0.0292 -5.733 -5.683 -5.758 -5.951 -6.094 -6.233 -5.872 -5.974 -6.096 -6.238 -6.378 -6.527 -5.969 -6.141 -6.313 -6.434 -6.544 -6.205 -6.347 -6.467 -6.566 -6.735 -6.756 -6.926 -7.116
0.0299 -5.712 -5.662 -5.737 -5.93 -6.073 -6.212 -5.851 -5.953 -6.075 -6.217 -6.357 -6.506 -5.948 -6.12 -6.292 -6.413 -6.523 -6.184 -6.327 -6.446 -6.545 -6.714 -6.735 -6.905 -7.095
0.0307 -5.691 -5.642 -5.716 -5.909 -6.052 -6.191 -5.83 -5.932 -6.054 -6.196 -6.337 -6.485 -5.927 -6.099 -6.271 -6.392 -6.503 -6.163 -6.306 -6.425 -6.524 -6.693 -6.714 -6.884 -7.074
0.0314 -5.67 -5.621 -5.696 -5.888 -6.031 -6.17 -5.809 -5.911 -6.033 -6.175 -6.316 -6.464 -5.906 -6.078 -6.25 -6.371 -6.482 -6.142 -6.285 -6.405 -6.504 -6.672 -6.694 -6.863 -7.053
0.0322 -5.649 -5.6 -5.675 -5.868 -6.01 -6.149 -5.788 -5.89 -6.012 -6.154 -6.295 -6.443 -5.885 -6.058 -6.229 -6.35 -6.461 -6.121 -6.264 -6.384 -6.483 -6.651 -6.673 -6.842 -7.032
0.0329 -5.628 -5.579 -5.654 -5.847 -5.989 -6.128 -5.767 -5.869 -5.991 -6.133 -6.274 -6.422 -5.864 -6.037 -6.208 -6.329 -6.44 -6.1 -6.243 -6.363 -6.462 -6.63 -6.652 -6.821 -7.011
0.0337 -5.607 -5.558 -5.633 -5.826 -5.968 -6.107 -5.746 -5.848 -5.971 -6.112 -6.253 -6.401 -5.843 -6.016 -6.188 -6.308 -6.419 -6.079 -6.222 -6.342 -6.441 -6.609 -6.631 -6.8 -6.991
0.0345 -5.582 -5.533 -5.608 -5.801 -5.943 -6.082 -5.721 -5.823 -5.945 -6.087 -6.228 -6.376 -5.818 -5.991 -6.162 -6.283 -6.394 -6.054 -6.197 -6.317 -6.416 -6.584 -6.606 -6.775 -6.965
0.0354 -5.552 -5.503 -5.578 -5.771 -5.913 -6.052 -5.691 -5.793 -5.915 -6.057 -6.198 -6.346 -5.788 -5.961 -6.132 -6.253 -6.364 -6.024 -6.167 -6.287 -6.386 -6.554 -6.576 -6.745 -6.935
0.0362 -5.522 -5.473 -5.548 -5.74 -5.883 -6.022 -5.661 -5.763 -5.885 -6.027 -6.168 -6.316 -5.758 -5.93 -6.102 -6.223 -6.334 -5.994 -6.137 -6.257 -6.356 -6.524 -6.546 -6.715 -6.905
0.0371 -5.492 -5.443 -5.517 -5.71 -5.853 -5.992 -5.631 -5.733 -5.855 -5.997 -6.138 -6.286 -5.728 -5.9 -6.072 -6.193 -6.304 -5.964 -6.107 -6.226 -6.326 -6.494 -6.515 -6.685 -6.875
0.038 -5.462 -5.413 -5.487 -5.68 -5.823 -5.962 -5.601 -5.703 -5.825 -5.967 -6.107 -6.256 -5.698 -5.87 -6.042 -6.163 -6.273 -5.934 -6.077 -6.196 -6.295 -6.464 -6.485 -6.655 -6.845
0.0389 -5.432 -5.382 -5.457 -5.65 -5.793 -5.932 -5.571 -5.673 -5.795 -5.937 -6.077 -6.226 -5.668 -5.84 -6.012 -6.133 -6.243 -5.904 -6.047 -6.166 -6.265 -6.434 -6.455 -6.625 -6.815
0.0398 -5.402 -5.352 -5.427 -5.62 -5.763 -5.902 -5.541 -5.643 -5.765 -5.907 -6.047 -6.196 -5.638 -5.81 -5.982 -6.103 -6.213 -5.874 -6.016 -6.136 -6.235 -6.404 -6.425 -6.595 -6.785
0.0408 -5.372 -5.322 -5.397 -5.59 -5.733 -5.872 -5.511 -5.612 -5.735 -5.877 -6.017 -6.166 -5.607 -5.78 -5.952 -6.073 -6.183 -5.844 -5.986 -6.106 -6.205 -6.373 -6.395 -6.565 -6.755
0.0418 -5.342 -5.292 -5.367 -5.56 -5.702 -5.842 -5.481 -5.582 -5.705 -5.847 -5.987 -6.136 -5.577 -5.75 -5.922 -6.043 -6.153 -5.814 -5.956 -6.076 -6.175 -6.343 -6.365 -6.534 -6.725
0.0428 -5.312 -5.262 -5.337 -5.53 -5.672 -5.811 -5.451 -5.552 -5.675 -5.817 -5.957 -6.106 -5.547 -5.72 -5.892 -6.012 -6.123 -5.784 -5.926 -6.046 -6.145 -6.313 -6.335 -6.504 -6.695
0.0438 -5.277 -5.227 -5.302 -5.495 -5.638 -5.777 -5.416 -5.517 -5.64 -5.782 -5.922 -6.071 -5.512 -5.685 -5.857 -5.978 -6.088 -5.749 -5.891 -6.011 -6.11 -6.278 -6.3 -6.469 -6.66
0.0449 -5.239 -5.189 -5.264 -5.457 -5.599 -5.739 -5.378 -5.479 -5.602 -5.744 -5.884 -6.033 -5.474 -5.647 -5.819 -5.94 -6.05 -5.711 -5.853 -5.973 -6.072 -6.24 -6.262 -6.431 -6.622
0.046 -5.201 -5.151 -5.226 -5.419 -5.561 -5.701 -5.34 -5.441 -5.564 -5.706 -5.846 -5.995 -5.436 -5.609 -5.781 -5.902 -6.012 -5.673 -5.815 -5.935 -6.034 -6.202 -6.224 -6.393 -6.584
0.0471 -5.163 -5.113 -5.188 -5.381 -5.523 -5.663 -5.302 -5.403 -5.526 -5.668 -5.808 -5.957 -5.398 -5.571 -5.743 -5.864 -5.974 -5.635 -5.777 -5.897 -5.996 -6.164 -6.186 -6.355 -6.546
0.0482 -5.125 -5.075 -5.15 -5.343 -5.485 -5.625 -5.264 -5.365 -5.488 -5.63 -5.77 -5.919 -5.36 -5.533 -5.705 -5.825 -5.936 -5.597 -5.739 -5.859 -5.958 -6.126 -6.148 -6.317 -6.508
0.0494 -5.087 -5.037 -5.112 -5.305 -5.447 -5.587 -5.226 -5.327 -5.45 -5.592 -5.732 -5.881 -5.322 -5.495 -5.667 -5.787 -5.898 -5.559 -5.701 -5.821 -5.92 -6.088 -6.11 -6.279 -6.47
0.0506 -5.049 -4.999 -5.074 -5.267 -5.409 -5.549 -5.188 -5.289 -5.412 -5.554 -5.694 -5.843 -5.284 -5.457 -5.629 -5.749 -5.86 -5.521 -5.663 -5.783 -5.882 -6.05 -6.072 -6.241 -6.432
0.0518 -5.011 -4.961 -5.036 -5.229 -5.371 -5.51 -5.15 -5.251 -5.374 -5.516 -5.656 -5.805 -5.246 -5.419 -5.591 -5.711 -5.822 -5.483 -5.625 -5.745 -5.844 -6.012 -6.034 -6.203 -6.394
0.053 -4.973 -4.923 -4.998 -5.191 -5.333 -5.472 -5.112 -5.213 -5.336 -5.478 -5.618 -5.767 -5.208 -5.381 -5.553 -5.673 -5.784 -5.445 -5.587 -5.707 -5.806 -5.974 -5.996 -6.165 -6.356
0.0543 -4.935 -4.885 -4.96 -5.153 -5.295 -5.434 -5.074 -5.175 -5.298 -5.44 -5.58 -5.729 -5.17 -5.343 -5.515 -5.635 -5.746 -5.407 -5.549 -5.669 -5.768 -5.936 -5.958 -6.127 -6.318
0.0556 -4.895 -4.846 -4.921 -5.114 -5.256 -5.395 -5.034 -5.136 -5.258 -5.4 -5.541 -5.689 -5.131 -5.303 -5.475 -5.596 -5.707 -5.367 -5.51 -5.63 -5.729 -5.897 -5.919 -6.088 -6.278
0.057 -4.855 -4.806 -4.881 -5.074 -5.216 -5.355 -4.994 -5.096 -5.219 -5.36 -5.501 -5.649 -5.091 -5.264 -5.436 -5.556 -5.667 -5.327 -5.47 -5.59 -5.689 -5.857 -5.879 -6.048 -6.238
0.0584 -4.816 -4.766 -4.841 -5.034 -5.176 -5.315 -4.955 -5.056 -5.179 -5.321 -5.461 -5.61 -5.051 -5.224 -5.396 -5.516 -5.627 -5.288 -5.43 -5.55 -5.649 -5.817 -5.839 -6.008 -6.199
0.0598 -4.776 -4.726 -4.801 -4.994 -5.137 -5.276 -4.915 -5.016 -5.139 -5.281 -5.421 -5.57 -5.011 -5.184 -5.356 -5.477 -5.587 -5.248 -5.39 -5.51 -5.609 -5.777 -5.799 -5.969 -6.159
0.0612 -4.736 -4.686 -4.761 -4.954 -5.097 -5.236 -4.875 -4.977 -5.099 -5.241 -5.381 -5.53 -4.972 -5.144 -5.316 -5.437 -5.547 -5.208 -5.351 -5.47 -5.569 -5.738 -5.759 -5.929 -6.119
0.0627 -4.696 -4.647 -4.722 -4.914 -5.057 -5.196 -4.835 -4.937 -5.059 -5.201 -5.342 -5.49 -4.932 -5.104 -5.276 -5.397 -5.508 -5.168 -5.311 -5.431 -5.53 -5.698 -5.72 -5.889 -6.079
0.0642 -4.656 -4.607 -4.682 -4.875 -5.017 -5.156 -4.795 -4.897 -5.019 -5.161 -5.302 -5.45 -4.892 -5.065 -5.236 -5.357 -5.468 -5.128 -5.271 -5.391 -5.49 -5.658 -5.68 -5.849 -6.039
0.0657 -4.616 -4.567 -4.642 -4.835 -4.977 -5.116 -4.756 -4.857 -4.98 -5.122 -5.262 -5.411 -4.852 -5.025 -5.197 -5.317 -5.428 -5.089 -5.231 -5.351 -5.45 -5.618 -5.64 -5.809 -6.0
0.0673 -4.577 -4.527 -4.602 -4.795 -4.937 -5.077 -4.716 -4.817 -4.94 -5.082 -5.222 -5.371 -4.812 -4.985 -5.157 -5.278 -5.388 -5.049 -5.191 -5.311 -5.41 -5.578 -5.6 -5.769 -5.96
0.0689 -4.537 -4.487 -4.562 -4.755 -4.898 -5.037 -4.676 -4.778 -4.9 -5.042 -5.182 -5.331 -4.773 -4.945 -5.117 -5.238 -5.348 -5.009 -5.151 -5.271 -5.37 -5.539 -5.56 -5.73 -5.92
0.0706 -4.489 -4.439 -4.514 -4.707 -4.849 -4.988 -4.628 -4.729 -4.852 -4.994 -5.134 -5.283 -4.724 -4.897 -5.069 -5.189 -5.3 -4.961 -5.103 -5.223 -5.322 -5.49 -5.512 -5.681 -5.872
0.0723 -4.439 -4.39 -4.464 -4.657 -4.8 -4.939 -4.578 -4.68 -4.802 -4.944 -5.085 -5.233 -4.675 -4.847 -5.019 -5.14 -5.251 -4.911 -5.054 -5.174 -5.273 -5.441 -5.463 -5.632 -5.822
0.0741 -4.39 -4.34 -4.415 -4.608 -4.75 -4.89 -4.529 -4.63 -4.753 -4.895 -5.035 -5.184 -4.625 -4.798 -4.97 -5.09 -5.201 -4.862 -5.004 -5.124 -5.223 -5.391 -5.413 -5.582 -5.773
0.0758 -4.34 -4.291 -4.366 -4.559 -4.701 -4.84 -4.479 -4.581 -4.703 -4.845 -4.986 -5.134 -4.576 -4.749 -4.92 -5.041 -5.152 -4.812 -4.955 -5.075 -5.174 -5.342 -5.364 -5.533 -5.723
0.0777 -4.291 -4.241 -4.316 -4.509 -4.652 -4.791 -4.43 -4.532 -4.654 -4.796 -4.936 -5.085 -4.526 -4.699 -4.871 -4.992 -5.102 -4.763 -4.905 -5.025 -5.124 -5.293 -5.314 -5.484 -5.674
0.0795 -4.241 -4.192 -4.267 -4.46 -4.602 -4.741 -4.38 -4.482 -4.605 -4.746 -4.887 -5.035 -4.477 -4.65 -4.821 -4.942 -5.053 -4.713 -4.856 -4.976 -5.075 -5.243 -5.265 -5.434 -5.624
0.0815 -4.192 -4.142 -4.217 -4.41 -4.553 -4.692 -4.331 -4.433 -4.555 -4.697 -4.837 -4.986 -4.428 -4.6 -4.772 -4.893 -5.003 -4.664 -4.807 -4.926 -5.025 -5.194 -5.215 -5.385 -5.575
0.0834 -4.142 -4.093 -4.168 -4.361 -4.503 -4.642 -4.282 -4.383 -4.506 -4.648 -4.788 -4.937 -4.378 -4.551 -4.723 -4.843 -4.954 -4.615 -4.757 -4.877 -4.976 -5.144 -5.166 -5.335 -5.526
0.0854 -4.093 -4.044 -4.118 -4.311 -4.454 -4.593 -4.232 -4.334 -4.456 -4.598 -4.739 -4.887 -4.329 -4.501 -4.673 -4.794 -4.905 -4.565 -4.708 -4.827 -4.927 -5.095 -5.116 -5.286 -5.476
0.0875 -4.043 -3.994 -4.069 -4.262 -4.404 -4.543 -4.182 -4.284 -4.407 -4.548 -4.689 -4.837 -4.279 -4.452 -4.624 -4.744 -4.855 -4.515 -4.658 -4.778 -4.877 -5.045 -5.067 -5.236 -5.427
0.0896 -3.987 -3.937 -4.012 -4.205 -4.347 -4.487 -4.126 -4.227 -4.35 -4.492 -4.632 -4.781 -4.222 -4.395 -4.567 -4.687 -4.798 -4.459 -4.601 -4.721 -4.82 -4.988 -5.01 -5.179 -5.37
0.0918 -3.93 -3.88 -3.955 -4.148 -4.291 -4.43 -4.069 -4.171 -4.293 -4.435 -4.575 -4.724 -4.166 -4.338 -4.51 -4.631 -4.741 -4.402 -4.545 -4.664 -4.763 -4.932 -4.953 -5.123 -5.313
0.094 -3.873 -3.824 -3.899 -4.092 -4.234 -4.373 -4.012 -4.114 -4.236 -4.378 -4.519 -4.667 -4.109 -4.281 -4.453 -4.574 -4.685 -4.345 -4.488 -4.608 -4.707 -4.875 -4.897 -5.066 -5.256
0.0963 -3.816 -3.767 -3.842 -4.035 -4.177 -4.316 -3.955 -4.057 -4.18 -4.321 -4.462 -4.611 -4.052 -4.225 -4.397 -4.517 -4.628 -4.288 -4.431 -4.551 -4.65 -4.818 -4.84 -5.009 -5.2
0.0986 -3.76 -3.71 -3.785 -3.978 -4.12 -4.26 -3.899 -4.0 -4.123 -4.265 -4.405 -4.554 -3.995 -4.168 -4.34 -4.461 -4.571 -4.232 -4.374 -4.494 -4.593 -4.761 -4.783 -4.952 -5.143
0.101 -3.703 -3.653 -3.728 -3.921 -4.064 -4.203 -3.842 -3.944 -4.066 -4.208 -4.348 -4.497 -3.939 -4.111 -4.283 -4.404 -4.514 -4.175 -4.318 -4.437 -4.536 -4.705 -4.726 -4.896 -5.086
0.1034 -3.646 -3.597 -3.672 -3.865 -4.007 -4.146 -3.785 -3.887 -4.009 -4.151 -4.292 -4.44 -3.882 -4.054 -4.226 -4.347 -4.458 -4.118 -4.261 -4.381 -4.48 -4.648 -4.67 -4.839 -5.029
0.1059 -3.589 -3.54 -3.615 -3.808 -3.95 -4.089 -3.729 -3.83 -3.953 -4.094 -4.235 -4.384 -3.825 -3.998 -4.17 -4.29 -4.401 -4.061 -4.204 -4.324 -4.423 -4.591 -4.613 -4.782 -4.973
0.1084 -3.533 -3.483 -3.558 -3.751 -3.893 -4.033 -3.672 -3.773 -3.896 -4.038 -4.178 -4.327 -3.768 -3.941 -4.113 -4.234 -4.344 -4.005 -4.147 -4.267 -4.366 -4.534 -4.556 -4.725 -4.916
0.1111 -3.476 -3.427 -3.502 -3.695 -3.837 -3.976 -3.615 -3.717 -3.84 -3.981 -4.122 -4.271 -3.712 -3.885 -4.057 -4.177 -4.288 -3.948 -4.091 -4.211 -4.31 -4.478 -4.5 -4.669 -4.86
0.1137 -3.422 -3.373 -3.448 -3.641 -3.783 -3.922 -3.561 -3.663 -3.786 -3.927 -4.068 -4.216 -3.658 -3.831 -4.002 -4.123 -4.234 -3.894 -4.037 -4.157 -4.256 -4.424 -4.446 -4.615 -4.805
0.1165 -3.368 -3.319 -3.394 -3.587 -3.729 -3.868 -3.507 -3.609 -3.731 -3.873 -4.014 -4.162 -3.604 -3.777 -3.948 -4.069 -4.18 -3.84 -3.983 -4.103 -4.202 -4.37 -4.392 -4.561 -4.751
0.1193 -3.314 -3.265 -3.34 -3.533 -3.675 -3.814 -3.453 -3.555 -3.677 -3.819 -3.96 -4.108 -3.55 -3.723 -3.894 -4.015 -4.126 -3.786 -3.929 -4.049 -4.148 -4.316 -4.338 -4.507 -4.697
0.1222 -3.26 -3.211 -3.286 -3.479 -3.621 -3.76 -3.399 -3.501 -3.623 -3.765 -3.906 -4.054 -3.496 -3.669 -3.84 -3.961 -4.072 -3.732 -3.875 -3.995 -4.094 -4.262 -4.284 -4.453 -4.643
0.1251 -3.206 -3.157 -3.232 -3.425 -3.567 -3.706 -3.345 -3.447 -3.569 -3.711 -3.852 -4.0 -3.442 -3.614 -3.786 -3.907 -4.018 -3.678 -3.821 -3.941 -4.04 -4.208 -4.23 -4.399 -4.589
0.1281 -3.152 -3.103 -3.178 -3.37 -3.513 -3.652 -3.291 -3.393 -3.515 -3.657 -3.798 -3.946 -3.388 -3.56 -3.732 -3.853 -3.964 -3.624 -3.767 -3.887 -3.986 -4.154 -4.176 -4.345 -4.535
0.1312 -3.098 -3.049 -3.123 -3.316 -3.459 -3.598 -3.237 -3.339 -3.461 -3.603 -3.744 -3.892 -3.334 -3.506 -3.678 -3.799 -3.91 -3.57 -3.713 -3.833 -3.932 -4.1 -4.122 -4.291 -4.481
0.1344 -3.044 -2.995 -3.069 -3.262 -3.405 -3.544 -3.183 -3.285 -3.407 -3.549 -3.69 -3.838 -3.28 -3.452 -3.624 -3.745 -3.856 -3.516 -3.659 -3.778 -3.877 -4.046 -4.067 -4.237 -4.427
0.1376 -2.99 -2.941 -3.015 -3.208 -3.351 -3.49 -3.129 -3.231 -3.353 -3.495 -3.636 -3.784 -3.226 -3.398 -3.57 -3.691 -3.801 -3.462 -3.605 -3.724 -3.823 -3.992 -4.013 -4.183 -4.373
0.141 -2.937 -2.888 -2.962 -3.155 -3.298 -3.437 -3.076 -3.178 -3.3 -3.442 -3.582 -3.731 -3.173 -3.345 -3.517 -3.638 -3.748 -3.409 -3.552 -3.671 -3.77 -3.939 -3.96 -4.13 -4.32
0.1444 -2.886 -2.837 -2.912 -3.105 -3.247 -3.386 -3.025 -3.127 -3.249 -3.391 -3.532 -3.68 -3.122 -3.294 -3.466 -3.587 -3.698 -3.358 -3.501 -3.621 -3.72 -3.888 -3.91 -4.079 -4.269
0.1478 -2.835 -2.786 -2.861 -3.054 -3.196 -3.335 -2.974 -3.076 -3.199 -3.34 -3.481 -3.629 -3.071 -3.244 -3.416 -3.536 -3.647 -3.307 -3.45 -3.57 -3.669 -3.837 -3.859 -4.028 -4.218
0.1514 -2.785 -2.735 -2.81 -3.003 -3.145 -3.284 -2.924 -3.025 -3.148 -3.29 -3.43 -3.579 -3.02 -3.193 -3.365 -3.485 -3.596 -3.257 -3.399 -3.519 -3.618 -3.786 -3.808 -3.977 -4.168
0.1551 -2.734 -2.684 -2.759 -2.952 -3.095 -3.234 -2.873 -2.975 -3.097 -3.239 -3.379 -3.528 -2.97 -3.142 -3.314 -3.435 -3.545 -3.206 -3.348 -3.468 -3.567 -3.736 -3.757 -3.927 -4.117
0.1588 -2.683 -2.634 -2.708 -2.901 -3.044 -3.183 -2.822 -2.924 -3.046 -3.188 -3.329 -3.477 -2.919 -3.091 -3.263 -3.384 -3.494 -3.155 -3.298 -3.417 -3.516 -3.685 -3.706 -3.876 -4.066
0.1626 -2.632 -2.583 -2.658 -2.851 -2.993 -3.132 -2.771 -2.873 -2.995 -3.137 -3.278 -3.426 -2.868 -3.04 -3.212 -3.333 -3.444 -3.104 -3.247 -3.367 -3.466 -3.634 -3.656 -3.825 -4.015
0.1666 -2.581 -2.532 -2.607 -2.8 -2.942 -3.081 -2.72 -2.822 -2.945 -3.086 -3.227 -3.376 -2.817 -2.99 -3.162 -3.282 -3.393 -3.053 -3.196 -3.316 -3.415 -3.583 -3.605 -3.774 -3.965
0.1706 -2.531 -2.481 -2.556 -2.749 -2.891 -3.031 -2.67 -2.771 -2.894 -3.036 -3.176 -3.325 -2.766 -2.939 -3.111 -3.231 -3.342 -3.003 -3.145 -3.265 -3.364 -3.532 -3.554 -3.723 -3.914
0.1747 -2.48 -2.43 -2.505 -2.698 -2.841 -2.98 -2.619 -2.721 -2.843 -2.985 -3.125 -3.274 -2.716 -2.888 -3.06 -3.181 -3.291 -2.952 -3.094 -3.214 -3.313 -3.482 -3.503 -3.673 -3.863
0.1789 -2.426 -2.377 -2.452 -2.645 -2.787 -2.926 -2.565 -2.667 -2.789 -2.931 -3.072 -3.22 -2.662 -2.835 -3.006 -3.127 -3.238 -2.898 -3.041 -3.161 -3.26 -3.428 -3.45 -3.619 -3.809
0.1832 -2.37 -2.32 -2.395 -2.588 -2.73 -2.869 -2.509 -2.61 -2.733 -2.875 -3.015 -3.164 -2.605 -2.778 -2.95 -3.07 -3.181 -2.842 -2.984 -3.104 -3.203 -3.371 -3.393 -3.562 -3.753
0.1876 -2.313 -2.263 -2.338 -2.531 -2.674 -2.813 -2.452 -2.554 -2.676 -2.818 -2.958 -3.107 -2.549 -2.721 -2.893 -3.014 -3.124 -2.785 -2.927 -3.047 -3.146 -3.315 -3.336 -3.506 -3.696
0.1922 -2.256 -2.207 -2.282 -2.475 -2.617 -2.756 -2.395 -2.497 -2.619 -2.761 -2.902 -3.05 -2.492 -2.664 -2.836 -2.957 -3.068 -2.728 -2.871 -2.991 -3.09 -3.258 -3.28 -3.449 -3.639
0.1968 -2.199 -2.15 -2.225 -2.418 -2.56 -2.699 -2.339 -2.44 -2.563 -2.704 -2.845 -2.994 -2.435 -2.608 -2.78 -2.9 -3.011 -2.671 -2.814 -2.934 -3.033 -3.201 -3.223 -3.392 -3.583
0.2015 -2.143 -2.093 -2.168 -2.361 -2.503 -2.643 -2.282 -2.383 -2.506 -2.648 -2.788 -2.937 -2.378 -2.551 -2.723 -2.844 -2.954 -2.615 -2.757 -2.877 -2.976 -3.144 -3.166 -3.335 -3.526
0.2064 -2.086 -2.037 -2.111 -2.304 -2.447 -2.586 -2.225 -2.327 -2.449 -2.591 -2.732 -2.88 -2.322 -2.494 -2.666 -2.787 -2.897 -2.558 -2.701 -2.82 -2.919 -3.088 -3.109 -3.279 -3.469
0.2114 -2.029 -1.98 -2.055 -2.248 -2.39 -2.529 -2.168 -2.27 -2.392 -2.534 -2.675 -2.823 -2.265 -2.438 -2.609 -2.73 -2.841 -2.501 -2.644 -2.764 -2.863 -3.031 -3.053 -3.222 -3.412
0.2165 -1.973 -1.923 -1.998 -2.191 -2.333 -2.472 -2.112 -2.213 -2.336 -2.478 -2.618 -2.767 -2.208 -2.381 -2.553 -2.673 -2.784 -2.445 -2.587 -2.707 -2.806 -2.974 -2.996 -3.165 -3.356
0.2217 -1.916 -1.866 -1.941 -2.134 -2.277 -2.416 -2.055 -2.157 -2.279 -2.421 -2.561 -2.71 -2.152 -2.324 -2.496 -2.617 -2.727 -2.388 -2.53 -2.65 -2.749 -2.918 -2.939 -3.109 -3.299
0.2271 -1.858 -1.809 -1.884 -2.077 -2.219 -2.358 -1.997 -2.099 -2.221 -2.363 -2.504 -2.652 -2.094 -2.267 -2.438 -2.559 -2.67 -2.33 -2.473 -2.593 -2.692 -2.86 -2.882 -3.051 -3.241
0.2325 -1.8 -1.751 -1.826 -2.019 -2.161 -2.3 -1.939 -2.041 -2.163 -2.305 -2.446 -2.594 -2.036 -2.208 -2.38 -2.501 -2.612 -2.272 -2.415 -2.535 -2.634 -2.802 -2.824 -2.993 -3.183
0.2381 -1.742 -1.693 -1.767 -1.96 -2.103 -2.242 -1.881 -1.983 -2.105 -2.247 -2.388 -2.536 -1.978 -2.15 -2.322 -2.443 -2.554 -2.214 -2.357 -2.477 -2.576 -2.744 -2.766 -2.935 -3.125
0.2439 -1.684 -1.635 -1.709 -1.902 -2.045 -2.184 -1.823 -1.925 -2.047 -2.189 -2.33 -2.478 -1.92 -2.092 -2.264 -2.385 -2.495 -2.156 -2.299 -2.418 -2.517 -2.686 -2.707 -2.877 -3.067
0.2498 -1.626 -1.576 -1.651 -1.844 -1.987 -2.126 -1.765 -1.867 -1.989 -2.131 -2.271 -2.42 -1.862 -2.034 -2.206 -2.327 -2.437 -2.098 -2.24 -2.36 -2.459 -2.628 -2.649 -2.819 -3.009
0.2558 -1.568 -1.518 -1.593 -1.786 -1.929 -2.068 -1.707 -1.809 -1.931 -2.073 -2.213 -2.362 -1.803 -1.976 -2.148 -2.269 -2.379 -2.04 -2.182 -2.302 -2.401 -2.569 -2.591 -2.761 -2.951
0.262 -1.51 -1.46 -1.535 -1.728 -1.87 -2.01 -1.649 -1.75 -1.873 -2.015 -2.155 -2.304 -1.745 -1.918 -2.09 -2.21 -2.321 -1.982 -2.124 -2.244 -2.343 -2.511 -2.533 -2.702 -2.893
0.2683 -1.452 -1.402 -1.477 -1.67 -1.812 -1.951 -1.591 -1.692 -1.815 -1.957 -2.097 -2.246 -1.687 -1.86 -2.032 -2.152 -2.263 -1.924 -2.066 -2.186 -2.285 -2.453 -2.475 -2.644 -2.835
0.2748 -1.393 -1.344 -1.419 -1.612 -1.754 -1.893 -1.533 -1.634 -1.757 -1.898 -2.039 -2.188 -1.629 -1.802 -1.974 -2.094 -2.205 -1.865 -2.008 -2.128 -2.227 -2.395 -2.417 -2.586 -2.777
0.2814 -1.335 -1.286 -1.361 -1.554 -1.696 -1.835 -1.474 -1.576 -1.698 -1.84 -1.981 -2.129 -1.571 -1.744 -1.915 -2.036 -2.147 -1.807 -1.95 -2.07 -2.169 -2.337 -2.359 -2.528 -2.718
0.2882 -1.275 -1.226 -1.301 -1.494 -1.636 -1.775 -1.415 -1.516 -1.639 -1.78 -1.921 -2.07 -1.511 -1.684 -1.856 -1.976 -2.087 -1.747 -1.89 -2.01 -2.109 -2.277 -2.299 -2.468 -2.659
0.2951 -1.215 -1.165 -1.24 -1.433 -1.576 -1.715 -1.354 -1.456 -1.578 -1.72 -1.86 -2.009 -1.451 -1.623 -1.795 -1.916 -2.026 -1.687 -1.83 -1.949 -2.048 -2.217 -2.238 -2.408 -2.598
0.3022 -1.154 -1.105 -1.18 -1.373 -1.515 -1.654 -1.293 -1.395 -1.518 -1.659 -1.8 -1.948 -1.39 -1.563 -1.735 -1.855 -1.966 -1.626 -1.769 -1.889 -1.988 -2.156 -2.178 -2.347 -2.538
0.3095 -1.094 -1.044 -1.119 -1.312 -1.455 -1.594 -1.233 -1.335 -1.457 -1.599 -1.739 -1.888 -1.33 -1.502 -1.674 -1.795 -1.905 -1.566 -1.708 -1.828 -1.927 -2.096 -2.117 -2.287 -2.477
0.317 -1.033 -0.984 -1.059 -1.252 -1.394 -1.533 -1.172 -1.274 -1.397 -1.538 -1.679 -1.827 -1.269 -1.442 -1.613 -1.734 -1.845 -1.505 -1.648 -1.768 -1.867 -2.035 -2.057 -2.226 -2.416
0.3247 -0.973 -0.923 -0.998 -1.191 -1.334 -1.473 -1.112 -1.214 -1.336 -1.478 -1.618 -1.767 -1.209 -1.381 -1.553 -1.674 -1.784 -1.445 -1.587 -1.707 -1.806 -1.975 -1.996 -2.166 -2.356
0.3325 -0.912 -0.863 -0.938 -1.131 -1.273 -1.412 -1.051 -1.153 -1.275 -1.417 -1.558 -1.706 -1.148 -1.321 -1.492 -1.613 -1.724 -1.384 -1.527 -1.647 -1.746 -1.914 -1.936 -2.105 -2.295
0.3405 -0.852 -0.802 -0.877 -1.07 -1.213 -1.352 -0.991 -1.093 -1.215 -1.357 -1.497 -1.646 -1.088 -1.26 -1.432 -1.553 -1.663 -1.324 -1.466 -1.586 -1.685 -1.854 -1.875 -2.045 -2.235
0.3487 -0.791 -0.742 -0.817 -1.01 -1.152 -1.291 -0.93 -1.032 -1.154 -1.296 -1.437 -1.585 -1.027 -1.2 -1.371 -1.492 -1.603 -1.263 -1.406 -1.526 -1.625 -1.793 -1.815 -1.984 -2.174
0.3571 -0.731 -0.681 -0.756 -0.949 -1.092 -1.231 -0.87 -0.972 -1.094 -1.236 -1.376 -1.525 -0.966 -1.139 -1.311 -1.432 -1.542 -1.203 -1.345 -1.465 -1.564 -1.732 -1.754 -1.924 -2.114
0.3657 -0.672 -0.623 -0.698 -0.891 -1.033 -1.172 -0.811 -0.913 -1.035 -1.177 -1.318 -1.466 -0.908 -1.08 -1.252 -1.373 -1.484 -1.144 -1.287 -1.407 -1.506 -1.674 -1.696 -1.865 -2.055
0.3746 -0.614 -0.564 -0.639 -0.832 -0.975 -1.114 -0.753 -0.855 -0.977 -1.119 -1.259 -1.408 -0.85 -1.022 -1.194 -1.315 -1.425 -1.086 -1.228 -1.348 -1.447 -1.616 -1.637 -1.807 -1.997
0.3836 -0.556 -0.506 -0.581 -0.774 -0.916 -1.055 -0.695 -0.796 -0.919 -1.061 -1.201 -1.35 -0.791 -0.964 -1.136 -1.256 -1.367 -1.028 -1.17 -1.29 -1.389 -1.557 -1.579 -1.748 -1.939
0.3929 -0.497 -0.448 -0.523 -0.716 -0.858 -0.997 -0.636 -0.738 -0.86 -1.002 -1.143 -1.291 -0.733 -0.906 -1.077 -1.198 -1.309 -0.969 -1.112 -1.232 -1.331 -1.499 -1.521 -1.69 -1.88
0.4023 -0.439 -0.389 -0.464 -0.657 -0.8 -0.939 -0.578 -0.68 -0.802 -0.944 -1.084 -1.233 -0.675 -0.847 -1.019 -1.14 -1.25 -0.911 -1.054 -1.173 -1.272 -1.441 -1.462 -1.632 -1.822
0.412 -0.381 -0.331 -0.406 -0.599 -0.741 -0.881 -0.52 -0.621 -0.744 -0.886 -1.026 -1.175 -0.616 -0.789 -0.961 -1.081 -1.192 -0.853 -0.995 -1.115 -1.214 -1.382 -1.404 -1.573 -1.764
0.422 -0.322 -0.273 -0.348 -0.541 -0.683 -0.822 -0.461 -0.563 -0.685 -0.827 -0.968 -1.116 -0.558 -0.731 -0.902 -1.023 -1.134 -0.794 -0.937 -1.057 -1.156 -1.324 -1.346 -1.515 -1.705
0.4322 -0.264 -0.215 -0.289 -0.482 -0.625 -0.764 -0.403 -0.505 -0.627 -0.769 -0.91 -1.058 -0.5 -0.672 -0.844 -0.965 -1.075 -0.736 -0.879 -0.998 -1.097 -1.266 -1.287 -1.457 -1.647
0.4426 -0.206 -0.156 -0.231 -0.424 -0.566 -0.706 -0.345 -0.446 -0.569 -0.711 -0.851 -1.0 -0.441 -0.614 -0.786 -0.907 -1.017 -0.678 -0.82 -0.94 -1.039 -1.207 -1.229 -1.398 -1.589
0.4533 -0.147 -0.098 -0.173 -0.366 -0.508 -0.647 -0.287 -0.388 -0.511 -0.653 -0.793 -0.942 -0.383 -0.556 -0.728 -0.848 -0.959 -0.62 -0.762 -0.882 -0.981 -1.149 -1.171 -1.34 -1.531
0.4642 -0.094 -0.044 -0.119 -0.312 -0.454 -0.594 -0.233 -0.334 -0.457 -0.599 -0.739 -0.888 -0.329 -0.502 -0.674 -0.794 -0.905 -0.566 -0.708 -0.828 -0.927 -1.095 -1.117 -1.286 -1.477
0.4754 -0.04 0.01 -0.065 -0.258 -0.401 -0.54 -0.179 -0.281 -0.403 -0.545 -0.685 -0.834 -0.276 -0.448 -0.62 -0.741 -0.851 -0.512 -0.654 -0.774 -0.873 -1.042 -1.063 -1.233 -1.423
0.4869 0.014 0.063 -0.011 -0.204 -0.347 -0.486 -0.125 -0.227 -0.349 -0.491 -0.631 -0.78 -0.222 -0.394 -0.566 -0.687 -0.797 -0.458 -0.601 -0.72 -0.819 -0.988 -1.009 -1.179 -1.369
0.4986 0.068 0.117 0.042 -0.15 -0.293 -0.432 -0.071 -0.173 -0.295 -0.437 -0.578 -0.726 -0.168 -0.34 -0.512 -0.633 -0.744 -0.404 -0.547 -0.667 -0.766 -0.934 -0.956 -1.125 -1.315
0.5106 0.122 0.171 0.096 -0.097 -0.239 -0.378 -0.017 -0.119 -0.241 -0.383 -0.524 -0.672 -0.114 -0.287 -0.458 -0.579 -0.69 -0.35 -0.493 -0.613 -0.712 -0.88 -0.902 -1.071 -1.261
0.523 0.176 0.225 0.15 -0.043 -0.185 -0.324 0.036 -0.065 -0.188 -0.329 -0.47 -0.619 -0.06 -0.233 -0.405 -0.525 -0.636 -0.296 -0.439 -0.559 -0.658 -0.826 -0.848 -1.017 -1.208
0.5356 0.229 0.279 0.204 0.011 -0.131 -0.27 0.09 -0.011 -0.134 -0.276 -0.416 -0.565 -0.006 -0.179 -0.351 -0.471 -0.582 -0.243 -0.385 -0.505 -0.604 -0.772 -0.794 -0.963 -1.154
0.5485 0.283 0.333 0.258 0.065 -0.077 -0.217 0.144 0.043 -0.08 -0.222 -0.362 -0.511 0.048 -0.125 -0.297 -0.418 -0.528 -0.189 -0.331 -0.451 -0.55 -0.718 -0.74 -0.909 -1.1
0.5617 0.337 0.387 0.312 0.119 -0.024 -0.163 0.198 0.096 -0.026 -0.168 -0.308 -0.457 0.101 -0.071 -0.243 -0.364 -0.474 -0.135 -0.277 -0.397 -0.496 -0.665 -0.686 -0.856 -1.046
0.5753 0.391 0.441 0.366 0.173 0.03 -0.109 0.252 0.15 0.028 -0.114 -0.254 -0.403 0.155 -0.017 -0.189 -0.31 -0.42 -0.081 -0.224 -0.343 -0.442 -0.611 -0.632 -0.802 -0.992
0.5891 0.446 0.495 0.42 0.227 0.085 -0.054 0.306 0.205 0.082 -0.06 -0.2 -0.349 0.21 0.037 -0.135 -0.255 -0.366 -0.027 -0.169 -0.289 -0.388 -0.556 -0.578 -0.747 -0.938
0.6034 0.5 0.549 0.475 0.282 0.139 0.0 0.361 0.259 0.137 -0.005 -0.146 -0.294 0.264 0.092 -0.08 -0.201 -0.312 0.028 -0.115 -0.234 -0.334 -0.502 -0.523 -0.693 -0.883
0.6179 0.554 0.604 0.529 0.336 0.194 0.055 0.415 0.314 0.191 0.049 -0.091 -0.24 0.319 0.146 -0.026 -0.146 -0.257 0.082 -0.06 -0.18 -0.279 -0.447 -0.469 -0.638 -0.829
0.6328 0.609 0.658 0.583 0.39 0.248 0.109 0.47 0.368 0.246 0.104 -0.037 -0.185 0.373 0.201 0.029 -0.092 -0.203 0.137 -0.006 -0.126 -0.225 -0.393 -0.415 -0.584 -0.774
0.6481 0.663 0.713 0.638 0.445 0.303 0.163 0.524 0.423 0.3 0.158 0.018 -0.131 0.428 0.255 0.083 -0.038 -0.148 0.191 0.049 -0.071 -0.17 -0.338 -0.36 -0.529 -0.72
0.6637 0.718 0.767 0.692 0.499 0.357 0.218 0.579 0.477 0.355 0.213 0.072 -0.076 0.482 0.309 0.138 0.017 -0.094 0.246 0.103 -0.017 -0.116 -0.284 -0.306 -0.475 -0.665
0.6797 0.772 0.822 0.747 0.554 0.411 0.272 0.633 0.531 0.409 0.267 0.127 -0.022 0.536 0.364 0.192 0.071 -0.039 0.3 0.158 0.038 -0.061 -0.23 -0.251 -0.421 -0.611
0.6961 0.827 0.876 0.801 0.608 0.466 0.327 0.688 0.586 0.463 0.322 0.181 0.033 0.591 0.418 0.247 0.126 0.015 0.355 0.212 0.092 -0.007 -0.175 -0.197 -0.366 -0.556
0.7129 0.881 0.931 0.856 0.663 0.52 0.381 0.742 0.64 0.518 0.376 0.236 0.087 0.645 0.473 0.301 0.18 0.07 0.409 0.266 0.147 0.048 -0.121 -0.142 -0.312 -0.502
0.7301 0.935 0.984 0.909 0.716 0.574 0.435 0.796 0.694 0.571 0.43 0.289 0.141 0.699 0.526 0.354 0.234 0.123 0.463 0.32 0.2 0.101 -0.067 -0.089 -0.258 -0.448
0.7477 0.986 1.036 0.961 0.768 0.625 0.486 0.847 0.746 0.623 0.481 0.341 0.192 0.751 0.578 0.406 0.285 0.175 0.514 0.372 0.252 0.153 -0.015 -0.037 -0.207 -0.397
0.7658 1.038 1.087 1.012 0.82 0.677 0.538 0.899 0.797 0.675 0.533 0.392 0.244 0.802 0.63 0.458 0.337 0.226 0.566 0.423 0.303 0.204 0.036 0.014 -0.155 -0.345
0.7842 1.089 1.139 1.064 0.871 0.729 0.59 0.95 0.849 0.726 0.584 0.444 0.295 0.854 0.681 0.509 0.389 0.278 0.617 0.475 0.355 0.256 0.088 0.066 -0.103 -0.294
0.8032 1.141 1.191 1.116 0.923 0.78 0.641 1.002 0.9 0.778 0.636 0.496 0.347 0.905 0.733 0.561 0.44 0.33 0.669 0.527 0.407 0.308 0.139 0.118 -0.052 -0.242
0.8225 1.193 1.242 1.167 0.974 0.832 0.693 1.054 0.952 0.83 0.688 0.547 0.399 0.957 0.784 0.613 0.492 0.381 0.721 0.578 0.458 0.359 0.191 0.169 -0.0 -0.19
0.8424 1.244 1.294 1.219 1.026 0.884 0.744 1.105 1.004 0.881 0.739 0.599 0.45 1.009 0.836 0.664 0.544 0.433 0.772 0.63 0.51 0.411 0.243 0.221 0.052 -0.139
0.8627 1.296 1.345 1.271 1.078 0.935 0.796 1.157 1.055 0.933 0.791 0.65 0.502 1.06 0.888 0.716 0.595 0.484 0.824 0.681 0.562 0.463 0.294 0.273 0.103 -0.087
0.8835 1.348 1.397 1.322 1.129 0.987 0.848 1.209 1.107 0.984 0.843 0.702 0.554 1.112 0.939 0.767 0.647 0.536 0.876 0.733 0.613 0.514 0.346 0.324 0.155 -0.036
0.9048 1.399 1.449 1.374 1.181 1.038 0.899 1.26 1.158 1.036 0.894 0.754 0.605 1.164 0.991 0.819 0.698 0.588 0.927 0.785 0.665 0.566 0.397 0.376 0.206 0.016
0.9266 1.45 1.499 1.424 1.231 1.089 0.95 1.311 1.209 1.087 0.945 0.804 0.656 1.214 1.042 0.87 0.749 0.638 0.978 0.835 0.715 0.616 0.448 0.426 0.257 0.067
0.949 1.499 1.549 1.474 1.281 1.138 0.999 1.36 1.258 1.136 0.994 0.854 0.705 1.263 1.091 0.919 0.798 0.688 1.027 0.885 0.765 0.666 0.497 0.476 0.306 0.116
0.9719 1.549 1.598 1.523 1.33 1.188 1.049 1.409 1.308 1.185 1.044 0.903 0.754 1.313 1.14 0.968 0.848 0.737 1.077 0.934 0.814 0.715 0.547 0.525 0.356 0.165
0.9953 1.598 1.647 1.573 1.38 1.237 1.098 1.459 1.357 1.235 1.093 0.952 0.804 1.362 1.19 1.018 0.897 0.786 1.126 0.983 0.863 0.764 0.596 0.574 0.405 0.215
1.0194 1.647 1.697 1.622 1.429 1.287 1.147 1.508 1.407 1.284 1.142 1.002 0.853 1.412 1.239 1.067 0.946 0.836 1.175 1.033 0.913 0.814 0.646 0.624 0.455 0.264
1.0439 1.697 1.746 1.671 1.478 1.336 1.197 1.558 1.456 1.334 1.192 1.051 0.903 1.461 1.288 1.117 0.996 0.885 1.225 1.082 0.962 0.863 0.695 0.673 0.504 0.314
1.0691 1.746 1.796 1.721 1.528 1.385 1.246 1.607 1.505 1.383 1.241 1.101 0.952 1.51 1.338 1.166 1.045 0.935 1.274 1.131 1.012 0.913 0.744 0.723 0.553 0.363
1.0949 1.795 1.845 1.77 1.577 1.435 1.296 1.656 1.555 1.432 1.29 1.15 1.001 1.56 1.387 1.215 1.095 0.984 1.323 1.181 1.061 0.962 0.794 0.772 0.603 0.412
1.1213 1.845 1.894 1.819 1.626 1.484 1.345 1.706 1.604 1.482 1.34 1.199 1.051 1.609 1.437 1.265 1.144 1.033 1.373 1.23 1.11 1.011 0.843 0.821 0.652 0.462
1.1484 1.894 1.944 1.869 1.676 1.533 1.394 1.755 1.653 1.531 1.389 1.249 1.1 1.658 1.486 1.314 1.193 1.083 1.422 1.28 1.16 1.061 0.892 0.871 0.701 0.511
1.1761 1.944 1.993 1.919 1.726 1.583 1.444 1.805 1.703 1.581 1.439 1.298 1.15 1.708 1.536 1.364 1.243 1.132 1.472 1.329 1.21 1.11 0.942 0.921 0.751 0.561
1.2044 1.994 2.043 1.969 1.776 1.633 1.494 1.855 1.753 1.631 1.489 1.348 1.2 1.758 1.586 1.414 1.293 1.182 1.522 1.379 1.26 1.16 0.992 0.971 0.801 0.611
1.2335 2.044 2.093 2.019 1.826 1.683 1.544 1.905 1.803 1.681 1.539 1.398 1.25 1.808 1.636 1.464 1.343 1.232 1.572 1.429 1.31 1.21 1.042 1.021 0.851 0.661
1.2633 2.094 2.143 2.069 1.876 1.733 1.594 1.955 1.853 1.731 1.589 1.448 1.3 1.858 1.686 1.514 1.393 1.282 1.622 1.479 1.36 1.261 1.092 1.071 0.901 0.711
1.2937 2.144 2.193 2.119 1.926 1.783 1.644 2.005 1.903 1.781 1.639 1.498 1.35 1.908 1.736 1.564 1.443 1.332 1.672 1.529 1.41 1.311 1.142 1.121 0.951 0.761
1.3249 2.194 2.243 2.169 1.976 1.833 1.694 2.055 1.953 1.831 1.689 1.548 1.4 1.958 1.786 1.614 1.493 1.383 1.722 1.579 1.46 1.361 1.192 1.171 1.001 0.811
1.3569 2.244 2.293 2.219 2.026 1.883 1.744 2.105 2.003 1.881 1.739 1.598 1.45 2.008 1.836 1.664 1.543 1.433 1.772 1.629 1.51 1.411 1.242 1.221 1.051 0.861
1.3896 2.294 2.343 2.269 2.076 1.933 1.794 2.155 2.053 1.931 1.789 1.648 1.5 2.058 1.886 1.714 1.593 1.483 1.822 1.679 1.56 1.461 1.292 1.271 1.101 0.911
1.4232 2.344 2.393 2.319 2.126 1.983 1.844 2.205 2.103 1.981 1.839 1.698 1.55 2.108 1.936 1.764 1.643 1.533 1.872 1.729 1.61 1.511 1.342 1.321 1.151 0.961
1.4575 2.394 2.443 2.369 2.176 2.033 1.894 2.255 2.153 2.031 1.889 1.748 1.6 2.158 1.986 1.814 1.693 1.583 1.922 1.779 1.66 1.561 1.392 1.371 1.201 1.011
1.4927 2.442 2.491 2.416 2.223 2.081 1.942 2.303 2.201 2.078 1.937 1.796 1.648 2.206 2.033 1.861 1.741 1.63 1.97 1.827 1.707 1.608 1.44 1.418 1.249 1.058
1.5287 2.488 2.538 2.463 2.27 2.128 1.988 2.349 2.248 2.125 1.983 1.843 1.694 2.253 2.08 1.908 1.788 1.677 2.016 1.874 1.754 1.655 1.487 1.465 1.296 1.105
1.5655 2.535 2.585 2.51 2.317 2.174 2.035 2.396 2.294 2.172 2.03 1.89 1.741 2.299 2.127 1.955 1.834 1.724 2.063 1.921 1.801 1.702 1.533 1.512 1.342 1.152
1.6033 2.582 2.631 2.557 2.364 2.221 2.082 2.443 2.341 2.219 2.077 1.936 1.788 2.346 2.174 2.002 1.881 1.77 2.11 1.967 1.847 1.748 1.58 1.558 1.389 1.199
1.642 2.629 2.678 2.603 2.41 2.268 2.129 2.49 2.388 2.265 2.124 1.983 1.835 2.393 2.22 2.049 1.928 1.817 2.157 2.014 1.894 1.795 1.627 1.605 1.436 1.246
1.6816 2.675 2.725 2.65 2.457 2.315 2.176 2.536 2.435 2.312 2.17 2.03 1.881 2.44 2.267 2.095 1.975 1.864 2.203 2.061 1.941 1.842 1.674 1.652 1.483 1.292
1.7222 2.722 2.772 2.697 2.504 2.361 2.222 2.583 2.481 2.359 2.217 2.077 1.928 2.486 2.314 2.142 2.021 1.911 2.25 2.108 1.988 1.889 1.72 1.699 1.529 1.339
1.7637 2.769 2.818 2.744 2.551 2.408 2.269 2.63 2.528 2.406 2.264 2.123 1.975 2.533 2.361 2.189 2.068 1.957 2.297 2.154 2.035 1.936 1.767 1.746 1.576 1.386
1.8062 2.816 2.865 2.79 2.597 2.455 2.316 2.677 2.575 2.453 2.311 2.17 2.022 2.58 2.407 2.236 2.115 2.004 2.344 2.201 2.081 1.982 1.814 1.792 1.623 1.433
1.8498 2.862 2.912 2.837 2.644 2.502 2.363 2.723 2.622 2.499 2.357 2.217 2.068 2.627 2.454 2.282 2.162 2.051 2.39 2.248 2.128 2.029 1.861 1.839 1.67 1.479
1.8944 2.909 2.958 2.883 2.69 2.548 2.409 2.769 2.668 2.545 2.403 2.263 2.114 2.673 2.5 2.328 2.208 2.097 2.436 2.294 2.174 2.075 1.907 1.885 1.716 1.525
1.9401 2.954 3.004 2.929 2.736 2.594 2.455 2.815 2.714 2.591 2.449 2.309 2.16 2.719 2.546 2.374 2.254 2.143 2.482 2.34 2.22 2.121 1.953 1.931 1.762 1.571
1.9869 3.0 3.05 2.975 2.782 2.64 2.501 2.861 2.76 2.637 2.495 2.355 2.206 2.765 2.592 2.42 2.3 2.189 2.528 2.386 2.266 2.167 1.999 1.977 1.808 1.617
2.0349 3.046 3.096 3.021 2.828 2.686 2.547 2.907 2.806 2.683 2.541 2.401 2.252 2.811 2.638 2.466 2.346 2.235 2.574 2.432 2.312 2.213 2.045 2.023 1.854 1.663
2.084 3.092 3.142 3.067 2.874 2.732 2.592 2.953 2.852 2.729 2.587 2.447 2.298 2.857 2.684 2.512 2.392 2.281 2.62 2.478 2.358 2.259 2.091 2.069 1.9 1.709
2.1342 3.138 3.188 3.113 2.92 2.778 2.638 2.999 2.898 2.775 2.633 2.493 2.344 2.903 2.73 2.558 2.437 2.327 2.666 2.524 2.404 2.305 2.137 2.115 1.946 1.755
2.1857 3.184 3.234 3.159 2.966 2.823 2.684 3.045 2.944 2.821 2.679 2.539 2.39 2.949 2.776 2.604 2.483 2.373 2.712 2.57 2.45 2.351 2.183 2.161 1.991 1.801
2.2384 3.23 3.28 3.205 3.012 2.869 2.73 3.091 2.989 2.867 2.725 2.585 2.436 2.994 2.822 2.65 2.529 2.419 2.758 2.616 2.496 2.397 2.228 2.207 2.037 1.847
2.2924 3.276 3.326 3.251 3.058 2.915 2.776 3.137 3.035 2.913 2.771 2.631 2.482 3.04 2.868 2.696 2.575 2.465 2.804 2.662 2.542 2.443 2.274 2.253 2.083 1.893
2.3477 3.322 3.371 3.297 3.104 2.961 2.822 3.183 3.081 2.959 2.817 2.676 2.528 3.086 2.914 2.742 2.621 2.511 2.85 2.707 2.588 2.489 2.32 2.299 2.129 1.939
2.4044 3.365 3.414 3.339 3.146 3.004 2.865 3.226 3.124 3.002 2.86 2.719 2.571 3.129 2.956 2.785 2.664 2.553 2.893 2.75 2.63 2.531 2.363 2.341 2.172 1.982
2.4624 3.408 3.457 3.382 3.189 3.047 2.908 3.268 3.167 3.044 2.902 2.762 2.613 3.172 2.999 2.827 2.707 2.596 2.935 2.793 2.673 2.574 2.406 2.384 2.215 2.024
2.5218 3.45 3.5 3.425 3.232 3.09 2.95 3.311 3.21 3.087 2.945 2.805 2.656 3.215 3.042 2.87 2.749 2.639 2.978 2.836 2.716 2.617 2.449 2.427 2.258 2.067
2.5826 3.493 3.542 3.468 3.275 3.132 2.993 3.354 3.252 3.13 2.988 2.848 2.699 3.257 3.085 2.913 2.792 2.682 3.021 2.878 2.759 2.66 2.491 2.47 2.3 2.11
2.6449 3.536 3.585 3.51 3.317 3.175 3.036 3.397 3.295 3.173 3.031 2.89 2.742 3.3 3.127 2.956 2.835 2.724 3.064 2.921 2.801 2.702 2.534 2.512 2.343 2.153
2.7087 3.579 3.628 3.553 3.36 3.218 3.079 3.439 3.338 3.215 3.074 2.933 2.784 3.343 3.17 2.998 2.878 2.767 3.107 2.964 2.844 2.745 2.577 2.555 2.386 2.195
2.7741 3.621 3.671 3.596 3.403 3.261 3.121 3.482 3.381 3.258 3.116 2.976 2.827 3.386 3.213 3.041 2.92 2.81 3.149 3.007 2.887 2.788 2.62 2.598 2.429 2.238
2.841 3.664 3.714 3.639 3.446 3.303 3.164 3.525 3.423 3.301 3.159 3.019 2.87 3.428 3.256 3.084 2.963 2.853 3.192 3.049 2.93 2.831 2.662 2.641 2.471 2.281
2.9095 3.707 3.756 3.681 3.488 3.346 3.207 3.568 3.466 3.344 3.202 3.061 2.913 3.471 3.299 3.127 3.006 2.895 3.235 3.092 2.972 2.873 2.705 2.683 2.514 2.324
2.9797 3.75 3.799 3.725 3.532 3.389 3.25 3.611 3.509 3.387 3.245 3.104 2.956 3.514 3.342 3.17 3.049 2.938 3.278 3.135 3.016 2.916 2.748 2.727 2.557 2.367
3.0516 3.795 3.844 3.769 3.576 3.434 3.295 3.656 3.554 3.432 3.29 3.149 3.001 3.559 3.387 3.215 3.094 2.983 3.323 3.18 3.06 2.961 2.793 2.771 2.602 2.412
3.1252 3.84 3.889 3.814 3.621 3.479 3.34 3.701 3.599 3.476 3.335 3.194 3.046 3.604 3.431 3.26 3.139 3.028 3.368 3.225 3.105 3.006 2.838 2.816 2.647 2.457
3.2006 3.885 3.934 3.859 3.666 3.524 3.385 3.745 3.644 3.521 3.379 3.239 3.09 3.649 3.476 3.304 3.184 3.073 3.412 3.27 3.15 3.051 2.883 2.861 2.692 2.501
3.2778 3.929 3.979 3.904 3.711 3.569 3.429 3.79 3.689 3.566 3.424 3.284 3.135 3.694 3.521 3.349 3.229 3.118 3.457 3.315 3.195 3.096 2.928 2.906 2.737 2.546
3.3569 3.974 4.024 3.949 3.756 3.613 3.474 3.835 3.733 3.611 3.469 3.329 3.18 3.739 3.566 3.394 3.273 3.163 3.502 3.36 3.24 3.141 2.973 2.951 2.781 2.591
3.4378 4.019 4.069 3.994 3.801 3.658 3.519 3.88 3.778 3.656 3.514 3.374 3.225 3.783 3.611 3.439 3.318 3.208 3.547 3.404 3.285 3.186 3.017 2.996 2.826 2.636
3.5208 4.064 4.113 4.039 3.846 3.703 3.564 3.925 3.823 3.701 3.559 3.418 3.27 3.828 3.656 3.484 3.363 3.252 3.592 3.449 3.33 3.23 3.062 3.041 2.871 2.681
3.6057 4.109 4.158 4.083 3.89 3.748 3.609 3.97 3.868 3.746 3.604 3.463 3.315 3.873 3.701 3.529 3.408 3.297 3.637 3.494 3.374 3.275 3.107 3.085 2.916 2.726
3.6927 4.154 4.203 4.128 3.935 3.793 3.654 4.015 3.913 3.79 3.649 3.508 3.36 3.918 3.745 3.574 3.453 3.342 3.682 3.539 3.419 3.32 3.152 3.13 2.961 2.771
3.7818 4.197 4.247 4.172 3.979 3.837 3.697 4.058 3.957 3.834 3.692 3.552 3.403 3.962 3.789 3.617 3.496 3.386 3.725 3.583 3.463 3.364 3.196 3.174 3.005 2.814
3.873 4.238 4.288 4.213 4.02 3.878 3.738 4.099 3.998 3.875 3.733 3.593 3.444 4.003 3.83 3.658 3.537 3.427 3.766 3.624 3.504 3.405 3.237 3.215 3.046 2.855
3.9664 4.279 4.329 4.254 4.061 3.919 3.779 4.14 4.039 3.916 3.774 3.634 3.485 4.044 3.871 3.699 3.578 3.468 3.807 3.665 3.545 3.446 3.278 3.256 3.087 2.896
4.0621 4.32 4.37 4.295 4.102 3.96 3.82 4.181 4.08 3.957 3.815 3.675 3.526 4.085 3.912 3.74 3.619 3.509 3.848 3.706 3.586 3.487 3.319 3.297 3.128 2.937
4.1601 4.361 4.411 4.336 4.143 4.001 3.861 4.222 4.121 3.998 3.856 3.716 3.567 4.126 3.953 3.781 3.66 3.55 3.889 3.747 3.627 3.528 3.36 3.338 3.169 2.978
4.2604 4.402 4.452 4.377 4.184 4.042 3.902 4.263 4.162 4.039 3.897 3.757 3.608 4.167 3.994 3.822 3.701 3.591 3.93 3.788 3.668 3.569 3.401 3.379 3.21 3.019
4.3632 4.443 4.493 4.418 4.225 4.083 3.943 4.304 4.203 4.08 3.938 3.798 3.649 4.208 4.035 3.863 3.742 3.632 3.971 3.829 3.709 3.61 3.442 3.42 3.251 3.06
4.4685 4.484 4.534 4.459 4.266 4.124 3.984 4.345 4.244 4.121 3.979 3.839 3.69 4.249 4.076 3.904 3.784 3.673 4.012 3.87 3.75 3.651 3.483 3.461 3.292 3.101
4.5763 4.525 4.575 4.5 4.307 4.165 4.025 4.386 4.285 4.162 4.02 3.88 3.731 4.29 4.117 3.945 3.825 3.714 4.053 3.911 3.791 3.692 3.524 3.502 3.333 3.142
4.6867 4.566 4.616 4.541 4.348 4.206 4.066 4.427 4.326 4.203 4.061 3.921 3.772 4.331 4.158 3.986 3.866 3.755 4.094 3.952 3.832 3.733 3.565 3.543 3.374 3.183
4.7997 4.606 4.656 4.581 4.388 4.245 4.106 4.467 4.365 4.243 4.101 3.961 3.812 4.37 4.198 4.026 3.905 3.795 4.134 3.992 3.872 3.773 3.604 3.583 3.413 3.223
4.9155 4.645 4.694 4.619 4.426 4.284 4.145 4.506 4.404 4.281 4.14 3.999 3.851 4.409 4.236 4.064 3.944 3.833 4.173 4.03 3.91 3.811 3.643 3.621 3.452 3.262
5.0341 4.683 4.733 4.658 4.465 4.322 4.183 4.544 4.442 4.32 4.178 4.038 3.889 4.447 4.275 4.103 3.982 3.872 4.211 4.068 3.949 3.85 3.681 3.66 3.49 3.3
5.1555 4.721 4.771 4.696 4.503 4.361 4.222 4.582 4.481 4.358 4.216 4.076 3.927 4.486 4.313 4.141 4.021 3.91 4.249 4.107 3.987 3.888 3.72 3.698 3.529 3.338
5.2799 4.76 4.809 4.735 4.542 4.399 4.26 4.621 4.519 4.397 4.255 4.114 3.966 4.524 4.352 4.18 4.059 3.948 4.288 4.145 4.025 3.926 3.758 3.736 3.567 3.377
5.4072 4.798 4.848 4.773 4.58 4.438 4.298 4.659 4.558 4.435 4.293 4.153 4.004 4.563 4.39 4.218 4.098 3.987 4.326 4.184 4.064 3.965 3.797 3.775 3.606 3.415
5.5377 4.837 4.886 4.811 4.618 4.476 4.337 4.698 4.596 4.474 4.332 4.191 4.043 4.601 4.429 4.257 4.136 4.025 4.365 4.222 4.102 4.003 3.835 3.813 3.644 3.454
5.6713 4.875 4.925 4.85 4.657 4.514 4.375 4.736 4.635 4.512 4.37 4.23 4.081 4.64 4.467 4.295 4.174 4.064 4.403 4.261 4.141 4.042 3.874 3.852 3.682 3.492
5.8081 4.914 4.963 4.888 4.695 4.553 4.414 4.775 4.673 4.551 4.409 4.268 4.12 4.678 4.505 4.334 4.213 4.102 4.442 4.299 4.179 4.08 3.912 3.89 3.721 3.531
5.9482 4.952 5.002 4.927 4.734 4.591 4.452 4.813 4.711 4.589 4.447 4.307 4.158 4.716 4.544 4.372 4.251 4.141 4.48 4.338 4.218 4.119 3.95 3.929 3.759 3.569
6.0917 4.993 5.042 4.967 4.774 4.632 4.493 4.854 4.752 4.63 4.488 4.347 4.199 4.757 4.584 4.413 4.292 4.181 4.521 4.378 4.258 4.159 3.991 3.969 3.8 3.61
6.2386 5.035 5.084 5.009 4.816 4.674 4.535 4.896 4.794 4.672 4.53 4.389 4.241 4.799 4.626 4.455 4.334 4.223 4.563 4.42 4.3 4.201 4.033 4.011 3.842 3.652
6.3891 5.077 5.126 5.051 4.858 4.716 4.577 4.938 4.836 4.713 4.572 4.431 4.283 4.841 4.668 4.497 4.376 4.265 4.605 4.462 4.342 4.243 4.075 4.053 3.884 3.694
6.5433 5.119 5.168 5.093 4.9 4.758 4.619 4.98 4.878 4.755 4.614 4.473 4.325 4.883 4.71 4.538 4.418 4.307 4.647 4.504 4.384 4.285 4.117 4.095 3.926 3.736
6.7011 5.161 5.21 5.135 4.942 4.8 4.661 5.022 4.92 4.797 4.656 4.515 4.367 4.925 4.752 4.58 4.46 4.349 4.689 4.546 4.426 4.327 4.159 4.137 3.968 3.777
6.8627 5.203 5.252 5.177 4.984 4.842 4.703 5.063 4.962 4.839 4.698 4.557 4.408 4.967 4.794 4.622 4.502 4.391 4.731 4.588 4.468 4.369 4.201 4.179 4.01 3.819
7.0283 5.245 5.294 5.219 5.026 4.884 4.745 5.105 5.004 4.881 4.74 4.599 4.45 5.009 4.836 4.664 4.544 4.433 4.772 4.63 4.51 4.411 4.243 4.221 4.052 3.861
7.1978 5.287 5.336 5.261 5.068 4.926 4.787 5.147 5.046 4.923 4.781 4.641 4.492 5.051 4.878 4.706 4.586 4.475 4.814 4.672 4.552 4.453 4.285 4.263 4.094 3.903
7.3715 5.328 5.378 5.303 5.11 4.968 4.829 5.189 5.088 4.965 4.823 4.683 4.534 5.093 4.92 4.748 4.628 4.517 4.856 4.714 4.594 4.495 4.327 4.305 4.136 3.945
7.5493 5.37 5.42 5.345 5.152 5.01 4.871 5.231 5.13 5.007 4.865 4.725 4.576 5.135 4.962 4.79 4.67 4.559 4.898 4.756 4.636 4.537 4.369 4.347 4.178 3.987
7.7314 5.409 5.458 5.383 5.19 5.048 4.909 5.27 5.168 5.046 4.904 4.763 4.615 5.173 5.0 4.829 4.708 4.597 4.937 4.794 4.674 4.575 4.407 4.385 4.216 4.026
7.9179 5.446 5.495 5.42 5.228 5.085 4.946 5.307 5.205 5.083 4.941 4.8 4.652 5.21 5.038 4.866 4.745 4.634 4.974 4.831 4.711 4.612 4.444 4.422 4.253 4.063
8.1089 5.483 5.532 5.458 5.265 5.122 4.983 5.344 5.242 5.12 4.978 4.837 4.689 5.247 5.075 4.903 4.782 4.671 5.011 4.868 4.749 4.649 4.481 4.46 4.29 4.1
8.3045 5.52 5.569 5.495 5.302 5.159 5.02 5.381 5.279 5.157 5.015 4.875 4.726 5.284 5.112 4.94 4.819 4.709 5.048 4.905 4.786 4.687 4.518 4.497 4.327 4.137
8.5049 5.557 5.607 5.532 5.339 5.196 5.057 5.418 5.316 5.194 5.052 4.912 4.763 5.321 5.149 4.977 4.856 4.746 5.085 4.943 4.823 4.724 4.555 4.534 4.364 4.174
8.71 5.594 5.644 5.569 5.376 5.233 5.094 5.455 5.353 5.231 5.089 4.949 4.8 5.358 5.186 5.014 4.893 4.783 5.122 4.98 4.86 4.761 4.592 4.571 4.401 4.211
8.9201 5.631 5.681 5.606 5.413 5.271 5.131 5.492 5.391 5.268 5.126 4.986 4.837 5.396 5.223 5.051 4.93 4.82 5.159 5.017 4.897 4.798 4.63 4.608 4.439 4.248
9.1353 5.668 5.718 5.643 5.45 5.308 5.168 5.529 5.428 5.305 5.163 5.023 4.874 5.433 5.26 5.088 4.968 4.857 5.196 5.054 4.934 4.835 4.667 4.645 4.476 4.285
9.3557 5.705 5.755 5.68 5.487 5.345 5.206 5.566 5.465 5.342 5.2 5.06 4.911 5.47 5.297 5.125 5.005 4.894 5.233 5.091 4.971 4.872 4.704 4.682 4.513 4.322
9.5814 5.743 5.792 5.717 5.524 5.382 5.243 5.603 5.502 5.379 5.237 5.097 4.948 5.507 5.334 5.162 5.042 4.931 5.27 5.128 5.008 4.909 4.741 4.719 4.55 4.359
9.8125 5.779 5.828 5.753 5.56 5.418 5.279 5.64 5.538 5.415 5.274 5.133 4.984 5.543 5.37 5.198 5.078 4.967 5.307 5.164 5.044 4.945 4.777 4.755 4.586 4.395
10.0492 5.815 5.864 5.789 5.596 5.454 5.315 5.675 5.574 5.451 5.309 5.169 5.02 5.579 5.406 5.234 5.114 5.003 5.342 5.2 5.08 4.981 4.813 4.791 4.622 4.431
10.2917 5.85 5.9 5.825 5.632 5.49 5.351 5.711 5.61 5.487 5.345 5.205 5.056 5.615 5.442 5.27 5.15 5.039 5.378 5.236 5.116 5.017 4.849 4.827 4.658 4.467
10.5399 5.886 5.936 5.861 5.668 5.526 5.386 5.747 5.646 5.523 5.381 5.241 5.092 5.651 5.478 5.306 5.186 5.075 5.414 5.272 5.152 5.053 4.885 4.863 4.694 4.503
10.7942 5.922 5.972 5.897 5.704 5.562 5.422 5.783 5.682 5.559 5.417 5.277 5.128 5.687 5.514 5.342 5.221 5.111 5.45 5.308 5.188 5.089 4.921 4.899 4.73 4.539
11.0546 5.958 6.008 5.933 5.74 5.597 5.458 5.819 5.717 5.595 5.453 5.313 5.164 5.722 5.55 5.378 5.257 5.147 5.486 5.344 5.224 5.125 4.956 4.935 4.765 4.575
11.3212 5.994 6.044 5.969 5.776 5.633 5.494 5.855 5.753 5.631 5.489 5.349 5.2 5.758 5.586 5.414 5.293 5.183 5.522 5.38 5.26 5.161 4.992 4.971 4.801 4.611
11.5943 6.03 6.079 6.005 5.812 5.669 5.53 5.891 5.789 5.667 5.525 5.385 5.236 5.794 5.622 5.45 5.329 5.219 5.558 5.415 5.296 5.197 5.028 5.007 4.837 4.647
11.874 6.066 6.115 6.041 5.848 5.705 5.566 5.927 5.825 5.703 5.561 5.42 5.272 5.83 5.658 5.486 5.365 5.254 5.594 5.451 5.332 5.233 5.064 5.043 4.873 4.683
12.1605 6.102 6.151 6.077 5.884 5.741 5.602 5.963 5.861 5.739 5.597 5.456 5.308 5.866 5.694 5.522 5.401 5.29 5.63 5.487 5.367 5.268 5.1 5.078 4.909 4.719
12.4538 6.138 6.188 6.113 5.92 5.778 5.639 5.999 5.898 5.775 5.633 5.493 5.344 5.903 5.73 5.558 5.438 5.327 5.666 5.524 5.404 5.305 5.137 5.115 4.946 4.755
12.7542 6.175 6.225 6.15 5.957 5.814 5.675 6.036 5.934 5.812 5.67 5.53 5.381 5.939 5.767 5.595 5.474 5.364 5.703 5.56 5.441 5.342 5.173 5.152 4.982 4.792
13.0619 6.212 6.261 6.186 5.993 5.851 5.712 6.073 5.971 5.848 5.707 5.566 5.418 5.976 5.803 5.632 5.511 5.4 5.74 5.597 5.477 5.378 5.21 5.188 5.019 4.829
13.377 6.248 6.298 6.223 6.03 5.887 5.748 6.109 6.008 5.885 5.743 5.603 5.454 6.013 5.84 5.668 5.547 5.437 5.776 5.634 5.514 5.415 5.247 5.225 5.055 4.865
13.6997 6.285 6.334 6.259 6.066 5.924 5.785 6.146 6.044 5.922 5.78 5.639 5.491 6.049 5.877 5.705 5.584 5.473 5.813 5.67 5.55 5.451 5.283 5.261 5.092 4.902
14.0302 6.321 6.371 6.296 6.103 5.961 5.822 6.182 6.081 5.958 5.816 5.676 5.527 6.086 5.913 5.741 5.621 5.51 5.849 5.707 5.587 5.488 5.32 5.298 5.129 4.938
14.3686 6.358 6.407 6.333 6.14 5.997 5.858 6.219 6.117 5.995 5.853 5.712 5.564 6.122 5.95 5.778 5.657 5.547 5.886 5.743 5.624 5.525 5.356 5.335 5.165 4.975
14.7153 6.395 6.444 6.369 6.176 6.034 5.895 6.255 6.154 6.031 5.89 5.749 5.6 6.159 5.986 5.814 5.694 5.583 5.923 5.78 5.66 5.561 5.393 5.371 5.202 5.011
15.0702 6.431 6.481 6.406 6.213 6.07 5.931 6.292 6.19 6.068 5.926 5.786 5.637 6.195 6.023 5.851 5.73 5.62 5.959 5.817 5.697 5.598 5.429 5.408 5.238 5.048
15.4338 6.467 6.517 6.442 6.249 6.107 5.967 6.328 6.227 6.104 5.962 5.822 5.673 6.232 6.059 5.887 5.766 5.656 5.995 5.853 5.733 5.634 5.466 5.444 5.275 5.084
15.8061 6.501 6.551 6.476 6.283 6.141 6.001 6.362 6.261 6.138 5.996 5.856 5.707 6.266 6.093 5.921 5.8 5.69 6.029 5.887 5.767 5.668 5.5 5.478 5.309 5.118
16.1874 6.535 6.585 6.51 6.317 6.175 6.035 6.396 6.295 6.172 6.03 5.89 5.741 6.3 6.127 5.955 5.834 5.724 6.063 5.921 5.801 5.702 5.534 5.512 5.343 5.152
16.5779 6.569 6.619 6.544 6.351 6.209 6.069 6.43 6.329 6.206 6.064 5.924 5.775 6.334 6.161 5.989 5.869 5.758 6.097 5.955 5.835 5.736 5.568 5.546 5.377 5.186
16.9778 6.603 6.653 6.578 6.385 6.243 6.103 6.464 6.363 6.24 6.098 5.958 5.809 6.368 6.195 6.023 5.903 5.792 6.131 5.989 5.869 5.77 5.602 5.58 5.411 5.22
17.3873 6.637 6.687 6.612 6.419 6.277 6.137 6.498 6.397 6.274 6.132 5.992 5.843 6.402 6.229 6.057 5.937 5.826 6.165 6.023 5.903 5.804 5.636 5.614 5.445 5.254
17.8068 6.671 6.721 6.646 6.453 6.311 6.172 6.532 6.431 6.308 6.166 6.026 5.877 6.436 6.263 6.091 5.971 5.86 6.199 6.057 5.937 5.838 5.67 5.648 5.479 5.288
18.2363 6.705 6.755 6.68 6.487 6.345 6.206 6.566 6.465 6.342 6.2 6.06 5.911 6.47 6.297 6.125 6.005 5.894 6.233 6.091 5.971 5.872 5.704 5.682 5.513 5.322
18.6762 6.739 6.789 6.714 6.521 6.379 6.24 6.6 6.499 6.376 6.234 6.094 5.945 6.504 6.331 6.159 6.039 5.928 6.267 6.125 6.005 5.906 5.738 5.716 5.547 5.356
19.1268 6.773 6.823 6.748 6.555 6.413 6.274 6.634 6.533 6.41 6.268 6.128 5.979 6.538 6.365 6.193 6.073 5.962 6.301 6.159 6.039 5.94 5.772 5.75 5.581 5.39
19.5882 6.806 6.856 6.781 6.588 6.446 6.307 6.667 6.566 6.443 6.301 6.161 6.012 6.571 6.398 6.226 6.106 5.995 6.334 6.192 6.072 5.973 5.805 5.783 5.614 5.423
20.0607 6.837 6.887 6.812 6.619 6.477 6.338 6.698 6.597 6.474 6.332 6.192 6.043 6.602 6.429 6.257 6.137 6.026 6.365 6.223 6.103 6.004 5.836 5.814 5.645 5.454
20.5446 6.868 6.918 6.843 6.65 6.508 6.368 6.729 6.628 6.505 6.363 6.223 6.074 6.633 6.46 6.288 6.167 6.057 6.396 6.254 6.134 6.035 5.867 5.845 5.676 5.485
21.0402 6.899 6.949 6.874 6.681 6.538 6.399 6.76 6.658 6.536 6.394 6.254 6.105 6.664 6.491 6.319 6.198 6.088 6.427 6.285 6.165 6.066 5.897 5.876 5.706 5.516
21.5478 6.93 6.98 6.905 6.712 6.569 6.43 6.791 6.689 6.567 6.425 6.285 6.136 6.694 6.522 6.35 6.229 6.119 6.458 6.316 6.196 6.097 5.928 5.907 5.737 5.547
22.0676 6.961 7.01 6.936 6.743 6.6 6.461 6.822 6.72 6.598 6.456 6.316 6.167 6.725 6.553 6.381 6.26 6.15 6.489 6.346 6.227 6.128 5.959 5.938 5.768 5.578
22.5999 6.992 7.041 6.967 6.774 6.631 6.492 6.853 6.751 6.629 6.487 6.346 6.198 6.756 6.584 6.412 6.291 6.18 6.52 6.377 6.258 6.158 5.99 5.969 5.799 5.609
23.1451 7.023 7.072 6.997 6.805 6.662 6.523 6.884 6.782 6.66 6.518 6.377 6.229 6.787 6.615 6.443 6.322 6.211 6.551 6.408 6.288 6.189 6.021 5.999 5.83 5.64
23.7034 7.054 7.103 7.028 6.835 6.693 6.554 6.915 6.813 6.691 6.549 6.408 6.26 6.818 6.645 6.474 6.353 6.242 6.582 6.439 6.319 6.22 6.052 6.03 5.861 5.671
24.2752 7.085 7.134 7.059 6.866 6.724 6.585 6.946 6.844 6.722 6.58 6.439 6.291 6.849 6.676 6.505 6.384 6.273 6.613 6.47 6.35 6.251 6.083 6.061 5.892 5.702
24.8608 7.116 7.165 7.09 6.897 6.755 6.616 6.977 6.875 6.753 6.611 6.47 6.322 6.88 6.707 6.536 6.415 6.304 6.644 6.501 6.381 6.282 6.114 6.092 5.923 5.733
25.4606 7.147 7.196 7.121 6.928 6.786 6.647 7.008 6.906 6.784 6.642 6.501 6.353 6.911 6.738 6.567 6.446 6.335 6.675 6.532 6.412 6.313 6.145 6.123 5.954 5.764
26.0748 7.178 7.227 7.152 6.96 6.817 6.678 7.039 6.937 6.815 6.673 6.532 6.384 6.942 6.77 6.598 6.477 6.366 6.706 6.563 6.443 6.344 6.176 6.154 5.985 5.795
26.7038 7.209 7.258 7.184 6.991 6.848 6.709 7.07 6.968 6.846 6.704 6.563 6.415 6.973 6.801 6.629 6.508 6.397 6.737 6.594 6.475 6.375 6.207 6.186 6.016 5.826
27.3479 7.24 7.289 7.215 7.022 6.879 6.74 7.101 6.999 6.877 6.735 6.595 6.446 7.004 6.832 6.66 6.539 6.429 6.768 6.625 6.506 6.407 6.238 6.217 6.047 5.857
28.0077 7.271 7.321 7.246 7.053 6.91 6.771 7.132 7.03 6.908 6.766 6.626 6.477 7.035 6.863 6.691 6.57 6.46 6.799 6.657 6.537 6.438 6.269 6.248 6.078 5.888
28.6833 7.302 7.352 7.277 7.084 6.941 6.802 7.163 7.061 6.939 6.797 6.657 6.508 7.067 6.894 6.722 6.601 6.491 6.83 6.688 6.568 6.469 6.3 6.279 6.109 5.919
29.3752 7.333 7.383 7.308 7.115 6.973 6.833 7.194 7.093 6.97 6.828 6.688 6.539 7.098 6.925 6.753 6.632 6.522 6.861 6.719 6.599 6.5 6.332 6.31 6.141 5.95
30.0838 7.364 7.414 7.339 7.146 7.004 6.865 7.225 7.124 7.001 6.859 6.719 6.57 7.129 6.956 6.784 6.664 6.553 6.892 6.75 6.63 6.531 6.363 6.341 6.172 5.981
30.8096 7.395 7.445 7.37 7.177 7.035 6.896 7.256 7.155 7.032 6.89 6.75 6.601 7.16 6.987 6.815 6.695 6.584 6.923 6.781 6.661 6.562 6.394 6.372 6.203 6.012
31.5528 7.435 7.485 7.41 7.217 7.074 6.935 7.296 7.194 7.072 6.93 6.79 6.641 7.199 7.027 6.855 6.734 6.624 6.963 6.821 6.701 6.602 6.433 6.412 6.242 6.052
32.3139 7.48 7.53 7.455 7.262 7.119 6.98 7.341 7.24 7.117 6.975 6.835 6.686 7.245 7.072 6.9 6.779 6.669 7.008 6.866 6.746 6.647 6.479 6.457 6.287 6.097
33.0935 7.525 7.575 7.5 7.307 7.165 7.026 7.386 7.285 7.162 7.02 6.88 6.731 7.29 7.117 6.945 6.825 6.714 7.053 6.911 6.791 6.692 6.524 6.502 6.333 6.142
33.8918 7.571 7.62 7.545 7.352 7.21 7.071 7.431 7.33 7.207 7.066 6.925 6.776 7.335 7.162 6.99 6.87 6.759 7.099 6.956 6.836 6.737 6.569 6.547 6.378 6.187
34.7093 7.616 7.665 7.59 7.397 7.255 7.116 7.477 7.375 7.253 7.111 6.97 6.822 7.38 7.207 7.036 6.915 6.804 7.144 7.001 6.881 6.782 6.614 6.592 6.423 6.233
35.5466 7.661 7.71 7.635 7.442 7.3 7.161 7.522 7.42 7.298 7.156 7.015 6.867 7.425 7.253 7.081 6.96 6.849 7.189 7.046 6.926 6.827 6.659 6.637 6.468 6.278
36.4041 7.706 7.755 7.681 7.488 7.345 7.206 7.567 7.465 7.343 7.201 7.06 6.912 7.47 7.298 7.126 7.005 6.895 7.234 7.091 6.972 6.873 6.704 6.683 6.513 6.323
37.2823 7.751 7.801 7.726 7.533 7.39 7.251 7.612 7.51 7.388 7.246 7.106 6.957 7.515 7.343 7.171 7.05 6.94 7.279 7.137 7.017 6.918 6.749 6.728 6.558 6.368
38.1817 7.796 7.846 7.771 7.578 7.436 7.296 7.657 7.556 7.433 7.291 7.151 7.002 7.561 7.388 7.216 7.095 6.985 7.324 7.182 7.062 6.963 6.795 6.773 6.604 6.413
39.1028 7.841 7.891 7.816 7.623 7.481 7.342 7.702 7.601 7.478 7.336 7.196 7.047 7.606 7.433 7.261 7.141 7.03 7.369 7.227 7.107 7.008 6.84 6.818 6.649 6.458
40.046 7.906 7.956 7.881 7.688 7.545 7.406 7.767 7.666 7.543 7.401 7.261 7.112 7.671 7.498 7.326 7.205 7.095 7.434 7.292 7.172 7.073 6.905 6.883 6.713 6.523
41.0121 7.978 8.027 7.952 7.759 7.617 7.478 7.839 7.737 7.614 7.473 7.332 7.184 7.742 7.569 7.398 7.277 7.166 7.506 7.363 7.243 7.144 6.976 6.954 6.785 6.595
42.0014 8.049 8.098 8.024 7.831 7.688 7.549 7.91 7.808 7.686 7.544 7.404 7.255 7.813 7.641 7.469 7.348 7.238 7.577 7.434 7.315 7.216 7.047 7.026 6.856 6.666
43.0146 8.12 8.17 8.095 7.902 7.76 7.621 7.981 7.88 7.757 7.615 7.475 7.326 7.885 7.712 7.54 7.42 7.309 7.648 7.506 7.386 7.287 7.119 7.097 6.928 6.737
44.0523 8.192 8.241 8.166 7.973 7.831 7.692 8.053 7.951 7.829 7.687 7.546 7.398 7.956 7.784 7.612 7.491 7.38 7.72 7.577 7.457 7.358 7.19 7.168 6.999 6.809
45.1149 8.263 8.313 8.238 8.045 7.902 7.763 8.124 8.022 7.9 7.758 7.618 7.469 8.027 7.855 7.683 7.562 7.452 7.791 7.649 7.529 7.43 7.261 7.24 7.07 6.88
46.2033 8.335 8.384 8.309 8.116 7.974 7.835 8.196 8.094 7.971 7.83 7.689 7.54 8.099 7.926 7.754 7.634 7.523 7.863 7.72 7.6 7.501 7.333 7.311 7.142 6.951
47.3178 8.406 8.455 8.381 8.188 8.045 7.906 8.267 8.165 8.043 7.901 7.76 7.612 8.17 7.998 7.826 7.705 7.594 7.934 7.791 7.672 7.573 7.404 7.383 7.213 7.023
48.4593 8.477 8.527 8.452 8.259 8.117 7.977 8.338 8.237 8.114 7.972 7.832 7.683 8.242 8.069 7.897 7.777 7.666 8.005 7.863 7.743 7.644 7.476 7.454 7.285 7.094
49.6283 8.549 8.598 8.523 8.33 8.188 8.049 8.41 8.308 8.186 8.044 7.903 7.755 8.313 8.14 7.969 7.848 7.737 8.077 7.934 7.814 7.715 7.547 7.525 7.356 7.166
50.8255 8.651 8.7 8.625 8.432 8.29 8.151 8.512 8.41 8.288 8.146 8.005 7.857 8.415 8.242 8.071 7.95 7.839 8.179 8.036 7.916 7.817 7.649 7.627 7.458 7.268
52.0515 8.756 8.806 8.731 8.538 8.396 8.256 8.617 8.516 8.393 8.251 8.111 7.962 8.521 8.348 8.176 8.055 7.945 8.284 8.142 8.022 7.923 7.755 7.733 7.564 7.373
53.3072 8.862 8.911 8.836 8.643 8.501 8.362 8.723 8.621 8.499 8.357 8.216 8.068 8.626 8.454 8.282 8.161 8.05 8.39 8.247 8.127 8.028 7.86 7.838 7.669 7.479
54.5931 8.967 9.017 8.942 8.749 8.607 8.468 8.828 8.727 8.604 8.462 8.322 8.173 8.732 8.559 8.387 8.267 8.156 8.495 8.353 8.233 8.134 7.966 7.944 7.775 7.584
55.9101 9.073 9.122 9.048 8.855 8.712 8.573 8.934 8.832 8.71 8.568 8.428 8.279 8.837 8.665 8.493 8.372 8.262 8.601 8.458 8.339 8.24 8.071 8.05 7.88 7.69
57.2588 9.179 9.228 9.153 8.96 8.818 8.679 9.04 8.938 8.815 8.674 8.533 8.385 8.943 8.77 8.598 8.478 8.367 8.707 8.564 8.444 8.345 8.177 8.155 7.986 7.796
58.6401 9.284 9.334 9.259 9.066 8.923 8.784 9.145 9.043 8.921 8.779 8.639 8.49 9.048 8.876 8.704 8.583 8.473 8.812 8.67 8.55 8.451 8.282 8.261 8.091 7.901
60.0546 9.39 9.439 9.364 9.171 9.029 8.89 9.251 9.149 9.027 8.885 8.744 8.596 9.154 8.981 8.81 8.689 8.578 8.918 8.775 8.655 8.556 8.388 8.366 8.197 8.007
61.5034 9.495 9.545 9.47 9.277 9.135 8.995 9.356 9.255 9.132 8.99 8.85 8.701 9.26 9.087 8.915 8.795 8.684 9.023 8.881 8.761 8.662 8.494 8.472 8.303 8.112
62.987 9.603 9.653 9.578 9.385 9.243 9.103 9.464 9.363 9.24 9.098 8.958 8.809 9.368 9.195 9.023 8.902 8.792 9.131 8.989 8.869 8.77 8.602 8.58 8.411 8.22
64.5065 9.775 9.824 9.75 9.557 9.414 9.275 9.636 9.534 9.412 9.27 9.129 8.981 9.539 9.367 9.195 9.074 8.964 9.303 9.16 9.041 8.942 8.773 8.752 8.582 8.392
66.0626 9.947 9.996 9.921 9.728 9.586 9.447 9.808 9.706 9.583 9.442 9.301 9.153 9.711 9.538 9.367 9.246 9.135 9.475 9.332 9.212 9.113 8.945 8.923 8.754 8.564
67.6562 10.118 10.168 10.093 9.9 9.758 9.618 9.979 9.878 9.755 9.613 9.473 9.324 9.883 9.71 9.538 9.417 9.307 9.646 9.504 9.384 9.285 9.117 9.095 8.926 8.735
69.2883 10.29 10.339 10.265 10.072 9.929 9.79 10.151 10.049 9.927 9.785 9.644 9.496 10.054 9.882 9.71 9.589 9.479 9.818 9.675 9.556 9.457 9.288 9.267 9.097 8.907
70.9597 10.462 10.511 10.436 10.243 10.101 9.962 10.323 10.221 10.098 9.957 9.816 9.668 10.226 10.053 9.882 9.761 9.65 9.99 9.847 9.727 9.628 9.46 9.438 9.269 9.079
72.6715 10.633 10.683 10.608 10.415 10.273 10.133 10.494 10.393 10.27 10.128 9.988 9.839 10.398 10.225 10.053 9.932 9.822 10.161 10.019 9.899 9.8 9.632 9.61 9.441 9.25
74.4246 10.805 10.854 10.78 10.587 10.444 10.305 10.666 10.564 10.442 10.3 10.159 10.011 10.569 10.397 10.225 10.104 9.993 10.333 10.19 10.071 9.972 9.803 9.782 9.612 9.422
76.2199 10.977 11.026 10.951 10.758 10.616 10.477 10.838 10.736 10.613 10.472 10.331 10.183 10.741 10.568 10.396 10.276 10.165 10.505 10.362 10.242 10.143 9.975 9.953 9.784 9.594
78.0586 11.148 11.198 11.123 10.93 10.788 10.648 11.009 10.908 10.785 10.643 10.503 10.354 10.913 10.74 10.568 10.447 10.337 10.676 10.534 10.414 10.315 10.147 10.125 9.956 9.765
79.9416 11.349 11.399 11.324 11.131 10.988 10.849 11.21 11.108 10.986 10.844 10.704 10.555 11.113 10.941 10.769 10.648 10.538 10.877 10.735 10.615 10.516 10.347 10.326 10.156 9.966
81.87 11.684 11.733 11.659 11.466 11.323 11.184 11.545 11.443 11.321 11.179 11.038 10.89 11.448 11.276 11.104 10.983 10.872 11.212 11.069 10.95 10.851 10.682 10.661 10.491 10.301
83.845 12.019 12.068 11.993 11.8 11.658 11.519 11.88 11.778 11.656 11.514 11.373 11.225 11.783 11.611 11.439 11.318 11.207 11.547 11.404 11.284 11.185 11.017 10.995 10.826 10.636
85.8676 12.354 12.403 12.328 12.135 11.993 11.854 12.215 12.113 11.99 11.849 11.708 11.56 12.118 11.945 11.773 11.653 11.542 11.882 11.739 11.619 11.52 11.352 11.33 11.161 10.971
87.939 12.688 12.738 12.663 12.47 12.328 12.189 12.549 12.448 12.325 12.183 12.043 11.894 12.453 12.28 12.108 11.988 11.877 12.216 12.074 11.954 11.855 11.687 11.665 11.496 11.305
90.0604 13.023 13.073 12.998 12.805 12.663 12.523 12.884 12.783 12.66 12.518 12.378 12.229 12.788 12.615 12.443 12.322 12.212 12.551 12.409 12.289 12.19 12.022 12.0 11.831 11.64
92.2329 13.358 13.408 13.333 13.14 12.997 12.858 13.219 13.117 12.995 12.853 12.713 12.564 13.122 12.95 12.778 12.657 12.547 12.886 12.743 12.624 12.525 12.356 12.335 12.165 11.975
94.4579 13.693 13.742 13.668 13.475 13.332 13.193 13.554 13.452 13.33 13.188 13.047 12.899 13.457 13.285 13.113 12.992 12.881 13.221 13.078 12.958 12.859 12.691 12.669 12.5 12.31
96.7365 14.028 14.077 14.002 13.809 13.667 13.528 13.889 13.787 13.665 13.523 13.382 13.234 13.792 13.619 13.448 13.327 13.216 13.556 13.413 13.293 13.194 13.026 13.004 12.835 12.645
99.0701 14.363 14.412 14.337 14.144 14.002 13.863 14.224 14.122 13.999 13.858 13.717 13.568 14.127 13.954 13.782 13.662 13.551 13.891 13.748 13.628 13.529 13.361 13.339 13.17 12.979
101.4599 14.697 14.747 14.672 14.479 14.337 14.198 14.558 14.457 14.334 14.192 14.052 13.903 14.462 14.289 14.117 13.997 13.886 14.225 14.083 13.963 13.864 13.696 13.674 13.505 13.314
103.9075 15.032 15.082 15.007 14.814 14.671 14.532 14.893 14.792 14.669 14.527 14.387 14.238 14.797 14.624 14.452 14.331 14.221 14.56 14.418 14.298 14.199 14.031 14.009 13.839 13.649
106.4141 15.367 15.417 15.342 15.149 15.006 14.867 15.228 15.126 15.004 14.862 14.722 14.573 15.131 14.959 14.787 14.666 14.556 14.895 14.752 14.633 14.534 14.365 14.344 14.174 13.984
108.9811 15.702 15.751 15.676 15.484 15.341 15.202 15.563 15.461 15.339 15.197 15.056 14.908 15.466 15.294 15.122 15.001 14.89 15.23 15.087 14.967 14.868 14.7 14.678 14.509 14.319
111.6101 16.037 16.086 16.011 15.818 15.676 15.537 15.898 15.796 15.674 15.532 15.391 15.243 15.801 15.628 15.457 15.336 15.225 15.565 15.422 15.302 15.203 15.035 15.013 14.844 14.654
114.3025 16.372 16.421 16.346 16.153 16.011 15.872 16.232 16.131 16.008 15.867 15.726 15.577 16.136 15.963 15.791 15.671 15.56 15.9 15.757 15.637 15.538 15.37 15.348 15.179 14.988
117.0598 16.706 16.756 16.681 16.488 16.346 16.206 16.567 16.466 16.343 16.201 16.061 15.912 16.471 16.298 16.126 16.006 15.895 16.234 16.092 15.972 15.873 15.705 15.683 15.514 15.323
119.8836 17.041 17.091 17.016 16.823 16.68 16.541 16.902 16.8 16.678 16.536 16.396 16.247 16.805 16.633 16.461 16.34 16.23 16.569 16.427 16.307 16.208 16.039 16.018 15.848 15.658
122.7756 17.376 17.425 17.351 17.158 17.015 16.876 17.237 17.135 17.013 16.871 16.731 16.582 17.14 16.968 16.796 16.675 16.565 16.904 16.761 16.642 16.543 16.374 16.353 16.183 15.993
125.7373 17.711 17.76 17.685 17.493 17.35 17.211 17.572 17.47 17.348 17.206 17.065 16.917 17.475 17.303 17.131 17.01 16.899 17.239 17.096 16.976 16.877 16.709 16.687 16.518 16.328
128.7705 18.046 18.095 18.02 17.827 17.685 17.546 17.907 17.805 17.683 17.541 17.4 17.252 17.81 17.637 17.466 17.345 17.234 17.574 17.431 17.311 17.212 17.044 17.022 16.853 16.663
131.8769 18.381 18.43 18.355 18.162 18.02 17.881 18.241 18.14 18.017 17.875 17.735 17.586 18.145 17.972 17.8 17.68 17.569 17.908 17.766 17.646 17.547 17.379 17.357 17.188 16.997
135.0582 18.715 18.765 18.69 18.497 18.355 18.215 18.576 18.475 18.352 18.21 18.07 17.921 18.48 18.307 18.135 18.015 17.904 18.243 18.101 17.981 17.882 17.714 17.692 17.523 17.332
138.3162 19.05 19.1 19.025 18.832 18.689 18.55 18.911 18.809 18.687 18.545 18.405 18.256 18.814 18.642 18.47 18.349 18.239 18.578 18.436 18.316 18.217 18.048 18.027 17.857 17.667
141.6528 19.385 19.434 19.36 19.167 19.024 18.885 19.246 19.144 19.022 18.88 18.739 18.591 19.149 18.977 18.805 18.684 18.574 18.913 18.77 18.651 18.552 18.383 18.362 18.192 18.002
145.0699 19.72 19.769 19.694 19.501 19.359 19.22 19.581 19.479 19.357 19.215 19.074 18.926 19.484 19.312 19.14 19.019 18.908 19.248 19.105 18.985 18.886 18.718 18.696 18.527 18.337
148.5695 20.055 20.104 20.029 19.836 19.694 19.555 19.916 19.814 19.691 19.55 19.409 19.261 19.819 19.646 19.475 19.354 19.243 19.583 19.44 19.32 19.221 19.053 19.031 18.862 18.672
152.1534 20.389 20.439 20.364 20.171 20.029 19.89 20.25 20.149 20.026 19.884 19.744 19.595 20.154 19.981 19.809 19.689 19.578 19.917 19.775 19.655 19.556 19.388 19.366 19.197 19.006
155.8238 20.724 20.774 20.699 20.506 20.364 20.224 20.585 20.484 20.361 20.219 20.079 19.93 20.489 20.316 20.144 20.023 19.913 20.252 20.11 19.99 19.891 19.723 19.701 19.532 19.341
159.5828 21.059 21.109 21.034 20.841 20.698 20.559 20.92 20.818 20.696 20.554 20.414 20.265 20.823 20.651 20.479 20.358 20.248 20.587 20.445 20.325 20.226 20.057 20.036 19.866 19.676
163.4324 21.394 21.443 21.369 21.176 21.033 20.894 21.255 21.153 21.031 20.889 20.748 20.6 21.158 20.986 20.814 20.693 20.582 20.922 20.779 20.66 20.56 20.392 20.371 20.201 20.011
167.375 21.729 21.778 21.703 21.51 21.368 21.229 21.59 21.488 21.366 21.224 21.083 20.935 21.493 21.32 21.149 21.028 20.917 21.257 21.114 20.994 20.895 20.727 20.705 20.536 20.346
171.4126 22.064 22.113 22.038 21.845 21.703 21.564 21.925 21.823 21.7 21.559 21.418 21.27 21.828 21.655 21.483 21.363 21.252 21.592 21.449 21.329 21.23 21.062 21.04 20.871 20.68
175.5476 22.398 22.448 22.373 22.18 22.038 21.899 22.259 22.158 22.035 21.893 21.753 21.604 22.163 21.99 21.818 21.698 21.587 21.926 21.784 21.664 21.565 21.397 21.375 21.206 21.015
179.7823 22.733 22.783 22.708 22.515 22.372 22.233 22.594 22.493 22.37 22.228 22.088 21.939 22.498 22.325 22.153 22.032 21.922 22.261 22.119 21.999 21.9 21.732 21.71 21.54 21.35
184.1193 23.068 23.118 23.043 22.85 22.707 22.568 22.929 22.827 22.705 22.563 22.423 22.274 22.832 22.66 22.488 22.367 22.257 22.596 22.453 22.334 22.235 22.066 22.045 21.875 21.685
188.5608 23.403 23.452 23.378 23.185 23.042 22.903 23.264 23.162 23.04 22.898 22.757 22.609 23.167 22.995 22.823 22.702 22.591 22.931 22.788 22.668 22.569 22.401 22.379 22.21 22.02
193.1095 23.738 23.787 23.712 23.519 23.377 23.238 23.599 23.497 23.375 23.233 23.092 22.944 23.502 23.329 23.158 23.037 22.926 23.266 23.123 23.003 22.904 22.736 22.714 22.545 22.355
197.7679 24.073 24.122 24.047 23.854 23.712 23.573 23.933 23.832 23.709 23.568 23.427 23.278 23.837 23.664 23.492 23.372 23.261 23.601 23.458 23.338 23.239 23.071 23.049 22.88 22.689
202.5387 24.407 24.457 24.382 24.189 24.047 23.908 24.268 24.167 24.044 23.902 23.762 23.613 24.172 23.999 23.827 23.707 23.596 23.935 23.793 23.673 23.574 23.406 23.384 23.215 23.024
207.4245 24.742 24.792 24.717 24.524 24.381 24.242 24.603 24.501 24.379 24.237 24.097 23.948 24.507 24.334 24.162 24.041 23.931 24.27 24.128 24.008 23.909 23.74 23.719 23.549 23.359
212.4283 25.077 25.126 25.052 24.859 24.716 24.577 24.938 24.836 24.714 24.572 24.432 24.283 24.841 24.669 24.497 24.376 24.266 24.605 24.462 24.343 24.244 24.075 24.054 23.884 23.694
217.5527 25.412 25.461 25.386 25.194 25.051 24.912 25.273 25.171 25.049 24.907 24.766 24.618 25.176 25.004 24.832 24.711 24.6 24.94 24.797 24.677 24.578 24.41 24.388 24.219 24.029
222.8008 25.747 25.796 25.721 25.528 25.386 25.247 25.608 25.506 25.384 25.242 25.101 24.953 25.511 25.338 25.167 25.046 24.935 25.275 25.132 25.012 24.913 24.745 24.723 24.554 24.364
228.1754 26.082 26.131 26.056 25.863 25.721 25.582 25.942 25.841 25.718 25.576 25.436 25.287 25.846 25.673 25.501 25.381 25.27 25.609 25.467 25.347 25.248 25.08 25.058 24.889 24.698
233.6797 26.416 26.466 26.391 26.198 26.056 25.916 26.277 26.176 26.053 25.911 25.771 25.622 26.181 26.008 25.836 25.716 25.605 25.944 25.802 25.682 25.583 25.415 25.393 25.224 25.033
239.3168 26.751 26.801 26.726 26.533 26.39 26.251 26.612 26.51 26.388 26.246 26.106 25.957 26.515 26.343 26.171 26.05 25.94 26.279 26.137 26.017 25.918 25.749 25.728 25.558 25.368
245.0899 27.086 27.135 27.061 26.868 26.725 26.586 26.947 26.845 26.723 26.581 26.44 26.292 26.85 26.678 26.506 26.385 26.275 26.614 26.471 26.352 26.253 26.084 26.063 25.893 25.703
251.0022 27.421 27.47 27.395 27.202 27.06 26.921 27.282 27.18 27.058 26.916 26.775 26.627 27.185 27.013 26.841 26.72 26.609 26.949 26.806 26.686 26.587 26.419 26.397 26.228 26.038
257.0572 27.756 27.805 27.73 27.537 27.395 27.256 27.617 27.515 27.392 27.251 27.11 26.962 27.52 27.347 27.176 27.055 26.944 27.284 27.141 27.021 26.922 26.754 26.732 26.563 26.373
263.2582 28.09 28.14 28.065 27.872 27.73 27.591 27.951 27.85 27.727 27.585 27.445 27.296 27.855 27.682 27.51 27.39 27.279 27.618 27.476 27.356 27.257 27.089 27.067 26.898 26.707
269.6088 28.425 28.475 28.4 28.207 28.065 27.925 28.286 28.185 28.062 27.92 27.78 27.631 28.19 28.017 27.845 27.724 27.614 27.953 27.811 27.691 27.592 27.424 27.402 27.233 27.042
276.1126 28.76 28.81 28.735 28.542 28.399 28.26 28.621 28.519 28.397 28.255 28.115 27.966 28.524 28.352 28.18 28.059 27.949 28.288 28.146 28.026 27.927 27.758 27.737 27.567 27.377
282.7734 29.095 29.144 29.07 28.877 28.734 28.595 28.956 28.854 28.732 28.59 28.449 28.301 28.859 28.687 28.515 28.394 28.283 28.623 28.48 28.361 28.262 28.093 28.072 27.902 27.712
289.5947 29.43 29.479 29.404 29.211 29.069 28.93 29.291 29.189 29.067 28.925 28.784 28.636 29.194 29.022 28.85 28.729 28.618 28.958 28.815 28.695 28.596 28.428 28.406 28.237 28.047
296.5807 29.765 29.814 29.739 29.546 29.404 29.265 29.626 29.524 29.401 29.26 29.119 28.971 29.529 29.356 29.184 29.064 28.953 29.293 29.15 29.03 28.931 28.763 28.741 28.572 28.382
303.7351 30.099 30.149 30.074 29.881 29.739 29.6 29.96 29.859 29.736 29.594 29.454 29.305 29.864 29.691 29.519 29.399 29.288 29.627 29.485 29.365 29.266 29.098 29.076 28.907 28.716
311.0622 30.434 30.484 30.409 30.216 30.074 29.934 30.295 30.194 30.071 29.929 29.789 29.64 30.199 30.026 29.854 29.733 29.623 29.962 29.82 29.7 29.601 29.433 29.411 29.242 29.051
318.566 30.769 30.819 30.744 30.551 30.408 30.269 30.63 30.528 30.406 30.264 30.124 29.975 30.533 30.361 30.189 30.068 29.958 30.297 30.154 30.035 29.936 29.767 29.746 29.576 29.386
326.2508 31.104 31.153 31.079 30.886 30.743 30.604 30.965 30.863 30.741 30.599 30.458 30.31 30.868 30.696 30.524 30.403 30.292 30.632 30.489 30.369 30.27 30.102 30.08 29.911 29.721
334.121 31.439 31.488 31.413 31.22 31.078 30.939 31.3 31.198 31.076 30.934 30.793 30.645 31.203 31.03 30.859 30.738 30.627 30.967 30.824 30.704 30.605 30.437 30.415 30.246 30.056
342.181 31.774 31.823 31.748 31.555 31.413 31.274 31.635 31.533 31.41 31.269 31.128 30.979 31.538 31.365 31.193 31.073 30.962 31.302 31.159 31.039 30.94 30.772 30.75 30.581 30.39
350.4355 32.108 32.158 32.083 31.89 31.748 31.609 31.969 31.868 31.745 31.603 31.463 31.314 31.873 31.7 31.528 31.408 31.297 31.636 31.494 31.374 31.275 31.107 31.085 30.916 30.725
358.8891 32.443 32.493 32.418 32.225 32.082 31.943 32.304 32.202 32.08 31.938 31.798 31.649 32.208 32.035 31.863 31.742 31.632 31.971 31.829 31.709 31.61 31.442 31.42 31.25 31.06
367.5467 32.778 32.828 32.753 32.56 32.417 32.278 32.639 32.537 32.415 32.273 32.133 31.984 32.542 32.37 32.198 32.077 31.967 32.306 32.163 32.044 31.945 31.776 31.755 31.585 31.395
376.4131 33.113 33.162 33.087 32.895 32.752 32.613 32.974 32.872 32.75 32.608 32.467 32.319 32.877 32.705 32.533 32.412 32.301 32.641 32.498 32.378 32.279 32.111 32.089 31.92 31.73
385.4933 33.448 33.497 33.422 33.229 33.087 32.948 33.309 33.207 33.085 32.943 32.802 32.654 33.212 33.039 32.868 32.747 32.636 32.976 32.833 32.713 32.614 32.446 32.424 32.255 32.065
394.7926 33.783 33.832 33.757 33.564 33.422 33.283 33.643 33.542 33.419 33.278 33.137 32.988 33.547 33.374 33.202 33.082 32.971 33.311 33.168 33.048 32.949 32.781 32.759 32.59 32.399
404.3163 34.117 34.167 34.092 33.899 33.757 33.617 33.978 33.877 33.754 33.612 33.472 33.323 33.882 33.709 33.537 33.417 33.306 33.645 33.503 33.383 33.284 33.116 33.094 32.925 32.734
414.0697 34.452 34.502 34.427 34.234 34.091 33.952 34.313 34.211 34.089 33.947 33.807 33.658 34.216 34.044 33.872 33.751 33.641 33.98 33.838 33.718 33.619 33.45 33.429 33.259 33.069
424.0583 34.787 34.836 34.762 34.569 34.426 34.287 34.648 34.546 34.424 34.282 34.142 33.993 34.551 34.379 34.207 34.086 33.976 34.315 34.172 34.053 33.954 33.785 33.764 33.594 33.404
434.2879 35.122 35.171 35.096 34.904 34.761 34.622 34.983 34.881 34.759 34.617 34.476 34.328 34.886 34.714 34.542 34.421 34.31 34.65 34.507 34.387 34.288 34.12 34.098 33.929 33.739
444.7643 35.457 35.506 35.431 35.238 35.096 34.957 35.318 35.216 35.094 34.952 34.811 34.663 35.221 35.048 34.877 34.756 34.645 34.985 34.842 34.722 34.623 34.455 34.433 34.264 34.074
455.4934 35.792 35.841 35.766 35.573 35.431 35.292 35.652 35.551 35.428 35.286 35.146 34.997 35.556 35.383 35.211 35.091 34.98 35.319 35.177 35.057 34.958 34.79 34.768 34.599 34.408
466.4814 36.126 36.176 36.101 35.908 35.766 35.626 35.987 35.886 35.763 35.621 35.481 35.332 35.891 35.718 35.546 35.425 35.315 35.654 35.512 35.392 35.293 35.125 35.103 34.934 34.743
477.7344 36.461 36.511 36.436 36.243 36.1 35.961 36.322 36.22 36.098 35.956 35.816 35.667 36.225 36.053 35.881 35.76 35.65 35.989 35.847 35.727 35.628 35.459 35.438 35.268 35.078
489.2588 36.796 36.845 36.771 36.578 36.435 36.296 36.657 36.555 36.433 36.291 36.15 36.002 36.56 36.388 36.216 36.095 35.985 36.324 36.181 36.062 35.963 35.794 35.773 35.603 35.413
501.0613 37.131 37.18 37.105 36.912 36.77 36.631 36.992 36.89 36.768 36.626 36.485 36.337 36.895 36.723 36.551 36.43 36.319 36.659 36.516 36.396 36.297 36.129 36.107 35.938 35.748
513.1485 37.466 37.515 37.44 37.247 37.105 36.966 37.327 37.225 37.102 36.961 36.82 36.672 37.23 37.057 36.886 36.765 36.654 36.994 36.851 36.731 36.632 36.464 36.442 36.273 36.083
525.5272 37.8 37.85 37.775 37.582 37.44 37.301 37.661 37.56 37.437 37.295 37.155 37.006 37.565 37.392 37.22 37.1 36.989 37.328 37.186 37.066 36.967 36.799 36.777 36.608 36.417
538.2046 38.135 38.185 38.11 37.917 37.775 37.635 37.996 37.895 37.772 37.63 37.49 37.341 37.9 37.727 37.555 37.434 37.324 37.663 37.521 37.401 37.302 37.134 37.112 36.943 36.752
551.1878 38.47 38.52 38.445 38.252 38.109 37.97 38.331 38.229 38.107 37.965 37.825 37.676 38.234 38.062 37.89 37.769 37.659 37.998 37.856 37.736 37.637 37.468 37.447 37.277 37.087
564.4842 38.805 38.854 38.78 38.587 38.444 38.305 38.666 38.564 38.442 38.3 38.159 38.011 38.569 38.397 38.225 38.104 37.993 38.333 38.19 38.071 37.971 37.803 37.782 37.612 37.422
578.1013 39.14 39.189 39.114 38.921 38.779 38.64 39.001 38.899 38.777 38.635 38.494 38.346 38.904 38.731 38.56 38.439 38.328 38.668 38.525 38.405 38.306 38.138 38.116 37.947 37.757
592.0469 39.475 39.524 39.449 39.256 39.114 38.975 39.336 39.234 39.111 38.97 38.829 38.681 39.239 39.066 38.894 38.774 38.663 39.003 38.86 38.74 38.641 38.473 38.451 38.282 38.091
606.329 39.809 39.859 39.784 39.591 39.449 39.31 39.67 39.569 39.446 39.304 39.164 39.015 39.574 39.401 39.229 39.109 38.998 39.337 39.195 39.075 38.976 38.808 38.786 38.617 38.426
620.9555 40.144 40.194 40.119 39.926 39.783 39.644 40.005 39.904 39.781 39.639 39.499 39.35 39.909 39.736 39.564 39.443 39.333 39.672 39.53 39.41 39.311 39.143 39.121 38.951 38.761
635.9349 40.479 40.529 40.454 40.261 40.118 39.979 40.34 40.238 40.116 39.974 39.834 39.685 40.243 40.071 39.899 39.778 39.668 40.007 39.864 39.745 39.646 39.477 39.456 39.286 39.096
651.2757 40.814 40.863 40.789 40.596 40.453 40.314 40.675 40.573 40.451 40.309 40.168 40.02 40.578 40.406 40.234 40.113 40.002 40.342 40.199 40.079 39.98 39.812 39.79 39.621 39.431
666.9865 41.149 41.198 41.123 40.93 40.788 40.649 41.01 40.908 40.786 40.644 40.503 40.355 40.913 40.74 40.569 40.448 40.337 40.677 40.534 40.414 40.315 40.147 40.125 39.956 39.766
683.0763 41.484 41.533 41.458 41.265 41.123 40.984 41.344 41.243 41.12 40.979 40.838 40.689 41.248 41.075 40.903 40.783 40.672 41.012 40.869 40.749 40.65 40.482 40.46 40.291 40.1
699.5543 41.818 41.868 41.793 41.6 41.458 41.319 41.679 41.578 41.455 41.313 41.173 41.024 41.583 41.41 41.238 41.118 41.007 41.346 41.204 41.084 40.985 40.817 40.795 40.626 40.435
716.4297 42.153 42.203 42.128 41.935 41.792 41.653 42.014 41.912 41.79 41.648 41.508 41.359 41.918 41.745 41.573 41.452 41.342 41.681 41.539 41.419 41.32 41.151 41.13 40.96 40.77
733.7123 42.488 42.537 42.463 42.27 42.127 41.988 42.349 42.247 42.125 41.983 41.843 41.694 42.252 42.08 41.908 41.787 41.677 42.016 41.873 41.754 41.655 41.486 41.465 41.295 41.105
751.4117 42.823 42.872 42.797 42.605 42.462 42.323 42.684 42.582 42.46 42.318 42.177 42.029 42.587 42.415 42.243 42.122 42.011 42.351 42.208 42.088 41.989 41.821 41.799 41.63 41.44
769.5381 43.158 43.207 43.132 42.939 42.797 42.658 43.019 42.917 42.795 42.653 42.512 42.364 42.922 42.749 42.578 42.457 42.346 42.686 42.543 42.423 42.324 42.156 42.134 41.965 41.775
788.1018 43.493 43.542 43.467 43.274 43.132 42.993 43.353 43.252 43.129 42.987 42.847 42.698 43.257 43.084 42.912 42.792 42.681 43.02 42.878 42.758 42.659 42.491 42.469 42.3 42.109
807.1133 43.827 43.877 43.802 43.609 43.467 43.327 43.688 43.587 43.464 43.322 43.182 43.033 43.592 43.419 43.247 43.127 43.016 43.355 43.213 43.093 42.994 42.826 42.804 42.635 42.444
826.5834 44.162 44.212 44.137 43.944 43.801 43.662 44.023 43.921 43.799 43.657 43.517 43.368 43.926 43.754 43.582 43.461 43.351 43.69 43.548 43.428 43.329 43.16 43.139 42.969 42.779
846.5232 44.497 44.546 44.472 44.279 44.136 43.997 44.358 44.256 44.134 43.992 43.851 43.703 44.261 44.089 43.917 43.796 43.686 44.025 43.882 43.763 43.664 43.495 43.474 43.304 43.114
866.944 44.832 44.881 44.806 44.613 44.471 44.332 44.693 44.591 44.469 44.327 44.186 44.038 44.596 44.424 44.252 44.131 44.02 44.36 44.217 44.097 43.998 43.83 43.808 43.639 43.449
887.8575 45.167 45.216 45.141 44.948 44.806 44.667 45.028 44.926 44.803 44.662 44.521 44.373 44.931 44.758 44.587 44.466 44.355 44.695 44.552 44.432 44.333 44.165 44.143 43.974 43.784
909.2754 45.501 45.551 45.476 45.283 45.141 45.002 45.362 45.261 45.138 44.996 44.856 44.707 45.266 45.093 44.921 44.801 44.69 45.029 44.887 44.767 44.668 44.5 44.478 44.309 44.118
931.21 45.836 45.886 45.811 45.618 45.476 45.336 45.697 45.596 45.473 45.331 45.191 45.042 45.601 45.428 45.256 45.135 45.025 45.364 45.222 45.102 45.003 44.835 44.813 44.644 44.453
953.6737 46.171 46.221 46.146 45.953 45.81 45.671 46.032 45.93 45.808 45.666 45.526 45.377 45.935 45.763 45.591 45.47 45.36 45.699 45.557 45.437 45.338 45.169 45.148 44.978 44.788
976.6793 46.506 46.555 46.481 46.288 46.145 46.006 46.367 46.265 46.143 46.001 45.86 45.712 46.27 46.098 45.926 45.805 45.694 46.034 45.891 45.772 45.673 45.504 45.483 45.313 45.123
1000.2399 46.841 46.89 46.815 46.622 46.48 46.341 46.702 46.6 46.478 46.336 46.195 46.047 46.605 46.433 46.261 46.14 46.029 46.369 46.226 46.106 46.007 45.839 45.817 45.648 45.458
1024.3688 47.176 47.225 47.15 46.957 46.815 46.676 47.037 46.935 46.812 46.671 46.53 46.382 46.94 46.767 46.595 46.475 46.364 46.704 46.561 46.441 46.342 46.174 46.152 45.983 45.793
1049.0798 47.51 47.56 47.485 47.292 47.15 47.011 47.371 47.27 47.147 47.005 46.865 46.716 47.275 47.102 46.93 46.81 46.699 47.038 46.896 46.776 46.677 46.509 46.487 46.318 46.127
1074.3869 47.845 47.895 47.82 47.627 47.485 47.345 47.706 47.605 47.482 47.34 47.2 47.051 47.61 47.437 47.265 47.144 47.034 47.373 47.231 47.111 47.012 46.844 46.822 46.653 46.462
1100.3045 48.18 48.23 48.155 47.962 47.819 47.68 48.041 47.939 47.817 47.675 47.535 47.386 47.944 47.772 47.6 47.479 47.369 47.708 47.565 47.446 47.347 47.178 47.157 46.987 46.797
1126.8473 48.515 48.564 48.49 48.297 48.154 48.015 48.376 48.274 48.152 48.01 47.869 47.721 48.279 48.107 47.935 47.814 47.703 48.043 47.9 47.78 47.681 47.513 47.491 47.322 47.132
1154.0304 48.85 48.899 48.824 48.631 48.489 48.35 48.711 48.609 48.487 48.345 48.204 48.056 48.614 48.441 48.27 48.149 48.038 48.378 48.235 48.115 48.016 47.848 47.826 47.657 47.467
1181.8693 49.185 49.234 49.159 48.966 48.824 48.685 49.046 48.944 48.821 48.68 48.539 48.39 48.949 48.776 48.604 48.484 48.373 48.713 48.57 48.45 48.351 48.183 48.161 47.992 47.801
1210.3797 49.519 49.569 49.494 49.301 49.159 49.02 49.38 49.279 49.156 49.014 48.874 48.725 49.284 49.111 48.939 48.819 48.708 49.047 48.905 48.785 48.686 48.518 48.496 48.327 48.136
1239.5778 49.854 49.904 49.829 49.636 49.493 49.354 49.715 49.613 49.491 49.349 49.209 49.06 49.619 49.446 49.274 49.153 49.043 49.382 49.24 49.12 49.021 48.853 48.831 48.661 48.471
1269.4803 50.189 50.239 50.164 49.971 49.828 49.689 50.05 49.948 49.826 49.684 49.544 49.395 49.953 49.781 49.609 49.488 49.378 49.717 49.574 49.455 49.356 49.187 49.166 48.996 48.806
1300.1042 50.524 50.573 50.498 50.306 50.163 50.024 50.385 50.283 50.161 50.019 49.878 49.73 50.288 50.116 49.944 49.823 49.712 50.052 49.909 49.789 49.69 49.522 49.5 49.331 49.141
1331.4668 50.859 50.908 50.833 50.64 50.498 50.359 50.72 50.618 50.496 50.354 50.213 50.065 50.623 50.45 50.279 50.158 50.047 50.387 50.244 50.124 50.025 49.857 49.835 49.666 49.476
1363.586 51.194 51.243 51.168 50.975 50.833 50.694 51.054 50.953 50.83 50.689 50.548 50.399 50.958 50.785 50.613 50.493 50.382 50.721 50.579 50.459 50.36 50.192 50.17 50.001 49.81
1396.48 51.528 51.578 51.503 51.31 51.168 51.028 51.389 51.288 51.165 51.023 50.883 50.734 51.293 51.12 50.948 50.828 50.717 51.056 50.914 50.794 50.695 50.527 50.505 50.336 50.145
1430.1675 51.863 51.913 51.838 51.645 51.502 51.363 51.724 51.622 51.5 51.358 51.218 51.069 51.627 51.455 51.283 51.162 51.052 51.391 51.249 51.129 51.03 50.861 50.84 50.67 50.48
1464.6676 52.198 52.247 52.173 51.98 51.837 51.698 52.059 51.957 51.835 51.693 51.553 51.404 51.962 51.79 51.618 51.497 51.387 51.726 51.583 51.464 51.365 51.196 51.175 51.005 50.815
1500.0 52.533 52.582 52.507 52.314 52.172 52.033 52.394 52.292 52.17 52.028 51.887 51.739 52.297 52.125 51.953 51.832 51.721 52.061 51.918 51.798 51.699 51.531 51.509 51.34 51.15
