# %ECSV 1.0
# ---
# datatype:
# - {name: time, datatype: float64}
# - {name: swift_uvot_uvw2, datatype: float64}
# - {name: swift_uvot_uvm2, datatype: float64}
# - {name: swift_uvot_uvw1, datatype: float64}
# - {name: swift_uvot_U, datatype: float64}
# - {name: swift_uvot_B, datatype: float64}
# - {name: swift_uvot_V, datatype: float64}
# - {name: swift_uvot_W, datatype: float64}
# - {name: johnson_U, datatype: float64}
# - {name: johnson_B, datatype: float64}
# - {name: johnson_V, datatype: float64}
# - {name: johnson_R, datatype: float64}
# - {name: johnson_I, datatype: float64}
# - {name: sdss_u, datatype: float64}
# - {name: sdss_g, datatype: float64}
# - {name: sdss_r, datatype: float64}
# - {name: sdss_i, datatype: float64}
# - {name: sdss_z, datatype: float64}
# - {name: PS1_g, datatype: float64}
# - {name: PS1_r, datatype: float64}
# - {name: PS1_i, datatype: float64}
# - {name: PS1_z, datatype: float64}
# - {name: PS1_Y, datatype: float64}
# - {name: PS1_w, datatype: float64}
# - {name: ATLAS_c, datatype: float64}
# - {name: ATLAS_o, datatype: float64}
# - {name: ukirt_J, datatype: float64}
# - {name: ukirt_H, datatype: float64}
# - {name: ukirt_K, datatype: float64}
# - {name: Clear, datatype: float64}
# meta: !!omap
# - comment: [kappa = 1.0, type = villar, mass = 0.0028172691138521437, velocity = 0.359, theta_obs = 0.0]
# schema: astropy-2.0
time swift_uvot_uvw2 swift_uvot_uvm2 swift_uvot_uvw1 swift_uvot_U swift_uvot_B swift_uvot_V swift_uvot_W johnson_U johnson_B johnson_V johnson_R johnson_I sdss_u sdss_g sdss_r sdss_i sdss_z PS1_g PS1_r PS1_i PS1_z PS1_Y PS1_w ATLAS_c ATLAS_o ukirt_J ukirt_H ukirt_K Clear
0.001 nan nan nan nan nan nan nan nan nan nan nan nan nan nan nan nan nan nan nan nan nan nan nan nan nan nan nan nan nan
0.00103 -3.895 -4.066 -4.191 -4.361 -4.295 -4.131 -4.161 -4.358 -4.292 -4.123 -3.883 -3.564 -4.362 -4.247 -4.0 -3.765 -3.517 -4.239 -4.012 -3.777 -3.594 -3.512 -4.008 -4.153 -3.901 -2.973 -2.497 -1.925 -4.038
0.001061 -4.742 -4.84 -4.891 -4.916 -4.774 -4.552 -4.804 -4.9 -4.77 -4.544 -4.264 -3.911 -4.905 -4.706 -4.396 -4.129 -3.859 -4.692 -4.411 -4.146 -3.949 -3.872 -4.418 -4.586 -4.285 -3.282 -2.789 -2.202 -4.459
0.001094 -5.197 -5.255 -5.273 -5.226 -5.049 -4.8 -5.165 -5.204 -5.045 -4.791 -4.493 -4.124 -5.21 -4.972 -4.633 -4.351 -4.069 -4.956 -4.65 -4.37 -4.167 -4.097 -4.66 -4.84 -4.515 -3.477 -2.975 -2.382 -4.708
0.001127 -5.507 -5.54 -5.538 -5.447 -5.248 -4.983 -5.419 -5.421 -5.244 -4.974 -4.664 -4.285 -5.428 -5.165 -4.808 -4.517 -4.229 -5.149 -4.827 -4.539 -4.333 -4.268 -4.84 -5.026 -4.687 -3.627 -3.12 -2.522 -4.891
0.001161 -5.744 -5.759 -5.743 -5.622 -5.407 -5.131 -5.617 -5.593 -5.404 -5.122 -4.805 -4.419 -5.6 -5.321 -4.951 -4.654 -4.362 -5.304 -4.972 -4.678 -4.47 -4.41 -4.986 -5.177 -4.828 -3.753 -3.243 -2.642 -5.04
0.001196 -5.936 -5.938 -5.912 -5.769 -5.543 -5.259 -5.781 -5.738 -5.539 -5.249 -4.927 -4.535 -5.745 -5.454 -5.075 -4.773 -4.478 -5.437 -5.097 -4.799 -4.59 -4.533 -5.112 -5.307 -4.95 -3.865 -3.352 -2.748 -5.168
0.001232 -6.1 -6.09 -6.057 -5.897 -5.663 -5.372 -5.923 -5.865 -5.659 -5.363 -5.036 -4.641 -5.872 -5.571 -5.186 -4.881 -4.582 -5.554 -5.209 -4.908 -4.698 -4.645 -5.225 -5.422 -5.06 -3.966 -3.451 -2.846 -5.282
0.001269 -6.242 -6.224 -6.185 -6.011 -5.771 -5.476 -6.049 -5.978 -5.767 -5.466 -5.136 -4.738 -5.986 -5.678 -5.288 -4.979 -4.679 -5.661 -5.311 -5.008 -4.797 -4.747 -5.328 -5.526 -5.16 -4.06 -3.543 -2.937 -5.386
0.001308 -6.369 -6.344 -6.301 -6.116 -5.871 -5.572 -6.163 -6.082 -5.867 -5.562 -5.229 -4.829 -6.09 -5.777 -5.382 -5.072 -4.77 -5.76 -5.406 -5.101 -4.89 -4.842 -5.423 -5.623 -5.254 -4.148 -3.63 -3.023 -5.482
0.001347 -6.485 -6.454 -6.407 -6.214 -5.964 -5.662 -6.268 -6.179 -5.96 -5.652 -5.317 -4.915 -6.187 -5.869 -5.471 -5.159 -4.856 -5.852 -5.496 -5.189 -4.977 -4.932 -5.513 -5.714 -5.342 -4.232 -3.713 -3.105 -5.573
0.001388 -6.591 -6.555 -6.505 -6.305 -6.052 -5.748 -6.365 -6.27 -6.048 -5.738 -5.401 -4.997 -6.278 -5.956 -5.555 -5.242 -4.938 -5.939 -5.581 -5.272 -5.061 -5.017 -5.598 -5.8 -5.426 -4.313 -3.793 -3.184 -5.658
0.00143 -6.689 -6.65 -6.597 -6.392 -6.136 -5.829 -6.456 -6.356 -6.132 -5.82 -5.481 -5.076 -6.364 -6.039 -5.636 -5.321 -5.016 -6.022 -5.662 -5.353 -5.141 -5.099 -5.679 -5.882 -5.506 -4.39 -3.87 -3.261 -5.74
0.001473 -6.781 -6.739 -6.684 -6.474 -6.216 -5.908 -6.543 -6.438 -6.212 -5.898 -5.559 -5.153 -6.446 -6.119 -5.714 -5.398 -5.093 -6.102 -5.74 -5.43 -5.218 -5.177 -5.757 -5.961 -5.584 -4.465 -3.945 -3.335 -5.819
0.001518 -6.867 -6.823 -6.767 -6.553 -6.293 -5.984 -6.625 -6.517 -6.29 -5.974 -5.634 -5.227 -6.525 -6.196 -5.789 -5.473 -5.167 -6.179 -5.816 -5.505 -5.293 -5.253 -5.833 -6.037 -5.659 -4.539 -4.017 -3.407 -5.895
0.001564 -6.95 -6.903 -6.846 -6.629 -6.368 -6.057 -6.703 -6.592 -6.364 -6.048 -5.707 -5.299 -6.6 -6.27 -5.862 -5.545 -5.239 -6.253 -5.889 -5.578 -5.366 -5.327 -5.906 -6.111 -5.732 -4.61 -4.089 -3.478 -5.969
0.001611 -7.028 -6.98 -6.921 -6.703 -6.44 -6.129 -6.779 -6.666 -6.437 -6.119 -5.778 -5.37 -6.674 -6.342 -5.934 -5.616 -5.309 -6.325 -5.961 -5.649 -5.437 -5.398 -5.978 -6.183 -5.803 -4.68 -4.158 -3.548 -6.04
0.00166 -7.103 -7.053 -6.994 -6.774 -6.511 -6.199 -6.852 -6.737 -6.507 -6.189 -5.847 -5.439 -6.745 -6.412 -6.003 -5.685 -5.378 -6.396 -6.03 -5.718 -5.506 -5.468 -6.048 -6.253 -5.872 -4.749 -4.227 -3.616 -6.11
0.00171 -7.175 -7.124 -7.065 -6.843 -6.58 -6.267 -6.922 -6.806 -6.576 -6.257 -5.915 -5.506 -6.814 -6.481 -6.071 -5.753 -5.446 -6.464 -6.099 -5.787 -5.575 -5.537 -6.116 -6.322 -5.94 -4.816 -4.294 -3.683 -6.179
0.001761 -7.244 -7.193 -7.133 -6.911 -6.647 -6.334 -6.99 -6.874 -6.643 -6.324 -5.982 -5.573 -6.882 -6.548 -6.138 -5.82 -5.513 -6.532 -6.166 -5.853 -5.641 -5.604 -6.183 -6.389 -6.007 -4.883 -4.361 -3.75 -6.246
0.001815 -7.311 -7.26 -7.2 -6.977 -6.713 -6.4 -7.057 -6.94 -6.709 -6.39 -6.048 -5.639 -6.948 -6.614 -6.204 -5.886 -5.578 -6.598 -6.231 -5.919 -5.707 -5.67 -6.249 -6.454 -6.073 -4.949 -4.426 -3.815 -6.311
0.00187 -7.376 -7.325 -7.265 -7.042 -6.778 -6.465 -7.121 -7.005 -6.774 -6.455 -6.112 -5.704 -7.013 -6.679 -6.269 -5.951 -5.643 -6.662 -6.296 -5.984 -5.772 -5.734 -6.314 -6.519 -6.138 -5.013 -4.491 -3.88 -6.376
0.001926 -7.438 -7.388 -7.328 -7.105 -6.841 -6.529 -7.185 -7.068 -6.838 -6.519 -6.176 -5.767 -7.076 -6.743 -6.333 -6.014 -5.707 -6.726 -6.36 -6.048 -5.836 -5.798 -6.377 -6.583 -6.202 -5.077 -4.555 -3.944 -6.44
0.001984 -7.499 -7.449 -7.39 -7.168 -6.904 -6.591 -7.247 -7.13 -6.9 -6.582 -6.239 -5.831 -7.139 -6.805 -6.396 -6.078 -5.77 -6.789 -6.423 -6.111 -5.899 -5.861 -6.44 -6.646 -6.264 -5.141 -4.618 -4.007 -6.503
0.002044 -7.559 -7.509 -7.45 -7.229 -6.966 -6.654 -7.307 -7.192 -6.962 -6.644 -6.302 -5.893 -7.2 -6.867 -6.458 -6.14 -5.833 -6.851 -6.485 -6.173 -5.961 -5.923 -6.502 -6.708 -6.327 -5.203 -4.681 -4.07 -6.565
0.002106 -7.617 -7.568 -7.509 -7.289 -7.027 -6.715 -7.366 -7.252 -7.023 -6.705 -6.363 -5.955 -7.261 -6.928 -6.519 -6.202 -5.895 -6.912 -6.546 -6.234 -6.022 -5.984 -6.564 -6.769 -6.388 -5.265 -4.743 -4.132 -6.626
0.00217 -7.674 -7.626 -7.567 -7.349 -7.087 -6.775 -7.425 -7.312 -7.083 -6.766 -6.424 -6.016 -7.32 -6.988 -6.58 -6.263 -5.956 -6.972 -6.607 -6.295 -6.083 -6.045 -6.624 -6.829 -6.449 -5.327 -4.805 -4.194 -6.687
0.002236 -7.729 -7.682 -7.625 -7.407 -7.146 -6.835 -7.482 -7.371 -7.142 -6.825 -6.484 -6.077 -7.379 -7.048 -6.64 -6.323 -6.016 -7.031 -6.667 -6.356 -6.144 -6.105 -6.684 -6.889 -6.509 -5.388 -4.866 -4.256 -6.746
0.002303 -7.783 -7.737 -7.681 -7.465 -7.205 -6.895 -7.538 -7.429 -7.201 -6.885 -6.544 -6.137 -7.437 -7.107 -6.7 -6.383 -6.077 -7.09 -6.726 -6.415 -6.204 -6.164 -6.744 -6.948 -6.569 -5.448 -4.927 -4.317 -6.806
0.002373 -7.836 -7.792 -7.736 -7.522 -7.263 -6.953 -7.594 -7.486 -7.259 -6.944 -6.603 -6.197 -7.494 -7.165 -6.759 -6.443 -6.136 -7.149 -6.785 -6.475 -6.263 -6.223 -6.803 -7.007 -6.628 -5.509 -4.987 -4.377 -6.865
0.002445 -7.888 -7.845 -7.79 -7.579 -7.32 -7.012 -7.649 -7.543 -7.317 -7.002 -6.662 -6.256 -7.551 -7.223 -6.817 -6.502 -6.196 -7.206 -6.844 -6.534 -6.322 -6.281 -6.861 -7.065 -6.687 -5.568 -5.047 -4.437 -6.923
0.002519 -7.939 -7.898 -7.844 -7.635 -7.377 -7.069 -7.703 -7.599 -7.374 -7.06 -6.721 -6.315 -7.607 -7.28 -6.876 -6.56 -6.255 -7.263 -6.902 -6.592 -6.38 -6.339 -6.919 -7.123 -6.746 -5.628 -5.107 -4.497 -6.98
0.002595 -7.99 -7.95 -7.897 -7.69 -7.434 -7.127 -7.756 -7.654 -7.43 -7.117 -6.778 -6.373 -7.662 -7.337 -6.933 -6.618 -6.313 -7.32 -6.959 -6.65 -6.438 -6.396 -6.976 -7.18 -6.803 -5.687 -5.166 -4.557 -7.038
0.002673 -8.039 -8.001 -7.949 -7.745 -7.49 -7.184 -7.808 -7.709 -7.486 -7.174 -6.836 -6.431 -7.717 -7.393 -6.991 -6.676 -6.371 -7.376 -7.016 -6.707 -6.496 -6.453 -7.033 -7.236 -6.861 -5.746 -5.225 -4.616 -7.094
0.002754 -8.087 -8.051 -8.0 -7.799 -7.545 -7.24 -7.86 -7.763 -7.542 -7.23 -6.893 -6.489 -7.771 -7.449 -7.047 -6.734 -6.429 -7.432 -7.073 -6.764 -6.553 -6.509 -7.09 -7.293 -6.918 -5.804 -5.284 -4.675 -7.151
0.002837 -8.135 -8.101 -8.051 -7.853 -7.6 -7.296 -7.911 -7.817 -7.597 -7.286 -6.95 -6.546 -7.825 -7.504 -7.104 -6.791 -6.487 -7.488 -7.129 -6.821 -6.61 -6.566 -7.146 -7.349 -6.975 -5.862 -5.343 -4.734 -7.207
0.002923 -8.182 -8.15 -8.101 -7.906 -7.655 -7.352 -7.962 -7.871 -7.651 -7.342 -7.006 -6.604 -7.879 -7.559 -7.16 -6.848 -6.544 -7.542 -7.185 -6.878 -6.666 -6.621 -7.202 -7.404 -7.031 -5.92 -5.401 -4.793 -7.262
0.003012 -8.228 -8.198 -8.151 -7.958 -7.709 -7.407 -8.012 -7.924 -7.705 -7.397 -7.063 -6.66 -7.932 -7.614 -7.216 -6.904 -6.601 -7.597 -7.241 -6.934 -6.723 -6.677 -7.258 -7.459 -7.087 -5.978 -5.459 -4.851 -7.318
0.003103 -8.274 -8.245 -8.2 -8.011 -7.763 -7.462 -8.061 -7.976 -7.759 -7.453 -7.118 -6.717 -7.984 -7.668 -7.272 -6.96 -6.658 -7.651 -7.296 -6.99 -6.779 -6.732 -7.313 -7.514 -7.143 -6.035 -5.516 -4.909 -7.373
0.003196 -8.318 -8.292 -8.248 -8.063 -7.816 -7.517 -8.11 -8.028 -7.813 -7.507 -7.174 -6.773 -8.036 -7.722 -7.327 -7.016 -6.714 -7.705 -7.351 -7.045 -6.834 -6.787 -7.368 -7.568 -7.198 -6.092 -5.574 -4.967 -7.427
0.003293 -8.362 -8.339 -8.296 -8.114 -7.869 -7.571 -8.159 -8.08 -7.866 -7.562 -7.229 -6.829 -8.088 -7.776 -7.382 -7.072 -6.77 -7.759 -7.406 -7.101 -6.89 -6.841 -7.422 -7.622 -7.254 -6.149 -5.631 -5.024 -7.482
0.003393 -8.406 -8.385 -8.344 -8.165 -7.922 -7.625 -8.207 -8.131 -7.919 -7.616 -7.284 -6.885 -8.139 -7.829 -7.436 -7.127 -6.826 -7.812 -7.46 -7.156 -6.945 -6.896 -7.477 -7.676 -7.309 -6.206 -5.688 -5.082 -7.536
0.003495 -8.449 -8.43 -8.391 -8.216 -7.975 -7.679 -8.254 -8.182 -7.971 -7.67 -7.339 -6.941 -8.19 -7.882 -7.491 -7.182 -6.882 -7.865 -7.514 -7.21 -7.0 -6.95 -7.531 -7.73 -7.363 -6.262 -5.745 -5.139 -7.589
0.003601 -8.491 -8.475 -8.437 -8.266 -8.027 -7.733 -8.302 -8.233 -8.023 -7.723 -7.393 -6.996 -8.241 -7.934 -7.545 -7.237 -6.937 -7.917 -7.568 -7.265 -7.055 -7.004 -7.585 -7.783 -7.418 -6.318 -5.802 -5.196 -7.643
0.00371 -8.533 -8.519 -8.483 -8.316 -8.079 -7.786 -8.348 -8.283 -8.075 -7.776 -7.448 -7.051 -8.291 -7.987 -7.599 -7.292 -6.993 -7.97 -7.622 -7.319 -7.109 -7.057 -7.638 -7.836 -7.472 -6.375 -5.859 -5.253 -7.696
0.003822 -8.574 -8.563 -8.529 -8.365 -8.13 -7.839 -8.394 -8.333 -8.127 -7.829 -7.502 -7.106 -8.341 -8.039 -7.652 -7.346 -7.048 -8.022 -7.675 -7.373 -7.163 -7.111 -7.691 -7.888 -7.526 -6.43 -5.915 -5.31 -7.749
0.003938 -8.615 -8.606 -8.574 -8.415 -8.181 -7.892 -8.44 -8.383 -8.178 -7.882 -7.555 -7.161 -8.39 -8.09 -7.706 -7.401 -7.102 -8.073 -7.728 -7.427 -7.217 -7.164 -7.744 -7.941 -7.58 -6.486 -5.971 -5.366 -7.801
0.004057 -8.655 -8.649 -8.618 -8.464 -8.232 -7.944 -8.486 -8.432 -8.229 -7.935 -7.609 -7.215 -8.44 -8.142 -7.759 -7.455 -7.157 -8.125 -7.781 -7.481 -7.271 -7.217 -7.797 -7.993 -7.633 -6.542 -6.027 -5.423 -7.854
0.00418 -8.695 -8.692 -8.663 -8.512 -8.283 -7.996 -8.531 -8.481 -8.279 -7.987 -7.662 -7.27 -8.488 -8.193 -7.812 -7.508 -7.212 -8.176 -7.834 -7.535 -7.325 -7.27 -7.85 -8.045 -7.686 -6.597 -6.083 -5.479 -7.906
0.004306 -8.734 -8.733 -8.706 -8.56 -8.334 -8.048 -8.575 -8.53 -8.33 -8.039 -7.716 -7.324 -8.537 -8.244 -7.865 -7.562 -7.266 -8.227 -7.887 -7.588 -7.379 -7.323 -7.902 -8.097 -7.74 -6.652 -6.139 -5.536 -7.958
0.004436 -8.772 -8.775 -8.75 -8.608 -8.384 -8.1 -8.62 -8.578 -8.38 -8.091 -7.769 -7.378 -8.585 -8.295 -7.917 -7.616 -7.32 -8.278 -7.939 -7.641 -7.432 -7.375 -7.954 -8.148 -7.792 -6.708 -6.195 -5.592 -8.01
0.00457 -8.811 -8.816 -8.793 -8.656 -8.434 -8.152 -8.664 -8.626 -8.43 -8.142 -7.821 -7.432 -8.633 -8.345 -7.97 -7.669 -7.374 -8.328 -7.991 -7.694 -7.485 -7.427 -8.006 -8.199 -7.845 -6.763 -6.25 -5.648 -8.061
0.004709 -8.848 -8.857 -8.835 -8.703 -8.483 -8.203 -8.707 -8.674 -8.48 -8.194 -7.874 -7.485 -8.681 -8.396 -8.022 -7.722 -7.428 -8.379 -8.043 -7.747 -7.538 -7.48 -8.058 -8.25 -7.898 -6.817 -6.306 -5.703 -8.112
0.004851 -8.885 -8.897 -8.878 -8.75 -8.533 -8.254 -8.75 -8.721 -8.529 -8.245 -7.926 -7.539 -8.729 -8.446 -8.074 -7.775 -7.482 -8.429 -8.095 -7.799 -7.591 -7.532 -8.109 -8.301 -7.95 -6.872 -6.361 -5.759 -8.164
0.004998 -8.922 -8.936 -8.92 -8.797 -8.582 -8.305 -8.793 -8.768 -8.578 -8.296 -7.979 -7.592 -8.776 -8.495 -8.125 -7.828 -7.535 -8.479 -8.146 -7.852 -7.644 -7.583 -8.16 -8.352 -8.002 -6.927 -6.416 -5.815 -8.214
0.005149 -8.958 -8.976 -8.961 -8.844 -8.631 -8.356 -8.836 -8.815 -8.627 -8.347 -8.031 -7.645 -8.823 -8.545 -8.177 -7.88 -7.588 -8.528 -8.197 -7.904 -7.696 -7.635 -8.212 -8.402 -8.054 -6.981 -6.471 -5.87 -8.265
0.005305 -8.994 -9.015 -9.002 -8.89 -8.68 -8.407 -8.878 -8.862 -8.676 -8.397 -8.083 -7.698 -8.869 -8.594 -8.228 -7.933 -7.642 -8.578 -8.249 -7.956 -7.749 -7.687 -8.263 -8.452 -8.106 -7.035 -6.526 -5.926 -8.316
0.005465 -9.03 -9.053 -9.043 -8.936 -8.728 -8.457 -8.92 -8.908 -8.724 -8.448 -8.134 -7.751 -8.915 -8.643 -8.28 -7.985 -7.695 -8.627 -8.3 -8.008 -7.801 -7.738 -8.313 -8.502 -8.158 -7.09 -6.581 -5.981 -8.366
0.00563 -9.064 -9.091 -9.083 -8.982 -8.776 -8.507 -8.962 -8.955 -8.773 -8.498 -8.186 -7.804 -8.962 -8.692 -8.331 -8.037 -7.748 -8.676 -8.35 -8.06 -7.853 -7.79 -8.364 -8.552 -8.209 -7.144 -6.635 -6.036 -8.416
0.005801 -9.099 -9.129 -9.123 -9.027 -8.824 -8.557 -9.003 -9.0 -8.821 -8.548 -8.237 -7.857 -9.007 -8.741 -8.382 -8.089 -7.8 -8.725 -8.401 -8.112 -7.905 -7.841 -8.414 -8.602 -8.26 -7.198 -6.69 -6.091 -8.466
0.005976 -9.133 -9.166 -9.163 -9.072 -8.872 -8.607 -9.044 -9.046 -8.869 -8.598 -8.288 -7.909 -9.053 -8.79 -8.432 -8.141 -7.853 -8.773 -8.451 -8.163 -7.957 -7.892 -8.464 -8.651 -8.312 -7.251 -6.744 -6.146 -8.516
0.006157 -9.166 -9.203 -9.202 -9.117 -8.92 -8.657 -9.084 -9.091 -8.916 -8.648 -8.34 -7.961 -9.098 -8.838 -8.483 -8.193 -7.906 -8.822 -8.502 -8.214 -8.009 -7.943 -8.514 -8.7 -8.363 -7.305 -6.799 -6.201 -8.565
0.006343 -9.2 -9.239 -9.241 -9.162 -8.967 -8.706 -9.125 -9.136 -8.964 -8.697 -8.391 -8.014 -9.143 -8.886 -8.533 -8.244 -7.958 -8.87 -8.552 -8.266 -8.06 -7.994 -8.564 -8.749 -8.413 -7.359 -6.853 -6.256 -8.615
0.006535 -9.232 -9.275 -9.28 -9.206 -9.014 -8.756 -9.165 -9.181 -9.011 -8.747 -8.441 -8.066 -9.188 -8.934 -8.584 -8.296 -8.01 -8.918 -8.602 -8.317 -8.112 -8.045 -8.614 -8.798 -8.464 -7.412 -6.907 -6.311 -8.664
0.006732 -9.265 -9.311 -9.318 -9.25 -9.061 -8.805 -9.204 -9.226 -9.058 -8.796 -8.492 -8.118 -9.232 -8.982 -8.634 -8.347 -8.062 -8.966 -8.652 -8.368 -8.163 -8.095 -8.664 -8.847 -8.515 -7.466 -6.961 -6.365 -8.713
0.006936 -9.296 -9.346 -9.356 -9.294 -9.108 -8.854 -9.244 -9.27 -9.105 -8.845 -8.542 -8.17 -9.277 -9.029 -8.684 -8.398 -8.115 -9.013 -8.701 -8.419 -8.214 -8.146 -8.713 -8.895 -8.565 -7.519 -7.015 -6.42 -8.762
0.007146 -9.328 -9.381 -9.394 -9.338 -9.155 -8.903 -9.283 -9.314 -9.151 -8.894 -8.593 -8.221 -9.321 -9.077 -8.733 -8.449 -8.166 -9.061 -8.751 -8.469 -8.266 -8.196 -8.762 -8.943 -8.615 -7.572 -7.069 -6.475 -8.811
0.007362 -9.359 -9.415 -9.431 -9.381 -9.201 -8.951 -9.322 -9.358 -9.198 -8.942 -8.643 -8.273 -9.365 -9.124 -8.783 -8.5 -8.218 -9.108 -8.8 -8.52 -8.317 -8.247 -8.811 -8.992 -8.665 -7.625 -7.123 -6.529 -8.859
0.007585 -9.389 -9.449 -9.468 -9.424 -9.247 -9.0 -9.36 -9.402 -9.244 -8.991 -8.693 -8.324 -9.408 -9.171 -8.832 -8.551 -8.27 -9.155 -8.85 -8.57 -8.367 -8.297 -8.86 -9.04 -8.715 -7.678 -7.177 -6.583 -8.907
0.007814 -9.419 -9.483 -9.505 -9.467 -9.293 -9.048 -9.399 -9.445 -9.29 -9.039 -8.743 -8.376 -9.451 -9.217 -8.882 -8.602 -8.321 -9.202 -8.899 -8.621 -8.418 -8.347 -8.909 -9.087 -8.765 -7.731 -7.23 -6.638 -8.956
0.00805 -9.449 -9.516 -9.541 -9.509 -9.339 -9.096 -9.437 -9.488 -9.335 -9.087 -8.793 -8.427 -9.494 -9.264 -8.931 -8.652 -8.373 -9.249 -8.948 -8.671 -8.469 -8.397 -8.957 -9.135 -8.815 -7.784 -7.284 -6.692 -9.004
0.008294 -9.478 -9.549 -9.577 -9.552 -9.384 -9.144 -9.474 -9.531 -9.381 -9.135 -8.843 -8.478 -9.537 -9.31 -8.98 -8.702 -8.424 -9.295 -8.996 -8.721 -8.52 -8.447 -9.006 -9.182 -8.865 -7.837 -7.338 -6.746 -9.052
0.008545 -9.507 -9.582 -9.612 -9.594 -9.43 -9.192 -9.512 -9.574 -9.426 -9.183 -8.892 -8.529 -9.58 -9.356 -9.029 -8.753 -8.476 -9.342 -9.045 -8.771 -8.57 -8.497 -9.054 -9.23 -8.914 -7.889 -7.391 -6.8 -9.099
0.008803 -9.536 -9.614 -9.647 -9.635 -9.475 -9.239 -9.549 -9.616 -9.471 -9.231 -8.941 -8.58 -9.622 -9.402 -9.078 -8.803 -8.527 -9.388 -9.094 -8.821 -8.62 -8.547 -9.102 -9.277 -8.963 -7.942 -7.444 -6.854 -9.147
0.009069 -9.564 -9.645 -9.682 -9.677 -9.52 -9.287 -9.586 -9.658 -9.516 -9.278 -8.991 -8.631 -9.664 -9.448 -9.126 -8.853 -8.578 -9.434 -9.142 -8.87 -8.671 -8.596 -9.15 -9.324 -9.012 -7.995 -7.498 -6.908 -9.194
0.009344 -9.591 -9.677 -9.717 -9.718 -9.565 -9.334 -9.622 -9.7 -9.561 -9.326 -9.04 -8.681 -9.706 -9.494 -9.175 -8.903 -8.629 -9.48 -9.19 -8.92 -8.721 -8.646 -9.198 -9.37 -9.061 -8.047 -7.551 -6.962 -9.242
0.009626 -9.618 -9.708 -9.751 -9.759 -9.609 -9.381 -9.659 -9.742 -9.606 -9.373 -9.089 -8.732 -9.747 -9.539 -9.223 -8.952 -8.679 -9.525 -9.238 -8.969 -8.771 -8.695 -9.246 -9.417 -9.11 -8.099 -7.604 -7.016 -9.289
0.009917 -9.645 -9.738 -9.785 -9.8 -9.653 -9.428 -9.695 -9.783 -9.65 -9.42 -9.138 -8.783 -9.789 -9.584 -9.271 -9.002 -8.73 -9.571 -9.286 -9.019 -8.821 -8.745 -9.293 -9.463 -9.159 -8.151 -7.657 -7.069 -9.336
0.010217 -9.671 -9.768 -9.818 -9.841 -9.697 -9.475 -9.73 -9.824 -9.694 -9.467 -9.186 -8.833 -9.83 -9.63 -9.319 -9.052 -8.781 -9.616 -9.334 -9.068 -8.871 -8.794 -9.341 -9.51 -9.208 -8.204 -7.71 -7.123 -9.382
0.010526 -9.697 -9.798 -9.851 -9.881 -9.741 -9.522 -9.766 -9.865 -9.738 -9.513 -9.235 -8.883 -9.871 -9.674 -9.367 -9.101 -8.831 -9.661 -9.382 -9.117 -8.92 -8.843 -9.388 -9.556 -9.256 -8.256 -7.763 -7.177 -9.429
0.010845 -9.723 -9.827 -9.884 -9.921 -9.785 -9.568 -9.801 -9.906 -9.782 -9.56 -9.283 -8.933 -9.911 -9.719 -9.415 -9.15 -8.881 -9.706 -9.429 -9.166 -8.97 -8.893 -9.435 -9.602 -9.304 -8.308 -7.816 -7.23 -9.475
0.011173 -9.748 -9.856 -9.917 -9.961 -9.829 -9.615 -9.836 -9.946 -9.825 -9.606 -9.332 -8.983 -9.951 -9.764 -9.462 -9.199 -8.932 -9.751 -9.476 -9.215 -9.02 -8.942 -9.482 -9.647 -9.352 -8.359 -7.868 -7.284 -9.522
0.011511 -9.772 -9.884 -9.949 -10.0 -9.872 -9.661 -9.871 -9.987 -9.869 -9.652 -9.38 -9.033 -9.992 -9.808 -9.51 -9.248 -8.982 -9.795 -9.524 -9.264 -9.069 -8.991 -9.528 -9.693 -9.401 -8.411 -7.921 -7.337 -9.568
0.011859 -9.796 -9.912 -9.98 -10.039 -9.915 -9.707 -9.905 -10.026 -9.912 -9.698 -9.428 -9.083 -10.031 -9.852 -9.557 -9.297 -9.032 -9.84 -9.571 -9.312 -9.118 -9.04 -9.575 -9.738 -9.448 -8.463 -7.974 -7.39 -9.614
0.012217 -9.82 -9.94 -10.012 -10.078 -9.958 -9.753 -9.939 -10.066 -9.955 -9.744 -9.476 -9.133 -10.071 -9.896 -9.604 -9.346 -9.082 -9.884 -9.618 -9.361 -9.168 -9.089 -9.621 -9.784 -9.496 -8.515 -8.026 -7.444 -9.66
0.012587 -9.843 -9.967 -10.043 -10.117 -10.001 -9.798 -9.973 -10.105 -9.997 -9.79 -9.524 -9.182 -10.11 -9.94 -9.651 -9.395 -9.132 -9.928 -9.665 -9.409 -9.217 -9.137 -9.668 -9.829 -9.544 -8.566 -8.079 -7.497 -9.705
0.012968 -9.866 -9.994 -10.073 -10.156 -10.043 -9.844 -10.007 -10.145 -10.04 -9.836 -9.571 -9.232 -10.149 -9.983 -9.698 -9.443 -9.182 -9.972 -9.711 -9.457 -9.266 -9.186 -9.714 -9.874 -9.591 -8.618 -8.131 -7.55 -9.751
0.01336 -9.888 -10.02 -10.104 -10.194 -10.085 -9.889 -10.04 -10.184 -10.082 -9.881 -9.619 -9.281 -10.188 -10.026 -9.744 -9.492 -9.231 -10.015 -9.758 -9.506 -9.315 -9.235 -9.76 -9.918 -9.639 -8.669 -8.184 -7.603 -9.796
0.013764 -9.91 -10.046 -10.134 -10.232 -10.127 -9.934 -10.073 -10.222 -10.124 -9.926 -9.666 -9.33 -10.226 -10.07 -9.791 -9.54 -9.281 -10.059 -9.804 -9.554 -9.364 -9.283 -9.806 -9.963 -9.686 -8.72 -8.236 -7.656 -9.841
0.01418 -9.932 -10.072 -10.163 -10.269 -10.169 -9.979 -10.106 -10.261 -10.166 -9.971 -9.713 -9.379 -10.265 -10.112 -9.837 -9.588 -9.33 -10.102 -9.85 -9.602 -9.412 -9.332 -9.851 -10.007 -9.733 -8.772 -8.288 -7.709 -9.886
0.014609 -9.953 -10.097 -10.192 -10.307 -10.211 -10.024 -10.138 -10.299 -10.208 -10.016 -9.76 -9.429 -10.303 -10.155 -9.884 -9.636 -9.379 -10.145 -9.896 -9.649 -9.461 -9.38 -9.897 -10.051 -9.78 -8.823 -8.34 -7.762 -9.931
0.015051 -9.973 -10.121 -10.221 -10.344 -10.252 -10.069 -10.17 -10.336 -10.249 -10.061 -9.807 -9.477 -10.34 -10.198 -9.93 -9.684 -9.429 -10.188 -9.942 -9.697 -9.509 -9.428 -9.942 -10.095 -9.827 -8.874 -8.392 -7.815 -9.976
0.015506 -9.993 -10.145 -10.25 -10.38 -10.294 -10.113 -10.202 -10.374 -10.29 -10.105 -9.854 -9.526 -10.378 -10.24 -9.976 -9.732 -9.478 -10.23 -9.988 -9.745 -9.558 -9.477 -9.988 -10.139 -9.874 -8.925 -8.444 -7.868 -10.021
0.015975 -10.013 -10.169 -10.278 -10.417 -10.335 -10.158 -10.234 -10.411 -10.331 -10.15 -9.901 -9.575 -10.415 -10.282 -10.022 -9.779 -9.527 -10.273 -10.034 -9.792 -9.606 -9.525 -10.033 -10.183 -9.92 -8.976 -8.496 -7.921 -10.065
0.016458 -10.032 -10.192 -10.305 -10.453 -10.375 -10.202 -10.265 -10.448 -10.372 -10.194 -9.947 -9.624 -10.452 -10.324 -10.067 -9.827 -9.576 -10.315 -10.079 -9.84 -9.654 -9.573 -10.078 -10.226 -9.966 -9.027 -8.548 -7.974 -10.109
0.016956 -10.051 -10.215 -10.333 -10.489 -10.416 -10.246 -10.296 -10.485 -10.413 -10.238 -9.994 -9.672 -10.489 -10.366 -10.113 -9.874 -9.624 -10.357 -10.125 -9.887 -9.703 -9.621 -10.122 -10.27 -10.013 -9.077 -8.6 -8.026 -10.153
0.017469 -10.069 -10.237 -10.36 -10.525 -10.456 -10.29 -10.327 -10.522 -10.453 -10.282 -10.04 -9.72 -10.525 -10.407 -10.158 -9.922 -9.673 -10.399 -10.17 -9.934 -9.751 -9.669 -10.167 -10.313 -10.059 -9.128 -8.652 -8.079 -10.197
0.017997 -10.087 -10.259 -10.386 -10.56 -10.496 -10.333 -10.358 -10.558 -10.493 -10.326 -10.086 -9.769 -10.561 -10.449 -10.203 -9.969 -9.722 -10.441 -10.215 -9.981 -9.799 -9.717 -10.211 -10.356 -10.105 -9.179 -8.703 -8.132 -10.241
0.018541 -10.104 -10.281 -10.412 -10.595 -10.536 -10.377 -10.388 -10.594 -10.533 -10.369 -10.132 -9.817 -10.597 -10.49 -10.248 -10.016 -9.77 -10.482 -10.26 -10.028 -9.846 -9.764 -10.256 -10.398 -10.151 -9.229 -8.755 -8.184 -10.284
0.019102 -10.12 -10.302 -10.438 -10.63 -10.576 -10.42 -10.418 -10.629 -10.573 -10.412 -10.178 -9.865 -10.632 -10.531 -10.293 -10.063 -9.819 -10.524 -10.304 -10.074 -9.894 -9.812 -10.3 -10.441 -10.196 -9.28 -8.807 -8.237 -10.328
0.01968 -10.137 -10.322 -10.463 -10.665 -10.615 -10.463 -10.448 -10.665 -10.612 -10.456 -10.224 -9.913 -10.667 -10.572 -10.338 -10.11 -9.867 -10.565 -10.349 -10.121 -9.942 -9.859 -10.344 -10.483 -10.242 -9.33 -8.858 -8.289 -10.371
0.020275 -10.152 -10.342 -10.488 -10.699 -10.654 -10.506 -10.477 -10.7 -10.651 -10.499 -10.269 -9.961 -10.702 -10.612 -10.382 -10.156 -9.915 -10.606 -10.393 -10.167 -9.989 -9.907 -10.387 -10.525 -10.287 -9.38 -8.909 -8.341 -10.414
0.020888 -10.168 -10.362 -10.513 -10.733 -10.693 -10.549 -10.506 -10.734 -10.69 -10.541 -10.315 -10.008 -10.737 -10.652 -10.427 -10.203 -9.963 -10.646 -10.438 -10.214 -10.037 -9.954 -10.431 -10.567 -10.333 -9.43 -8.961 -8.394 -10.457
0.02152 -10.182 -10.381 -10.537 -10.766 -10.732 -10.591 -10.535 -10.769 -10.729 -10.584 -10.36 -10.056 -10.771 -10.692 -10.471 -10.249 -10.011 -10.687 -10.482 -10.26 -10.084 -10.002 -10.474 -10.609 -10.378 -9.48 -9.012 -8.446 -10.499
0.022171 -10.196 -10.399 -10.56 -10.799 -10.77 -10.634 -10.564 -10.803 -10.768 -10.626 -10.405 -10.103 -10.805 -10.732 -10.515 -10.295 -10.059 -10.727 -10.526 -10.306 -10.131 -10.049 -10.518 -10.651 -10.423 -9.531 -9.063 -8.498 -10.542
0.022841 -10.21 -10.417 -10.584 -10.832 -10.809 -10.676 -10.592 -10.837 -10.806 -10.669 -10.45 -10.151 -10.839 -10.772 -10.559 -10.341 -10.106 -10.767 -10.569 -10.352 -10.178 -10.096 -10.561 -10.692 -10.467 -9.58 -9.114 -8.55 -10.584
0.023532 -10.223 -10.434 -10.607 -10.865 -10.847 -10.718 -10.62 -10.87 -10.844 -10.711 -10.495 -10.198 -10.872 -10.811 -10.603 -10.387 -10.154 -10.807 -10.613 -10.398 -10.225 -10.143 -10.604 -10.733 -10.512 -9.63 -9.166 -8.602 -10.626
0.024244 -10.236 -10.451 -10.629 -10.897 -10.884 -10.759 -10.648 -10.904 -10.882 -10.752 -10.54 -10.245 -10.905 -10.85 -10.646 -10.433 -10.201 -10.846 -10.657 -10.444 -10.272 -10.19 -10.646 -10.774 -10.557 -9.68 -9.217 -8.654 -10.668
0.024977 -10.248 -10.468 -10.651 -10.929 -10.922 -10.801 -10.675 -10.937 -10.919 -10.794 -10.584 -10.292 -10.938 -10.889 -10.69 -10.479 -10.249 -10.886 -10.7 -10.489 -10.319 -10.237 -10.689 -10.815 -10.601 -9.73 -9.268 -8.706 -10.71
0.025733 -10.26 -10.484 -10.672 -10.961 -10.959 -10.842 -10.702 -10.969 -10.956 -10.835 -10.628 -10.339 -10.97 -10.928 -10.733 -10.525 -10.296 -10.925 -10.743 -10.534 -10.365 -10.284 -10.731 -10.856 -10.645 -9.779 -9.318 -8.758 -10.752
0.026511 -10.271 -10.499 -10.694 -10.992 -10.996 -10.883 -10.729 -11.001 -10.993 -10.877 -10.673 -10.386 -11.002 -10.966 -10.776 -10.57 -10.343 -10.964 -10.786 -10.58 -10.412 -10.33 -10.773 -10.896 -10.689 -9.829 -9.369 -8.81 -10.793
0.027313 -10.281 -10.514 -10.714 -11.023 -11.032 -10.924 -10.756 -11.033 -11.03 -10.918 -10.717 -10.432 -11.034 -11.004 -10.819 -10.615 -10.39 -11.003 -10.829 -10.625 -10.458 -10.377 -10.815 -10.936 -10.733 -9.878 -9.42 -8.862 -10.834
0.028139 -10.291 -10.528 -10.734 -11.053 -11.069 -10.965 -10.782 -11.065 -11.066 -10.959 -10.76 -10.479 -11.066 -11.042 -10.861 -10.66 -10.437 -11.041 -10.871 -10.67 -10.504 -10.423 -10.857 -10.976 -10.776 -9.928 -9.471 -8.914 -10.875
0.02899 -10.3 -10.542 -10.754 -11.084 -11.105 -11.006 -10.808 -11.096 -11.102 -10.999 -10.804 -10.525 -11.097 -11.08 -10.904 -10.705 -10.484 -11.079 -10.913 -10.715 -10.55 -10.47 -10.899 -11.016 -10.82 -9.977 -9.521 -8.965 -10.916
0.029867 -10.309 -10.555 -10.773 -11.114 -11.141 -11.046 -10.834 -11.127 -11.138 -11.04 -10.848 -10.571 -11.127 -11.117 -10.946 -10.75 -10.53 -11.117 -10.956 -10.759 -10.597 -10.516 -10.94 -11.055 -10.863 -10.026 -9.572 -9.017 -10.957
0.03077 -10.317 -10.568 -10.792 -11.143 -11.176 -11.086 -10.859 -11.158 -11.174 -11.08 -10.891 -10.618 -11.158 -11.154 -10.988 -10.795 -10.577 -11.155 -10.998 -10.804 -10.642 -10.562 -10.982 -11.094 -10.906 -10.075 -9.622 -9.069 -10.997
0.031701 -10.325 -10.58 -10.81 -11.172 -11.212 -11.126 -10.884 -11.188 -11.209 -11.12 -10.934 -10.663 -11.188 -11.191 -11.03 -10.839 -10.623 -11.192 -11.04 -10.848 -10.688 -10.608 -11.023 -11.133 -10.949 -10.124 -9.673 -9.12 -11.038
0.032659 -10.332 -10.591 -10.828 -11.201 -11.247 -11.166 -10.909 -11.218 -11.244 -11.159 -10.977 -10.709 -11.217 -11.228 -11.072 -10.884 -10.669 -11.229 -11.081 -10.893 -10.734 -10.654 -11.064 -11.172 -10.992 -10.173 -9.723 -9.172 -11.078
0.033647 -10.339 -10.602 -10.846 -11.229 -11.281 -11.205 -10.933 -11.247 -11.279 -11.199 -11.02 -10.755 -11.247 -11.264 -11.114 -10.928 -10.715 -11.266 -11.123 -10.937 -10.779 -10.7 -11.104 -11.211 -11.035 -10.222 -9.773 -9.223 -11.117
0.034665 -10.345 -10.612 -10.862 -11.257 -11.316 -11.244 -10.957 -11.276 -11.313 -11.238 -11.063 -10.801 -11.275 -11.3 -11.155 -10.972 -10.761 -11.303 -11.164 -10.981 -10.825 -10.746 -11.145 -11.249 -11.077 -10.27 -9.823 -9.274 -11.157
0.035713 -10.35 -10.622 -10.879 -11.285 -11.35 -11.283 -10.981 -11.305 -11.348 -11.277 -11.105 -10.846 -11.304 -11.336 -11.196 -11.016 -10.807 -11.34 -11.205 -11.024 -10.87 -10.791 -11.185 -11.287 -11.12 -10.319 -9.873 -9.326 -11.196
0.036793 -10.354 -10.63 -10.894 -11.312 -11.383 -11.322 -11.005 -11.333 -11.381 -11.316 -11.147 -10.891 -11.332 -11.372 -11.237 -11.059 -10.853 -11.376 -11.246 -11.068 -10.915 -10.837 -11.225 -11.325 -11.162 -10.367 -9.923 -9.377 -11.236
0.037906 -10.359 -10.639 -10.91 -11.339 -11.417 -11.36 -11.028 -11.361 -11.415 -11.355 -11.19 -10.936 -11.36 -11.407 -11.278 -11.103 -10.898 -11.412 -11.286 -11.111 -10.96 -10.882 -11.265 -11.363 -11.203 -10.416 -9.973 -9.428 -11.275
0.039052 -10.362 -10.646 -10.924 -11.365 -11.45 -11.399 -11.051 -11.389 -11.448 -11.393 -11.231 -10.981 -11.387 -11.442 -11.318 -11.146 -10.944 -11.447 -11.327 -11.155 -11.005 -10.927 -11.304 -11.4 -11.245 -10.464 -10.023 -9.479 -11.313
0.040234 -10.365 -10.654 -10.939 -11.391 -11.483 -11.437 -11.073 -11.416 -11.481 -11.431 -11.273 -11.026 -11.414 -11.476 -11.358 -11.189 -10.989 -11.482 -11.367 -11.198 -11.049 -10.973 -11.344 -11.437 -11.287 -10.512 -10.073 -9.53 -11.352
0.04145 -10.367 -10.66 -10.952 -11.417 -11.515 -11.474 -11.095 -11.443 -11.513 -11.469 -11.315 -11.071 -11.441 -11.511 -11.398 -11.232 -11.034 -11.518 -11.407 -11.241 -11.094 -11.018 -11.383 -11.474 -11.328 -10.56 -10.122 -9.581 -11.39
0.042704 -10.368 -10.666 -10.965 -11.442 -11.548 -11.512 -11.117 -11.469 -11.546 -11.506 -11.356 -11.115 -11.467 -11.545 -11.438 -11.275 -11.079 -11.552 -11.447 -11.283 -11.138 -11.063 -11.422 -11.51 -11.369 -10.608 -10.172 -9.632 -11.428
0.043996 -10.369 -10.671 -10.978 -11.467 -11.579 -11.549 -11.139 -11.495 -11.578 -11.544 -11.397 -11.16 -11.492 -11.579 -11.478 -11.318 -11.124 -11.587 -11.486 -11.326 -11.182 -11.107 -11.46 -11.546 -11.41 -10.656 -10.221 -9.683 -11.466
0.045326 -10.369 -10.675 -10.99 -11.491 -11.611 -11.586 -11.16 -11.521 -11.609 -11.581 -11.438 -11.204 -11.518 -11.612 -11.517 -11.36 -11.168 -11.621 -11.526 -11.368 -11.226 -11.152 -11.499 -11.582 -11.45 -10.704 -10.271 -9.734 -11.504
0.046697 -10.369 -10.678 -11.001 -11.515 -11.642 -11.622 -11.181 -11.546 -11.64 -11.617 -11.479 -11.248 -11.542 -11.645 -11.556 -11.402 -11.213 -11.655 -11.565 -11.41 -11.27 -11.197 -11.537 -11.618 -11.491 -10.752 -10.32 -9.784 -11.541
0.048109 -10.368 -10.681 -11.012 -11.538 -11.673 -11.659 -11.201 -11.57 -11.671 -11.654 -11.519 -11.292 -11.567 -11.678 -11.595 -11.444 -11.257 -11.688 -11.603 -11.452 -11.314 -11.241 -11.575 -11.653 -11.531 -10.799 -10.369 -9.835 -11.578
0.049564 -10.366 -10.683 -11.022 -11.561 -11.703 -11.695 -11.222 -11.594 -11.701 -11.69 -11.559 -11.335 -11.59 -11.71 -11.634 -11.486 -11.301 -11.721 -11.642 -11.494 -11.358 -11.285 -11.613 -11.689 -11.571 -10.846 -10.419 -9.885 -11.615
0.051063 -10.363 -10.685 -11.032 -11.583 -11.733 -11.731 -11.241 -11.618 -11.732 -11.726 -11.599 -11.379 -11.614 -11.742 -11.672 -11.528 -11.345 -11.754 -11.68 -11.536 -11.401 -11.329 -11.65 -11.723 -11.611 -10.894 -10.468 -9.936 -11.651
0.052608 -10.36 -10.686 -11.041 -11.605 -11.763 -11.766 -11.261 -11.641 -11.761 -11.762 -11.639 -11.422 -11.637 -11.774 -11.71 -11.569 -11.389 -11.787 -11.718 -11.577 -11.444 -11.373 -11.687 -11.758 -11.65 -10.941 -10.516 -9.986 -11.688
0.054199 -10.356 -10.685 -11.049 -11.626 -11.792 -11.801 -11.28 -11.664 -11.79 -11.797 -11.679 -11.465 -11.659 -11.805 -11.748 -11.611 -11.433 -11.819 -11.756 -11.618 -11.487 -11.417 -11.724 -11.792 -11.69 -10.988 -10.565 -10.036 -11.724
0.055838 -10.351 -10.684 -11.057 -11.647 -11.821 -11.836 -11.298 -11.686 -11.819 -11.832 -11.718 -11.508 -11.681 -11.836 -11.786 -11.652 -11.476 -11.851 -11.794 -11.659 -11.53 -11.461 -11.761 -11.826 -11.729 -11.035 -10.614 -10.087 -11.759
0.057527 -10.345 -10.683 -11.064 -11.667 -11.849 -11.871 -11.317 -11.708 -11.848 -11.866 -11.757 -11.551 -11.702 -11.867 -11.823 -11.692 -11.519 -11.882 -11.831 -11.7 -11.573 -11.504 -11.797 -11.859 -11.767 -11.082 -10.663 -10.137 -11.795
0.059267 -10.339 -10.68 -11.07 -11.687 -11.877 -11.905 -11.335 -11.729 -11.876 -11.901 -11.796 -11.593 -11.723 -11.897 -11.86 -11.733 -11.563 -11.913 -11.868 -11.741 -11.615 -11.547 -11.833 -11.893 -11.806 -11.128 -10.711 -10.187 -11.83
0.061059 -10.332 -10.677 -11.076 -11.706 -11.905 -11.939 -11.352 -11.75 -11.904 -11.935 -11.834 -11.636 -11.744 -11.927 -11.897 -11.773 -11.605 -11.944 -11.905 -11.781 -11.658 -11.591 -11.869 -11.925 -11.844 -11.175 -10.76 -10.237 -11.865
0.062906 -10.324 -10.673 -11.081 -11.725 -11.932 -11.972 -11.369 -11.77 -11.931 -11.969 -11.872 -11.678 -11.763 -11.956 -11.933 -11.813 -11.648 -11.974 -11.941 -11.821 -11.7 -11.634 -11.905 -11.958 -11.882 -11.221 -10.808 -10.287 -11.9
0.064808 -10.315 -10.667 -11.085 -11.743 -11.958 -12.005 -11.386 -11.79 -11.958 -12.002 -11.91 -11.72 -11.783 -11.985 -11.969 -11.853 -11.691 -12.004 -11.977 -11.861 -11.742 -11.676 -11.94 -11.99 -11.92 -11.267 -10.856 -10.337 -11.934
0.066769 -10.306 -10.661 -11.089 -11.76 -11.985 -12.038 -11.402 -11.809 -11.984 -12.035 -11.948 -11.762 -11.801 -12.014 -12.005 -11.893 -11.733 -12.034 -12.013 -11.9 -11.783 -11.719 -11.975 -12.022 -11.957 -11.313 -10.904 -10.386 -11.968
0.068788 -10.296 -10.655 -11.092 -11.777 -12.01 -12.071 -11.418 -11.827 -12.01 -12.067 -11.986 -11.803 -11.819 -12.042 -12.041 -11.932 -11.775 -12.063 -12.049 -11.94 -11.825 -11.761 -12.01 -12.053 -11.994 -11.359 -10.952 -10.436 -12.002
0.070868 -10.285 -10.647 -11.094 -11.794 -12.036 -12.103 -11.434 -11.845 -12.035 -12.1 -12.023 -11.844 -11.837 -12.07 -12.076 -11.971 -11.817 -12.091 -12.084 -11.979 -11.866 -11.804 -12.044 -12.084 -12.031 -11.405 -11.0 -10.485 -12.035
0.073012 -10.273 -10.638 -11.095 -11.809 -12.06 -12.135 -11.449 -11.862 -12.06 -12.132 -12.06 -11.885 -11.854 -12.097 -12.111 -12.01 -11.858 -12.12 -12.119 -12.017 -11.907 -11.846 -12.078 -12.115 -12.068 -11.45 -11.048 -10.535 -12.068
0.07522 -10.26 -10.628 -11.096 -11.824 -12.085 -12.166 -11.463 -11.879 -12.084 -12.163 -12.096 -11.926 -11.87 -12.124 -12.145 -12.048 -11.9 -12.148 -12.153 -12.056 -11.948 -11.888 -12.111 -12.145 -12.104 -11.496 -11.095 -10.584 -12.101
0.077495 -10.246 -10.617 -11.095 -11.839 -12.109 -12.197 -11.477 -11.895 -12.108 -12.194 -12.132 -11.967 -11.886 -12.15 -12.18 -12.087 -11.941 -12.175 -12.187 -12.094 -11.988 -11.929 -12.145 -12.175 -12.14 -11.541 -11.143 -10.633 -12.133
0.079839 -10.231 -10.606 -11.094 -11.852 -12.132 -12.227 -11.491 -11.91 -12.132 -12.225 -12.168 -12.007 -11.901 -12.176 -12.213 -12.125 -11.982 -12.202 -12.221 -12.132 -12.029 -11.971 -12.178 -12.204 -12.175 -11.586 -11.19 -10.682 -12.165
0.082253 -10.216 -10.593 -11.092 -11.865 -12.154 -12.257 -11.504 -11.925 -12.154 -12.255 -12.204 -12.047 -11.915 -12.202 -12.247 -12.162 -12.022 -12.228 -12.254 -12.17 -12.069 -12.012 -12.21 -12.233 -12.211 -11.631 -11.237 -10.731 -12.196
0.084741 -10.199 -10.579 -11.089 -11.878 -12.177 -12.287 -11.516 -11.939 -12.177 -12.285 -12.239 -12.087 -11.928 -12.227 -12.28 -12.2 -12.063 -12.254 -12.288 -12.207 -12.108 -12.053 -12.242 -12.262 -12.245 -11.676 -11.284 -10.78 -12.228
0.087304 -10.182 -10.564 -11.086 -11.889 -12.198 -12.316 -11.529 -11.952 -12.198 -12.314 -12.274 -12.126 -11.941 -12.251 -12.312 -12.237 -12.103 -12.28 -12.32 -12.244 -12.148 -12.094 -12.274 -12.29 -12.28 -11.72 -11.331 -10.829 -12.259
0.089944 -10.163 -10.548 -11.081 -11.9 -12.219 -12.345 -11.54 -11.965 -12.22 -12.343 -12.308 -12.166 -11.953 -12.275 -12.345 -12.273 -12.143 -12.305 -12.352 -12.281 -12.187 -12.134 -12.305 -12.318 -12.314 -11.765 -11.378 -10.878 -12.289
0.092665 -10.144 -10.53 -11.075 -11.91 -12.239 -12.373 -11.551 -11.977 -12.24 -12.372 -12.343 -12.205 -11.965 -12.298 -12.377 -12.31 -12.182 -12.329 -12.384 -12.317 -12.226 -12.175 -12.336 -12.345 -12.348 -11.809 -11.424 -10.926 -12.319
0.095467 -10.124 -10.512 -11.069 -11.919 -12.259 -12.401 -11.562 -11.988 -12.26 -12.399 -12.376 -12.243 -11.975 -12.321 -12.408 -12.346 -12.222 -12.353 -12.416 -12.353 -12.265 -12.215 -12.367 -12.371 -12.381 -11.853 -11.471 -10.975 -12.349
0.098355 -10.102 -10.492 -11.061 -11.928 -12.278 -12.428 -11.572 -11.998 -12.279 -12.427 -12.41 -12.282 -11.985 -12.343 -12.439 -12.381 -12.261 -12.376 -12.447 -12.389 -12.303 -12.254 -12.397 -12.397 -12.414 -11.897 -11.517 -11.023 -12.378
0.101329 -10.08 -10.471 -11.053 -11.935 -12.297 -12.455 -11.581 -12.008 -12.298 -12.454 -12.443 -12.32 -11.994 -12.364 -12.469 -12.416 -12.299 -12.399 -12.477 -12.424 -12.341 -12.294 -12.427 -12.423 -12.447 -11.94 -11.563 -11.071 -12.407
0.104394 -10.056 -10.449 -11.043 -11.942 -12.314 -12.481 -11.59 -12.016 -12.316 -12.48 -12.475 -12.357 -12.002 -12.385 -12.5 -12.451 -12.338 -12.421 -12.507 -12.459 -12.379 -12.333 -12.456 -12.448 -12.479 -11.983 -11.609 -11.119 -12.435
0.107551 -10.031 -10.425 -11.032 -11.948 -12.331 -12.506 -11.598 -12.024 -12.333 -12.506 -12.507 -12.395 -12.009 -12.405 -12.529 -12.486 -12.376 -12.442 -12.537 -12.494 -12.416 -12.372 -12.485 -12.472 -12.511 -12.026 -11.655 -11.167 -12.463
0.110804 -10.006 -10.4 -11.021 -11.952 -12.348 -12.531 -11.605 -12.031 -12.349 -12.531 -12.539 -12.432 -12.016 -12.425 -12.558 -12.52 -12.414 -12.463 -12.566 -12.528 -12.453 -12.411 -12.513 -12.496 -12.542 -12.069 -11.7 -11.214 -12.49
0.114155 -9.979 -10.373 -11.008 -11.956 -12.363 -12.556 -11.612 -12.037 -12.365 -12.556 -12.57 -12.468 -12.021 -12.444 -12.587 -12.554 -12.451 -12.483 -12.595 -12.562 -12.49 -12.449 -12.541 -12.519 -12.573 -12.112 -11.745 -11.262 -12.517
0.117608 -9.951 -10.346 -10.994 -11.959 -12.378 -12.58 -11.618 -12.042 -12.38 -12.58 -12.601 -12.504 -12.025 -12.462 -12.615 -12.587 -12.488 -12.503 -12.623 -12.595 -12.526 -12.487 -12.568 -12.542 -12.603 -12.154 -11.79 -11.309 -12.543
0.121165 -9.921 -10.316 -10.978 -11.961 -12.392 -12.603 -11.624 -12.046 -12.394 -12.603 -12.631 -12.54 -12.029 -12.479 -12.642 -12.62 -12.524 -12.522 -12.65 -12.628 -12.562 -12.524 -12.595 -12.564 -12.633 -12.196 -11.835 -11.356 -12.569
0.124829 -9.891 -10.285 -10.962 -11.962 -12.405 -12.625 -11.629 -12.049 -12.407 -12.626 -12.661 -12.576 -12.031 -12.496 -12.669 -12.652 -12.561 -12.54 -12.677 -12.66 -12.598 -12.562 -12.621 -12.585 -12.662 -12.238 -11.88 -11.403 -12.594
0.128605 -9.859 -10.252 -10.944 -11.962 -12.417 -12.647 -11.633 -12.051 -12.42 -12.648 -12.69 -12.611 -12.032 -12.511 -12.695 -12.684 -12.596 -12.557 -12.703 -12.692 -12.633 -12.599 -12.646 -12.606 -12.691 -12.279 -11.924 -11.45 -12.619
0.132494 -9.826 -10.218 -10.925 -11.96 -12.429 -12.668 -11.636 -12.052 -12.431 -12.669 -12.719 -12.645 -12.033 -12.526 -12.721 -12.715 -12.632 -12.573 -12.729 -12.723 -12.667 -12.635 -12.671 -12.626 -12.719 -12.32 -11.968 -11.497 -12.643
0.136502 -9.792 -10.182 -10.904 -11.958 -12.439 -12.688 -11.638 -12.051 -12.442 -12.69 -12.747 -12.68 -12.032 -12.541 -12.746 -12.746 -12.667 -12.589 -12.754 -12.754 -12.702 -12.671 -12.696 -12.645 -12.747 -12.361 -12.012 -11.543 -12.666
0.14063 -9.756 -10.144 -10.882 -11.954 -12.449 -12.708 -11.64 -12.05 -12.452 -12.71 -12.774 -12.713 -12.029 -12.554 -12.77 -12.776 -12.701 -12.604 -12.779 -12.785 -12.735 -12.707 -12.719 -12.663 -12.774 -12.401 -12.056 -11.589 -12.689
0.144883 -9.719 -10.104 -10.859 -11.949 -12.457 -12.727 -11.641 -12.047 -12.46 -12.729 -12.801 -12.746 -12.026 -12.566 -12.794 -12.806 -12.735 -12.618 -12.802 -12.814 -12.769 -12.742 -12.742 -12.681 -12.8 -12.442 -12.099 -11.635 -12.711
0.149265 -9.681 -10.062 -10.833 -11.942 -12.464 -12.745 -11.64 -12.043 -12.468 -12.747 -12.827 -12.779 -12.021 -12.577 -12.817 -12.835 -12.769 -12.631 -12.825 -12.844 -12.802 -12.777 -12.764 -12.698 -12.826 -12.481 -12.142 -11.681 -12.733
0.15378 -9.641 -10.019 -10.807 -11.935 -12.471 -12.762 -11.639 -12.038 -12.474 -12.765 -12.852 -12.811 -12.015 -12.588 -12.839 -12.863 -12.802 -12.643 -12.848 -12.872 -12.834 -12.811 -12.786 -12.713 -12.851 -12.521 -12.185 -11.726 -12.754
0.15843 -9.6 -9.973 -10.778 -11.925 -12.476 -12.778 -11.637 -12.031 -12.48 -12.781 -12.877 -12.843 -12.008 -12.597 -12.86 -12.891 -12.834 -12.654 -12.869 -12.9 -12.865 -12.845 -12.807 -12.728 -12.875 -12.56 -12.228 -11.772 -12.774
0.163222 -9.558 -9.925 -10.748 -11.915 -12.48 -12.793 -11.634 -12.023 -12.484 -12.797 -12.901 -12.874 -11.999 -12.605 -12.881 -12.918 -12.866 -12.664 -12.89 -12.927 -12.897 -12.879 -12.827 -12.742 -12.898 -12.598 -12.27 -11.817 -12.793
0.168159 -9.514 -9.874 -10.717 -11.903 -12.482 -12.807 -11.63 -12.014 -12.487 -12.811 -12.925 -12.904 -11.988 -12.612 -12.9 -12.944 -12.897 -12.673 -12.909 -12.954 -12.927 -12.911 -12.846 -12.755 -12.921 -12.637 -12.312 -11.862 -12.811
0.173245 -9.468 -9.822 -10.683 -11.889 -12.484 -12.82 -11.625 -12.002 -12.489 -12.825 -12.947 -12.934 -11.976 -12.618 -12.919 -12.97 -12.928 -12.68 -12.928 -12.98 -12.957 -12.944 -12.864 -12.767 -12.943 -12.674 -12.353 -11.906 -12.829
0.178484 -9.421 -9.766 -10.647 -11.873 -12.484 -12.833 -11.618 -11.99 -12.489 -12.837 -12.969 -12.963 -11.963 -12.623 -12.937 -12.995 -12.958 -12.687 -12.946 -13.005 -12.986 -12.975 -12.882 -12.778 -12.964 -12.712 -12.394 -11.95 -12.846
0.183882 -9.373 -9.708 -10.609 -11.856 -12.483 -12.844 -11.611 -11.975 -12.488 -12.849 -12.989 -12.991 -11.947 -12.626 -12.954 -13.019 -12.987 -12.692 -12.963 -13.029 -13.015 -13.006 -12.898 -12.788 -12.984 -12.748 -12.435 -11.994 -12.861
0.189444 -9.322 -9.648 -10.57 -11.837 -12.48 -12.853 -11.602 -11.959 -12.486 -12.859 -13.009 -13.019 -11.93 -12.628 -12.969 -13.042 -13.016 -12.696 -12.979 -13.052 -13.042 -13.037 -12.914 -12.797 -13.003 -12.785 -12.475 -12.037 -12.876
0.195173 -9.271 -9.585 -10.528 -11.816 -12.475 -12.862 -11.592 -11.941 -12.482 -12.868 -13.028 -13.046 -11.911 -12.629 -12.984 -13.065 -13.044 -12.699 -12.994 -13.075 -13.069 -13.067 -12.928 -12.804 -13.022 -12.82 -12.515 -12.081 -12.89
0.201076 -9.218 -9.518 -10.483 -11.792 -12.47 -12.869 -11.58 -11.921 -12.476 -12.876 -13.046 -13.072 -11.89 -12.628 -12.998 -13.086 -13.071 -12.7 -13.008 -13.097 -13.096 -13.096 -12.942 -12.81 -13.039 -12.856 -12.555 -12.124 -12.903
0.207158 -9.163 -9.449 -10.437 -11.767 -12.462 -12.875 -11.567 -11.898 -12.469 -12.882 -13.063 -13.097 -11.867 -12.625 -13.01 -13.106 -13.097 -12.7 -13.021 -13.117 -13.121 -13.124 -12.954 -12.815 -13.055 -12.89 -12.594 -12.166 -12.915
0.213423 -9.106 -9.376 -10.387 -11.74 -12.452 -12.879 -11.553 -11.874 -12.46 -12.887 -13.078 -13.122 -11.841 -12.621 -13.021 -13.126 -13.123 -12.698 -13.032 -13.137 -13.146 -13.152 -12.965 -12.818 -13.07 -12.924 -12.632 -12.208 -12.925
0.219878 -9.049 -9.3 -10.335 -11.71 -12.441 -12.882 -11.536 -11.848 -12.449 -12.89 -13.093 -13.145 -11.813 -12.616 -13.031 -13.144 -13.147 -12.695 -13.042 -13.155 -13.169 -13.178 -12.975 -12.82 -13.084 -12.957 -12.67 -12.25 -12.934
0.226528 -8.989 -9.22 -10.281 -11.677 -12.428 -12.884 -11.519 -11.819 -12.436 -12.892 -13.106 -13.168 -11.783 -12.608 -13.039 -13.161 -13.171 -12.69 -13.051 -13.173 -13.192 -13.204 -12.983 -12.82 -13.097 -12.99 -12.707 -12.291 -12.943
0.233379 -8.928 -9.137 -10.223 -11.642 -12.412 -12.883 -11.499 -11.787 -12.421 -12.892 -13.118 -13.189 -11.751 -12.598 -13.046 -13.177 -13.194 -12.683 -13.058 -13.189 -13.213 -13.229 -12.99 -12.819 -13.108 -13.022 -12.744 -12.332 -12.949
0.240437 -8.866 -9.049 -10.163 -11.605 -12.395 -12.881 -11.478 -11.753 -12.404 -12.891 -13.129 -13.209 -11.715 -12.587 -13.052 -13.192 -13.215 -12.674 -13.064 -13.204 -13.234 -13.253 -12.996 -12.816 -13.118 -13.053 -12.781 -12.372 -12.955
0.247709 -8.803 -8.957 -10.099 -11.564 -12.375 -12.877 -11.455 -11.716 -12.385 -12.888 -13.138 -13.229 -11.677 -12.573 -13.055 -13.206 -13.236 -12.663 -13.068 -13.218 -13.253 -13.276 -13.0 -12.811 -13.126 -13.083 -12.816 -12.412 -12.959
0.255201 -8.738 -8.861 -10.032 -11.521 -12.353 -12.871 -11.429 -11.676 -12.363 -12.882 -13.146 -13.247 -11.636 -12.557 -13.058 -13.218 -13.255 -12.65 -13.07 -13.23 -13.272 -13.298 -13.003 -12.804 -13.133 -13.113 -12.851 -12.451 -12.961
0.262919 -8.671 -8.76 -9.961 -11.474 -12.328 -12.863 -11.402 -11.633 -12.339 -12.875 -13.152 -13.263 -11.591 -12.539 -13.058 -13.228 -13.273 -12.635 -13.071 -13.241 -13.288 -13.318 -13.004 -12.795 -13.138 -13.141 -12.885 -12.49 -12.962
0.270871 -8.604 -8.655 -9.887 -11.424 -12.3 -12.853 -11.372 -11.587 -12.312 -12.865 -13.156 -13.279 -11.544 -12.518 -13.056 -13.237 -13.29 -12.617 -13.07 -13.25 -13.304 -13.338 -13.003 -12.783 -13.142 -13.169 -12.919 -12.528 -12.961
0.279064 -8.536 -8.544 -9.809 -11.37 -12.27 -12.841 -11.34 -11.538 -12.282 -12.854 -13.158 -13.293 -11.492 -12.495 -13.052 -13.244 -13.305 -12.597 -13.066 -13.258 -13.318 -13.356 -13.0 -12.77 -13.143 -13.196 -12.951 -12.565 -12.958
0.287504 -8.467 -8.428 -9.726 -11.312 -12.236 -12.826 -11.305 -11.484 -12.249 -12.839 -13.159 -13.305 -11.437 -12.469 -13.047 -13.25 -13.319 -12.574 -13.061 -13.264 -13.331 -13.373 -12.995 -12.754 -13.143 -13.221 -12.983 -12.602 -12.953
0.296199 -8.397 -8.305 -9.64 -11.251 -12.199 -12.808 -11.268 -11.427 -12.213 -12.823 -13.158 -13.316 -11.378 -12.439 -13.038 -13.253 -13.331 -12.549 -13.053 -13.268 -13.342 -13.388 -12.988 -12.736 -13.141 -13.246 -13.014 -12.638 -12.947
0.305157 -8.327 -8.177 -9.549 -11.185 -12.159 -12.788 -11.227 -11.366 -12.174 -12.803 -13.154 -13.325 -11.315 -12.407 -13.028 -13.255 -13.341 -12.52 -13.043 -13.27 -13.351 -13.402 -12.979 -12.714 -13.136 -13.269 -13.044 -12.673 -12.938
0.314387 -8.257 -8.042 -9.453 -11.114 -12.115 -12.764 -11.184 -11.3 -12.131 -12.781 -13.148 -13.332 -11.247 -12.371 -13.015 -13.254 -13.35 -12.488 -13.031 -13.27 -13.358 -13.415 -12.967 -12.69 -13.129 -13.291 -13.073 -12.708 -12.927
0.323895 -8.187 -7.901 -9.352 -11.039 -12.068 -12.738 -11.138 -11.229 -12.084 -12.755 -13.14 -13.337 -11.175 -12.332 -12.999 -13.252 -13.357 -12.453 -13.015 -13.267 -13.364 -13.425 -12.953 -12.663 -13.12 -13.311 -13.101 -12.741 -12.913
0.333691 -8.117 -7.752 -9.245 -10.958 -12.016 -12.708 -11.088 -11.154 -12.033 -12.726 -13.129 -13.341 -11.098 -12.289 -12.98 -13.246 -13.362 -12.415 -12.997 -13.263 -13.367 -13.434 -12.936 -12.633 -13.108 -13.33 -13.128 -12.774 -12.897
0.343783 -8.047 -7.595 -9.133 -10.872 -11.959 -12.675 -11.034 -11.073 -11.978 -12.694 -13.115 -13.342 -11.015 -12.242 -12.958 -13.239 -13.365 -12.372 -12.976 -13.255 -13.368 -13.441 -12.916 -12.599 -13.093 -13.348 -13.153 -12.806 -12.879
0.354181 -7.978 -7.43 -9.015 -10.781 -11.898 -12.638 -10.977 -10.987 -11.918 -12.658 -13.099 -13.34 -10.926 -12.191 -12.933 -13.228 -13.365 -12.326 -12.951 -13.245 -13.367 -13.445 -12.894 -12.561 -13.075 -13.364 -13.177 -12.837 -12.857
0.364893 -7.91 -7.256 -8.891 -10.683 -11.832 -12.596 -10.916 -10.895 -11.853 -12.618 -13.079 -13.337 -10.831 -12.135 -12.904 -13.215 -13.363 -12.275 -12.923 -13.232 -13.364 -13.448 -12.868 -12.52 -13.054 -13.378 -13.2 -12.866 -12.833
0.375929 -7.844 -7.073 -8.76 -10.578 -11.761 -12.551 -10.85 -10.796 -11.783 -12.573 -13.056 -13.33 -10.73 -12.074 -12.871 -13.198 -13.358 -12.219 -12.891 -13.216 -13.357 -13.448 -12.838 -12.474 -13.03 -13.39 -13.221 -12.895 -12.805
0.387298 -7.779 -6.881 -8.623 -10.466 -11.684 -12.5 -10.78 -10.69 -11.707 -12.524 -13.029 -13.321 -10.621 -12.008 -12.835 -13.178 -13.351 -12.159 -12.856 -13.197 -13.348 -13.445 -12.805 -12.423 -13.002 -13.401 -13.241 -12.922 -12.774
0.399012 -7.715 -6.677 -8.477 -10.346 -11.601 -12.445 -10.705 -10.577 -11.625 -12.471 -12.998 -13.308 -10.505 -11.936 -12.793 -13.155 -13.341 -12.094 -12.816 -13.174 -13.336 -13.44 -12.767 -12.368 -12.97 -13.409 -13.259 -12.948 -12.739
0.41108 -7.654 -6.463 -8.324 -10.219 -11.511 -12.384 -10.625 -10.456 -11.537 -12.411 -12.964 -13.292 -10.381 -11.858 -12.748 -13.127 -13.327 -12.023 -12.771 -13.148 -13.32 -13.432 -12.726 -12.308 -12.934 -13.415 -13.276 -12.973 -12.701
0.423513 -7.594 -6.237 -8.163 -10.082 -11.414 -12.318 -10.539 -10.326 -11.442 -12.347 -12.925 -13.273 -10.248 -11.774 -12.697 -13.096 -13.31 -11.946 -12.721 -13.117 -13.301 -13.421 -12.68 -12.242 -12.893 -13.418 -13.29 -12.996 -12.658
0.436321 -7.536 -5.999 -7.993 -9.936 -11.309 -12.245 -10.447 -10.188 -11.339 -12.276 -12.881 -13.25 -10.106 -11.683 -12.641 -13.059 -13.289 -11.862 -12.667 -13.082 -13.278 -13.406 -12.629 -12.17 -12.848 -13.419 -13.302 -13.017 -12.611
0.449518 -7.48 -5.748 -7.813 -9.78 -11.197 -12.166 -10.349 -10.039 -11.228 -12.198 -12.832 -13.223 -9.954 -11.584 -12.578 -13.019 -13.264 -11.772 -12.606 -13.042 -13.251 -13.387 -12.573 -12.091 -12.797 -13.416 -13.313 -13.037 -12.559
0.463113 -7.425 -5.484 -7.624 -9.613 -11.075 -12.079 -10.244 -9.88 -11.109 -12.114 -12.777 -13.191 -9.791 -11.477 -12.51 -12.973 -13.235 -11.674 -12.539 -12.997 -13.219 -13.365 -12.511 -12.006 -12.741 -13.411 -13.32 -13.055 -12.503
0.47712 -7.371 -5.206 -7.424 -9.434 -10.944 -11.985 -10.132 -9.71 -10.98 -12.022 -12.717 -13.155 -9.616 -11.361 -12.435 -12.921 -13.201 -11.569 -12.466 -12.946 -13.183 -13.338 -12.443 -11.914 -12.678 -13.402 -13.325 -13.071 -12.441
0.49155 -7.319 -4.915 -7.213 -9.242 -10.803 -11.882 -10.012 -9.527 -10.841 -11.921 -12.65 -13.113 -9.429 -11.237 -12.352 -12.863 -13.162 -11.455 -12.385 -12.89 -13.141 -13.307 -12.368 -11.813 -12.61 -13.39 -13.328 -13.085 -12.373
0.506416 -7.267 -4.61 -6.991 -9.037 -10.65 -11.771 -9.883 -9.331 -10.692 -11.812 -12.576 -13.066 -9.228 -11.101 -12.262 -12.799 -13.117 -11.333 -12.297 -12.827 -13.094 -13.271 -12.287 -11.703 -12.534 -13.374 -13.327 -13.096 -12.299
0.521733 -7.216 -4.292 -6.756 -8.817 -10.486 -11.649 -9.745 -9.12 -10.53 -11.693 -12.495 -13.013 -9.013 -10.955 -12.163 -12.728 -13.067 -11.201 -12.201 -12.757 -13.04 -13.23 -12.198 -11.585 -12.45 -13.354 -13.323 -13.106 -12.219
0.537512 -7.164 -3.964 -6.508 -8.58 -10.308 -11.517 -9.598 -8.894 -10.356 -11.564 -12.406 -12.954 -8.781 -10.798 -12.054 -12.648 -13.01 -11.059 -12.095 -12.679 -12.98 -13.182 -12.101 -11.456 -12.359 -13.329 -13.316 -13.112 -12.133
0.553769 -7.111 -3.629 -6.246 -8.326 -10.117 -11.373 -9.44 -8.651 -10.168 -11.424 -12.308 -12.887 -8.532 -10.627 -11.936 -12.561 -12.946 -10.906 -11.98 -12.593 -12.913 -13.129 -11.994 -11.316 -12.258 -13.299 -13.304 -13.115 -12.038
0.570517 -7.057 -3.291 -5.97 -8.053 -9.91 -11.216 -9.272 -8.389 -9.966 -11.271 -12.2 -12.813 -8.264 -10.442 -11.806 -12.464 -12.874 -10.742 -11.854 -12.498 -12.838 -13.068 -11.878 -11.164 -12.148 -13.264 -13.289 -13.116 -11.936
0.587772 -7.0 -2.957 -5.677 -7.759 -9.686 -11.046 -9.091 -8.108 -9.746 -11.104 -12.082 -12.73 -7.976 -10.242 -11.665 -12.358 -12.795 -10.565 -11.717 -12.394 -12.755 -13.0 -11.752 -10.999 -12.027 -13.222 -13.269 -13.113 -11.826
0.605549 -6.941 -2.636 -5.368 -7.442 -9.444 -10.86 -8.897 -7.804 -9.509 -10.923 -11.952 -12.638 -7.665 -10.025 -11.51 -12.24 -12.706 -10.376 -11.568 -12.279 -12.662 -12.924 -11.614 -10.821 -11.894 -13.175 -13.244 -13.106 -11.707
0.623863 -6.879 -2.338 -5.041 -7.101 -9.183 -10.659 -8.689 -7.476 -9.253 -10.726 -11.81 -12.536 -7.329 -9.79 -11.341 -12.111 -12.607 -10.174 -11.405 -12.152 -12.559 -12.839 -11.464 -10.626 -11.749 -13.12 -13.214 -13.095 -11.579
0.642731 -6.812 -2.071 -4.694 -6.732 -8.899 -10.439 -8.465 -7.123 -8.976 -10.512 -11.655 -12.423 -6.967 -9.535 -11.156 -11.969 -12.497 -9.959 -11.227 -12.013 -12.446 -12.744 -11.3 -10.415 -11.591 -13.057 -13.178 -13.08 -11.44
0.66217 -6.741 -1.841 -4.326 -6.334 -8.591 -10.199 -8.226 -6.74 -8.675 -10.278 -11.485 -12.298 -6.575 -9.258 -10.954 -11.812 -12.376 -9.73 -11.033 -11.859 -12.319 -12.639 -11.122 -10.186 -11.417 -12.987 -13.136 -13.06 -11.291
0.682197 -6.665 -1.647 -3.936 -5.904 -8.258 -9.938 -7.969 -6.327 -8.349 -10.024 -11.298 -12.16 -6.151 -8.958 -10.733 -11.64 -12.241 -9.487 -10.822 -11.691 -12.18 -12.522 -10.927 -9.937 -11.227 -12.906 -13.086 -13.035 -11.131
0.70283 -6.582 -1.483 -3.522 -5.437 -7.895 -9.653 -7.693 -5.878 -7.995 -9.746 -11.094 -12.008 -5.692 -8.631 -10.491 -11.45 -12.092 -9.232 -10.593 -11.506 -12.025 -12.393 -10.714 -9.665 -11.018 -12.816 -13.029 -13.004 -10.96
0.724086 -6.492 -1.342 -3.08 -4.932 -7.501 -9.341 -7.397 -5.391 -7.611 -9.443 -10.871 -11.84 -5.193 -8.275 -10.227 -11.241 -11.927 -8.966 -10.343 -11.302 -11.855 -12.249 -10.482 -9.369 -10.79 -12.714 -12.963 -12.966 -10.777
0.745986 -6.395 -1.214 -2.609 -4.382 -7.071 -9.001 -7.08 -4.862 -7.192 -9.111 -10.625 -11.654 -4.651 -7.887 -9.936 -11.012 -11.744 -8.691 -10.072 -11.078 -11.667 -12.09 -10.228 -9.047 -10.54 -12.599 -12.887 -12.922 -10.581
0.768548 -6.29 -1.091 -2.105 -3.785 -6.603 -8.628 -6.74 -4.287 -6.737 -8.749 -10.356 -11.448 -4.061 -7.464 -9.618 -10.758 -11.541 -8.41 -9.778 -10.833 -11.458 -11.914 -9.951 -8.695 -10.265 -12.47 -12.801 -12.87 -10.373
0.791792 -6.175 -0.967 -1.565 -3.134 -6.091 -8.219 -6.377 -3.659 -6.24 -8.352 -10.061 -11.222 -3.417 -7.002 -9.268 -10.479 -11.317 -8.126 -9.459 -10.563 -11.228 -11.719 -9.647 -8.31 -9.964 -12.326 -12.703 -12.809 -10.152
0.815739 -6.049 -0.837 -0.985 -2.423 -5.532 -7.77 -5.99 -2.974 -5.698 -7.917 -9.736 -10.971 -2.715 -6.496 -8.884 -10.171 -11.069 -7.846 -9.116 -10.266 -10.974 -11.504 -9.314 -7.889 -9.633 -12.165 -12.592 -12.739 -9.919
0.840411 -5.912 -0.698 -0.36 -1.646 -4.92 -7.277 -5.58 -2.225 -5.104 -7.439 -9.379 -10.694 -1.947 -5.941 -8.461 -9.83 -10.794 -7.571 -8.747 -9.94 -10.693 -11.267 -8.948 -7.427 -9.269 -11.984 -12.467 -12.658 -9.673
0.865828 -5.763 -0.547 0.316 -0.795 -4.247 -6.734 -5.149 -1.404 -4.455 -6.913 -8.986 -10.387 -1.104 -5.333 -7.994 -9.454 -10.488 -7.306 -8.355 -9.582 -10.383 -11.005 -8.547 -6.92 -8.868 -11.781 -12.325 -12.565 -9.416
0.892015 -5.599 -0.383 1.049 0.138 -3.509 -6.135 -4.7 -0.502 -3.742 -6.335 -8.553 -10.047 -0.18 -4.663 -7.479 -9.037 -10.149 -7.05 -7.941 -9.19 -10.04 -10.717 -8.104 -6.363 -8.426 -11.554 -12.165 -12.458 -9.148
0.918993 -5.419 -0.204 1.845 1.166 -2.695 -5.473 -4.241 0.49 -2.958 -5.697 -8.074 -9.669 0.838 -3.926 -6.91 -8.574 -9.771 -6.802 -7.511 -8.762 -9.661 -10.399 -7.617 -5.75 -7.937 -11.299 -11.983 -12.336 -8.871
0.946787 -5.222 -0.007 2.713 2.298 -1.797 -4.74 -3.779 1.584 -2.095 -4.992 -7.545 -9.251 1.96 -3.112 -6.278 -8.06 -9.351 -6.557 -7.074 -8.295 -9.242 -10.05 -7.078 -5.073 -7.397 -11.014 -11.779 -12.197 -8.583
0.975422 -5.006 0.21 3.661 3.55 -0.803 -3.928 -3.326 2.793 -1.143 -4.211 -6.96 -8.785 3.201 -2.211 -5.577 -7.488 -8.882 -6.31 -6.637 -7.791 -8.781 -9.669 -6.481 -4.323 -6.798 -10.692 -11.548 -12.039 -8.287
1.004923 -4.767 0.449 4.701 4.936 0.299 -3.024 -2.891 4.133 -0.09 -3.346 -6.31 -8.266 4.576 -1.211 -4.798 -6.85 -8.359 -6.052 -6.212 -7.252 -8.276 -9.253 -5.819 -3.493 -6.133 -10.331 -11.286 -11.858 -7.979
1.035317 -4.503 0.713 5.844 6.477 1.523 -2.016 -2.477 5.622 1.077 -2.383 -5.587 -7.688 6.104 -0.1 -3.928 -6.137 -7.772 -5.778 -5.803 -6.684 -7.723 -8.803 -5.082 -2.57 -5.393 -9.924 -10.99 -11.653 -7.66
1.066629 -4.211 1.005 7.104 8.193 2.888 -0.89 -2.08 7.281 2.375 -1.311 -4.783 -7.042 7.807 1.139 -2.955 -5.338 -7.114 -5.481 -5.408 -6.1 -7.127 -8.32 -4.26 -1.541 -4.568 -9.464 -10.654 -11.418 -7.325
1.098888 -3.887 1.329 8.499 10.111 4.414 0.371 -1.69 9.136 3.82 -0.114 -3.885 -6.318 9.709 2.525 -1.865 -4.441 -6.375 -5.154 -5.018 -5.515 -6.491 -7.807 -3.341 -0.39 -3.644 -8.944 -10.272 -11.149 -6.969
1.132124 -3.526 1.69 10.049 12.261 6.126 1.789 -1.292 11.215 5.436 1.226 -2.88 -5.506 11.843 4.079 -0.64 -3.431 -5.542 -4.792 -4.62 -4.943 -5.829 -7.269 -2.311 0.9 -2.609 -8.354 -9.838 -10.842 -6.587
1.166364 -3.123 2.093 11.777 14.681 8.051 3.388 -0.869 13.553 7.247 2.729 -1.753 -4.593 14.242 5.828 0.742 -2.29 -4.601 -4.388 -4.197 -4.388 -5.156 -6.709 -1.15 2.351 -1.443 -7.684 -9.342 -10.489 -6.169
1.20164 -2.67 2.545 13.713 17.413 10.225 5.196 -0.408 16.193 9.284 4.422 -0.484 -3.565 16.95 7.804 2.305 -0.998 -3.535 -3.936 -3.736 -3.841 -4.487 -6.13 0.16 3.991 -0.128 -6.92 -8.776 -10.084 -5.709
1.237983 -2.161 3.054 15.893 20.51 12.688 7.248 0.105 19.184 11.584 6.332 0.946 -2.402 20.018 10.043 4.08 0.47 -2.325 -3.427 -3.224 -3.281 -3.826 -5.528 1.645 5.849 1.363 -6.046 -8.127 -9.618 -5.195
1.275425 -1.586 3.63 18.36 24.036 15.491 9.587 0.682 22.587 14.192 8.495 2.566 -1.084 23.508 12.591 6.102 2.145 -0.945 -2.852 -2.647 -2.682 -3.159 -4.892 3.336 7.963 3.058 -5.044 -7.382 -9.079 -4.617
1.313999 -0.932 4.283 21.167 28.067 18.695 12.261 1.336 26.473 17.16 10.952 4.405 0.413 27.494 15.503 8.415 4.063 0.631 -2.198 -1.993 -2.019 -2.459 -4.203 5.268 10.381 4.995 -3.891 -6.522 -8.455 -3.962
1.35374 -0.187 5.029 24.379 32.696 22.372 15.334 2.082 30.932 20.555 13.754 6.501 2.121 32.067 18.846 11.073 6.267 2.439 -1.452 -1.248 -1.27 -1.693 -3.439 7.487 13.157 7.217 -2.559 -5.527 -7.73 -3.216
1.394683 0.669 5.884 28.077 38.038 26.613 18.88 2.937 36.071 24.456 16.962 8.901 4.076 37.337 22.701 14.141 8.813 4.519 -0.597 -0.392 -0.414 -0.83 -2.576 10.046 16.361 9.78 -1.014 -4.372 -6.884 -2.361
1.436864 1.233 6.448 29.683 40.249 28.421 20.432 3.501 38.206 26.135 18.384 10.027 5.04 39.52 24.366 15.518 9.998 5.533 -0.033 0.172 0.15 -0.265 -2.011 11.236 17.788 10.971 -0.194 -3.695 -6.32 -1.797
1.480321 1.629 6.845 30.08 40.646 28.817 20.829 3.898 38.603 26.531 18.78 10.424 5.437 39.917 24.762 15.914 10.395 5.929 0.364 0.568 0.547 0.131 -1.614 11.633 18.184 11.367 0.202 -3.298 -5.924 -1.4
1.525092 2.05 7.266 30.5 41.066 29.238 21.25 4.318 39.023 26.952 19.201 10.844 5.857 40.337 25.183 16.335 10.815 6.35 0.784 0.989 0.968 0.552 -1.194 12.053 18.605 11.788 0.623 -2.877 -5.503 -0.98
1.571218 2.496 7.712 30.947 41.513 29.684 21.696 4.765 39.47 27.399 19.647 11.291 6.304 40.784 25.629 16.782 11.262 6.796 1.231 1.436 1.414 0.999 -0.747 12.5 19.051 12.235 1.07 -2.431 -5.057 -0.533
1.618738 2.97 8.186 31.421 41.987 30.158 22.17 5.239 39.944 27.873 20.121 11.765 6.778 41.258 26.103 17.256 11.736 7.27 1.705 1.91 1.888 1.473 -0.273 12.974 19.525 12.709 1.544 -1.957 -4.583 -0.059
1.667696 3.474 8.689 31.924 42.49 30.662 22.673 5.742 40.447 28.376 20.625 12.268 7.281 41.761 26.607 17.759 12.239 7.773 2.208 2.413 2.391 1.976 0.23 13.477 20.028 13.212 2.047 -1.454 -4.08 0.444
1.718134 4.008 9.223 32.458 43.024 31.196 23.207 6.276 40.981 28.91 21.159 12.802 7.815 42.295 27.141 18.293 12.773 8.307 2.742 2.947 2.925 2.51 0.764 14.011 20.562 13.746 2.581 -0.92 -3.546 0.978
1.770098 4.574 9.79 33.025 43.591 31.762 23.774 6.843 41.548 29.477 21.725 13.369 8.382 42.862 27.707 18.86 13.34 8.874 3.309 3.514 3.492 3.077 1.331 14.578 21.129 14.313 3.148 -0.353 -2.979 1.545
1.823633 5.176 10.392 33.626 44.193 32.364 24.376 7.444 42.149 30.078 22.327 13.97 8.983 43.463 28.309 19.461 13.941 9.476 3.91 4.115 4.094 3.678 1.932 15.179 21.731 14.914 3.749 0.249 -2.377 2.147
1.878788 5.815 11.03 34.265 44.831 33.003 25.014 8.083 42.788 30.717 22.965 14.609 9.622 44.102 28.948 20.1 14.58 10.114 4.549 4.754 4.732 4.317 2.571 15.818 22.369 15.553 4.388 0.887 -1.739 2.785
1.93561 6.492 11.708 34.943 45.509 33.68 25.692 8.761 43.466 31.395 23.643 15.287 10.3 44.78 29.625 20.777 15.258 10.792 5.227 5.431 5.41 4.995 3.249 16.496 23.047 16.23 5.066 1.565 -1.061 3.463
1.994152 7.212 12.427 35.662 46.228 34.4 26.411 9.48 44.185 32.114 24.363 16.006 11.019 45.499 30.345 21.497 15.977 11.511 5.946 6.151 6.129 5.714 3.968 17.215 23.767 16.95 5.785 2.284 -0.341 4.182
2.054463 7.975 13.191 36.426 46.992 35.163 27.175 10.244 44.949 32.877 25.126 16.77 11.783 46.263 31.108 22.26 16.741 12.275 6.71 6.914 6.893 6.478 4.732 17.979 24.53 17.713 6.549 3.048 0.422 4.946
2.116599 8.786 14.001 37.236 47.802 35.974 27.985 11.054 45.759 33.688 25.937 17.58 12.593 47.073 31.919 23.071 17.551 13.085 7.52 7.725 7.703 7.288 5.542 18.789 25.341 18.524 7.359 3.858 1.232 5.756
2.180614 9.646 14.861 38.096 48.662 36.834 28.846 11.914 46.619 34.548 26.797 18.44 13.453 47.933 32.779 23.931 18.411 13.946 8.38 8.585 8.563 8.148 6.402 19.649 26.201 19.384 8.219 4.719 2.093 6.616
2.246566 10.559 15.774 39.009 49.575 37.747 29.759 12.827 47.532 35.461 27.71 19.353 14.366 48.846 33.692 24.844 19.324 14.859 9.293 9.498 9.476 9.061 7.315 20.562 27.114 20.297 9.132 5.632 3.006 7.529
2.314511 11.528 16.744 39.978 50.545 38.716 30.728 13.796 48.501 36.43 28.679 20.322 15.335 49.815 34.661 25.813 20.293 15.828 10.262 10.467 10.446 10.03 8.284 21.531 28.083 21.266 10.101 6.601 3.975 8.498
2.384512 12.556 17.772 41.007 51.573 39.744 31.756 14.825 49.53 37.459 29.707 21.351 16.364 50.844 35.689 26.842 21.322 16.856 11.291 11.496 11.474 11.059 9.313 22.56 29.111 22.295 11.13 7.629 5.003 9.527
2.45663 13.648 18.864 42.099 52.665 40.836 32.848 15.917 50.622 38.55 30.799 22.443 17.456 51.936 36.781 27.933 22.414 17.948 12.383 12.587 12.566 12.151 10.405 23.652 30.203 23.386 12.222 8.721 6.095 10.619
2.530929 14.807 20.023 43.257 53.824 41.995 34.007 17.075 51.78 39.709 31.958 23.601 18.614 53.094 37.94 29.092 23.572 19.107 13.541 13.746 13.725 13.309 11.563 24.81 31.362 24.545 13.38 9.88 7.254 11.778
2.607475 16.037 21.253 44.487 55.054 43.225 35.237 18.305 53.01 40.939 33.188 24.831 19.844 54.324 39.17 30.322 24.802 20.337 14.771 14.976 14.955 14.539 12.793 26.04 32.592 25.775 14.61 11.11 8.484 13.007
2.686337 17.342 22.558 45.793 56.359 44.53 36.542 19.611 54.316 42.245 34.493 26.137 21.15 55.63 40.475 31.628 26.108 21.642 16.077 16.281 16.26 15.845 14.099 27.346 33.897 27.08 15.916 12.415 9.789 14.313
2.767583 18.728 23.944 47.178 57.745 45.916 37.928 20.996 55.701 43.63 35.879 27.522 22.535 57.015 41.861 33.013 27.493 23.028 17.462 17.667 17.646 17.23 15.484 28.731 35.283 28.466 17.301 13.801 11.175 15.698
2.851287 20.199 25.414 48.649 59.215 47.387 39.398 22.467 57.172 45.101 37.35 28.993 24.006 58.486 43.332 34.484 28.964 24.498 18.933 19.138 19.116 18.701 16.955 30.202 36.754 29.937 18.772 15.271 12.645 17.169
2.937522 21.76 26.975 50.21 60.776 48.948 40.959 24.028 58.733 46.662 38.911 30.554 25.567 60.047 44.893 36.045 30.525 26.059 20.494 20.699 20.677 20.262 18.516 31.763 38.315 31.498 20.333 16.832 14.206 18.73
3.026365 23.416 28.632 51.867 62.433 50.604 42.616 25.685 60.39 48.319 40.567 32.211 27.224 61.704 46.549 37.702 32.182 27.716 22.151 22.356 22.334 21.919 20.173 33.42 39.971 33.155 21.99 18.489 15.863 20.387
3.117896 25.175 30.391 53.626 64.192 52.363 44.375 27.443 62.148 50.077 42.326 33.969 28.983 63.462 48.308 39.46 33.94 29.475 23.909 24.114 24.093 23.677 21.931 35.178 41.73 34.913 23.748 20.248 17.622 22.146
3.212194 27.042 32.257 55.492 66.058 54.23 46.241 29.31 64.015 51.944 44.193 35.836 30.849 65.329 50.175 41.327 35.807 31.341 25.776 25.981 25.959 25.544 23.798 37.045 43.596 36.78 25.615 22.114 19.488 24.012
3.309345 29.023 34.238 57.473 68.039 56.211 48.222 31.291 65.996 53.925 46.174 37.817 32.83 67.31 52.156 43.308 37.788 33.323 27.757 27.962 27.94 27.525 25.779 39.026 45.578 38.761 27.596 24.095 21.47 25.993
3.409434 31.126 36.341 59.576 70.142 58.314 50.325 33.394 68.099 56.028 48.276 39.92 34.933 69.413 54.259 45.411 39.891 35.425 29.86 30.065 30.043 29.628 27.882 41.129 47.68 40.864 29.699 26.198 23.572 28.096
3.51255 33.357 38.573 61.808 72.374 60.545 52.557 35.626 70.331 58.26 50.508 42.152 37.165 71.645 56.49 47.643 42.123 37.657 32.092 32.297 32.275 31.86 30.114 43.361 49.912 43.096 31.931 28.43 25.804 30.328
3.618785 35.726 40.942 64.177 74.743 62.914 54.926 37.995 72.7 60.629 52.877 44.521 39.534 74.014 58.859 50.012 44.492 40.026 34.461 34.666 34.644 34.229 32.483 45.73 52.281 45.465 34.3 30.799 28.173 32.697
3.728232 38.241 43.457 66.691 77.258 65.429 57.441 40.509 75.214 63.143 55.392 47.035 42.048 76.528 61.374 52.526 47.006 42.541 36.975 37.18 37.159 36.743 34.997 48.244 54.796 47.979 36.814 33.314 30.688 35.211
3.84099 40.91 46.125 69.36 79.926 68.098 60.109 43.178 77.883 65.812 58.061 49.704 44.717 79.197 64.043 55.195 49.675 45.21 39.644 39.849 39.827 39.412 37.666 50.913 57.465 50.648 39.483 35.982 33.357 37.88
3.957158 43.742 48.958 72.193 82.759 70.93 62.942 46.011 80.716 68.645 60.893 52.537 47.55 82.03 66.875 58.028 52.508 48.042 42.477 42.682 42.66 42.245 40.499 53.746 60.297 53.481 42.316 38.815 36.189 40.713
4.07684 46.749 51.965 75.2 85.766 73.937 65.949 49.018 83.723 71.651 63.9 55.544 50.557 85.037 69.882 61.034 55.515 51.049 45.484 45.688 45.667 45.251 43.506 56.753 63.304 56.487 45.322 41.822 39.196 43.72
4.200141 49.94 55.156 78.391 88.957 77.128 69.14 52.209 86.914 74.843 67.091 58.735 53.748 88.228 73.073 64.226 58.706 54.24 48.675 48.88 48.858 48.443 46.697 59.944 66.495 59.679 48.514 45.013 42.387 46.911
4.327172 53.328 58.543 81.778 92.344 80.516 72.527 55.596 90.301 78.23 70.479 62.122 57.135 91.615 76.461 67.613 62.093 57.627 52.062 52.267 52.245 51.83 50.084 63.331 69.883 63.066 51.901 48.4 45.775 50.298
4.458044 56.923 62.139 85.373 95.939 84.111 76.123 59.191 93.896 81.825 74.074 65.717 60.73 95.21 80.056 71.208 65.688 61.223 55.657 55.862 55.841 55.425 53.679 66.926 73.478 66.661 55.496 51.996 49.37 53.893
4.592874 60.739 65.954 89.189 99.755 87.927 79.939 63.007 97.712 85.641 77.89 69.533 64.546 99.026 83.872 75.024 69.504 65.039 59.473 59.678 59.656 59.241 57.495 70.742 77.294 70.477 59.312 55.812 53.186 57.709
4.731783 64.789 70.005 93.24 103.806 91.977 83.989 67.058 101.763 89.691 81.94 73.584 68.597 103.077 87.922 79.074 73.555 69.089 63.524 63.728 63.707 63.291 61.546 74.793 81.344 74.527 63.362 59.862 57.236 61.76
4.874892 69.088 74.304 97.539 108.105 96.276 88.288 71.357 106.062 93.99 86.239 77.883 72.896 107.376 92.221 83.373 77.854 73.388 67.823 68.027 68.006 67.59 65.845 79.092 85.643 78.826 67.661 64.161 61.535 66.059
5.02233 73.651 78.867 102.102 112.668 100.839 92.851 75.919 110.625 98.553 90.802 82.446 77.459 111.939 96.784 87.936 82.417 77.951 72.385 72.59 72.569 72.153 70.408 83.655 90.206 83.389 72.224 68.724 66.098 70.622
5.174227 78.494 83.71 106.945 117.511 105.682 97.694 80.763 115.468 103.397 95.645 87.289 82.302 116.782 101.627 92.779 87.26 82.794 77.229 77.433 77.412 76.997 75.251 88.498 95.049 88.232 77.068 73.567 70.941 75.465
5.330718 83.635 88.85 112.085 122.651 110.823 102.834 85.903 120.608 108.537 100.786 92.429 87.442 121.922 106.768 97.92 92.4 87.935 82.369 82.574 82.552 82.137 80.391 93.638 100.19 93.373 82.208 78.707 76.082 80.605
5.491942 89.091 94.307 117.541 128.108 116.279 108.291 91.359 126.064 113.993 106.242 97.885 92.898 127.378 112.224 103.376 97.856 93.391 87.825 88.03 88.009 87.593 85.847 99.094 105.646 98.829 87.664 84.164 81.538 86.062
5.658042 94.882 100.098 123.333 133.899 122.07 114.082 97.151 131.856 119.784 112.033 103.677 98.69 133.17 118.015 109.167 103.648 99.182 93.617 93.821 93.8 93.385 91.639 104.886 111.437 104.62 93.456 89.955 87.329 91.853
5.829166 101.029 106.245 129.479 140.046 128.217 120.229 103.297 138.002 125.931 118.18 109.823 104.836 139.316 124.162 115.314 109.794 105.329 99.763 99.968 99.947 99.531 97.785 111.032 117.584 110.767 99.602 96.102 93.476 98.0
6.005465 107.553 112.769 136.004 146.57 134.741 126.753 109.822 144.527 132.455 124.704 116.348 111.361 145.841 130.686 121.838 116.319 111.853 106.288 106.492 106.471 106.056 104.31 117.557 124.108 117.291 106.127 102.626 100.0 104.524
6.187096 114.478 119.694 142.929 153.495 141.666 133.678 116.746 151.452 139.38 131.629 123.272 118.286 152.766 137.611 128.763 123.243 118.778 113.212 113.417 113.396 112.98 111.235 124.481 131.033 124.216 113.051 109.551 106.925 111.449
6.37422 121.828 127.044 150.279 160.845 149.016 141.028 124.097 158.802 146.73 138.979 130.623 125.636 160.116 144.961 136.113 130.594 126.128 120.563 120.767 120.746 120.33 118.585 131.832 138.383 131.566 120.401 116.901 114.275 118.799
6.567004 129.63 134.845 158.08 168.646 156.818 148.829 131.898 166.603 154.532 146.78 138.424 133.437 167.917 152.763 143.915 138.395 133.929 128.364 128.569 128.547 128.132 126.386 139.633 146.184 139.368 128.203 124.702 122.076 126.6
6.765619 137.91 143.126 166.36 176.927 165.098 157.11 140.178 174.883 162.812 155.061 146.704 141.717 176.197 161.043 152.195 146.675 142.21 136.644 136.849 136.828 136.412 134.666 147.913 154.465 147.648 136.483 132.983 130.357 134.88
6.97024 146.699 151.914 175.149 185.715 173.887 165.898 148.967 183.672 171.601 163.85 155.493 150.506 184.986 169.832 160.984 155.464 150.999 145.433 145.638 145.616 145.201 143.455 156.702 163.254 156.437 145.272 141.771 139.146 143.669
7.181051 156.027 161.243 184.478 195.044 183.215 175.227 158.296 193.001 180.93 173.178 164.822 159.835 194.315 179.16 170.313 164.793 160.327 154.762 154.966 154.945 154.53 152.784 166.031 172.582 165.765 154.601 151.1 148.474 152.998
7.398237 165.929 171.144 194.379 204.945 193.117 185.128 168.197 202.902 190.831 183.08 174.723 169.736 204.216 189.062 180.214 174.694 170.228 164.663 164.868 164.846 164.431 162.685 175.932 182.484 175.667 164.502 161.001 158.375 162.899
7.621991 176.438 181.654 204.888 215.455 203.626 195.638 178.706 213.411 201.34 193.589 185.232 180.245 214.725 199.571 190.723 185.203 180.738 175.172 175.377 175.356 174.94 173.194 186.441 192.993 186.176 175.011 171.511 168.885 173.408
7.852513 187.593 192.808 216.043 226.609 214.781 206.792 189.861 224.566 212.495 204.743 196.387 191.4 225.88 210.726 201.878 196.358 191.892 186.327 186.532 186.51 186.095 184.349 197.596 204.147 197.331 186.166 182.665 180.039 184.563
8.090007 199.432 204.648 227.883 238.449 226.62 218.632 201.7 236.405 224.334 216.583 208.226 203.24 237.72 222.565 213.717 208.197 203.732 198.166 198.371 198.35 197.934 196.189 209.435 215.987 209.17 198.005 194.505 191.879 196.403
8.334684 211.999 217.214 240.449 251.015 239.187 231.198 214.267 248.972 236.901 229.15 220.793 215.806 250.286 235.132 226.284 220.764 216.298 210.733 210.938 210.916 210.501 208.755 222.002 228.553 221.737 210.572 207.071 204.445 208.969
8.586761 225.337 230.552 253.787 264.353 252.525 244.536 227.605 262.31 250.239 242.488 234.131 229.144 263.624 248.47 239.622 234.102 229.637 224.071 224.276 224.254 223.839 222.093 235.34 241.892 235.075 223.91 220.409 217.784 222.307
8.846461 239.494 244.71 267.944 278.51 266.682 258.694 241.762 276.467 264.396 256.645 248.288 243.301 277.781 262.627 253.779 248.259 243.794 238.228 238.433 238.412 237.996 236.25 249.497 256.049 249.232 238.067 234.567 231.941 236.464
9.114017 254.52 259.736 282.971 293.537 281.708 273.72 256.789 291.494 279.423 271.671 263.315 258.328 292.808 277.653 268.806 263.286 258.82 253.255 253.459 253.438 253.023 251.277 264.524 271.075 264.258 253.094 249.593 246.967 251.491
9.389664 270.469 275.685 298.92 309.486 297.657 289.669 272.738 307.443 295.372 287.62 279.264 274.277 308.757 293.602 284.755 279.235 274.769 269.204 269.409 269.387 268.972 267.226 280.473 287.024 280.208 269.043 265.542 262.916 267.44
9.673648 287.398 292.614 315.848 326.415 314.586 306.598 289.666 324.371 312.3 304.549 296.192 291.205 325.685 310.531 301.683 296.163 291.698 286.132 286.337 286.316 285.9 284.154 297.401 303.953 297.136 285.971 282.471 279.845 284.368
9.966221 305.366 310.581 333.816 344.382 332.554 324.566 307.634 342.339 330.268 322.517 314.16 309.173 343.653 328.499 319.651 314.131 309.666 304.1 304.305 304.283 303.868 302.122 315.369 321.921 315.104 303.939 300.439 297.813 302.336
10.267642 324.437 329.653 352.888 363.454 351.625 343.637 326.705 361.41 349.339 341.588 333.231 328.245 362.725 347.57 338.722 333.202 328.737 323.171 323.376 323.355 322.939 321.193 334.44 340.992 334.175 323.01 319.51 316.884 321.408
10.57818 344.679 349.895 373.13 383.696 371.867 363.879 346.948 381.653 369.582 361.83 353.474 348.487 382.967 367.812 358.964 353.445 348.979 343.414 343.618 343.597 343.182 341.436 354.683 361.234 354.417 343.253 339.752 337.126 341.65
10.89811 366.164 371.38 394.615 405.181 393.352 385.364 368.433 403.138 391.067 383.315 374.959 369.972 404.452 389.297 380.45 374.93 370.464 364.899 365.104 365.082 364.667 362.921 376.168 382.719 375.903 364.738 361.237 358.611 363.135
11.227716 388.969 394.185 417.419 427.986 416.157 408.169 391.237 425.942 413.871 406.12 397.763 392.776 427.256 412.102 403.254 397.734 393.269 387.703 387.908 387.887 387.471 385.725 398.972 405.524 398.707 387.542 384.042 381.416 385.939
11.56729 413.174 418.389 441.624 452.19 440.362 432.373 415.442 450.147 438.076 430.325 421.968 416.981 451.461 436.307 427.459 421.939 417.473 411.908 412.113 412.091 411.676 409.93 423.177 429.729 422.912 411.747 408.246 405.62 410.144
11.917135 438.865 444.08 467.315 477.881 466.053 458.064 441.133 475.838 463.767 456.016 447.659 442.672 477.152 461.998 453.15 447.63 443.164 437.599 437.804 437.782 437.367 435.621 448.868 455.419 448.603 437.438 433.937 431.311 435.835
12.277561 466.133 471.349 494.584 505.15 493.321 485.333 468.401 503.107 491.035 483.284 474.927 469.941 504.421 489.266 480.418 474.898 470.433 464.867 465.072 465.051 464.635 462.89 476.136 482.688 475.871 464.706 461.206 458.58 463.104
12.648887 495.076 500.292 523.526 534.093 522.264 514.276 497.344 532.049 519.978 512.227 503.87 498.883 533.363 518.209 509.361 503.841 499.376 493.81 494.015 493.994 493.578 491.832 505.079 511.631 504.814 493.649 490.149 487.523 492.046
13.031444 525.796 531.012 554.246 564.813 552.984 544.996 528.064 562.769 550.698 542.947 534.59 529.603 564.083 548.929 540.081 534.561 530.096 524.53 524.735 524.714 524.298 522.552 535.799 542.351 535.534 524.369 520.869 518.243 522.767
13.425571 558.402 563.618 586.853 597.419 585.59 577.602 560.671 595.376 583.305 575.553 567.197 562.21 596.69 581.535 572.688 567.168 562.702 557.137 557.341 557.32 556.905 555.159 568.406 574.957 568.14 556.976 553.475 550.849 555.373
13.831619 593.011 598.226 621.461 632.027 620.199 612.211 595.279 629.984 617.913 610.162 601.805 596.818 631.298 616.144 607.296 601.776 597.311 591.745 591.95 591.928 591.513 589.767 603.014 609.566 602.749 591.584 588.084 585.458 589.981
14.249947 629.744 634.96 658.195 668.761 656.932 648.944 632.013 666.718 654.647 646.895 638.539 633.552 668.032 652.877 644.03 638.51 634.044 628.479 628.684 628.662 628.247 626.501 639.748 646.299 639.483 628.318 624.817 622.191 626.715
14.680926 668.734 673.949 697.184 707.75 695.922 687.933 671.002 705.707 693.636 685.885 677.528 672.541 707.021 691.867 683.019 677.499 673.033 667.468 667.673 667.651 667.236 665.49 678.737 685.288 678.472 667.307 663.806 661.18 665.704
15.124941 710.117 715.332 738.567 749.133 737.305 729.316 712.385 747.09 735.019 727.268 718.911 713.924 748.404 733.25 724.402 718.882 714.417 708.851 709.056 709.034 708.619 706.873 720.12 726.672 719.855 708.69 705.189 702.564 707.087
15.582385 754.041 759.257 782.492 798.309 781.229 773.241 756.309 791.776 778.943 771.192 762.835 757.849 794.614 777.174 768.326 762.806 758.341 752.775 752.98 752.959 752.543 750.798 764.044 770.596 763.779 752.614 749.114 746.488 751.012
16.053663 nan nan nan nan nan nan nan nan nan nan nan nan nan nan nan nan nan nan nan nan nan nan nan nan nan nan nan nan nan
16.539195 nan nan nan nan nan nan nan nan nan nan nan nan nan nan nan nan nan nan nan nan nan nan nan nan nan nan nan nan nan
17.039412 nan nan nan nan nan nan nan nan nan nan nan nan nan nan nan nan nan nan nan nan nan nan nan nan nan nan nan nan nan
17.554757 nan nan nan nan nan nan nan nan nan nan nan nan nan nan nan nan nan nan nan nan nan nan nan nan nan nan nan nan nan
18.085689 nan nan nan nan nan nan nan nan nan nan nan nan nan nan nan nan nan nan nan nan nan nan nan nan nan nan nan nan nan
18.632678 nan nan nan nan nan nan nan nan nan nan nan nan nan nan nan nan nan nan nan nan nan nan nan nan nan nan nan nan nan
19.196211 nan nan nan nan nan nan nan nan nan nan nan nan nan nan nan nan nan nan nan nan nan nan nan nan nan nan nan nan nan
19.776787 nan nan nan nan nan nan nan nan nan nan nan nan nan nan nan nan nan nan nan nan nan nan nan nan nan nan nan nan nan
20.374923 nan nan nan nan nan nan nan nan nan nan nan nan nan nan nan nan nan nan nan nan nan nan nan nan nan nan nan nan nan
20.991149 nan nan nan nan nan nan nan nan nan nan nan nan nan nan nan nan nan nan nan nan nan nan nan nan nan nan nan nan nan
21.626011 nan nan nan nan nan nan nan nan nan nan nan nan nan nan nan nan nan nan nan nan nan nan nan nan nan nan nan nan nan
22.280075 nan nan nan nan nan nan nan nan nan nan nan nan nan nan nan nan nan nan nan nan nan nan nan nan nan nan nan nan nan
22.953921 nan nan nan nan nan nan nan nan nan nan nan nan nan nan nan nan nan nan nan nan nan nan nan nan nan nan nan nan nan
23.648147 nan nan nan nan nan nan nan nan nan nan nan nan nan nan nan nan nan nan nan nan nan nan nan nan nan nan nan nan nan
24.363369 nan nan nan nan nan nan nan nan nan nan nan nan nan nan nan nan nan nan nan nan nan nan nan nan nan nan nan nan nan
25.100222 nan nan nan nan nan nan nan nan nan nan nan nan nan nan nan nan nan nan nan nan nan nan nan nan nan nan nan nan nan
25.859362 nan nan nan nan nan nan nan nan nan nan nan nan nan nan nan nan nan nan nan nan nan nan nan nan nan nan nan nan nan
26.64146 nan nan nan nan nan nan nan nan nan nan nan nan nan nan nan nan nan nan nan nan nan nan nan nan nan nan nan nan nan
27.447213 nan nan nan nan nan nan nan nan nan nan nan nan nan nan nan nan nan nan nan nan nan nan nan nan nan nan nan nan nan
28.277335 nan nan nan nan nan nan nan nan nan nan nan nan nan nan nan nan nan nan nan nan nan nan nan nan nan nan nan nan nan
29.132564 nan nan nan nan nan nan nan nan nan nan nan nan nan nan nan nan nan nan nan nan nan nan nan nan nan nan nan nan nan
30.013659 nan nan nan nan nan nan nan nan nan nan nan nan nan nan nan nan nan nan nan nan nan nan nan nan nan nan nan nan nan
30.921401 nan nan nan nan nan nan nan nan nan nan nan nan nan nan nan nan nan nan nan nan nan nan nan nan nan nan nan nan nan
31.856598 nan nan nan nan nan nan nan nan nan nan nan nan nan nan nan nan nan nan nan nan nan nan nan nan nan nan nan nan nan
32.820079 nan nan nan nan nan nan nan nan nan nan nan nan nan nan nan nan nan nan nan nan nan nan nan nan nan nan nan nan nan
33.8127 nan nan nan nan nan nan nan nan nan nan nan nan nan nan nan nan nan nan nan nan nan nan nan nan nan nan nan nan nan
34.835342 nan nan nan nan nan nan nan nan nan nan nan nan nan nan nan nan nan nan nan nan nan nan nan nan nan nan nan nan nan
35.888913 nan nan nan nan nan nan nan nan nan nan nan nan nan nan nan nan nan nan nan nan nan nan nan nan nan nan nan nan nan
36.974349 nan nan nan nan nan nan nan nan nan nan nan nan nan nan nan nan nan nan nan nan nan nan nan nan nan nan nan nan nan
38.092613 nan nan nan nan nan nan nan nan nan nan nan nan nan nan nan nan nan nan nan nan nan nan nan nan nan nan nan nan nan
39.244698 nan nan nan nan nan nan nan nan nan nan nan nan nan nan nan nan nan nan nan nan nan nan nan nan nan nan nan nan nan
40.431627 nan nan nan nan nan nan nan nan nan nan nan nan nan nan nan nan nan nan nan nan nan nan nan nan nan nan nan nan nan
41.654454 nan nan nan nan nan nan nan nan nan nan nan nan nan nan nan nan nan nan nan nan nan nan nan nan nan nan nan nan nan
42.914265 nan nan nan nan nan nan nan nan nan nan nan nan nan nan nan nan nan nan nan nan nan nan nan nan nan nan nan nan nan
44.212178 nan nan nan nan nan nan nan nan nan nan nan nan nan nan nan nan nan nan nan nan nan nan nan nan nan nan nan nan nan
45.549345 nan nan nan nan nan nan nan nan nan nan nan nan nan nan nan nan nan nan nan nan nan nan nan nan nan nan nan nan nan
46.926954 nan nan nan nan nan nan nan nan nan nan nan nan nan nan nan nan nan nan nan nan nan nan nan nan nan nan nan nan nan
48.346227 nan nan nan nan nan nan nan nan nan nan nan nan nan nan nan nan nan nan nan nan nan nan nan nan nan nan nan nan nan
49.808426 nan nan nan nan nan nan nan nan nan nan nan nan nan nan nan nan nan nan nan nan nan nan nan nan nan nan nan nan nan
51.314848 nan nan nan nan nan nan nan nan nan nan nan nan nan nan nan nan nan nan nan nan nan nan nan nan nan nan nan nan nan
52.86683 nan nan nan nan nan nan nan nan nan nan nan nan nan nan nan nan nan nan nan nan nan nan nan nan nan nan nan nan nan
54.465752 nan nan nan nan nan nan nan nan nan nan nan nan nan nan nan nan nan nan nan nan nan nan nan nan nan nan nan nan nan
56.113031 nan nan nan nan nan nan nan nan nan nan nan nan nan nan nan nan nan nan nan nan nan nan nan nan nan nan nan nan nan
57.810132 nan nan nan nan nan nan nan nan nan nan nan nan nan nan nan nan nan nan nan nan nan nan nan nan nan nan nan nan nan
59.55856 nan nan nan nan nan nan nan nan nan nan nan nan nan nan nan nan nan nan nan nan nan nan nan nan nan nan nan nan nan
61.359868 nan nan nan nan nan nan nan nan nan nan nan nan nan nan nan nan nan nan nan nan nan nan nan nan nan nan nan nan nan
63.215655 nan nan nan nan nan nan nan nan nan nan nan nan nan nan nan nan nan nan nan nan nan nan nan nan nan nan nan nan nan
65.127569 nan nan nan nan nan nan nan nan nan nan nan nan nan nan nan nan nan nan nan nan nan nan nan nan nan nan nan nan nan
67.097308 nan nan nan nan nan nan nan nan nan nan nan nan nan nan nan nan nan nan nan nan nan nan nan nan nan nan nan nan nan
69.126621 nan nan nan nan nan nan nan nan nan nan nan nan nan nan nan nan nan nan nan nan nan nan nan nan nan nan nan nan nan
71.217308 nan nan nan nan nan nan nan nan nan nan nan nan nan nan nan nan nan nan nan nan nan nan nan nan nan nan nan nan nan
73.371227 nan nan nan nan nan nan nan nan nan nan nan nan nan nan nan nan nan nan nan nan nan nan nan nan nan nan nan nan nan
75.59029 nan nan nan nan nan nan nan nan nan nan nan nan nan nan nan nan nan nan nan nan nan nan nan nan nan nan nan nan nan
77.876467 nan nan nan nan nan nan nan nan nan nan nan nan nan nan nan nan nan nan nan nan nan nan nan nan nan nan nan nan nan
80.231787 nan nan nan nan nan nan nan nan nan nan nan nan nan nan nan nan nan nan nan nan nan nan nan nan nan nan nan nan nan
82.658343 nan nan nan nan nan nan nan nan nan nan nan nan nan nan nan nan nan nan nan nan nan nan nan nan nan nan nan nan nan
85.158288 nan nan nan nan nan nan nan nan nan nan nan nan nan nan nan nan nan nan nan nan nan nan nan nan nan nan nan nan nan
87.733843 nan nan nan nan nan nan nan nan nan nan nan nan nan nan nan nan nan nan nan nan nan nan nan nan nan nan nan nan nan
90.387293 nan nan nan nan nan nan nan nan nan nan nan nan nan nan nan nan nan nan nan nan nan nan nan nan nan nan nan nan nan
93.120995 nan nan nan nan nan nan nan nan nan nan nan nan nan nan nan nan nan nan nan nan nan nan nan nan nan nan nan nan nan
95.937376 nan nan nan nan nan nan nan nan nan nan nan nan nan nan nan nan nan nan nan nan nan nan nan nan nan nan nan nan nan
98.838937 nan nan nan nan nan nan nan nan nan nan nan nan nan nan nan nan nan nan nan nan nan nan nan nan nan nan nan nan nan
101.828253 nan nan nan nan nan nan nan nan nan nan nan nan nan nan nan nan nan nan nan nan nan nan nan nan nan nan nan nan nan
104.907979 nan nan nan nan nan nan nan nan nan nan nan nan nan nan nan nan nan nan nan nan nan nan nan nan nan nan nan nan nan
108.080849 nan nan nan nan nan nan nan nan nan nan nan nan nan nan nan nan nan nan nan nan nan nan nan nan nan nan nan nan nan
111.349681 nan nan nan nan nan nan nan nan nan nan nan nan nan nan nan nan nan nan nan nan nan nan nan nan nan nan nan nan nan
114.717376 nan nan nan nan nan nan nan nan nan nan nan nan nan nan nan nan nan nan nan nan nan nan nan nan nan nan nan nan nan
118.186925 nan nan nan nan nan nan nan nan nan nan nan nan nan nan nan nan nan nan nan nan nan nan nan nan nan nan nan nan nan
121.761408 nan nan nan nan nan nan nan nan nan nan nan nan nan nan nan nan nan nan nan nan nan nan nan nan nan nan nan nan nan
125.443999 nan nan nan nan nan nan nan nan nan nan nan nan nan nan nan nan nan nan nan nan nan nan nan nan nan nan nan nan nan
129.237967 nan nan nan nan nan nan nan nan nan nan nan nan nan nan nan nan nan nan nan nan nan nan nan nan nan nan nan nan nan
133.146681 nan nan nan nan nan nan nan nan nan nan nan nan nan nan nan nan nan nan nan nan nan nan nan nan nan nan nan nan nan
137.173612 nan nan nan nan nan nan nan nan nan nan nan nan nan nan nan nan nan nan nan nan nan nan nan nan nan nan nan nan nan
141.322334 nan nan nan nan nan nan nan nan nan nan nan nan nan nan nan nan nan nan nan nan nan nan nan nan nan nan nan nan nan
145.596532 nan nan nan nan nan nan nan nan nan nan nan nan nan nan nan nan nan nan nan nan nan nan nan nan nan nan nan nan nan
150.0 nan nan nan nan nan nan nan nan nan nan nan nan nan nan nan nan nan nan nan nan nan nan nan nan nan nan nan nan nan
