# %ECSV 1.0
# ---
# datatype:
# - {name: time, datatype: float64}
# - {name: swift_uvot_uvw2, datatype: float64}
# - {name: swift_uvot_uvm2, datatype: float64}
# - {name: swift_uvot_uvw1, datatype: float64}
# - {name: swift_uvot_U, datatype: float64}
# - {name: swift_uvot_B, datatype: float64}
# - {name: swift_uvot_V, datatype: float64}
# - {name: swift_uvot_W, datatype: float64}
# - {name: johnson_U, datatype: float64}
# - {name: johnson_B, datatype: float64}
# - {name: johnson_V, datatype: float64}
# - {name: johnson_R, datatype: float64}
# - {name: johnson_I, datatype: float64}
# - {name: sdss_u, datatype: float64}
# - {name: sdss_g, datatype: float64}
# - {name: sdss_r, datatype: float64}
# - {name: sdss_i, datatype: float64}
# - {name: sdss_z, datatype: float64}
# - {name: PS1_g, datatype: float64}
# - {name: PS1_r, datatype: float64}
# - {name: PS1_i, datatype: float64}
# - {name: PS1_z, datatype: float64}
# - {name: PS1_Y, datatype: float64}
# - {name: PS1_w, datatype: float64}
# - {name: ATLAS_c, datatype: float64}
# - {name: ATLAS_o, datatype: float64}
# - {name: ukirt_J, datatype: float64}
# - {name: ukirt_H, datatype: float64}
# - {name: ukirt_K, datatype: float64}
# - {name: Clear, datatype: float64}
# meta: !!omap
# - comment: [kappa = 10.0, type = villar, mass = 0.1442699905917794, velocity = 0.312, theta_obs = 0.0]
# schema: astropy-2.0
time swift_uvot_uvw2 swift_uvot_uvm2 swift_uvot_uvw1 swift_uvot_U swift_uvot_B swift_uvot_V swift_uvot_W johnson_U johnson_B johnson_V johnson_R johnson_I sdss_u sdss_g sdss_r sdss_i sdss_z PS1_g PS1_r PS1_i PS1_z PS1_Y PS1_w ATLAS_c ATLAS_o ukirt_J ukirt_H ukirt_K Clear
0.001 nan nan nan nan nan nan nan nan nan nan nan nan nan nan nan nan nan nan nan nan nan nan nan nan nan nan nan nan nan
0.00103 -4.793 -4.849 -4.864 -4.812 -4.631 -4.381 -4.754 -4.789 -4.628 -4.372 -4.072 -3.702 -4.796 -4.554 -4.212 -3.929 -3.647 -4.538 -4.23 -3.949 -3.745 -3.676 -4.241 -4.421 -4.095 -3.054 -2.551 -1.957 -4.289
0.001061 -5.493 -5.481 -5.446 -5.282 -5.046 -4.755 -5.312 -5.25 -5.043 -4.745 -4.417 -4.021 -5.257 -4.955 -4.568 -4.262 -3.963 -4.938 -4.591 -4.289 -4.079 -4.027 -4.607 -4.804 -4.442 -3.346 -2.83 -2.225 -4.665
0.001094 -5.877 -5.829 -5.771 -5.553 -5.292 -4.98 -5.629 -5.516 -5.288 -4.971 -4.629 -4.221 -5.525 -5.193 -4.785 -4.468 -4.161 -5.177 -4.812 -4.501 -4.289 -4.25 -4.829 -5.034 -4.654 -3.532 -3.011 -2.4 -4.892
0.001127 -6.144 -6.073 -6.001 -5.75 -5.472 -5.149 -5.855 -5.71 -5.469 -5.139 -4.79 -4.375 -5.719 -5.37 -4.949 -4.625 -4.313 -5.354 -4.979 -4.662 -4.449 -4.421 -4.996 -5.206 -4.816 -3.677 -3.152 -2.538 -5.062
0.001161 -6.351 -6.263 -6.182 -5.908 -5.62 -5.289 -6.033 -5.867 -5.616 -5.278 -4.923 -4.503 -5.875 -5.515 -5.084 -4.756 -4.441 -5.499 -5.117 -4.796 -4.584 -4.564 -5.134 -5.347 -4.949 -3.8 -3.272 -2.656 -5.201
0.001196 -6.522 -6.421 -6.334 -6.043 -5.746 -5.409 -6.183 -6.0 -5.743 -5.399 -5.04 -4.616 -6.009 -5.64 -5.203 -4.871 -4.553 -5.625 -5.237 -4.914 -4.702 -4.689 -5.254 -5.469 -5.066 -3.909 -3.379 -2.761 -5.323
0.001232 -6.669 -6.558 -6.465 -6.161 -5.859 -5.518 -6.314 -6.118 -5.856 -5.507 -5.145 -4.718 -6.127 -5.751 -5.309 -4.975 -4.655 -5.737 -5.345 -5.02 -4.808 -4.801 -5.362 -5.579 -5.172 -4.008 -3.476 -2.858 -5.431
0.001269 -6.798 -6.68 -6.583 -6.269 -5.962 -5.617 -6.431 -6.225 -5.959 -5.607 -5.242 -4.813 -6.234 -5.853 -5.407 -5.07 -4.75 -5.839 -5.444 -5.117 -4.906 -4.904 -5.461 -5.679 -5.269 -4.101 -3.568 -2.948 -5.531
0.001308 -6.915 -6.79 -6.69 -6.369 -6.058 -5.71 -6.538 -6.323 -6.054 -5.7 -5.333 -4.902 -6.332 -5.947 -5.498 -5.16 -4.839 -5.934 -5.537 -5.209 -4.998 -5.0 -5.553 -5.772 -5.36 -4.188 -3.654 -3.033 -5.624
0.001347 -7.023 -6.892 -6.79 -6.461 -6.148 -5.798 -6.636 -6.416 -6.144 -5.787 -5.419 -4.987 -6.425 -6.037 -5.585 -5.246 -4.923 -6.024 -5.624 -5.296 -5.085 -5.09 -5.64 -5.861 -5.446 -4.271 -3.736 -3.115 -5.712
0.001388 -7.122 -6.987 -6.882 -6.549 -6.233 -5.881 -6.729 -6.503 -6.229 -5.871 -5.501 -5.068 -6.512 -6.121 -5.668 -5.327 -5.004 -6.109 -5.708 -5.378 -5.169 -5.176 -5.723 -5.944 -5.528 -4.351 -3.815 -3.193 -5.796
0.00143 -7.215 -7.076 -6.97 -6.633 -6.315 -5.961 -6.816 -6.586 -6.311 -5.951 -5.58 -5.146 -6.595 -6.202 -5.747 -5.406 -5.082 -6.19 -5.788 -5.458 -5.248 -5.258 -5.803 -6.025 -5.607 -4.428 -3.892 -3.27 -5.876
0.001473 -7.302 -7.161 -7.054 -6.713 -6.393 -6.038 -6.9 -6.666 -6.389 -6.028 -5.657 -5.222 -6.675 -6.28 -5.824 -5.482 -5.157 -6.268 -5.865 -5.535 -5.325 -5.337 -5.88 -6.102 -5.684 -4.502 -3.966 -3.344 -5.953
0.001518 -7.386 -7.242 -7.133 -6.79 -6.469 -6.113 -6.979 -6.743 -6.465 -6.103 -5.731 -5.295 -6.752 -6.356 -5.898 -5.556 -5.231 -6.344 -5.94 -5.609 -5.4 -5.414 -5.955 -6.177 -5.758 -4.575 -4.039 -3.416 -6.028
0.001564 -7.465 -7.319 -7.21 -6.864 -6.542 -6.186 -7.056 -6.817 -6.539 -6.175 -5.803 -5.367 -6.826 -6.429 -5.971 -5.628 -5.302 -6.418 -6.013 -5.682 -5.473 -5.488 -6.028 -6.25 -5.83 -4.646 -4.11 -3.487 -6.101
0.001611 -7.541 -7.394 -7.284 -6.936 -6.614 -6.257 -7.13 -6.889 -6.61 -6.246 -5.874 -5.437 -6.899 -6.5 -6.041 -5.698 -5.372 -6.489 -6.084 -5.752 -5.544 -5.56 -6.098 -6.321 -5.901 -4.716 -4.179 -3.556 -6.172
0.00166 -7.615 -7.466 -7.356 -7.007 -6.684 -6.326 -7.202 -6.96 -6.68 -6.316 -5.943 -5.506 -6.969 -6.57 -6.111 -5.767 -5.441 -6.559 -6.153 -5.822 -5.613 -5.63 -6.168 -6.391 -5.97 -4.785 -4.248 -3.624 -6.242
0.00171 -7.685 -7.536 -7.425 -7.076 -6.752 -6.394 -7.271 -7.028 -6.748 -6.384 -6.01 -5.573 -7.038 -6.638 -6.178 -5.835 -5.509 -6.627 -6.221 -5.89 -5.681 -5.698 -6.236 -6.459 -6.038 -4.852 -4.315 -3.691 -6.31
0.001761 -7.754 -7.604 -7.493 -7.143 -6.819 -6.461 -7.339 -7.095 -6.815 -6.451 -6.077 -5.64 -7.105 -6.705 -6.245 -5.901 -5.575 -6.694 -6.288 -5.956 -5.748 -5.766 -6.303 -6.526 -6.104 -4.919 -4.381 -3.758 -6.377
0.001815 -7.821 -7.671 -7.56 -7.209 -6.885 -6.527 -7.405 -7.161 -6.881 -6.516 -6.143 -5.706 -7.171 -6.771 -6.311 -5.967 -5.641 -6.76 -6.354 -6.022 -5.814 -5.831 -6.368 -6.592 -6.17 -4.984 -4.447 -3.823 -6.442
0.00187 -7.885 -7.735 -7.624 -7.274 -6.95 -6.592 -7.47 -7.226 -6.946 -6.581 -6.208 -5.77 -7.236 -6.836 -6.376 -6.032 -5.706 -6.825 -6.418 -6.087 -5.878 -5.896 -6.433 -6.656 -6.235 -5.049 -4.511 -3.888 -6.507
0.001926 -7.949 -7.799 -7.688 -7.337 -7.014 -6.655 -7.534 -7.29 -7.01 -6.645 -6.271 -5.834 -7.299 -6.9 -6.44 -6.096 -5.77 -6.889 -6.482 -6.151 -5.942 -5.96 -6.497 -6.72 -6.299 -5.113 -4.575 -3.952 -6.571
0.001984 -8.01 -7.861 -7.75 -7.4 -7.076 -6.719 -7.596 -7.353 -7.073 -6.708 -6.335 -5.898 -7.362 -6.963 -6.503 -6.159 -5.833 -6.951 -6.545 -6.214 -6.005 -6.023 -6.56 -6.783 -6.362 -5.176 -4.639 -4.016 -6.634
0.002044 -8.071 -7.922 -7.811 -7.462 -7.139 -6.781 -7.657 -7.414 -7.135 -6.77 -6.397 -5.96 -7.424 -7.025 -6.565 -6.222 -5.896 -7.014 -6.608 -6.276 -6.068 -6.085 -6.622 -6.846 -6.424 -5.239 -4.702 -4.078 -6.696
0.002106 -8.13 -7.982 -7.871 -7.523 -7.2 -6.842 -7.717 -7.476 -7.196 -6.832 -6.459 -6.022 -7.485 -7.086 -6.627 -6.283 -5.958 -7.075 -6.669 -6.338 -6.129 -6.146 -6.684 -6.907 -6.486 -5.301 -4.764 -4.141 -6.758
0.00217 -8.188 -8.04 -7.931 -7.583 -7.261 -6.903 -7.776 -7.536 -7.257 -6.893 -6.52 -6.084 -7.545 -7.147 -6.688 -6.345 -6.019 -7.136 -6.73 -6.399 -6.19 -6.206 -6.745 -6.968 -6.547 -5.363 -4.826 -4.203 -6.819
0.002236 -8.245 -8.098 -7.989 -7.643 -7.321 -6.964 -7.835 -7.595 -7.317 -6.953 -6.581 -6.145 -7.605 -7.207 -6.749 -6.406 -6.08 -7.196 -6.791 -6.46 -6.251 -6.266 -6.806 -7.028 -6.608 -5.424 -4.887 -4.264 -6.879
0.002303 -8.3 -8.155 -8.046 -7.701 -7.38 -7.024 -7.892 -7.654 -7.376 -7.013 -6.641 -6.205 -7.664 -7.267 -6.809 -6.466 -6.141 -7.255 -6.85 -6.52 -6.311 -6.325 -6.866 -7.088 -6.668 -5.485 -4.948 -4.325 -6.939
0.002373 -8.355 -8.212 -8.103 -7.76 -7.439 -7.083 -7.949 -7.713 -7.435 -7.073 -6.701 -6.265 -7.722 -7.326 -6.868 -6.526 -6.201 -7.314 -6.91 -6.579 -6.37 -6.384 -6.925 -7.147 -6.728 -5.545 -5.009 -4.386 -6.998
0.002445 -8.41 -8.267 -8.159 -7.817 -7.497 -7.142 -8.005 -7.77 -7.493 -7.132 -6.76 -6.325 -7.78 -7.384 -6.927 -6.585 -6.261 -7.373 -6.969 -6.638 -6.429 -6.442 -6.984 -7.206 -6.787 -5.605 -5.069 -4.446 -7.057
0.002519 -8.463 -8.322 -8.215 -7.874 -7.555 -7.201 -8.061 -7.828 -7.551 -7.19 -6.819 -6.384 -7.837 -7.442 -6.986 -6.644 -6.32 -7.431 -7.027 -6.697 -6.488 -6.499 -7.043 -7.265 -6.846 -5.665 -5.129 -4.507 -7.116
0.002595 -8.515 -8.376 -8.269 -7.931 -7.613 -7.259 -8.116 -7.884 -7.609 -7.248 -6.878 -6.443 -7.894 -7.5 -7.045 -6.703 -6.379 -7.488 -7.085 -6.755 -6.546 -6.557 -7.101 -7.322 -6.905 -5.724 -5.189 -4.566 -7.174
0.002673 -8.567 -8.429 -8.324 -7.987 -7.67 -7.316 -8.17 -7.941 -7.666 -7.306 -6.936 -6.502 -7.95 -7.557 -7.103 -6.762 -6.437 -7.545 -7.143 -6.813 -6.604 -6.613 -7.159 -7.38 -6.963 -5.784 -5.248 -4.626 -7.231
0.002754 -8.618 -8.482 -8.377 -8.043 -7.726 -7.374 -8.224 -7.996 -7.722 -7.363 -6.994 -6.56 -8.006 -7.614 -7.16 -6.82 -6.496 -7.602 -7.2 -6.871 -6.661 -6.67 -7.216 -7.437 -7.02 -5.842 -5.307 -4.685 -7.289
0.002837 -8.669 -8.534 -8.43 -8.098 -7.782 -7.431 -8.277 -8.052 -7.779 -7.42 -7.051 -6.618 -8.061 -7.671 -7.217 -6.877 -6.554 -7.658 -7.257 -6.928 -6.718 -6.725 -7.273 -7.494 -7.078 -5.901 -5.366 -4.744 -7.345
0.002923 -8.718 -8.586 -8.483 -8.153 -7.838 -7.487 -8.33 -8.107 -7.834 -7.477 -7.108 -6.676 -8.116 -7.727 -7.274 -6.935 -6.612 -7.714 -7.314 -6.985 -6.775 -6.781 -7.33 -7.55 -7.135 -5.959 -5.424 -4.803 -7.402
0.003012 -8.768 -8.637 -8.535 -8.207 -7.894 -7.544 -8.382 -8.161 -7.89 -7.533 -7.165 -6.733 -8.171 -7.782 -7.331 -6.992 -6.669 -7.77 -7.37 -7.042 -6.831 -6.836 -7.386 -7.607 -7.192 -6.017 -5.482 -4.861 -7.458
0.003103 -8.816 -8.688 -8.587 -8.261 -7.949 -7.6 -8.434 -8.216 -7.945 -7.589 -7.222 -6.79 -8.225 -7.838 -7.388 -7.049 -6.726 -7.825 -7.426 -7.098 -6.888 -6.891 -7.442 -7.662 -7.249 -6.075 -5.54 -4.919 -7.514
0.003196 -8.864 -8.738 -8.638 -8.315 -8.004 -7.655 -8.485 -8.27 -8.0 -7.645 -7.278 -6.847 -8.279 -7.893 -7.444 -7.105 -6.783 -7.88 -7.482 -7.154 -6.944 -6.946 -7.498 -7.718 -7.305 -6.132 -5.598 -4.977 -7.57
0.003293 -8.912 -8.788 -8.689 -8.368 -8.058 -7.711 -8.536 -8.323 -8.055 -7.701 -7.334 -6.904 -8.332 -7.948 -7.5 -7.162 -6.84 -7.935 -7.537 -7.21 -6.999 -7.0 -7.554 -7.773 -7.361 -6.19 -5.656 -5.035 -7.625
0.003393 -8.959 -8.837 -8.739 -8.421 -8.113 -7.766 -8.586 -8.376 -8.109 -7.756 -7.39 -6.96 -8.385 -8.003 -7.555 -7.218 -6.897 -7.989 -7.593 -7.266 -7.055 -7.054 -7.609 -7.828 -7.417 -6.247 -5.713 -5.093 -7.68
0.003495 -9.006 -8.886 -8.789 -8.474 -8.167 -7.821 -8.637 -8.429 -8.163 -7.811 -7.446 -7.016 -8.438 -8.057 -7.611 -7.274 -6.953 -8.043 -7.648 -7.321 -7.11 -7.108 -7.664 -7.883 -7.472 -6.304 -5.77 -5.151 -7.735
0.003601 -9.052 -8.934 -8.838 -8.526 -8.22 -7.876 -8.686 -8.482 -8.216 -7.865 -7.501 -7.072 -8.491 -8.111 -7.666 -7.33 -7.009 -8.097 -7.702 -7.376 -7.165 -7.162 -7.719 -7.937 -7.528 -6.36 -5.828 -5.208 -7.79
0.00371 -9.097 -8.982 -8.888 -8.578 -8.274 -7.93 -8.736 -8.534 -8.27 -7.92 -7.556 -7.128 -8.543 -8.165 -7.721 -7.385 -7.065 -8.151 -7.757 -7.431 -7.22 -7.215 -7.774 -7.992 -7.583 -6.417 -5.884 -5.265 -7.844
0.003822 -9.143 -9.03 -8.936 -8.63 -8.327 -7.984 -8.785 -8.586 -8.323 -7.974 -7.611 -7.184 -8.595 -8.218 -7.775 -7.44 -7.121 -8.204 -7.811 -7.486 -7.275 -7.268 -7.828 -8.046 -7.638 -6.473 -5.941 -5.322 -7.898
0.003938 -9.187 -9.077 -8.985 -8.682 -8.38 -8.038 -8.833 -8.638 -8.376 -8.028 -7.666 -7.239 -8.647 -8.272 -7.83 -7.496 -7.176 -8.257 -7.865 -7.541 -7.329 -7.321 -7.883 -8.099 -7.693 -6.53 -5.998 -5.379 -7.952
0.004057 -9.232 -9.124 -9.033 -8.733 -8.433 -8.092 -8.882 -8.689 -8.429 -8.082 -7.721 -7.295 -8.698 -8.325 -7.884 -7.551 -7.232 -8.31 -7.919 -7.595 -7.383 -7.374 -7.937 -8.153 -7.747 -6.586 -6.054 -5.436 -8.006
0.00418 -9.276 -9.17 -9.081 -8.784 -8.485 -8.146 -8.93 -8.741 -8.481 -8.136 -7.775 -7.35 -8.75 -8.378 -7.938 -7.605 -7.287 -8.363 -7.973 -7.649 -7.437 -7.427 -7.99 -8.206 -7.802 -6.642 -6.111 -5.492 -8.06
0.004306 -9.319 -9.217 -9.128 -8.835 -8.537 -8.199 -8.977 -8.792 -8.534 -8.189 -7.829 -7.405 -8.801 -8.43 -7.992 -7.66 -7.342 -8.415 -8.027 -7.703 -7.491 -7.479 -8.044 -8.26 -7.856 -6.697 -6.167 -5.549 -8.113
0.004436 -9.362 -9.262 -9.175 -8.885 -8.589 -8.253 -9.025 -8.842 -8.586 -8.242 -7.884 -7.46 -8.851 -8.483 -8.046 -7.714 -7.397 -8.468 -8.08 -7.757 -7.545 -7.532 -8.097 -8.312 -7.91 -6.753 -6.223 -5.605 -8.166
0.00457 -9.405 -9.308 -9.222 -8.935 -8.641 -8.306 -9.072 -8.893 -8.638 -8.296 -7.937 -7.514 -8.902 -8.535 -8.1 -7.769 -7.452 -8.52 -8.133 -7.811 -7.599 -7.584 -8.151 -8.365 -7.964 -6.809 -6.279 -5.662 -8.219
0.004709 -9.447 -9.353 -9.268 -8.985 -8.693 -8.359 -9.118 -8.943 -8.689 -8.348 -7.991 -7.569 -8.952 -8.587 -8.153 -7.823 -7.507 -8.572 -8.186 -7.864 -7.652 -7.636 -8.204 -8.418 -8.017 -6.864 -6.335 -5.718 -8.272
0.004851 -9.489 -9.397 -9.314 -9.035 -8.744 -8.411 -9.165 -8.993 -8.741 -8.401 -8.045 -7.623 -9.002 -8.639 -8.206 -7.877 -7.561 -8.624 -8.239 -7.918 -7.706 -7.688 -8.257 -8.47 -8.071 -6.919 -6.39 -5.774 -8.324
0.004998 -9.531 -9.442 -9.36 -9.085 -8.796 -8.464 -9.211 -9.043 -8.792 -8.454 -8.098 -7.678 -9.052 -8.69 -8.26 -7.931 -7.616 -8.675 -8.292 -7.971 -7.759 -7.739 -8.309 -8.523 -8.124 -6.974 -6.446 -5.83 -8.377
0.005149 -9.572 -9.486 -9.406 -9.134 -8.847 -8.516 -9.257 -9.093 -8.843 -8.506 -8.152 -7.732 -9.101 -8.742 -8.313 -7.984 -7.67 -8.726 -8.344 -8.024 -7.812 -7.791 -8.362 -8.575 -8.178 -7.03 -6.501 -5.886 -8.429
0.005305 -9.613 -9.53 -9.451 -9.183 -8.898 -8.568 -9.303 -9.142 -8.894 -8.558 -8.205 -7.786 -9.151 -8.793 -8.365 -8.038 -7.724 -8.778 -8.397 -8.077 -7.865 -7.843 -8.414 -8.627 -8.231 -7.084 -6.557 -5.941 -8.481
0.005465 -9.654 -9.573 -9.496 -9.232 -8.948 -8.621 -9.348 -9.191 -8.944 -8.61 -8.258 -7.84 -9.2 -8.844 -8.418 -8.091 -7.778 -8.829 -8.449 -8.13 -7.918 -7.894 -8.467 -8.678 -8.284 -7.139 -6.612 -5.997 -8.533
0.00563 -9.694 -9.616 -9.541 -9.28 -8.999 -8.672 -9.393 -9.24 -8.995 -8.662 -8.311 -7.893 -9.249 -8.895 -8.47 -8.145 -7.832 -8.88 -8.501 -8.183 -7.97 -7.945 -8.519 -8.73 -8.336 -7.194 -6.667 -6.053 -8.585
0.005801 -9.734 -9.659 -9.585 -9.329 -9.049 -8.724 -9.438 -9.289 -9.045 -8.714 -8.363 -7.947 -9.297 -8.946 -8.523 -8.198 -7.886 -8.93 -8.553 -8.235 -8.023 -7.996 -8.571 -8.781 -8.389 -7.249 -6.722 -6.108 -8.636
0.005976 -9.773 -9.701 -9.629 -9.377 -9.099 -8.776 -9.483 -9.337 -9.095 -8.766 -8.416 -8.001 -9.346 -8.997 -8.575 -8.251 -7.939 -8.981 -8.605 -8.288 -8.076 -8.047 -8.623 -8.833 -8.442 -7.303 -6.777 -6.163 -8.688
0.006157 -9.812 -9.743 -9.673 -9.425 -9.149 -8.827 -9.527 -9.386 -9.145 -8.817 -8.469 -8.054 -9.394 -9.047 -8.627 -8.304 -7.993 -9.031 -8.657 -8.34 -8.128 -8.098 -8.674 -8.884 -8.494 -7.358 -6.832 -6.219 -8.739
0.006343 -9.851 -9.785 -9.717 -9.473 -9.199 -8.879 -9.571 -9.434 -9.195 -8.869 -8.521 -8.107 -9.442 -9.098 -8.679 -8.357 -8.046 -9.081 -8.708 -8.393 -8.18 -8.149 -8.726 -8.935 -8.546 -7.412 -6.887 -6.274 -8.79
0.006535 -9.89 -9.827 -9.76 -9.52 -9.249 -8.93 -9.615 -9.482 -9.245 -8.92 -8.573 -8.16 -9.49 -9.148 -8.731 -8.409 -8.1 -9.131 -8.76 -8.445 -8.232 -8.2 -8.777 -8.985 -8.599 -7.466 -6.942 -6.329 -8.841
0.006732 -9.928 -9.868 -9.803 -9.568 -9.298 -8.981 -9.658 -9.53 -9.294 -8.971 -8.625 -8.214 -9.538 -9.198 -8.783 -8.462 -8.153 -9.181 -8.811 -8.497 -8.285 -8.251 -8.829 -9.036 -8.651 -7.52 -6.996 -6.384 -8.892
0.006936 -9.966 -9.909 -9.846 -9.615 -9.347 -9.032 -9.702 -9.577 -9.344 -9.022 -8.677 -8.266 -9.586 -9.248 -8.834 -8.515 -8.206 -9.231 -8.862 -8.549 -8.336 -8.301 -8.88 -9.087 -8.703 -7.574 -7.051 -6.439 -8.943
0.007146 -10.003 -9.95 -9.888 -9.662 -9.396 -9.082 -9.745 -9.625 -9.393 -9.072 -8.729 -8.319 -9.633 -9.297 -8.886 -8.567 -8.259 -9.281 -8.913 -8.6 -8.388 -8.352 -8.931 -9.137 -8.754 -7.628 -7.105 -6.494 -8.994
0.007362 -10.04 -9.99 -9.931 -9.709 -9.445 -9.133 -9.788 -9.672 -9.442 -9.123 -8.781 -8.372 -9.68 -9.347 -8.937 -8.619 -8.312 -9.33 -8.964 -8.652 -8.44 -8.402 -8.982 -9.187 -8.806 -7.682 -7.16 -6.549 -9.044
0.007585 -10.077 -10.03 -9.973 -9.755 -9.494 -9.183 -9.83 -9.719 -9.491 -9.174 -8.832 -8.425 -9.727 -9.396 -8.988 -8.671 -8.365 -9.379 -9.015 -8.704 -8.492 -8.453 -9.032 -9.237 -8.858 -7.736 -7.214 -6.604 -9.095
0.007814 -10.114 -10.07 -10.014 -9.802 -9.543 -9.234 -9.873 -9.766 -9.539 -9.224 -8.884 -8.477 -9.774 -9.445 -9.039 -8.723 -8.417 -9.429 -9.066 -8.755 -8.543 -8.503 -9.083 -9.287 -8.909 -7.79 -7.268 -6.659 -9.145
0.00805 -10.15 -10.109 -10.056 -9.848 -9.591 -9.284 -9.915 -9.812 -9.588 -9.274 -8.935 -8.53 -9.82 -9.494 -9.09 -8.775 -8.47 -9.478 -9.116 -8.807 -8.595 -8.553 -9.134 -9.337 -8.96 -7.843 -7.323 -6.713 -9.195
0.008294 -10.186 -10.149 -10.097 -9.894 -9.64 -9.334 -9.957 -9.859 -9.636 -9.324 -8.987 -8.582 -9.867 -9.543 -9.141 -8.827 -8.522 -9.527 -9.167 -8.858 -8.646 -8.603 -9.184 -9.387 -9.012 -7.897 -7.377 -6.768 -9.245
0.008545 -10.221 -10.187 -10.138 -9.94 -9.688 -9.384 -9.998 -9.905 -9.684 -9.374 -9.038 -8.634 -9.913 -9.592 -9.192 -8.879 -8.575 -9.575 -9.217 -8.909 -8.698 -8.653 -9.234 -9.436 -9.063 -7.95 -7.431 -6.822 -9.295
0.008803 -10.257 -10.226 -10.179 -9.986 -9.736 -9.434 -10.04 -9.951 -9.732 -9.424 -9.089 -8.687 -9.959 -9.641 -9.243 -8.93 -8.627 -9.624 -9.267 -8.96 -8.749 -8.703 -9.284 -9.486 -9.114 -8.004 -7.485 -6.877 -9.344
0.009069 -10.292 -10.264 -10.219 -10.031 -9.784 -9.484 -10.081 -9.997 -9.78 -9.474 -9.14 -8.739 -10.005 -9.689 -9.293 -8.982 -8.68 -9.672 -9.318 -9.011 -8.8 -8.753 -9.334 -9.535 -9.165 -8.057 -7.539 -6.931 -9.394
0.009344 -10.326 -10.302 -10.259 -10.076 -9.832 -9.533 -10.122 -10.043 -9.828 -9.523 -9.191 -8.791 -10.05 -9.738 -9.343 -9.033 -8.732 -9.721 -9.368 -9.062 -8.851 -8.803 -9.384 -9.584 -9.215 -8.11 -7.593 -6.986 -9.443
0.009626 -10.361 -10.34 -10.299 -10.121 -9.879 -9.583 -10.163 -10.088 -9.876 -9.573 -9.242 -8.843 -10.096 -9.786 -9.394 -9.085 -8.784 -9.769 -9.418 -9.113 -8.902 -8.853 -9.434 -9.633 -9.266 -8.164 -7.646 -7.04 -9.493
0.009917 -10.395 -10.377 -10.339 -10.166 -9.927 -9.632 -10.203 -10.133 -9.923 -9.622 -9.292 -8.894 -10.141 -9.834 -9.444 -9.136 -8.836 -9.817 -9.467 -9.164 -8.953 -8.903 -9.484 -9.682 -9.317 -8.217 -7.7 -7.094 -9.542
0.010217 -10.428 -10.415 -10.378 -10.211 -9.974 -9.681 -10.243 -10.179 -9.97 -9.672 -9.343 -8.946 -10.186 -9.882 -9.494 -9.187 -8.888 -9.865 -9.517 -9.215 -9.004 -8.953 -9.533 -9.731 -9.367 -8.27 -7.754 -7.148 -9.591
0.010526 -10.462 -10.451 -10.417 -10.256 -10.021 -9.73 -10.284 -10.223 -10.017 -9.721 -9.393 -8.998 -10.231 -9.93 -9.544 -9.238 -8.94 -9.913 -9.567 -9.265 -9.055 -9.002 -9.583 -9.78 -9.417 -8.323 -7.807 -7.202 -9.64
0.010845 -10.495 -10.488 -10.456 -10.3 -10.068 -9.779 -10.323 -10.268 -10.064 -9.77 -9.444 -9.049 -10.276 -9.977 -9.594 -9.289 -8.991 -9.96 -9.616 -9.316 -9.106 -9.052 -9.632 -9.828 -9.468 -8.376 -7.861 -7.256 -9.689
0.011173 -10.527 -10.524 -10.495 -10.344 -10.115 -9.828 -10.363 -10.313 -10.111 -9.818 -9.494 -9.101 -10.32 -10.025 -9.643 -9.34 -9.043 -10.008 -9.666 -9.366 -9.156 -9.101 -9.681 -9.876 -9.518 -8.428 -7.914 -7.311 -9.738
0.011511 -10.56 -10.56 -10.533 -10.388 -10.161 -9.877 -10.402 -10.357 -10.158 -9.867 -9.544 -9.152 -10.365 -10.072 -9.693 -9.391 -9.095 -10.055 -9.715 -9.416 -9.207 -9.151 -9.73 -9.925 -9.568 -8.481 -7.968 -7.364 -9.786
0.011859 -10.592 -10.596 -10.571 -10.432 -10.208 -9.925 -10.442 -10.402 -10.204 -9.916 -9.594 -9.204 -10.409 -10.119 -9.742 -9.441 -9.146 -10.103 -9.764 -9.467 -9.258 -9.2 -9.779 -9.973 -9.618 -8.534 -8.021 -7.418 -9.835
0.012217 -10.624 -10.631 -10.609 -10.475 -10.254 -9.974 -10.481 -10.446 -10.251 -9.964 -9.644 -9.255 -10.453 -10.166 -9.792 -9.492 -9.197 -10.15 -9.813 -9.517 -9.308 -9.25 -9.828 -10.021 -9.668 -8.587 -8.075 -7.472 -9.883
0.012587 -10.655 -10.666 -10.647 -10.519 -10.301 -10.022 -10.519 -10.489 -10.297 -10.013 -9.694 -9.306 -10.497 -10.213 -9.841 -9.542 -9.249 -10.197 -9.862 -9.567 -9.358 -9.299 -9.877 -10.069 -9.717 -8.639 -8.128 -7.526 -9.931
0.012968 -10.686 -10.701 -10.684 -10.562 -10.347 -10.07 -10.558 -10.533 -10.343 -10.061 -9.744 -9.357 -10.54 -10.26 -9.89 -9.593 -9.3 -10.243 -9.911 -9.617 -9.409 -9.348 -9.925 -10.116 -9.767 -8.692 -8.181 -7.58 -9.979
0.01336 -10.717 -10.735 -10.721 -10.605 -10.393 -10.118 -10.596 -10.577 -10.389 -10.109 -9.793 -9.408 -10.584 -10.307 -9.939 -9.643 -9.351 -10.29 -9.96 -9.667 -9.459 -9.398 -9.974 -10.164 -9.817 -8.744 -8.234 -7.634 -10.027
0.013764 -10.747 -10.769 -10.758 -10.648 -10.438 -10.166 -10.634 -10.62 -10.435 -10.157 -9.843 -9.459 -10.627 -10.353 -9.988 -9.693 -9.402 -10.337 -10.008 -9.716 -9.509 -9.447 -10.022 -10.212 -9.866 -8.797 -8.287 -7.687 -10.075
0.01418 -10.777 -10.803 -10.794 -10.69 -10.484 -10.214 -10.672 -10.663 -10.48 -10.205 -9.892 -9.51 -10.67 -10.4 -10.037 -9.743 -9.453 -10.383 -10.057 -9.766 -9.559 -9.496 -10.07 -10.259 -9.915 -8.849 -8.34 -7.741 -10.123
0.014609 -10.807 -10.836 -10.83 -10.733 -10.529 -10.262 -10.709 -10.706 -10.526 -10.253 -9.941 -9.561 -10.713 -10.446 -10.086 -9.793 -9.504 -10.43 -10.105 -9.816 -9.609 -9.545 -10.119 -10.306 -9.965 -8.901 -8.393 -7.795 -10.171
0.015051 -10.837 -10.869 -10.866 -10.775 -10.575 -10.31 -10.747 -10.749 -10.571 -10.3 -9.991 -9.611 -10.756 -10.492 -10.135 -9.843 -9.555 -10.476 -10.154 -9.865 -9.659 -9.594 -10.167 -10.353 -10.014 -8.953 -8.446 -7.848 -10.218
0.015506 -10.866 -10.902 -10.902 -10.817 -10.62 -10.357 -10.784 -10.791 -10.616 -10.348 -10.04 -9.662 -10.798 -10.538 -10.183 -9.893 -9.606 -10.522 -10.202 -9.915 -9.709 -9.643 -10.215 -10.4 -10.063 -9.005 -8.499 -7.902 -10.265
0.015975 -10.894 -10.935 -10.937 -10.859 -10.665 -10.404 -10.821 -10.834 -10.661 -10.395 -10.089 -9.712 -10.84 -10.584 -10.232 -9.943 -9.657 -10.568 -10.25 -9.964 -9.759 -9.692 -10.262 -10.447 -10.112 -9.058 -8.552 -7.955 -10.313
0.016458 -10.923 -10.967 -10.973 -10.9 -10.71 -10.452 -10.858 -10.876 -10.706 -10.443 -10.138 -9.763 -10.882 -10.629 -10.28 -9.992 -9.707 -10.614 -10.298 -10.013 -9.808 -9.741 -10.31 -10.494 -10.161 -9.11 -8.605 -8.009 -10.36
0.016956 -10.951 -10.999 -11.007 -10.942 -10.754 -10.499 -10.894 -10.918 -10.751 -10.49 -10.187 -9.813 -10.924 -10.675 -10.328 -10.042 -9.758 -10.659 -10.346 -10.062 -9.858 -9.79 -10.358 -10.54 -10.209 -9.162 -8.658 -8.062 -10.407
0.017469 -10.978 -11.03 -11.042 -10.983 -10.799 -10.546 -10.93 -10.96 -10.795 -10.537 -10.235 -9.863 -10.966 -10.72 -10.376 -10.092 -9.808 -10.705 -10.394 -10.112 -9.908 -9.839 -10.405 -10.587 -10.258 -9.213 -8.71 -8.115 -10.454
0.017997 -11.006 -11.061 -11.076 -11.024 -10.843 -10.593 -10.966 -11.001 -10.84 -10.584 -10.284 -9.913 -11.008 -10.766 -10.424 -10.141 -9.859 -10.75 -10.442 -10.161 -9.957 -9.887 -10.453 -10.633 -10.306 -9.265 -8.763 -8.169 -10.501
0.018541 -11.033 -11.092 -11.11 -11.065 -10.887 -10.639 -11.002 -11.043 -10.884 -10.63 -10.333 -9.963 -11.049 -10.811 -10.472 -10.19 -9.909 -10.795 -10.489 -10.21 -10.007 -9.936 -10.5 -10.679 -10.355 -9.317 -8.815 -8.222 -10.547
0.019102 -11.059 -11.123 -11.144 -11.105 -10.931 -10.686 -11.038 -11.084 -10.928 -10.677 -10.381 -10.013 -11.09 -10.856 -10.52 -10.239 -9.959 -10.84 -10.537 -10.258 -10.056 -9.985 -10.547 -10.725 -10.403 -9.369 -8.868 -8.275 -10.594
0.01968 -11.086 -11.153 -11.177 -11.146 -10.975 -10.733 -11.073 -11.125 -10.972 -10.724 -10.429 -10.063 -11.131 -10.9 -10.567 -10.288 -10.009 -10.885 -10.584 -10.307 -10.105 -10.033 -10.594 -10.771 -10.451 -9.421 -8.92 -8.328 -10.64
0.020275 -11.112 -11.183 -11.211 -11.186 -11.019 -10.779 -11.108 -11.166 -11.016 -10.77 -10.478 -10.113 -11.172 -10.945 -10.615 -10.338 -10.059 -10.93 -10.631 -10.356 -10.155 -10.082 -10.641 -10.817 -10.5 -9.472 -8.973 -8.381 -10.687
0.020888 -11.137 -11.212 -11.243 -11.226 -11.063 -10.825 -11.143 -11.206 -11.059 -10.816 -10.526 -10.163 -11.212 -10.989 -10.662 -10.386 -10.109 -10.975 -10.679 -10.404 -10.204 -10.13 -10.688 -10.863 -10.548 -9.524 -9.025 -8.434 -10.733
0.02152 -11.162 -11.241 -11.276 -11.266 -11.106 -10.871 -11.178 -11.247 -11.103 -10.863 -10.574 -10.213 -11.252 -11.034 -10.71 -10.435 -10.159 -11.019 -10.726 -10.453 -10.253 -10.179 -10.734 -10.908 -10.595 -9.575 -9.078 -8.487 -10.779
0.022171 -11.187 -11.27 -11.308 -11.305 -11.149 -10.917 -11.212 -11.287 -11.146 -10.909 -10.622 -10.262 -11.292 -11.078 -10.757 -10.484 -10.209 -11.064 -10.773 -10.501 -10.302 -10.227 -10.781 -10.954 -10.643 -9.627 -9.13 -8.541 -10.825
0.022841 -11.212 -11.299 -11.34 -11.345 -11.192 -10.963 -11.247 -11.327 -11.189 -10.954 -10.669 -10.312 -11.332 -11.122 -10.804 -10.533 -10.259 -11.108 -10.819 -10.55 -10.351 -10.276 -10.827 -10.999 -10.691 -9.678 -9.182 -8.593 -10.87
0.023532 -11.236 -11.327 -11.372 -11.384 -11.235 -11.009 -11.281 -11.367 -11.232 -11.0 -10.717 -10.361 -11.372 -11.166 -10.851 -10.581 -10.309 -11.152 -10.866 -10.598 -10.4 -10.324 -10.873 -11.044 -10.739 -9.729 -9.234 -8.646 -10.916
0.024244 -11.259 -11.355 -11.403 -11.423 -11.278 -11.054 -11.314 -11.406 -11.275 -11.046 -10.765 -10.411 -11.411 -11.21 -10.898 -10.63 -10.358 -11.196 -10.913 -10.646 -10.449 -10.372 -10.92 -11.089 -10.786 -9.781 -9.287 -8.699 -10.962
0.024977 -11.283 -11.382 -11.434 -11.461 -11.32 -11.1 -11.348 -11.445 -11.317 -11.091 -10.812 -10.46 -11.451 -11.253 -10.944 -10.678 -10.408 -11.24 -10.959 -10.694 -10.497 -10.421 -10.966 -11.134 -10.833 -9.832 -9.339 -8.752 -11.007
0.025733 -11.306 -11.409 -11.465 -11.5 -11.363 -11.145 -11.381 -11.485 -11.359 -11.137 -10.86 -10.509 -11.49 -11.296 -10.991 -10.726 -10.457 -11.283 -11.006 -10.742 -10.546 -10.469 -11.012 -11.179 -10.881 -9.883 -9.391 -8.805 -11.052
0.026511 -11.328 -11.436 -11.495 -11.538 -11.405 -11.19 -11.414 -11.523 -11.402 -11.182 -10.907 -10.558 -11.529 -11.34 -11.038 -10.774 -10.507 -11.327 -11.052 -10.79 -10.595 -10.517 -11.057 -11.223 -10.928 -9.934 -9.443 -8.858 -11.098
0.027313 -11.351 -11.462 -11.526 -11.576 -11.447 -11.235 -11.447 -11.562 -11.444 -11.227 -10.954 -10.607 -11.567 -11.383 -11.084 -10.823 -10.556 -11.37 -11.098 -10.838 -10.643 -10.565 -11.103 -11.268 -10.975 -9.985 -9.495 -8.911 -11.143
0.028139 -11.372 -11.488 -11.555 -11.614 -11.489 -11.28 -11.48 -11.601 -11.486 -11.272 -11.001 -10.656 -11.606 -11.426 -11.13 -10.87 -10.605 -11.413 -11.144 -10.886 -10.692 -10.613 -11.149 -11.312 -11.022 -10.036 -9.547 -8.963 -11.187
0.02899 -11.394 -11.513 -11.585 -11.651 -11.531 -11.325 -11.512 -11.639 -11.527 -11.317 -11.048 -10.705 -11.644 -11.468 -11.176 -10.918 -10.654 -11.456 -11.19 -10.933 -10.74 -10.661 -11.194 -11.356 -11.069 -10.087 -9.599 -9.016 -11.232
0.029867 -11.415 -11.539 -11.614 -11.689 -11.572 -11.37 -11.544 -11.677 -11.569 -11.362 -11.095 -10.754 -11.682 -11.511 -11.222 -10.966 -10.703 -11.499 -11.236 -10.981 -10.788 -10.709 -11.239 -11.4 -11.115 -10.138 -9.65 -9.069 -11.277
0.03077 -11.435 -11.563 -11.643 -11.726 -11.613 -11.414 -11.576 -11.715 -11.61 -11.406 -11.142 -10.802 -11.719 -11.553 -11.268 -11.014 -10.752 -11.542 -11.282 -11.028 -10.836 -10.757 -11.284 -11.444 -11.162 -10.189 -9.702 -9.121 -11.321
0.031701 -11.455 -11.588 -11.672 -11.762 -11.655 -11.459 -11.608 -11.752 -11.651 -11.45 -11.188 -10.851 -11.757 -11.596 -11.314 -11.061 -10.801 -11.584 -11.327 -11.075 -10.885 -10.805 -11.33 -11.488 -11.208 -10.239 -9.754 -9.174 -11.366
0.032659 -11.475 -11.612 -11.7 -11.799 -11.696 -11.503 -11.64 -11.79 -11.692 -11.495 -11.235 -10.9 -11.794 -11.638 -11.36 -11.109 -10.85 -11.627 -11.373 -11.123 -10.933 -10.852 -11.374 -11.531 -11.255 -10.29 -9.806 -9.226 -11.41
0.033647 -11.495 -11.635 -11.728 -11.835 -11.736 -11.547 -11.671 -11.827 -11.733 -11.539 -11.281 -10.948 -11.831 -11.68 -11.405 -11.156 -10.899 -11.669 -11.418 -11.17 -10.981 -10.9 -11.419 -11.575 -11.301 -10.341 -9.857 -9.279 -11.454
0.034665 -11.514 -11.658 -11.755 -11.871 -11.777 -11.591 -11.702 -11.864 -11.774 -11.583 -11.328 -10.996 -11.868 -11.721 -11.451 -11.204 -10.947 -11.711 -11.463 -11.217 -11.029 -10.948 -11.464 -11.618 -11.347 -10.391 -9.909 -9.331 -11.498
0.035713 -11.532 -11.681 -11.782 -11.907 -11.817 -11.635 -11.733 -11.9 -11.814 -11.627 -11.374 -11.045 -11.904 -11.763 -11.496 -11.251 -10.996 -11.753 -11.509 -11.264 -11.076 -10.995 -11.508 -11.661 -11.393 -10.442 -9.96 -9.383 -11.542
0.036793 -11.55 -11.704 -11.809 -11.943 -11.857 -11.678 -11.763 -11.937 -11.854 -11.67 -11.42 -11.093 -11.94 -11.804 -11.541 -11.298 -11.044 -11.795 -11.554 -11.311 -11.124 -11.043 -11.553 -11.704 -11.439 -10.492 -10.012 -9.436 -11.586
0.037906 -11.568 -11.726 -11.836 -11.978 -11.897 -11.722 -11.793 -11.973 -11.894 -11.714 -11.466 -11.141 -11.977 -11.846 -11.586 -11.345 -11.093 -11.836 -11.598 -11.357 -11.172 -11.09 -11.597 -11.747 -11.485 -10.542 -10.063 -9.488 -11.629
0.039052 -11.585 -11.747 -11.862 -12.013 -11.937 -11.765 -11.823 -12.009 -11.934 -11.757 -11.512 -11.189 -12.012 -11.887 -11.631 -11.392 -11.141 -11.878 -11.643 -11.404 -11.219 -11.138 -11.641 -11.789 -11.531 -10.593 -10.115 -9.54 -11.672
0.040234 -11.602 -11.768 -11.888 -12.048 -11.977 -11.808 -11.853 -12.044 -11.974 -11.801 -11.557 -11.237 -12.048 -11.927 -11.676 -11.438 -11.189 -11.919 -11.688 -11.451 -11.267 -11.185 -11.685 -11.832 -11.576 -10.643 -10.166 -9.593 -11.716
0.04145 -11.618 -11.789 -11.913 -12.083 -12.016 -11.851 -11.883 -12.08 -12.013 -11.844 -11.603 -11.284 -12.083 -11.968 -11.72 -11.485 -11.237 -11.96 -11.732 -11.497 -11.314 -11.232 -11.729 -11.874 -11.622 -10.693 -10.217 -9.645 -11.759
0.042704 -11.634 -11.809 -11.938 -12.117 -12.055 -11.894 -11.912 -12.115 -12.052 -11.887 -11.648 -11.332 -12.118 -12.009 -11.765 -11.532 -11.285 -12.001 -11.777 -11.543 -11.362 -11.28 -11.773 -11.916 -11.667 -10.743 -10.268 -9.697 -11.802
0.043996 -11.65 -11.829 -11.963 -12.151 -12.094 -11.937 -11.941 -12.15 -12.091 -11.929 -11.694 -11.38 -12.153 -12.049 -11.809 -11.578 -11.333 -12.042 -11.821 -11.59 -11.409 -11.327 -11.816 -11.958 -11.712 -10.793 -10.32 -9.749 -11.845
0.045326 -11.665 -11.849 -11.987 -12.185 -12.133 -11.98 -11.97 -12.185 -12.13 -11.972 -11.739 -11.427 -12.187 -12.089 -11.854 -11.624 -11.381 -12.082 -11.865 -11.636 -11.456 -11.374 -11.86 -12.0 -11.757 -10.843 -10.371 -9.801 -11.887
0.046697 -11.68 -11.868 -12.012 -12.218 -12.172 -12.022 -11.999 -12.219 -12.169 -12.014 -11.784 -11.475 -12.222 -12.129 -11.898 -11.671 -11.429 -12.122 -11.909 -11.682 -11.503 -11.421 -11.903 -12.042 -11.802 -10.893 -10.422 -9.853 -11.93
0.048109 -11.694 -11.886 -12.035 -12.251 -12.21 -12.064 -12.027 -12.253 -12.207 -12.057 -11.829 -11.522 -12.255 -12.169 -11.942 -11.717 -11.476 -12.163 -11.953 -11.728 -11.55 -11.468 -11.946 -12.083 -11.847 -10.943 -10.473 -9.905 -11.972
0.049564 -11.707 -11.904 -12.058 -12.284 -12.248 -12.106 -12.055 -12.287 -12.245 -12.099 -11.874 -11.569 -12.289 -12.208 -11.985 -11.763 -11.524 -12.202 -11.996 -11.774 -11.597 -11.515 -11.989 -12.124 -11.892 -10.993 -10.524 -9.957 -12.014
0.051063 -11.721 -11.922 -12.081 -12.317 -12.286 -12.148 -12.083 -12.32 -12.283 -12.141 -11.919 -11.616 -12.323 -12.247 -12.029 -11.809 -11.571 -12.242 -12.04 -11.819 -11.644 -11.562 -12.032 -12.166 -11.936 -11.042 -10.575 -10.009 -12.056
0.052608 -11.733 -11.939 -12.104 -12.349 -12.324 -12.19 -12.111 -12.354 -12.321 -12.183 -11.963 -11.663 -12.356 -12.287 -12.073 -11.854 -11.619 -12.282 -12.083 -11.865 -11.691 -11.609 -12.075 -12.207 -11.981 -11.092 -10.626 -10.061 -12.098
0.054199 -11.746 -11.956 -12.126 -12.381 -12.362 -12.231 -12.138 -12.387 -12.359 -12.224 -12.008 -11.71 -12.389 -12.326 -12.116 -11.9 -11.666 -12.321 -12.126 -11.91 -11.737 -11.655 -12.117 -12.247 -12.025 -11.142 -10.677 -10.113 -12.14
0.055838 -11.758 -11.972 -12.148 -12.413 -12.399 -12.273 -12.165 -12.419 -12.396 -12.266 -12.052 -11.757 -12.421 -12.364 -12.159 -11.945 -11.713 -12.36 -12.169 -11.956 -11.784 -11.702 -12.159 -12.288 -12.069 -11.191 -10.727 -10.165 -12.182
0.057527 -11.769 -11.988 -12.169 -12.445 -12.436 -12.314 -12.192 -12.452 -12.433 -12.307 -12.096 -11.804 -12.453 -12.403 -12.202 -11.991 -11.76 -12.399 -12.212 -12.001 -11.83 -11.748 -12.202 -12.328 -12.113 -11.241 -10.778 -10.217 -12.223
0.059267 -11.78 -12.003 -12.19 -12.476 -12.473 -12.355 -12.219 -12.484 -12.47 -12.348 -12.14 -11.85 -12.485 -12.441 -12.245 -12.036 -11.807 -12.438 -12.255 -12.046 -11.877 -11.795 -12.244 -12.369 -12.157 -11.29 -10.829 -10.268 -12.264
0.061059 -11.79 -12.018 -12.211 -12.507 -12.509 -12.396 -12.245 -12.516 -12.507 -12.389 -12.184 -11.897 -12.517 -12.479 -12.288 -12.081 -11.854 -12.477 -12.298 -12.091 -11.923 -11.841 -12.286 -12.409 -12.201 -11.339 -10.879 -10.32 -12.306
0.062906 -11.8 -12.032 -12.231 -12.537 -12.546 -12.437 -12.271 -12.548 -12.543 -12.43 -12.228 -11.943 -12.548 -12.517 -12.331 -12.126 -11.901 -12.515 -12.34 -12.136 -11.969 -11.888 -12.327 -12.448 -12.244 -11.389 -10.93 -10.372 -12.347
0.064808 -11.809 -12.046 -12.251 -12.568 -12.582 -12.477 -12.297 -12.579 -12.579 -12.47 -12.272 -11.99 -12.579 -12.555 -12.373 -12.171 -11.948 -12.553 -12.383 -12.181 -12.015 -11.934 -12.369 -12.488 -12.288 -11.438 -10.98 -10.423 -12.387
0.066769 -11.818 -12.059 -12.27 -12.597 -12.618 -12.517 -12.323 -12.61 -12.615 -12.511 -12.315 -12.036 -12.61 -12.592 -12.415 -12.216 -11.994 -12.591 -12.425 -12.226 -12.061 -11.98 -12.41 -12.528 -12.331 -11.487 -11.031 -10.475 -12.428
0.068788 -11.827 -12.072 -12.289 -12.627 -12.653 -12.558 -12.348 -12.64 -12.651 -12.551 -12.359 -12.082 -12.641 -12.629 -12.457 -12.261 -12.041 -12.629 -12.467 -12.27 -12.107 -12.026 -12.452 -12.567 -12.374 -11.536 -11.081 -10.526 -12.468
0.070868 -11.835 -12.084 -12.307 -12.656 -12.689 -12.597 -12.373 -12.671 -12.686 -12.591 -12.402 -12.128 -12.671 -12.666 -12.499 -12.305 -12.087 -12.667 -12.509 -12.314 -12.153 -12.072 -12.493 -12.606 -12.417 -11.585 -11.132 -10.578 -12.509
0.073012 -11.842 -12.096 -12.325 -12.685 -12.724 -12.637 -12.398 -12.701 -12.721 -12.631 -12.445 -12.174 -12.701 -12.703 -12.541 -12.35 -12.133 -12.704 -12.55 -12.359 -12.198 -12.118 -12.534 -12.645 -12.46 -11.634 -11.182 -10.629 -12.549
0.07522 -11.849 -12.107 -12.343 -12.714 -12.759 -12.677 -12.422 -12.731 -12.756 -12.671 -12.488 -12.219 -12.73 -12.74 -12.583 -12.394 -12.179 -12.741 -12.592 -12.403 -12.244 -12.164 -12.574 -12.684 -12.503 -11.683 -11.232 -10.681 -12.589
0.077495 -11.855 -12.118 -12.36 -12.742 -12.793 -12.716 -12.447 -12.76 -12.791 -12.71 -12.531 -12.265 -12.759 -12.776 -12.624 -12.438 -12.225 -12.778 -12.633 -12.447 -12.289 -12.21 -12.615 -12.722 -12.545 -11.731 -11.282 -10.732 -12.628
0.079839 -11.861 -12.128 -12.377 -12.77 -12.827 -12.755 -12.471 -12.789 -12.825 -12.749 -12.573 -12.311 -12.788 -12.812 -12.666 -12.482 -12.271 -12.815 -12.675 -12.491 -12.335 -12.256 -12.655 -12.76 -12.588 -11.78 -11.332 -10.783 -12.668
0.082253 -11.866 -12.137 -12.393 -12.798 -12.862 -12.794 -12.495 -12.818 -12.859 -12.788 -12.616 -12.356 -12.817 -12.848 -12.707 -12.526 -12.317 -12.851 -12.716 -12.535 -12.38 -12.301 -12.696 -12.798 -12.63 -11.828 -11.383 -10.835 -12.707
0.084741 -11.871 -12.146 -12.409 -12.825 -12.895 -12.833 -12.518 -12.846 -12.893 -12.827 -12.658 -12.401 -12.845 -12.883 -12.748 -12.57 -12.363 -12.887 -12.756 -12.578 -12.425 -12.347 -12.736 -12.836 -12.672 -11.877 -11.433 -10.886 -12.747
0.087304 -11.875 -12.155 -12.425 -12.852 -12.929 -12.872 -12.542 -12.874 -12.927 -12.866 -12.7 -12.446 -12.873 -12.919 -12.788 -12.613 -12.408 -12.923 -12.797 -12.622 -12.47 -12.392 -12.776 -12.874 -12.714 -11.925 -11.482 -10.937 -12.786
0.089944 -11.879 -12.163 -12.44 -12.879 -12.962 -12.91 -12.565 -12.902 -12.96 -12.904 -12.742 -12.491 -12.9 -12.954 -12.829 -12.657 -12.454 -12.959 -12.838 -12.665 -12.515 -12.438 -12.815 -12.911 -12.756 -11.974 -11.532 -10.988 -12.825
0.092665 -11.882 -12.17 -12.454 -12.905 -12.995 -12.948 -12.587 -12.929 -12.993 -12.942 -12.784 -12.536 -12.927 -12.988 -12.869 -12.7 -12.499 -12.994 -12.878 -12.708 -12.56 -12.483 -12.855 -12.948 -12.797 -12.022 -11.582 -11.039 -12.863
0.095467 -11.885 -12.177 -12.468 -12.931 -13.028 -12.986 -12.61 -12.956 -13.026 -12.98 -12.826 -12.581 -12.954 -13.023 -12.91 -12.743 -12.544 -13.03 -12.918 -12.751 -12.604 -12.528 -12.894 -12.985 -12.839 -12.07 -11.632 -11.09 -12.902
0.098355 -11.887 -12.183 -12.482 -12.956 -13.06 -13.024 -12.632 -12.983 -13.058 -13.018 -12.867 -12.626 -12.981 -13.057 -12.95 -12.786 -12.59 -13.065 -12.958 -12.794 -12.649 -12.573 -12.933 -13.022 -12.88 -12.118 -11.682 -11.141 -12.94
0.101329 -11.888 -12.189 -12.495 -12.981 -13.092 -13.061 -12.654 -13.009 -13.091 -13.056 -12.908 -12.67 -13.007 -13.091 -12.99 -12.829 -12.635 -13.099 -12.998 -12.837 -12.693 -12.618 -12.972 -13.059 -12.921 -12.166 -11.731 -11.192 -12.978
0.104394 -11.889 -12.194 -12.507 -13.006 -13.124 -13.098 -12.676 -13.035 -13.123 -13.093 -12.95 -12.715 -13.032 -13.125 -13.029 -12.872 -12.679 -13.134 -13.038 -12.88 -12.737 -12.663 -13.011 -13.095 -12.962 -12.214 -11.781 -11.243 -13.016
0.107551 -11.889 -12.198 -12.519 -13.03 -13.156 -13.135 -12.697 -13.061 -13.154 -13.13 -12.991 -12.759 -13.058 -13.159 -13.069 -12.914 -12.724 -13.168 -13.077 -12.922 -12.782 -12.708 -13.05 -13.131 -13.003 -12.262 -11.83 -11.294 -13.054
0.110804 -11.889 -12.202 -12.531 -13.054 -13.187 -13.172 -12.718 -13.086 -13.185 -13.167 -13.031 -12.803 -13.083 -13.192 -13.108 -12.956 -12.769 -13.202 -13.116 -12.964 -12.826 -12.752 -13.088 -13.167 -13.043 -12.31 -11.88 -11.345 -13.091
0.114155 -11.888 -12.205 -12.542 -13.078 -13.218 -13.209 -12.739 -13.111 -13.217 -13.204 -13.072 -12.847 -13.107 -13.225 -13.147 -12.999 -12.813 -13.236 -13.155 -13.007 -12.87 -12.797 -13.126 -13.203 -13.084 -12.357 -11.929 -11.396 -13.128
0.117608 -11.887 -12.208 -12.553 -13.101 -13.249 -13.245 -12.76 -13.135 -13.247 -13.24 -13.112 -12.891 -13.131 -13.257 -13.186 -13.041 -12.858 -13.269 -13.194 -13.049 -12.913 -12.841 -13.164 -13.238 -13.124 -12.405 -11.978 -11.446 -13.165
0.121165 -11.885 -12.21 -12.563 -13.123 -13.279 -13.281 -12.78 -13.159 -13.278 -13.276 -13.153 -12.935 -13.155 -13.29 -13.225 -13.083 -12.902 -13.302 -13.233 -13.09 -12.957 -12.886 -13.202 -13.273 -13.164 -12.453 -12.028 -11.497 -13.202
0.124829 -11.883 -12.211 -12.573 -13.146 -13.309 -13.317 -12.8 -13.183 -13.308 -13.312 -13.193 -12.978 -13.178 -13.322 -13.263 -13.124 -12.946 -13.335 -13.271 -13.132 -13.0 -12.93 -13.239 -13.308 -13.204 -12.5 -12.077 -11.548 -13.239
0.128605 -11.879 -12.212 -12.582 -13.168 -13.339 -13.352 -12.82 -13.206 -13.337 -13.348 -13.233 -13.022 -13.201 -13.354 -13.301 -13.166 -12.99 -13.368 -13.309 -13.174 -13.044 -12.974 -13.277 -13.342 -13.243 -12.547 -12.126 -11.598 -13.275
0.132494 -11.876 -12.212 -12.59 -13.189 -13.368 -13.388 -12.839 -13.229 -13.367 -13.383 -13.272 -13.065 -13.224 -13.385 -13.339 -13.207 -13.034 -13.4 -13.347 -13.215 -13.087 -13.018 -13.314 -13.377 -13.283 -12.594 -12.175 -11.649 -13.312
0.136502 -11.871 -12.211 -12.598 -13.21 -13.397 -13.423 -12.858 -13.252 -13.396 -13.419 -13.312 -13.108 -13.246 -13.416 -13.377 -13.248 -13.077 -13.432 -13.385 -13.256 -13.13 -13.062 -13.351 -13.411 -13.322 -12.642 -12.224 -11.699 -13.348
0.14063 -11.866 -12.21 -12.606 -13.231 -13.426 -13.458 -12.877 -13.274 -13.425 -13.454 -13.351 -13.151 -13.268 -13.447 -13.415 -13.29 -13.121 -13.464 -13.422 -13.297 -13.173 -13.106 -13.387 -13.445 -13.361 -12.689 -12.273 -11.749 -13.383
0.144883 -11.861 -12.208 -12.613 -13.251 -13.454 -13.492 -12.896 -13.295 -13.453 -13.488 -13.39 -13.194 -13.289 -13.478 -13.452 -13.33 -13.164 -13.495 -13.46 -13.338 -13.216 -13.149 -13.424 -13.478 -13.4 -12.735 -12.322 -11.8 -13.419
0.149265 -11.855 -12.205 -12.619 -13.27 -13.482 -13.526 -12.914 -13.316 -13.481 -13.523 -13.429 -13.237 -13.31 -13.508 -13.489 -13.371 -13.207 -13.526 -13.497 -13.379 -13.259 -13.193 -13.46 -13.511 -13.439 -12.782 -12.37 -11.85 -13.454
0.15378 -11.848 -12.202 -12.625 -13.29 -13.51 -13.56 -12.932 -13.337 -13.509 -13.557 -13.468 -13.279 -13.33 -13.538 -13.526 -13.412 -13.25 -13.557 -13.534 -13.419 -13.301 -13.236 -13.496 -13.544 -13.477 -12.829 -12.419 -11.9 -13.489
0.15843 -11.841 -12.198 -12.63 -13.308 -13.537 -13.594 -12.95 -13.357 -13.536 -13.591 -13.506 -13.322 -13.35 -13.568 -13.563 -13.452 -13.293 -13.588 -13.57 -13.459 -13.343 -13.28 -13.532 -13.577 -13.515 -12.876 -12.468 -11.95 -13.524
0.163222 -11.833 -12.193 -12.635 -13.327 -13.564 -13.627 -12.967 -13.377 -13.563 -13.624 -13.545 -13.364 -13.369 -13.597 -13.599 -13.492 -13.336 -13.618 -13.607 -13.499 -13.386 -13.323 -13.567 -13.609 -13.553 -12.922 -12.516 -12.001 -13.559
0.168159 -11.824 -12.187 -12.639 -13.345 -13.591 -13.661 -12.984 -13.397 -13.59 -13.658 -13.583 -13.406 -13.388 -13.626 -13.635 -13.532 -13.379 -13.648 -13.643 -13.539 -13.428 -13.366 -13.603 -13.642 -13.591 -12.968 -12.564 -12.051 -13.593
0.173245 -11.815 -12.181 -12.642 -13.362 -13.617 -13.694 -13.001 -13.416 -13.616 -13.691 -13.621 -13.448 -13.407 -13.655 -13.671 -13.572 -13.421 -13.677 -13.679 -13.579 -13.469 -13.409 -13.638 -13.673 -13.628 -13.015 -12.613 -12.101 -13.627
0.178484 -11.805 -12.174 -12.645 -13.379 -13.643 -13.726 -13.018 -13.434 -13.642 -13.723 -13.658 -13.49 -13.425 -13.683 -13.707 -13.611 -13.463 -13.707 -13.714 -13.619 -13.511 -13.451 -13.672 -13.705 -13.666 -13.061 -12.661 -12.15 -13.661
0.183882 -11.794 -12.166 -12.648 -13.395 -13.668 -13.758 -13.034 -13.452 -13.668 -13.756 -13.696 -13.531 -13.443 -13.711 -13.742 -13.65 -13.506 -13.736 -13.75 -13.658 -13.553 -13.494 -13.707 -13.736 -13.703 -13.107 -12.709 -12.2 -13.695
0.189444 -11.783 -12.158 -12.649 -13.411 -13.693 -13.79 -13.05 -13.47 -13.693 -13.788 -13.733 -13.573 -13.46 -13.738 -13.777 -13.69 -13.547 -13.764 -13.785 -13.697 -13.594 -13.537 -13.741 -13.767 -13.74 -13.153 -12.757 -12.25 -13.728
0.195173 -11.771 -12.149 -12.65 -13.427 -13.718 -13.822 -13.065 -13.487 -13.718 -13.82 -13.77 -13.614 -13.476 -13.765 -13.812 -13.728 -13.589 -13.792 -13.82 -13.736 -13.635 -13.579 -13.775 -13.798 -13.776 -13.199 -12.805 -12.3 -13.762
0.201076 -11.759 -12.139 -12.651 -13.441 -13.742 -13.853 -13.08 -13.503 -13.742 -13.851 -13.806 -13.655 -13.492 -13.792 -13.847 -13.767 -13.631 -13.82 -13.854 -13.775 -13.676 -13.621 -13.809 -13.828 -13.813 -13.245 -12.853 -12.35 -13.794
0.207158 -11.746 -12.128 -12.651 -13.456 -13.766 -13.884 -13.095 -13.519 -13.766 -13.883 -13.843 -13.696 -13.508 -13.819 -13.881 -13.806 -13.672 -13.848 -13.889 -13.813 -13.717 -13.663 -13.843 -13.858 -13.849 -13.29 -12.901 -12.399 -13.827
0.213423 -11.732 -12.116 -12.65 -13.47 -13.789 -13.915 -13.11 -13.535 -13.79 -13.913 -13.879 -13.736 -13.523 -13.845 -13.915 -13.844 -13.714 -13.875 -13.923 -13.852 -13.758 -13.705 -13.876 -13.888 -13.885 -13.336 -12.949 -12.449 -13.859
0.219878 -11.718 -12.104 -12.649 -13.483 -13.812 -13.946 -13.124 -13.55 -13.813 -13.944 -13.915 -13.777 -13.538 -13.871 -13.949 -13.882 -13.755 -13.902 -13.957 -13.89 -13.798 -13.747 -13.909 -13.917 -13.92 -13.381 -12.996 -12.498 -13.892
0.226528 -11.703 -12.091 -12.647 -13.496 -13.835 -13.976 -13.138 -13.564 -13.835 -13.974 -13.951 -13.817 -13.552 -13.896 -13.983 -13.92 -13.796 -13.928 -13.99 -13.927 -13.839 -13.788 -13.942 -13.946 -13.956 -13.426 -13.044 -12.548 -13.923
0.233379 -11.687 -12.077 -12.644 -13.508 -13.857 -14.005 -13.152 -13.578 -13.858 -14.004 -13.986 -13.857 -13.565 -13.921 -14.016 -13.957 -13.836 -13.954 -14.024 -13.965 -13.879 -13.83 -13.974 -13.975 -13.991 -13.471 -13.091 -12.597 -13.955
0.240437 -11.671 -12.062 -12.641 -13.519 -13.879 -14.035 -13.165 -13.591 -13.88 -14.034 -14.021 -13.897 -13.578 -13.945 -14.049 -13.995 -13.877 -13.98 -14.056 -14.002 -13.919 -13.871 -14.006 -14.003 -14.026 -13.516 -13.139 -12.646 -13.986
0.247709 -11.654 -12.046 -12.637 -13.53 -13.9 -14.064 -13.178 -13.604 -13.901 -14.063 -14.056 -13.937 -13.59 -13.97 -14.081 -14.032 -13.917 -14.005 -14.089 -14.04 -13.958 -13.912 -14.038 -14.031 -14.06 -13.561 -13.186 -12.695 -14.017
0.255201 -11.636 -12.029 -12.632 -13.541 -13.921 -14.092 -13.19 -13.617 -13.922 -14.092 -14.091 -13.976 -13.602 -13.993 -14.114 -14.069 -13.957 -14.03 -14.122 -14.077 -13.998 -13.953 -14.07 -14.059 -14.095 -13.606 -13.233 -12.744 -14.048
0.262919 -11.618 -12.012 -12.626 -13.551 -13.941 -14.121 -13.203 -13.628 -13.942 -14.12 -14.125 -14.016 -13.613 -14.017 -14.146 -14.105 -13.997 -14.054 -14.154 -14.113 -14.037 -13.994 -14.101 -14.086 -14.129 -13.651 -13.28 -12.794 -14.078
0.270871 -11.599 -11.993 -12.62 -13.56 -13.961 -14.149 -13.214 -13.639 -13.962 -14.149 -14.16 -14.055 -13.624 -14.039 -14.177 -14.142 -14.037 -14.079 -14.185 -14.15 -14.076 -14.034 -14.132 -14.113 -14.162 -13.695 -13.327 -12.842 -14.109
0.279064 -11.579 -11.974 -12.614 -13.569 -13.98 -14.176 -13.226 -13.65 -13.982 -14.176 -14.193 -14.094 -13.634 -14.062 -14.209 -14.178 -14.076 -14.102 -14.217 -14.186 -14.115 -14.075 -14.163 -14.139 -14.196 -13.739 -13.374 -12.891 -14.138
0.287504 -11.559 -11.954 -12.606 -13.577 -13.999 -14.204 -13.237 -13.66 -14.001 -14.204 -14.227 -14.132 -13.643 -14.084 -14.24 -14.214 -14.116 -14.125 -14.248 -14.222 -14.154 -14.115 -14.193 -14.166 -14.229 -13.783 -13.421 -12.94 -14.168
0.296199 -11.538 -11.933 -12.598 -13.584 -14.018 -14.23 -13.248 -13.669 -14.02 -14.231 -14.26 -14.171 -13.652 -14.105 -14.271 -14.249 -14.155 -14.148 -14.279 -14.257 -14.192 -14.155 -14.223 -14.191 -14.262 -13.827 -13.467 -12.989 -14.197
0.305157 -11.516 -11.91 -12.589 -13.591 -14.036 -14.257 -13.258 -13.678 -14.038 -14.258 -14.293 -14.209 -13.66 -14.126 -14.301 -14.284 -14.194 -14.171 -14.309 -14.293 -14.231 -14.195 -14.253 -14.217 -14.295 -13.871 -13.514 -13.038 -14.226
0.314387 -11.494 -11.887 -12.579 -13.597 -14.053 -14.283 -13.268 -13.686 -14.055 -14.284 -14.326 -14.247 -13.668 -14.147 -14.331 -14.32 -14.232 -14.193 -14.339 -14.328 -14.269 -14.235 -14.282 -14.242 -14.327 -13.915 -13.56 -13.086 -14.255
0.323895 -11.471 -11.863 -12.569 -13.603 -14.07 -14.308 -13.278 -13.694 -14.072 -14.31 -14.358 -14.284 -13.675 -14.167 -14.361 -14.354 -14.271 -14.214 -14.369 -14.363 -14.307 -14.274 -14.311 -14.266 -14.359 -13.959 -13.607 -13.135 -14.283
0.333691 -11.448 -11.838 -12.557 -13.607 -14.086 -14.334 -13.287 -13.701 -14.089 -14.335 -14.39 -14.322 -13.681 -14.187 -14.39 -14.389 -14.309 -14.235 -14.398 -14.397 -14.344 -14.313 -14.34 -14.29 -14.39 -14.002 -13.653 -13.183 -14.311
0.343783 -11.424 -11.812 -12.545 -13.612 -14.102 -14.358 -13.296 -13.707 -14.105 -14.36 -14.422 -14.359 -13.687 -14.206 -14.419 -14.423 -14.347 -14.256 -14.428 -14.432 -14.381 -14.352 -14.368 -14.314 -14.422 -14.045 -13.699 -13.231 -14.339
0.354181 -11.399 -11.785 -12.533 -13.615 -14.117 -14.383 -13.304 -13.712 -14.121 -14.385 -14.453 -14.396 -13.692 -14.225 -14.448 -14.457 -14.385 -14.276 -14.456 -14.466 -14.419 -14.391 -14.396 -14.337 -14.453 -14.088 -13.745 -13.28 -14.366
0.364893 -11.374 -11.757 -12.519 -13.618 -14.132 -14.407 -13.312 -13.717 -14.136 -14.409 -14.485 -14.433 -13.696 -14.243 -14.476 -14.491 -14.422 -14.295 -14.485 -14.499 -14.455 -14.43 -14.424 -14.36 -14.483 -14.131 -13.791 -13.328 -14.393
0.375929 -11.348 -11.728 -12.505 -13.62 -14.146 -14.43 -13.32 -13.721 -14.15 -14.433 -14.515 -14.47 -13.699 -14.261 -14.504 -14.524 -14.459 -14.315 -14.513 -14.533 -14.492 -14.468 -14.451 -14.383 -14.514 -14.174 -13.836 -13.376 -14.42
0.387298 -11.322 -11.698 -12.49 -13.621 -14.16 -14.453 -13.327 -13.725 -14.164 -14.456 -14.546 -14.506 -13.702 -14.278 -14.531 -14.557 -14.496 -14.333 -14.54 -14.566 -14.528 -14.506 -14.478 -14.405 -14.544 -14.217 -13.882 -13.424 -14.446
0.399012 -11.295 -11.667 -12.474 -13.622 -14.173 -14.476 -13.334 -13.728 -14.177 -14.479 -14.576 -14.542 -13.704 -14.295 -14.558 -14.59 -14.533 -14.351 -14.567 -14.599 -14.564 -14.544 -14.505 -14.426 -14.573 -14.259 -13.927 -13.472 -14.472
0.41108 -11.267 -11.635 -12.457 -13.622 -14.186 -14.498 -13.34 -13.73 -14.19 -14.502 -14.606 -14.577 -13.706 -14.311 -14.585 -14.622 -14.57 -14.369 -14.594 -14.631 -14.6 -14.582 -14.531 -14.447 -14.603 -14.301 -13.973 -13.519 -14.497
0.423513 -11.239 -11.601 -12.439 -13.621 -14.197 -14.52 -13.346 -13.731 -14.202 -14.523 -14.635 -14.613 -13.706 -14.326 -14.611 -14.654 -14.606 -14.386 -14.621 -14.663 -14.636 -14.62 -14.557 -14.468 -14.632 -14.344 -14.018 -13.567 -14.523
0.436321 -11.21 -11.567 -12.421 -13.619 -14.209 -14.541 -13.352 -13.732 -14.213 -14.545 -14.664 -14.648 -13.706 -14.341 -14.637 -14.686 -14.642 -14.403 -14.647 -14.695 -14.671 -14.657 -14.583 -14.488 -14.66 -14.385 -14.063 -13.615 -14.548
0.449518 -11.181 -11.531 -12.401 -13.617 -14.219 -14.561 -13.357 -13.732 -14.224 -14.566 -14.693 -14.683 -13.705 -14.356 -14.663 -14.717 -14.677 -14.419 -14.672 -14.727 -14.706 -14.694 -14.608 -14.508 -14.688 -14.427 -14.108 -13.662 -14.572
0.463113 -11.152 -11.494 -12.381 -13.613 -14.229 -14.582 -13.362 -13.731 -14.235 -14.586 -14.721 -14.717 -13.704 -14.37 -14.688 -14.748 -14.713 -14.434 -14.697 -14.758 -14.741 -14.731 -14.633 -14.527 -14.716 -14.469 -14.153 -13.709 -14.596
0.47712 -11.122 -11.456 -12.36 -13.609 -14.239 -14.601 -13.366 -13.729 -14.244 -14.606 -14.749 -14.752 -13.701 -14.383 -14.712 -14.779 -14.748 -14.449 -14.722 -14.789 -14.775 -14.767 -14.657 -14.546 -14.743 -14.51 -14.197 -13.757 -14.62
0.49155 -11.091 -11.417 -12.338 -13.605 -14.247 -14.62 -13.369 -13.727 -14.253 -14.626 -14.776 -14.786 -13.698 -14.396 -14.736 -14.809 -14.783 -14.464 -14.746 -14.819 -14.809 -14.804 -14.681 -14.564 -14.77 -14.551 -14.242 -13.804 -14.643
0.506416 -11.06 -11.376 -12.315 -13.599 -14.255 -14.639 -13.373 -13.723 -14.262 -14.645 -14.803 -14.819 -13.694 -14.408 -14.76 -14.839 -14.817 -14.478 -14.77 -14.849 -14.843 -14.84 -14.704 -14.582 -14.797 -14.592 -14.286 -13.851 -14.666
0.521733 -11.029 -11.335 -12.291 -13.592 -14.263 -14.657 -13.375 -13.719 -14.269 -14.663 -14.83 -14.853 -13.689 -14.419 -14.783 -14.869 -14.851 -14.491 -14.793 -14.879 -14.876 -14.875 -14.727 -14.599 -14.823 -14.633 -14.33 -13.898 -14.689
0.537512 -10.997 -11.292 -12.267 -13.585 -14.269 -14.675 -13.378 -13.714 -14.276 -14.681 -14.856 -14.886 -13.683 -14.43 -14.806 -14.898 -14.885 -14.503 -14.816 -14.908 -14.91 -14.911 -14.75 -14.615 -14.849 -14.673 -14.374 -13.945 -14.711
0.553769 -10.965 -11.248 -12.241 -13.576 -14.275 -14.692 -13.379 -13.709 -14.283 -14.699 -14.882 -14.919 -13.676 -14.44 -14.828 -14.927 -14.919 -14.515 -14.839 -14.937 -14.942 -14.946 -14.772 -14.631 -14.874 -14.714 -14.418 -13.991 -14.733
0.570517 -10.933 -11.202 -12.214 -13.567 -14.281 -14.708 -13.381 -13.702 -14.288 -14.715 -14.907 -14.951 -13.669 -14.45 -14.85 -14.955 -14.952 -14.527 -14.861 -14.966 -14.975 -14.981 -14.794 -14.647 -14.899 -14.754 -14.462 -14.038 -14.754
0.587772 -10.901 -11.156 -12.187 -13.557 -14.285 -14.724 -13.381 -13.694 -14.293 -14.732 -14.932 -14.983 -13.66 -14.459 -14.871 -14.983 -14.985 -14.538 -14.882 -14.994 -15.007 -15.015 -14.815 -14.662 -14.924 -14.793 -14.505 -14.084 -14.775
0.605549 -10.868 -11.107 -12.158 -13.546 -14.289 -14.739 -13.382 -13.686 -14.297 -14.747 -14.957 -15.015 -13.651 -14.467 -14.892 -15.011 -15.018 -14.548 -14.903 -15.022 -15.039 -15.05 -14.836 -14.676 -14.948 -14.833 -14.549 -14.131 -14.795
0.623863 -10.836 -11.058 -12.129 -13.534 -14.292 -14.754 -13.381 -13.677 -14.301 -14.762 -14.981 -15.046 -13.641 -14.474 -14.912 -15.038 -15.05 -14.557 -14.924 -15.049 -15.07 -15.084 -14.856 -14.69 -14.971 -14.872 -14.592 -14.177 -14.815
0.642731 -10.803 -11.007 -12.098 -13.521 -14.294 -14.768 -13.38 -13.666 -14.303 -14.777 -15.005 -15.077 -13.63 -14.481 -14.932 -15.064 -15.082 -14.566 -14.944 -15.076 -15.102 -15.118 -14.876 -14.703 -14.994 -14.912 -14.635 -14.223 -14.835
0.66217 -10.77 -10.955 -12.067 -13.507 -14.296 -14.781 -13.379 -13.655 -14.305 -14.791 -15.028 -15.108 -13.617 -14.487 -14.951 -15.091 -15.113 -14.574 -14.963 -15.103 -15.132 -15.151 -14.895 -14.716 -15.017 -14.951 -14.678 -14.269 -14.854
0.682197 -10.737 -10.901 -12.034 -13.492 -14.296 -14.794 -13.377 -13.643 -14.306 -14.804 -15.05 -15.138 -13.604 -14.493 -14.97 -15.117 -15.145 -14.582 -14.982 -15.129 -15.163 -15.184 -14.914 -14.727 -15.039 -14.989 -14.72 -14.315 -14.873
0.70283 -10.705 -10.846 -12.0 -13.476 -14.296 -14.806 -13.375 -13.63 -14.307 -14.816 -15.073 -15.168 -13.59 -14.497 -14.988 -15.142 -15.175 -14.589 -15.0 -15.155 -15.193 -15.217 -14.933 -14.739 -15.06 -15.028 -14.763 -14.36 -14.891
0.724086 -10.672 -10.79 -11.966 -13.459 -14.295 -14.817 -13.371 -13.616 -14.306 -14.828 -15.094 -15.197 -13.575 -14.501 -15.005 -15.167 -15.206 -14.595 -15.018 -15.18 -15.222 -15.249 -14.951 -14.749 -15.081 -15.066 -14.805 -14.406 -14.909
0.745986 -10.64 -10.731 -11.93 -13.441 -14.294 -14.828 -13.368 -13.601 -14.305 -14.84 -15.115 -15.226 -13.559 -14.504 -15.022 -15.192 -15.236 -14.6 -15.035 -15.204 -15.252 -15.281 -14.968 -14.759 -15.102 -15.104 -14.847 -14.451 -14.926
0.768548 -10.608 -10.672 -11.893 -13.422 -14.291 -14.838 -13.363 -13.584 -14.303 -14.85 -15.136 -15.255 -13.541 -14.507 -15.038 -15.216 -15.266 -14.605 -15.052 -15.229 -15.28 -15.313 -14.985 -14.769 -15.122 -15.141 -14.889 -14.496 -14.943
0.791792 -10.577 -10.611 -11.856 -13.402 -14.288 -14.848 -13.359 -13.567 -14.3 -14.86 -15.156 -15.283 -13.523 -14.508 -15.054 -15.239 -15.295 -14.609 -15.068 -15.253 -15.309 -15.344 -15.001 -14.778 -15.141 -15.179 -14.931 -14.541 -14.959
0.815739 -10.545 -10.548 -11.817 -13.381 -14.283 -14.856 -13.353 -13.549 -14.296 -14.869 -15.176 -15.311 -13.503 -14.509 -15.069 -15.262 -15.324 -14.612 -15.083 -15.276 -15.337 -15.375 -15.017 -14.786 -15.16 -15.216 -14.972 -14.586 -14.975
0.840411 -10.515 -10.484 -11.777 -13.358 -14.278 -14.864 -13.347 -13.529 -14.291 -14.878 -15.195 -15.339 -13.483 -14.509 -15.084 -15.285 -15.352 -14.614 -15.098 -15.299 -15.364 -15.406 -15.032 -14.793 -15.179 -15.253 -15.013 -14.631 -14.99
0.865828 -10.485 -10.418 -11.735 -13.335 -14.272 -14.872 -13.34 -13.509 -14.285 -14.886 -15.213 -15.366 -13.461 -14.508 -15.097 -15.307 -15.38 -14.616 -15.112 -15.321 -15.391 -15.436 -15.046 -14.799 -15.197 -15.289 -15.054 -14.676 -15.005
0.892015 -10.455 -10.35 -11.693 -13.31 -14.265 -14.878 -13.333 -13.487 -14.279 -14.893 -15.231 -15.392 -13.438 -14.506 -15.11 -15.328 -15.408 -14.617 -15.125 -15.343 -15.418 -15.466 -15.06 -14.805 -15.214 -15.325 -15.095 -14.72 -15.019
0.918993 -10.427 -10.281 -11.65 -13.284 -14.256 -14.884 -13.325 -13.465 -14.271 -14.899 -15.248 -15.418 -13.414 -14.504 -15.123 -15.349 -15.435 -14.617 -15.138 -15.364 -15.444 -15.495 -15.074 -14.81 -15.231 -15.361 -15.136 -14.765 -15.033
0.946787 -10.399 -10.21 -11.605 -13.257 -14.247 -14.888 -13.316 -13.441 -14.263 -14.904 -15.265 -15.444 -13.389 -14.5 -15.135 -15.369 -15.462 -14.616 -15.15 -15.384 -15.47 -15.525 -15.087 -14.815 -15.247 -15.397 -15.176 -14.809 -15.046
0.975422 -10.372 -10.138 -11.559 -13.228 -14.237 -14.893 -13.306 -13.415 -14.253 -14.909 -15.281 -15.469 -13.362 -14.496 -15.146 -15.389 -15.488 -14.614 -15.162 -15.405 -15.495 -15.553 -15.099 -14.818 -15.262 -15.432 -15.216 -14.853 -15.058
1.004923 -10.346 -10.063 -11.513 -13.199 -14.226 -14.896 -13.296 -13.389 -14.243 -14.913 -15.297 -15.494 -13.335 -14.491 -15.156 -15.408 -15.514 -14.611 -15.173 -15.424 -15.52 -15.581 -15.11 -14.821 -15.277 -15.467 -15.256 -14.897 -15.071
1.035317 -10.321 -9.987 -11.464 -13.168 -14.214 -14.898 -13.285 -13.361 -14.231 -14.916 -15.312 -15.518 -13.306 -14.484 -15.166 -15.427 -15.539 -14.608 -15.183 -15.443 -15.544 -15.609 -15.121 -14.823 -15.291 -15.502 -15.296 -14.94 -15.082
1.066629 -10.298 -9.909 -11.415 -13.136 -14.201 -14.9 -13.274 -13.333 -14.219 -14.918 -15.326 -15.542 -13.275 -14.477 -15.175 -15.445 -15.564 -14.604 -15.192 -15.461 -15.568 -15.637 -15.131 -14.824 -15.305 -15.536 -15.335 -14.984 -15.093
1.098888 -10.275 -9.83 -11.365 -13.102 -14.187 -14.9 -13.262 -13.302 -14.205 -14.92 -15.339 -15.565 -13.244 -14.469 -15.183 -15.462 -15.588 -14.598 -15.201 -15.479 -15.592 -15.663 -15.141 -14.825 -15.317 -15.57 -15.374 -15.027 -15.103
1.132124 -10.254 -9.748 -11.313 -13.067 -14.171 -14.9 -13.249 -13.271 -14.19 -14.92 -15.352 -15.588 -13.211 -14.46 -15.19 -15.479 -15.612 -14.592 -15.209 -15.496 -15.614 -15.69 -15.15 -14.824 -15.33 -15.604 -15.413 -15.07 -15.113
1.166364 -10.234 -9.665 -11.26 -13.031 -14.155 -14.899 -13.235 -13.238 -14.175 -14.92 -15.365 -15.61 -13.177 -14.449 -15.197 -15.495 -15.635 -14.585 -15.216 -15.513 -15.637 -15.716 -15.158 -14.823 -15.341 -15.637 -15.452 -15.113 -15.122
1.20164 -10.215 -9.579 -11.206 -12.993 -14.137 -14.897 -13.22 -13.204 -14.158 -14.919 -15.376 -15.631 -13.141 -14.438 -15.203 -15.511 -15.657 -14.577 -15.222 -15.529 -15.658 -15.741 -15.166 -14.821 -15.352 -15.67 -15.49 -15.155 -15.131
1.237983 -10.198 -9.492 -11.15 -12.954 -14.119 -14.894 -13.205 -13.168 -14.14 -14.916 -15.387 -15.652 -13.104 -14.426 -15.208 -15.526 -15.68 -14.568 -15.228 -15.544 -15.679 -15.766 -15.173 -14.817 -15.362 -15.702 -15.528 -15.198 -15.139
1.275425 -10.182 -9.403 -11.094 -12.913 -14.099 -14.89 -13.189 -13.131 -14.121 -14.913 -15.397 -15.673 -13.065 -14.412 -15.212 -15.54 -15.701 -14.558 -15.232 -15.558 -15.7 -15.791 -15.179 -14.813 -15.371 -15.734 -15.566 -15.24 -15.146
1.313999 -10.168 -9.312 -11.036 -12.871 -14.078 -14.885 -13.172 -13.093 -14.1 -14.909 -15.407 -15.693 -13.025 -14.398 -15.215 -15.553 -15.722 -14.547 -15.236 -15.572 -15.72 -15.815 -15.184 -14.809 -15.38 -15.766 -15.604 -15.282 -15.153
1.35374 -10.155 -9.218 -10.977 -12.827 -14.055 -14.88 -13.154 -13.053 -14.079 -14.904 -15.415 -15.712 -12.983 -14.382 -15.218 -15.566 -15.743 -14.535 -15.239 -15.585 -15.739 -15.838 -15.189 -14.803 -15.388 -15.798 -15.641 -15.324 -15.159
1.394683 -10.144 -9.123 -10.916 -12.782 -14.032 -14.873 -13.135 -13.012 -14.056 -14.898 -15.423 -15.731 -12.94 -14.366 -15.219 -15.578 -15.763 -14.522 -15.241 -15.598 -15.758 -15.861 -15.193 -14.796 -15.395 -15.828 -15.678 -15.366 -15.164
1.436864 -10.134 -9.026 -10.854 -12.735 -14.007 -14.865 -13.116 -12.969 -14.032 -14.891 -15.43 -15.749 -12.896 -14.348 -15.22 -15.589 -15.782 -14.508 -15.243 -15.61 -15.776 -15.884 -15.196 -14.788 -15.401 -15.859 -15.715 -15.407 -15.169
1.480321 -10.125 -8.927 -10.791 -12.687 -13.981 -14.856 -13.095 -12.924 -14.007 -14.883 -15.436 -15.766 -12.849 -14.329 -15.22 -15.6 -15.8 -14.493 -15.243 -15.621 -15.794 -15.906 -15.198 -14.779 -15.406 -15.889 -15.751 -15.448 -15.173
1.525092 -10.118 -8.826 -10.727 -12.637 -13.953 -14.846 -13.074 -12.878 -13.98 -14.874 -15.442 -15.783 -12.801 -14.308 -15.218 -15.61 -15.818 -14.477 -15.243 -15.631 -15.81 -15.927 -15.2 -14.769 -15.411 -15.919 -15.787 -15.489 -15.176
1.571218 -10.112 -8.723 -10.661 -12.585 -13.924 -14.834 -13.052 -12.83 -13.953 -14.863 -15.447 -15.799 -12.752 -14.287 -15.216 -15.619 -15.836 -14.46 -15.241 -15.64 -15.827 -15.948 -15.2 -14.758 -15.415 -15.948 -15.822 -15.53 -15.179
1.618738 -10.108 -8.618 -10.594 -12.531 -13.894 -14.822 -13.029 -12.781 -13.923 -14.852 -15.45 -15.814 -12.7 -14.264 -15.213 -15.627 -15.852 -14.442 -15.239 -15.649 -15.842 -15.968 -15.2 -14.746 -15.418 -15.977 -15.858 -15.57 -15.181
1.667696 -10.105 -8.51 -10.525 -12.476 -13.862 -14.808 -13.005 -12.73 -13.893 -14.84 -15.453 -15.829 -12.647 -14.24 -15.209 -15.634 -15.868 -14.422 -15.235 -15.657 -15.857 -15.987 -15.199 -14.733 -15.42 -16.005 -15.893 -15.611 -15.182
1.718134 -10.104 -8.401 -10.456 -12.419 -13.829 -14.794 -12.98 -12.677 -13.861 -14.826 -15.455 -15.843 -12.593 -14.215 -15.204 -15.641 -15.884 -14.401 -15.231 -15.664 -15.871 -16.006 -15.197 -14.719 -15.421 -16.033 -15.927 -15.651 -15.183
1.770098 -10.103 -8.29 -10.384 -12.36 -13.795 -14.778 -12.954 -12.623 -13.827 -14.811 -15.456 -15.857 -12.536 -14.188 -15.198 -15.647 -15.898 -14.38 -15.226 -15.67 -15.884 -16.025 -15.194 -14.704 -15.421 -16.06 -15.962 -15.69 -15.183
1.823633 -10.104 -8.177 -10.312 -12.3 -13.759 -14.761 -12.927 -12.566 -13.792 -14.795 -15.457 -15.869 -12.478 -14.16 -15.19 -15.651 -15.912 -14.357 -15.219 -15.675 -15.897 -16.042 -15.191 -14.688 -15.42 -16.087 -15.995 -15.73 -15.182
1.878788 -10.106 -8.062 -10.238 -12.237 -13.721 -14.742 -12.899 -12.508 -13.756 -14.778 -15.456 -15.881 -12.417 -14.13 -15.182 -15.655 -15.925 -14.332 -15.212 -15.68 -15.909 -16.059 -15.186 -14.67 -15.419 -16.114 -16.029 -15.769 -15.18
1.93561 -10.109 -7.946 -10.163 -12.173 -13.682 -14.723 -12.87 -12.448 -13.718 -14.759 -15.454 -15.892 -12.355 -14.099 -15.172 -15.658 -15.938 -14.307 -15.203 -15.683 -15.92 -16.076 -15.18 -14.651 -15.416 -16.139 -16.062 -15.808 -15.178
1.994152 -10.113 -7.827 -10.086 -12.106 -13.641 -14.702 -12.839 -12.386 -13.679 -14.74 -15.452 -15.902 -12.291 -14.067 -15.162 -15.66 -15.949 -14.28 -15.194 -15.686 -15.93 -16.091 -15.174 -14.631 -15.412 -16.165 -16.095 -15.846 -15.175
2.054463 -10.117 -7.708 -10.008 -12.037 -13.599 -14.679 -12.808 -12.322 -13.638 -14.719 -15.448 -15.912 -12.224 -14.033 -15.15 -15.661 -15.96 -14.252 -15.183 -15.688 -15.939 -16.106 -15.166 -14.61 -15.408 -16.189 -16.127 -15.885 -15.171
2.116599 -10.123 -7.586 -9.929 -11.967 -13.555 -14.656 -12.776 -12.256 -13.595 -14.696 -15.443 -15.921 -12.156 -13.998 -15.137 -15.661 -15.97 -14.223 -15.171 -15.688 -15.948 -16.12 -15.158 -14.587 -15.402 -16.214 -16.159 -15.923 -15.166
2.180614 -10.129 -7.464 -9.848 -11.894 -13.509 -14.631 -12.743 -12.188 -13.551 -14.672 -15.438 -15.929 -12.086 -13.961 -15.123 -15.661 -15.979 -14.193 -15.158 -15.688 -15.956 -16.134 -15.148 -14.564 -15.395 -16.237 -16.191 -15.96 -15.161
2.246566 -10.136 -7.341 -9.765 -11.819 -13.462 -14.604 -12.708 -12.118 -13.505 -14.647 -15.431 -15.936 -12.013 -13.922 -15.107 -15.659 -15.988 -14.161 -15.144 -15.687 -15.963 -16.146 -15.137 -14.538 -15.387 -16.26 -16.222 -15.998 -15.154
2.314511 -10.146 -7.286 -9.731 -11.788 -13.444 -14.597 -12.697 -12.089 -13.488 -14.641 -15.433 -15.945 -11.983 -13.909 -15.105 -15.663 -15.998 -14.151 -15.143 -15.692 -15.972 -16.158 -15.138 -14.532 -15.389 -16.277 -16.243 -16.022 -15.157
2.384512 -10.158 -7.298 -9.743 -11.8 -13.456 -14.609 -12.709 -12.101 -13.5 -14.653 -15.445 -15.957 -11.995 -13.921 -15.117 -15.675 -16.009 -14.163 -15.155 -15.704 -15.984 -16.17 -15.15 -14.544 -15.401 -16.289 -16.255 -16.034 -15.169
2.45663 -10.17 -7.31 -9.754 -11.812 -13.468 -14.62 -12.721 -12.113 -13.511 -14.664 -15.457 -15.969 -12.007 -13.933 -15.129 -15.687 -16.021 -14.175 -15.166 -15.716 -15.996 -16.182 -15.162 -14.555 -15.413 -16.301 -16.266 -16.046 -15.181
2.530929 -10.181 -7.321 -9.766 -11.823 -13.479 -14.632 -12.732 -12.124 -13.523 -14.676 -15.468 -15.98 -12.018 -13.944 -15.14 -15.699 -16.033 -14.186 -15.178 -15.727 -16.007 -16.193 -15.173 -14.567 -15.424 -16.313 -16.278 -16.057 -15.192
2.607475 -10.193 -7.333 -9.777 -11.834 -13.49 -14.643 -12.743 -12.136 -13.534 -14.687 -15.48 -15.991 -12.029 -13.956 -15.152 -15.71 -16.044 -14.198 -15.189 -15.738 -16.018 -16.205 -15.184 -14.578 -15.435 -16.324 -16.289 -16.068 -15.204
2.686337 -10.204 -7.344 -9.788 -11.845 -13.501 -14.654 -12.754 -12.147 -13.545 -14.698 -15.491 -16.002 -12.04 -13.966 -15.163 -15.721 -16.055 -14.209 -15.2 -15.749 -16.029 -16.216 -15.195 -14.589 -15.446 -16.335 -16.3 -16.079 -15.215
2.767583 -10.214 -7.354 -9.799 -11.856 -13.512 -14.665 -12.765 -12.157 -13.556 -14.709 -15.501 -16.013 -12.051 -13.977 -15.173 -15.731 -16.066 -14.219 -15.211 -15.76 -16.04 -16.226 -15.206 -14.6 -15.457 -16.345 -16.311 -16.09 -15.225
2.851287 -10.225 -7.365 -9.809 -11.867 -13.523 -14.675 -12.775 -12.168 -13.566 -14.719 -15.512 -16.023 -12.062 -13.988 -15.184 -15.742 -16.076 -14.23 -15.221 -15.771 -16.05 -16.237 -15.217 -14.61 -15.468 -16.356 -16.321 -16.101 -15.236
2.937522 -10.235 -7.375 -9.819 -11.877 -13.533 -14.685 -12.786 -12.178 -13.577 -14.729 -15.522 -16.034 -12.072 -13.998 -15.194 -15.752 -16.086 -14.24 -15.231 -15.781 -16.061 -16.247 -15.227 -14.621 -15.478 -16.366 -16.332 -16.111 -15.246
3.026365 -10.245 -7.385 -9.829 -11.887 -13.543 -14.695 -12.796 -12.188 -13.586 -14.739 -15.532 -16.043 -12.082 -14.008 -15.204 -15.762 -16.096 -14.25 -15.241 -15.791 -16.071 -16.257 -15.237 -14.63 -15.488 -16.376 -16.341 -16.121 -15.256
3.117896 -10.254 -7.394 -9.839 -11.896 -13.552 -14.705 -12.805 -12.198 -13.596 -14.749 -15.542 -16.053 -12.091 -14.017 -15.214 -15.772 -16.106 -14.26 -15.251 -15.8 -16.08 -16.267 -15.246 -14.64 -15.497 -16.386 -16.351 -16.13 -15.265
3.212194 -10.264 -7.404 -9.848 -11.906 -13.562 -14.714 -12.815 -12.207 -13.605 -14.758 -15.551 -16.062 -12.101 -14.027 -15.223 -15.781 -16.115 -14.269 -15.26 -15.81 -16.09 -16.276 -15.256 -14.649 -15.507 -16.395 -16.36 -16.14 -15.275
3.309345 -10.273 -7.413 -9.857 -11.915 -13.571 -14.723 -12.824 -12.216 -13.614 -14.767 -15.56 -16.071 -12.11 -14.036 -15.232 -15.79 -16.124 -14.278 -15.269 -15.819 -16.099 -16.285 -15.265 -14.658 -15.516 -16.404 -16.369 -16.149 -15.284
3.409434 -10.281 -7.422 -9.866 -11.923 -13.579 -14.732 -12.832 -12.225 -13.623 -14.776 -15.569 -16.08 -12.118 -14.044 -15.241 -15.799 -16.133 -14.287 -15.278 -15.827 -16.107 -16.294 -15.273 -14.667 -15.524 -16.413 -16.378 -16.157 -15.293
3.51255 -10.29 -7.43 -9.874 -11.932 -13.588 -14.74 -12.841 -12.233 -13.632 -14.784 -15.577 -16.089 -12.127 -14.053 -15.249 -15.807 -16.141 -14.295 -15.286 -15.836 -16.116 -16.302 -15.282 -14.676 -15.533 -16.421 -16.387 -16.166 -15.301
3.618785 -10.298 -7.438 -9.882 -11.94 -13.596 -14.749 -12.849 -12.241 -13.64 -14.792 -15.585 -16.097 -12.135 -14.061 -15.257 -15.815 -16.149 -14.303 -15.294 -15.844 -16.124 -16.31 -15.29 -14.684 -15.541 -16.429 -16.395 -16.174 -15.309
3.728232 -10.306 -7.446 -9.89 -11.947 -13.603 -14.756 -12.856 -12.249 -13.647 -14.8 -15.593 -16.104 -12.142 -14.069 -15.265 -15.823 -16.157 -14.311 -15.302 -15.851 -16.131 -16.318 -15.297 -14.691 -15.549 -16.437 -16.402 -16.182 -15.317
3.84099 -10.313 -7.453 -9.897 -11.955 -13.611 -14.764 -12.864 -12.256 -13.655 -14.807 -15.6 -16.112 -12.15 -14.076 -15.272 -15.83 -16.164 -14.318 -15.309 -15.859 -16.139 -16.325 -15.305 -14.699 -15.556 -16.444 -16.41 -16.189 -15.324
3.957158 -10.32 -7.46 -9.904 -11.962 -13.618 -14.77 -12.871 -12.263 -13.661 -14.814 -15.607 -16.118 -12.157 -14.083 -15.279 -15.837 -16.171 -14.325 -15.316 -15.866 -16.146 -16.332 -15.312 -14.705 -15.563 -16.451 -16.416 -16.196 -15.331
4.07684 -10.326 -7.466 -9.911 -11.968 -13.624 -14.777 -12.877 -12.269 -13.668 -14.821 -15.613 -16.125 -12.163 -14.089 -15.285 -15.844 -16.178 -14.331 -15.323 -15.872 -16.152 -16.339 -15.318 -14.712 -15.569 -16.458 -16.423 -16.202 -15.337
4.200141 -10.332 -7.472 -9.917 -11.974 -13.63 -14.783 -12.883 -12.276 -13.674 -14.827 -15.62 -16.131 -12.169 -14.095 -15.292 -15.85 -16.184 -14.337 -15.329 -15.878 -16.158 -16.345 -15.324 -14.718 -15.575 -16.464 -16.429 -16.208 -15.343
4.327172 -10.338 -7.478 -9.923 -11.98 -13.636 -14.789 -12.889 -12.281 -13.68 -14.832 -15.625 -16.137 -12.175 -14.101 -15.297 -15.855 -16.189 -14.343 -15.335 -15.884 -16.164 -16.35 -15.33 -14.724 -15.581 -16.469 -16.435 -16.214 -15.349
4.458044 -10.343 -7.483 -9.928 -11.985 -13.641 -14.794 -12.894 -12.286 -13.685 -14.838 -15.63 -16.142 -12.18 -14.106 -15.302 -15.86 -16.195 -14.348 -15.34 -15.889 -16.169 -16.355 -15.335 -14.729 -15.586 -16.474 -16.44 -16.219 -15.354
4.592874 -10.348 -7.488 -9.932 -11.99 -13.646 -14.799 -12.899 -12.291 -13.69 -14.842 -15.635 -16.147 -12.185 -14.111 -15.307 -15.865 -16.199 -14.353 -15.344 -15.894 -16.174 -16.36 -15.34 -14.734 -15.591 -16.479 -16.445 -16.224 -15.359
4.731783 -10.352 -7.492 -9.937 -11.994 -13.65 -14.803 -12.903 -12.295 -13.694 -14.847 -15.639 -16.151 -12.189 -14.115 -15.311 -15.869 -16.203 -14.357 -15.349 -15.898 -16.178 -16.364 -15.344 -14.738 -15.595 -16.483 -16.449 -16.228 -15.363
4.874892 -10.356 -7.496 -9.94 -11.998 -13.654 -14.806 -12.907 -12.299 -13.697 -14.85 -15.643 -16.154 -12.193 -14.119 -15.315 -15.873 -16.207 -14.361 -15.352 -15.902 -16.182 -16.368 -15.348 -14.741 -15.599 -16.487 -16.452 -16.232 -15.367
5.02233 -10.359 -7.499 -9.943 -12.001 -13.657 -14.809 -12.91 -12.302 -13.7 -14.853 -15.646 -16.157 -12.196 -14.122 -15.318 -15.876 -16.21 -14.364 -15.355 -15.905 -16.185 -16.371 -15.351 -14.744 -15.602 -16.49 -16.455 -16.235 -15.37
5.174227 -10.361 -7.501 -9.946 -12.003 -13.659 -14.812 -12.912 -12.304 -13.703 -14.856 -15.648 -16.16 -12.198 -14.124 -15.32 -15.878 -16.213 -14.366 -15.358 -15.907 -16.187 -16.373 -15.353 -14.747 -15.604 -16.492 -16.458 -16.237 -15.372
5.330718 -10.363 -7.503 -9.948 -12.005 -13.661 -14.814 -12.914 -12.306 -13.705 -14.858 -15.65 -16.162 -12.2 -14.126 -15.322 -15.88 -16.214 -14.368 -15.36 -15.909 -16.189 -16.375 -15.355 -14.749 -15.606 -16.494 -16.46 -16.239 -15.374
5.491942 -10.364 -7.504 -9.949 -12.006 -13.662 -14.815 -12.915 -12.307 -13.706 -14.859 -15.651 -16.163 -12.201 -14.127 -15.323 -15.881 -16.216 -14.369 -15.361 -15.91 -16.19 -16.376 -15.356 -14.75 -15.607 -16.495 -16.461 -16.24 -15.375
5.658042 -10.365 -7.505 -9.949 -12.007 -13.663 -14.815 -12.916 -12.308 -13.706 -14.859 -15.652 -16.163 -12.202 -14.128 -15.324 -15.882 -16.216 -14.37 -15.361 -15.911 -16.191 -16.377 -15.357 -14.75 -15.608 -16.496 -16.461 -16.241 -15.376
5.829166 -10.364 -7.505 -9.949 -12.006 -13.662 -14.815 -12.915 -12.308 -13.706 -14.859 -15.652 -16.163 -12.201 -14.127 -15.324 -15.882 -16.216 -14.37 -15.361 -15.91 -16.19 -16.377 -15.356 -14.75 -15.607 -16.496 -16.461 -16.24 -15.376
6.005465 -10.363 -7.503 -9.948 -12.005 -13.661 -14.814 -12.914 -12.307 -13.705 -14.858 -15.651 -16.162 -12.2 -14.126 -15.323 -15.881 -16.215 -14.369 -15.36 -15.909 -16.189 -16.376 -15.355 -14.749 -15.606 -16.495 -16.46 -16.239 -15.374
6.187096 -10.362 -7.502 -9.946 -12.003 -13.659 -14.812 -12.912 -12.305 -13.703 -14.856 -15.649 -16.16 -12.198 -14.125 -15.321 -15.879 -16.213 -14.367 -15.358 -15.907 -16.187 -16.374 -15.353 -14.747 -15.605 -16.493 -16.458 -16.238 -15.373
6.37422 -10.359 -7.499 -9.943 -12.001 -13.657 -14.809 -12.91 -12.302 -13.7 -14.853 -15.646 -16.158 -12.196 -14.122 -15.318 -15.876 -16.21 -14.364 -15.355 -15.905 -16.185 -16.371 -15.351 -14.744 -15.602 -16.49 -16.455 -16.235 -15.37
6.567004 -10.355 -7.495 -9.94 -11.997 -13.653 -14.806 -12.906 -12.298 -13.697 -14.85 -15.642 -16.154 -12.192 -14.118 -15.314 -15.872 -16.207 -14.36 -15.352 -15.901 -16.181 -16.367 -15.347 -14.741 -15.598 -16.486 -16.452 -16.231 -15.366
6.765619 -10.351 -7.491 -9.935 -11.992 -13.648 -14.801 -12.901 -12.294 -13.692 -14.845 -15.638 -16.149 -12.188 -14.114 -15.31 -15.868 -16.202 -14.356 -15.347 -15.897 -16.176 -16.363 -15.342 -14.736 -15.594 -16.482 -16.447 -16.227 -15.362
6.97024 -10.345 -7.485 -9.93 -11.987 -13.643 -14.796 -12.896 -12.288 -13.687 -14.839 -15.632 -16.144 -12.182 -14.108 -15.304 -15.862 -16.196 -14.35 -15.342 -15.891 -16.171 -16.357 -15.337 -14.731 -15.588 -16.476 -16.442 -16.221 -15.356
7.181051 -10.338 -7.478 -9.923 -11.98 -13.636 -14.789 -12.889 -12.281 -13.68 -14.833 -15.625 -16.137 -12.175 -14.101 -15.297 -15.855 -16.19 -14.343 -15.335 -15.884 -16.164 -16.35 -15.33 -14.724 -15.581 -16.469 -16.435 -16.214 -15.349
7.398237 -10.33 -7.47 -9.915 -11.972 -13.628 -14.781 -12.881 -12.274 -13.672 -14.825 -15.618 -16.129 -12.167 -14.093 -15.29 -15.848 -16.182 -14.336 -15.327 -15.876 -16.156 -16.343 -15.322 -14.716 -15.573 -16.462 -16.427 -16.206 -15.341
7.621991 -10.321 -7.461 -9.906 -11.963 -13.619 -14.772 -12.872 -12.264 -13.663 -14.816 -15.608 -16.12 -12.158 -14.084 -15.28 -15.839 -16.173 -14.326 -15.318 -15.867 -16.147 -16.334 -15.313 -14.707 -15.564 -16.453 -16.418 -16.197 -15.332
7.852513 -10.311 -7.451 -9.896 -11.953 -13.609 -14.762 -12.862 -12.254 -13.653 -14.805 -15.598 -16.11 -12.148 -14.074 -15.27 -15.828 -16.162 -14.316 -15.308 -15.857 -16.137 -16.323 -15.303 -14.697 -15.554 -16.442 -16.408 -16.187 -15.322
8.090007 -10.299 -7.439 -9.884 -11.941 -13.597 -14.75 -12.85 -12.242 -13.641 -14.794 -15.587 -16.098 -12.136 -14.062 -15.259 -15.817 -16.151 -14.304 -15.296 -15.845 -16.125 -16.312 -15.291 -14.685 -15.542 -16.431 -16.396 -16.175 -15.31
8.334684 -10.286 -7.426 -9.871 -11.928 -13.584 -14.737 -12.837 -12.229 -13.628 -14.781 -15.573 -16.085 -12.123 -14.049 -15.245 -15.804 -16.138 -14.291 -15.283 -15.832 -16.112 -16.298 -15.278 -14.672 -15.529 -16.418 -16.383 -16.162 -15.297
8.586761 -10.272 -7.412 -9.856 -11.914 -13.57 -14.722 -12.823 -12.215 -13.613 -14.766 -15.559 -16.07 -12.109 -14.035 -15.231 -15.789 -16.123 -14.277 -15.268 -15.818 -16.098 -16.284 -15.264 -14.657 -15.515 -16.403 -16.368 -16.148 -15.283
8.846461 -10.256 -7.396 -9.84 -11.897 -13.553 -14.706 -12.806 -12.199 -13.597 -14.75 -15.543 -16.054 -12.092 -14.019 -15.215 -15.773 -16.107 -14.261 -15.252 -15.801 -16.081 -16.268 -15.247 -14.641 -15.499 -16.387 -16.352 -16.131 -15.267
9.114017 -10.238 -7.378 -9.822 -11.88 -13.536 -14.688 -12.788 -12.181 -13.579 -14.732 -15.525 -16.036 -12.075 -14.001 -15.197 -15.755 -16.089 -14.243 -15.234 -15.784 -16.063 -16.25 -15.229 -14.623 -15.481 -16.369 -16.334 -16.114 -15.249
9.389664 -10.218 -7.358 -9.803 -11.86 -13.516 -14.669 -12.769 -12.161 -13.56 -14.712 -15.505 -16.017 -12.055 -13.981 -15.177 -15.735 -16.069 -14.223 -15.215 -15.764 -16.044 -16.23 -15.21 -14.604 -15.461 -16.349 -16.315 -16.094 -15.229
9.673648 -10.197 -7.337 -9.781 -11.838 -13.494 -14.647 -12.747 -12.14 -13.538 -14.691 -15.484 -15.995 -12.033 -13.96 -15.156 -15.714 -16.048 -14.202 -15.193 -15.742 -16.022 -16.209 -15.188 -14.582 -15.44 -16.328 -16.293 -16.073 -15.208
9.966221 -10.173 -7.313 -9.758 -11.815 -13.471 -14.624 -12.724 -12.116 -13.515 -14.667 -15.46 -15.972 -12.01 -13.936 -15.132 -15.69 -16.024 -14.178 -15.17 -15.719 -15.999 -16.185 -15.165 -14.559 -15.416 -16.304 -16.27 -16.049 -15.184
10.267642 -10.147 -7.288 -9.732 -11.789 -13.445 -14.598 -12.698 -12.091 -13.489 -14.642 -15.435 -15.946 -11.984 -13.91 -15.107 -15.665 -15.999 -14.153 -15.144 -15.693 -15.973 -16.16 -15.139 -14.533 -15.39 -16.279 -16.244 -16.023 -15.159
10.57818 -10.12 -7.26 -9.704 -11.762 -13.418 -14.57 -12.67 -12.063 -13.461 -14.614 -15.407 -15.918 -11.957 -13.883 -15.079 -15.637 -15.971 -14.125 -15.116 -15.666 -15.945 -16.132 -15.111 -14.505 -15.363 -16.251 -16.216 -15.996 -15.131
10.89811 -10.09 -7.23 -9.674 -11.731 -13.387 -14.54 -12.64 -12.033 -13.431 -14.584 -15.377 -15.888 -11.926 -13.853 -15.049 -15.607 -15.941 -14.095 -15.086 -15.635 -15.915 -16.102 -15.081 -14.475 -15.332 -16.221 -16.186 -15.965 -15.101
11.227716 -10.057 -7.197 -9.641 -11.699 -13.355 -14.508 -12.608 -12.0 -13.399 -14.551 -15.344 -15.856 -11.894 -13.82 -15.016 -15.574 -15.908 -14.062 -15.053 -15.603 -15.883 -16.069 -15.049 -14.443 -15.3 -16.188 -16.154 -15.933 -15.068
11.56729 -10.022 -7.162 -9.606 -11.664 -13.32 -14.472 -12.572 -11.965 -13.363 -14.516 -15.309 -15.82 -11.859 -13.785 -14.981 -15.539 -15.873 -14.027 -15.018 -15.568 -15.847 -16.034 -15.013 -14.407 -15.265 -16.153 -16.118 -15.898 -15.033
11.917135 -9.984 -7.124 -9.568 -11.626 -13.282 -14.434 -12.534 -11.927 -13.325 -14.478 -15.271 -15.782 -11.821 -13.747 -14.943 -15.501 -15.835 -13.989 -14.98 -15.53 -15.809 -15.996 -14.975 -14.369 -15.227 -16.115 -16.08 -15.86 -14.995
12.277561 -9.943 -7.083 -9.527 -11.585 -13.241 -14.393 -12.494 -11.886 -13.284 -14.437 -15.23 -15.741 -11.78 -13.706 -14.902 -15.46 -15.794 -13.948 -14.939 -15.489 -15.769 -15.955 -14.935 -14.328 -15.186 -16.074 -16.039 -15.819 -14.954
12.648887 -9.899 -7.039 -9.483 -11.541 -13.197 -14.349 -12.45 -11.842 -13.24 -14.393 -15.186 -15.697 -11.736 -13.662 -14.858 -15.416 -15.75 -13.904 -14.895 -15.445 -15.725 -15.911 -14.891 -14.284 -15.142 -16.03 -15.995 -15.775 -14.91
13.031444 -9.851 -6.992 -9.436 -11.493 -13.149 -14.302 -12.402 -11.795 -13.193 -14.346 -15.139 -15.65 -11.688 -13.614 -14.811 -15.369 -15.703 -13.857 -14.848 -15.397 -15.677 -15.864 -14.843 -14.237 -15.094 -15.983 -15.948 -15.727 -14.863
13.425571 -9.801 -6.941 -9.385 -11.443 -13.099 -14.251 -12.352 -11.744 -13.142 -14.295 -15.088 -15.599 -11.638 -13.564 -14.76 -15.318 -15.652 -13.806 -14.797 -15.347 -15.627 -15.813 -14.793 -14.186 -15.044 -15.932 -15.897 -15.677 -14.812
13.831619 -9.746 -6.886 -9.331 -11.388 -13.044 -14.197 -12.297 -11.689 -13.088 -14.241 -15.033 -15.545 -11.583 -13.509 -14.705 -15.264 -15.598 -13.751 -14.743 -15.292 -15.572 -15.759 -14.738 -14.132 -14.989 -15.878 -15.843 -15.622 -14.757
14.249947 -9.688 -6.828 -9.273 -11.33 -12.986 -14.139 -12.239 -11.631 -13.03 -14.183 -14.975 -15.487 -11.525 -13.451 -14.647 -15.205 -15.539 -13.693 -14.685 -15.234 -15.514 -15.7 -14.68 -14.074 -14.931 -15.819 -15.785 -15.564 -14.699
14.680926 -9.626 -6.766 -9.21 -11.268 -12.924 -14.076 -12.177 -11.569 -12.967 -14.12 -14.913 -15.424 -11.463 -13.389 -14.585 -15.143 -15.477 -13.631 -14.622 -15.172 -15.452 -15.638 -14.618 -14.011 -14.869 -15.757 -15.722 -15.502 -14.637
15.124941 -9.559 -6.699 -9.144 -11.201 -12.857 -14.01 -12.11 -11.502 -12.901 -14.054 -14.846 -15.358 -11.396 -13.322 -14.518 -15.076 -15.411 -13.564 -14.556 -15.105 -15.385 -15.571 -14.551 -13.945 -14.802 -15.69 -15.656 -15.435 -14.57
15.582385 -9.488 -6.628 -9.073 -11.13 -12.786 -13.939 -12.039 -11.431 -12.83 -13.982 -14.775 -15.287 -11.325 -13.251 -14.447 -15.005 -15.339 -13.493 -14.485 -15.034 -15.314 -15.5 -14.48 -13.874 -14.731 -15.619 -15.585 -15.364 -14.499
16.053663 -9.412 -6.552 -8.997 -11.054 -12.71 -13.863 -11.963 -11.355 -12.754 -13.906 -14.699 -15.211 -11.249 -13.175 -14.371 -14.929 -15.263 -13.417 -14.409 -14.958 -15.238 -15.424 -14.404 -13.798 -14.655 -15.543 -15.509 -15.288 -14.423
16.539195 -9.331 -6.471 -8.915 -10.973 -12.629 -13.782 -11.882 -11.274 -12.673 -13.825 -14.618 -15.13 -11.168 -13.094 -14.29 -14.848 -15.182 -13.336 -14.327 -14.877 -15.157 -15.343 -14.323 -13.717 -14.574 -15.462 -15.428 -15.207 -14.342
17.039412 -9.244 -6.384 -8.829 -10.886 -12.542 -13.695 -11.795 -11.188 -12.586 -13.739 -14.532 -15.043 -11.081 -13.007 -14.204 -14.762 -15.096 -13.25 -14.241 -14.79 -15.07 -15.257 -14.236 -13.63 -14.487 -15.376 -15.341 -15.12 -14.255
17.554757 -9.152 -6.292 -8.737 -10.794 -12.45 -13.603 -11.703 -11.095 -12.494 -13.647 -14.439 -14.951 -10.989 -12.915 -14.111 -14.669 -15.004 -13.157 -14.149 -14.698 -14.978 -15.164 -14.144 -13.538 -14.395 -15.283 -15.249 -15.028 -14.163
18.085689 -9.054 -6.194 -8.639 -10.696 -12.352 -13.505 -11.605 -10.997 -12.396 -13.548 -14.341 -14.853 -10.891 -12.817 -14.013 -14.571 -14.905 -13.059 -14.051 -14.6 -14.88 -15.066 -14.046 -13.44 -14.297 -15.185 -15.151 -14.93 -14.065
18.632678 -8.949 -6.09 -8.534 -10.591 -12.247 -13.4 -11.5 -10.893 -12.291 -13.444 -14.237 -14.748 -10.786 -12.712 -13.909 -14.467 -14.801 -12.955 -13.946 -14.495 -14.775 -14.962 -13.941 -13.335 -14.192 -15.081 -15.046 -14.825 -13.961
19.196211 -8.838 -5.978 -8.423 -10.48 -12.136 -13.289 -11.389 -10.781 -12.18 -13.333 -14.125 -14.637 -10.675 -12.601 -13.797 -14.355 -14.689 -12.843 -13.835 -14.384 -14.664 -14.85 -13.83 -13.224 -14.081 -14.969 -14.935 -14.714 -13.849
19.776787 -8.72 -5.86 -8.304 -10.362 -12.018 -13.17 -11.27 -10.663 -12.061 -13.214 -14.007 -14.518 -10.557 -12.483 -13.679 -14.237 -14.571 -12.725 -13.716 -14.266 -14.545 -14.732 -13.711 -13.105 -13.963 -14.851 -14.816 -14.596 -13.731
20.374923 -8.594 -5.734 -8.178 -10.236 -11.892 -13.044 -11.144 -10.537 -11.935 -13.088 -13.881 -14.392 -10.431 -12.357 -13.553 -14.111 -14.445 -12.599 -13.59 -14.14 -14.419 -14.606 -13.585 -12.979 -13.837 -14.725 -14.69 -14.47 -13.605
20.991149 -8.46 -5.6 -8.044 -10.101 -11.758 -12.91 -11.01 -10.403 -11.801 -12.954 -13.747 -14.258 -10.297 -12.223 -13.419 -13.977 -14.311 -12.465 -13.456 -14.006 -14.285 -14.472 -13.451 -12.845 -13.703 -14.591 -14.556 -14.336 -13.471
21.626011 -8.317 -5.457 -7.902 -9.959 -11.615 -12.768 -10.868 -10.26 -11.659 -12.812 -13.604 -14.116 -10.154 -12.08 -13.276 -13.834 -14.169 -12.322 -13.314 -13.863 -14.143 -14.329 -13.309 -12.703 -13.56 -14.448 -14.414 -14.193 -13.328
22.280075 -8.166 -5.306 -7.75 -9.808 -11.464 -12.616 -10.717 -10.109 -11.507 -12.66 -13.453 -13.964 -10.003 -11.929 -13.125 -13.683 -14.017 -12.171 -13.162 -13.712 -13.992 -14.178 -13.158 -12.551 -13.409 -14.297 -14.262 -14.042 -13.177
22.953921 -8.005 -5.145 -7.589 -9.647 -11.303 -12.455 -10.556 -9.948 -11.346 -12.499 -13.292 -13.803 -9.842 -11.768 -12.964 -13.522 -13.856 -12.01 -13.001 -13.551 -13.831 -14.017 -12.997 -12.39 -13.248 -14.136 -14.101 -13.881 -13.016
23.648147 -7.834 -4.974 -7.418 -9.476 -11.132 -12.284 -10.385 -9.777 -11.175 -12.328 -13.121 -13.633 -9.671 -11.597 -12.793 -13.351 -13.685 -11.839 -12.83 -13.38 -13.66 -13.846 -12.826 -12.219 -13.077 -13.965 -13.93 -13.71 -12.845
24.363369 -7.652 -4.792 -7.237 -9.294 -10.95 -12.103 -10.203 -9.595 -10.994 -12.147 -12.939 -13.451 -9.489 -11.415 -12.611 -13.169 -13.504 -11.657 -12.649 -13.198 -13.478 -13.664 -12.644 -12.038 -12.895 -13.783 -13.749 -13.528 -12.663
25.100222 -7.459 -4.599 -7.044 -9.101 -10.757 -11.91 -10.01 -9.402 -10.801 -11.954 -12.746 -13.258 -9.296 -11.222 -12.418 -12.976 -13.311 -11.464 -12.456 -13.005 -13.285 -13.471 -12.451 -11.845 -12.702 -13.59 -13.556 -13.335 -12.47
25.859362 -7.254 -4.394 -6.839 -8.896 -10.552 -11.705 -9.805 -9.197 -10.596 -11.749 -12.541 -13.053 -9.091 -11.017 -12.213 -12.772 -13.106 -11.259 -12.251 -12.8 -13.08 -13.267 -12.246 -11.64 -12.497 -13.386 -13.351 -13.13 -12.265
26.64146 -7.037 -4.177 -6.621 -8.679 -10.335 -11.487 -9.588 -8.98 -10.378 -11.531 -12.324 -12.835 -8.874 -10.8 -11.996 -12.554 -12.888 -11.042 -12.033 -12.583 -12.863 -13.049 -12.029 -11.422 -12.28 -13.168 -13.133 -12.913 -12.048
27.447213 -6.806 -3.946 -6.39 -8.448 -10.104 -11.256 -9.357 -8.749 -10.147 -11.3 -12.093 -12.604 -8.643 -10.569 -11.765 -12.323 -12.657 -10.811 -11.802 -12.352 -12.632 -12.818 -11.798 -11.191 -12.049 -12.937 -12.902 -12.682 -11.817
28.277335 -6.561 -3.701 -6.145 -8.202 -9.858 -11.011 -9.111 -8.504 -9.902 -11.055 -11.848 -12.359 -8.397 -10.324 -11.52 -12.078 -12.412 -10.566 -11.557 -12.106 -12.386 -12.573 -11.552 -10.946 -11.803 -12.692 -12.657 -12.436 -11.572
29.132564 -6.3 -3.44 -5.885 -7.942 -9.598 -10.751 -8.851 -8.243 -9.642 -10.795 -11.587 -12.099 -8.137 -10.063 -11.259 -11.817 -12.151 -10.305 -11.297 -11.846 -12.126 -12.312 -11.292 -10.686 -11.543 -12.431 -12.397 -12.176 -11.311
30.013659 -6.024 -3.164 -5.608 -7.666 -9.322 -10.474 -8.575 -7.967 -9.365 -10.518 -11.311 -11.822 -7.861 -9.787 -10.983 -11.541 -11.875 -10.029 -11.02 -11.57 -11.85 -12.036 -11.016 -10.409 -11.267 -12.155 -12.12 -11.9 -11.035
30.921401 -5.73 -2.87 -5.315 -7.372 -9.028 -10.181 -8.281 -7.673 -9.072 -10.225 -11.017 -11.529 -7.567 -9.493 -10.689 -11.247 -11.582 -9.735 -10.727 -11.276 -11.556 -11.742 -10.722 -10.116 -10.973 -11.861 -11.827 -11.606 -10.741
31.856598 -5.419 -2.559 -5.003 -7.061 -8.717 -9.869 -7.97 -7.362 -8.76 -9.913 -10.706 -11.217 -7.256 -9.182 -10.378 -10.936 -11.27 -9.424 -10.415 -10.965 -11.245 -11.431 -10.411 -9.804 -10.662 -11.55 -11.515 -11.295 -10.43
32.820079 -5.088 -2.228 -4.673 -6.73 -8.386 -9.539 -7.639 -7.031 -8.43 -9.583 -10.375 -10.887 -6.925 -8.851 -10.047 -10.605 -10.939 -9.093 -10.085 -10.634 -10.914 -11.1 -10.08 -9.474 -10.331 -11.219 -11.185 -10.964 -10.099
33.8127 -4.737 -1.877 -4.322 -6.379 -8.035 -9.188 -7.288 -6.68 -8.079 -9.232 -10.024 -10.536 -6.574 -8.5 -9.696 -10.254 -10.589 -8.742 -9.734 -10.283 -10.563 -10.749 -9.729 -9.123 -9.98 -10.868 -10.834 -10.613 -9.748
34.835342 -4.365 -1.505 -3.949 -6.006 -7.663 -8.815 -6.915 -6.308 -7.706 -8.859 -9.652 -10.163 -6.202 -8.128 -9.324 -9.882 -10.216 -8.37 -9.361 -9.911 -10.19 -10.377 -9.356 -8.75 -9.608 -10.496 -10.461 -10.241 -9.376
35.888913 -3.969 -1.109 -3.554 -5.611 -7.267 -8.42 -6.52 -5.912 -7.311 -8.464 -9.256 -9.768 -5.806 -7.732 -8.928 -9.486 -9.821 -7.974 -8.966 -9.515 -9.795 -9.981 -8.961 -8.355 -9.212 -10.1 -10.066 -9.845 -8.98
36.974349 -3.55 -0.69 -3.134 -5.191 -6.847 -8.0 -6.1 -5.493 -6.891 -8.044 -8.837 -9.348 -5.386 -7.313 -8.509 -9.067 -9.401 -7.555 -8.546 -9.095 -9.375 -9.562 -8.541 -7.935 -8.793 -9.681 -9.646 -9.426 -8.561
38.092613 -3.104 -0.244 -2.689 -4.746 -6.402 -7.555 -5.655 -5.047 -6.446 -7.598 -8.391 -8.903 -4.941 -6.867 -8.063 -8.621 -8.955 -7.109 -8.101 -8.65 -8.93 -9.116 -8.096 -7.49 -8.347 -9.235 -9.201 -8.98 -8.115
39.244698 -2.631 0.229 -2.216 -4.273 -5.929 -7.082 -5.182 -4.574 -5.973 -7.126 -7.918 -8.43 -4.468 -6.394 -7.59 -8.148 -8.483 -6.636 -7.628 -8.177 -8.457 -8.643 -7.623 -7.017 -7.874 -8.762 -8.728 -8.507 -7.642
40.431627 -2.129 0.731 -1.714 -3.771 -5.427 -6.58 -4.68 -4.072 -5.471 -6.624 -7.416 -7.928 -3.966 -5.892 -7.088 -7.647 -7.981 -6.134 -7.126 -7.675 -7.955 -8.142 -7.121 -6.515 -7.372 -8.261 -8.226 -8.005 -7.14
41.654454 -1.597 1.263 -1.181 -3.239 -4.895 -6.047 -4.147 -3.54 -4.938 -6.091 -6.884 -7.395 -3.434 -5.36 -6.556 -7.114 -7.448 -5.602 -6.593 -7.143 -7.422 -7.609 -6.589 -5.982 -6.84 -7.728 -7.693 -7.473 -6.608
42.914265 -1.031 1.829 -0.616 -2.673 -4.329 -5.482 -3.582 -2.974 -4.373 -5.526 -6.318 -6.83 -2.868 -4.794 -5.99 -6.549 -6.883 -5.036 -6.028 -6.577 -6.857 -7.043 -6.023 -5.417 -6.274 -7.162 -7.128 -6.907 -6.042
44.212178 -0.431 2.429 -0.016 -2.073 -3.729 -4.882 -2.982 -2.374 -3.773 -4.926 -5.718 -6.23 -2.268 -4.194 -5.39 -5.948 -6.283 -4.436 -5.428 -5.977 -6.257 -6.443 -5.423 -4.817 -5.674 -6.562 -6.528 -6.307 -5.442
45.549345 0.206 3.066 0.621 -1.436 -3.092 -4.245 -2.345 -1.737 -3.136 -4.289 -5.081 -5.593 -1.631 -3.557 -4.753 -5.311 -5.646 -3.799 -4.791 -5.34 -5.62 -5.806 -4.786 -4.18 -5.037 -5.925 -5.891 -5.67 -4.805
46.926954 0.882 3.742 1.297 -0.76 -2.416 -3.569 -1.669 -1.061 -2.46 -3.613 -4.405 -4.917 -0.955 -2.881 -4.077 -4.635 -4.969 -3.123 -4.115 -4.664 -4.944 -5.13 -4.11 -3.504 -4.361 -5.249 -5.215 -4.994 -4.129
48.346227 1.599 4.459 2.015 -0.042 -1.698 -2.851 -0.951 -0.344 -1.742 -2.895 -3.688 -4.199 -0.237 -2.164 -3.36 -3.918 -4.252 -2.406 -3.397 -3.946 -4.226 -4.413 -3.392 -2.786 -3.644 -4.532 -4.497 -4.277 -3.412
49.808426 2.361 5.221 2.777 0.719 -0.937 -2.09 -0.19 0.418 -0.981 -2.133 -2.926 -3.438 0.524 -1.402 -2.598 -3.156 -3.49 -1.644 -2.635 -3.185 -3.465 -3.651 -2.631 -2.025 -2.882 -3.77 -3.736 -3.515 -2.65
51.314848 3.17 6.029 3.585 1.528 -0.128 -1.281 0.619 1.226 -0.172 -1.325 -2.118 -2.629 1.333 -0.593 -1.79 -2.348 -2.682 -0.836 -1.827 -2.376 -2.656 -2.843 -1.822 -1.216 -2.073 -2.962 -2.927 -2.706 -1.842
52.86683 4.028 6.888 4.443 2.386 0.73 -0.423 1.477 2.084 0.686 -0.467 -1.26 -1.771 2.191 0.265 -0.932 -1.49 -1.824 0.022 -0.969 -1.518 -1.798 -1.985 -0.964 -0.358 -1.215 -2.104 -2.069 -1.848 -0.983
54.465752 4.938 7.798 5.354 3.296 1.64 0.488 2.388 2.995 1.597 0.444 -0.349 -0.86 3.101 1.175 -0.021 -0.579 -0.913 0.933 -0.058 -0.608 -0.887 -1.074 -0.054 0.553 -0.305 -1.193 -1.158 -0.938 -0.073
56.113031 5.905 8.765 6.32 4.263 2.607 1.454 3.354 3.962 2.563 1.411 0.618 0.106 4.068 2.142 0.946 0.388 0.054 1.9 0.908 0.359 0.079 -0.107 0.913 1.519 0.662 -0.226 -0.192 0.029 0.894
57.810132 6.931 9.791 7.346 5.289 3.633 2.48 4.38 4.988 3.589 2.437 1.644 1.132 5.094 3.168 1.972 1.414 1.08 2.926 1.934 1.385 1.105 0.919 1.939 2.545 1.688 0.8 0.834 1.055 1.92
59.55856 8.02 10.88 8.435 6.378 4.722 3.569 5.469 6.077 4.678 3.526 2.733 2.221 6.183 4.257 3.061 2.503 2.169 4.015 3.023 2.474 2.194 2.008 3.028 3.634 2.777 1.889 1.923 2.144 3.009
61.359868 9.176 12.036 9.591 7.534 5.878 4.725 6.625 7.233 5.834 4.681 3.889 3.377 7.339 5.413 4.217 3.659 3.325 5.171 4.179 3.63 3.35 3.164 4.184 4.79 3.933 3.045 3.079 3.3 4.165
63.215655 10.403 13.263 10.818 8.761 7.105 5.952 7.852 8.46 7.061 5.908 5.116 4.604 8.566 6.64 5.444 4.886 4.551 6.398 5.406 4.857 4.577 4.391 5.411 6.017 5.16 4.272 4.306 4.527 5.392
65.127569 11.705 14.565 12.12 10.063 8.407 7.254 9.154 9.762 8.363 7.211 6.418 5.906 9.868 7.942 6.746 6.188 5.854 7.7 6.708 6.159 5.879 5.693 6.713 7.319 6.462 5.574 5.608 5.829 6.694
67.097308 13.087 15.947 13.503 11.445 9.789 8.637 10.536 11.144 9.746 8.593 7.8 7.288 11.25 9.324 8.128 7.57 7.236 9.082 8.091 7.541 7.261 7.075 8.095 8.701 7.844 6.956 6.99 7.211 8.076
69.126621 14.554 17.414 14.97 12.912 11.256 10.104 12.003 12.611 11.213 10.06 9.267 8.756 12.717 10.791 9.595 9.037 8.703 10.549 9.558 9.008 8.728 8.542 9.562 10.169 9.311 8.423 8.458 8.678 9.543
71.217308 16.111 18.971 16.527 14.469 12.813 11.661 13.561 14.168 12.77 11.617 10.824 10.313 14.274 12.348 11.152 10.594 10.26 12.106 11.115 10.565 10.286 10.099 11.119 11.726 10.868 9.98 10.015 10.235 11.1
73.371227 17.764 20.624 18.179 16.122 14.466 13.313 15.213 15.821 14.422 13.27 12.477 11.965 15.927 14.001 12.805 12.247 11.913 13.759 12.767 12.218 11.938 11.752 12.772 13.378 12.521 11.633 11.667 11.888 12.753
75.59029 19.518 22.378 19.934 17.876 16.22 15.068 16.967 17.575 16.177 15.024 14.231 13.72 17.681 15.755 14.559 14.001 13.667 15.513 14.522 13.972 13.692 13.506 14.526 15.133 14.275 13.387 13.422 13.642 14.507
77.876467 21.38 24.24 21.796 19.738 18.082 16.93 18.829 19.437 18.039 16.886 16.093 15.581 19.543 17.617 16.421 15.863 15.529 17.375 16.384 15.834 15.554 15.368 16.388 16.995 16.137 15.249 15.284 15.504 16.369
80.231787 23.356 26.216 23.772 21.715 20.059 18.906 20.806 21.413 20.015 18.862 18.069 17.558 21.52 19.593 18.397 17.839 17.505 19.351 18.36 17.81 17.531 17.344 18.365 18.971 18.113 17.225 17.26 17.48 18.345
82.658343 25.454 28.314 25.869 23.812 22.156 21.003 22.903 23.511 22.112 20.96 20.167 19.655 23.617 21.691 20.495 19.937 19.603 21.449 20.457 19.908 19.628 19.442 20.462 21.068 20.211 19.323 19.357 19.578 20.443
85.158288 27.68 30.54 28.096 26.039 24.383 23.23 25.13 25.737 24.339 23.186 22.393 21.882 25.844 23.917 22.721 22.163 21.829 23.675 22.684 22.134 21.855 21.668 22.689 23.295 22.437 21.549 21.584 21.804 22.669
87.733843 30.044 32.903 30.459 28.402 26.746 25.593 27.493 28.1 26.702 25.549 24.756 24.245 28.207 26.281 25.084 24.526 24.192 26.038 25.047 24.498 24.218 24.031 25.052 25.658 24.801 23.912 23.947 24.168 25.032
90.387293 32.552 35.412 32.967 30.91 29.254 28.101 30.001 30.609 29.21 28.057 27.265 26.753 30.715 28.789 27.593 27.034 26.7 28.547 27.555 27.006 26.726 26.54 27.56 28.166 27.309 26.421 26.455 26.676 27.541
93.120995 35.214 38.074 35.629 33.572 31.916 30.763 32.663 33.271 31.872 30.72 29.927 29.415 33.377 31.451 30.255 29.697 29.363 31.209 30.217 29.668 29.388 29.202 30.222 30.828 29.971 29.083 29.117 29.338 30.203
95.937376 38.04 40.9 38.455 36.398 34.742 33.589 35.489 36.097 34.698 33.545 32.753 32.241 36.203 34.277 33.081 32.522 32.188 34.035 33.043 32.494 32.214 32.027 33.048 33.654 32.797 31.908 31.943 32.164 33.029
98.838937 41.039 43.899 41.454 39.397 37.741 36.588 38.488 39.096 37.697 36.544 35.752 35.24 39.202 37.276 36.08 35.522 35.187 37.034 36.042 35.493 35.213 35.027 36.047 36.653 35.796 34.908 34.942 35.163 36.028
101.828253 44.222 47.082 44.638 42.58 40.924 39.772 41.671 42.279 40.881 39.728 38.935 38.424 42.385 40.459 39.263 38.705 38.371 40.217 39.226 38.676 38.396 38.21 39.23 39.837 38.979 38.091 38.126 38.346 39.211
104.907979 47.601 50.461 48.016 45.959 44.303 43.15 45.05 45.658 44.259 43.107 42.314 41.802 45.764 43.838 42.642 42.084 41.75 43.596 42.604 42.055 41.775 41.589 42.609 43.215 42.358 41.47 41.504 41.725 42.59
108.080849 51.187 54.047 51.603 49.545 47.889 46.737 48.637 49.244 47.846 46.693 45.9 45.389 49.35 47.424 46.228 45.67 45.336 47.182 46.191 45.641 45.362 45.175 46.196 46.802 45.944 45.056 45.091 45.311 46.176
111.349681 54.994 57.854 55.409 53.352 51.696 50.543 52.443 53.051 51.652 50.499 49.707 49.195 53.157 51.231 50.035 49.477 49.142 50.989 49.997 49.448 49.168 48.982 50.002 50.608 49.751 48.863 48.897 49.118 49.983
114.717376 59.034 61.894 59.45 57.392 55.736 54.583 56.483 57.091 55.692 54.54 53.747 53.235 57.197 55.271 54.075 53.517 53.183 55.029 54.038 53.488 53.208 53.022 54.042 54.648 53.791 52.903 52.937 53.158 54.023
118.186925 63.322 66.182 63.738 61.681 60.025 58.872 60.772 61.379 59.981 58.828 58.035 57.524 61.486 59.559 58.363 57.805 57.471 59.317 58.326 57.777 57.497 57.31 58.331 58.937 58.079 57.191 57.226 57.446 58.311
121.761408 67.874 70.734 68.29 66.232 64.576 63.423 65.323 65.931 64.532 63.38 62.587 62.075 66.037 64.111 62.915 62.357 62.023 63.869 62.878 62.328 62.048 61.862 62.882 63.488 62.631 61.743 61.777 61.998 62.863
125.443999 72.705 75.565 73.121 71.063 69.407 68.255 70.154 70.762 69.364 68.211 67.418 66.907 70.868 68.942 67.746 67.188 66.854 68.7 67.709 67.159 66.879 66.693 67.713 68.32 67.462 66.574 66.609 66.829 67.694
129.237967 77.833 80.693 78.248 76.191 74.535 73.382 75.282 75.89 74.491 73.339 72.546 72.034 75.996 74.07 72.874 72.316 71.982 73.828 72.836 72.287 72.007 71.821 72.841 73.447 72.59 71.702 71.736 71.957 72.822
133.146681 83.276 86.136 83.691 81.634 79.978 78.825 80.725 81.333 79.934 78.781 77.989 77.477 81.439 79.513 78.317 77.758 77.424 79.271 78.279 77.73 77.45 77.263 78.284 78.89 78.033 77.144 77.179 77.4 78.265
137.173612 89.052 91.912 89.468 87.411 85.755 84.602 86.502 87.109 85.711 84.558 83.765 83.254 87.216 85.289 84.093 83.535 83.201 85.047 84.056 83.507 83.227 83.04 84.061 84.667 83.809 82.921 82.956 83.177 84.041
141.322334 95.184 98.044 95.599 93.542 91.886 90.733 92.633 93.241 91.842 90.69 89.897 89.385 93.347 91.421 90.225 89.667 89.333 91.179 90.187 89.638 89.358 89.172 90.192 90.798 89.941 89.053 89.087 89.308 90.173
145.596532 101.692 104.552 102.108 100.05 98.394 97.241 99.141 99.749 98.35 97.198 96.405 95.893 99.855 97.929 96.733 96.175 95.841 97.687 96.696 96.146 95.866 95.68 96.7 97.306 96.449 95.561 95.595 95.816 96.681
150.0 108.6 111.46 109.015 106.958 105.302 104.149 106.049 106.657 105.258 104.105 103.313 102.801 106.763 104.837 103.641 103.083 102.748 104.595 103.603 103.054 102.774 102.588 103.608 104.214 103.357 102.469 102.503 102.724 103.589
