# %ECSV 1.0
# ---
# datatype:
# - {name: time, datatype: float64}
# - {name: swift_uvot_uvw2, datatype: float64}
# - {name: swift_uvot_uvm2, datatype: float64}
# - {name: swift_uvot_uvw1, datatype: float64}
# - {name: swift_uvot_U, datatype: float64}
# - {name: swift_uvot_B, datatype: float64}
# - {name: swift_uvot_V, datatype: float64}
# - {name: swift_uvot_W, datatype: float64}
# - {name: johnson_U, datatype: float64}
# - {name: johnson_B, datatype: float64}
# - {name: johnson_V, datatype: float64}
# - {name: johnson_R, datatype: float64}
# - {name: johnson_I, datatype: float64}
# - {name: sdss_u, datatype: float64}
# - {name: sdss_g, datatype: float64}
# - {name: sdss_r, datatype: float64}
# - {name: sdss_i, datatype: float64}
# - {name: sdss_z, datatype: float64}
# - {name: PS1_g, datatype: float64}
# - {name: PS1_r, datatype: float64}
# - {name: PS1_i, datatype: float64}
# - {name: PS1_z, datatype: float64}
# - {name: PS1_Y, datatype: float64}
# - {name: PS1_w, datatype: float64}
# - {name: ATLAS_c, datatype: float64}
# - {name: ATLAS_o, datatype: float64}
# - {name: ukirt_J, datatype: float64}
# - {name: ukirt_H, datatype: float64}
# - {name: ukirt_K, datatype: float64}
# - {name: Clear, datatype: float64}
# meta: !!omap
# - comment: [kappa = 10.0, type = villar, mass = 0.012011244339858356, velocity = 0.3903333333333333, theta_obs = 0.0]
# schema: astropy-2.0
time swift_uvot_uvw2 swift_uvot_uvm2 swift_uvot_uvw1 swift_uvot_U swift_uvot_B swift_uvot_V swift_uvot_W johnson_U johnson_B johnson_V johnson_R johnson_I sdss_u sdss_g sdss_r sdss_i sdss_z PS1_g PS1_r PS1_i PS1_z PS1_Y PS1_w ATLAS_c ATLAS_o ukirt_J ukirt_H ukirt_K Clear
0.001 nan nan nan nan nan nan nan nan nan nan nan nan nan nan nan nan nan nan nan nan nan nan nan nan nan nan nan nan nan
0.00103 -3.319 -3.554 -3.757 -4.071 -4.083 -3.977 -3.801 -4.082 -4.081 -3.971 -3.771 -3.488 -4.082 -4.056 -3.873 -3.67 -3.446 -4.054 -3.882 -3.68 -3.514 -3.432 -3.869 -3.988 -3.787 -2.935 -2.478 -1.92 -3.887
0.001061 -4.261 -4.422 -4.535 -4.683 -4.605 -4.431 -4.495 -4.678 -4.602 -4.423 -4.177 -3.853 -4.681 -4.554 -4.296 -4.056 -3.805 -4.544 -4.309 -4.069 -3.884 -3.802 -4.307 -4.456 -4.196 -3.256 -2.777 -2.203 -4.338
0.001094 -4.763 -4.883 -4.954 -5.021 -4.9 -4.695 -4.882 -5.008 -4.897 -4.686 -4.418 -4.074 -5.013 -4.838 -4.546 -4.288 -4.024 -4.826 -4.56 -4.303 -4.109 -4.03 -4.563 -4.726 -4.438 -3.456 -2.968 -2.385 -4.602
0.001127 -5.103 -5.196 -5.243 -5.258 -5.111 -4.887 -5.153 -5.241 -5.108 -4.878 -4.596 -4.241 -5.247 -5.043 -4.729 -4.46 -4.188 -5.029 -4.744 -4.477 -4.279 -4.203 -4.751 -4.922 -4.617 -3.61 -3.115 -2.528 -4.794
0.001161 -5.36 -5.434 -5.464 -5.444 -5.28 -5.041 -5.363 -5.424 -5.276 -5.032 -4.741 -4.378 -5.43 -5.206 -4.878 -4.602 -4.324 -5.191 -4.894 -4.62 -4.419 -4.346 -4.903 -5.079 -4.763 -3.738 -3.24 -2.648 -4.949
0.001196 -5.567 -5.626 -5.644 -5.599 -5.421 -5.174 -5.536 -5.577 -5.418 -5.165 -4.867 -4.498 -5.583 -5.345 -5.006 -4.724 -4.443 -5.329 -5.023 -4.744 -4.541 -4.47 -5.034 -5.214 -4.889 -3.851 -3.349 -2.756 -5.081
0.001232 -5.742 -5.79 -5.799 -5.733 -5.546 -5.291 -5.685 -5.709 -5.542 -5.282 -4.979 -4.605 -5.716 -5.467 -5.12 -4.834 -4.55 -5.451 -5.138 -4.854 -4.65 -4.582 -5.15 -5.332 -5.001 -3.954 -3.45 -2.854 -5.199
0.001269 -5.893 -5.932 -5.934 -5.853 -5.658 -5.397 -5.817 -5.828 -5.654 -5.388 -5.081 -4.704 -5.834 -5.577 -5.224 -4.935 -4.648 -5.561 -5.242 -4.956 -4.75 -4.684 -5.255 -5.44 -5.104 -4.049 -3.543 -2.946 -5.305
0.001308 -6.027 -6.059 -6.055 -5.962 -5.761 -5.495 -5.935 -5.936 -5.757 -5.486 -5.176 -4.796 -5.942 -5.678 -5.32 -5.028 -4.74 -5.662 -5.339 -5.05 -4.844 -4.779 -5.352 -5.539 -5.199 -4.138 -3.63 -3.032 -5.404
0.001347 -6.148 -6.174 -6.166 -6.062 -5.856 -5.587 -6.043 -6.035 -5.853 -5.578 -5.265 -4.883 -6.042 -5.772 -5.41 -5.116 -4.827 -5.756 -5.43 -5.139 -4.932 -4.869 -5.443 -5.632 -5.288 -4.222 -3.714 -3.115 -5.496
0.001388 -6.258 -6.279 -6.268 -6.156 -5.946 -5.674 -6.144 -6.129 -5.943 -5.665 -5.35 -4.966 -6.136 -5.861 -5.496 -5.2 -4.909 -5.845 -5.516 -5.224 -5.016 -4.954 -5.53 -5.719 -5.373 -4.303 -3.794 -3.194 -5.583
0.00143 -6.36 -6.377 -6.363 -6.245 -6.032 -5.757 -6.237 -6.216 -6.028 -5.748 -5.431 -5.046 -6.224 -5.946 -5.578 -5.281 -4.989 -5.929 -5.598 -5.305 -5.097 -5.036 -5.612 -5.803 -5.455 -4.381 -3.871 -3.271 -5.666
0.001473 -6.455 -6.469 -6.452 -6.329 -6.113 -5.836 -6.326 -6.3 -6.11 -5.827 -5.509 -5.123 -6.307 -6.027 -5.656 -5.358 -5.066 -6.01 -5.677 -5.383 -5.174 -5.114 -5.691 -5.883 -5.533 -4.457 -3.946 -3.345 -5.745
0.001518 -6.544 -6.556 -6.537 -6.409 -6.191 -5.913 -6.409 -6.38 -6.188 -5.904 -5.585 -5.197 -6.387 -6.104 -5.732 -5.434 -5.14 -6.088 -5.753 -5.458 -5.25 -5.19 -5.768 -5.96 -5.609 -4.531 -4.019 -3.418 -5.822
0.001564 -6.628 -6.638 -6.617 -6.486 -6.267 -5.987 -6.489 -6.457 -6.263 -5.978 -5.658 -5.27 -6.464 -6.179 -5.806 -5.507 -5.213 -6.163 -5.827 -5.531 -5.323 -5.264 -5.842 -6.034 -5.682 -4.602 -4.091 -3.489 -5.896
0.001611 -6.708 -6.716 -6.694 -6.561 -6.34 -6.059 -6.566 -6.531 -6.336 -6.05 -5.73 -5.341 -6.538 -6.252 -5.878 -5.578 -5.283 -6.235 -5.899 -5.602 -5.394 -5.336 -5.914 -6.107 -5.753 -4.673 -4.161 -3.558 -5.969
0.00166 -6.784 -6.79 -6.768 -6.633 -6.411 -6.13 -6.639 -6.603 -6.407 -6.12 -5.799 -5.41 -6.61 -6.323 -5.948 -5.647 -5.353 -6.306 -5.969 -5.672 -5.463 -5.405 -5.984 -6.177 -5.823 -4.741 -4.229 -3.627 -6.039
0.00171 -6.857 -6.862 -6.839 -6.702 -6.48 -6.198 -6.71 -6.672 -6.476 -6.189 -5.868 -5.478 -6.68 -6.392 -6.016 -5.715 -5.421 -6.375 -6.037 -5.74 -5.532 -5.474 -6.052 -6.246 -5.892 -4.809 -4.297 -3.694 -6.108
0.001761 -6.927 -6.932 -6.908 -6.77 -6.548 -6.266 -6.779 -6.74 -6.544 -6.256 -5.935 -5.545 -6.748 -6.459 -6.083 -5.782 -5.487 -6.442 -6.105 -5.807 -5.598 -5.541 -6.12 -6.313 -5.959 -4.876 -4.363 -3.76 -6.175
0.001815 -6.994 -6.998 -6.975 -6.837 -6.614 -6.331 -6.845 -6.807 -6.61 -6.322 -6.001 -5.611 -6.814 -6.525 -6.149 -5.848 -5.553 -6.508 -6.17 -5.873 -5.664 -5.607 -6.185 -6.379 -6.024 -4.941 -4.429 -3.826 -6.241
0.00187 -7.059 -7.063 -7.04 -6.901 -6.678 -6.396 -6.91 -6.871 -6.675 -6.387 -6.065 -5.675 -6.879 -6.59 -6.214 -5.913 -5.618 -6.573 -6.235 -5.938 -5.729 -5.672 -6.25 -6.444 -6.089 -5.006 -4.493 -3.891 -6.306
0.001926 -7.121 -7.126 -7.103 -6.965 -6.742 -6.46 -6.973 -6.935 -6.738 -6.45 -6.129 -5.739 -6.942 -6.654 -6.277 -5.977 -5.682 -6.637 -6.299 -6.002 -5.793 -5.735 -6.314 -6.507 -6.153 -5.07 -4.557 -3.955 -6.369
0.001984 -7.182 -7.187 -7.164 -7.027 -6.804 -6.523 -7.035 -6.997 -6.801 -6.513 -6.192 -5.802 -7.004 -6.716 -6.34 -6.04 -5.745 -6.699 -6.362 -6.065 -5.856 -5.798 -6.377 -6.57 -6.216 -5.133 -4.621 -4.018 -6.432
0.002044 -7.241 -7.247 -7.224 -7.088 -6.866 -6.585 -7.095 -7.058 -6.862 -6.575 -6.254 -5.865 -7.065 -6.778 -6.402 -6.102 -5.807 -6.761 -6.424 -6.127 -5.918 -5.86 -6.439 -6.632 -6.278 -5.196 -4.683 -4.081 -6.494
0.002106 -7.298 -7.305 -7.283 -7.148 -6.927 -6.646 -7.154 -7.118 -6.923 -6.636 -6.316 -5.926 -7.126 -6.839 -6.464 -6.163 -5.869 -6.822 -6.485 -6.188 -5.98 -5.921 -6.5 -6.693 -6.339 -5.258 -4.746 -4.143 -6.555
0.00217 -7.354 -7.362 -7.34 -7.207 -6.986 -6.706 -7.212 -7.177 -6.983 -6.697 -6.376 -5.987 -7.185 -6.899 -6.524 -6.224 -5.93 -6.882 -6.545 -6.249 -6.04 -5.982 -6.56 -6.753 -6.4 -5.319 -4.807 -4.205 -6.615
0.002236 -7.409 -7.417 -7.397 -7.265 -7.045 -6.766 -7.268 -7.236 -7.042 -6.756 -6.436 -6.048 -7.243 -6.958 -6.584 -6.285 -5.991 -6.941 -6.605 -6.309 -6.101 -6.042 -6.62 -6.813 -6.46 -5.38 -4.868 -4.266 -6.675
0.002303 -7.462 -7.472 -7.452 -7.322 -7.104 -6.825 -7.324 -7.293 -7.1 -6.815 -6.496 -6.108 -7.3 -7.016 -6.643 -6.344 -6.051 -6.999 -6.664 -6.369 -6.16 -6.101 -6.679 -6.871 -6.52 -5.441 -4.929 -4.327 -6.734
0.002373 -7.514 -7.525 -7.506 -7.379 -7.161 -6.883 -7.379 -7.35 -7.158 -6.874 -6.555 -6.167 -7.357 -7.074 -6.702 -6.404 -6.11 -7.057 -6.723 -6.428 -6.22 -6.16 -6.738 -6.93 -6.579 -5.501 -4.989 -4.388 -6.792
0.002445 -7.564 -7.577 -7.559 -7.435 -7.218 -6.941 -7.433 -7.406 -7.215 -6.931 -6.613 -6.226 -7.413 -7.131 -6.76 -6.462 -6.169 -7.115 -6.781 -6.486 -6.278 -6.218 -6.796 -6.987 -6.637 -5.56 -5.049 -4.448 -6.85
0.002519 -7.614 -7.628 -7.612 -7.49 -7.275 -6.998 -7.486 -7.461 -7.271 -6.989 -6.671 -6.285 -7.468 -7.188 -6.818 -6.521 -6.228 -7.171 -6.839 -6.545 -6.337 -6.276 -6.853 -7.044 -6.695 -5.62 -5.109 -4.508 -6.907
0.002595 -7.663 -7.679 -7.663 -7.544 -7.33 -7.055 -7.538 -7.516 -7.327 -7.046 -6.729 -6.343 -7.523 -7.244 -6.876 -6.578 -6.286 -7.228 -6.896 -6.602 -6.394 -6.334 -6.91 -7.101 -6.752 -5.678 -5.168 -4.567 -6.964
0.002673 -7.71 -7.728 -7.714 -7.598 -7.386 -7.111 -7.589 -7.57 -7.382 -7.102 -6.786 -6.401 -7.577 -7.3 -6.932 -6.636 -6.344 -7.283 -6.953 -6.659 -6.452 -6.391 -6.967 -7.157 -6.81 -5.737 -5.227 -4.626 -7.02
0.002754 -7.757 -7.777 -7.764 -7.651 -7.44 -7.167 -7.64 -7.623 -7.437 -7.158 -6.843 -6.458 -7.63 -7.355 -6.989 -6.693 -6.402 -7.338 -7.009 -6.716 -6.509 -6.447 -7.023 -7.213 -6.866 -5.795 -5.286 -4.685 -7.076
0.002837 -7.803 -7.825 -7.814 -7.704 -7.495 -7.223 -7.69 -7.676 -7.491 -7.214 -6.899 -6.516 -7.683 -7.41 -7.045 -6.75 -6.459 -7.393 -7.065 -6.773 -6.566 -6.503 -7.079 -7.268 -6.923 -5.853 -5.344 -4.744 -7.132
0.002923 -7.848 -7.872 -7.862 -7.756 -7.548 -7.278 -7.739 -7.729 -7.545 -7.269 -6.955 -6.572 -7.736 -7.464 -7.101 -6.806 -6.516 -7.448 -7.12 -6.829 -6.622 -6.559 -7.134 -7.323 -6.979 -5.911 -5.402 -4.802 -7.187
0.003012 -7.892 -7.918 -7.91 -7.808 -7.602 -7.333 -7.788 -7.78 -7.598 -7.323 -7.011 -6.629 -7.787 -7.518 -7.156 -6.862 -6.572 -7.501 -7.176 -6.885 -6.678 -6.615 -7.189 -7.377 -7.034 -5.968 -5.46 -4.861 -7.241
0.003103 -7.936 -7.964 -7.958 -7.859 -7.655 -7.387 -7.836 -7.832 -7.651 -7.378 -7.066 -6.685 -7.839 -7.571 -7.211 -6.918 -6.629 -7.555 -7.23 -6.94 -6.734 -6.67 -7.244 -7.431 -7.089 -6.025 -5.517 -4.919 -7.296
0.003196 -7.978 -8.009 -8.004 -7.909 -7.707 -7.441 -7.884 -7.883 -7.704 -7.432 -7.121 -6.741 -7.89 -7.624 -7.265 -6.973 -6.685 -7.608 -7.285 -6.996 -6.789 -6.725 -7.298 -7.485 -7.144 -6.082 -5.575 -4.976 -7.35
0.003293 -8.02 -8.053 -8.05 -7.96 -7.76 -7.495 -7.931 -7.933 -7.756 -7.486 -7.176 -6.797 -7.94 -7.677 -7.32 -7.029 -6.741 -7.661 -7.339 -7.051 -6.844 -6.779 -7.352 -7.538 -7.199 -6.139 -5.632 -5.034 -7.403
0.003393 -8.061 -8.097 -8.096 -8.009 -7.811 -7.548 -7.978 -7.984 -7.808 -7.539 -7.23 -6.852 -7.99 -7.729 -7.374 -7.084 -6.796 -7.713 -7.393 -7.105 -6.899 -6.834 -7.406 -7.591 -7.253 -6.195 -5.689 -5.091 -7.457
0.003495 -8.102 -8.14 -8.141 -8.059 -7.863 -7.601 -8.024 -8.033 -7.859 -7.592 -7.285 -6.907 -8.04 -7.781 -7.428 -7.138 -6.851 -7.765 -7.446 -7.16 -6.954 -6.888 -7.459 -7.644 -7.308 -6.252 -5.746 -5.148 -7.51
0.003601 -8.142 -8.183 -8.186 -8.108 -7.914 -7.654 -8.069 -8.083 -7.911 -7.645 -7.339 -6.962 -8.089 -7.833 -7.481 -7.193 -6.907 -7.817 -7.5 -7.214 -7.008 -6.942 -7.512 -7.697 -7.361 -6.308 -5.802 -5.205 -7.562
0.00371 -8.181 -8.224 -8.23 -8.156 -7.965 -7.706 -8.114 -8.132 -7.961 -7.697 -7.392 -7.017 -8.138 -7.885 -7.534 -7.247 -6.961 -7.869 -7.553 -7.268 -7.063 -6.995 -7.565 -7.749 -7.415 -6.363 -5.858 -5.262 -7.615
0.003822 -8.22 -8.266 -8.273 -8.204 -8.015 -7.759 -8.159 -8.18 -8.012 -7.75 -7.446 -7.071 -8.187 -7.936 -7.587 -7.301 -7.016 -7.92 -7.606 -7.321 -7.117 -7.049 -7.617 -7.801 -7.468 -6.419 -5.915 -5.319 -7.667
0.003938 -8.258 -8.307 -8.316 -8.252 -8.065 -7.811 -8.203 -8.228 -8.062 -7.802 -7.499 -7.126 -8.235 -7.986 -7.64 -7.354 -7.07 -7.971 -7.658 -7.375 -7.17 -7.102 -7.67 -7.852 -7.521 -6.475 -5.971 -5.375 -7.719
0.004057 -8.295 -8.347 -8.359 -8.3 -8.115 -7.862 -8.247 -8.276 -8.112 -7.853 -7.552 -7.18 -8.283 -8.037 -7.693 -7.408 -7.125 -8.021 -7.71 -7.428 -7.224 -7.155 -7.722 -7.903 -7.574 -6.53 -6.027 -5.432 -7.77
0.00418 -8.332 -8.387 -8.401 -8.347 -8.165 -7.914 -8.29 -8.324 -8.161 -7.905 -7.604 -7.233 -8.33 -8.087 -7.745 -7.461 -7.179 -8.071 -7.762 -7.481 -7.277 -7.208 -7.773 -7.954 -7.627 -6.585 -6.082 -5.488 -7.822
0.004306 -8.369 -8.426 -8.442 -8.393 -8.214 -7.965 -8.333 -8.371 -8.211 -7.956 -7.657 -7.287 -8.377 -8.137 -7.797 -7.514 -7.233 -8.121 -7.814 -7.534 -7.331 -7.26 -7.825 -8.005 -7.679 -6.64 -6.138 -5.544 -7.873
0.004436 -8.404 -8.465 -8.483 -8.44 -8.263 -8.016 -8.376 -8.418 -8.26 -8.007 -7.709 -7.341 -8.424 -8.187 -7.849 -7.567 -7.286 -8.171 -7.866 -7.586 -7.384 -7.313 -7.876 -8.056 -7.732 -6.695 -6.193 -5.6 -7.924
0.00457 -8.439 -8.503 -8.524 -8.486 -8.312 -8.066 -8.418 -8.464 -8.308 -8.058 -7.761 -7.394 -8.47 -8.236 -7.9 -7.62 -7.34 -8.221 -7.917 -7.639 -7.437 -7.365 -7.927 -8.106 -7.784 -6.749 -6.249 -5.656 -7.974
0.004709 -8.474 -8.541 -8.564 -8.531 -8.36 -8.117 -8.46 -8.51 -8.357 -8.108 -7.813 -7.447 -8.516 -8.285 -7.951 -7.672 -7.393 -8.27 -7.968 -7.691 -7.489 -7.417 -7.978 -8.156 -7.835 -6.804 -6.304 -5.711 -8.025
0.004851 -8.508 -8.578 -8.604 -8.577 -8.408 -8.167 -8.501 -8.556 -8.405 -8.158 -7.865 -7.5 -8.562 -8.334 -8.003 -7.725 -7.446 -8.319 -8.019 -7.743 -7.542 -7.469 -8.029 -8.206 -7.887 -6.858 -6.359 -5.767 -8.075
0.004998 -8.542 -8.614 -8.644 -8.622 -8.456 -8.217 -8.542 -8.602 -8.453 -8.208 -7.917 -7.553 -8.608 -8.383 -8.054 -7.777 -7.499 -8.368 -8.07 -7.795 -7.594 -7.521 -8.079 -8.255 -7.938 -6.912 -6.414 -5.822 -8.125
0.005149 -8.575 -8.651 -8.683 -8.667 -8.504 -8.267 -8.583 -8.647 -8.5 -8.258 -7.968 -7.606 -8.653 -8.431 -8.104 -7.829 -7.552 -8.416 -8.121 -7.847 -7.646 -7.573 -8.129 -8.305 -7.99 -6.967 -6.468 -5.878 -8.174
0.005305 -8.608 -8.687 -8.721 -8.711 -8.551 -8.317 -8.623 -8.692 -8.548 -8.308 -8.019 -7.658 -8.698 -8.479 -8.155 -7.881 -7.605 -8.465 -8.171 -7.898 -7.698 -7.624 -8.179 -8.354 -8.041 -7.021 -6.523 -5.933 -8.224
0.005465 -8.64 -8.722 -8.759 -8.755 -8.598 -8.366 -8.663 -8.736 -8.595 -8.357 -8.07 -7.71 -8.742 -8.527 -8.205 -7.932 -7.657 -8.513 -8.221 -7.95 -7.75 -7.676 -8.229 -8.403 -8.092 -7.074 -6.578 -5.988 -8.273
0.00563 -8.671 -8.757 -8.797 -8.799 -8.645 -8.415 -8.703 -8.781 -8.642 -8.406 -8.121 -7.763 -8.786 -8.575 -8.255 -7.984 -7.71 -8.56 -8.271 -8.001 -7.802 -7.727 -8.279 -8.451 -8.142 -7.128 -6.632 -6.043 -8.322
0.005801 -8.702 -8.791 -8.834 -8.842 -8.692 -8.464 -8.742 -8.825 -8.688 -8.455 -8.171 -7.815 -8.83 -8.622 -8.305 -8.035 -7.762 -8.608 -8.321 -8.052 -7.853 -7.778 -8.328 -8.5 -8.193 -7.182 -6.686 -6.098 -8.371
0.005976 -8.733 -8.825 -8.871 -8.886 -8.738 -8.513 -8.781 -8.869 -8.735 -8.504 -8.222 -7.866 -8.874 -8.669 -8.355 -8.086 -7.814 -8.655 -8.371 -8.103 -7.905 -7.829 -8.378 -8.548 -8.243 -7.235 -6.741 -6.153 -8.42
0.006157 -8.763 -8.859 -8.908 -8.928 -8.784 -8.561 -8.819 -8.912 -8.781 -8.553 -8.272 -7.918 -8.917 -8.716 -8.405 -8.137 -7.866 -8.703 -8.42 -8.154 -7.956 -7.88 -8.427 -8.596 -8.293 -7.288 -6.795 -6.208 -8.469
0.006343 -8.792 -8.892 -8.944 -8.971 -8.83 -8.61 -8.858 -8.955 -8.827 -8.601 -8.322 -7.97 -8.961 -8.763 -8.454 -8.188 -7.918 -8.75 -8.469 -8.204 -8.007 -7.931 -8.476 -8.644 -8.343 -7.342 -6.849 -6.262 -8.517
0.006535 -8.822 -8.924 -8.98 -9.013 -8.876 -8.658 -8.896 -8.998 -8.873 -8.649 -8.372 -8.021 -9.003 -8.809 -8.504 -8.239 -7.969 -8.796 -8.518 -8.255 -8.058 -7.981 -8.524 -8.692 -8.393 -7.395 -6.903 -6.317 -8.565
0.006732 -8.85 -8.956 -9.015 -9.055 -8.921 -8.706 -8.933 -9.041 -8.918 -8.697 -8.422 -8.073 -9.046 -8.856 -8.553 -8.289 -8.021 -8.843 -8.567 -8.305 -8.109 -8.032 -8.573 -8.739 -8.443 -7.448 -6.956 -6.371 -8.613
0.006936 -8.878 -8.988 -9.05 -9.097 -8.967 -8.754 -8.971 -9.083 -8.963 -8.745 -8.472 -8.124 -9.088 -8.902 -8.602 -8.34 -8.072 -8.889 -8.616 -8.355 -8.16 -8.082 -8.621 -8.786 -8.492 -7.501 -7.01 -6.426 -8.661
0.007146 -8.906 -9.019 -9.085 -9.139 -9.012 -8.801 -9.008 -9.125 -9.008 -8.793 -8.521 -8.175 -9.13 -8.948 -8.65 -8.39 -8.124 -8.935 -8.665 -8.405 -8.211 -8.132 -8.669 -8.833 -8.542 -7.554 -7.064 -6.48 -8.708
0.007362 -8.933 -9.05 -9.119 -9.18 -9.056 -8.849 -9.044 -9.167 -9.053 -8.84 -8.57 -8.226 -9.172 -8.993 -8.699 -8.44 -8.175 -8.981 -8.713 -8.455 -8.261 -8.182 -8.717 -8.88 -8.591 -7.606 -7.117 -6.534 -8.756
0.007585 -8.96 -9.08 -9.153 -9.221 -9.101 -8.896 -9.081 -9.208 -9.098 -8.888 -8.619 -8.277 -9.213 -9.039 -8.748 -8.49 -8.226 -9.027 -8.761 -8.505 -8.312 -8.233 -8.765 -8.927 -8.64 -7.659 -7.171 -6.588 -8.803
0.007814 -8.986 -9.11 -9.186 -9.261 -9.145 -8.943 -9.117 -9.25 -9.142 -8.935 -8.668 -8.327 -9.254 -9.084 -8.796 -8.54 -8.277 -9.072 -8.809 -8.554 -8.362 -8.282 -8.813 -8.973 -8.689 -7.711 -7.224 -6.642 -8.85
0.00805 -9.012 -9.14 -9.219 -9.301 -9.189 -8.99 -9.152 -9.291 -9.186 -8.982 -8.717 -8.378 -9.295 -9.129 -8.844 -8.589 -8.328 -9.118 -8.857 -8.604 -8.412 -8.332 -8.86 -9.02 -8.738 -7.764 -7.277 -6.696 -8.897
0.008294 -9.037 -9.169 -9.252 -9.342 -9.233 -9.037 -9.188 -9.331 -9.23 -9.028 -8.766 -8.428 -9.336 -9.174 -8.892 -8.639 -8.378 -9.163 -8.905 -8.653 -8.462 -8.382 -8.907 -9.066 -8.786 -7.816 -7.331 -6.75 -8.944
0.008545 -9.062 -9.197 -9.284 -9.381 -9.277 -9.083 -9.223 -9.372 -9.273 -9.075 -8.815 -8.479 -9.376 -9.219 -8.94 -8.688 -8.429 -9.208 -8.953 -8.702 -8.512 -8.432 -8.954 -9.112 -8.835 -7.868 -7.384 -6.804 -8.99
0.008803 -9.086 -9.225 -9.316 -9.421 -9.32 -9.129 -9.258 -9.412 -9.317 -9.121 -8.863 -8.529 -9.416 -9.263 -8.987 -8.738 -8.479 -9.252 -9.0 -8.751 -8.562 -8.481 -9.001 -9.157 -8.883 -7.921 -7.437 -6.858 -9.037
0.009069 -9.11 -9.253 -9.348 -9.46 -9.363 -9.176 -9.293 -9.452 -9.36 -9.168 -8.911 -8.579 -9.456 -9.307 -9.035 -8.787 -8.53 -9.297 -9.047 -8.8 -8.611 -8.531 -9.048 -9.203 -8.931 -7.973 -7.49 -6.912 -9.083
0.009344 -9.133 -9.28 -9.379 -9.499 -9.406 -9.222 -9.327 -9.491 -9.403 -9.214 -8.959 -8.629 -9.495 -9.351 -9.082 -8.836 -8.58 -9.341 -9.095 -8.849 -8.661 -8.58 -9.095 -9.248 -8.979 -8.025 -7.543 -6.965 -9.129
0.009626 -9.156 -9.307 -9.409 -9.537 -9.449 -9.267 -9.361 -9.531 -9.446 -9.259 -9.007 -8.679 -9.534 -9.395 -9.129 -8.885 -8.63 -9.385 -9.142 -8.898 -8.71 -8.629 -9.141 -9.293 -9.027 -8.076 -7.595 -7.019 -9.174
0.009917 -9.179 -9.333 -9.44 -9.576 -9.491 -9.313 -9.395 -9.57 -9.488 -9.305 -9.055 -8.728 -9.573 -9.438 -9.176 -8.933 -8.68 -9.429 -9.188 -8.946 -8.76 -8.678 -9.188 -9.338 -9.074 -8.128 -7.648 -7.073 -9.22
0.010217 -9.201 -9.359 -9.47 -9.614 -9.533 -9.358 -9.428 -9.608 -9.53 -9.35 -9.103 -8.778 -9.612 -9.482 -9.223 -8.982 -8.73 -9.473 -9.235 -8.994 -8.809 -8.727 -9.234 -9.383 -9.122 -8.18 -7.701 -7.126 -9.266
0.010526 -9.222 -9.384 -9.499 -9.651 -9.576 -9.404 -9.461 -9.647 -9.572 -9.396 -9.15 -8.827 -9.65 -9.525 -9.27 -9.03 -8.78 -9.516 -9.282 -9.043 -8.858 -8.776 -9.28 -9.428 -9.169 -8.231 -7.753 -7.179 -9.311
0.010845 -9.243 -9.409 -9.529 -9.689 -9.617 -9.449 -9.494 -9.685 -9.614 -9.441 -9.198 -8.877 -9.688 -9.568 -9.316 -9.079 -8.829 -9.559 -9.328 -9.091 -8.907 -8.825 -9.325 -9.472 -9.217 -8.283 -7.806 -7.233 -9.356
0.011173 -9.264 -9.434 -9.558 -9.726 -9.659 -9.494 -9.527 -9.723 -9.656 -9.486 -9.245 -8.926 -9.726 -9.611 -9.362 -9.127 -8.879 -9.602 -9.374 -9.139 -8.956 -8.874 -9.371 -9.516 -9.264 -8.334 -7.858 -7.286 -9.401
0.011511 -9.284 -9.458 -9.586 -9.763 -9.7 -9.538 -9.559 -9.761 -9.697 -9.531 -9.292 -8.975 -9.764 -9.653 -9.409 -9.175 -8.928 -9.645 -9.42 -9.187 -9.005 -8.923 -9.416 -9.56 -9.311 -8.386 -7.911 -7.339 -9.446
0.011859 -9.303 -9.481 -9.614 -9.799 -9.741 -9.583 -9.591 -9.798 -9.738 -9.575 -9.339 -9.024 -9.801 -9.695 -9.455 -9.223 -8.977 -9.688 -9.466 -9.235 -9.053 -8.971 -9.462 -9.604 -9.357 -8.437 -7.963 -7.392 -9.49
0.012217 -9.322 -9.505 -9.642 -9.836 -9.782 -9.627 -9.623 -9.835 -9.779 -9.62 -9.386 -9.073 -9.838 -9.737 -9.501 -9.271 -9.027 -9.73 -9.512 -9.282 -9.102 -9.02 -9.507 -9.648 -9.404 -8.488 -8.015 -7.445 -9.535
0.012587 -9.341 -9.527 -9.669 -9.872 -9.823 -9.671 -9.654 -9.872 -9.82 -9.664 -9.432 -9.122 -9.874 -9.779 -9.546 -9.318 -9.076 -9.773 -9.557 -9.33 -9.151 -9.068 -9.552 -9.691 -9.45 -8.539 -8.067 -7.498 -9.579
0.012968 -9.359 -9.549 -9.696 -9.907 -9.863 -9.715 -9.685 -9.908 -9.86 -9.708 -9.479 -9.17 -9.911 -9.821 -9.592 -9.366 -9.125 -9.815 -9.603 -9.377 -9.199 -9.117 -9.597 -9.735 -9.497 -8.59 -8.119 -7.551 -9.623
0.01336 -9.377 -9.571 -9.722 -9.943 -9.903 -9.759 -9.716 -9.944 -9.901 -9.752 -9.525 -9.219 -9.947 -9.862 -9.637 -9.413 -9.174 -9.857 -9.648 -9.424 -9.247 -9.165 -9.641 -9.778 -9.543 -8.641 -8.171 -7.604 -9.667
0.013764 -9.394 -9.592 -9.748 -9.978 -9.943 -9.803 -9.747 -9.98 -9.941 -9.795 -9.571 -9.267 -9.983 -9.904 -9.682 -9.46 -9.222 -9.898 -9.693 -9.471 -9.295 -9.213 -9.686 -9.821 -9.589 -8.692 -8.223 -7.657 -9.711
0.01418 -9.411 -9.613 -9.774 -10.012 -9.983 -9.846 -9.777 -10.016 -9.98 -9.839 -9.617 -9.316 -10.018 -9.945 -9.727 -9.508 -9.271 -9.94 -9.738 -9.518 -9.343 -9.261 -9.73 -9.863 -9.635 -8.743 -8.275 -7.71 -9.754
0.014609 -9.427 -9.633 -9.799 -10.047 -10.023 -9.889 -9.807 -10.051 -10.02 -9.882 -9.663 -9.364 -10.053 -9.985 -9.772 -9.555 -9.319 -9.981 -9.783 -9.565 -9.391 -9.309 -9.774 -9.906 -9.681 -8.793 -8.327 -7.763 -9.798
0.015051 -9.442 -9.653 -9.824 -10.081 -10.062 -9.932 -9.837 -10.086 -10.059 -9.925 -9.709 -9.412 -10.088 -10.026 -9.817 -9.601 -9.368 -10.022 -9.827 -9.612 -9.439 -9.357 -9.818 -9.948 -9.726 -8.844 -8.379 -7.815 -9.841
0.015506 -9.457 -9.672 -9.849 -10.115 -10.101 -9.975 -9.866 -10.121 -10.098 -9.968 -9.755 -9.46 -10.123 -10.066 -9.862 -9.648 -9.416 -10.063 -9.872 -9.658 -9.487 -9.405 -9.862 -9.99 -9.772 -8.894 -8.43 -7.868 -9.884
0.015975 -9.472 -9.691 -9.873 -10.148 -10.14 -10.018 -9.895 -10.156 -10.137 -10.011 -9.8 -9.508 -10.157 -10.106 -9.906 -9.695 -9.464 -10.103 -9.916 -9.705 -9.534 -9.452 -9.905 -10.032 -9.817 -8.945 -8.482 -7.921 -9.927
0.016458 -9.486 -9.709 -9.896 -10.182 -10.178 -10.06 -9.924 -10.19 -10.175 -10.053 -9.846 -9.555 -10.191 -10.146 -9.95 -9.741 -9.512 -10.144 -9.96 -9.751 -9.582 -9.5 -9.949 -10.074 -9.862 -8.995 -8.534 -7.973 -9.97
0.016956 -9.5 -9.727 -9.919 -10.214 -10.216 -10.103 -9.953 -10.224 -10.214 -10.096 -9.891 -9.603 -10.225 -10.186 -9.994 -9.788 -9.56 -10.184 -10.004 -9.797 -9.629 -9.547 -9.992 -10.115 -9.907 -9.045 -8.585 -8.026 -10.012
0.017469 -9.513 -9.744 -9.942 -10.247 -10.254 -10.145 -9.981 -10.257 -10.252 -10.138 -9.936 -9.65 -10.258 -10.225 -10.038 -9.834 -9.608 -10.224 -10.048 -9.844 -9.676 -9.595 -10.035 -10.157 -9.952 -9.095 -8.636 -8.078 -10.055
0.017997 -9.526 -9.761 -9.965 -10.279 -10.292 -10.187 -10.01 -10.29 -10.29 -10.18 -9.981 -9.698 -10.291 -10.265 -10.082 -9.88 -9.656 -10.263 -10.092 -9.889 -9.723 -9.642 -10.078 -10.198 -9.997 -9.145 -8.688 -8.13 -10.097
0.018541 -9.538 -9.777 -9.986 -10.311 -10.33 -10.228 -10.037 -10.323 -10.327 -10.222 -10.025 -9.745 -10.324 -10.304 -10.126 -9.926 -9.703 -10.303 -10.135 -9.935 -9.77 -9.689 -10.121 -10.239 -10.041 -9.195 -8.739 -8.183 -10.139
0.019102 -9.549 -9.793 -10.008 -10.343 -10.367 -10.27 -10.065 -10.356 -10.364 -10.263 -10.07 -9.792 -10.356 -10.342 -10.169 -9.972 -9.751 -10.342 -10.178 -9.981 -9.817 -9.737 -10.164 -10.279 -10.086 -9.245 -8.79 -8.235 -10.181
0.01968 -9.56 -9.808 -10.029 -10.374 -10.404 -10.311 -10.092 -10.388 -10.401 -10.305 -10.114 -9.839 -10.388 -10.381 -10.212 -10.017 -9.798 -10.381 -10.222 -10.026 -9.864 -9.784 -10.206 -10.32 -10.13 -9.295 -8.841 -8.287 -10.222
0.020275 -9.571 -9.823 -10.05 -10.405 -10.441 -10.352 -10.119 -10.42 -10.438 -10.346 -10.158 -9.886 -10.42 -10.419 -10.255 -10.063 -9.845 -10.42 -10.265 -10.072 -9.911 -9.831 -10.248 -10.36 -10.174 -9.345 -8.892 -8.339 -10.264
0.020888 -9.581 -9.837 -10.07 -10.436 -10.477 -10.393 -10.146 -10.452 -10.475 -10.387 -10.203 -9.933 -10.451 -10.457 -10.298 -10.108 -9.893 -10.459 -10.307 -10.117 -9.957 -9.877 -10.29 -10.4 -10.218 -9.394 -8.943 -8.391 -10.305
0.02152 -9.59 -9.85 -10.09 -10.466 -10.513 -10.434 -10.172 -10.483 -10.511 -10.428 -10.246 -9.979 -10.482 -10.495 -10.341 -10.153 -9.94 -10.497 -10.35 -10.162 -10.004 -9.924 -10.332 -10.44 -10.261 -9.444 -8.994 -8.443 -10.346
0.022171 -9.599 -9.864 -10.109 -10.496 -10.549 -10.474 -10.199 -10.514 -10.547 -10.468 -10.29 -10.026 -10.513 -10.533 -10.383 -10.198 -9.986 -10.535 -10.392 -10.207 -10.05 -9.971 -10.374 -10.48 -10.305 -9.493 -9.045 -8.495 -10.387
0.022841 -9.608 -9.876 -10.128 -10.525 -10.585 -10.515 -10.225 -10.545 -10.583 -10.509 -10.334 -10.072 -10.544 -10.57 -10.426 -10.243 -10.033 -10.573 -10.435 -10.252 -10.096 -10.017 -10.415 -10.519 -10.348 -9.543 -9.096 -8.547 -10.428
0.023532 -9.616 -9.888 -10.146 -10.555 -10.62 -10.555 -10.25 -10.575 -10.618 -10.549 -10.377 -10.119 -10.574 -10.607 -10.468 -10.288 -10.08 -10.611 -10.477 -10.297 -10.142 -10.064 -10.457 -10.559 -10.392 -9.592 -9.147 -8.599 -10.468
0.024244 -9.623 -9.899 -10.164 -10.583 -10.656 -10.595 -10.276 -10.605 -10.653 -10.589 -10.421 -10.165 -10.604 -10.644 -10.51 -10.333 -10.126 -10.648 -10.519 -10.341 -10.188 -10.11 -10.498 -10.598 -10.435 -9.641 -9.197 -8.651 -10.508
0.024977 -9.63 -9.91 -10.182 -10.612 -10.69 -10.634 -10.301 -10.634 -10.688 -10.628 -10.464 -10.211 -10.633 -10.68 -10.552 -10.377 -10.173 -10.685 -10.56 -10.386 -10.234 -10.157 -10.539 -10.636 -10.478 -9.69 -9.248 -8.703 -10.548
0.025733 -9.636 -9.921 -10.199 -10.64 -10.725 -10.674 -10.325 -10.664 -10.723 -10.668 -10.507 -10.257 -10.662 -10.717 -10.593 -10.421 -10.219 -10.722 -10.602 -10.43 -10.28 -10.203 -10.579 -10.675 -10.52 -9.74 -9.298 -8.755 -10.588
0.026511 -9.642 -9.93 -10.215 -10.668 -10.759 -10.713 -10.35 -10.693 -10.757 -10.707 -10.549 -10.302 -10.691 -10.753 -10.635 -10.466 -10.265 -10.759 -10.643 -10.474 -10.326 -10.249 -10.62 -10.713 -10.563 -9.788 -9.349 -8.806 -10.628
0.027313 -9.647 -9.94 -10.232 -10.695 -10.793 -10.752 -10.374 -10.721 -10.791 -10.746 -10.592 -10.348 -10.719 -10.789 -10.676 -10.51 -10.311 -10.795 -10.684 -10.518 -10.371 -10.295 -10.66 -10.751 -10.605 -9.837 -9.399 -8.858 -10.668
0.028139 -9.651 -9.948 -10.247 -10.722 -10.827 -10.791 -10.398 -10.75 -10.825 -10.785 -10.635 -10.393 -10.747 -10.824 -10.717 -10.554 -10.357 -10.832 -10.725 -10.562 -10.416 -10.341 -10.701 -10.789 -10.648 -9.886 -9.45 -8.909 -10.707
0.02899 -9.656 -9.956 -10.262 -10.749 -10.861 -10.829 -10.422 -10.777 -10.859 -10.824 -10.677 -10.439 -10.775 -10.859 -10.758 -10.597 -10.403 -10.868 -10.766 -10.605 -10.462 -10.387 -10.741 -10.827 -10.69 -9.935 -9.5 -8.961 -10.746
0.029867 -9.659 -9.964 -10.277 -10.775 -10.894 -10.868 -10.445 -10.805 -10.892 -10.862 -10.719 -10.484 -10.802 -10.894 -10.799 -10.641 -10.449 -10.903 -10.807 -10.649 -10.507 -10.432 -10.78 -10.864 -10.731 -9.983 -9.55 -9.012 -10.785
0.03077 -9.662 -9.971 -10.291 -10.801 -10.927 -10.906 -10.468 -10.832 -10.925 -10.901 -10.761 -10.529 -10.829 -10.929 -10.839 -10.684 -10.494 -10.939 -10.847 -10.692 -10.552 -10.478 -10.82 -10.902 -10.773 -10.032 -9.6 -9.064 -10.824
0.031701 -9.664 -9.977 -10.305 -10.827 -10.959 -10.944 -10.491 -10.859 -10.958 -10.939 -10.803 -10.574 -10.855 -10.964 -10.879 -10.728 -10.54 -10.974 -10.887 -10.735 -10.597 -10.523 -10.859 -10.939 -10.815 -10.08 -9.65 -9.115 -10.863
0.032659 -9.666 -9.982 -10.318 -10.852 -10.992 -10.981 -10.514 -10.885 -10.99 -10.976 -10.844 -10.619 -10.881 -10.998 -10.919 -10.771 -10.585 -11.009 -10.927 -10.778 -10.641 -10.569 -10.899 -10.975 -10.856 -10.129 -9.7 -9.166 -10.901
0.033647 -9.667 -9.987 -10.331 -10.877 -11.023 -11.019 -10.536 -10.911 -11.022 -11.014 -10.885 -10.664 -10.907 -11.032 -10.959 -10.814 -10.63 -11.043 -10.967 -10.821 -10.686 -10.614 -10.938 -11.012 -10.897 -10.177 -9.75 -9.218 -10.939
0.034665 -9.668 -9.992 -10.343 -10.901 -11.055 -11.056 -10.558 -10.937 -11.054 -11.051 -10.927 -10.708 -10.932 -11.065 -10.999 -10.856 -10.675 -11.078 -11.007 -10.864 -10.73 -10.659 -10.976 -11.048 -10.938 -10.225 -9.8 -9.269 -10.977
0.035713 -9.668 -9.996 -10.355 -10.925 -11.086 -11.093 -10.58 -10.962 -11.085 -11.088 -10.968 -10.752 -10.957 -11.099 -11.038 -10.899 -10.72 -11.112 -11.046 -10.907 -10.775 -10.704 -11.015 -11.084 -10.979 -10.273 -9.85 -9.32 -11.015
0.036793 -9.667 -9.999 -10.366 -10.948 -11.118 -11.129 -10.601 -10.987 -11.116 -11.125 -11.009 -10.797 -10.982 -11.132 -11.078 -10.941 -10.765 -11.146 -11.085 -10.949 -10.819 -10.749 -11.053 -11.12 -11.019 -10.321 -9.899 -9.371 -11.052
0.037906 -9.666 -10.001 -10.377 -10.972 -11.148 -11.166 -10.622 -11.011 -11.147 -11.162 -11.049 -10.841 -11.006 -11.165 -11.117 -10.984 -10.809 -11.179 -11.124 -10.991 -10.863 -10.794 -11.091 -11.155 -11.06 -10.369 -9.949 -9.422 -11.089
0.039052 -9.665 -10.003 -10.387 -10.994 -11.179 -11.202 -10.643 -11.035 -11.177 -11.198 -11.09 -10.885 -11.03 -11.197 -11.155 -11.026 -10.854 -11.213 -11.163 -11.033 -10.907 -10.838 -11.129 -11.19 -11.1 -10.417 -9.998 -9.473 -11.127
0.040234 -9.662 -10.004 -10.397 -11.017 -11.209 -11.238 -10.664 -11.059 -11.208 -11.234 -11.13 -10.929 -11.053 -11.229 -11.194 -11.068 -10.898 -11.245 -11.202 -11.075 -10.95 -10.883 -11.167 -11.225 -11.14 -10.464 -10.048 -9.524 -11.163
0.04145 -9.659 -10.005 -10.406 -11.038 -11.238 -11.274 -10.684 -11.082 -11.237 -11.27 -11.17 -10.972 -11.076 -11.261 -11.232 -11.109 -10.942 -11.278 -11.24 -11.117 -10.994 -10.927 -11.205 -11.26 -11.18 -10.512 -10.097 -9.575 -11.2
0.042704 -9.656 -10.005 -10.414 -11.06 -11.268 -11.309 -10.704 -11.105 -11.267 -11.305 -11.21 -11.016 -11.099 -11.293 -11.271 -11.151 -10.986 -11.311 -11.278 -11.158 -11.037 -10.972 -11.242 -11.295 -11.219 -10.559 -10.147 -9.626 -11.236
0.043996 -9.652 -10.004 -10.422 -11.081 -11.297 -11.344 -10.724 -11.128 -11.296 -11.341 -11.249 -11.059 -11.121 -11.324 -11.308 -11.192 -11.03 -11.343 -11.316 -11.2 -11.081 -11.016 -11.279 -11.329 -11.259 -10.607 -10.196 -9.676 -11.273
0.045326 -9.647 -10.003 -10.43 -11.101 -11.326 -11.379 -10.743 -11.15 -11.325 -11.376 -11.289 -11.102 -11.142 -11.355 -11.346 -11.234 -11.074 -11.375 -11.354 -11.241 -11.124 -11.06 -11.316 -11.363 -11.298 -10.654 -10.245 -9.727 -11.309
0.046697 -9.642 -10.0 -10.437 -11.121 -11.354 -11.414 -10.762 -11.171 -11.353 -11.41 -11.328 -11.145 -11.163 -11.386 -11.384 -11.275 -11.117 -11.406 -11.391 -11.282 -11.167 -11.104 -11.352 -11.396 -11.337 -10.701 -10.294 -9.778 -11.344
0.048109 -9.636 -9.998 -10.443 -11.141 -11.382 -11.448 -10.781 -11.192 -11.381 -11.445 -11.367 -11.188 -11.184 -11.416 -11.421 -11.315 -11.161 -11.437 -11.429 -11.323 -11.21 -11.148 -11.389 -11.43 -11.376 -10.748 -10.343 -9.828 -11.38
0.049564 -9.629 -9.994 -10.449 -11.16 -11.41 -11.482 -10.8 -11.213 -11.409 -11.479 -11.406 -11.231 -11.205 -11.446 -11.458 -11.356 -11.204 -11.468 -11.466 -11.364 -11.253 -11.191 -11.425 -11.463 -11.414 -10.795 -10.392 -9.879 -11.415
0.051063 -9.622 -9.99 -10.454 -11.179 -11.437 -11.516 -10.818 -11.233 -11.436 -11.513 -11.445 -11.274 -11.224 -11.475 -11.495 -11.396 -11.247 -11.499 -11.502 -11.404 -11.295 -11.235 -11.461 -11.496 -11.453 -10.842 -10.441 -9.929 -11.45
0.052608 -9.615 -9.985 -10.459 -11.197 -11.464 -11.549 -10.836 -11.253 -11.464 -11.547 -11.483 -11.316 -11.244 -11.505 -11.531 -11.437 -11.29 -11.529 -11.539 -11.444 -11.337 -11.278 -11.497 -11.528 -11.491 -10.889 -10.489 -9.979 -11.485
0.054199 -9.606 -9.979 -10.463 -11.215 -11.49 -11.583 -10.853 -11.272 -11.49 -11.58 -11.521 -11.358 -11.263 -11.534 -11.567 -11.477 -11.333 -11.559 -11.575 -11.484 -11.38 -11.321 -11.532 -11.56 -11.529 -10.935 -10.538 -10.03 -11.52
0.055838 -9.597 -9.973 -10.467 -11.232 -11.517 -11.616 -10.871 -11.291 -11.516 -11.613 -11.559 -11.4 -11.281 -11.562 -11.603 -11.517 -11.375 -11.588 -11.611 -11.524 -11.422 -11.365 -11.567 -11.592 -11.566 -10.982 -10.587 -10.08 -11.554
0.057527 -9.588 -9.966 -10.47 -11.249 -11.542 -11.648 -10.888 -11.309 -11.542 -11.646 -11.597 -11.442 -11.299 -11.591 -11.639 -11.556 -11.418 -11.618 -11.647 -11.564 -11.464 -11.408 -11.602 -11.624 -11.604 -11.028 -10.635 -10.13 -11.588
0.059267 -9.578 -9.958 -10.472 -11.265 -11.568 -11.681 -10.904 -11.327 -11.568 -11.679 -11.635 -11.484 -11.317 -11.619 -11.675 -11.596 -11.46 -11.647 -11.682 -11.603 -11.505 -11.45 -11.637 -11.655 -11.641 -11.075 -10.684 -10.18 -11.622
0.061059 -9.567 -9.949 -10.474 -11.281 -11.593 -11.713 -10.921 -11.345 -11.593 -11.711 -11.672 -11.525 -11.334 -11.646 -11.71 -11.635 -11.502 -11.675 -11.718 -11.643 -11.547 -11.493 -11.671 -11.686 -11.678 -11.121 -10.732 -10.23 -11.655
0.062906 -9.555 -9.94 -10.475 -11.297 -11.617 -11.744 -10.937 -11.362 -11.618 -11.743 -11.709 -11.567 -11.35 -11.673 -11.745 -11.674 -11.544 -11.704 -11.753 -11.682 -11.588 -11.536 -11.705 -11.717 -11.715 -11.167 -10.78 -10.28 -11.689
0.064808 -9.543 -9.93 -10.476 -11.311 -11.642 -11.776 -10.953 -11.378 -11.642 -11.774 -11.746 -11.608 -11.366 -11.7 -11.78 -11.713 -11.586 -11.731 -11.787 -11.721 -11.63 -11.578 -11.739 -11.747 -11.751 -11.213 -10.828 -10.33 -11.722
0.066769 -9.531 -9.919 -10.476 -11.326 -11.665 -11.807 -10.968 -11.394 -11.666 -11.805 -11.782 -11.649 -11.382 -11.727 -11.814 -11.751 -11.628 -11.759 -11.822 -11.759 -11.671 -11.62 -11.773 -11.777 -11.787 -11.259 -10.876 -10.38 -11.755
0.068788 -9.517 -9.907 -10.475 -11.339 -11.689 -11.838 -10.983 -11.41 -11.69 -11.836 -11.819 -11.69 -11.397 -11.753 -11.848 -11.79 -11.669 -11.786 -11.856 -11.798 -11.711 -11.663 -11.806 -11.807 -11.823 -11.304 -10.924 -10.43 -11.787
0.070868 -9.503 -9.894 -10.474 -11.353 -11.712 -11.868 -10.998 -11.425 -11.713 -11.867 -11.855 -11.731 -11.411 -11.779 -11.882 -11.828 -11.71 -11.813 -11.89 -11.836 -11.752 -11.704 -11.84 -11.836 -11.859 -11.35 -10.972 -10.48 -11.82
0.073012 -9.489 -9.881 -10.472 -11.365 -11.734 -11.898 -11.012 -11.439 -11.736 -11.897 -11.891 -11.771 -11.425 -11.804 -11.916 -11.866 -11.751 -11.84 -11.923 -11.874 -11.793 -11.746 -11.872 -11.866 -11.895 -11.395 -11.02 -10.529 -11.852
0.07522 -9.474 -9.867 -10.469 -11.377 -11.757 -11.928 -11.027 -11.453 -11.758 -11.927 -11.926 -11.811 -11.438 -11.829 -11.949 -11.904 -11.792 -11.866 -11.957 -11.912 -11.833 -11.788 -11.905 -11.894 -11.93 -11.441 -11.068 -10.579 -11.883
0.077495 -9.458 -9.852 -10.466 -11.389 -11.778 -11.957 -11.04 -11.466 -11.78 -11.957 -11.962 -11.851 -11.451 -11.854 -11.982 -11.941 -11.833 -11.891 -11.99 -11.949 -11.873 -11.829 -11.937 -11.923 -11.965 -11.486 -11.115 -10.628 -11.915
0.079839 -9.442 -9.836 -10.462 -11.4 -11.8 -11.986 -11.054 -11.479 -11.801 -11.986 -11.997 -11.891 -11.464 -11.878 -12.015 -11.978 -11.873 -11.917 -12.023 -11.986 -11.913 -11.871 -11.969 -11.951 -12.0 -11.531 -11.163 -10.678 -11.946
0.082253 -9.425 -9.819 -10.457 -11.41 -11.82 -12.015 -11.067 -11.491 -11.822 -12.015 -12.031 -11.931 -11.475 -11.901 -12.047 -12.015 -11.914 -11.942 -12.055 -12.024 -11.953 -11.912 -12.001 -11.978 -12.034 -11.576 -11.21 -10.727 -11.977
0.084741 -9.407 -9.802 -10.452 -11.42 -11.841 -12.044 -11.08 -11.503 -11.843 -12.044 -12.066 -11.97 -11.486 -11.925 -12.079 -12.052 -11.954 -11.966 -12.087 -12.06 -11.992 -11.953 -12.032 -12.006 -12.068 -11.621 -11.257 -10.777 -12.008
0.087304 -9.389 -9.783 -10.446 -11.429 -11.861 -12.072 -11.092 -11.514 -11.863 -12.072 -12.1 -12.01 -11.497 -11.948 -12.111 -12.089 -11.994 -11.99 -12.119 -12.097 -12.031 -11.994 -12.064 -12.033 -12.102 -11.665 -11.305 -10.826 -12.038
0.089944 -9.37 -9.764 -10.44 -11.438 -11.88 -12.099 -11.104 -11.525 -11.882 -12.1 -12.134 -12.049 -11.507 -11.97 -12.143 -12.125 -12.033 -12.014 -12.151 -12.133 -12.071 -12.034 -12.094 -12.059 -12.136 -11.71 -11.352 -10.875 -12.068
0.092665 -9.351 -9.744 -10.432 -11.446 -11.899 -12.127 -11.116 -11.535 -11.901 -12.128 -12.168 -12.087 -11.517 -11.992 -12.174 -12.161 -12.073 -12.037 -12.182 -12.169 -12.109 -12.075 -12.125 -12.086 -12.169 -11.754 -11.399 -10.924 -12.098
0.095467 -9.331 -9.723 -10.424 -11.454 -11.918 -12.154 -11.128 -11.544 -11.92 -12.155 -12.201 -12.126 -11.525 -12.014 -12.205 -12.197 -12.112 -12.06 -12.213 -12.205 -12.148 -12.115 -12.155 -12.112 -12.202 -11.799 -11.446 -10.973 -12.127
0.098355 -9.31 -9.701 -10.416 -11.46 -11.936 -12.18 -11.139 -11.553 -11.938 -12.182 -12.234 -12.164 -11.534 -12.035 -12.235 -12.232 -12.151 -12.083 -12.243 -12.241 -12.187 -12.155 -12.185 -12.137 -12.235 -11.843 -11.492 -11.022 -12.157
0.101329 -9.289 -9.678 -10.406 -11.467 -11.953 -12.206 -11.149 -11.561 -11.956 -12.208 -12.267 -12.203 -11.541 -12.056 -12.265 -12.267 -12.19 -12.105 -12.274 -12.276 -12.225 -12.195 -12.215 -12.162 -12.267 -11.887 -11.539 -11.071 -12.185
0.104394 -9.267 -9.654 -10.396 -11.472 -11.97 -12.232 -11.16 -11.569 -11.973 -12.234 -12.3 -12.241 -11.548 -12.076 -12.295 -12.302 -12.229 -12.127 -12.304 -12.311 -12.263 -12.235 -12.244 -12.187 -12.299 -11.93 -11.586 -11.12 -12.214
0.107551 -9.245 -9.629 -10.385 -11.477 -11.987 -12.257 -11.17 -11.576 -11.99 -12.26 -12.332 -12.278 -11.555 -12.096 -12.325 -12.337 -12.267 -12.148 -12.333 -12.346 -12.301 -12.274 -12.273 -12.211 -12.331 -11.974 -11.632 -11.168 -12.242
0.110804 -9.222 -9.604 -10.374 -11.481 -12.003 -12.282 -11.179 -11.582 -12.006 -12.285 -12.364 -12.316 -11.56 -12.115 -12.354 -12.371 -12.305 -12.169 -12.363 -12.38 -12.338 -12.314 -12.302 -12.235 -12.363 -12.018 -11.678 -11.217 -12.27
0.114155 -9.199 -9.577 -10.361 -11.485 -12.018 -12.307 -11.188 -11.588 -12.022 -12.31 -12.396 -12.353 -11.565 -12.134 -12.383 -12.406 -12.343 -12.189 -12.391 -12.415 -12.375 -12.353 -12.33 -12.259 -12.394 -12.061 -11.725 -11.265 -12.298
0.117608 -9.175 -9.549 -10.348 -11.488 -12.033 -12.331 -11.197 -11.593 -12.037 -12.334 -12.427 -12.39 -11.57 -12.153 -12.411 -12.439 -12.381 -12.209 -12.42 -12.449 -12.413 -12.392 -12.358 -12.282 -12.425 -12.104 -11.771 -11.314 -12.325
0.121165 -9.15 -9.52 -10.334 -11.49 -12.047 -12.355 -11.205 -11.597 -12.051 -12.358 -12.458 -12.427 -11.573 -12.17 -12.439 -12.473 -12.419 -12.228 -12.448 -12.482 -12.449 -12.43 -12.386 -12.305 -12.455 -12.147 -11.817 -11.362 -12.352
0.124829 -9.125 -9.491 -10.32 -11.492 -12.061 -12.378 -11.213 -11.601 -12.066 -12.381 -12.489 -12.463 -11.576 -12.188 -12.467 -12.506 -12.456 -12.247 -12.476 -12.516 -12.486 -12.469 -12.413 -12.327 -12.486 -12.19 -11.863 -11.41 -12.379
0.128605 -9.1 -9.46 -10.304 -11.493 -12.074 -12.401 -11.221 -11.604 -12.079 -12.405 -12.519 -12.499 -11.579 -12.205 -12.494 -12.539 -12.493 -12.265 -12.503 -12.549 -12.522 -12.507 -12.44 -12.349 -12.515 -12.233 -11.908 -11.458 -12.405
0.132494 -9.074 -9.428 -10.288 -11.493 -12.087 -12.423 -11.228 -11.606 -12.092 -12.427 -12.549 -12.535 -11.58 -12.221 -12.521 -12.572 -12.529 -12.283 -12.53 -12.581 -12.558 -12.545 -12.467 -12.37 -12.545 -12.275 -11.954 -11.507 -12.431
0.136502 -9.048 -9.395 -10.271 -11.492 -12.099 -12.445 -11.235 -11.608 -12.104 -12.449 -12.579 -12.571 -11.581 -12.237 -12.548 -12.604 -12.566 -12.301 -12.557 -12.614 -12.594 -12.583 -12.493 -12.391 -12.574 -12.318 -11.999 -11.555 -12.457
0.14063 -9.021 -9.361 -10.253 -11.491 -12.111 -12.466 -11.241 -11.609 -12.116 -12.471 -12.608 -12.607 -11.582 -12.252 -12.574 -12.636 -12.602 -12.318 -12.583 -12.646 -12.63 -12.62 -12.519 -12.411 -12.603 -12.36 -12.045 -11.602 -12.482
0.144883 -8.994 -9.326 -10.235 -11.489 -12.122 -12.487 -11.247 -11.609 -12.127 -12.492 -12.637 -12.642 -11.581 -12.267 -12.599 -12.668 -12.638 -12.334 -12.609 -12.678 -12.665 -12.658 -12.544 -12.431 -12.631 -12.402 -12.09 -11.65 -12.507
0.149265 -8.966 -9.29 -10.215 -11.486 -12.132 -12.508 -11.253 -11.609 -12.138 -12.513 -12.665 -12.677 -11.58 -12.281 -12.625 -12.699 -12.674 -12.35 -12.635 -12.709 -12.7 -12.695 -12.569 -12.451 -12.66 -12.444 -12.135 -11.698 -12.532
0.15378 -8.938 -9.253 -10.195 -11.482 -12.142 -12.528 -11.258 -11.607 -12.148 -12.534 -12.694 -12.711 -11.578 -12.295 -12.65 -12.73 -12.709 -12.365 -12.66 -12.74 -12.735 -12.732 -12.594 -12.47 -12.687 -12.485 -12.18 -11.745 -12.556
0.15843 -8.91 -9.214 -10.174 -11.478 -12.151 -12.547 -11.263 -11.605 -12.157 -12.553 -12.721 -12.746 -11.575 -12.308 -12.674 -12.761 -12.744 -12.38 -12.684 -12.771 -12.769 -12.768 -12.618 -12.489 -12.715 -12.527 -12.225 -11.793 -12.58
0.163222 -8.882 -9.175 -10.152 -11.473 -12.159 -12.566 -11.267 -11.603 -12.166 -12.573 -12.749 -12.78 -11.571 -12.32 -12.698 -12.791 -12.779 -12.394 -12.709 -12.802 -12.803 -12.805 -12.642 -12.507 -12.742 -12.568 -12.27 -11.84 -12.603
0.168159 -8.853 -9.134 -10.129 -11.467 -12.167 -12.585 -11.271 -11.599 -12.174 -12.592 -12.776 -12.813 -11.567 -12.332 -12.722 -12.821 -12.814 -12.408 -12.732 -12.832 -12.837 -12.841 -12.666 -12.524 -12.768 -12.609 -12.314 -11.888 -12.626
0.173245 -8.824 -9.092 -10.105 -11.46 -12.174 -12.603 -11.274 -11.595 -12.182 -12.61 -12.803 -12.847 -11.561 -12.344 -12.745 -12.85 -12.848 -12.421 -12.756 -12.861 -12.871 -12.877 -12.689 -12.541 -12.794 -12.65 -12.358 -11.935 -12.649
0.178484 -8.795 -9.049 -10.081 -11.452 -12.181 -12.62 -11.277 -11.589 -12.189 -12.628 -12.829 -12.88 -11.555 -12.354 -12.768 -12.88 -12.882 -12.434 -12.779 -12.891 -12.904 -12.912 -12.711 -12.558 -12.82 -12.691 -12.403 -11.982 -12.671
0.183882 -8.766 -9.004 -10.055 -11.443 -12.187 -12.637 -11.279 -11.583 -12.195 -12.645 -12.855 -12.913 -11.548 -12.364 -12.79 -12.908 -12.916 -12.446 -12.801 -12.92 -12.937 -12.948 -12.734 -12.574 -12.845 -12.731 -12.447 -12.029 -12.693
0.189444 -8.736 -8.959 -10.029 -11.434 -12.192 -12.653 -11.281 -11.577 -12.2 -12.662 -12.88 -12.945 -11.541 -12.374 -12.811 -12.937 -12.949 -12.457 -12.823 -12.949 -12.969 -12.983 -12.755 -12.589 -12.87 -12.771 -12.491 -12.075 -12.715
0.195173 -8.707 -8.912 -10.002 -11.424 -12.196 -12.669 -11.282 -11.569 -12.205 -12.678 -12.905 -12.977 -11.532 -12.383 -12.833 -12.965 -12.982 -12.468 -12.844 -12.977 -13.002 -13.018 -12.777 -12.604 -12.895 -12.811 -12.534 -12.122 -12.736
0.201076 -8.677 -8.864 -9.974 -11.413 -12.2 -12.684 -11.283 -11.56 -12.209 -12.694 -12.93 -13.009 -11.523 -12.391 -12.853 -12.993 -13.015 -12.478 -12.865 -13.005 -13.034 -13.052 -12.798 -12.619 -12.919 -12.851 -12.578 -12.169 -12.756
0.207158 -8.648 -8.814 -9.944 -11.4 -12.203 -12.699 -11.284 -11.551 -12.213 -12.709 -12.954 -13.041 -11.512 -12.398 -12.874 -13.02 -13.047 -12.487 -12.886 -13.032 -13.065 -13.086 -12.818 -12.632 -12.942 -12.891 -12.621 -12.215 -12.777
0.213423 -8.618 -8.763 -9.914 -11.387 -12.205 -12.713 -11.283 -11.54 -12.215 -12.723 -12.978 -13.072 -11.501 -12.405 -12.893 -13.047 -13.079 -12.496 -12.906 -13.059 -13.096 -13.12 -12.838 -12.646 -12.965 -12.93 -12.665 -12.262 -12.797
0.219878 -8.589 -8.711 -9.883 -11.373 -12.206 -12.726 -11.283 -11.529 -12.217 -12.737 -13.001 -13.102 -11.489 -12.411 -12.913 -13.073 -13.111 -12.504 -12.925 -13.086 -13.127 -13.154 -12.858 -12.658 -12.988 -12.969 -12.708 -12.308 -12.816
0.226528 -8.56 -8.658 -9.851 -11.358 -12.207 -12.739 -11.282 -11.517 -12.218 -12.75 -13.024 -13.133 -11.475 -12.417 -12.931 -13.099 -13.142 -12.512 -12.944 -13.112 -13.158 -13.187 -12.877 -12.67 -13.01 -13.008 -12.751 -12.354 -12.835
0.233379 -8.532 -8.603 -9.818 -11.342 -12.207 -12.751 -11.28 -11.504 -12.218 -12.763 -13.046 -13.163 -11.461 -12.421 -12.949 -13.125 -13.173 -12.519 -12.963 -13.138 -13.188 -13.22 -12.896 -12.682 -13.032 -13.047 -12.793 -12.4 -12.854
0.240437 -8.503 -8.546 -9.784 -11.326 -12.206 -12.762 -11.278 -11.49 -12.218 -12.775 -13.068 -13.193 -11.446 -12.425 -12.967 -13.15 -13.204 -12.525 -12.98 -13.163 -13.218 -13.253 -12.914 -12.692 -13.053 -13.085 -12.836 -12.446 -12.872
0.247709 -8.475 -8.489 -9.749 -11.308 -12.204 -12.773 -11.275 -11.475 -12.217 -12.786 -13.089 -13.222 -11.43 -12.429 -12.984 -13.174 -13.234 -12.531 -12.998 -13.188 -13.247 -13.285 -12.931 -12.703 -13.074 -13.123 -12.878 -12.491 -12.889
0.255201 -8.448 -8.429 -9.713 -11.289 -12.202 -12.783 -11.271 -11.459 -12.215 -12.797 -13.11 -13.251 -11.412 -12.431 -13.0 -13.198 -13.264 -12.535 -13.014 -13.212 -13.276 -13.317 -12.948 -12.712 -13.094 -13.161 -12.92 -12.537 -12.906
0.262919 -8.421 -8.369 -9.676 -11.269 -12.199 -12.793 -11.267 -11.442 -12.212 -12.807 -13.13 -13.279 -11.394 -12.433 -13.016 -13.222 -13.293 -12.54 -13.031 -13.236 -13.305 -13.348 -12.965 -12.721 -13.114 -13.199 -12.962 -12.582 -12.923
0.270871 -8.395 -8.307 -9.638 -11.247 -12.194 -12.802 -11.263 -11.423 -12.208 -12.816 -13.15 -13.307 -11.375 -12.434 -13.031 -13.245 -13.322 -12.543 -13.046 -13.26 -13.333 -13.38 -12.981 -12.729 -13.133 -13.236 -13.004 -12.627 -12.939
0.279064 -8.369 -8.243 -9.599 -11.225 -12.189 -12.81 -11.257 -11.404 -12.204 -12.825 -13.169 -13.335 -11.354 -12.434 -13.046 -13.268 -13.351 -12.545 -13.061 -13.283 -13.361 -13.41 -12.996 -12.737 -13.152 -13.273 -13.046 -12.673 -12.955
0.287504 -8.344 -8.177 -9.559 -11.202 -12.183 -12.817 -11.251 -11.384 -12.198 -12.833 -13.188 -13.362 -11.333 -12.433 -13.06 -13.29 -13.379 -12.547 -13.075 -13.305 -13.388 -13.441 -13.011 -12.744 -13.17 -13.31 -13.087 -12.718 -12.97
0.296199 -8.32 -8.111 -9.518 -11.177 -12.176 -12.824 -11.245 -11.363 -12.192 -12.84 -13.206 -13.389 -11.31 -12.432 -13.073 -13.312 -13.407 -12.548 -13.089 -13.327 -13.415 -13.471 -13.026 -12.75 -13.187 -13.346 -13.128 -12.762 -12.985
0.305157 -8.297 -8.042 -9.475 -11.152 -12.168 -12.83 -11.238 -11.34 -12.184 -12.846 -13.224 -13.415 -11.287 -12.429 -13.086 -13.333 -13.434 -12.549 -13.102 -13.348 -13.442 -13.501 -13.039 -12.755 -13.204 -13.383 -13.169 -12.807 -12.999
0.314387 -8.274 -7.972 -9.432 -11.125 -12.16 -12.835 -11.23 -11.316 -12.176 -12.852 -13.241 -13.441 -11.262 -12.426 -13.098 -13.354 -13.461 -12.548 -13.115 -13.369 -13.468 -13.53 -13.053 -12.76 -13.22 -13.419 -13.21 -12.851 -13.013
0.323895 -8.253 -7.9 -9.387 -11.097 -12.15 -12.839 -11.222 -11.292 -12.167 -12.857 -13.257 -13.467 -11.235 -12.422 -13.109 -13.374 -13.488 -12.547 -13.126 -13.39 -13.493 -13.559 -13.065 -12.764 -13.236 -13.454 -13.25 -12.896 -13.026
0.333691 -8.233 -7.827 -9.342 -11.067 -12.139 -12.843 -11.212 -11.266 -12.157 -12.861 -13.273 -13.492 -11.208 -12.417 -13.12 -13.393 -13.514 -12.545 -13.137 -13.41 -13.518 -13.588 -13.077 -12.767 -13.251 -13.489 -13.29 -12.94 -13.039
0.343783 -8.214 -7.751 -9.295 -11.037 -12.127 -12.845 -11.203 -11.238 -12.146 -12.865 -13.288 -13.516 -11.179 -12.411 -13.13 -13.412 -13.539 -12.542 -13.148 -13.429 -13.543 -13.616 -13.088 -12.769 -13.266 -13.524 -13.33 -12.984 -13.051
0.354181 -8.196 -7.674 -9.247 -11.005 -12.114 -12.847 -11.192 -11.21 -12.134 -12.867 -13.302 -13.54 -11.149 -12.404 -13.139 -13.43 -13.564 -12.538 -13.157 -13.447 -13.567 -13.643 -13.099 -12.771 -13.279 -13.559 -13.37 -13.028 -13.062
0.364893 -8.179 -7.596 -9.198 -10.972 -12.1 -12.848 -11.181 -11.18 -12.12 -12.869 -13.316 -13.564 -11.118 -12.396 -13.147 -13.448 -13.589 -12.533 -13.166 -13.465 -13.59 -13.671 -13.109 -12.772 -13.293 -13.593 -13.409 -13.071 -13.073
0.375929 -8.164 -7.515 -9.147 -10.937 -12.085 -12.848 -11.169 -11.149 -12.106 -12.87 -13.33 -13.586 -11.086 -12.387 -13.155 -13.465 -13.613 -12.527 -13.174 -13.483 -13.613 -13.697 -13.119 -12.772 -13.305 -13.627 -13.449 -13.114 -13.084
0.387298 -8.149 -7.433 -9.096 -10.902 -12.069 -12.847 -11.156 -11.117 -12.091 -12.87 -13.342 -13.609 -11.052 -12.377 -13.162 -13.481 -13.636 -12.521 -13.182 -13.5 -13.636 -13.724 -13.127 -12.771 -13.317 -13.661 -13.488 -13.158 -13.093
0.399012 -8.136 -7.348 -9.043 -10.864 -12.052 -12.846 -11.143 -11.083 -12.074 -12.869 -13.354 -13.631 -11.017 -12.367 -13.168 -13.497 -13.659 -12.513 -13.189 -13.516 -13.658 -13.75 -13.135 -12.769 -13.328 -13.694 -13.526 -13.201 -13.103
0.41108 -8.125 -7.262 -8.989 -10.826 -12.034 -12.843 -11.128 -11.048 -12.057 -12.867 -13.365 -13.652 -10.98 -12.355 -13.173 -13.512 -13.682 -12.504 -13.194 -13.531 -13.679 -13.775 -13.143 -12.766 -13.338 -13.727 -13.565 -13.243 -13.111
0.423513 -8.115 -7.174 -8.934 -10.785 -12.014 -12.839 -11.113 -11.011 -12.038 -12.864 -13.376 -13.673 -10.942 -12.342 -13.178 -13.527 -13.704 -12.495 -13.199 -13.546 -13.7 -13.8 -13.149 -12.762 -13.348 -13.759 -13.603 -13.286 -13.119
0.436321 -8.106 -7.084 -8.877 -10.744 -11.994 -12.835 -11.097 -10.973 -12.018 -12.86 -13.385 -13.693 -10.902 -12.328 -13.182 -13.541 -13.725 -12.485 -13.204 -13.56 -13.72 -13.824 -13.155 -12.758 -13.357 -13.791 -13.641 -13.328 -13.126
0.449518 -8.098 -6.992 -8.82 -10.7 -11.972 -12.829 -11.08 -10.934 -11.997 -12.855 -13.394 -13.713 -10.861 -12.312 -13.184 -13.554 -13.746 -12.473 -13.207 -13.574 -13.74 -13.848 -13.16 -12.752 -13.365 -13.823 -13.678 -13.371 -13.133
0.463113 -8.092 -6.898 -8.761 -10.656 -11.948 -12.822 -11.063 -10.893 -11.975 -12.85 -13.402 -13.731 -10.818 -12.296 -13.186 -13.566 -13.766 -12.46 -13.209 -13.586 -13.759 -13.871 -13.164 -12.746 -13.372 -13.854 -13.715 -13.413 -13.139
0.47712 -8.087 -6.803 -8.7 -10.609 -11.924 -12.815 -11.044 -10.85 -11.951 -12.843 -13.41 -13.75 -10.774 -12.278 -13.187 -13.577 -13.785 -12.447 -13.211 -13.598 -13.777 -13.894 -13.168 -12.738 -13.379 -13.885 -13.752 -13.454 -13.145
0.49155 -8.083 -6.705 -8.639 -10.561 -11.898 -12.806 -11.025 -10.806 -11.926 -12.835 -13.416 -13.767 -10.728 -12.26 -13.187 -13.588 -13.804 -12.432 -13.212 -13.61 -13.795 -13.916 -13.171 -12.73 -13.385 -13.915 -13.789 -13.496 -13.149
0.506416 -8.081 -6.605 -8.576 -10.511 -11.871 -12.796 -11.004 -10.76 -11.9 -12.826 -13.422 -13.784 -10.68 -12.24 -13.186 -13.598 -13.822 -12.416 -13.211 -13.62 -13.812 -13.937 -13.172 -12.72 -13.389 -13.945 -13.825 -13.537 -13.153
0.521733 -8.08 -6.503 -8.511 -10.46 -11.842 -12.785 -10.983 -10.713 -11.872 -12.816 -13.427 -13.801 -10.631 -12.218 -13.184 -13.607 -13.84 -12.4 -13.21 -13.63 -13.828 -13.958 -13.173 -12.71 -13.393 -13.974 -13.861 -13.578 -13.156
0.537512 -8.08 -6.399 -8.446 -10.407 -11.812 -12.773 -10.961 -10.664 -11.843 -12.805 -13.431 -13.816 -10.58 -12.196 -13.181 -13.616 -13.857 -12.382 -13.208 -13.638 -13.844 -13.979 -13.174 -12.698 -13.397 -14.003 -13.896 -13.619 -13.159
0.553769 -8.081 -6.293 -8.378 -10.352 -11.781 -12.759 -10.937 -10.613 -11.813 -12.792 -13.434 -13.831 -10.527 -12.172 -13.177 -13.623 -13.873 -12.362 -13.205 -13.646 -13.859 -13.998 -13.173 -12.685 -13.399 -14.032 -13.932 -13.659 -13.161
0.570517 -8.083 -6.185 -8.31 -10.295 -11.748 -12.745 -10.913 -10.56 -11.781 -12.779 -13.436 -13.846 -10.472 -12.146 -13.172 -13.63 -13.888 -12.342 -13.201 -13.654 -13.873 -14.017 -13.171 -12.671 -13.4 -14.06 -13.966 -13.699 -13.162
0.587772 -8.086 -6.076 -8.24 -10.236 -11.713 -12.729 -10.888 -10.506 -11.748 -12.764 -13.437 -13.859 -10.415 -12.12 -13.165 -13.635 -13.903 -12.32 -13.195 -13.66 -13.887 -14.036 -13.168 -12.656 -13.4 -14.087 -14.001 -13.739 -13.162
0.605549 -8.09 -5.964 -8.168 -10.175 -11.677 -12.712 -10.861 -10.449 -11.713 -12.748 -13.438 -13.872 -10.357 -12.092 -13.158 -13.64 -13.917 -12.297 -13.189 -13.665 -13.899 -14.053 -13.165 -12.64 -13.399 -14.114 -14.035 -13.779 -13.162
0.623863 -8.095 -5.85 -8.096 -10.112 -11.639 -12.693 -10.834 -10.391 -11.676 -12.73 -13.437 -13.883 -10.296 -12.062 -13.15 -13.644 -13.93 -12.273 -13.181 -13.669 -13.911 -14.07 -13.16 -12.622 -13.398 -14.141 -14.068 -13.818 -13.16
0.642731 -8.101 -5.735 -8.021 -10.047 -11.6 -12.673 -10.805 -10.33 -11.638 -12.712 -13.435 -13.894 -10.233 -12.031 -13.14 -13.647 -13.942 -12.248 -13.173 -13.673 -13.922 -14.087 -13.155 -12.603 -13.395 -14.166 -14.102 -13.857 -13.158
0.66217 -8.108 -5.618 -7.945 -9.98 -11.558 -12.652 -10.775 -10.268 -11.598 -12.692 -13.432 -13.905 -10.169 -11.998 -13.129 -13.648 -13.954 -12.221 -13.163 -13.675 -13.932 -14.102 -13.148 -12.583 -13.391 -14.192 -14.134 -13.896 -13.155
0.682197 -8.115 -5.5 -7.868 -9.911 -11.515 -12.629 -10.744 -10.203 -11.556 -12.67 -13.428 -13.914 -10.102 -11.964 -13.117 -13.649 -13.964 -12.193 -13.152 -13.677 -13.941 -14.117 -13.14 -12.561 -13.386 -14.216 -14.167 -13.934 -13.151
0.70283 -8.123 -5.38 -7.788 -9.839 -11.471 -12.605 -10.712 -10.136 -11.513 -12.647 -13.423 -13.922 -10.032 -11.928 -13.103 -13.649 -13.974 -12.164 -13.139 -13.677 -13.949 -14.131 -13.131 -12.538 -13.38 -14.24 -14.199 -13.972 -13.147
0.724086 -8.132 -5.272 -7.716 -9.773 -11.429 -12.582 -10.682 -10.075 -11.473 -12.626 -13.419 -13.93 -9.969 -11.895 -13.091 -13.649 -13.983 -12.137 -13.128 -13.678 -13.957 -14.144 -13.123 -12.517 -13.375 -14.263 -14.228 -14.008 -13.143
0.745986 -8.144 -5.284 -7.729 -9.786 -11.442 -12.595 -10.695 -10.088 -11.486 -12.639 -13.432 -13.943 -9.981 -11.907 -13.104 -13.662 -13.996 -12.149 -13.141 -13.69 -13.97 -14.157 -13.136 -12.53 -13.387 -14.276 -14.241 -14.02 -13.155
0.768548 -8.157 -5.297 -7.741 -9.799 -11.455 -12.608 -10.708 -10.1 -11.499 -12.651 -13.444 -13.956 -9.994 -11.92 -13.116 -13.674 -14.008 -12.162 -13.153 -13.703 -13.983 -14.169 -13.149 -12.543 -13.4 -14.288 -14.254 -14.033 -13.168
0.791792 -8.169 -5.309 -7.754 -9.811 -11.467 -12.62 -10.72 -10.112 -11.511 -12.664 -13.456 -13.968 -10.006 -11.932 -13.128 -13.686 -14.02 -12.174 -13.166 -13.715 -13.995 -14.181 -13.161 -12.555 -13.412 -14.3 -14.266 -14.045 -13.18
0.815739 -8.181 -5.321 -7.766 -9.823 -11.479 -12.632 -10.732 -10.124 -11.523 -12.675 -13.468 -13.98 -10.018 -11.944 -13.14 -13.698 -14.032 -12.186 -13.178 -13.727 -14.007 -14.193 -13.173 -12.567 -13.424 -14.312 -14.278 -14.057 -13.192
0.840411 -8.193 -5.333 -7.777 -9.834 -11.49 -12.643 -10.743 -10.136 -11.534 -12.687 -13.48 -13.991 -10.029 -11.956 -13.152 -13.71 -14.044 -12.198 -13.189 -13.738 -14.018 -14.205 -13.184 -12.578 -13.435 -14.324 -14.289 -14.068 -13.204
0.865828 -8.204 -5.344 -7.788 -9.846 -11.502 -12.654 -10.754 -10.147 -11.545 -12.698 -13.491 -14.002 -10.041 -11.967 -13.163 -13.721 -14.055 -12.209 -13.2 -13.75 -14.029 -14.216 -13.195 -12.589 -13.447 -14.335 -14.3 -14.08 -13.215
0.892015 -8.214 -5.355 -7.799 -9.856 -11.512 -12.665 -10.765 -10.158 -11.556 -12.709 -13.502 -14.013 -10.051 -11.977 -13.174 -13.732 -14.066 -12.22 -13.211 -13.76 -14.04 -14.227 -13.206 -12.6 -13.457 -14.346 -14.311 -14.09 -13.226
0.918993 -8.225 -5.365 -7.809 -9.867 -11.523 -12.676 -10.776 -10.168 -11.567 -12.719 -13.512 -14.024 -10.062 -11.988 -13.184 -13.742 -14.076 -12.23 -13.221 -13.771 -14.051 -14.237 -13.217 -12.611 -13.468 -14.356 -14.322 -14.101 -13.236
0.946787 -8.235 -5.375 -7.819 -9.877 -11.533 -12.686 -10.786 -10.178 -11.577 -12.729 -13.522 -14.034 -10.072 -11.998 -13.194 -13.752 -14.086 -12.24 -13.231 -13.781 -14.061 -14.247 -13.227 -12.621 -13.478 -14.366 -14.332 -14.111 -13.246
0.975422 -8.245 -5.385 -7.829 -9.886 -11.542 -12.695 -10.795 -10.188 -11.586 -12.739 -13.532 -14.043 -10.081 -12.008 -13.204 -13.762 -14.096 -12.25 -13.241 -13.79 -14.07 -14.257 -13.236 -12.63 -13.488 -14.376 -14.341 -14.12 -13.256
1.004923 -8.254 -5.394 -7.838 -9.896 -11.552 -12.704 -10.805 -10.197 -11.595 -12.748 -13.541 -14.052 -10.091 -12.017 -13.213 -13.771 -14.105 -12.259 -13.25 -13.8 -14.08 -14.266 -13.246 -12.639 -13.497 -14.385 -14.35 -14.13 -13.265
1.035317 -8.262 -5.402 -7.847 -9.904 -11.56 -12.713 -10.813 -10.206 -11.604 -12.757 -13.55 -14.061 -10.099 -12.025 -13.222 -13.78 -14.114 -12.268 -13.259 -13.808 -14.088 -14.275 -13.254 -12.648 -13.505 -14.394 -14.359 -14.138 -13.274
1.066629 -8.271 -5.411 -7.855 -9.913 -11.569 -12.721 -10.822 -10.214 -11.612 -12.765 -13.558 -14.069 -10.108 -12.034 -13.23 -13.788 -14.122 -12.276 -13.267 -13.817 -14.097 -14.283 -13.263 -12.656 -13.514 -14.402 -14.367 -14.147 -13.282
1.098888 -8.279 -5.419 -7.863 -9.92 -11.576 -12.729 -10.829 -10.222 -11.62 -12.773 -13.566 -14.077 -10.115 -12.042 -13.238 -13.796 -14.13 -12.284 -13.275 -13.824 -14.104 -14.291 -13.27 -12.664 -13.521 -14.41 -14.375 -14.154 -13.29
1.132124 -8.286 -5.426 -7.87 -9.928 -11.584 -12.736 -10.837 -10.229 -11.627 -12.78 -13.573 -14.084 -10.123 -12.049 -13.245 -13.803 -14.137 -12.291 -13.282 -13.832 -14.112 -14.298 -13.278 -12.671 -13.529 -14.417 -14.382 -14.162 -13.297
1.166364 -8.293 -5.433 -7.877 -9.934 -11.59 -12.743 -10.843 -10.236 -11.634 -12.787 -13.58 -14.091 -10.129 -12.056 -13.252 -13.81 -14.144 -12.298 -13.289 -13.838 -14.118 -14.305 -13.284 -12.678 -13.536 -14.424 -14.389 -14.169 -13.304
1.20164 -8.299 -5.439 -7.883 -9.941 -11.597 -12.749 -10.85 -10.242 -11.64 -12.793 -13.586 -14.097 -10.136 -12.062 -13.258 -13.816 -14.15 -12.304 -13.295 -13.845 -14.125 -14.311 -13.291 -12.684 -13.542 -14.43 -14.395 -14.175 -13.31
1.237983 -8.304 -5.444 -7.889 -9.946 -11.602 -12.755 -10.855 -10.247 -11.646 -12.799 -13.592 -14.103 -10.141 -12.067 -13.264 -13.822 -14.156 -12.309 -13.301 -13.85 -14.13 -14.317 -13.296 -12.69 -13.547 -14.436 -14.401 -14.18 -13.315
1.275425 -8.309 -5.449 -7.894 -9.951 -11.607 -12.76 -10.86 -10.253 -11.651 -12.804 -13.597 -14.108 -10.146 -12.072 -13.269 -13.827 -14.161 -12.315 -13.306 -13.855 -14.135 -14.322 -13.301 -12.695 -13.552 -14.441 -14.406 -14.185 -13.32
1.313999 -8.314 -5.454 -7.898 -9.956 -11.612 -12.764 -10.865 -10.257 -11.655 -12.808 -13.601 -14.113 -10.151 -12.077 -13.273 -13.831 -14.165 -12.319 -13.31 -13.86 -14.14 -14.326 -13.306 -12.699 -13.557 -14.445 -14.41 -14.19 -13.325
1.35374 -8.318 -5.458 -7.902 -9.959 -11.615 -12.768 -10.868 -10.261 -11.659 -12.812 -13.605 -14.116 -10.154 -12.081 -13.277 -13.835 -14.169 -12.323 -13.314 -13.863 -14.143 -14.33 -13.309 -12.703 -13.561 -14.449 -14.414 -14.194 -13.329
1.394683 -8.321 -5.461 -7.905 -9.962 -11.618 -12.771 -10.871 -10.264 -11.662 -12.815 -13.608 -14.119 -10.158 -12.084 -13.28 -13.838 -14.172 -12.326 -13.317 -13.867 -14.146 -14.333 -13.312 -12.706 -13.564 -14.452 -14.417 -14.197 -13.332
1.436864 -8.323 -5.463 -7.907 -9.965 -11.621 -12.774 -10.874 -10.266 -11.665 -12.817 -13.61 -14.122 -10.16 -12.086 -13.282 -13.84 -14.174 -12.328 -13.319 -13.869 -14.149 -14.335 -13.315 -12.709 -13.566 -14.454 -14.42 -14.199 -13.334
1.480321 -8.324 -5.465 -7.909 -9.966 -11.622 -12.775 -10.875 -10.268 -11.666 -12.819 -13.612 -14.123 -10.161 -12.087 -13.284 -13.842 -14.176 -12.33 -13.321 -13.87 -14.15 -14.337 -13.316 -12.71 -13.567 -14.456 -14.421 -14.2 -13.336
1.525092 -8.325 -5.465 -7.91 -9.967 -11.623 -12.776 -10.876 -10.268 -11.667 -12.82 -13.612 -14.124 -10.162 -12.088 -13.284 -13.842 -14.177 -12.33 -13.322 -13.871 -14.151 -14.337 -13.317 -12.711 -13.568 -14.456 -14.422 -14.201 -13.336
1.571218 -8.325 -5.465 -7.91 -9.967 -11.623 -12.776 -10.876 -10.268 -11.667 -12.82 -13.612 -14.124 -10.162 -12.088 -13.284 -13.842 -14.177 -12.33 -13.322 -13.871 -14.151 -14.337 -13.317 -12.711 -13.568 -14.456 -14.422 -14.201 -13.336
1.618738 -8.324 -5.464 -7.909 -9.966 -11.622 -12.775 -10.875 -10.267 -11.666 -12.819 -13.611 -14.123 -10.161 -12.087 -13.283 -13.841 -14.176 -12.329 -13.321 -13.87 -14.15 -14.336 -13.316 -12.71 -13.567 -14.455 -14.421 -14.2 -13.335
1.667696 -8.322 -5.462 -7.907 -9.964 -11.62 -12.773 -10.873 -10.265 -11.664 -12.817 -13.609 -14.121 -10.159 -12.085 -13.281 -13.84 -14.174 -12.327 -13.319 -13.868 -14.148 -14.335 -13.314 -12.708 -13.565 -14.454 -14.419 -14.198 -13.333
1.718134 -8.319 -5.459 -7.904 -9.961 -11.617 -12.77 -10.87 -10.263 -11.661 -12.814 -13.607 -14.118 -10.156 -12.082 -13.279 -13.837 -14.171 -12.325 -13.316 -13.865 -14.145 -14.332 -13.311 -12.705 -13.562 -14.451 -14.416 -14.195 -13.33
1.770098 -8.316 -5.456 -7.9 -9.957 -11.613 -12.766 -10.866 -10.259 -11.657 -12.81 -13.603 -14.114 -10.152 -12.079 -13.275 -13.833 -14.167 -12.321 -13.312 -13.861 -14.141 -14.328 -13.307 -12.701 -13.559 -14.447 -14.412 -14.192 -13.327
1.823633 -8.311 -5.451 -7.895 -9.952 -11.608 -12.761 -10.861 -10.254 -11.652 -12.805 -13.598 -14.109 -10.147 -12.074 -13.27 -13.828 -14.162 -12.316 -13.307 -13.856 -14.136 -14.323 -13.302 -12.696 -13.554 -14.442 -14.407 -14.187 -13.322
1.878788 -8.304 -5.444 -7.889 -9.946 -11.602 -12.755 -10.855 -10.248 -11.646 -12.799 -13.592 -14.103 -10.141 -12.067 -13.264 -13.822 -14.156 -12.31 -13.301 -13.85 -14.13 -14.317 -13.296 -12.69 -13.547 -14.436 -14.401 -14.18 -13.315
1.93561 -8.297 -5.437 -7.882 -9.939 -11.595 -12.748 -10.848 -10.24 -11.639 -12.792 -13.584 -14.096 -10.134 -12.06 -13.256 -13.814 -14.148 -12.302 -13.294 -13.843 -14.123 -14.309 -13.289 -12.683 -13.54 -14.428 -14.394 -14.173 -13.308
1.994152 -8.289 -5.429 -7.873 -9.93 -11.586 -12.739 -10.839 -10.232 -11.63 -12.783 -13.576 -14.087 -10.125 -12.052 -13.248 -13.806 -14.14 -12.294 -13.285 -13.834 -14.114 -14.301 -13.28 -12.674 -13.532 -14.42 -14.385 -14.164 -13.3
2.054463 -8.279 -5.419 -7.863 -9.92 -11.576 -12.729 -10.829 -10.222 -11.62 -12.773 -13.566 -14.077 -10.116 -12.042 -13.238 -13.796 -14.13 -12.284 -13.275 -13.825 -14.104 -14.291 -13.27 -12.664 -13.522 -14.41 -14.375 -14.155 -13.29
2.116599 -8.267 -5.407 -7.852 -9.909 -11.565 -12.718 -10.818 -10.21 -11.609 -12.762 -13.554 -14.066 -10.104 -12.03 -13.226 -13.784 -14.119 -12.272 -13.264 -13.813 -14.093 -14.279 -13.259 -12.653 -13.51 -14.398 -14.364 -14.143 -13.278
2.180614 -8.254 -5.394 -7.839 -9.896 -11.552 -12.705 -10.805 -10.198 -11.596 -12.749 -13.542 -14.053 -10.091 -12.017 -13.214 -13.772 -14.106 -12.26 -13.251 -13.8 -14.08 -14.267 -13.246 -12.64 -13.497 -14.386 -14.351 -14.13 -13.265
2.246566 -8.24 -5.38 -7.825 -9.882 -11.538 -12.691 -10.791 -10.183 -11.582 -12.734 -13.527 -14.039 -10.077 -12.003 -13.199 -13.757 -14.091 -12.245 -13.237 -13.786 -14.066 -14.252 -13.232 -12.626 -13.483 -14.371 -14.337 -14.116 -13.251
2.314511 -8.224 -5.364 -7.809 -9.866 -11.522 -12.675 -10.775 -10.167 -11.566 -12.718 -13.511 -14.023 -10.061 -11.987 -13.183 -13.741 -14.075 -12.229 -13.221 -13.77 -14.05 -14.236 -13.216 -12.61 -13.467 -14.355 -14.321 -14.1 -13.235
2.384512 -8.206 -5.346 -7.791 -9.848 -11.504 -12.657 -10.757 -10.149 -11.548 -12.701 -13.493 -14.005 -10.043 -11.969 -13.165 -13.723 -14.058 -12.211 -13.203 -13.752 -14.032 -14.218 -13.198 -12.592 -13.449 -14.337 -14.303 -14.082 -13.217
2.45663 -8.186 -5.327 -7.771 -9.828 -11.484 -12.637 -10.737 -10.13 -11.528 -12.681 -13.474 -13.985 -10.023 -11.949 -13.146 -13.704 -14.038 -12.192 -13.183 -13.732 -14.012 -14.199 -13.178 -12.572 -13.429 -14.318 -14.283 -14.062 -13.198
2.530929 -8.165 -5.305 -7.749 -9.807 -11.463 -12.615 -10.716 -10.108 -11.507 -12.659 -13.452 -13.964 -10.002 -11.928 -13.124 -13.682 -14.016 -12.17 -13.161 -13.711 -13.991 -14.177 -13.157 -12.551 -13.408 -14.296 -14.262 -14.041 -13.176
2.607475 -8.141 -5.281 -7.726 -9.783 -11.439 -12.592 -10.692 -10.084 -11.483 -12.636 -13.428 -13.94 -9.978 -11.904 -13.1 -13.658 -13.993 -12.146 -13.138 -13.687 -13.967 -14.153 -13.133 -12.527 -13.384 -14.272 -14.238 -14.017 -13.152
2.686337 -8.115 -5.255 -7.7 -9.757 -11.413 -12.566 -10.666 -10.058 -11.457 -12.61 -13.402 -13.914 -9.952 -11.878 -13.074 -13.633 -13.967 -12.12 -13.112 -13.661 -13.941 -14.128 -13.107 -12.501 -13.358 -14.247 -14.212 -13.991 -13.126
2.767583 -8.087 -5.227 -7.672 -9.729 -11.385 -12.538 -10.638 -10.03 -11.429 -12.582 -13.374 -13.886 -9.924 -11.85 -13.046 -13.604 -13.939 -12.092 -13.084 -13.633 -13.913 -14.099 -13.079 -12.473 -13.33 -14.218 -14.184 -13.963 -13.098
2.851287 -8.057 -5.197 -7.641 -9.698 -11.354 -12.507 -10.607 -10.0 -11.398 -12.551 -13.344 -13.855 -9.894 -11.82 -13.016 -13.574 -13.908 -12.062 -13.053 -13.603 -13.882 -14.069 -13.048 -12.442 -13.3 -14.188 -14.153 -13.933 -13.068
2.937522 -8.023 -5.163 -7.608 -9.665 -11.321 -12.474 -10.574 -9.967 -11.365 -12.518 -13.311 -13.822 -9.86 -11.786 -12.983 -13.541 -13.875 -12.029 -13.02 -13.569 -13.849 -14.036 -13.015 -12.409 -13.266 -14.155 -14.12 -13.899 -13.034
3.026365 -7.988 -5.128 -7.572 -9.629 -11.285 -12.438 -10.538 -9.931 -11.329 -12.482 -13.275 -13.786 -9.824 -11.751 -12.947 -13.505 -13.839 -11.993 -12.984 -13.533 -13.813 -14.0 -12.979 -12.373 -13.231 -14.119 -14.084 -13.864 -12.999
3.117896 -7.949 -5.089 -7.533 -9.591 -11.247 -12.399 -10.5 -9.892 -11.29 -12.443 -13.236 -13.748 -9.786 -11.712 -12.908 -13.466 -13.8 -11.954 -12.945 -13.495 -13.775 -13.961 -12.941 -12.335 -13.192 -14.08 -14.045 -13.825 -12.96
3.212194 -7.907 -5.047 -7.492 -9.549 -11.205 -12.358 -10.458 -9.85 -11.249 -12.402 -13.194 -13.706 -9.744 -11.67 -12.866 -13.424 -13.758 -11.912 -12.904 -13.453 -13.733 -13.919 -12.899 -12.293 -13.15 -14.038 -14.004 -13.783 -12.918
3.309345 -7.862 -5.002 -7.447 -9.504 -11.16 -12.313 -10.413 -9.805 -11.204 -12.357 -13.149 -13.661 -9.699 -11.625 -12.821 -13.379 -13.713 -11.867 -12.859 -13.408 -13.688 -13.874 -12.854 -12.248 -13.105 -13.993 -13.959 -13.738 -12.873
3.409434 -7.814 -4.954 -7.398 -9.456 -11.112 -12.264 -10.365 -9.757 -11.155 -12.308 -13.101 -13.612 -9.651 -11.577 -12.773 -13.331 -13.665 -11.819 -12.81 -13.36 -13.64 -13.826 -12.806 -12.199 -13.057 -13.945 -13.91 -13.69 -12.825
3.51255 -7.762 -4.902 -7.346 -9.404 -11.06 -12.212 -10.313 -9.705 -11.103 -12.256 -13.049 -13.561 -9.599 -11.525 -12.721 -13.279 -13.613 -11.767 -12.758 -13.308 -13.588 -13.774 -12.754 -12.148 -13.005 -13.893 -13.859 -13.638 -12.773
3.618785 -7.706 -4.846 -7.291 -9.348 -11.004 -12.157 -10.257 -9.649 -11.048 -12.201 -12.993 -13.505 -9.543 -11.469 -12.665 -13.223 -13.558 -11.711 -12.703 -13.252 -13.532 -13.718 -12.698 -12.092 -12.949 -13.837 -13.803 -13.582 -12.717
3.728232 -7.646 -4.787 -7.231 -9.288 -10.944 -12.097 -10.197 -9.59 -10.988 -12.141 -12.934 -13.445 -9.483 -11.409 -12.606 -13.164 -13.498 -11.652 -12.643 -13.192 -13.472 -13.659 -12.638 -12.032 -12.889 -13.778 -13.743 -13.522 -12.658
3.84099 -7.583 -4.723 -7.167 -9.224 -10.88 -12.033 -10.133 -9.526 -10.924 -12.077 -12.87 -13.381 -9.42 -11.346 -12.542 -13.1 -13.434 -11.588 -12.579 -13.129 -13.408 -13.595 -12.574 -11.968 -12.826 -13.714 -13.679 -13.459 -12.594
3.957158 -7.514 -4.654 -7.099 -9.156 -10.812 -11.965 -10.065 -9.457 -10.856 -12.009 -12.801 -13.313 -9.351 -11.277 -12.473 -13.031 -13.366 -11.519 -12.511 -13.06 -13.34 -13.526 -12.506 -11.9 -12.757 -13.645 -13.611 -13.39 -12.525
4.07684 -7.441 -4.581 -7.026 -9.083 -10.739 -11.892 -9.992 -9.384 -10.783 -11.936 -12.728 -13.24 -9.278 -11.204 -12.4 -12.958 -13.293 -11.446 -12.438 -12.987 -13.267 -13.453 -12.433 -11.827 -12.684 -13.572 -13.538 -13.317 -12.452
4.200141 -7.363 -4.503 -6.948 -9.005 -10.661 -11.814 -9.914 -9.306 -10.705 -11.858 -12.65 -13.162 -9.2 -11.126 -12.322 -12.88 -13.215 -11.368 -12.36 -12.909 -13.189 -13.375 -12.355 -11.749 -12.606 -13.494 -13.46 -13.239 -12.374
4.327172 -7.28 -4.42 -6.864 -8.922 -10.578 -11.731 -9.831 -9.223 -10.622 -11.774 -12.567 -13.079 -9.117 -11.043 -12.239 -12.797 -13.131 -11.285 -12.276 -12.826 -13.106 -13.292 -12.272 -11.666 -12.523 -13.411 -13.377 -13.156 -12.291
4.458044 -7.191 -4.331 -6.776 -8.833 -10.489 -11.642 -9.742 -9.134 -10.533 -11.685 -12.478 -12.99 -9.028 -10.954 -12.15 -12.708 -13.042 -11.196 -12.188 -12.737 -13.017 -13.203 -12.183 -11.577 -12.434 -13.322 -13.288 -13.067 -12.202
4.592874 -7.096 -4.236 -6.681 -8.738 -10.394 -11.547 -9.647 -9.039 -10.438 -11.591 -12.383 -12.895 -8.933 -10.859 -12.055 -12.614 -12.948 -11.101 -12.093 -12.642 -12.922 -13.109 -12.088 -11.482 -12.339 -13.228 -13.193 -12.972 -12.107
4.731783 -6.995 -4.135 -6.58 -8.637 -10.293 -11.446 -9.546 -8.939 -10.337 -11.49 -12.283 -12.794 -8.832 -10.758 -11.955 -12.513 -12.847 -11.0 -11.992 -12.541 -12.821 -13.008 -11.987 -11.381 -12.238 -13.127 -13.092 -12.871 -12.006
4.874892 -6.888 -4.028 -6.472 -8.53 -10.186 -11.339 -9.439 -8.831 -10.23 -11.382 -12.175 -12.687 -8.725 -10.651 -11.847 -12.405 -12.739 -10.893 -11.884 -12.434 -12.714 -12.9 -11.88 -11.274 -12.131 -13.019 -12.985 -12.764 -11.899
5.02233 -6.773 -3.913 -6.358 -8.415 -10.071 -11.224 -9.324 -8.717 -10.115 -11.268 -12.061 -12.572 -8.61 -10.536 -11.733 -12.291 -12.625 -10.779 -11.77 -12.319 -12.599 -12.786 -11.765 -11.159 -12.016 -12.905 -12.87 -12.649 -11.784
5.174227 -6.652 -3.792 -6.236 -8.293 -9.949 -11.102 -9.202 -8.595 -9.993 -11.146 -11.939 -12.45 -8.489 -10.415 -11.611 -12.169 -12.503 -10.657 -11.648 -12.198 -12.477 -12.664 -11.643 -11.037 -11.895 -12.783 -12.748 -12.528 -11.663
5.330718 -6.522 -3.662 -6.107 -8.164 -9.82 -10.973 -9.073 -8.465 -9.864 -11.016 -11.809 -12.321 -8.359 -10.285 -11.481 -12.039 -12.373 -10.527 -11.519 -12.068 -12.348 -12.534 -11.514 -10.908 -11.765 -12.653 -12.619 -12.398 -11.533
5.491942 -6.384 -3.524 -5.969 -8.026 -9.682 -10.835 -8.935 -8.327 -9.726 -10.879 -11.671 -12.183 -8.221 -10.147 -11.343 -11.901 -12.236 -10.389 -11.381 -11.93 -12.21 -12.396 -11.376 -10.77 -11.627 -12.515 -12.481 -12.26 -11.395
5.658042 -6.238 -3.378 -5.822 -7.88 -9.536 -10.688 -8.788 -8.181 -9.579 -10.732 -11.525 -12.036 -8.075 -10.001 -11.197 -11.755 -12.089 -10.243 -11.234 -11.784 -12.063 -12.25 -11.229 -10.623 -11.481 -12.369 -12.334 -12.114 -11.249
5.829166 -6.082 -3.222 -5.666 -7.724 -9.38 -10.533 -8.633 -8.025 -9.424 -10.576 -11.369 -11.881 -7.919 -9.845 -11.041 -11.599 -11.933 -10.087 -11.078 -11.628 -11.908 -12.094 -11.074 -10.468 -11.325 -12.213 -12.179 -11.958 -11.093
6.005465 -5.916 -3.056 -5.501 -7.558 -9.214 -10.367 -8.467 -7.859 -9.258 -10.411 -11.204 -11.715 -7.753 -9.679 -10.876 -11.434 -11.768 -9.921 -10.913 -11.462 -11.742 -11.929 -10.908 -10.302 -11.159 -12.048 -12.013 -11.792 -10.927
6.187096 -5.741 -2.881 -5.325 -7.382 -9.038 -10.191 -8.291 -7.684 -9.082 -10.235 -11.028 -11.539 -7.577 -9.503 -10.7 -11.258 -11.592 -9.746 -10.737 -11.286 -11.566 -11.753 -10.732 -10.126 -10.983 -11.872 -11.837 -11.616 -10.752
6.37422 -5.554 -2.694 -5.138 -7.196 -8.852 -10.004 -8.104 -7.497 -8.895 -10.048 -10.841 -11.352 -7.391 -9.317 -10.513 -11.071 -11.405 -9.559 -10.55 -11.1 -11.379 -11.566 -10.545 -9.939 -10.797 -11.685 -11.65 -11.43 -10.565
6.567004 -5.355 -2.495 -4.94 -6.997 -8.653 -9.806 -7.906 -7.298 -8.697 -9.85 -10.642 -11.154 -7.192 -9.118 -10.314 -10.872 -11.207 -9.36 -10.352 -10.901 -11.181 -11.367 -10.347 -9.741 -10.598 -11.486 -11.452 -11.231 -10.366
6.765619 -5.144 -2.285 -4.729 -6.786 -8.442 -9.595 -7.695 -7.088 -8.486 -9.639 -10.432 -10.943 -6.981 -8.907 -10.104 -10.662 -10.996 -9.15 -10.141 -10.69 -10.97 -11.157 -10.136 -9.53 -10.387 -11.276 -11.241 -11.02 -10.156
6.97024 -4.921 -2.061 -4.505 -6.563 -8.219 -9.371 -7.471 -6.864 -8.262 -9.415 -10.208 -10.719 -6.758 -8.684 -9.88 -10.438 -10.772 -8.926 -9.917 -10.467 -10.746 -10.933 -9.912 -9.306 -10.164 -11.052 -11.017 -10.797 -9.932
7.181051 -4.683 -1.823 -4.268 -6.325 -7.981 -9.134 -7.234 -6.626 -8.025 -9.177 -9.97 -10.482 -6.52 -8.446 -9.642 -10.2 -10.534 -8.688 -9.68 -10.229 -10.509 -10.695 -9.675 -9.069 -9.926 -10.814 -10.78 -10.559 -9.694
7.398237 -4.431 -1.571 -4.015 -6.073 -7.729 -8.881 -6.982 -6.374 -7.772 -8.925 -9.718 -10.229 -6.268 -8.194 -9.39 -9.948 -10.282 -8.436 -9.427 -9.977 -10.257 -10.443 -9.423 -8.816 -9.674 -10.562 -10.527 -10.307 -9.442
7.621991 -4.163 -1.303 -3.747 -5.805 -7.461 -8.614 -6.714 -6.106 -7.505 -8.657 -9.45 -9.962 -6.0 -7.926 -9.122 -9.68 -10.014 -8.168 -9.159 -9.709 -9.989 -10.175 -9.155 -8.549 -9.406 -10.294 -10.26 -10.039 -9.174
7.852513 -3.879 -1.019 -3.463 -5.52 -7.176 -8.329 -6.429 -5.822 -7.22 -8.373 -9.166 -9.677 -5.715 -7.642 -8.838 -9.396 -9.73 -7.884 -8.875 -9.424 -9.704 -9.891 -8.87 -8.264 -9.122 -10.01 -9.975 -9.755 -8.89
8.090007 -3.577 -0.717 -3.161 -5.219 -6.875 -8.027 -6.128 -5.52 -6.918 -8.071 -8.864 -9.375 -5.414 -7.34 -8.536 -9.094 -9.428 -7.582 -8.573 -9.123 -9.403 -9.589 -8.569 -7.962 -8.82 -9.708 -9.673 -9.453 -8.588
8.334684 -3.256 -0.396 -2.841 -4.898 -6.554 -7.707 -5.807 -5.199 -6.598 -7.751 -8.543 -9.055 -5.093 -7.019 -8.215 -8.774 -9.108 -7.261 -8.253 -8.802 -9.082 -9.268 -8.248 -7.642 -8.499 -9.388 -9.353 -9.132 -8.267
8.586761 -2.916 -0.056 -2.501 -4.558 -6.214 -7.367 -5.467 -4.859 -6.258 -7.411 -8.203 -8.715 -4.753 -6.679 -7.875 -8.433 -8.768 -6.921 -7.913 -8.462 -8.742 -8.928 -7.908 -7.302 -8.159 -9.047 -9.013 -8.792 -7.927
8.846461 -2.555 0.305 -2.14 -4.197 -5.853 -7.006 -5.106 -4.498 -5.897 -7.05 -7.842 -8.354 -4.392 -6.318 -7.514 -8.072 -8.407 -6.56 -7.552 -8.101 -8.381 -8.567 -7.547 -6.941 -7.798 -8.686 -8.652 -8.431 -7.566
9.114017 -2.172 0.688 -1.757 -3.814 -5.47 -6.623 -4.723 -4.115 -5.514 -6.666 -7.459 -7.971 -4.009 -5.935 -7.131 -7.689 -8.023 -6.177 -7.169 -7.718 -7.998 -8.184 -7.164 -6.558 -7.415 -8.303 -8.269 -8.048 -7.183
9.389664 -1.765 1.095 -1.35 -3.407 -5.063 -6.216 -4.316 -3.708 -5.107 -6.26 -7.052 -7.564 -3.602 -5.528 -6.724 -7.283 -7.617 -5.77 -6.762 -7.311 -7.591 -7.777 -6.757 -6.151 -7.008 -7.896 -7.862 -7.641 -6.776
9.673648 -1.334 1.526 -0.918 -2.975 -4.631 -5.784 -3.884 -3.277 -4.675 -5.828 -6.621 -7.132 -3.17 -5.097 -6.293 -6.851 -7.185 -5.339 -6.33 -6.879 -7.159 -7.346 -6.325 -5.719 -6.577 -7.465 -7.43 -7.21 -6.345
9.966221 -0.875 1.985 -0.46 -2.517 -4.173 -5.326 -3.426 -2.818 -4.217 -5.37 -6.162 -6.674 -2.712 -4.638 -5.834 -6.393 -6.727 -4.88 -5.872 -6.421 -6.701 -6.888 -5.867 -5.261 -6.118 -7.007 -6.972 -6.751 -5.886
10.267642 -0.389 2.471 0.026 -2.031 -3.687 -4.84 -2.94 -2.332 -3.731 -4.883 -5.676 -6.188 -2.226 -4.152 -5.348 -5.906 -6.24 -4.394 -5.386 -5.935 -6.215 -6.401 -5.381 -4.775 -5.632 -6.52 -6.486 -6.265 -5.4
10.57818 0.127 2.987 0.543 -1.515 -3.171 -4.323 -2.424 -1.816 -3.214 -4.367 -5.16 -5.671 -1.71 -3.636 -4.832 -5.39 -5.724 -3.878 -4.869 -5.419 -5.699 -5.885 -4.865 -4.258 -5.116 -6.004 -5.969 -5.749 -4.884
10.89811 0.675 3.535 1.091 -0.967 -2.623 -3.775 -1.876 -1.268 -2.667 -3.819 -4.612 -5.124 -1.162 -3.088 -4.284 -4.842 -5.176 -3.33 -4.321 -4.871 -5.151 -5.337 -4.317 -3.711 -4.568 -5.456 -5.422 -5.201 -4.336
11.227716 1.257 4.117 1.672 -0.385 -2.041 -3.194 -1.294 -0.686 -2.085 -3.238 -4.03 -4.542 -0.58 -2.506 -3.702 -4.261 -4.595 -2.748 -3.74 -4.289 -4.569 -4.755 -3.735 -3.129 -3.986 -4.875 -4.84 -4.619 -3.754
11.56729 1.874 4.734 2.289 0.232 -1.424 -2.577 -0.677 -0.069 -1.468 -2.62 -3.413 -3.925 0.037 -1.889 -3.085 -3.643 -3.977 -2.131 -3.123 -3.672 -3.952 -4.138 -3.118 -2.512 -3.369 -4.257 -4.223 -4.002 -3.137
11.917135 2.529 5.389 2.945 0.887 -0.769 -1.921 -0.022 0.586 -0.812 -1.965 -2.758 -3.27 0.692 -1.234 -2.43 -2.988 -3.322 -1.476 -2.467 -3.017 -3.297 -3.483 -2.463 -1.856 -2.714 -3.602 -3.567 -3.347 -2.482
12.277561 3.225 6.085 3.64 1.583 -0.073 -1.226 0.674 1.281 -0.117 -1.27 -2.063 -2.574 1.388 -0.538 -1.735 -2.293 -2.627 -0.781 -1.772 -2.321 -2.601 -2.788 -1.767 -1.161 -2.018 -2.907 -2.872 -2.651 -1.786
12.648887 3.963 6.823 4.378 2.321 0.665 -0.488 1.412 2.02 0.621 -0.532 -1.324 -1.836 2.126 0.2 -0.996 -1.555 -1.889 -0.042 -1.034 -1.583 -1.863 -2.049 -1.029 -0.423 -1.28 -2.169 -2.134 -1.913 -1.048
13.031444 4.746 7.606 5.162 3.104 1.448 0.296 2.195 2.803 1.404 0.252 -0.541 -1.053 2.909 0.983 -0.213 -0.771 -1.105 0.741 -0.25 -0.8 -1.08 -1.266 -0.246 0.36 -0.497 -1.385 -1.351 -1.13 -0.265
13.425571 5.578 8.438 5.993 3.936 2.28 1.127 3.027 3.635 2.236 1.083 0.291 -0.221 3.741 1.815 0.619 0.06 -0.274 1.573 0.581 0.032 -0.248 -0.435 0.586 1.192 0.335 -0.554 -0.519 -0.298 0.567
13.831619 6.46 9.32 6.876 4.818 3.162 2.01 3.909 4.517 3.119 1.966 1.173 0.662 4.623 2.697 1.501 0.943 0.609 2.455 1.464 0.914 0.634 0.448 1.468 2.075 1.217 0.329 0.364 0.584 1.449
14.249947 7.397 10.257 7.813 5.755 4.099 2.946 4.846 5.454 4.055 2.903 2.11 1.598 5.56 3.634 2.438 1.88 1.546 3.392 2.401 1.851 1.571 1.385 2.405 3.011 2.154 1.266 1.3 1.521 2.386
14.680926 8.391 11.251 8.807 6.75 5.094 3.941 5.841 6.448 5.05 3.897 3.104 2.593 6.554 4.628 3.432 2.874 2.54 4.386 3.395 2.845 2.566 2.379 3.4 4.006 3.148 2.26 2.295 2.515 3.38
15.124941 9.447 12.307 9.862 7.805 6.149 4.996 6.896 7.504 6.105 4.952 4.16 3.648 7.61 5.684 4.488 3.93 3.595 5.442 4.45 3.901 3.621 3.435 4.455 5.061 4.204 3.316 3.35 3.571 4.436
15.582385 10.567 13.427 10.982 8.925 7.269 6.116 8.016 8.624 7.225 6.073 5.28 4.768 8.73 6.804 5.608 5.05 4.716 6.562 5.57 5.021 4.741 4.555 5.575 6.181 5.324 4.436 4.47 4.691 5.556
16.053663 11.756 14.616 12.171 10.114 8.458 7.305 9.205 9.813 8.414 7.261 6.469 5.957 9.919 7.993 6.797 6.239 5.905 7.751 6.759 6.21 5.93 5.744 6.764 7.37 6.513 5.625 5.659 5.88 6.745
16.539195 13.018 15.878 13.433 11.376 9.72 8.567 10.467 11.075 9.676 8.523 7.731 7.219 11.181 9.255 8.059 7.501 7.166 9.013 8.021 7.472 7.192 7.006 8.026 8.632 7.775 6.887 6.921 7.142 8.007
17.039412 14.357 17.217 14.773 12.715 11.059 9.907 11.807 12.414 11.016 9.863 9.07 8.559 12.52 10.594 9.398 8.84 8.506 10.352 9.361 8.811 8.532 8.345 9.365 9.972 9.114 8.226 8.261 8.481 9.346
17.554757 15.779 18.639 16.194 14.137 12.481 11.328 13.228 13.836 12.437 11.285 10.492 9.98 13.942 12.016 10.82 10.262 9.928 11.774 10.782 10.233 9.953 9.767 10.787 11.393 10.536 9.648 9.682 9.903 10.768
18.085689 17.288 20.148 17.703 15.646 13.99 12.837 14.737 15.345 13.946 12.794 12.001 11.489 15.451 13.525 12.329 11.771 11.437 13.283 12.291 11.742 11.462 11.276 12.296 12.902 12.045 11.157 11.191 11.412 12.277
18.632678 18.89 21.75 19.305 17.248 15.592 14.439 16.339 16.947 15.548 14.395 13.603 13.091 17.053 15.127 13.931 13.372 13.038 14.885 13.893 13.344 13.064 12.877 13.898 14.504 13.647 12.758 12.793 13.014 13.879
19.196211 20.59 23.45 21.005 18.948 17.292 16.139 18.039 18.647 17.248 16.095 15.303 14.791 18.753 16.827 15.631 15.072 14.738 16.585 15.593 15.044 14.764 14.577 15.598 16.204 15.347 14.458 14.493 14.714 15.579
19.776787 22.394 25.254 22.809 20.752 19.096 17.943 19.843 20.451 19.052 17.9 17.107 16.595 20.557 18.631 17.435 16.877 16.543 18.389 17.397 16.848 16.568 16.382 17.402 18.008 17.151 16.263 16.297 16.518 17.383
20.374923 24.309 27.169 24.725 22.667 21.011 19.859 21.758 22.366 20.968 19.815 19.022 18.511 22.472 20.546 19.35 18.792 18.458 20.304 19.313 18.763 18.483 18.297 19.317 19.924 19.066 18.178 18.213 18.433 19.298
20.991149 26.342 29.202 26.757 24.7 23.044 21.891 23.791 24.399 23.0 21.848 21.055 20.543 24.505 22.579 21.383 20.825 20.491 22.337 21.345 20.796 20.516 20.33 21.35 21.956 21.099 20.211 20.245 20.466 21.331
21.626011 28.5 31.36 28.915 26.858 25.202 24.049 25.949 26.557 25.158 24.005 23.212 22.701 26.663 24.737 23.54 22.982 22.648 24.495 23.503 22.954 22.674 22.487 23.508 24.114 23.257 22.368 22.403 22.624 23.489
22.280075 30.79 33.65 31.205 29.148 27.492 26.339 28.239 28.847 27.448 26.295 25.503 24.991 28.953 27.027 25.831 25.272 24.938 26.785 25.793 25.244 24.964 24.778 25.798 26.404 25.547 24.658 24.693 24.914 25.779
22.953921 33.22 36.08 33.636 31.579 29.923 28.77 30.67 31.277 29.879 28.726 27.933 27.422 31.383 29.457 28.261 27.703 27.369 29.215 28.224 27.674 27.395 27.208 28.229 28.835 27.977 27.089 27.124 27.344 28.209
23.648147 35.8 38.66 36.216 34.159 32.502 31.35 33.25 33.857 32.459 31.306 30.513 30.002 33.963 32.037 30.841 30.283 29.949 31.795 30.804 30.254 29.975 29.788 30.809 31.415 30.557 29.669 29.704 29.924 30.789
24.363369 38.539 41.399 38.954 36.897 35.241 34.088 35.988 36.596 35.197 34.044 33.252 32.74 36.702 34.776 33.58 33.022 32.687 34.534 33.542 32.993 32.713 32.527 33.547 34.153 33.296 32.408 32.442 32.663 33.528
25.100222 41.445 44.305 41.861 39.803 38.147 36.995 38.894 39.502 38.104 36.951 36.158 35.647 39.608 37.682 36.486 35.928 35.594 37.44 36.449 35.899 35.619 35.433 36.453 37.06 36.202 35.314 35.349 35.569 36.434
25.859362 44.53 47.39 44.946 42.888 41.232 40.08 41.979 42.587 41.189 40.036 39.243 38.732 42.693 40.767 39.571 39.013 38.679 40.525 39.534 38.984 38.704 38.518 39.538 40.145 39.287 38.399 38.434 38.654 39.519
26.64146 47.805 50.665 48.22 46.163 44.507 43.354 45.254 45.862 44.463 43.31 42.518 42.006 45.968 44.042 42.846 42.287 41.953 43.8 42.808 42.259 41.979 41.792 42.813 43.419 42.562 41.673 41.708 41.929 42.794
27.447213 51.28 54.14 51.696 49.638 47.982 46.83 48.729 49.337 47.939 46.786 45.993 45.481 49.443 47.517 46.321 45.763 45.429 47.275 46.284 45.734 45.454 45.268 46.288 46.894 46.037 45.149 45.183 45.404 46.269
28.277335 54.969 57.829 55.384 53.327 51.671 50.518 52.418 53.026 51.627 50.475 49.682 49.17 53.132 51.206 50.01 49.452 49.118 50.964 49.972 49.423 49.143 48.957 49.977 50.583 49.726 48.838 48.872 49.093 49.958
29.132564 58.884 61.744 59.3 57.243 55.587 54.434 56.334 56.941 55.543 54.39 53.597 53.086 57.048 55.121 53.925 53.367 53.033 54.879 53.888 53.339 53.059 52.872 53.893 54.499 53.641 52.753 52.788 53.008 53.873
30.013659 63.04 65.9 63.456 61.398 59.742 58.59 60.489 61.097 59.699 58.546 57.753 57.242 61.203 59.277 58.081 57.523 57.189 59.035 58.044 57.494 57.214 57.028 58.048 58.655 57.797 56.909 56.944 57.164 58.029
30.921401 67.451 70.311 67.867 65.809 64.153 63.001 64.9 65.508 64.11 62.957 62.164 61.653 65.614 63.688 62.492 61.934 61.6 63.446 62.455 61.905 61.625 61.439 62.459 63.066 62.208 61.32 61.355 61.575 62.44
31.856598 72.133 74.993 72.549 70.491 68.835 67.682 69.582 70.19 68.791 67.639 66.846 66.334 70.296 68.37 67.174 66.616 66.282 68.128 67.137 66.587 66.307 66.121 67.141 67.747 66.89 66.002 66.036 66.257 67.122
32.820079 77.102 79.962 77.518 75.461 73.805 72.652 74.552 75.159 73.761 72.608 71.815 71.304 75.265 73.339 72.143 71.585 71.251 73.097 72.106 71.556 71.277 71.09 72.111 72.717 71.859 70.971 71.006 71.226 72.091
33.8127 82.377 85.237 82.792 80.735 79.079 77.926 79.826 80.434 79.035 77.882 77.09 76.578 80.54 78.614 77.418 76.86 76.526 78.372 77.38 76.831 76.551 76.365 77.385 77.991 77.134 76.246 76.28 76.501 77.366
34.835342 87.975 90.835 88.391 86.333 84.677 83.525 85.424 86.032 84.634 83.481 82.688 82.177 86.138 84.212 83.016 82.458 82.124 83.97 82.979 82.429 82.149 81.963 82.983 83.59 82.732 81.844 81.879 82.099 82.964
35.888913 93.917 96.777 94.333 92.275 90.619 89.467 91.366 91.974 90.576 89.423 88.63 88.119 92.08 90.154 88.958 88.4 88.066 89.912 88.921 88.371 88.091 87.905 88.925 89.532 88.674 87.786 87.821 88.041 88.906
36.974349 100.224 103.084 100.64 98.582 96.926 95.774 97.673 98.281 96.883 95.73 94.937 94.426 98.387 96.461 95.265 94.707 94.373 96.219 95.228 94.678 94.398 94.212 95.232 95.839 94.981 94.093 94.128 94.348 95.213
38.092613 106.918 109.778 107.334 105.277 103.621 102.468 104.368 104.975 103.577 102.424 101.631 101.12 105.082 103.155 101.959 101.401 101.067 102.913 101.922 101.373 101.093 100.906 101.927 102.533 101.675 100.787 100.822 101.042 101.907
39.244698 114.024 116.884 114.439 112.382 110.726 109.573 111.473 112.081 110.682 109.529 108.737 108.225 112.187 110.261 109.065 108.506 108.172 110.019 109.027 108.478 108.198 108.012 109.032 109.638 108.781 107.893 107.927 108.148 109.013
40.431627 121.565 124.425 121.981 119.923 118.267 117.115 119.014 119.622 118.224 117.071 116.278 115.767 119.728 117.802 116.606 116.048 115.714 117.56 116.569 116.019 115.739 115.553 116.573 117.18 116.322 115.434 115.469 115.689 116.554
41.654454 129.57 132.43 129.985 127.928 126.272 125.119 127.019 127.627 126.228 125.075 124.283 123.771 127.733 125.807 124.611 124.053 123.719 125.565 124.573 124.024 123.744 123.558 124.578 125.184 124.327 123.439 123.473 123.694 124.559
42.914265 138.066 140.926 138.481 136.424 134.768 133.615 135.515 136.123 134.724 133.572 132.779 132.267 136.229 134.303 133.107 132.549 132.215 134.061 133.069 132.52 132.24 132.054 133.074 133.68 132.823 131.935 131.969 132.19 133.055
44.212178 147.084 149.944 147.499 145.442 143.786 142.633 144.533 145.141 143.742 142.589 141.797 141.285 145.247 143.321 142.125 141.567 141.233 143.079 142.087 141.538 141.258 141.072 142.092 142.698 141.841 140.953 140.987 141.208 142.073
45.549345 156.655 159.515 157.071 155.014 153.358 152.205 154.105 154.712 153.314 152.161 151.368 150.857 154.819 152.892 151.696 151.138 150.804 152.65 151.659 151.11 150.83 150.643 151.664 152.27 151.412 150.524 150.559 150.779 151.644
46.926954 166.815 169.675 167.23 165.173 163.517 162.364 164.264 164.872 163.473 162.32 161.528 161.016 164.978 163.052 161.856 161.297 160.963 162.81 161.818 161.269 160.989 160.803 161.823 162.429 161.572 160.684 160.718 160.939 161.804
48.346227 177.598 180.458 178.013 175.956 174.3 173.147 175.047 175.655 174.256 173.103 172.311 171.799 175.761 173.835 172.639 172.081 171.746 173.593 172.601 172.052 171.772 171.586 172.606 173.212 172.355 171.467 171.501 171.722 172.587
49.808426 189.043 191.903 189.458 187.401 185.745 184.592 186.492 187.1 185.701 184.549 183.756 183.244 187.206 185.28 184.084 183.526 183.192 185.038 184.046 183.497 183.217 183.031 184.051 184.657 183.8 182.912 182.946 183.167 184.032
51.314848 201.191 204.051 201.606 199.549 197.893 196.74 198.64 199.248 197.849 196.697 195.904 195.392 199.354 197.428 196.232 195.674 195.34 197.186 196.194 195.645 195.365 195.179 196.199 196.805 195.948 195.06 195.094 195.315 196.18
52.86683 214.085 216.945 214.5 212.443 210.787 209.634 211.534 212.142 210.743 209.59 208.798 208.286 212.248 210.322 209.126 208.568 208.234 210.08 209.088 208.539 208.259 208.073 209.093 209.699 208.842 207.954 207.988 208.209 209.074
54.465752 227.771 230.631 228.186 226.129 224.473 223.32 225.22 225.827 224.429 223.276 222.483 221.972 225.934 224.008 222.811 222.253 221.919 223.765 222.774 222.225 221.945 221.758 222.779 223.385 222.528 221.639 221.674 221.895 222.76
56.113031 242.297 245.157 242.712 240.655 238.999 237.846 239.746 240.353 238.955 237.802 237.009 236.498 240.46 238.534 237.337 236.779 236.445 238.291 237.3 236.751 236.471 236.284 237.305 237.911 237.054 236.165 236.2 236.421 237.286
57.810132 257.714 260.574 258.13 256.073 254.417 253.264 255.164 255.771 254.373 253.22 252.427 251.916 255.878 253.951 252.755 252.197 251.863 253.709 252.718 252.169 251.889 251.702 252.723 253.329 252.472 251.583 251.618 251.839 252.703
59.55856 274.079 276.939 274.495 272.437 270.781 269.629 271.528 272.136 270.738 269.585 268.792 268.28 272.242 270.316 269.12 268.562 268.228 270.074 269.083 268.533 268.253 268.067 269.087 269.693 268.836 267.948 267.982 268.203 269.068
61.359868 291.449 294.309 291.864 289.807 288.151 286.998 288.898 289.506 288.107 286.954 286.162 285.65 289.612 287.686 286.49 285.931 285.597 287.444 286.452 285.903 285.623 285.436 286.457 287.063 286.206 285.317 285.352 285.573 286.438
63.215655 309.885 312.745 310.3 308.243 306.587 305.434 307.334 307.942 306.543 305.39 304.598 304.086 308.048 306.122 304.926 304.367 304.033 305.88 304.888 304.339 304.059 303.872 304.893 305.499 304.642 303.753 303.788 304.009 304.874
65.127569 329.453 332.313 329.868 327.811 326.155 325.002 326.902 327.51 326.111 324.958 324.166 323.654 327.616 325.69 324.494 323.936 323.601 325.448 324.456 323.907 323.627 323.441 324.461 325.067 324.21 323.322 323.356 323.577 324.442
67.097308 350.222 353.082 350.638 348.581 346.924 345.772 347.672 348.279 346.881 345.728 344.935 344.424 348.385 346.459 345.263 344.705 344.371 346.217 345.226 344.676 344.397 344.21 345.231 345.837 344.979 344.091 344.126 344.346 345.211
69.126621 372.267 375.127 372.683 370.625 368.969 367.817 369.717 370.324 368.926 367.773 366.98 366.469 370.43 368.504 367.308 366.75 366.416 368.262 367.271 366.721 366.442 366.255 367.275 367.882 367.024 366.136 366.171 366.391 367.256
71.217308 395.666 398.526 396.081 394.024 392.368 391.215 393.115 393.723 392.324 391.171 390.379 389.867 393.829 391.903 390.707 390.149 389.815 391.661 390.669 390.12 389.84 389.654 390.674 391.28 390.423 389.535 389.569 389.79 390.655
73.371227 420.501 423.361 420.917 418.859 417.203 416.051 417.95 418.558 417.16 416.007 415.214 414.703 418.664 416.738 415.542 414.984 414.65 416.496 415.505 414.955 414.675 414.489 415.509 416.116 415.258 414.37 414.405 414.625 415.49
75.59029 446.862 449.721 447.277 445.22 443.564 442.411 444.311 444.918 443.52 442.367 441.574 441.063 445.025 443.099 441.902 441.344 441.01 442.856 441.865 441.316 441.036 440.849 441.87 442.476 441.619 440.73 440.765 440.986 441.85
77.876467 474.84 477.7 475.256 473.199 471.543 470.39 472.29 472.897 471.499 470.346 469.553 469.042 473.004 471.077 469.881 469.323 468.989 470.835 469.844 469.294 469.015 468.828 469.849 470.455 469.597 468.709 468.744 468.964 469.829
80.231787 504.537 507.397 504.953 502.895 501.239 500.087 501.987 502.594 501.196 500.043 499.25 498.739 502.7 500.774 499.578 499.02 498.686 500.532 499.541 498.991 498.712 498.525 499.546 500.152 499.294 498.406 498.441 498.661 499.526
82.658343 536.058 538.918 536.473 534.416 532.76 531.607 533.507 534.115 532.716 531.563 530.771 530.259 534.221 532.295 531.099 530.54 530.206 532.053 531.061 530.512 530.232 530.046 531.066 531.672 530.815 529.927 529.961 530.182 531.047
85.158288 569.514 572.374 569.929 567.872 566.216 565.063 566.963 567.57 566.172 565.019 564.226 563.715 567.677 565.751 564.554 563.996 563.662 565.508 564.517 563.968 563.688 563.501 564.522 565.128 564.271 563.382 563.417 563.638 564.503
87.733843 605.024 607.884 605.439 603.382 601.726 600.573 602.473 603.081 601.682 600.529 599.737 599.225 603.187 601.261 600.065 599.507 599.172 601.019 600.027 599.478 599.198 599.012 600.032 600.638 599.781 598.893 598.927 599.148 600.013
90.387293 642.714 645.574 643.13 641.072 639.416 638.264 640.164 640.771 639.373 638.22 637.427 636.916 640.877 638.951 637.755 637.197 636.863 638.709 637.718 637.168 636.889 636.702 637.723 638.329 637.471 636.583 636.618 636.838 637.703
93.120995 682.719 685.579 683.135 681.077 679.421 678.269 680.168 680.776 679.378 678.225 677.432 676.921 680.882 678.956 677.76 677.202 676.868 678.714 677.723 677.173 676.893 676.707 677.727 678.334 677.476 676.588 676.623 676.843 677.708
95.937376 725.181 728.041 725.596 723.539 721.883 720.73 722.63 723.238 721.839 720.686 719.894 719.382 723.344 721.418 720.222 719.663 719.329 721.176 720.184 719.635 719.355 719.168 720.189 720.795 719.938 719.049 719.084 719.305 720.17
98.838937 770.249 773.109 770.665 768.607 766.951 765.799 767.698 768.306 766.908 765.755 764.962 764.451 768.412 766.486 765.29 764.732 764.398 766.244 765.253 764.703 764.423 764.237 765.257 765.864 765.006 764.118 764.153 764.373 765.238
101.828253 nan nan nan nan nan nan nan nan nan nan nan nan nan nan nan nan nan nan nan nan nan nan nan nan nan nan nan nan nan
104.907979 nan nan nan nan nan nan nan nan nan nan nan nan nan nan nan nan nan nan nan nan nan nan nan nan nan nan nan nan nan
108.080849 nan nan nan nan nan nan nan nan nan nan nan nan nan nan nan nan nan nan nan nan nan nan nan nan nan nan nan nan nan
111.349681 nan nan nan nan nan nan nan nan nan nan nan nan nan nan nan nan nan nan nan nan nan nan nan nan nan nan nan nan nan
114.717376 nan nan nan nan nan nan nan nan nan nan nan nan nan nan nan nan nan nan nan nan nan nan nan nan nan nan nan nan nan
118.186925 nan nan nan nan nan nan nan nan nan nan nan nan nan nan nan nan nan nan nan nan nan nan nan nan nan nan nan nan nan
121.761408 nan nan nan nan nan nan nan nan nan nan nan nan nan nan nan nan nan nan nan nan nan nan nan nan nan nan nan nan nan
125.443999 nan nan nan nan nan nan nan nan nan nan nan nan nan nan nan nan nan nan nan nan nan nan nan nan nan nan nan nan nan
129.237967 nan nan nan nan nan nan nan nan nan nan nan nan nan nan nan nan nan nan nan nan nan nan nan nan nan nan nan nan nan
133.146681 nan nan nan nan nan nan nan nan nan nan nan nan nan nan nan nan nan nan nan nan nan nan nan nan nan nan nan nan nan
137.173612 nan nan nan nan nan nan nan nan nan nan nan nan nan nan nan nan nan nan nan nan nan nan nan nan nan nan nan nan nan
141.322334 nan nan nan nan nan nan nan nan nan nan nan nan nan nan nan nan nan nan nan nan nan nan nan nan nan nan nan nan nan
145.596532 nan nan nan nan nan nan nan nan nan nan nan nan nan nan nan nan nan nan nan nan nan nan nan nan nan nan nan nan nan
150.0 nan nan nan nan nan nan nan nan nan nan nan nan nan nan nan nan nan nan nan nan nan nan nan nan nan nan nan nan nan
