# %ECSV 1.0
# ---
# datatype:
# - {name: time, datatype: float64}
# - {name: sdss_u, datatype: float64}
# - {name: sdss_g, datatype: float64}
# - {name: sdss_r, datatype: float64}
# - {name: sdss_i, datatype: float64}
# - {name: sdss_z, datatype: float64}
# - {name: Clear, datatype: float64}
# - {name: johnson_B, datatype: float64}
# - {name: johnson_V, datatype: float64}
# - {name: johnson_R, datatype: float64}
# - {name: johnson_I, datatype: float64}
# - {name: ukirt_J, datatype: float64}
# - {name: ukirt_H, datatype: float64}
# - {name: ukirt_K, datatype: float64}
# meta: !!omap
# - comment: [M=-17.510204081632654, dM=0.04832801721026124]
# schema: astropy-2.0
time sdss_u sdss_g sdss_r sdss_i sdss_z Clear johnson_B johnson_V johnson_R johnson_I ukirt_J ukirt_H ukirt_K
0.0 -17.510204081632654 -17.510204081632654 -17.510204081632654 -17.510204081632654 -17.510204081632654 -17.510204081632654 -17.510204081632654 -17.510204081632654 -17.510204081632654 -17.510204081632654 -17.510204081632654 -17.510204081632654 -17.510204081632654
0.07537688442211055 -17.506561266265045 -17.506561266265045 -17.506561266265045 -17.506561266265045 -17.506561266265045 -17.506561266265045 -17.506561266265045 -17.506561266265045 -17.506561266265045 -17.506561266265045 -17.506561266265045 -17.506561266265045 -17.506561266265045
0.1507537688442211 -17.50291845089744 -17.50291845089744 -17.50291845089744 -17.50291845089744 -17.50291845089744 -17.50291845089744 -17.50291845089744 -17.50291845089744 -17.50291845089744 -17.50291845089744 -17.50291845089744 -17.50291845089744 -17.50291845089744
0.22613065326633164 -17.49927563552983 -17.49927563552983 -17.49927563552983 -17.49927563552983 -17.49927563552983 -17.49927563552983 -17.49927563552983 -17.49927563552983 -17.49927563552983 -17.49927563552983 -17.49927563552983 -17.49927563552983 -17.49927563552983
0.3015075376884422 -17.495632820162225 -17.495632820162225 -17.495632820162225 -17.495632820162225 -17.495632820162225 -17.495632820162225 -17.495632820162225 -17.495632820162225 -17.495632820162225 -17.495632820162225 -17.495632820162225 -17.495632820162225 -17.495632820162225
0.37688442211055273 -17.491990004794616 -17.491990004794616 -17.491990004794616 -17.491990004794616 -17.491990004794616 -17.491990004794616 -17.491990004794616 -17.491990004794616 -17.491990004794616 -17.491990004794616 -17.491990004794616 -17.491990004794616 -17.491990004794616
0.4522613065326633 -17.48834718942701 -17.48834718942701 -17.48834718942701 -17.48834718942701 -17.48834718942701 -17.48834718942701 -17.48834718942701 -17.48834718942701 -17.48834718942701 -17.48834718942701 -17.48834718942701 -17.48834718942701 -17.48834718942701
0.5276381909547738 -17.4847043740594 -17.4847043740594 -17.4847043740594 -17.4847043740594 -17.4847043740594 -17.4847043740594 -17.4847043740594 -17.4847043740594 -17.4847043740594 -17.4847043740594 -17.4847043740594 -17.4847043740594 -17.4847043740594
0.6030150753768844 -17.481061558691792 -17.481061558691792 -17.481061558691792 -17.481061558691792 -17.481061558691792 -17.481061558691792 -17.481061558691792 -17.481061558691792 -17.481061558691792 -17.481061558691792 -17.481061558691792 -17.481061558691792 -17.481061558691792
0.6783919597989949 -17.477418743324186 -17.477418743324186 -17.477418743324186 -17.477418743324186 -17.477418743324186 -17.477418743324186 -17.477418743324186 -17.477418743324186 -17.477418743324186 -17.477418743324186 -17.477418743324186 -17.477418743324186 -17.477418743324186
0.7537688442211055 -17.473775927956577 -17.473775927956577 -17.473775927956577 -17.473775927956577 -17.473775927956577 -17.473775927956577 -17.473775927956577 -17.473775927956577 -17.473775927956577 -17.473775927956577 -17.473775927956577 -17.473775927956577 -17.473775927956577
0.829145728643216 -17.47013311258897 -17.47013311258897 -17.47013311258897 -17.47013311258897 -17.47013311258897 -17.47013311258897 -17.47013311258897 -17.47013311258897 -17.47013311258897 -17.47013311258897 -17.47013311258897 -17.47013311258897 -17.47013311258897
0.9045226130653266 -17.466490297221362 -17.466490297221362 -17.466490297221362 -17.466490297221362 -17.466490297221362 -17.466490297221362 -17.466490297221362 -17.466490297221362 -17.466490297221362 -17.466490297221362 -17.466490297221362 -17.466490297221362 -17.466490297221362
0.9798994974874371 -17.462847481853753 -17.462847481853753 -17.462847481853753 -17.462847481853753 -17.462847481853753 -17.462847481853753 -17.462847481853753 -17.462847481853753 -17.462847481853753 -17.462847481853753 -17.462847481853753 -17.462847481853753 -17.462847481853753
1.0552763819095476 -17.459204666486148 -17.459204666486148 -17.459204666486148 -17.459204666486148 -17.459204666486148 -17.459204666486148 -17.459204666486148 -17.459204666486148 -17.459204666486148 -17.459204666486148 -17.459204666486148 -17.459204666486148 -17.459204666486148
1.1306532663316582 -17.45556185111854 -17.45556185111854 -17.45556185111854 -17.45556185111854 -17.45556185111854 -17.45556185111854 -17.45556185111854 -17.45556185111854 -17.45556185111854 -17.45556185111854 -17.45556185111854 -17.45556185111854 -17.45556185111854
1.2060301507537687 -17.451919035750933 -17.451919035750933 -17.451919035750933 -17.451919035750933 -17.451919035750933 -17.451919035750933 -17.451919035750933 -17.451919035750933 -17.451919035750933 -17.451919035750933 -17.451919035750933 -17.451919035750933 -17.451919035750933
1.2814070351758793 -17.448276220383324 -17.448276220383324 -17.448276220383324 -17.448276220383324 -17.448276220383324 -17.448276220383324 -17.448276220383324 -17.448276220383324 -17.448276220383324 -17.448276220383324 -17.448276220383324 -17.448276220383324 -17.448276220383324
1.3567839195979898 -17.44463340501572 -17.44463340501572 -17.44463340501572 -17.44463340501572 -17.44463340501572 -17.44463340501572 -17.44463340501572 -17.44463340501572 -17.44463340501572 -17.44463340501572 -17.44463340501572 -17.44463340501572 -17.44463340501572
1.4321608040201004 -17.44099058964811 -17.44099058964811 -17.44099058964811 -17.44099058964811 -17.44099058964811 -17.44099058964811 -17.44099058964811 -17.44099058964811 -17.44099058964811 -17.44099058964811 -17.44099058964811 -17.44099058964811 -17.44099058964811
1.507537688442211 -17.4373477742805 -17.4373477742805 -17.4373477742805 -17.4373477742805 -17.4373477742805 -17.4373477742805 -17.4373477742805 -17.4373477742805 -17.4373477742805 -17.4373477742805 -17.4373477742805 -17.4373477742805 -17.4373477742805
1.5829145728643215 -17.433704958912895 -17.433704958912895 -17.433704958912895 -17.433704958912895 -17.433704958912895 -17.433704958912895 -17.433704958912895 -17.433704958912895 -17.433704958912895 -17.433704958912895 -17.433704958912895 -17.433704958912895 -17.433704958912895
1.658291457286432 -17.430062143545285 -17.430062143545285 -17.430062143545285 -17.430062143545285 -17.430062143545285 -17.430062143545285 -17.430062143545285 -17.430062143545285 -17.430062143545285 -17.430062143545285 -17.430062143545285 -17.430062143545285 -17.430062143545285
1.7336683417085426 -17.42641932817768 -17.42641932817768 -17.42641932817768 -17.42641932817768 -17.42641932817768 -17.42641932817768 -17.42641932817768 -17.42641932817768 -17.42641932817768 -17.42641932817768 -17.42641932817768 -17.42641932817768 -17.42641932817768
1.809045226130653 -17.42277651281007 -17.42277651281007 -17.42277651281007 -17.42277651281007 -17.42277651281007 -17.42277651281007 -17.42277651281007 -17.42277651281007 -17.42277651281007 -17.42277651281007 -17.42277651281007 -17.42277651281007 -17.42277651281007
1.8844221105527637 -17.419133697442465 -17.419133697442465 -17.419133697442465 -17.419133697442465 -17.419133697442465 -17.419133697442465 -17.419133697442465 -17.419133697442465 -17.419133697442465 -17.419133697442465 -17.419133697442465 -17.419133697442465 -17.419133697442465
1.9597989949748742 -17.415490882074856 -17.415490882074856 -17.415490882074856 -17.415490882074856 -17.415490882074856 -17.415490882074856 -17.415490882074856 -17.415490882074856 -17.415490882074856 -17.415490882074856 -17.415490882074856 -17.415490882074856 -17.415490882074856
2.0351758793969847 -17.411848066707247 -17.411848066707247 -17.411848066707247 -17.411848066707247 -17.411848066707247 -17.411848066707247 -17.411848066707247 -17.411848066707247 -17.411848066707247 -17.411848066707247 -17.411848066707247 -17.411848066707247 -17.411848066707247
2.1105527638190953 -17.40820525133964 -17.40820525133964 -17.40820525133964 -17.40820525133964 -17.40820525133964 -17.40820525133964 -17.40820525133964 -17.40820525133964 -17.40820525133964 -17.40820525133964 -17.40820525133964 -17.40820525133964 -17.40820525133964
2.185929648241206 -17.404562435972032 -17.404562435972032 -17.404562435972032 -17.404562435972032 -17.404562435972032 -17.404562435972032 -17.404562435972032 -17.404562435972032 -17.404562435972032 -17.404562435972032 -17.404562435972032 -17.404562435972032 -17.404562435972032
2.2613065326633164 -17.400919620604427 -17.400919620604427 -17.400919620604427 -17.400919620604427 -17.400919620604427 -17.400919620604427 -17.400919620604427 -17.400919620604427 -17.400919620604427 -17.400919620604427 -17.400919620604427 -17.400919620604427 -17.400919620604427
2.336683417085427 -17.397276805236817 -17.397276805236817 -17.397276805236817 -17.397276805236817 -17.397276805236817 -17.397276805236817 -17.397276805236817 -17.397276805236817 -17.397276805236817 -17.397276805236817 -17.397276805236817 -17.397276805236817 -17.397276805236817
2.4120603015075375 -17.393633989869212 -17.393633989869212 -17.393633989869212 -17.393633989869212 -17.393633989869212 -17.393633989869212 -17.393633989869212 -17.393633989869212 -17.393633989869212 -17.393633989869212 -17.393633989869212 -17.393633989869212 -17.393633989869212
2.487437185929648 -17.389991174501603 -17.389991174501603 -17.389991174501603 -17.389991174501603 -17.389991174501603 -17.389991174501603 -17.389991174501603 -17.389991174501603 -17.389991174501603 -17.389991174501603 -17.389991174501603 -17.389991174501603 -17.389991174501603
2.5628140703517586 -17.386348359133994 -17.386348359133994 -17.386348359133994 -17.386348359133994 -17.386348359133994 -17.386348359133994 -17.386348359133994 -17.386348359133994 -17.386348359133994 -17.386348359133994 -17.386348359133994 -17.386348359133994 -17.386348359133994
2.638190954773869 -17.382705543766388 -17.382705543766388 -17.382705543766388 -17.382705543766388 -17.382705543766388 -17.382705543766388 -17.382705543766388 -17.382705543766388 -17.382705543766388 -17.382705543766388 -17.382705543766388 -17.382705543766388 -17.382705543766388
2.7135678391959797 -17.37906272839878 -17.37906272839878 -17.37906272839878 -17.37906272839878 -17.37906272839878 -17.37906272839878 -17.37906272839878 -17.37906272839878 -17.37906272839878 -17.37906272839878 -17.37906272839878 -17.37906272839878 -17.37906272839878
2.78894472361809 -17.375419913031173 -17.375419913031173 -17.375419913031173 -17.375419913031173 -17.375419913031173 -17.375419913031173 -17.375419913031173 -17.375419913031173 -17.375419913031173 -17.375419913031173 -17.375419913031173 -17.375419913031173 -17.375419913031173
2.8643216080402008 -17.371777097663564 -17.371777097663564 -17.371777097663564 -17.371777097663564 -17.371777097663564 -17.371777097663564 -17.371777097663564 -17.371777097663564 -17.371777097663564 -17.371777097663564 -17.371777097663564 -17.371777097663564 -17.371777097663564
2.9396984924623113 -17.368134282295955 -17.368134282295955 -17.368134282295955 -17.368134282295955 -17.368134282295955 -17.368134282295955 -17.368134282295955 -17.368134282295955 -17.368134282295955 -17.368134282295955 -17.368134282295955 -17.368134282295955 -17.368134282295955
3.015075376884422 -17.36449146692835 -17.36449146692835 -17.36449146692835 -17.36449146692835 -17.36449146692835 -17.36449146692835 -17.36449146692835 -17.36449146692835 -17.36449146692835 -17.36449146692835 -17.36449146692835 -17.36449146692835 -17.36449146692835
3.0904522613065324 -17.36084865156074 -17.36084865156074 -17.36084865156074 -17.36084865156074 -17.36084865156074 -17.36084865156074 -17.36084865156074 -17.36084865156074 -17.36084865156074 -17.36084865156074 -17.36084865156074 -17.36084865156074 -17.36084865156074
3.165829145728643 -17.357205836193135 -17.357205836193135 -17.357205836193135 -17.357205836193135 -17.357205836193135 -17.357205836193135 -17.357205836193135 -17.357205836193135 -17.357205836193135 -17.357205836193135 -17.357205836193135 -17.357205836193135 -17.357205836193135
3.2412060301507535 -17.353563020825526 -17.353563020825526 -17.353563020825526 -17.353563020825526 -17.353563020825526 -17.353563020825526 -17.353563020825526 -17.353563020825526 -17.353563020825526 -17.353563020825526 -17.353563020825526 -17.353563020825526 -17.353563020825526
3.316582914572864 -17.34992020545792 -17.34992020545792 -17.34992020545792 -17.34992020545792 -17.34992020545792 -17.34992020545792 -17.34992020545792 -17.34992020545792 -17.34992020545792 -17.34992020545792 -17.34992020545792 -17.34992020545792 -17.34992020545792
3.3919597989949746 -17.34627739009031 -17.34627739009031 -17.34627739009031 -17.34627739009031 -17.34627739009031 -17.34627739009031 -17.34627739009031 -17.34627739009031 -17.34627739009031 -17.34627739009031 -17.34627739009031 -17.34627739009031 -17.34627739009031
3.467336683417085 -17.3426345747227 -17.3426345747227 -17.3426345747227 -17.3426345747227 -17.3426345747227 -17.3426345747227 -17.3426345747227 -17.3426345747227 -17.3426345747227 -17.3426345747227 -17.3426345747227 -17.3426345747227 -17.3426345747227
3.5427135678391957 -17.338991759355096 -17.338991759355096 -17.338991759355096 -17.338991759355096 -17.338991759355096 -17.338991759355096 -17.338991759355096 -17.338991759355096 -17.338991759355096 -17.338991759355096 -17.338991759355096 -17.338991759355096 -17.338991759355096
3.618090452261306 -17.335348943987487 -17.335348943987487 -17.335348943987487 -17.335348943987487 -17.335348943987487 -17.335348943987487 -17.335348943987487 -17.335348943987487 -17.335348943987487 -17.335348943987487 -17.335348943987487 -17.335348943987487 -17.335348943987487
3.6934673366834168 -17.33170612861988 -17.33170612861988 -17.33170612861988 -17.33170612861988 -17.33170612861988 -17.33170612861988 -17.33170612861988 -17.33170612861988 -17.33170612861988 -17.33170612861988 -17.33170612861988 -17.33170612861988 -17.33170612861988
3.7688442211055273 -17.328063313252272 -17.328063313252272 -17.328063313252272 -17.328063313252272 -17.328063313252272 -17.328063313252272 -17.328063313252272 -17.328063313252272 -17.328063313252272 -17.328063313252272 -17.328063313252272 -17.328063313252272 -17.328063313252272
3.844221105527638 -17.324420497884667 -17.324420497884667 -17.324420497884667 -17.324420497884667 -17.324420497884667 -17.324420497884667 -17.324420497884667 -17.324420497884667 -17.324420497884667 -17.324420497884667 -17.324420497884667 -17.324420497884667 -17.324420497884667
3.9195979899497484 -17.320777682517058 -17.320777682517058 -17.320777682517058 -17.320777682517058 -17.320777682517058 -17.320777682517058 -17.320777682517058 -17.320777682517058 -17.320777682517058 -17.320777682517058 -17.320777682517058 -17.320777682517058 -17.320777682517058
3.994974874371859 -17.31713486714945 -17.31713486714945 -17.31713486714945 -17.31713486714945 -17.31713486714945 -17.31713486714945 -17.31713486714945 -17.31713486714945 -17.31713486714945 -17.31713486714945 -17.31713486714945 -17.31713486714945 -17.31713486714945
4.0703517587939695 -17.313492051781843 -17.313492051781843 -17.313492051781843 -17.313492051781843 -17.313492051781843 -17.313492051781843 -17.313492051781843 -17.313492051781843 -17.313492051781843 -17.313492051781843 -17.313492051781843 -17.313492051781843 -17.313492051781843
4.14572864321608 -17.309849236414234 -17.309849236414234 -17.309849236414234 -17.309849236414234 -17.309849236414234 -17.309849236414234 -17.309849236414234 -17.309849236414234 -17.309849236414234 -17.309849236414234 -17.309849236414234 -17.309849236414234 -17.309849236414234
4.221105527638191 -17.306206421046628 -17.306206421046628 -17.306206421046628 -17.306206421046628 -17.306206421046628 -17.306206421046628 -17.306206421046628 -17.306206421046628 -17.306206421046628 -17.306206421046628 -17.306206421046628 -17.306206421046628 -17.306206421046628
4.296482412060302 -17.30256360567902 -17.30256360567902 -17.30256360567902 -17.30256360567902 -17.30256360567902 -17.30256360567902 -17.30256360567902 -17.30256360567902 -17.30256360567902 -17.30256360567902 -17.30256360567902 -17.30256360567902 -17.30256360567902
4.371859296482412 -17.29892079031141 -17.29892079031141 -17.29892079031141 -17.29892079031141 -17.29892079031141 -17.29892079031141 -17.29892079031141 -17.29892079031141 -17.29892079031141 -17.29892079031141 -17.29892079031141 -17.29892079031141 -17.29892079031141
4.447236180904522 -17.295277974943804 -17.295277974943804 -17.295277974943804 -17.295277974943804 -17.295277974943804 -17.295277974943804 -17.295277974943804 -17.295277974943804 -17.295277974943804 -17.295277974943804 -17.295277974943804 -17.295277974943804 -17.295277974943804
4.522613065326633 -17.291635159576195 -17.291635159576195 -17.291635159576195 -17.291635159576195 -17.291635159576195 -17.291635159576195 -17.291635159576195 -17.291635159576195 -17.291635159576195 -17.291635159576195 -17.291635159576195 -17.291635159576195 -17.291635159576195
4.597989949748744 -17.28799234420859 -17.28799234420859 -17.28799234420859 -17.28799234420859 -17.28799234420859 -17.28799234420859 -17.28799234420859 -17.28799234420859 -17.28799234420859 -17.28799234420859 -17.28799234420859 -17.28799234420859 -17.28799234420859
4.673366834170854 -17.28434952884098 -17.28434952884098 -17.28434952884098 -17.28434952884098 -17.28434952884098 -17.28434952884098 -17.28434952884098 -17.28434952884098 -17.28434952884098 -17.28434952884098 -17.28434952884098 -17.28434952884098 -17.28434952884098
4.748743718592964 -17.280706713473375 -17.280706713473375 -17.280706713473375 -17.280706713473375 -17.280706713473375 -17.280706713473375 -17.280706713473375 -17.280706713473375 -17.280706713473375 -17.280706713473375 -17.280706713473375 -17.280706713473375 -17.280706713473375
4.824120603015075 -17.277063898105766 -17.277063898105766 -17.277063898105766 -17.277063898105766 -17.277063898105766 -17.277063898105766 -17.277063898105766 -17.277063898105766 -17.277063898105766 -17.277063898105766 -17.277063898105766 -17.277063898105766 -17.277063898105766
4.899497487437186 -17.273421082738157 -17.273421082738157 -17.273421082738157 -17.273421082738157 -17.273421082738157 -17.273421082738157 -17.273421082738157 -17.273421082738157 -17.273421082738157 -17.273421082738157 -17.273421082738157 -17.273421082738157 -17.273421082738157
4.974874371859296 -17.26977826737055 -17.26977826737055 -17.26977826737055 -17.26977826737055 -17.26977826737055 -17.26977826737055 -17.26977826737055 -17.26977826737055 -17.26977826737055 -17.26977826737055 -17.26977826737055 -17.26977826737055 -17.26977826737055
5.050251256281406 -17.266135452002942 -17.266135452002942 -17.266135452002942 -17.266135452002942 -17.266135452002942 -17.266135452002942 -17.266135452002942 -17.266135452002942 -17.266135452002942 -17.266135452002942 -17.266135452002942 -17.266135452002942 -17.266135452002942
5.125628140703517 -17.262492636635336 -17.262492636635336 -17.262492636635336 -17.262492636635336 -17.262492636635336 -17.262492636635336 -17.262492636635336 -17.262492636635336 -17.262492636635336 -17.262492636635336 -17.262492636635336 -17.262492636635336 -17.262492636635336
5.201005025125628 -17.258849821267727 -17.258849821267727 -17.258849821267727 -17.258849821267727 -17.258849821267727 -17.258849821267727 -17.258849821267727 -17.258849821267727 -17.258849821267727 -17.258849821267727 -17.258849821267727 -17.258849821267727 -17.258849821267727
5.276381909547738 -17.25520700590012 -17.25520700590012 -17.25520700590012 -17.25520700590012 -17.25520700590012 -17.25520700590012 -17.25520700590012 -17.25520700590012 -17.25520700590012 -17.25520700590012 -17.25520700590012 -17.25520700590012 -17.25520700590012
5.351758793969848 -17.251564190532513 -17.251564190532513 -17.251564190532513 -17.251564190532513 -17.251564190532513 -17.251564190532513 -17.251564190532513 -17.251564190532513 -17.251564190532513 -17.251564190532513 -17.251564190532513 -17.251564190532513 -17.251564190532513
5.427135678391959 -17.247921375164903 -17.247921375164903 -17.247921375164903 -17.247921375164903 -17.247921375164903 -17.247921375164903 -17.247921375164903 -17.247921375164903 -17.247921375164903 -17.247921375164903 -17.247921375164903 -17.247921375164903 -17.247921375164903
5.50251256281407 -17.244278559797298 -17.244278559797298 -17.244278559797298 -17.244278559797298 -17.244278559797298 -17.244278559797298 -17.244278559797298 -17.244278559797298 -17.244278559797298 -17.244278559797298 -17.244278559797298 -17.244278559797298 -17.244278559797298
5.57788944723618 -17.24063574442969 -17.24063574442969 -17.24063574442969 -17.24063574442969 -17.24063574442969 -17.24063574442969 -17.24063574442969 -17.24063574442969 -17.24063574442969 -17.24063574442969 -17.24063574442969 -17.24063574442969 -17.24063574442969
5.6532663316582905 -17.236992929062083 -17.236992929062083 -17.236992929062083 -17.236992929062083 -17.236992929062083 -17.236992929062083 -17.236992929062083 -17.236992929062083 -17.236992929062083 -17.236992929062083 -17.236992929062083 -17.236992929062083 -17.236992929062083
5.7286432160804015 -17.233350113694474 -17.233350113694474 -17.233350113694474 -17.233350113694474 -17.233350113694474 -17.233350113694474 -17.233350113694474 -17.233350113694474 -17.233350113694474 -17.233350113694474 -17.233350113694474 -17.233350113694474 -17.233350113694474
5.8040201005025125 -17.22970729832687 -17.22970729832687 -17.22970729832687 -17.22970729832687 -17.22970729832687 -17.22970729832687 -17.22970729832687 -17.22970729832687 -17.22970729832687 -17.22970729832687 -17.22970729832687 -17.22970729832687 -17.22970729832687
5.879396984924623 -17.22606448295926 -17.22606448295926 -17.22606448295926 -17.22606448295926 -17.22606448295926 -17.22606448295926 -17.22606448295926 -17.22606448295926 -17.22606448295926 -17.22606448295926 -17.22606448295926 -17.22606448295926 -17.22606448295926
5.954773869346733 -17.22242166759165 -17.22242166759165 -17.22242166759165 -17.22242166759165 -17.22242166759165 -17.22242166759165 -17.22242166759165 -17.22242166759165 -17.22242166759165 -17.22242166759165 -17.22242166759165 -17.22242166759165 -17.22242166759165
6.030150753768844 -17.218778852224045 -17.218778852224045 -17.218778852224045 -17.218778852224045 -17.218778852224045 -17.218778852224045 -17.218778852224045 -17.218778852224045 -17.218778852224045 -17.218778852224045 -17.218778852224045 -17.218778852224045 -17.218778852224045
6.105527638190955 -17.215136036856435 -17.215136036856435 -17.215136036856435 -17.215136036856435 -17.215136036856435 -17.215136036856435 -17.215136036856435 -17.215136036856435 -17.215136036856435 -17.215136036856435 -17.215136036856435 -17.215136036856435 -17.215136036856435
6.180904522613065 -17.21149322148883 -17.21149322148883 -17.21149322148883 -17.21149322148883 -17.21149322148883 -17.21149322148883 -17.21149322148883 -17.21149322148883 -17.21149322148883 -17.21149322148883 -17.21149322148883 -17.21149322148883 -17.21149322148883
6.256281407035175 -17.20785040612122 -17.20785040612122 -17.20785040612122 -17.20785040612122 -17.20785040612122 -17.20785040612122 -17.20785040612122 -17.20785040612122 -17.20785040612122 -17.20785040612122 -17.20785040612122 -17.20785040612122 -17.20785040612122
6.331658291457286 -17.20420759075361 -17.20420759075361 -17.20420759075361 -17.20420759075361 -17.20420759075361 -17.20420759075361 -17.20420759075361 -17.20420759075361 -17.20420759075361 -17.20420759075361 -17.20420759075361 -17.20420759075361 -17.20420759075361
6.407035175879397 -17.200564775386006 -17.200564775386006 -17.200564775386006 -17.200564775386006 -17.200564775386006 -17.200564775386006 -17.200564775386006 -17.200564775386006 -17.200564775386006 -17.200564775386006 -17.200564775386006 -17.200564775386006 -17.200564775386006
6.482412060301507 -17.196921960018397 -17.196921960018397 -17.196921960018397 -17.196921960018397 -17.196921960018397 -17.196921960018397 -17.196921960018397 -17.196921960018397 -17.196921960018397 -17.196921960018397 -17.196921960018397 -17.196921960018397 -17.196921960018397
6.557788944723617 -17.19327914465079 -17.19327914465079 -17.19327914465079 -17.19327914465079 -17.19327914465079 -17.19327914465079 -17.19327914465079 -17.19327914465079 -17.19327914465079 -17.19327914465079 -17.19327914465079 -17.19327914465079 -17.19327914465079
6.633165829145728 -17.189636329283182 -17.189636329283182 -17.189636329283182 -17.189636329283182 -17.189636329283182 -17.189636329283182 -17.189636329283182 -17.189636329283182 -17.189636329283182 -17.189636329283182 -17.189636329283182 -17.189636329283182 -17.189636329283182
6.708542713567839 -17.185993513915577 -17.185993513915577 -17.185993513915577 -17.185993513915577 -17.185993513915577 -17.185993513915577 -17.185993513915577 -17.185993513915577 -17.185993513915577 -17.185993513915577 -17.185993513915577 -17.185993513915577 -17.185993513915577
6.783919597989949 -17.182350698547967 -17.182350698547967 -17.182350698547967 -17.182350698547967 -17.182350698547967 -17.182350698547967 -17.182350698547967 -17.182350698547967 -17.182350698547967 -17.182350698547967 -17.182350698547967 -17.182350698547967 -17.182350698547967
6.859296482412059 -17.17870788318036 -17.17870788318036 -17.17870788318036 -17.17870788318036 -17.17870788318036 -17.17870788318036 -17.17870788318036 -17.17870788318036 -17.17870788318036 -17.17870788318036 -17.17870788318036 -17.17870788318036 -17.17870788318036
6.93467336683417 -17.175065067812753 -17.175065067812753 -17.175065067812753 -17.175065067812753 -17.175065067812753 -17.175065067812753 -17.175065067812753 -17.175065067812753 -17.175065067812753 -17.175065067812753 -17.175065067812753 -17.175065067812753 -17.175065067812753
7.010050251256281 -17.171422252445144 -17.171422252445144 -17.171422252445144 -17.171422252445144 -17.171422252445144 -17.171422252445144 -17.171422252445144 -17.171422252445144 -17.171422252445144 -17.171422252445144 -17.171422252445144 -17.171422252445144 -17.171422252445144
7.085427135678391 -17.167779437077538 -17.167779437077538 -17.167779437077538 -17.167779437077538 -17.167779437077538 -17.167779437077538 -17.167779437077538 -17.167779437077538 -17.167779437077538 -17.167779437077538 -17.167779437077538 -17.167779437077538 -17.167779437077538
7.160804020100501 -17.16413662170993 -17.16413662170993 -17.16413662170993 -17.16413662170993 -17.16413662170993 -17.16413662170993 -17.16413662170993 -17.16413662170993 -17.16413662170993 -17.16413662170993 -17.16413662170993 -17.16413662170993 -17.16413662170993
7.236180904522612 -17.160493806342323 -17.160493806342323 -17.160493806342323 -17.160493806342323 -17.160493806342323 -17.160493806342323 -17.160493806342323 -17.160493806342323 -17.160493806342323 -17.160493806342323 -17.160493806342323 -17.160493806342323 -17.160493806342323
7.311557788944723 -17.156850990974714 -17.156850990974714 -17.156850990974714 -17.156850990974714 -17.156850990974714 -17.156850990974714 -17.156850990974714 -17.156850990974714 -17.156850990974714 -17.156850990974714 -17.156850990974714 -17.156850990974714 -17.156850990974714
7.3869346733668335 -17.153208175607105 -17.153208175607105 -17.153208175607105 -17.153208175607105 -17.153208175607105 -17.153208175607105 -17.153208175607105 -17.153208175607105 -17.153208175607105 -17.153208175607105 -17.153208175607105 -17.153208175607105 -17.153208175607105
7.462311557788944 -17.1495653602395 -17.1495653602395 -17.1495653602395 -17.1495653602395 -17.1495653602395 -17.1495653602395 -17.1495653602395 -17.1495653602395 -17.1495653602395 -17.1495653602395 -17.1495653602395 -17.1495653602395 -17.1495653602395
7.537688442211055 -17.14592254487189 -17.14592254487189 -17.14592254487189 -17.14592254487189 -17.14592254487189 -17.14592254487189 -17.14592254487189 -17.14592254487189 -17.14592254487189 -17.14592254487189 -17.14592254487189 -17.14592254487189 -17.14592254487189
7.613065326633166 -17.142279729504285 -17.142279729504285 -17.142279729504285 -17.142279729504285 -17.142279729504285 -17.142279729504285 -17.142279729504285 -17.142279729504285 -17.142279729504285 -17.142279729504285 -17.142279729504285 -17.142279729504285 -17.142279729504285
7.688442211055276 -17.138636914136676 -17.138636914136676 -17.138636914136676 -17.138636914136676 -17.138636914136676 -17.138636914136676 -17.138636914136676 -17.138636914136676 -17.138636914136676 -17.138636914136676 -17.138636914136676 -17.138636914136676 -17.138636914136676
7.763819095477386 -17.13499409876907 -17.13499409876907 -17.13499409876907 -17.13499409876907 -17.13499409876907 -17.13499409876907 -17.13499409876907 -17.13499409876907 -17.13499409876907 -17.13499409876907 -17.13499409876907 -17.13499409876907 -17.13499409876907
7.839195979899497 -17.13135128340146 -17.13135128340146 -17.13135128340146 -17.13135128340146 -17.13135128340146 -17.13135128340146 -17.13135128340146 -17.13135128340146 -17.13135128340146 -17.13135128340146 -17.13135128340146 -17.13135128340146 -17.13135128340146
7.914572864321608 -17.127708468033852 -17.127708468033852 -17.127708468033852 -17.127708468033852 -17.127708468033852 -17.127708468033852 -17.127708468033852 -17.127708468033852 -17.127708468033852 -17.127708468033852 -17.127708468033852 -17.127708468033852 -17.127708468033852
7.989949748743718 -17.124065652666246 -17.124065652666246 -17.124065652666246 -17.124065652666246 -17.124065652666246 -17.124065652666246 -17.124065652666246 -17.124065652666246 -17.124065652666246 -17.124065652666246 -17.124065652666246 -17.124065652666246 -17.124065652666246
8.065326633165828 -17.120422837298637 -17.120422837298637 -17.120422837298637 -17.120422837298637 -17.120422837298637 -17.120422837298637 -17.120422837298637 -17.120422837298637 -17.120422837298637 -17.120422837298637 -17.120422837298637 -17.120422837298637 -17.120422837298637
8.140703517587939 -17.11678002193103 -17.11678002193103 -17.11678002193103 -17.11678002193103 -17.11678002193103 -17.11678002193103 -17.11678002193103 -17.11678002193103 -17.11678002193103 -17.11678002193103 -17.11678002193103 -17.11678002193103 -17.11678002193103
8.21608040201005 -17.113137206563422 -17.113137206563422 -17.113137206563422 -17.113137206563422 -17.113137206563422 -17.113137206563422 -17.113137206563422 -17.113137206563422 -17.113137206563422 -17.113137206563422 -17.113137206563422 -17.113137206563422 -17.113137206563422
8.29145728643216 -17.109494391195813 -17.109494391195813 -17.109494391195813 -17.109494391195813 -17.109494391195813 -17.109494391195813 -17.109494391195813 -17.109494391195813 -17.109494391195813 -17.109494391195813 -17.109494391195813 -17.109494391195813 -17.109494391195813
8.36683417085427 -17.105851575828208 -17.105851575828208 -17.105851575828208 -17.105851575828208 -17.105851575828208 -17.105851575828208 -17.105851575828208 -17.105851575828208 -17.105851575828208 -17.105851575828208 -17.105851575828208 -17.105851575828208 -17.105851575828208
8.442211055276381 -17.1022087604606 -17.1022087604606 -17.1022087604606 -17.1022087604606 -17.1022087604606 -17.1022087604606 -17.1022087604606 -17.1022087604606 -17.1022087604606 -17.1022087604606 -17.1022087604606 -17.1022087604606 -17.1022087604606
8.517587939698492 -17.098565945092993 -17.098565945092993 -17.098565945092993 -17.098565945092993 -17.098565945092993 -17.098565945092993 -17.098565945092993 -17.098565945092993 -17.098565945092993 -17.098565945092993 -17.098565945092993 -17.098565945092993 -17.098565945092993
8.592964824120603 -17.094923129725384 -17.094923129725384 -17.094923129725384 -17.094923129725384 -17.094923129725384 -17.094923129725384 -17.094923129725384 -17.094923129725384 -17.094923129725384 -17.094923129725384 -17.094923129725384 -17.094923129725384 -17.094923129725384
8.668341708542712 -17.09128031435778 -17.09128031435778 -17.09128031435778 -17.09128031435778 -17.09128031435778 -17.09128031435778 -17.09128031435778 -17.09128031435778 -17.09128031435778 -17.09128031435778 -17.09128031435778 -17.09128031435778 -17.09128031435778
8.743718592964823 -17.08763749899017 -17.08763749899017 -17.08763749899017 -17.08763749899017 -17.08763749899017 -17.08763749899017 -17.08763749899017 -17.08763749899017 -17.08763749899017 -17.08763749899017 -17.08763749899017 -17.08763749899017 -17.08763749899017
8.819095477386934 -17.08399468362256 -17.08399468362256 -17.08399468362256 -17.08399468362256 -17.08399468362256 -17.08399468362256 -17.08399468362256 -17.08399468362256 -17.08399468362256 -17.08399468362256 -17.08399468362256 -17.08399468362256 -17.08399468362256
8.894472361809044 -17.080351868254954 -17.080351868254954 -17.080351868254954 -17.080351868254954 -17.080351868254954 -17.080351868254954 -17.080351868254954 -17.080351868254954 -17.080351868254954 -17.080351868254954 -17.080351868254954 -17.080351868254954 -17.080351868254954
8.969849246231155 -17.076709052887345 -17.076709052887345 -17.076709052887345 -17.076709052887345 -17.076709052887345 -17.076709052887345 -17.076709052887345 -17.076709052887345 -17.076709052887345 -17.076709052887345 -17.076709052887345 -17.076709052887345 -17.076709052887345
9.045226130653266 -17.07306623751974 -17.07306623751974 -17.07306623751974 -17.07306623751974 -17.07306623751974 -17.07306623751974 -17.07306623751974 -17.07306623751974 -17.07306623751974 -17.07306623751974 -17.07306623751974 -17.07306623751974 -17.07306623751974
9.120603015075377 -17.06942342215213 -17.06942342215213 -17.06942342215213 -17.06942342215213 -17.06942342215213 -17.06942342215213 -17.06942342215213 -17.06942342215213 -17.06942342215213 -17.06942342215213 -17.06942342215213 -17.06942342215213 -17.06942342215213
9.195979899497488 -17.065780606784525 -17.065780606784525 -17.065780606784525 -17.065780606784525 -17.065780606784525 -17.065780606784525 -17.065780606784525 -17.065780606784525 -17.065780606784525 -17.065780606784525 -17.065780606784525 -17.065780606784525 -17.065780606784525
9.271356783919597 -17.062137791416916 -17.062137791416916 -17.062137791416916 -17.062137791416916 -17.062137791416916 -17.062137791416916 -17.062137791416916 -17.062137791416916 -17.062137791416916 -17.062137791416916 -17.062137791416916 -17.062137791416916 -17.062137791416916
9.346733668341708 -17.058494976049307 -17.058494976049307 -17.058494976049307 -17.058494976049307 -17.058494976049307 -17.058494976049307 -17.058494976049307 -17.058494976049307 -17.058494976049307 -17.058494976049307 -17.058494976049307 -17.058494976049307 -17.058494976049307
9.422110552763819 -17.0548521606817 -17.0548521606817 -17.0548521606817 -17.0548521606817 -17.0548521606817 -17.0548521606817 -17.0548521606817 -17.0548521606817 -17.0548521606817 -17.0548521606817 -17.0548521606817 -17.0548521606817 -17.0548521606817
9.497487437185928 -17.051209345314092 -17.051209345314092 -17.051209345314092 -17.051209345314092 -17.051209345314092 -17.051209345314092 -17.051209345314092 -17.051209345314092 -17.051209345314092 -17.051209345314092 -17.051209345314092 -17.051209345314092 -17.051209345314092
9.572864321608039 -17.047566529946486 -17.047566529946486 -17.047566529946486 -17.047566529946486 -17.047566529946486 -17.047566529946486 -17.047566529946486 -17.047566529946486 -17.047566529946486 -17.047566529946486 -17.047566529946486 -17.047566529946486 -17.047566529946486
9.64824120603015 -17.043923714578877 -17.043923714578877 -17.043923714578877 -17.043923714578877 -17.043923714578877 -17.043923714578877 -17.043923714578877 -17.043923714578877 -17.043923714578877 -17.043923714578877 -17.043923714578877 -17.043923714578877 -17.043923714578877
9.72361809045226 -17.040280899211268 -17.040280899211268 -17.040280899211268 -17.040280899211268 -17.040280899211268 -17.040280899211268 -17.040280899211268 -17.040280899211268 -17.040280899211268 -17.040280899211268 -17.040280899211268 -17.040280899211268 -17.040280899211268
9.798994974874372 -17.036638083843663 -17.036638083843663 -17.036638083843663 -17.036638083843663 -17.036638083843663 -17.036638083843663 -17.036638083843663 -17.036638083843663 -17.036638083843663 -17.036638083843663 -17.036638083843663 -17.036638083843663 -17.036638083843663
9.874371859296481 -17.032995268476053 -17.032995268476053 -17.032995268476053 -17.032995268476053 -17.032995268476053 -17.032995268476053 -17.032995268476053 -17.032995268476053 -17.032995268476053 -17.032995268476053 -17.032995268476053 -17.032995268476053 -17.032995268476053
9.949748743718592 -17.029352453108448 -17.029352453108448 -17.029352453108448 -17.029352453108448 -17.029352453108448 -17.029352453108448 -17.029352453108448 -17.029352453108448 -17.029352453108448 -17.029352453108448 -17.029352453108448 -17.029352453108448 -17.029352453108448
10.025125628140703 -17.02570963774084 -17.02570963774084 -17.02570963774084 -17.02570963774084 -17.02570963774084 -17.02570963774084 -17.02570963774084 -17.02570963774084 -17.02570963774084 -17.02570963774084 -17.02570963774084 -17.02570963774084 -17.02570963774084
10.100502512562812 -17.022066822373233 -17.022066822373233 -17.022066822373233 -17.022066822373233 -17.022066822373233 -17.022066822373233 -17.022066822373233 -17.022066822373233 -17.022066822373233 -17.022066822373233 -17.022066822373233 -17.022066822373233 -17.022066822373233
10.175879396984923 -17.018424007005624 -17.018424007005624 -17.018424007005624 -17.018424007005624 -17.018424007005624 -17.018424007005624 -17.018424007005624 -17.018424007005624 -17.018424007005624 -17.018424007005624 -17.018424007005624 -17.018424007005624 -17.018424007005624
10.251256281407034 -17.014781191638015 -17.014781191638015 -17.014781191638015 -17.014781191638015 -17.014781191638015 -17.014781191638015 -17.014781191638015 -17.014781191638015 -17.014781191638015 -17.014781191638015 -17.014781191638015 -17.014781191638015 -17.014781191638015
10.326633165829145 -17.01113837627041 -17.01113837627041 -17.01113837627041 -17.01113837627041 -17.01113837627041 -17.01113837627041 -17.01113837627041 -17.01113837627041 -17.01113837627041 -17.01113837627041 -17.01113837627041 -17.01113837627041 -17.01113837627041
10.402010050251256 -17.0074955609028 -17.0074955609028 -17.0074955609028 -17.0074955609028 -17.0074955609028 -17.0074955609028 -17.0074955609028 -17.0074955609028 -17.0074955609028 -17.0074955609028 -17.0074955609028 -17.0074955609028 -17.0074955609028
10.477386934673365 -17.003852745535195 -17.003852745535195 -17.003852745535195 -17.003852745535195 -17.003852745535195 -17.003852745535195 -17.003852745535195 -17.003852745535195 -17.003852745535195 -17.003852745535195 -17.003852745535195 -17.003852745535195 -17.003852745535195
10.552763819095476 -17.000209930167586 -17.000209930167586 -17.000209930167586 -17.000209930167586 -17.000209930167586 -17.000209930167586 -17.000209930167586 -17.000209930167586 -17.000209930167586 -17.000209930167586 -17.000209930167586 -17.000209930167586 -17.000209930167586
10.628140703517587 -16.99656711479998 -16.99656711479998 -16.99656711479998 -16.99656711479998 -16.99656711479998 -16.99656711479998 -16.99656711479998 -16.99656711479998 -16.99656711479998 -16.99656711479998 -16.99656711479998 -16.99656711479998 -16.99656711479998
10.703517587939697 -16.99292429943237 -16.99292429943237 -16.99292429943237 -16.99292429943237 -16.99292429943237 -16.99292429943237 -16.99292429943237 -16.99292429943237 -16.99292429943237 -16.99292429943237 -16.99292429943237 -16.99292429943237 -16.99292429943237
10.778894472361808 -16.98928148406476 -16.98928148406476 -16.98928148406476 -16.98928148406476 -16.98928148406476 -16.98928148406476 -16.98928148406476 -16.98928148406476 -16.98928148406476 -16.98928148406476 -16.98928148406476 -16.98928148406476 -16.98928148406476
10.854271356783919 -16.985638668697156 -16.985638668697156 -16.985638668697156 -16.985638668697156 -16.985638668697156 -16.985638668697156 -16.985638668697156 -16.985638668697156 -16.985638668697156 -16.985638668697156 -16.985638668697156 -16.985638668697156 -16.985638668697156
10.92964824120603 -16.981995853329547 -16.981995853329547 -16.981995853329547 -16.981995853329547 -16.981995853329547 -16.981995853329547 -16.981995853329547 -16.981995853329547 -16.981995853329547 -16.981995853329547 -16.981995853329547 -16.981995853329547 -16.981995853329547
11.00502512562814 -16.97835303796194 -16.97835303796194 -16.97835303796194 -16.97835303796194 -16.97835303796194 -16.97835303796194 -16.97835303796194 -16.97835303796194 -16.97835303796194 -16.97835303796194 -16.97835303796194 -16.97835303796194 -16.97835303796194
11.08040201005025 -16.974710222594332 -16.974710222594332 -16.974710222594332 -16.974710222594332 -16.974710222594332 -16.974710222594332 -16.974710222594332 -16.974710222594332 -16.974710222594332 -16.974710222594332 -16.974710222594332 -16.974710222594332 -16.974710222594332
11.15577889447236 -16.971067407226727 -16.971067407226727 -16.971067407226727 -16.971067407226727 -16.971067407226727 -16.971067407226727 -16.971067407226727 -16.971067407226727 -16.971067407226727 -16.971067407226727 -16.971067407226727 -16.971067407226727 -16.971067407226727
11.231155778894472 -16.967424591859118 -16.967424591859118 -16.967424591859118 -16.967424591859118 -16.967424591859118 -16.967424591859118 -16.967424591859118 -16.967424591859118 -16.967424591859118 -16.967424591859118 -16.967424591859118 -16.967424591859118 -16.967424591859118
11.306532663316581 -16.96378177649151 -16.96378177649151 -16.96378177649151 -16.96378177649151 -16.96378177649151 -16.96378177649151 -16.96378177649151 -16.96378177649151 -16.96378177649151 -16.96378177649151 -16.96378177649151 -16.96378177649151 -16.96378177649151
11.381909547738692 -16.960138961123903 -16.960138961123903 -16.960138961123903 -16.960138961123903 -16.960138961123903 -16.960138961123903 -16.960138961123903 -16.960138961123903 -16.960138961123903 -16.960138961123903 -16.960138961123903 -16.960138961123903 -16.960138961123903
11.457286432160803 -16.956496145756294 -16.956496145756294 -16.956496145756294 -16.956496145756294 -16.956496145756294 -16.956496145756294 -16.956496145756294 -16.956496145756294 -16.956496145756294 -16.956496145756294 -16.956496145756294 -16.956496145756294 -16.956496145756294
11.532663316582914 -16.952853330388688 -16.952853330388688 -16.952853330388688 -16.952853330388688 -16.952853330388688 -16.952853330388688 -16.952853330388688 -16.952853330388688 -16.952853330388688 -16.952853330388688 -16.952853330388688 -16.952853330388688 -16.952853330388688
11.608040201005025 -16.94921051502108 -16.94921051502108 -16.94921051502108 -16.94921051502108 -16.94921051502108 -16.94921051502108 -16.94921051502108 -16.94921051502108 -16.94921051502108 -16.94921051502108 -16.94921051502108 -16.94921051502108 -16.94921051502108
11.683417085427134 -16.94556769965347 -16.94556769965347 -16.94556769965347 -16.94556769965347 -16.94556769965347 -16.94556769965347 -16.94556769965347 -16.94556769965347 -16.94556769965347 -16.94556769965347 -16.94556769965347 -16.94556769965347 -16.94556769965347
11.758793969849245 -16.941924884285864 -16.941924884285864 -16.941924884285864 -16.941924884285864 -16.941924884285864 -16.941924884285864 -16.941924884285864 -16.941924884285864 -16.941924884285864 -16.941924884285864 -16.941924884285864 -16.941924884285864 -16.941924884285864
11.834170854271356 -16.938282068918255 -16.938282068918255 -16.938282068918255 -16.938282068918255 -16.938282068918255 -16.938282068918255 -16.938282068918255 -16.938282068918255 -16.938282068918255 -16.938282068918255 -16.938282068918255 -16.938282068918255 -16.938282068918255
11.909547738693465 -16.93463925355065 -16.93463925355065 -16.93463925355065 -16.93463925355065 -16.93463925355065 -16.93463925355065 -16.93463925355065 -16.93463925355065 -16.93463925355065 -16.93463925355065 -16.93463925355065 -16.93463925355065 -16.93463925355065
11.984924623115576 -16.93099643818304 -16.93099643818304 -16.93099643818304 -16.93099643818304 -16.93099643818304 -16.93099643818304 -16.93099643818304 -16.93099643818304 -16.93099643818304 -16.93099643818304 -16.93099643818304 -16.93099643818304 -16.93099643818304
12.060301507537687 -16.927353622815435 -16.927353622815435 -16.927353622815435 -16.927353622815435 -16.927353622815435 -16.927353622815435 -16.927353622815435 -16.927353622815435 -16.927353622815435 -16.927353622815435 -16.927353622815435 -16.927353622815435 -16.927353622815435
12.135678391959798 -16.923710807447826 -16.923710807447826 -16.923710807447826 -16.923710807447826 -16.923710807447826 -16.923710807447826 -16.923710807447826 -16.923710807447826 -16.923710807447826 -16.923710807447826 -16.923710807447826 -16.923710807447826 -16.923710807447826
12.21105527638191 -16.920067992080217 -16.920067992080217 -16.920067992080217 -16.920067992080217 -16.920067992080217 -16.920067992080217 -16.920067992080217 -16.920067992080217 -16.920067992080217 -16.920067992080217 -16.920067992080217 -16.920067992080217 -16.920067992080217
12.286432160804019 -16.91642517671261 -16.91642517671261 -16.91642517671261 -16.91642517671261 -16.91642517671261 -16.91642517671261 -16.91642517671261 -16.91642517671261 -16.91642517671261 -16.91642517671261 -16.91642517671261 -16.91642517671261 -16.91642517671261
12.36180904522613 -16.912782361345002 -16.912782361345002 -16.912782361345002 -16.912782361345002 -16.912782361345002 -16.912782361345002 -16.912782361345002 -16.912782361345002 -16.912782361345002 -16.912782361345002 -16.912782361345002 -16.912782361345002 -16.912782361345002
12.43718592964824 -16.909139545977396 -16.909139545977396 -16.909139545977396 -16.909139545977396 -16.909139545977396 -16.909139545977396 -16.909139545977396 -16.909139545977396 -16.909139545977396 -16.909139545977396 -16.909139545977396 -16.909139545977396 -16.909139545977396
12.51256281407035 -16.905496730609787 -16.905496730609787 -16.905496730609787 -16.905496730609787 -16.905496730609787 -16.905496730609787 -16.905496730609787 -16.905496730609787 -16.905496730609787 -16.905496730609787 -16.905496730609787 -16.905496730609787 -16.905496730609787
12.58793969849246 -16.90185391524218 -16.90185391524218 -16.90185391524218 -16.90185391524218 -16.90185391524218 -16.90185391524218 -16.90185391524218 -16.90185391524218 -16.90185391524218 -16.90185391524218 -16.90185391524218 -16.90185391524218 -16.90185391524218
12.663316582914572 -16.898211099874572 -16.898211099874572 -16.898211099874572 -16.898211099874572 -16.898211099874572 -16.898211099874572 -16.898211099874572 -16.898211099874572 -16.898211099874572 -16.898211099874572 -16.898211099874572 -16.898211099874572 -16.898211099874572
12.738693467336683 -16.894568284506963 -16.894568284506963 -16.894568284506963 -16.894568284506963 -16.894568284506963 -16.894568284506963 -16.894568284506963 -16.894568284506963 -16.894568284506963 -16.894568284506963 -16.894568284506963 -16.894568284506963 -16.894568284506963
12.814070351758794 -16.890925469139358 -16.890925469139358 -16.890925469139358 -16.890925469139358 -16.890925469139358 -16.890925469139358 -16.890925469139358 -16.890925469139358 -16.890925469139358 -16.890925469139358 -16.890925469139358 -16.890925469139358 -16.890925469139358
12.889447236180903 -16.88728265377175 -16.88728265377175 -16.88728265377175 -16.88728265377175 -16.88728265377175 -16.88728265377175 -16.88728265377175 -16.88728265377175 -16.88728265377175 -16.88728265377175 -16.88728265377175 -16.88728265377175 -16.88728265377175
12.964824120603014 -16.883639838404143 -16.883639838404143 -16.883639838404143 -16.883639838404143 -16.883639838404143 -16.883639838404143 -16.883639838404143 -16.883639838404143 -16.883639838404143 -16.883639838404143 -16.883639838404143 -16.883639838404143 -16.883639838404143
13.040201005025125 -16.879997023036534 -16.879997023036534 -16.879997023036534 -16.879997023036534 -16.879997023036534 -16.879997023036534 -16.879997023036534 -16.879997023036534 -16.879997023036534 -16.879997023036534 -16.879997023036534 -16.879997023036534 -16.879997023036534
13.115577889447234 -16.876354207668925 -16.876354207668925 -16.876354207668925 -16.876354207668925 -16.876354207668925 -16.876354207668925 -16.876354207668925 -16.876354207668925 -16.876354207668925 -16.876354207668925 -16.876354207668925 -16.876354207668925 -16.876354207668925
13.190954773869345 -16.87271139230132 -16.87271139230132 -16.87271139230132 -16.87271139230132 -16.87271139230132 -16.87271139230132 -16.87271139230132 -16.87271139230132 -16.87271139230132 -16.87271139230132 -16.87271139230132 -16.87271139230132 -16.87271139230132
13.266331658291456 -16.86906857693371 -16.86906857693371 -16.86906857693371 -16.86906857693371 -16.86906857693371 -16.86906857693371 -16.86906857693371 -16.86906857693371 -16.86906857693371 -16.86906857693371 -16.86906857693371 -16.86906857693371 -16.86906857693371
13.341708542713567 -16.865425761566105 -16.865425761566105 -16.865425761566105 -16.865425761566105 -16.865425761566105 -16.865425761566105 -16.865425761566105 -16.865425761566105 -16.865425761566105 -16.865425761566105 -16.865425761566105 -16.865425761566105 -16.865425761566105
13.417085427135678 -16.861782946198495 -16.861782946198495 -16.861782946198495 -16.861782946198495 -16.861782946198495 -16.861782946198495 -16.861782946198495 -16.861782946198495 -16.861782946198495 -16.861782946198495 -16.861782946198495 -16.861782946198495 -16.861782946198495
13.492462311557787 -16.85814013083089 -16.85814013083089 -16.85814013083089 -16.85814013083089 -16.85814013083089 -16.85814013083089 -16.85814013083089 -16.85814013083089 -16.85814013083089 -16.85814013083089 -16.85814013083089 -16.85814013083089 -16.85814013083089
13.567839195979898 -16.85449731546328 -16.85449731546328 -16.85449731546328 -16.85449731546328 -16.85449731546328 -16.85449731546328 -16.85449731546328 -16.85449731546328 -16.85449731546328 -16.85449731546328 -16.85449731546328 -16.85449731546328 -16.85449731546328
13.64321608040201 -16.85085450009567 -16.85085450009567 -16.85085450009567 -16.85085450009567 -16.85085450009567 -16.85085450009567 -16.85085450009567 -16.85085450009567 -16.85085450009567 -16.85085450009567 -16.85085450009567 -16.85085450009567 -16.85085450009567
13.718592964824118 -16.847211684728066 -16.847211684728066 -16.847211684728066 -16.847211684728066 -16.847211684728066 -16.847211684728066 -16.847211684728066 -16.847211684728066 -16.847211684728066 -16.847211684728066 -16.847211684728066 -16.847211684728066 -16.847211684728066
13.79396984924623 -16.843568869360457 -16.843568869360457 -16.843568869360457 -16.843568869360457 -16.843568869360457 -16.843568869360457 -16.843568869360457 -16.843568869360457 -16.843568869360457 -16.843568869360457 -16.843568869360457 -16.843568869360457 -16.843568869360457
13.86934673366834 -16.83992605399285 -16.83992605399285 -16.83992605399285 -16.83992605399285 -16.83992605399285 -16.83992605399285 -16.83992605399285 -16.83992605399285 -16.83992605399285 -16.83992605399285 -16.83992605399285 -16.83992605399285 -16.83992605399285
13.944723618090451 -16.836283238625242 -16.836283238625242 -16.836283238625242 -16.836283238625242 -16.836283238625242 -16.836283238625242 -16.836283238625242 -16.836283238625242 -16.836283238625242 -16.836283238625242 -16.836283238625242 -16.836283238625242 -16.836283238625242
14.020100502512562 -16.832640423257637 -16.832640423257637 -16.832640423257637 -16.832640423257637 -16.832640423257637 -16.832640423257637 -16.832640423257637 -16.832640423257637 -16.832640423257637 -16.832640423257637 -16.832640423257637 -16.832640423257637 -16.832640423257637
14.095477386934672 -16.828997607890027 -16.828997607890027 -16.828997607890027 -16.828997607890027 -16.828997607890027 -16.828997607890027 -16.828997607890027 -16.828997607890027 -16.828997607890027 -16.828997607890027 -16.828997607890027 -16.828997607890027 -16.828997607890027
14.170854271356783 -16.82535479252242 -16.82535479252242 -16.82535479252242 -16.82535479252242 -16.82535479252242 -16.82535479252242 -16.82535479252242 -16.82535479252242 -16.82535479252242 -16.82535479252242 -16.82535479252242 -16.82535479252242 -16.82535479252242
14.246231155778894 -16.821711977154813 -16.821711977154813 -16.821711977154813 -16.821711977154813 -16.821711977154813 -16.821711977154813 -16.821711977154813 -16.821711977154813 -16.821711977154813 -16.821711977154813 -16.821711977154813 -16.821711977154813 -16.821711977154813
14.321608040201003 -16.818069161787204 -16.818069161787204 -16.818069161787204 -16.818069161787204 -16.818069161787204 -16.818069161787204 -16.818069161787204 -16.818069161787204 -16.818069161787204 -16.818069161787204 -16.818069161787204 -16.818069161787204 -16.818069161787204
14.396984924623114 -16.814426346419598 -16.814426346419598 -16.814426346419598 -16.814426346419598 -16.814426346419598 -16.814426346419598 -16.814426346419598 -16.814426346419598 -16.814426346419598 -16.814426346419598 -16.814426346419598 -16.814426346419598 -16.814426346419598
14.472361809045225 -16.81078353105199 -16.81078353105199 -16.81078353105199 -16.81078353105199 -16.81078353105199 -16.81078353105199 -16.81078353105199 -16.81078353105199 -16.81078353105199 -16.81078353105199 -16.81078353105199 -16.81078353105199 -16.81078353105199
14.547738693467336 -16.807140715684383 -16.807140715684383 -16.807140715684383 -16.807140715684383 -16.807140715684383 -16.807140715684383 -16.807140715684383 -16.807140715684383 -16.807140715684383 -16.807140715684383 -16.807140715684383 -16.807140715684383 -16.807140715684383
14.623115577889447 -16.803497900316774 -16.803497900316774 -16.803497900316774 -16.803497900316774 -16.803497900316774 -16.803497900316774 -16.803497900316774 -16.803497900316774 -16.803497900316774 -16.803497900316774 -16.803497900316774 -16.803497900316774 -16.803497900316774
14.698492462311556 -16.799855084949165 -16.799855084949165 -16.799855084949165 -16.799855084949165 -16.799855084949165 -16.799855084949165 -16.799855084949165 -16.799855084949165 -16.799855084949165 -16.799855084949165 -16.799855084949165 -16.799855084949165 -16.799855084949165
14.773869346733667 -16.79621226958156 -16.79621226958156 -16.79621226958156 -16.79621226958156 -16.79621226958156 -16.79621226958156 -16.79621226958156 -16.79621226958156 -16.79621226958156 -16.79621226958156 -16.79621226958156 -16.79621226958156 -16.79621226958156
14.849246231155778 -16.79256945421395 -16.79256945421395 -16.79256945421395 -16.79256945421395 -16.79256945421395 -16.79256945421395 -16.79256945421395 -16.79256945421395 -16.79256945421395 -16.79256945421395 -16.79256945421395 -16.79256945421395 -16.79256945421395
14.924623115577887 -16.788926638846345 -16.788926638846345 -16.788926638846345 -16.788926638846345 -16.788926638846345 -16.788926638846345 -16.788926638846345 -16.788926638846345 -16.788926638846345 -16.788926638846345 -16.788926638846345 -16.788926638846345 -16.788926638846345
15.0 -16.785283823478736 -16.785283823478736 -16.785283823478736 -16.785283823478736 -16.785283823478736 -16.785283823478736 -16.785283823478736 -16.785283823478736 -16.785283823478736 -16.785283823478736 -16.785283823478736 -16.785283823478736 -16.785283823478736
