# %ECSV 1.0
# ---
# datatype:
# - {name: time, datatype: float64}
# - {name: swift_uvot_uvw2, datatype: float64}
# - {name: swift_uvot_uvm2, datatype: float64}
# - {name: swift_uvot_uvw1, datatype: float64}
# - {name: swift_uvot_U, datatype: float64}
# - {name: swift_uvot_B, datatype: float64}
# - {name: swift_uvot_V, datatype: float64}
# - {name: swift_uvot_W, datatype: float64}
# - {name: johnson_U, datatype: float64}
# - {name: johnson_B, datatype: float64}
# - {name: johnson_V, datatype: float64}
# - {name: johnson_R, datatype: float64}
# - {name: johnson_I, datatype: float64}
# - {name: sdss_u, datatype: float64}
# - {name: sdss_g, datatype: float64}
# - {name: sdss_r, datatype: float64}
# - {name: sdss_i, datatype: float64}
# - {name: sdss_z, datatype: float64}
# - {name: PS1_g, datatype: float64}
# - {name: PS1_r, datatype: float64}
# - {name: PS1_i, datatype: float64}
# - {name: PS1_z, datatype: float64}
# - {name: PS1_Y, datatype: float64}
# - {name: PS1_w, datatype: float64}
# - {name: ATLAS_c, datatype: float64}
# - {name: ATLAS_o, datatype: float64}
# - {name: ukirt_J, datatype: float64}
# - {name: ukirt_H, datatype: float64}
# - {name: ukirt_K, datatype: float64}
# - {name: Clear, datatype: float64}
# meta: !!omap
# - comment: [kappa = 10.0, type = villar, mass = 0.04162766037032262, velocity = 0.1866666666666667, theta_obs = 0.0]
# schema: astropy-2.0
time swift_uvot_uvw2 swift_uvot_uvm2 swift_uvot_uvw1 swift_uvot_U swift_uvot_B swift_uvot_V swift_uvot_W johnson_U johnson_B johnson_V johnson_R johnson_I sdss_u sdss_g sdss_r sdss_i sdss_z PS1_g PS1_r PS1_i PS1_z PS1_Y PS1_w ATLAS_c ATLAS_o ukirt_J ukirt_H ukirt_K Clear
0.001 nan nan nan nan nan nan nan nan nan nan nan nan nan nan nan nan nan nan nan nan nan nan nan nan nan nan nan nan nan
0.00103 -3.832 -3.872 -3.874 -3.794 -3.6 -3.339 -3.758 -3.769 -3.596 -3.33 -3.023 -2.647 -3.776 -3.519 -3.166 -2.877 -2.591 -3.503 -3.185 -2.899 -2.693 -2.627 -3.197 -3.382 -3.046 -1.992 -1.486 -0.889 -3.248
0.001061 -4.514 -4.487 -4.442 -4.255 -4.008 -3.708 -4.304 -4.22 -4.004 -3.698 -3.364 -2.963 -4.228 -3.913 -3.517 -3.206 -2.904 -3.896 -3.542 -3.236 -3.025 -2.977 -3.558 -3.759 -3.389 -2.282 -1.763 -1.156 -3.618
0.001094 -4.889 -4.827 -4.76 -4.521 -4.249 -3.931 -4.615 -4.482 -4.246 -3.921 -3.574 -3.162 -4.491 -4.149 -3.732 -3.411 -3.101 -4.132 -3.761 -3.446 -3.233 -3.201 -3.778 -3.986 -3.6 -2.467 -1.943 -1.331 -3.842
0.001127 -5.151 -5.065 -4.986 -4.715 -4.428 -4.098 -4.837 -4.674 -4.424 -4.088 -3.733 -3.314 -4.682 -4.323 -3.894 -3.566 -3.252 -4.308 -3.926 -3.606 -3.394 -3.373 -3.944 -4.156 -3.759 -2.612 -2.084 -1.468 -4.011
0.001161 -5.354 -5.252 -5.164 -4.871 -4.574 -4.236 -5.013 -4.828 -4.57 -4.226 -3.866 -3.442 -4.837 -4.467 -4.029 -3.697 -3.379 -4.452 -4.063 -3.74 -3.528 -3.516 -4.08 -4.296 -3.892 -2.734 -2.204 -1.586 -4.149
0.001196 -5.523 -5.408 -5.313 -5.004 -4.699 -4.356 -5.161 -4.96 -4.696 -4.346 -3.982 -3.554 -4.969 -4.59 -4.146 -3.811 -3.491 -4.576 -4.183 -3.857 -3.646 -3.641 -4.2 -4.417 -4.009 -2.843 -2.31 -1.691 -4.27
0.001232 -5.668 -5.543 -5.443 -5.122 -4.811 -4.464 -5.29 -5.077 -4.808 -4.453 -4.087 -3.656 -5.086 -4.701 -4.252 -3.914 -3.592 -4.688 -4.29 -3.963 -3.752 -3.753 -4.307 -4.526 -4.113 -2.942 -2.408 -1.787 -4.378
0.001269 -5.796 -5.663 -5.559 -5.229 -4.914 -4.563 -5.406 -5.183 -4.91 -4.552 -4.183 -3.751 -5.192 -4.802 -4.35 -4.01 -3.687 -4.79 -4.389 -4.06 -3.85 -3.857 -4.405 -4.626 -4.21 -3.034 -2.499 -1.877 -4.477
0.001308 -5.912 -5.772 -5.666 -5.327 -5.009 -4.655 -5.512 -5.281 -5.005 -4.645 -4.274 -3.839 -5.29 -4.896 -4.441 -4.1 -3.775 -4.884 -4.482 -4.152 -3.942 -3.953 -4.497 -4.719 -4.301 -3.121 -2.585 -1.963 -4.57
0.001347 -6.018 -5.873 -5.764 -5.42 -5.098 -4.742 -5.61 -5.373 -5.095 -4.732 -4.36 -3.924 -5.382 -4.985 -4.527 -4.185 -3.859 -4.974 -4.569 -4.238 -4.029 -4.043 -4.584 -4.807 -4.387 -3.204 -2.667 -2.044 -4.658
0.001388 -6.116 -5.967 -5.856 -5.507 -5.183 -4.825 -5.702 -5.459 -5.179 -4.815 -4.442 -4.005 -5.469 -5.069 -4.61 -4.266 -3.94 -5.058 -4.652 -4.321 -4.112 -4.13 -4.667 -4.89 -4.469 -3.283 -2.746 -2.123 -4.741
0.00143 -6.209 -6.056 -5.944 -5.59 -5.265 -4.905 -5.789 -5.542 -5.261 -4.895 -4.521 -4.083 -5.552 -5.15 -4.689 -4.344 -4.018 -5.139 -4.732 -4.4 -4.192 -4.212 -4.747 -4.97 -4.548 -3.36 -2.823 -2.199 -4.821
0.001473 -6.296 -6.14 -6.027 -5.67 -5.343 -4.982 -5.872 -5.622 -5.339 -4.972 -4.597 -4.158 -5.631 -5.228 -4.765 -4.42 -4.093 -5.218 -4.809 -4.477 -4.269 -4.291 -4.823 -5.048 -4.624 -3.435 -2.897 -2.273 -4.898
0.001518 -6.379 -6.221 -6.106 -5.746 -5.418 -5.057 -5.951 -5.698 -5.415 -5.047 -4.671 -4.232 -5.708 -5.303 -4.84 -4.494 -4.167 -5.293 -4.884 -4.551 -4.344 -4.367 -4.898 -5.123 -4.698 -3.508 -2.969 -2.345 -4.973
0.001564 -6.458 -6.298 -6.182 -5.821 -5.492 -5.13 -6.028 -5.772 -5.488 -5.119 -4.743 -4.303 -5.782 -5.376 -4.912 -4.566 -4.238 -5.366 -4.957 -4.624 -4.416 -4.441 -4.971 -5.195 -4.77 -3.579 -3.04 -2.416 -5.046
0.001611 -6.534 -6.372 -6.256 -5.893 -5.563 -5.201 -6.101 -5.844 -5.559 -5.19 -4.813 -4.373 -5.854 -5.448 -4.983 -4.636 -4.308 -5.438 -5.028 -4.695 -4.487 -4.513 -5.041 -5.266 -4.841 -3.649 -3.11 -2.485 -5.116
0.00166 -6.607 -6.444 -6.328 -5.963 -5.633 -5.27 -6.173 -5.915 -5.629 -5.259 -4.882 -4.442 -5.924 -5.517 -5.052 -4.705 -4.377 -5.508 -5.097 -4.764 -4.557 -4.583 -5.111 -5.336 -4.91 -3.717 -3.178 -2.553 -5.186
0.00171 -6.677 -6.514 -6.397 -6.032 -5.701 -5.338 -6.243 -5.983 -5.697 -5.327 -4.95 -4.51 -5.993 -5.586 -5.12 -4.773 -4.445 -5.576 -5.165 -4.832 -4.625 -4.652 -5.179 -5.404 -4.978 -3.785 -3.246 -2.621 -5.254
0.001761 -6.746 -6.582 -6.465 -6.099 -5.768 -5.405 -6.31 -6.051 -5.764 -5.394 -5.017 -4.576 -6.06 -5.653 -5.186 -4.84 -4.511 -5.643 -5.232 -4.899 -4.692 -4.719 -5.245 -5.471 -5.044 -3.851 -3.312 -2.687 -5.321
0.001815 -6.812 -6.648 -6.531 -6.165 -5.834 -5.47 -6.377 -6.116 -5.83 -5.46 -5.083 -4.642 -6.126 -5.718 -5.252 -4.905 -4.577 -5.709 -5.298 -4.964 -4.757 -4.785 -5.311 -5.537 -5.11 -3.917 -3.377 -2.752 -5.386
0.00187 -6.877 -6.713 -6.596 -6.23 -5.899 -5.535 -6.441 -6.181 -5.895 -5.525 -5.147 -4.707 -6.191 -5.783 -5.317 -4.97 -4.642 -5.773 -5.362 -5.029 -4.822 -4.85 -5.376 -5.601 -5.175 -3.981 -3.442 -2.817 -5.451
0.001926 -6.94 -6.777 -6.66 -6.294 -5.963 -5.599 -6.505 -6.245 -5.959 -5.589 -5.211 -4.771 -6.254 -5.847 -5.381 -5.034 -4.706 -5.837 -5.426 -5.093 -4.886 -4.914 -5.44 -5.665 -5.239 -4.045 -3.506 -2.881 -5.515
0.001984 -7.002 -6.839 -6.722 -6.356 -6.026 -5.662 -6.567 -6.308 -6.022 -5.652 -5.274 -4.834 -6.317 -5.91 -5.444 -5.097 -4.769 -5.9 -5.489 -5.156 -4.949 -4.976 -5.503 -5.728 -5.302 -4.109 -3.57 -2.945 -5.578
0.002044 -7.063 -6.9 -6.783 -6.418 -6.088 -5.725 -6.628 -6.37 -6.084 -5.714 -5.337 -4.897 -6.379 -5.972 -5.506 -5.16 -4.832 -5.962 -5.552 -5.219 -5.011 -5.038 -5.565 -5.791 -5.364 -4.172 -3.632 -3.008 -5.641
0.002106 -7.122 -6.96 -6.843 -6.479 -6.149 -5.786 -6.689 -6.431 -6.145 -5.776 -5.399 -4.959 -6.44 -6.034 -5.568 -5.222 -4.894 -6.024 -5.613 -5.28 -5.073 -5.099 -5.627 -5.852 -5.426 -4.234 -3.695 -3.07 -5.702
0.00217 -7.18 -7.019 -6.903 -6.54 -6.21 -5.847 -6.748 -6.491 -6.206 -5.837 -5.46 -5.02 -6.501 -6.094 -5.629 -5.283 -4.955 -6.084 -5.674 -5.341 -5.134 -5.16 -5.688 -5.913 -5.488 -4.296 -3.757 -3.132 -5.763
0.002236 -7.237 -7.077 -6.961 -6.599 -6.27 -5.908 -6.807 -6.551 -6.266 -5.897 -5.521 -5.081 -6.56 -6.155 -5.69 -5.344 -5.016 -6.145 -5.735 -5.402 -5.195 -5.22 -5.749 -5.974 -5.548 -4.357 -3.818 -3.193 -5.824
0.002303 -7.293 -7.134 -7.019 -6.658 -6.329 -5.968 -6.864 -6.61 -6.326 -5.957 -5.581 -5.142 -6.619 -6.214 -5.75 -5.404 -5.077 -6.204 -5.795 -5.462 -5.254 -5.279 -5.809 -6.033 -5.608 -4.418 -3.879 -3.255 -5.884
0.002373 -7.348 -7.19 -7.076 -6.716 -6.388 -6.027 -6.921 -6.668 -6.385 -6.017 -5.641 -5.202 -6.678 -6.273 -5.81 -5.464 -5.137 -6.263 -5.854 -5.522 -5.314 -5.337 -5.868 -6.093 -5.668 -4.478 -3.94 -3.315 -5.943
0.002445 -7.403 -7.246 -7.132 -6.774 -6.447 -6.086 -6.978 -6.726 -6.443 -6.076 -5.7 -5.261 -6.736 -6.332 -5.869 -5.524 -5.197 -6.322 -5.913 -5.581 -5.373 -5.395 -5.927 -6.152 -5.728 -4.538 -4.0 -3.376 -6.002
0.002519 -7.456 -7.301 -7.188 -6.831 -6.505 -6.145 -7.033 -6.784 -6.501 -6.134 -5.759 -5.321 -6.793 -6.39 -5.928 -5.583 -5.256 -6.38 -5.972 -5.639 -5.431 -5.453 -5.986 -6.21 -5.787 -4.598 -4.06 -3.436 -6.06
0.002595 -7.509 -7.355 -7.243 -6.888 -6.562 -6.203 -7.088 -6.84 -6.559 -6.192 -5.818 -5.38 -6.85 -6.448 -5.986 -5.642 -5.315 -6.437 -6.03 -5.698 -5.49 -5.51 -6.044 -6.268 -5.845 -4.657 -4.119 -3.496 -6.118
0.002673 -7.561 -7.409 -7.297 -6.944 -6.62 -6.261 -7.143 -6.897 -6.616 -6.25 -5.876 -5.438 -6.906 -6.505 -6.044 -5.7 -5.374 -6.494 -6.087 -5.756 -5.547 -5.567 -6.102 -6.326 -5.903 -4.716 -4.179 -3.555 -6.176
0.002754 -7.613 -7.462 -7.351 -7.0 -6.676 -6.318 -7.197 -6.953 -6.672 -6.308 -5.934 -5.497 -6.962 -6.562 -6.102 -5.758 -5.432 -6.551 -6.145 -5.813 -5.605 -5.623 -6.16 -6.383 -5.961 -4.775 -4.238 -3.614 -6.234
0.002837 -7.663 -7.515 -7.405 -7.056 -6.733 -6.375 -7.25 -7.008 -6.729 -6.365 -5.992 -5.555 -7.018 -6.619 -6.159 -5.816 -5.49 -6.608 -6.202 -5.871 -5.662 -5.679 -6.217 -6.44 -6.019 -4.834 -4.297 -3.673 -6.291
0.002923 -7.713 -7.567 -7.457 -7.111 -6.789 -6.432 -7.303 -7.064 -6.785 -6.421 -6.049 -5.612 -7.073 -6.675 -6.217 -5.874 -5.548 -6.664 -6.259 -5.928 -5.719 -5.734 -6.274 -6.496 -6.076 -4.892 -4.355 -3.732 -6.347
0.003012 -7.763 -7.618 -7.51 -7.165 -6.844 -6.488 -7.356 -7.118 -6.84 -6.478 -6.106 -5.67 -7.128 -6.731 -6.273 -5.931 -5.606 -6.72 -6.315 -5.984 -5.775 -5.789 -6.33 -6.553 -6.133 -4.95 -4.413 -3.79 -6.404
0.003103 -7.812 -7.669 -7.562 -7.22 -6.9 -6.544 -7.408 -7.173 -6.896 -6.534 -6.163 -5.727 -7.182 -6.787 -6.33 -5.988 -5.663 -6.775 -6.371 -6.041 -5.832 -5.844 -6.386 -6.609 -6.19 -5.008 -4.471 -3.849 -6.46
0.003196 -7.861 -7.72 -7.613 -7.274 -6.955 -6.6 -7.459 -7.227 -6.951 -6.59 -6.219 -5.784 -7.236 -6.842 -6.386 -6.044 -5.72 -6.83 -6.427 -6.097 -5.887 -5.899 -6.442 -6.664 -6.246 -5.065 -4.529 -3.907 -6.515
0.003293 -7.908 -7.77 -7.664 -7.327 -7.009 -6.656 -7.511 -7.281 -7.006 -6.646 -6.275 -5.841 -7.29 -6.897 -6.442 -6.101 -5.777 -6.885 -6.483 -6.153 -5.943 -5.953 -6.498 -6.72 -6.302 -5.123 -4.587 -3.965 -6.571
0.003393 -7.956 -7.82 -7.715 -7.38 -7.064 -6.711 -7.561 -7.334 -7.06 -6.701 -6.331 -5.897 -7.343 -6.952 -6.498 -6.157 -5.833 -6.939 -6.538 -6.209 -5.999 -6.007 -6.554 -6.775 -6.358 -5.18 -4.644 -4.022 -6.626
0.003495 -8.003 -7.869 -7.765 -7.433 -7.118 -6.766 -7.612 -7.387 -7.114 -6.756 -6.387 -5.954 -7.396 -7.006 -6.553 -6.213 -5.89 -6.994 -6.593 -6.264 -6.054 -6.061 -6.609 -6.83 -6.414 -5.237 -4.702 -4.08 -6.681
0.003601 -8.049 -7.918 -7.815 -7.486 -7.172 -6.821 -7.662 -7.44 -7.168 -6.811 -6.442 -6.01 -7.449 -7.06 -6.609 -6.269 -5.946 -7.048 -6.648 -6.319 -6.109 -6.114 -6.664 -6.884 -6.469 -5.294 -4.759 -4.137 -6.736
0.00371 -8.096 -7.966 -7.865 -7.538 -7.225 -6.876 -7.712 -7.493 -7.222 -6.866 -6.498 -6.066 -7.502 -7.114 -6.664 -6.325 -6.002 -7.102 -6.702 -6.374 -6.164 -6.168 -6.719 -6.939 -6.525 -5.35 -4.816 -4.195 -6.79
0.003822 -8.141 -8.014 -7.914 -7.59 -7.279 -6.93 -7.761 -7.545 -7.275 -6.92 -6.553 -6.122 -7.554 -7.168 -6.718 -6.38 -6.058 -7.155 -6.757 -6.429 -6.219 -6.221 -6.773 -6.993 -6.58 -5.407 -4.873 -4.252 -6.845
0.003938 -8.186 -8.062 -7.963 -7.642 -7.332 -6.984 -7.81 -7.597 -7.328 -6.974 -6.608 -6.177 -7.606 -7.222 -6.773 -6.435 -6.114 -7.208 -6.811 -6.484 -6.273 -6.274 -6.828 -7.047 -6.635 -5.463 -4.929 -4.309 -6.899
0.004057 -8.231 -8.109 -8.011 -7.694 -7.385 -7.038 -7.859 -7.649 -7.381 -7.028 -6.663 -6.233 -7.658 -7.275 -6.828 -6.49 -6.169 -7.261 -6.865 -6.538 -6.327 -6.327 -6.882 -7.101 -6.689 -5.519 -4.986 -4.366 -6.953
0.00418 -8.276 -8.156 -8.059 -7.745 -7.438 -7.092 -7.907 -7.7 -7.434 -7.082 -6.717 -6.288 -7.709 -7.328 -6.882 -6.545 -6.224 -7.314 -6.919 -6.592 -6.381 -6.379 -6.936 -7.154 -6.744 -5.575 -5.042 -4.422 -7.006
0.004306 -8.32 -8.203 -8.107 -7.796 -7.49 -7.146 -7.955 -7.751 -7.486 -7.136 -6.771 -6.343 -7.761 -7.381 -6.936 -6.6 -6.28 -7.367 -6.973 -6.647 -6.435 -6.432 -6.989 -7.207 -6.798 -5.631 -5.098 -4.479 -7.06
0.004436 -8.363 -8.249 -8.155 -7.847 -7.542 -7.199 -8.003 -7.803 -7.539 -7.189 -6.826 -6.398 -7.812 -7.434 -6.99 -6.655 -6.335 -7.42 -7.026 -6.7 -6.489 -6.484 -7.043 -7.261 -6.852 -5.687 -5.154 -4.535 -7.113
0.00457 -8.407 -8.295 -8.202 -7.897 -7.595 -7.253 -8.05 -7.853 -7.591 -7.242 -6.88 -6.453 -7.862 -7.486 -7.044 -6.709 -6.39 -7.472 -7.079 -6.754 -6.543 -6.536 -7.096 -7.314 -6.906 -5.742 -5.21 -4.591 -7.166
0.004709 -8.449 -8.341 -8.249 -7.947 -7.646 -7.306 -8.098 -7.904 -7.643 -7.295 -6.934 -6.507 -7.913 -7.538 -7.097 -6.763 -6.444 -7.524 -7.133 -6.808 -6.596 -6.588 -7.15 -7.366 -6.96 -5.798 -5.266 -4.648 -7.219
0.004851 -8.492 -8.386 -8.295 -7.997 -7.698 -7.358 -8.144 -7.954 -7.694 -7.348 -6.987 -6.562 -7.963 -7.59 -7.151 -6.817 -6.499 -7.576 -7.186 -6.861 -6.65 -6.64 -7.203 -7.419 -7.014 -5.853 -5.322 -4.704 -7.272
0.004998 -8.534 -8.431 -8.342 -8.047 -7.75 -7.411 -8.191 -8.004 -7.746 -7.401 -7.041 -6.616 -8.013 -7.642 -7.204 -6.871 -6.553 -7.628 -7.238 -6.915 -6.703 -6.691 -7.256 -7.471 -7.067 -5.908 -5.378 -4.76 -7.325
0.005149 -8.576 -8.475 -8.388 -8.097 -7.801 -7.464 -8.237 -8.054 -7.797 -7.454 -7.094 -6.67 -8.063 -7.694 -7.257 -6.925 -6.608 -7.679 -7.291 -6.968 -6.756 -6.743 -7.308 -7.524 -7.121 -5.964 -5.433 -4.816 -7.377
0.005305 -8.617 -8.52 -8.434 -8.146 -7.852 -7.516 -8.283 -8.104 -7.848 -7.506 -7.148 -6.725 -8.113 -7.745 -7.31 -6.979 -6.662 -7.731 -7.344 -7.021 -6.809 -6.794 -7.361 -7.576 -7.174 -6.019 -5.489 -4.871 -7.429
0.005465 -8.659 -8.564 -8.479 -8.196 -7.903 -7.568 -8.329 -8.153 -7.899 -7.558 -7.201 -6.779 -8.162 -7.797 -7.363 -7.032 -6.716 -7.782 -7.396 -7.074 -6.862 -6.846 -7.414 -7.628 -7.227 -6.073 -5.544 -4.927 -7.482
0.00563 -8.699 -8.607 -8.524 -8.245 -7.954 -7.621 -8.375 -8.203 -7.95 -7.61 -7.254 -6.832 -8.211 -7.848 -7.416 -7.086 -6.77 -7.833 -7.448 -7.127 -6.915 -6.897 -7.466 -7.68 -7.28 -6.128 -5.599 -4.983 -7.534
0.005801 -8.74 -8.651 -8.569 -8.293 -8.004 -7.672 -8.42 -8.252 -8.0 -7.662 -7.307 -6.886 -8.261 -7.899 -7.468 -7.139 -6.824 -7.884 -7.5 -7.18 -6.967 -6.948 -7.518 -7.731 -7.333 -6.183 -5.654 -5.038 -7.585
0.005976 -8.78 -8.694 -8.614 -8.342 -8.055 -7.724 -8.465 -8.301 -8.051 -7.714 -7.36 -6.94 -8.309 -7.95 -7.521 -7.192 -6.878 -7.934 -7.552 -7.232 -7.02 -6.999 -7.57 -7.783 -7.386 -6.238 -5.709 -5.094 -7.637
0.006157 -8.82 -8.737 -8.658 -8.39 -8.105 -7.776 -8.51 -8.349 -8.101 -7.766 -7.412 -6.993 -8.358 -8.001 -7.573 -7.246 -6.931 -7.985 -7.604 -7.285 -7.072 -7.05 -7.622 -7.834 -7.438 -6.292 -5.764 -5.149 -7.689
0.006343 -8.859 -8.779 -8.702 -8.438 -8.155 -7.827 -8.554 -8.398 -8.151 -7.817 -7.465 -7.047 -8.406 -8.051 -7.625 -7.298 -6.985 -8.036 -7.656 -7.337 -7.125 -7.101 -7.674 -7.885 -7.491 -6.346 -5.819 -5.204 -7.74
0.006535 -8.899 -8.821 -8.746 -8.486 -8.205 -7.879 -8.599 -8.446 -8.201 -7.869 -7.517 -7.1 -8.455 -8.102 -7.677 -7.351 -7.038 -8.086 -7.708 -7.389 -7.177 -7.152 -7.725 -7.936 -7.543 -6.401 -5.874 -5.259 -7.791
0.006732 -8.937 -8.863 -8.79 -8.534 -8.255 -7.93 -8.643 -8.494 -8.251 -7.92 -7.569 -7.153 -8.503 -8.152 -7.729 -7.404 -7.092 -8.136 -7.759 -7.441 -7.229 -7.202 -7.777 -7.987 -7.595 -6.455 -5.929 -5.315 -7.842
0.006936 -8.976 -8.905 -8.833 -8.582 -8.304 -7.981 -8.687 -8.542 -8.301 -7.971 -7.622 -7.206 -8.551 -8.202 -7.781 -7.457 -7.145 -8.186 -7.81 -7.493 -7.281 -7.253 -7.828 -8.038 -7.647 -6.509 -5.983 -5.37 -7.893
0.007146 -9.014 -8.946 -8.876 -8.629 -8.354 -8.032 -8.73 -8.59 -8.35 -8.022 -7.674 -7.259 -8.598 -8.252 -7.832 -7.509 -7.198 -8.236 -7.862 -7.545 -7.333 -7.303 -7.879 -8.088 -7.699 -6.563 -6.038 -5.425 -7.944
0.007362 -9.052 -8.987 -8.919 -8.676 -8.403 -8.083 -8.773 -8.638 -8.399 -8.073 -7.726 -7.312 -8.646 -8.302 -7.884 -7.562 -7.251 -8.285 -7.913 -7.597 -7.385 -7.354 -7.93 -8.139 -7.751 -6.617 -6.092 -5.48 -7.995
0.007585 -9.09 -9.028 -8.962 -8.723 -8.452 -8.134 -8.817 -8.685 -8.448 -8.124 -7.777 -7.365 -8.693 -8.351 -7.935 -7.614 -7.304 -8.335 -7.964 -7.649 -7.437 -7.404 -7.981 -8.189 -7.803 -6.671 -6.147 -5.534 -8.045
0.007814 -9.127 -9.068 -9.004 -8.77 -8.501 -8.184 -8.859 -8.732 -8.497 -8.174 -7.829 -7.418 -8.74 -8.401 -7.987 -7.666 -7.357 -8.384 -8.015 -7.701 -7.488 -7.454 -8.032 -8.24 -7.855 -6.725 -6.201 -5.589 -8.096
0.00805 -9.164 -9.109 -9.046 -8.817 -8.55 -8.235 -8.902 -8.779 -8.546 -8.225 -7.881 -7.47 -8.787 -8.45 -8.038 -7.718 -7.41 -8.434 -8.065 -7.752 -7.54 -7.504 -8.083 -8.29 -7.906 -6.779 -6.255 -5.644 -8.146
0.008294 -9.201 -9.149 -9.088 -8.863 -8.599 -8.285 -8.945 -8.826 -8.595 -8.275 -7.932 -7.523 -8.834 -8.5 -8.089 -7.77 -7.462 -8.483 -8.116 -7.804 -7.592 -7.554 -8.134 -8.34 -7.957 -6.832 -6.31 -5.698 -8.196
0.008545 -9.237 -9.188 -9.13 -8.91 -8.647 -8.335 -8.987 -8.873 -8.643 -8.325 -7.984 -7.575 -8.881 -8.549 -8.14 -7.822 -7.515 -8.532 -8.167 -7.855 -7.643 -7.605 -8.184 -8.389 -8.009 -6.886 -6.364 -5.753 -8.247
0.008803 -9.273 -9.228 -9.171 -8.956 -8.695 -8.385 -9.029 -8.919 -8.692 -8.376 -8.035 -7.628 -8.927 -8.598 -8.191 -7.874 -7.568 -8.581 -8.217 -7.906 -7.694 -7.655 -8.234 -8.439 -8.06 -6.939 -6.418 -5.808 -8.296
0.009069 -9.309 -9.267 -9.212 -9.002 -8.744 -8.435 -9.07 -8.966 -8.74 -8.425 -8.086 -7.68 -8.974 -8.646 -8.241 -7.926 -7.62 -8.63 -8.267 -7.957 -7.746 -7.704 -8.285 -8.489 -8.111 -6.993 -6.472 -5.862 -8.346
0.009344 -9.344 -9.305 -9.253 -9.047 -8.792 -8.485 -9.112 -9.012 -8.788 -8.475 -8.137 -7.732 -9.02 -8.695 -8.292 -7.977 -7.672 -8.678 -8.318 -8.008 -7.797 -7.754 -8.335 -8.538 -8.162 -7.046 -6.526 -5.916 -8.396
0.009626 -9.38 -9.344 -9.293 -9.093 -8.84 -8.535 -9.153 -9.058 -8.836 -8.525 -8.188 -7.784 -9.066 -8.744 -8.342 -8.029 -7.724 -8.727 -8.368 -8.059 -7.848 -7.804 -8.385 -8.587 -8.213 -7.099 -6.58 -5.971 -8.446
0.009917 -9.414 -9.382 -9.334 -9.138 -8.887 -8.584 -9.194 -9.103 -8.884 -8.575 -8.239 -7.836 -9.111 -8.792 -8.393 -8.08 -7.777 -8.775 -8.418 -8.11 -7.899 -7.854 -8.435 -8.637 -8.264 -7.153 -6.633 -6.025 -8.495
0.010217 -9.449 -9.42 -9.374 -9.183 -8.935 -8.634 -9.235 -9.149 -8.931 -8.624 -8.29 -7.888 -9.157 -8.84 -8.443 -8.131 -7.829 -8.823 -8.468 -8.161 -7.95 -7.904 -8.485 -8.686 -8.314 -7.206 -6.687 -6.079 -8.544
0.010526 -9.483 -9.458 -9.414 -9.228 -8.983 -8.683 -9.276 -9.194 -8.979 -8.674 -8.34 -7.94 -9.202 -8.888 -8.493 -8.183 -7.881 -8.871 -8.518 -8.212 -8.001 -7.953 -8.534 -8.735 -8.365 -7.259 -6.741 -6.134 -8.594
0.010845 -9.517 -9.495 -9.453 -9.273 -9.03 -8.733 -9.316 -9.24 -9.026 -8.723 -8.391 -7.992 -9.247 -8.936 -8.543 -8.234 -7.933 -8.919 -8.567 -8.263 -8.052 -8.003 -8.584 -8.783 -8.415 -7.312 -6.794 -6.188 -8.643
0.011173 -9.551 -9.532 -9.493 -9.318 -9.077 -8.782 -9.357 -9.285 -9.073 -8.772 -8.441 -8.043 -9.292 -8.984 -8.593 -8.285 -7.984 -8.967 -8.617 -8.313 -8.102 -8.052 -8.633 -8.832 -8.466 -7.365 -6.848 -6.242 -8.692
0.011511 -9.584 -9.569 -9.532 -9.362 -9.124 -8.831 -9.397 -9.33 -9.121 -8.821 -8.492 -8.095 -9.337 -9.032 -8.643 -8.336 -8.036 -9.015 -8.666 -8.364 -8.153 -8.102 -8.683 -8.881 -8.516 -7.418 -6.902 -6.296 -8.741
0.011859 -9.617 -9.605 -9.571 -9.407 -9.171 -8.88 -9.436 -9.374 -9.167 -8.87 -8.542 -8.146 -9.382 -9.08 -8.693 -8.387 -8.088 -9.063 -8.716 -8.414 -8.204 -8.151 -8.732 -8.929 -8.566 -7.471 -6.955 -6.35 -8.789
0.012217 -9.65 -9.642 -9.609 -9.451 -9.218 -8.928 -9.476 -9.419 -9.214 -8.919 -8.592 -8.198 -9.427 -9.127 -8.742 -8.437 -8.139 -9.11 -8.765 -8.464 -8.254 -8.201 -8.781 -8.977 -8.616 -7.523 -7.008 -6.404 -8.838
0.012587 -9.682 -9.677 -9.647 -9.495 -9.264 -8.977 -9.515 -9.463 -9.261 -8.967 -8.642 -8.249 -9.471 -9.174 -8.792 -8.488 -8.191 -9.157 -8.814 -8.514 -8.305 -8.25 -8.83 -9.026 -8.666 -7.576 -7.062 -6.458 -8.887
0.012968 -9.714 -9.713 -9.685 -9.538 -9.311 -9.025 -9.554 -9.508 -9.307 -9.016 -8.692 -8.3 -9.515 -9.221 -8.841 -8.539 -8.242 -9.204 -8.863 -8.565 -8.355 -8.299 -8.879 -9.074 -8.716 -7.629 -7.115 -6.511 -8.935
0.01336 -9.746 -9.748 -9.723 -9.582 -9.357 -9.074 -9.593 -9.552 -9.354 -9.064 -8.742 -8.351 -9.559 -9.268 -8.891 -8.589 -8.294 -9.252 -8.912 -8.615 -8.406 -8.349 -8.928 -9.122 -8.766 -7.681 -7.168 -6.565 -8.983
0.013764 -9.777 -9.783 -9.761 -9.625 -9.403 -9.122 -9.632 -9.595 -9.4 -9.113 -8.792 -8.402 -9.603 -9.315 -8.94 -8.64 -8.345 -9.299 -8.961 -8.665 -8.456 -8.398 -8.976 -9.169 -8.816 -7.734 -7.221 -6.619 -9.031
0.01418 -9.808 -9.818 -9.798 -9.668 -9.449 -9.17 -9.67 -9.639 -9.446 -9.161 -8.842 -8.453 -9.646 -9.362 -8.989 -8.69 -8.396 -9.345 -9.01 -8.714 -8.506 -8.447 -9.025 -9.217 -8.865 -7.786 -7.275 -6.673 -9.08
0.014609 -9.839 -9.853 -9.835 -9.711 -9.495 -9.218 -9.709 -9.683 -9.492 -9.209 -8.891 -8.504 -9.69 -9.409 -9.038 -8.74 -8.447 -9.392 -9.059 -8.764 -8.556 -8.496 -9.073 -9.265 -8.915 -7.839 -7.328 -6.726 -9.127
0.015051 -9.87 -9.887 -9.872 -9.754 -9.541 -9.266 -9.747 -9.726 -9.537 -9.257 -8.941 -8.555 -9.733 -9.455 -9.087 -8.79 -8.498 -9.439 -9.108 -8.814 -8.606 -8.545 -9.122 -9.312 -8.964 -7.891 -7.381 -6.78 -9.175
0.015506 -9.9 -9.92 -9.908 -9.797 -9.587 -9.314 -9.785 -9.769 -9.583 -9.305 -8.99 -8.606 -9.776 -9.502 -9.136 -8.84 -8.549 -9.485 -9.156 -8.864 -8.656 -8.594 -9.17 -9.36 -9.013 -7.943 -7.434 -6.834 -9.223
0.015975 -9.93 -9.954 -9.945 -9.839 -9.632 -9.362 -9.822 -9.812 -9.629 -9.353 -9.039 -8.657 -9.819 -9.548 -9.185 -8.89 -8.6 -9.531 -9.204 -8.913 -8.706 -8.643 -9.218 -9.407 -9.063 -7.995 -7.487 -6.887 -9.271
0.016458 -9.959 -9.987 -9.981 -9.881 -9.677 -9.41 -9.859 -9.855 -9.674 -9.4 -9.089 -8.707 -9.862 -9.594 -9.233 -8.94 -8.651 -9.577 -9.253 -8.963 -8.756 -8.692 -9.266 -9.454 -9.112 -8.048 -7.54 -6.941 -9.318
0.016956 -9.988 -10.02 -10.016 -9.924 -9.723 -9.457 -9.897 -9.897 -9.719 -9.448 -9.138 -8.758 -9.904 -9.64 -9.282 -8.99 -8.702 -9.623 -9.301 -9.012 -8.806 -8.741 -9.314 -9.501 -9.161 -8.1 -7.592 -6.994 -9.365
0.017469 -10.017 -10.053 -10.052 -9.965 -9.768 -9.504 -9.934 -9.94 -9.764 -9.495 -9.187 -8.808 -9.946 -9.686 -9.33 -9.04 -8.752 -9.669 -9.349 -9.061 -8.856 -8.79 -9.362 -9.548 -9.21 -8.152 -7.645 -7.048 -9.413
0.017997 -10.045 -10.085 -10.087 -10.007 -9.812 -9.552 -9.97 -9.982 -9.809 -9.542 -9.236 -8.859 -9.989 -9.731 -9.378 -9.089 -8.803 -9.715 -9.397 -9.111 -8.905 -8.839 -9.409 -9.594 -9.259 -8.204 -7.698 -7.101 -9.46
0.018541 -10.074 -10.117 -10.122 -10.048 -9.857 -9.599 -10.007 -10.024 -9.854 -9.59 -9.284 -8.909 -10.03 -9.777 -9.427 -9.139 -8.854 -9.761 -9.445 -9.16 -8.955 -8.888 -9.457 -9.641 -9.307 -8.256 -7.751 -7.154 -9.507
0.019102 -10.101 -10.149 -10.157 -10.09 -9.902 -9.646 -10.043 -10.066 -9.898 -9.637 -9.333 -8.959 -10.072 -9.822 -9.475 -9.188 -8.904 -9.806 -9.493 -9.209 -9.004 -8.936 -9.504 -9.687 -9.356 -8.307 -7.803 -7.208 -9.554
0.01968 -10.129 -10.18 -10.191 -10.131 -9.946 -9.693 -10.079 -10.107 -9.942 -9.683 -9.382 -9.009 -10.114 -9.867 -9.523 -9.238 -8.954 -9.852 -9.54 -9.258 -9.054 -8.985 -9.552 -9.734 -9.404 -8.359 -7.856 -7.261 -9.601
0.020275 -10.156 -10.211 -10.225 -10.172 -9.99 -9.739 -10.115 -10.149 -9.987 -9.73 -9.43 -9.059 -10.155 -9.912 -9.57 -9.287 -9.005 -9.897 -9.588 -9.307 -9.103 -9.034 -9.599 -9.78 -9.453 -8.411 -7.908 -7.314 -9.647
0.020888 -10.183 -10.241 -10.259 -10.212 -10.034 -9.786 -10.151 -10.19 -10.031 -9.777 -9.479 -9.109 -10.196 -9.957 -9.618 -9.336 -9.055 -9.942 -9.636 -9.356 -9.153 -9.082 -9.646 -9.826 -9.501 -8.463 -7.961 -7.367 -9.694
0.02152 -10.209 -10.272 -10.292 -10.253 -10.078 -9.832 -10.186 -10.231 -10.075 -9.823 -9.527 -9.159 -10.237 -10.002 -9.666 -9.385 -9.105 -9.987 -9.683 -9.404 -9.202 -9.131 -9.693 -9.872 -9.549 -8.514 -8.013 -7.42 -9.74
0.022171 -10.235 -10.302 -10.326 -10.293 -10.122 -9.879 -10.221 -10.272 -10.119 -9.87 -9.575 -9.209 -10.278 -10.047 -9.713 -9.434 -9.155 -10.032 -9.73 -9.453 -9.251 -9.179 -9.74 -9.918 -9.597 -8.566 -8.066 -7.473 -9.786
0.022841 -10.261 -10.331 -10.359 -10.333 -10.166 -9.925 -10.256 -10.313 -10.162 -9.916 -9.623 -9.259 -10.319 -10.091 -9.761 -9.483 -9.205 -10.076 -9.777 -9.502 -9.3 -9.228 -9.787 -9.963 -9.645 -8.617 -8.118 -7.526 -9.833
0.023532 -10.286 -10.361 -10.391 -10.373 -10.209 -9.971 -10.291 -10.353 -10.206 -9.962 -9.671 -9.309 -10.359 -10.136 -9.808 -9.532 -9.255 -10.121 -9.824 -9.55 -9.349 -9.276 -9.834 -10.009 -9.693 -8.669 -8.17 -7.579 -9.879
0.024244 -10.311 -10.39 -10.424 -10.413 -10.252 -10.017 -10.326 -10.393 -10.249 -10.008 -9.719 -9.358 -10.399 -10.18 -9.855 -9.581 -9.305 -10.165 -9.871 -9.599 -9.398 -9.325 -9.88 -10.054 -9.741 -8.72 -8.223 -7.632 -9.925
0.024977 -10.336 -10.418 -10.456 -10.452 -10.295 -10.063 -10.36 -10.433 -10.292 -10.054 -9.767 -9.408 -10.439 -10.224 -9.903 -9.629 -9.355 -10.21 -9.918 -9.647 -9.447 -9.373 -9.926 -10.1 -9.789 -8.772 -8.275 -7.685 -9.971
0.025733 -10.36 -10.447 -10.488 -10.491 -10.338 -10.109 -10.394 -10.473 -10.335 -10.1 -9.815 -9.457 -10.479 -10.268 -9.95 -9.678 -9.404 -10.254 -9.965 -9.695 -9.496 -9.421 -9.973 -10.145 -9.836 -8.823 -8.327 -7.738 -10.016
0.026511 -10.384 -10.475 -10.519 -10.53 -10.381 -10.155 -10.428 -10.513 -10.378 -10.146 -9.863 -9.506 -10.518 -10.312 -9.996 -9.727 -9.454 -10.298 -10.012 -9.743 -9.545 -9.469 -10.019 -10.19 -9.884 -8.874 -8.379 -7.791 -10.062
0.027313 -10.408 -10.502 -10.55 -10.569 -10.424 -10.2 -10.461 -10.552 -10.42 -10.191 -9.91 -9.556 -10.558 -10.355 -10.043 -9.775 -9.503 -10.342 -10.058 -9.791 -9.594 -9.518 -10.065 -10.235 -9.931 -8.925 -8.431 -7.844 -10.107
0.028139 -10.431 -10.529 -10.581 -10.607 -10.466 -10.245 -10.495 -10.592 -10.463 -10.237 -9.958 -9.605 -10.597 -10.399 -10.09 -9.823 -9.553 -10.385 -10.105 -9.839 -9.642 -9.566 -10.111 -10.28 -9.979 -8.977 -8.483 -7.897 -10.153
0.02899 -10.454 -10.556 -10.612 -10.646 -10.509 -10.291 -10.528 -10.631 -10.505 -10.282 -10.005 -9.654 -10.636 -10.442 -10.136 -9.871 -9.602 -10.429 -10.151 -9.887 -9.691 -9.614 -10.157 -10.324 -10.026 -9.028 -8.535 -7.95 -10.198
0.029867 -10.476 -10.583 -10.642 -10.684 -10.551 -10.336 -10.561 -10.669 -10.547 -10.327 -10.052 -9.703 -10.675 -10.485 -10.183 -9.919 -9.652 -10.472 -10.197 -9.935 -9.74 -9.662 -10.203 -10.369 -10.073 -9.079 -8.587 -8.002 -10.243
0.03077 -10.498 -10.609 -10.672 -10.722 -10.593 -10.381 -10.594 -10.708 -10.589 -10.372 -10.099 -9.752 -10.713 -10.528 -10.229 -9.967 -9.701 -10.516 -10.243 -9.983 -9.788 -9.71 -10.248 -10.413 -10.12 -9.13 -8.639 -8.055 -10.288
0.031701 -10.52 -10.635 -10.702 -10.759 -10.634 -10.426 -10.626 -10.746 -10.631 -10.417 -10.146 -9.801 -10.751 -10.571 -10.275 -10.015 -9.75 -10.559 -10.289 -10.03 -9.836 -9.758 -10.294 -10.457 -10.167 -9.181 -8.691 -8.108 -10.333
0.032659 -10.541 -10.66 -10.731 -10.797 -10.676 -10.47 -10.658 -10.785 -10.673 -10.462 -10.193 -9.85 -10.789 -10.614 -10.321 -10.063 -9.799 -10.602 -10.335 -10.078 -9.885 -9.806 -10.339 -10.501 -10.214 -9.231 -8.743 -8.16 -10.377
0.033647 -10.562 -10.685 -10.76 -10.834 -10.717 -10.515 -10.69 -10.822 -10.714 -10.507 -10.24 -9.898 -10.827 -10.656 -10.367 -10.111 -9.848 -10.644 -10.381 -10.125 -9.933 -9.854 -10.384 -10.545 -10.26 -9.282 -8.795 -8.213 -10.422
0.034665 -10.582 -10.71 -10.789 -10.871 -10.759 -10.559 -10.722 -10.86 -10.755 -10.551 -10.287 -9.947 -10.865 -10.699 -10.413 -10.159 -9.897 -10.687 -10.427 -10.173 -9.981 -9.901 -10.429 -10.589 -10.307 -9.333 -8.846 -8.265 -10.466
0.035713 -10.602 -10.734 -10.818 -10.908 -10.8 -10.604 -10.754 -10.898 -10.796 -10.595 -10.333 -9.996 -10.902 -10.741 -10.459 -10.206 -9.946 -10.729 -10.472 -10.22 -10.029 -9.949 -10.474 -10.633 -10.353 -9.384 -8.898 -8.318 -10.511
0.036793 -10.622 -10.758 -10.846 -10.944 -10.841 -10.648 -10.785 -10.935 -10.837 -10.64 -10.38 -10.044 -10.939 -10.783 -10.504 -10.253 -9.994 -10.772 -10.518 -10.267 -10.077 -9.997 -10.519 -10.676 -10.399 -9.434 -8.95 -8.37 -10.555
0.037906 -10.641 -10.781 -10.873 -10.981 -10.881 -10.692 -10.816 -10.972 -10.878 -10.684 -10.426 -10.092 -10.976 -10.825 -10.55 -10.301 -10.043 -10.814 -10.563 -10.314 -10.125 -10.045 -10.564 -10.719 -10.446 -9.485 -9.001 -8.423 -10.599
0.039052 -10.66 -10.804 -10.901 -11.017 -10.922 -10.736 -10.847 -11.009 -10.919 -10.728 -10.472 -10.141 -11.013 -10.866 -10.595 -10.348 -10.092 -10.856 -10.608 -10.361 -10.173 -10.092 -10.608 -10.763 -10.492 -9.535 -9.053 -8.475 -10.643
0.040234 -10.678 -10.827 -10.928 -11.052 -10.962 -10.779 -10.878 -11.045 -10.959 -10.771 -10.518 -10.189 -11.049 -10.908 -10.641 -10.395 -10.14 -10.898 -10.653 -10.408 -10.221 -10.14 -10.653 -10.806 -10.538 -9.586 -9.104 -8.528 -10.686
0.04145 -10.696 -10.849 -10.955 -11.088 -11.002 -10.823 -10.908 -11.082 -10.999 -10.815 -10.564 -10.237 -11.085 -10.949 -10.686 -10.442 -10.189 -10.939 -10.698 -10.455 -10.268 -10.187 -10.697 -10.848 -10.584 -9.636 -9.156 -8.58 -10.73
0.042704 -10.714 -10.871 -10.981 -11.123 -11.042 -10.866 -10.938 -11.118 -11.039 -10.858 -10.61 -10.285 -11.121 -10.99 -10.731 -10.489 -10.237 -10.981 -10.743 -10.502 -10.316 -10.235 -10.741 -10.891 -10.629 -9.686 -9.207 -8.632 -10.774
0.043996 -10.731 -10.893 -11.007 -11.158 -11.082 -10.91 -10.968 -11.154 -11.079 -10.902 -10.656 -10.333 -11.157 -11.031 -10.775 -10.536 -10.285 -11.022 -10.787 -10.548 -10.364 -10.282 -10.786 -10.934 -10.675 -9.737 -9.259 -8.684 -10.817
0.045326 -10.748 -10.914 -11.033 -11.193 -11.121 -10.953 -10.998 -11.189 -11.118 -10.945 -10.702 -10.381 -11.193 -11.072 -10.82 -10.583 -10.333 -11.063 -10.832 -10.595 -10.411 -10.329 -10.829 -10.976 -10.721 -9.787 -9.31 -8.737 -10.86
0.046697 -10.764 -10.934 -11.058 -11.227 -11.161 -10.996 -11.028 -11.225 -11.158 -10.988 -10.747 -10.429 -11.228 -11.113 -10.865 -10.629 -10.381 -11.104 -10.876 -10.641 -10.459 -10.377 -10.873 -11.018 -10.766 -9.837 -9.361 -8.789 -10.903
0.048109 -10.78 -10.954 -11.083 -11.262 -11.2 -11.039 -11.057 -11.26 -11.197 -11.031 -10.793 -10.476 -11.263 -11.153 -10.909 -10.676 -10.429 -11.145 -10.921 -10.688 -10.506 -10.424 -10.917 -11.061 -10.811 -9.887 -9.412 -8.841 -10.946
0.049564 -10.795 -10.974 -11.108 -11.296 -11.239 -11.081 -11.086 -11.294 -11.236 -11.074 -10.838 -10.524 -11.297 -11.193 -10.954 -10.722 -10.477 -11.186 -10.965 -10.734 -10.553 -10.471 -10.96 -11.102 -10.856 -9.937 -9.464 -8.893 -10.989
0.051063 -10.81 -10.994 -11.132 -11.329 -11.278 -11.124 -11.115 -11.329 -11.275 -11.116 -10.883 -10.571 -11.332 -11.233 -10.998 -10.768 -10.525 -11.226 -11.009 -10.78 -10.6 -10.518 -11.004 -11.144 -10.901 -9.987 -9.515 -8.945 -11.031
0.052608 -10.825 -11.012 -11.156 -11.363 -11.316 -11.166 -11.143 -11.363 -11.313 -11.159 -10.928 -10.619 -11.366 -11.273 -11.042 -10.815 -10.573 -11.267 -11.053 -10.826 -10.647 -10.565 -11.047 -11.186 -10.946 -10.037 -9.566 -8.997 -11.074
0.054199 -10.839 -11.031 -11.18 -11.396 -11.354 -11.208 -11.171 -11.397 -11.352 -11.201 -10.973 -10.666 -11.4 -11.313 -11.086 -10.861 -10.62 -11.307 -11.097 -10.872 -10.694 -10.612 -11.09 -11.227 -10.991 -10.087 -9.617 -9.049 -11.116
0.055838 -10.852 -11.049 -11.203 -11.429 -11.393 -11.25 -11.2 -11.431 -11.39 -11.243 -11.018 -10.713 -11.433 -11.352 -11.129 -10.907 -10.668 -11.347 -11.14 -10.918 -10.741 -10.659 -11.133 -11.269 -11.036 -10.137 -9.668 -9.101 -11.158
0.057527 -10.866 -11.066 -11.226 -11.461 -11.43 -11.292 -11.227 -11.465 -11.428 -11.285 -11.063 -10.76 -11.467 -11.392 -11.173 -10.952 -10.715 -11.386 -11.184 -10.963 -10.788 -10.706 -11.176 -11.31 -11.08 -10.186 -9.719 -9.153 -11.201
0.059267 -10.878 -11.084 -11.248 -11.494 -11.468 -11.334 -11.255 -11.498 -11.465 -11.327 -11.107 -10.807 -11.5 -11.431 -11.217 -10.998 -10.763 -11.426 -11.227 -11.009 -10.835 -10.752 -11.219 -11.351 -11.125 -10.236 -9.769 -9.205 -11.242
0.061059 -10.89 -11.1 -11.271 -11.526 -11.506 -11.375 -11.282 -11.531 -11.503 -11.368 -11.152 -10.854 -11.533 -11.47 -11.26 -11.044 -10.81 -11.465 -11.27 -11.054 -10.881 -10.799 -11.261 -11.391 -11.169 -10.285 -9.82 -9.257 -11.284
0.062906 -10.902 -11.116 -11.292 -11.557 -11.543 -11.417 -11.309 -11.564 -11.54 -11.41 -11.196 -10.901 -11.565 -11.508 -11.303 -11.089 -10.857 -11.504 -11.313 -11.1 -10.928 -10.846 -11.303 -11.432 -11.213 -10.335 -9.871 -9.309 -11.326
0.064808 -10.914 -11.132 -11.314 -11.589 -11.58 -11.458 -11.336 -11.596 -11.577 -11.451 -11.24 -10.948 -11.597 -11.547 -11.346 -11.135 -10.904 -11.543 -11.356 -11.145 -10.974 -10.892 -11.346 -11.472 -11.257 -10.384 -9.922 -9.36 -11.367
0.066769 -10.924 -11.147 -11.334 -11.62 -11.617 -11.499 -11.363 -11.628 -11.614 -11.492 -11.284 -10.994 -11.629 -11.585 -11.389 -11.18 -10.951 -11.582 -11.399 -11.19 -11.02 -10.939 -11.388 -11.512 -11.301 -10.434 -9.972 -9.412 -11.408
0.068788 -10.935 -11.162 -11.355 -11.651 -11.653 -11.54 -11.389 -11.66 -11.651 -11.533 -11.328 -11.041 -11.661 -11.623 -11.432 -11.225 -10.998 -11.621 -11.442 -11.235 -11.067 -10.985 -11.43 -11.552 -11.345 -10.483 -10.023 -9.464 -11.449
0.070868 -10.945 -11.176 -11.375 -11.681 -11.69 -11.58 -11.415 -11.692 -11.687 -11.574 -11.372 -11.087 -11.692 -11.661 -11.474 -11.27 -11.045 -11.659 -11.484 -11.28 -11.113 -11.031 -11.471 -11.592 -11.388 -10.532 -10.074 -9.515 -11.49
0.073012 -10.954 -11.19 -11.395 -11.712 -11.726 -11.621 -11.441 -11.723 -11.723 -11.614 -11.416 -11.133 -11.724 -11.699 -11.517 -11.315 -11.091 -11.697 -11.526 -11.325 -11.159 -11.078 -11.513 -11.632 -11.432 -10.581 -10.124 -9.567 -11.531
0.07522 -10.963 -11.203 -11.414 -11.742 -11.761 -11.661 -11.467 -11.754 -11.759 -11.655 -11.459 -11.18 -11.754 -11.736 -11.559 -11.36 -11.138 -11.735 -11.569 -11.369 -11.205 -11.124 -11.554 -11.671 -11.475 -10.631 -10.175 -9.619 -11.572
0.077495 -10.971 -11.216 -11.433 -11.771 -11.797 -11.701 -11.492 -11.784 -11.795 -11.695 -11.502 -11.226 -11.785 -11.773 -11.601 -11.404 -11.184 -11.773 -11.611 -11.414 -11.251 -11.17 -11.596 -11.711 -11.518 -10.68 -10.225 -9.67 -11.612
0.079839 -10.979 -11.228 -11.452 -11.8 -11.832 -11.741 -11.517 -11.815 -11.83 -11.735 -11.546 -11.272 -11.815 -11.81 -11.643 -11.449 -11.231 -11.811 -11.653 -11.458 -11.296 -11.216 -11.637 -11.75 -11.561 -10.729 -10.275 -9.722 -11.652
0.082253 -10.986 -11.24 -11.47 -11.829 -11.868 -11.781 -11.542 -11.845 -11.865 -11.775 -11.589 -11.317 -11.845 -11.847 -11.685 -11.493 -11.277 -11.848 -11.694 -11.503 -11.342 -11.262 -11.678 -11.789 -11.604 -10.777 -10.326 -9.773 -11.693
0.084741 -10.993 -11.251 -11.487 -11.858 -11.902 -11.821 -11.567 -11.875 -11.9 -11.814 -11.632 -11.363 -11.874 -11.883 -11.727 -11.538 -11.323 -11.885 -11.736 -11.547 -11.388 -11.308 -11.718 -11.827 -11.647 -10.826 -10.376 -9.824 -11.733
0.087304 -11.0 -11.262 -11.505 -11.886 -11.937 -11.86 -11.591 -11.904 -11.935 -11.854 -11.674 -11.409 -11.903 -11.92 -11.768 -11.582 -11.369 -11.922 -11.777 -11.591 -11.433 -11.354 -11.759 -11.866 -11.689 -10.875 -10.426 -9.876 -11.772
0.089944 -11.005 -11.272 -11.521 -11.914 -11.971 -11.899 -11.615 -11.933 -11.969 -11.893 -11.717 -11.454 -11.932 -11.956 -11.809 -11.626 -11.415 -11.958 -11.818 -11.635 -11.478 -11.399 -11.799 -11.904 -11.732 -10.924 -10.476 -9.927 -11.812
0.092665 -11.011 -11.282 -11.538 -11.942 -12.006 -11.938 -11.639 -11.962 -12.003 -11.932 -11.759 -11.5 -11.961 -11.992 -11.851 -11.67 -11.461 -11.995 -11.859 -11.678 -11.524 -11.445 -11.84 -11.942 -11.774 -10.972 -10.526 -9.978 -11.851
0.095467 -11.016 -11.291 -11.554 -11.969 -12.039 -11.977 -11.662 -11.99 -12.037 -11.971 -11.802 -11.545 -11.989 -12.027 -11.892 -11.713 -11.507 -12.031 -11.9 -11.722 -11.569 -11.491 -11.88 -11.98 -11.816 -11.021 -10.576 -10.03 -11.891
0.098355 -11.02 -11.299 -11.569 -11.996 -12.073 -12.015 -11.686 -12.018 -12.071 -12.01 -11.844 -11.59 -12.017 -12.063 -11.932 -11.757 -11.552 -12.067 -11.941 -11.765 -11.614 -11.536 -11.92 -12.018 -11.858 -11.069 -10.626 -10.081 -11.93
0.101329 -11.024 -11.307 -11.584 -12.023 -12.106 -12.054 -11.709 -12.046 -12.104 -12.048 -11.886 -11.635 -12.044 -12.098 -11.973 -11.8 -11.598 -12.103 -11.982 -11.809 -11.659 -11.581 -11.959 -12.055 -11.9 -11.117 -10.676 -10.132 -11.968
0.104394 -11.027 -11.315 -11.599 -12.049 -12.139 -12.092 -11.732 -12.074 -12.137 -12.086 -11.928 -11.68 -12.072 -12.132 -12.013 -11.844 -11.643 -12.138 -12.022 -11.852 -11.703 -11.627 -11.999 -12.092 -11.941 -11.166 -10.726 -10.183 -12.007
0.107551 -11.029 -11.322 -11.613 -12.075 -12.172 -12.13 -11.754 -12.101 -12.17 -12.124 -11.97 -11.725 -12.098 -12.167 -12.054 -11.887 -11.688 -12.174 -12.062 -11.895 -11.748 -11.672 -12.038 -12.129 -11.983 -11.214 -10.776 -10.234 -12.046
0.110804 -11.032 -11.328 -11.626 -12.1 -12.205 -12.168 -11.776 -12.127 -12.203 -12.162 -12.011 -11.77 -12.125 -12.201 -12.094 -11.93 -11.733 -12.209 -12.102 -11.938 -11.793 -11.717 -12.077 -12.166 -12.024 -11.262 -10.825 -10.285 -12.084
0.114155 -11.033 -11.334 -11.639 -12.125 -12.237 -12.205 -11.798 -12.154 -12.235 -12.2 -12.052 -11.814 -12.151 -12.235 -12.134 -11.973 -11.778 -12.243 -12.142 -11.981 -11.837 -11.762 -12.116 -12.203 -12.065 -11.31 -10.875 -10.336 -12.122
0.117608 -11.034 -11.339 -11.652 -12.15 -12.269 -12.242 -11.82 -12.18 -12.267 -12.237 -12.094 -11.859 -12.177 -12.269 -12.173 -12.016 -11.823 -12.278 -12.182 -12.024 -11.881 -11.807 -12.155 -12.239 -12.106 -11.358 -10.925 -10.387 -12.16
0.121165 -11.035 -11.343 -11.664 -12.175 -12.3 -12.279 -11.842 -12.205 -12.298 -12.274 -12.135 -11.903 -12.202 -12.303 -12.213 -12.058 -11.868 -12.312 -12.221 -12.066 -11.926 -11.852 -12.194 -12.275 -12.147 -11.406 -10.974 -10.438 -12.198
0.124829 -11.035 -11.347 -11.676 -12.199 -12.332 -12.316 -11.863 -12.231 -12.33 -12.311 -12.175 -11.947 -12.227 -12.336 -12.252 -12.101 -11.913 -12.346 -12.26 -12.108 -11.97 -11.896 -12.232 -12.311 -12.188 -11.454 -11.024 -10.489 -12.235
0.128605 -11.034 -11.351 -11.687 -12.222 -12.363 -12.353 -11.884 -12.256 -12.361 -12.348 -12.216 -11.991 -12.252 -12.369 -12.291 -12.143 -11.957 -12.38 -12.299 -12.151 -12.014 -11.941 -12.27 -12.347 -12.228 -11.501 -11.073 -10.539 -12.273
0.132494 -11.033 -11.353 -11.698 -12.245 -12.393 -12.389 -11.905 -12.28 -12.392 -12.384 -12.257 -12.035 -12.276 -12.402 -12.33 -12.185 -12.002 -12.414 -12.338 -12.193 -12.057 -11.985 -12.308 -12.382 -12.268 -11.549 -11.122 -10.59 -12.31
0.136502 -11.031 -11.355 -11.708 -12.268 -12.424 -12.425 -11.925 -12.304 -12.422 -12.421 -12.297 -12.079 -12.3 -12.434 -12.369 -12.227 -12.046 -12.447 -12.377 -12.235 -12.101 -12.03 -12.346 -12.417 -12.308 -11.597 -11.172 -10.641 -12.347
0.14063 -11.028 -11.357 -11.718 -12.291 -12.454 -12.461 -11.945 -12.328 -12.452 -12.457 -12.337 -12.123 -12.323 -12.466 -12.407 -12.269 -12.09 -12.48 -12.415 -12.276 -12.145 -12.074 -12.384 -12.452 -12.348 -11.644 -11.221 -10.691 -12.383
0.144883 -11.026 -11.358 -11.727 -12.313 -12.484 -12.497 -11.965 -12.351 -12.482 -12.493 -12.377 -12.166 -12.346 -12.498 -12.446 -12.31 -12.134 -12.512 -12.454 -12.318 -12.188 -12.118 -12.421 -12.487 -12.388 -11.691 -11.27 -10.742 -12.42
0.149265 -11.022 -11.358 -11.736 -12.334 -12.513 -12.532 -11.984 -12.374 -12.512 -12.528 -12.417 -12.209 -12.369 -12.53 -12.484 -12.352 -12.178 -12.545 -12.492 -12.359 -12.231 -12.162 -12.458 -12.521 -12.427 -11.739 -11.319 -10.793 -12.456
0.15378 -11.018 -11.358 -11.744 -12.355 -12.542 -12.567 -12.004 -12.397 -12.541 -12.563 -12.456 -12.253 -12.391 -12.561 -12.522 -12.393 -12.222 -12.577 -12.529 -12.401 -12.274 -12.206 -12.495 -12.556 -12.467 -11.786 -11.368 -10.843 -12.492
0.15843 -11.013 -11.356 -11.752 -12.376 -12.571 -12.602 -12.023 -12.419 -12.57 -12.598 -12.496 -12.296 -12.413 -12.592 -12.559 -12.434 -12.265 -12.609 -12.567 -12.442 -12.317 -12.25 -12.532 -12.589 -12.506 -11.833 -11.417 -10.893 -12.528
0.163222 -11.008 -11.355 -11.759 -12.396 -12.599 -12.637 -12.042 -12.441 -12.598 -12.633 -12.535 -12.339 -12.434 -12.623 -12.597 -12.475 -12.309 -12.64 -12.604 -12.483 -12.36 -12.294 -12.569 -12.623 -12.545 -11.88 -11.466 -10.944 -12.564
0.168159 -11.002 -11.352 -11.766 -12.416 -12.628 -12.671 -12.06 -12.462 -12.627 -12.668 -12.574 -12.381 -12.455 -12.653 -12.634 -12.516 -12.352 -12.672 -12.642 -12.523 -12.403 -12.337 -12.605 -12.656 -12.583 -11.927 -11.515 -10.994 -12.599
0.173245 -10.995 -11.349 -11.772 -12.436 -12.655 -12.705 -12.078 -12.483 -12.655 -12.702 -12.613 -12.424 -12.476 -12.683 -12.671 -12.556 -12.395 -12.703 -12.679 -12.564 -12.446 -12.381 -12.641 -12.69 -12.622 -11.973 -11.563 -11.044 -12.634
0.178484 -10.988 -11.345 -11.777 -12.455 -12.683 -12.739 -12.096 -12.504 -12.682 -12.736 -12.651 -12.466 -12.496 -12.713 -12.708 -12.597 -12.438 -12.733 -12.715 -12.604 -12.488 -12.424 -12.677 -12.722 -12.66 -12.02 -11.612 -11.095 -12.669
0.183882 -10.981 -11.341 -11.782 -12.473 -12.71 -12.773 -12.114 -12.524 -12.709 -12.77 -12.69 -12.509 -12.516 -12.743 -12.744 -12.637 -12.481 -12.764 -12.752 -12.644 -12.53 -12.468 -12.713 -12.755 -12.698 -12.067 -11.66 -11.145 -12.704
0.189444 -10.972 -11.336 -11.786 -12.491 -12.737 -12.806 -12.131 -12.543 -12.736 -12.803 -12.728 -12.551 -12.535 -12.772 -12.78 -12.677 -12.524 -12.794 -12.788 -12.684 -12.573 -12.511 -12.748 -12.787 -12.736 -12.113 -11.709 -11.195 -12.739
0.195173 -10.963 -11.33 -11.79 -12.509 -12.763 -12.839 -12.148 -12.562 -12.763 -12.836 -12.766 -12.593 -12.554 -12.801 -12.816 -12.717 -12.566 -12.823 -12.824 -12.724 -12.614 -12.554 -12.783 -12.819 -12.774 -12.159 -11.757 -11.245 -12.773
0.201076 -10.954 -11.323 -11.793 -12.526 -12.789 -12.872 -12.165 -12.581 -12.789 -12.869 -12.804 -12.635 -12.572 -12.829 -12.852 -12.756 -12.608 -12.853 -12.86 -12.764 -12.656 -12.597 -12.818 -12.851 -12.811 -12.206 -11.806 -11.295 -12.807
0.207158 -10.944 -11.316 -11.796 -12.543 -12.815 -12.904 -12.181 -12.599 -12.814 -12.902 -12.841 -12.676 -12.59 -12.857 -12.888 -12.796 -12.651 -12.882 -12.896 -12.803 -12.698 -12.639 -12.853 -12.882 -12.848 -12.252 -11.854 -11.345 -12.841
0.213423 -10.933 -11.308 -11.798 -12.559 -12.84 -12.937 -12.197 -12.617 -12.84 -12.934 -12.878 -12.718 -12.607 -12.885 -12.923 -12.835 -12.693 -12.911 -12.931 -12.843 -12.739 -12.682 -12.887 -12.913 -12.885 -12.298 -11.902 -11.395 -12.874
0.219878 -10.922 -11.299 -11.8 -12.574 -12.865 -12.968 -12.213 -12.634 -12.865 -12.966 -12.916 -12.759 -12.624 -12.912 -12.958 -12.874 -12.735 -12.939 -12.966 -12.882 -12.781 -12.724 -12.921 -12.944 -12.922 -12.344 -11.95 -11.445 -12.908
0.226528 -10.91 -11.289 -11.8 -12.59 -12.889 -13.0 -12.228 -12.651 -12.889 -12.998 -12.952 -12.8 -12.64 -12.939 -12.993 -12.913 -12.776 -12.967 -13.001 -12.921 -12.822 -12.767 -12.955 -12.975 -12.959 -12.39 -11.998 -11.494 -12.941
0.233379 -10.897 -11.279 -11.801 -12.604 -12.913 -13.031 -12.244 -12.667 -12.913 -13.029 -12.989 -12.841 -12.656 -12.966 -13.028 -12.952 -12.818 -12.995 -13.035 -12.959 -12.863 -12.809 -12.989 -13.005 -12.995 -12.435 -12.046 -11.544 -12.974
0.240437 -10.884 -11.268 -11.8 -12.618 -12.937 -13.062 -12.258 -12.683 -12.937 -13.06 -13.025 -12.882 -12.672 -12.992 -13.062 -12.99 -12.859 -13.022 -13.07 -12.998 -12.904 -12.851 -13.023 -13.035 -13.031 -12.481 -12.094 -11.594 -13.006
0.247709 -10.87 -11.256 -11.799 -12.632 -12.96 -13.093 -12.273 -12.698 -12.961 -13.091 -13.062 -12.923 -12.686 -13.018 -13.096 -13.028 -12.901 -13.049 -13.104 -13.036 -12.944 -12.893 -13.056 -13.064 -13.067 -12.527 -12.142 -11.643 -13.039
0.255201 -10.855 -11.243 -11.798 -12.645 -12.983 -13.123 -12.287 -12.713 -12.984 -13.122 -13.097 -12.963 -12.701 -13.044 -13.129 -13.066 -12.942 -13.076 -13.137 -13.074 -12.985 -12.934 -13.089 -13.094 -13.103 -12.572 -12.189 -11.693 -13.071
0.262919 -10.84 -11.229 -11.796 -12.658 -13.005 -13.153 -12.301 -12.728 -13.006 -13.152 -13.133 -13.004 -12.715 -13.069 -13.163 -13.104 -12.983 -13.102 -13.171 -13.112 -13.025 -12.976 -13.121 -13.123 -13.138 -12.617 -12.237 -11.742 -13.102
0.270871 -10.824 -11.215 -11.793 -12.67 -13.027 -13.183 -12.315 -12.741 -13.028 -13.182 -13.168 -13.044 -12.728 -13.094 -13.196 -13.141 -13.023 -13.128 -13.204 -13.149 -13.065 -13.017 -13.154 -13.151 -13.173 -12.662 -12.284 -11.791 -13.134
0.279064 -10.808 -11.2 -11.789 -12.681 -13.049 -13.212 -12.328 -12.755 -13.05 -13.211 -13.204 -13.084 -12.741 -13.118 -13.229 -13.179 -13.064 -13.154 -13.237 -13.187 -13.105 -13.059 -13.186 -13.179 -13.208 -12.707 -12.332 -11.841 -13.165
0.287504 -10.791 -11.184 -11.785 -12.692 -13.07 -13.241 -12.341 -12.767 -13.071 -13.24 -13.239 -13.123 -12.753 -13.142 -13.262 -13.216 -13.104 -13.179 -13.269 -13.224 -13.145 -13.1 -13.218 -13.207 -13.242 -12.752 -12.379 -11.89 -13.196
0.296199 -10.773 -11.167 -11.78 -12.702 -13.091 -13.269 -12.354 -12.779 -13.092 -13.269 -13.273 -13.163 -12.764 -13.166 -13.294 -13.253 -13.144 -13.204 -13.302 -13.261 -13.184 -13.141 -13.249 -13.235 -13.277 -12.797 -12.426 -11.939 -13.227
0.305157 -10.755 -11.149 -11.775 -12.712 -13.111 -13.298 -12.366 -12.791 -13.113 -13.298 -13.308 -13.202 -12.776 -13.189 -13.326 -13.289 -13.184 -13.228 -13.334 -13.297 -13.224 -13.181 -13.28 -13.262 -13.311 -12.841 -12.473 -11.988 -13.257
0.314387 -10.736 -11.131 -11.768 -12.721 -13.131 -13.326 -12.378 -12.802 -13.133 -13.326 -13.342 -13.241 -12.786 -13.212 -13.357 -13.326 -13.224 -13.252 -13.365 -13.334 -13.263 -13.222 -13.311 -13.289 -13.344 -12.886 -12.52 -12.037 -13.287
0.323895 -10.716 -11.111 -11.761 -12.73 -13.15 -13.353 -12.389 -12.812 -13.152 -13.353 -13.375 -13.28 -12.796 -13.234 -13.389 -13.362 -13.263 -13.276 -13.397 -13.37 -13.302 -13.262 -13.342 -13.315 -13.378 -12.93 -12.567 -12.086 -13.317
0.333691 -10.696 -11.091 -11.754 -12.737 -13.169 -13.38 -12.4 -12.822 -13.171 -13.381 -13.409 -13.319 -12.805 -13.256 -13.42 -13.398 -13.303 -13.299 -13.428 -13.406 -13.34 -13.303 -13.372 -13.341 -13.411 -12.974 -12.614 -12.135 -13.347
0.343783 -10.675 -11.069 -11.745 -12.745 -13.187 -13.407 -12.411 -12.832 -13.19 -13.408 -13.442 -13.357 -12.814 -13.278 -13.45 -13.433 -13.342 -13.322 -13.459 -13.441 -13.379 -13.343 -13.402 -13.367 -13.444 -13.018 -12.661 -12.184 -13.376
0.354181 -10.654 -11.047 -11.736 -12.752 -13.205 -13.433 -12.422 -12.84 -13.208 -13.434 -13.475 -13.395 -12.822 -13.299 -13.481 -13.468 -13.381 -13.344 -13.489 -13.477 -13.417 -13.383 -13.432 -13.392 -13.476 -13.062 -12.707 -12.233 -13.405
0.364893 -10.632 -11.024 -11.727 -12.758 -13.223 -13.459 -12.432 -12.848 -13.225 -13.461 -13.508 -13.433 -12.829 -13.319 -13.511 -13.504 -13.419 -13.366 -13.519 -13.512 -13.455 -13.422 -13.462 -13.417 -13.509 -13.106 -12.754 -12.281 -13.434
0.375929 -10.609 -11.0 -11.716 -12.763 -13.239 -13.485 -12.442 -12.856 -13.242 -13.487 -13.54 -13.471 -12.836 -13.339 -13.541 -13.538 -13.458 -13.387 -13.549 -13.547 -13.493 -13.462 -13.491 -13.442 -13.541 -13.15 -12.8 -12.33 -13.462
0.387298 -10.586 -10.975 -11.705 -12.768 -13.256 -13.51 -12.451 -12.863 -13.259 -13.512 -13.572 -13.508 -12.843 -13.359 -13.57 -13.573 -13.496 -13.408 -13.578 -13.581 -13.531 -13.501 -13.519 -13.466 -13.572 -13.193 -12.846 -12.378 -13.49
0.399012 -10.562 -10.949 -11.693 -12.772 -13.272 -13.535 -12.46 -12.869 -13.275 -13.537 -13.604 -13.546 -12.848 -13.378 -13.599 -13.607 -13.534 -13.429 -13.607 -13.616 -13.568 -13.54 -13.548 -13.49 -13.604 -13.237 -12.892 -12.427 -13.518
0.41108 -10.538 -10.922 -11.68 -12.775 -13.287 -13.559 -12.469 -12.874 -13.29 -13.562 -13.636 -13.583 -12.853 -13.397 -13.628 -13.641 -13.572 -13.449 -13.636 -13.65 -13.605 -13.579 -13.576 -13.513 -13.635 -13.28 -12.938 -12.475 -13.545
0.423513 -10.513 -10.894 -11.667 -12.778 -13.302 -13.583 -12.477 -12.879 -13.305 -13.586 -13.667 -13.62 -12.857 -13.415 -13.656 -13.675 -13.609 -13.469 -13.665 -13.684 -13.642 -13.618 -13.604 -13.536 -13.665 -13.323 -12.984 -12.523 -13.572
0.436321 -10.487 -10.865 -11.653 -12.78 -13.316 -13.607 -12.485 -12.883 -13.32 -13.61 -13.697 -13.656 -12.861 -13.433 -13.684 -13.708 -13.647 -13.488 -13.693 -13.717 -13.679 -13.656 -13.631 -13.559 -13.696 -13.366 -13.03 -12.571 -13.599
0.449518 -10.461 -10.835 -11.637 -12.781 -13.33 -13.63 -12.492 -12.887 -13.334 -13.633 -13.728 -13.692 -12.864 -13.45 -13.711 -13.741 -13.684 -13.507 -13.72 -13.75 -13.715 -13.695 -13.658 -13.581 -13.726 -13.408 -13.076 -12.619 -13.625
0.463113 -10.435 -10.803 -11.622 -12.782 -13.343 -13.653 -12.499 -12.89 -13.347 -13.656 -13.758 -13.728 -12.866 -13.467 -13.738 -13.774 -13.72 -13.525 -13.747 -13.783 -13.751 -13.733 -13.685 -13.602 -13.755 -13.451 -13.121 -12.667 -13.651
0.47712 -10.407 -10.771 -11.605 -12.782 -13.355 -13.675 -12.506 -12.892 -13.36 -13.678 -13.788 -13.764 -12.867 -13.483 -13.765 -13.806 -13.757 -13.542 -13.774 -13.816 -13.787 -13.77 -13.711 -13.623 -13.785 -13.493 -13.167 -12.715 -13.677
0.49155 -10.38 -10.738 -11.587 -12.781 -13.367 -13.696 -12.512 -12.893 -13.372 -13.7 -13.817 -13.8 -12.868 -13.499 -13.791 -13.838 -13.793 -13.56 -13.801 -13.848 -13.823 -13.808 -13.737 -13.644 -13.814 -13.535 -13.212 -12.763 -13.702
0.506416 -10.352 -10.703 -11.569 -12.78 -13.378 -13.718 -12.518 -12.894 -13.383 -13.722 -13.846 -13.835 -12.868 -13.514 -13.817 -13.87 -13.829 -13.576 -13.827 -13.88 -13.858 -13.845 -13.763 -13.664 -13.842 -13.577 -13.257 -12.81 -13.727
0.521733 -10.323 -10.668 -11.55 -12.777 -13.389 -13.738 -12.523 -12.894 -13.394 -13.743 -13.875 -13.87 -12.867 -13.528 -13.843 -13.901 -13.865 -13.592 -13.852 -13.911 -13.893 -13.882 -13.788 -13.684 -13.87 -13.619 -13.302 -12.858 -13.752
0.537512 -10.294 -10.631 -11.53 -12.774 -13.399 -13.759 -12.528 -12.893 -13.405 -13.764 -13.903 -13.905 -12.865 -13.542 -13.868 -13.933 -13.9 -13.608 -13.878 -13.943 -13.928 -13.919 -13.813 -13.703 -13.898 -13.661 -13.347 -12.905 -13.776
0.553769 -10.265 -10.593 -11.509 -12.77 -13.409 -13.778 -12.532 -12.891 -13.414 -13.784 -13.931 -13.939 -12.863 -13.556 -13.893 -13.963 -13.936 -13.623 -13.903 -13.974 -13.962 -13.956 -13.837 -13.722 -13.926 -13.702 -13.392 -12.953 -13.8
0.570517 -10.235 -10.554 -11.487 -12.765 -13.417 -13.798 -12.536 -12.889 -13.424 -13.803 -13.959 -13.973 -12.86 -13.568 -13.917 -13.994 -13.971 -13.638 -13.927 -14.004 -13.996 -13.992 -13.861 -13.74 -13.953 -13.743 -13.436 -13.0 -13.823
0.587772 -10.205 -10.514 -11.465 -12.76 -13.426 -13.816 -12.54 -12.886 -13.432 -13.822 -13.986 -14.007 -12.856 -13.581 -13.941 -14.024 -14.005 -13.652 -13.951 -14.034 -14.03 -14.028 -13.885 -13.758 -13.98 -13.784 -13.481 -13.047 -13.846
0.605549 -10.174 -10.473 -11.441 -12.753 -13.433 -13.835 -12.543 -12.882 -13.44 -13.841 -14.013 -14.04 -12.851 -13.592 -13.964 -14.053 -14.039 -13.665 -13.974 -14.064 -14.064 -14.064 -13.908 -13.775 -14.006 -13.825 -13.525 -13.094 -13.869
0.623863 -10.143 -10.43 -11.417 -12.746 -13.44 -13.852 -12.545 -12.877 -13.447 -13.859 -14.039 -14.073 -12.845 -13.603 -13.987 -14.083 -14.073 -13.678 -13.997 -14.094 -14.097 -14.1 -13.931 -13.792 -14.032 -13.866 -13.569 -13.141 -13.891
0.642731 -10.112 -10.386 -11.391 -12.738 -13.446 -13.869 -12.547 -12.872 -13.453 -13.876 -14.065 -14.106 -12.839 -13.613 -14.009 -14.112 -14.107 -13.69 -14.02 -14.123 -14.13 -14.135 -13.953 -13.808 -14.057 -13.906 -13.613 -13.188 -13.913
0.66217 -10.081 -10.341 -11.365 -12.729 -13.451 -13.886 -12.549 -12.865 -13.459 -13.893 -14.091 -14.139 -12.832 -13.623 -14.031 -14.14 -14.141 -13.701 -14.042 -14.151 -14.163 -14.17 -13.975 -13.824 -14.082 -13.946 -13.657 -13.235 -13.935
0.682197 -10.05 -10.295 -11.338 -12.719 -13.456 -13.902 -12.55 -12.858 -13.464 -13.91 -14.116 -14.171 -12.823 -13.632 -14.052 -14.168 -14.174 -13.712 -14.064 -14.18 -14.195 -14.205 -13.996 -13.839 -14.107 -13.986 -13.7 -13.281 -13.956
0.70283 -10.018 -10.247 -11.31 -12.708 -13.46 -13.917 -12.551 -12.85 -13.468 -13.926 -14.141 -14.203 -12.814 -13.641 -14.073 -14.196 -14.206 -13.723 -14.085 -14.208 -14.227 -14.239 -14.017 -13.854 -14.131 -14.026 -13.744 -13.327 -13.976
0.724086 -9.986 -10.198 -11.281 -12.696 -13.463 -13.932 -12.551 -12.84 -13.472 -13.941 -14.165 -14.234 -12.804 -13.648 -14.094 -14.223 -14.239 -13.732 -14.105 -14.235 -14.259 -14.274 -14.038 -13.867 -14.154 -14.065 -13.787 -13.374 -13.997
0.745986 -9.954 -10.147 -11.25 -12.684 -13.466 -13.946 -12.55 -12.83 -13.475 -13.955 -14.188 -14.265 -12.793 -13.655 -14.113 -14.25 -14.271 -13.741 -14.125 -14.262 -14.29 -14.307 -14.058 -13.881 -14.178 -14.105 -13.83 -13.42 -14.016
0.768548 -9.923 -10.095 -11.219 -12.67 -13.467 -13.96 -12.549 -12.819 -13.477 -13.969 -14.212 -14.296 -12.781 -13.662 -14.133 -14.277 -14.302 -13.75 -14.145 -14.289 -14.321 -14.341 -14.077 -13.894 -14.2 -14.144 -13.873 -13.466 -14.036
0.791792 -9.891 -10.042 -11.187 -12.655 -13.468 -13.973 -12.547 -12.807 -13.478 -13.983 -14.235 -14.326 -12.768 -13.667 -14.152 -14.303 -14.334 -13.758 -14.164 -14.315 -14.351 -14.374 -14.096 -13.906 -14.223 -14.183 -13.916 -13.512 -14.055
0.815739 -9.859 -9.987 -11.154 -12.639 -13.468 -13.985 -12.545 -12.795 -13.479 -13.995 -14.257 -14.356 -12.754 -13.672 -14.17 -14.328 -14.365 -13.765 -14.182 -14.341 -14.381 -14.407 -14.115 -13.917 -14.244 -14.221 -13.958 -13.558 -14.073
0.840411 -9.828 -9.931 -11.12 -12.623 -13.468 -13.996 -12.542 -12.781 -13.478 -14.008 -14.279 -14.386 -12.739 -13.676 -14.187 -14.353 -14.395 -13.771 -14.2 -14.366 -14.411 -14.44 -14.133 -13.928 -14.266 -14.259 -14.001 -13.603 -14.091
0.865828 -9.797 -9.874 -11.084 -12.605 -13.466 -14.007 -12.539 -12.766 -13.477 -14.019 -14.3 -14.415 -12.723 -13.679 -14.204 -14.378 -14.425 -13.776 -14.218 -14.391 -14.441 -14.472 -14.15 -13.938 -14.286 -14.297 -14.043 -13.649 -14.108
0.892015 -9.766 -9.814 -11.048 -12.586 -13.464 -14.018 -12.535 -12.75 -13.475 -14.03 -14.321 -14.444 -12.706 -13.682 -14.221 -14.402 -14.455 -13.781 -14.234 -14.415 -14.469 -14.504 -14.167 -13.948 -14.306 -14.335 -14.085 -13.694 -14.125
0.918993 -9.735 -9.754 -11.011 -12.566 -13.46 -14.027 -12.531 -12.733 -13.473 -14.04 -14.341 -14.473 -12.688 -13.684 -14.237 -14.426 -14.485 -13.785 -14.25 -14.439 -14.498 -14.535 -14.184 -13.957 -14.326 -14.373 -14.127 -13.739 -14.142
0.946787 -9.705 -9.691 -10.972 -12.545 -13.456 -14.036 -12.525 -12.715 -13.469 -14.049 -14.361 -14.501 -12.669 -13.685 -14.252 -14.449 -14.514 -13.789 -14.266 -14.463 -14.526 -14.566 -14.2 -13.965 -14.345 -14.41 -14.168 -13.784 -14.158
0.975422 -9.676 -9.627 -10.932 -12.523 -13.451 -14.044 -12.52 -12.695 -13.464 -14.058 -14.38 -14.528 -12.648 -13.685 -14.266 -14.472 -14.542 -13.791 -14.281 -14.486 -14.554 -14.597 -14.215 -13.972 -14.364 -14.447 -14.21 -13.829 -14.173
1.004923 -9.647 -9.562 -10.891 -12.499 -13.445 -14.051 -12.513 -12.675 -13.459 -14.066 -14.399 -14.555 -12.627 -13.684 -14.28 -14.494 -14.57 -13.793 -14.295 -14.508 -14.581 -14.627 -14.23 -13.979 -14.382 -14.483 -14.251 -13.874 -14.188
1.035317 -9.619 -9.494 -10.85 -12.475 -13.438 -14.058 -12.506 -12.654 -13.452 -14.073 -14.417 -14.582 -12.604 -13.682 -14.294 -14.515 -14.598 -13.794 -14.309 -14.53 -14.608 -14.657 -14.244 -13.985 -14.399 -14.52 -14.292 -13.919 -14.203
1.066629 -9.591 -9.426 -10.806 -12.449 -13.43 -14.064 -12.498 -12.631 -13.445 -14.079 -14.434 -14.608 -12.58 -13.68 -14.306 -14.536 -14.625 -13.794 -14.322 -14.551 -14.634 -14.687 -14.257 -13.99 -14.416 -14.556 -14.332 -13.963 -14.216
1.098888 -9.564 -9.355 -10.762 -12.422 -13.421 -14.068 -12.49 -12.607 -13.436 -14.085 -14.451 -14.634 -12.555 -13.676 -14.318 -14.557 -14.652 -13.793 -14.334 -14.572 -14.66 -14.716 -14.27 -13.994 -14.432 -14.591 -14.373 -14.007 -14.23
1.132124 -9.539 -9.282 -10.717 -12.393 -13.411 -14.073 -12.48 -12.582 -13.427 -14.089 -14.467 -14.659 -12.528 -13.672 -14.329 -14.576 -14.678 -13.791 -14.345 -14.592 -14.685 -14.745 -14.283 -13.998 -14.447 -14.627 -14.413 -14.051 -14.242
1.166364 -9.514 -9.208 -10.67 -12.364 -13.4 -14.076 -12.47 -12.556 -13.416 -14.093 -14.482 -14.684 -12.501 -13.667 -14.34 -14.596 -14.704 -13.789 -14.356 -14.612 -14.71 -14.773 -14.294 -14.001 -14.462 -14.662 -14.453 -14.095 -14.255
1.20164 -9.49 -9.132 -10.622 -12.333 -13.388 -14.078 -12.46 -12.528 -13.405 -14.096 -14.497 -14.708 -12.472 -13.66 -14.349 -14.614 -14.729 -13.785 -14.366 -14.63 -14.734 -14.801 -14.305 -14.003 -14.476 -14.696 -14.493 -14.139 -14.266
1.237983 -9.467 -9.054 -10.573 -12.3 -13.374 -14.08 -12.448 -12.499 -13.392 -14.098 -14.511 -14.732 -12.441 -13.653 -14.358 -14.632 -14.754 -13.781 -14.375 -14.649 -14.758 -14.828 -14.315 -14.004 -14.49 -14.731 -14.532 -14.182 -14.277
1.275425 -9.446 -8.974 -10.522 -12.267 -13.36 -14.08 -12.436 -12.469 -13.379 -14.1 -14.525 -14.755 -12.409 -13.645 -14.366 -14.65 -14.778 -13.776 -14.384 -14.666 -14.781 -14.855 -14.325 -14.004 -14.503 -14.765 -14.571 -14.225 -14.287
1.313999 -9.425 -8.892 -10.47 -12.231 -13.344 -14.08 -12.423 -12.437 -13.364 -14.1 -14.538 -14.777 -12.376 -13.635 -14.373 -14.666 -14.802 -13.769 -14.392 -14.684 -14.804 -14.881 -14.334 -14.004 -14.515 -14.798 -14.61 -14.269 -14.297
1.35374 -9.406 -8.808 -10.417 -12.195 -13.328 -14.079 -12.409 -12.404 -13.348 -14.1 -14.55 -14.799 -12.342 -13.625 -14.38 -14.682 -14.825 -13.762 -14.399 -14.7 -14.826 -14.907 -14.342 -14.002 -14.526 -14.831 -14.649 -14.311 -14.306
1.394683 -9.388 -8.722 -10.363 -12.157 -13.31 -14.076 -12.394 -12.369 -13.331 -14.098 -14.561 -14.821 -12.305 -13.613 -14.385 -14.698 -14.847 -13.754 -14.405 -14.716 -14.848 -14.933 -14.349 -14.0 -14.537 -14.864 -14.687 -14.354 -14.315
1.436864 -9.372 -8.634 -10.307 -12.117 -13.291 -14.073 -12.378 -12.333 -13.312 -14.095 -14.572 -14.841 -12.268 -13.601 -14.39 -14.712 -14.869 -13.745 -14.41 -14.731 -14.869 -14.957 -14.356 -13.996 -14.546 -14.896 -14.725 -14.396 -14.322
1.480321 -9.356 -8.544 -10.249 -12.076 -13.27 -14.069 -12.362 -12.295 -13.293 -14.092 -14.582 -14.862 -12.229 -13.587 -14.394 -14.726 -14.891 -13.734 -14.414 -14.745 -14.889 -14.982 -14.362 -13.992 -14.555 -14.928 -14.763 -14.439 -14.329
1.525092 -9.343 -8.452 -10.191 -12.033 -13.248 -14.063 -12.344 -12.256 -13.272 -14.087 -14.591 -14.881 -12.188 -13.572 -14.397 -14.739 -14.911 -13.723 -14.418 -14.758 -14.908 -15.005 -14.367 -13.986 -14.564 -14.96 -14.8 -14.481 -14.336
1.571218 -9.33 -8.358 -10.131 -11.988 -13.225 -14.057 -12.326 -12.215 -13.249 -14.082 -14.599 -14.9 -12.145 -13.555 -14.399 -14.752 -14.931 -13.71 -14.42 -14.771 -14.927 -15.029 -14.371 -13.98 -14.571 -14.991 -14.837 -14.522 -14.341
1.618738 -9.319 -8.261 -10.069 -11.942 -13.201 -14.049 -12.307 -12.173 -13.226 -14.075 -14.606 -14.918 -12.101 -13.538 -14.4 -14.763 -14.951 -13.696 -14.422 -14.783 -14.946 -15.051 -14.374 -13.972 -14.577 -15.022 -14.874 -14.564 -14.346
1.667696 -9.309 -8.162 -10.006 -11.894 -13.175 -14.04 -12.286 -12.129 -13.201 -14.067 -14.613 -14.936 -12.055 -13.519 -14.399 -14.774 -14.97 -13.681 -14.423 -14.794 -14.963 -15.073 -14.377 -13.964 -14.583 -15.052 -14.91 -14.605 -14.35
1.718134 -9.301 -8.061 -9.942 -11.844 -13.148 -14.03 -12.265 -12.083 -13.174 -14.058 -14.618 -14.953 -12.007 -13.499 -14.398 -14.784 -14.988 -13.665 -14.422 -14.804 -14.98 -15.094 -14.378 -13.954 -14.588 -15.082 -14.946 -14.646 -14.354
1.770098 -9.294 -7.958 -9.875 -11.792 -13.119 -14.019 -12.243 -12.035 -13.146 -14.048 -14.623 -14.969 -11.958 -13.477 -14.396 -14.793 -15.005 -13.648 -14.421 -14.814 -14.996 -15.115 -14.379 -13.943 -14.591 -15.111 -14.982 -14.686 -14.356
1.823633 -9.288 -7.852 -9.808 -11.738 -13.088 -14.007 -12.219 -11.986 -13.117 -14.036 -14.626 -14.984 -11.906 -13.454 -14.393 -14.801 -15.022 -13.629 -14.418 -14.822 -15.012 -15.135 -14.378 -13.931 -14.594 -15.139 -15.017 -14.727 -14.358
1.878788 -9.284 -7.744 -9.739 -11.682 -13.056 -13.993 -12.194 -11.934 -13.086 -14.023 -14.629 -14.999 -11.853 -13.43 -14.388 -14.808 -15.037 -13.61 -14.415 -14.83 -15.026 -15.154 -14.377 -13.918 -14.596 -15.168 -15.052 -14.767 -14.359
1.93561 -9.281 -7.633 -9.668 -11.625 -13.023 -13.978 -12.169 -11.881 -13.054 -14.009 -14.631 -15.012 -11.797 -13.404 -14.383 -14.814 -15.052 -13.588 -14.41 -14.837 -15.04 -15.173 -14.375 -13.903 -14.597 -15.195 -15.086 -14.807 -14.359
1.994152 -9.279 -7.521 -9.595 -11.565 -12.987 -13.961 -12.142 -11.825 -13.019 -13.994 -14.631 -15.025 -11.74 -13.376 -14.376 -14.819 -15.067 -13.566 -14.404 -14.842 -15.053 -15.191 -14.371 -13.887 -14.596 -15.222 -15.12 -14.846 -14.358
2.054463 -9.278 -7.405 -9.521 -11.503 -12.95 -13.943 -12.114 -11.767 -12.983 -13.977 -14.631 -15.037 -11.68 -13.347 -14.368 -14.823 -15.08 -13.542 -14.397 -14.847 -15.065 -15.208 -14.367 -13.87 -14.595 -15.249 -15.154 -14.885 -14.357
2.116599 -9.278 -7.288 -9.445 -11.439 -12.911 -13.924 -12.084 -11.708 -12.946 -13.959 -14.629 -15.049 -11.618 -13.317 -14.359 -14.826 -15.092 -13.516 -14.388 -14.851 -15.076 -15.224 -14.361 -13.851 -14.592 -15.274 -15.187 -14.924 -14.354
2.180614 -9.279 -7.168 -9.367 -11.372 -12.871 -13.903 -12.054 -11.646 -12.906 -13.939 -14.627 -15.059 -11.554 -13.284 -14.348 -14.828 -15.104 -13.49 -14.379 -14.853 -15.086 -15.24 -14.354 -13.831 -14.589 -15.3 -15.219 -14.962 -14.351
2.246566 -9.281 -7.046 -9.288 -11.303 -12.828 -13.88 -12.022 -11.581 -12.865 -13.918 -14.623 -15.068 -11.487 -13.25 -14.336 -14.829 -15.115 -13.461 -14.368 -14.855 -15.096 -15.255 -14.346 -13.809 -14.584 -15.324 -15.251 -15.0 -14.346
2.314511 -9.283 -6.922 -9.206 -11.232 -12.783 -13.856 -11.988 -11.515 -12.822 -13.895 -14.618 -15.077 -11.418 -13.214 -14.323 -14.829 -15.124 -13.431 -14.355 -14.855 -15.104 -15.268 -14.337 -13.786 -14.578 -15.348 -15.283 -15.038 -14.341
2.384512 -9.287 -6.795 -9.123 -11.158 -12.737 -13.83 -11.954 -11.446 -12.776 -13.87 -14.611 -15.084 -11.346 -13.176 -14.308 -14.828 -15.133 -13.4 -14.342 -14.854 -15.111 -15.281 -14.327 -13.762 -14.57 -15.371 -15.314 -15.076 -14.334
2.45663 -9.291 -6.667 -9.038 -11.081 -12.688 -13.803 -11.917 -11.374 -12.729 -13.844 -14.604 -15.09 -11.272 -13.137 -14.291 -14.825 -15.14 -13.367 -14.326 -14.852 -15.117 -15.293 -14.315 -13.735 -14.561 -15.394 -15.345 -15.112 -14.327
2.530929 -9.296 -6.537 -8.95 -11.002 -12.637 -13.773 -11.88 -11.3 -12.679 -13.816 -14.594 -15.095 -11.195 -13.095 -14.273 -14.821 -15.147 -13.332 -14.31 -14.849 -15.123 -15.304 -14.302 -13.707 -14.551 -15.415 -15.375 -15.149 -14.318
2.607475 -9.302 -6.442 -8.887 -10.944 -12.6 -13.753 -11.853 -11.245 -12.644 -13.797 -14.589 -15.101 -11.139 -13.065 -14.261 -14.82 -15.154 -13.307 -14.299 -14.848 -15.128 -15.315 -14.294 -13.688 -14.545 -15.434 -15.399 -15.178 -14.313
2.686337 -9.312 -6.452 -8.897 -10.954 -12.61 -13.763 -11.863 -11.255 -12.654 -13.806 -14.599 -15.111 -11.149 -13.075 -14.271 -14.829 -15.163 -13.317 -14.309 -14.858 -15.138 -15.324 -14.304 -13.698 -14.555 -15.443 -15.409 -15.188 -14.323
2.767583 -9.321 -6.461 -8.906 -10.963 -12.619 -13.772 -11.872 -11.264 -12.663 -13.816 -14.608 -15.12 -11.158 -13.084 -14.28 -14.839 -15.173 -13.326 -14.318 -14.867 -15.147 -15.334 -14.313 -13.707 -14.564 -15.453 -15.418 -15.197 -14.332
2.851287 -9.33 -6.47 -8.915 -10.972 -12.628 -13.781 -11.881 -11.273 -12.672 -13.825 -14.617 -15.129 -11.167 -13.093 -14.289 -14.847 -15.181 -13.335 -14.327 -14.876 -15.156 -15.342 -14.322 -13.716 -14.573 -15.461 -15.427 -15.206 -14.341
2.937522 -9.338 -6.479 -8.923 -10.98 -12.636 -13.789 -11.889 -11.282 -12.68 -13.833 -14.626 -15.137 -11.175 -13.101 -14.298 -14.856 -15.19 -13.344 -14.335 -14.884 -15.164 -15.351 -14.33 -13.724 -14.581 -15.47 -15.435 -15.214 -14.35
3.026365 -9.346 -6.486 -8.931 -10.988 -12.644 -13.797 -11.897 -11.289 -12.688 -13.841 -14.633 -15.145 -11.183 -13.109 -14.305 -14.864 -15.198 -13.351 -14.343 -14.892 -15.172 -15.358 -14.338 -13.732 -14.589 -15.477 -15.443 -15.222 -14.357
3.117896 -9.354 -6.494 -8.938 -10.995 -12.651 -13.804 -11.904 -11.297 -12.695 -13.848 -14.641 -15.152 -11.191 -13.117 -14.313 -14.871 -15.205 -13.359 -14.35 -14.9 -15.179 -15.366 -14.345 -13.739 -14.597 -15.485 -15.45 -15.23 -14.365
3.212194 -9.36 -6.5 -8.945 -11.002 -12.658 -13.811 -11.911 -11.303 -12.702 -13.855 -14.647 -15.159 -11.197 -13.123 -14.319 -14.878 -15.212 -13.365 -14.357 -14.906 -15.186 -15.373 -14.352 -13.746 -14.603 -15.492 -15.457 -15.236 -14.371
3.309345 -9.367 -6.507 -8.951 -11.008 -12.664 -13.817 -11.917 -11.31 -12.708 -13.861 -14.654 -15.165 -11.203 -13.13 -14.326 -14.884 -15.218 -13.372 -14.363 -14.912 -15.192 -15.379 -14.358 -13.752 -14.61 -15.498 -15.463 -15.243 -14.378
3.409434 -9.372 -6.512 -8.957 -11.014 -12.67 -13.823 -11.923 -11.315 -12.714 -13.867 -14.659 -15.171 -11.209 -13.135 -14.331 -14.889 -15.224 -13.377 -14.369 -14.918 -15.198 -15.384 -14.364 -13.758 -14.615 -15.503 -15.469 -15.248 -14.383
3.51255 -9.377 -6.517 -8.962 -11.019 -12.675 -13.828 -11.928 -11.32 -12.719 -13.872 -14.664 -15.176 -11.214 -13.14 -14.336 -14.894 -15.229 -13.382 -14.374 -14.923 -15.203 -15.389 -14.369 -13.763 -14.62 -15.508 -15.474 -15.253 -14.388
3.618785 -9.382 -6.522 -8.966 -11.023 -12.679 -13.832 -11.932 -11.325 -12.723 -13.876 -14.669 -15.18 -11.218 -13.144 -14.341 -14.899 -15.233 -13.387 -14.378 -14.927 -15.207 -15.394 -14.373 -13.767 -14.624 -15.513 -15.478 -15.257 -14.393
3.728232 -9.385 -6.525 -8.97 -11.027 -12.683 -13.836 -11.936 -11.328 -12.727 -13.88 -14.672 -15.184 -11.222 -13.148 -14.344 -14.902 -15.237 -13.39 -14.382 -14.931 -15.211 -15.397 -14.377 -13.771 -14.628 -15.516 -15.482 -15.261 -14.396
3.84099 -9.388 -6.528 -8.973 -11.03 -12.686 -13.839 -11.939 -11.331 -12.73 -13.883 -14.675 -15.187 -11.225 -13.151 -14.347 -14.905 -15.239 -13.393 -14.385 -14.934 -15.214 -15.4 -14.38 -13.774 -14.631 -15.519 -15.485 -15.264 -14.399
3.957158 -9.39 -6.53 -8.975 -11.032 -12.688 -13.841 -11.941 -11.333 -12.732 -13.885 -14.677 -15.189 -11.227 -13.153 -14.349 -14.908 -15.242 -13.395 -14.387 -14.936 -15.216 -15.402 -14.382 -13.776 -14.633 -15.521 -15.487 -15.266 -14.401
4.07684 -9.392 -6.532 -8.976 -11.034 -12.69 -13.842 -11.942 -11.335 -12.733 -13.886 -14.679 -15.19 -11.229 -13.155 -14.351 -14.909 -15.243 -13.397 -14.388 -14.938 -15.217 -15.404 -14.384 -13.777 -14.635 -15.523 -15.488 -15.268 -14.403
4.200141 -9.392 -6.532 -8.977 -11.034 -12.69 -13.843 -11.943 -11.335 -12.734 -13.887 -14.679 -15.191 -11.229 -13.155 -14.351 -14.91 -15.244 -13.397 -14.389 -14.938 -15.218 -15.404 -14.384 -13.778 -14.635 -15.523 -15.489 -15.268 -14.403
4.327172 -9.392 -6.532 -8.977 -11.034 -12.69 -13.843 -11.943 -11.335 -12.734 -13.886 -14.679 -15.191 -11.229 -13.155 -14.351 -14.909 -15.243 -13.397 -14.389 -14.938 -15.218 -15.404 -14.384 -13.778 -14.635 -15.523 -15.489 -15.268 -14.403
4.458044 -9.391 -6.531 -8.975 -11.033 -12.689 -13.841 -11.942 -11.334 -12.732 -13.885 -14.678 -15.189 -11.228 -13.154 -14.35 -14.908 -15.242 -13.396 -14.387 -14.937 -15.217 -15.403 -14.383 -13.776 -14.634 -15.522 -15.487 -15.267 -14.402
4.592874 -9.389 -6.529 -8.973 -11.03 -12.686 -13.839 -11.939 -11.332 -12.73 -13.883 -14.676 -15.187 -11.226 -13.152 -14.348 -14.906 -15.24 -13.394 -14.385 -14.935 -15.214 -15.401 -14.38 -13.774 -14.632 -15.52 -15.485 -15.265 -14.4
4.731783 -9.385 -6.526 -8.97 -11.027 -12.683 -13.836 -11.936 -11.329 -12.727 -13.88 -14.673 -15.184 -11.222 -13.148 -14.345 -14.903 -15.237 -13.391 -14.382 -14.931 -15.211 -15.398 -14.377 -13.771 -14.628 -15.517 -15.482 -15.261 -14.397
4.874892 -9.381 -6.521 -8.966 -11.023 -12.679 -13.832 -11.932 -11.324 -12.723 -13.876 -14.668 -15.18 -11.218 -13.144 -14.34 -14.898 -15.233 -13.386 -14.378 -14.927 -15.207 -15.393 -14.373 -13.767 -14.624 -15.512 -15.478 -15.257 -14.392
5.02233 -9.376 -6.516 -8.96 -11.018 -12.674 -13.827 -11.927 -11.319 -12.718 -13.87 -14.663 -15.175 -11.213 -13.139 -14.335 -14.893 -15.227 -13.381 -14.372 -14.922 -15.202 -15.388 -14.368 -13.762 -14.619 -15.507 -15.473 -15.252 -14.387
5.174227 -9.369 -6.509 -8.954 -11.011 -12.667 -13.82 -11.92 -11.312 -12.711 -13.864 -14.656 -15.168 -11.206 -13.132 -14.328 -14.887 -15.221 -13.374 -14.366 -14.915 -15.195 -15.382 -14.361 -13.755 -14.612 -15.501 -15.466 -15.245 -14.38
5.330718 -9.362 -6.502 -8.946 -11.003 -12.659 -13.812 -11.912 -11.305 -12.703 -13.856 -14.649 -15.16 -11.199 -13.125 -14.321 -14.879 -15.213 -13.367 -14.358 -14.908 -15.187 -15.374 -14.353 -13.747 -14.605 -15.493 -15.458 -15.238 -14.373
5.491942 -9.353 -6.493 -8.937 -10.994 -12.65 -13.803 -11.903 -11.296 -12.694 -13.847 -14.64 -15.151 -11.189 -13.116 -14.312 -14.87 -15.204 -13.358 -14.349 -14.898 -15.178 -15.365 -14.344 -13.738 -14.595 -15.484 -15.449 -15.228 -14.364
5.658042 -9.342 -6.482 -8.927 -10.984 -12.64 -13.793 -11.893 -11.285 -12.684 -13.836 -14.629 -15.141 -11.179 -13.105 -14.301 -14.859 -15.193 -13.347 -14.339 -14.888 -15.168 -15.354 -14.334 -13.728 -14.585 -15.473 -15.439 -15.218 -14.353
5.829166 -9.33 -6.47 -8.915 -10.972 -12.628 -13.781 -11.881 -11.273 -12.672 -13.825 -14.617 -15.129 -11.167 -13.093 -14.289 -14.847 -15.181 -13.335 -14.327 -14.876 -15.156 -15.342 -14.322 -13.716 -14.573 -15.461 -15.427 -15.206 -14.341
6.005465 -9.317 -6.457 -8.901 -10.959 -12.615 -13.767 -11.867 -11.26 -12.658 -13.811 -14.604 -15.115 -11.154 -13.08 -14.276 -14.834 -15.168 -13.322 -14.313 -14.863 -15.142 -15.329 -14.309 -13.702 -14.56 -15.448 -15.413 -15.193 -14.328
6.187096 -9.302 -6.442 -8.886 -10.943 -12.599 -13.752 -11.852 -11.245 -12.643 -13.796 -14.589 -15.1 -11.139 -13.065 -14.261 -14.819 -15.153 -13.307 -14.298 -14.848 -15.127 -15.314 -14.293 -13.687 -14.545 -15.433 -15.398 -15.178 -14.313
6.37422 -9.285 -6.425 -8.869 -10.927 -12.583 -13.735 -11.836 -11.228 -12.626 -13.779 -14.572 -15.084 -11.122 -13.048 -14.244 -14.802 -15.136 -13.29 -14.281 -14.831 -15.111 -15.297 -14.277 -13.67 -14.528 -15.416 -15.381 -15.161 -14.296
6.567004 -9.266 -6.406 -8.851 -10.908 -12.564 -13.717 -11.817 -11.209 -12.608 -13.761 -14.553 -15.065 -11.103 -13.029 -14.225 -14.783 -15.118 -13.271 -14.263 -14.812 -15.092 -15.278 -14.258 -13.652 -14.509 -15.397 -15.363 -15.142 -14.277
6.765619 -9.246 -6.386 -8.83 -10.888 -12.544 -13.696 -11.796 -11.189 -12.587 -13.74 -14.533 -15.044 -11.083 -13.009 -14.205 -14.763 -15.097 -13.251 -14.242 -14.792 -15.071 -15.258 -14.237 -13.631 -14.489 -15.377 -15.342 -15.122 -14.257
6.97024 -9.223 -6.363 -8.808 -10.865 -12.521 -13.674 -11.774 -11.166 -12.565 -13.718 -14.51 -15.022 -11.06 -12.986 -14.182 -14.74 -15.074 -13.228 -14.22 -14.769 -15.049 -15.235 -14.215 -13.609 -14.466 -15.354 -15.32 -15.099 -14.234
7.181051 -9.198 -6.338 -8.783 -10.84 -12.496 -13.649 -11.749 -11.142 -12.54 -13.693 -14.486 -14.997 -11.035 -12.961 -14.158 -14.716 -15.05 -13.204 -14.195 -14.744 -15.024 -15.211 -14.19 -13.584 -14.441 -15.33 -15.295 -15.074 -14.21
7.398237 -9.172 -6.312 -8.756 -10.813 -12.469 -13.622 -11.722 -11.115 -12.513 -13.666 -14.459 -14.97 -11.008 -12.935 -14.131 -14.689 -15.023 -13.177 -14.168 -14.717 -14.997 -15.184 -14.163 -13.557 -14.414 -15.303 -15.268 -15.047 -14.183
7.621991 -9.142 -6.282 -8.727 -10.784 -12.44 -13.593 -11.693 -11.085 -12.484 -13.637 -14.429 -14.941 -10.979 -12.905 -14.101 -14.659 -14.994 -13.147 -14.139 -14.688 -14.968 -15.154 -14.134 -13.528 -14.385 -15.273 -15.239 -15.018 -14.153
7.852513 -9.11 -6.25 -8.695 -10.752 -12.408 -13.561 -11.661 -11.053 -12.452 -13.605 -14.397 -14.909 -10.947 -12.873 -14.069 -14.628 -14.962 -13.115 -14.107 -14.656 -14.936 -15.122 -14.102 -13.496 -14.353 -15.242 -15.207 -14.986 -14.121
8.090007 -9.076 -6.216 -8.66 -10.718 -12.374 -13.526 -11.627 -11.019 -12.417 -13.57 -14.363 -14.874 -10.913 -12.839 -14.035 -14.593 -14.927 -13.081 -14.072 -14.622 -14.902 -15.088 -14.068 -13.461 -14.319 -15.207 -15.172 -14.952 -14.087
8.334684 -9.038 -6.178 -8.623 -10.68 -12.336 -13.489 -11.589 -10.982 -12.38 -13.533 -14.326 -14.837 -10.875 -12.801 -13.998 -14.556 -14.89 -13.044 -14.035 -14.584 -14.864 -15.051 -14.03 -13.424 -14.281 -15.17 -15.135 -14.914 -14.049
8.586761 -8.998 -6.138 -8.583 -10.64 -12.296 -13.449 -11.549 -10.941 -12.34 -13.493 -14.285 -14.797 -10.835 -12.761 -13.957 -14.515 -14.849 -13.003 -13.995 -14.544 -14.824 -15.01 -13.99 -13.384 -14.241 -15.129 -15.095 -14.874 -14.009
8.846461 -8.955 -6.095 -8.539 -10.596 -12.252 -13.405 -11.505 -10.898 -12.296 -13.449 -14.242 -14.753 -10.792 -12.718 -13.914 -14.472 -14.806 -12.96 -13.951 -14.501 -14.78 -14.967 -13.946 -13.34 -14.198 -15.086 -15.051 -14.831 -13.966
9.114017 -8.908 -6.048 -8.492 -10.55 -12.206 -13.358 -11.459 -10.851 -12.249 -13.402 -14.195 -14.706 -10.745 -12.671 -13.867 -14.425 -14.759 -12.913 -13.904 -14.454 -14.734 -14.92 -13.9 -13.293 -14.151 -15.039 -15.004 -14.784 -13.919
9.389664 -8.857 -5.997 -8.442 -10.499 -12.155 -13.308 -11.408 -10.801 -12.199 -13.352 -14.145 -14.656 -10.694 -12.62 -13.817 -14.375 -14.709 -12.862 -13.854 -14.403 -14.683 -14.87 -13.849 -13.243 -14.1 -14.989 -14.954 -14.733 -13.868
9.673648 -8.803 -5.943 -8.388 -10.445 -12.101 -13.254 -11.354 -10.746 -12.145 -13.298 -14.09 -14.602 -10.64 -12.566 -13.762 -14.321 -14.655 -12.808 -13.8 -14.349 -14.629 -14.816 -13.795 -13.189 -14.046 -14.935 -14.9 -14.679 -13.814
9.966221 -8.745 -5.885 -8.33 -10.387 -12.043 -13.196 -11.296 -10.688 -12.087 -13.24 -14.032 -14.544 -10.582 -12.508 -13.704 -14.263 -14.597 -12.75 -13.742 -14.291 -14.571 -14.757 -13.737 -13.131 -13.988 -14.876 -14.842 -14.621 -13.756
10.267642 -8.683 -5.823 -8.268 -10.325 -11.981 -13.134 -11.234 -10.626 -12.025 -13.178 -13.97 -14.482 -10.52 -12.446 -13.642 -14.2 -14.534 -12.688 -13.68 -14.229 -14.509 -14.695 -13.675 -13.069 -13.926 -14.814 -14.78 -14.559 -13.694
10.57818 -8.616 -5.757 -8.201 -10.258 -11.914 -13.067 -11.167 -10.56 -11.958 -13.111 -13.904 -14.415 -10.453 -12.379 -13.576 -14.134 -14.468 -12.622 -13.613 -14.162 -14.442 -14.629 -13.608 -13.002 -13.859 -14.748 -14.713 -14.492 -13.628
10.89811 -8.545 -5.685 -8.13 -10.187 -11.843 -12.996 -11.096 -10.488 -11.887 -13.04 -13.832 -14.344 -10.382 -12.308 -13.504 -14.062 -14.397 -12.55 -13.542 -14.091 -14.371 -14.557 -13.537 -12.931 -13.788 -14.676 -14.642 -14.421 -13.556
11.227716 -8.469 -5.609 -8.054 -10.111 -11.767 -12.92 -11.02 -10.412 -11.811 -12.963 -13.756 -14.268 -10.306 -12.232 -13.428 -13.986 -14.32 -12.474 -13.466 -14.015 -14.295 -14.481 -13.461 -12.855 -13.712 -14.6 -14.566 -14.345 -13.48
11.56729 -8.388 -5.528 -7.972 -10.029 -11.685 -12.838 -10.938 -10.331 -11.729 -12.882 -13.675 -14.186 -10.224 -12.151 -13.347 -13.905 -14.239 -12.393 -13.384 -13.933 -14.213 -14.4 -13.379 -12.773 -13.631 -14.519 -14.484 -14.264 -13.399
11.917135 -8.301 -5.441 -7.885 -9.942 -11.599 -12.751 -10.851 -10.244 -11.642 -12.795 -13.588 -14.099 -10.138 -12.064 -13.26 -13.818 -14.152 -12.306 -13.297 -13.847 -14.126 -14.313 -13.292 -12.686 -13.544 -14.432 -14.397 -14.177 -13.312
12.277561 -8.208 -5.348 -7.792 -9.85 -11.506 -12.659 -10.759 -10.151 -11.55 -12.702 -13.495 -14.007 -10.045 -11.971 -13.167 -13.725 -14.059 -12.213 -13.204 -13.754 -14.034 -14.22 -13.2 -12.594 -13.451 -14.339 -14.305 -14.084 -13.219
12.648887 -8.109 -5.249 -7.694 -9.751 -11.407 -12.56 -10.66 -10.052 -11.451 -12.603 -13.396 -13.908 -9.946 -11.872 -13.068 -13.626 -13.96 -12.114 -13.106 -13.655 -13.935 -14.121 -13.101 -12.495 -13.352 -14.24 -14.206 -13.985 -13.12
13.031444 -8.004 -5.144 -7.588 -9.645 -11.301 -12.454 -10.554 -9.947 -11.345 -12.498 -13.291 -13.802 -9.84 -11.767 -12.963 -13.521 -13.855 -12.009 -13.0 -13.549 -13.829 -14.016 -12.995 -12.389 -13.247 -14.135 -14.1 -13.88 -13.015
13.425571 -7.891 -5.031 -7.476 -9.533 -11.189 -12.342 -10.442 -9.834 -11.233 -12.386 -13.178 -13.69 -9.728 -11.654 -12.85 -13.408 -13.743 -11.896 -12.888 -13.437 -13.717 -13.903 -12.883 -12.277 -13.134 -14.022 -13.988 -13.767 -12.902
13.831619 -7.772 -4.912 -7.356 -9.413 -11.07 -12.222 -10.322 -9.715 -11.113 -12.266 -13.059 -13.57 -9.609 -11.535 -12.731 -13.289 -13.623 -11.777 -12.768 -13.318 -13.597 -13.784 -12.763 -12.157 -13.015 -13.903 -13.868 -13.648 -12.783
14.249947 -7.644 -4.784 -7.229 -9.286 -10.942 -12.095 -10.195 -9.587 -10.986 -12.139 -12.931 -13.443 -9.481 -11.407 -12.603 -13.162 -13.496 -11.649 -12.641 -13.19 -13.47 -13.657 -12.636 -12.03 -12.887 -13.776 -13.741 -13.52 -12.655
14.680926 -7.509 -4.649 -7.093 -9.151 -10.807 -11.959 -10.06 -9.452 -10.85 -12.003 -12.796 -13.308 -9.346 -11.272 -12.468 -13.026 -13.36 -11.514 -12.505 -13.055 -13.335 -13.521 -12.501 -11.895 -12.752 -13.64 -13.606 -13.385 -12.52
15.124941 -7.365 -4.505 -6.949 -9.007 -10.663 -11.815 -9.916 -9.308 -10.706 -11.859 -12.652 -13.163 -9.202 -11.128 -12.324 -12.882 -13.216 -11.37 -12.361 -12.911 -13.191 -13.377 -12.357 -11.75 -12.608 -13.496 -13.461 -13.241 -12.376
15.582385 -7.212 -4.352 -6.796 -8.853 -10.509 -11.662 -9.762 -9.155 -10.553 -11.706 -12.499 -13.01 -9.048 -10.975 -12.171 -12.729 -13.063 -11.217 -12.208 -12.757 -13.037 -13.224 -12.203 -11.597 -12.454 -13.343 -13.308 -13.087 -12.223
16.053663 -7.049 -4.189 -6.633 -8.69 -10.346 -11.499 -9.599 -8.992 -10.39 -11.543 -12.336 -12.847 -8.886 -10.812 -12.008 -12.566 -12.9 -11.054 -12.045 -12.595 -12.874 -13.061 -12.04 -11.434 -12.292 -13.18 -13.145 -12.925 -12.06
16.539195 -6.875 -4.016 -6.46 -8.517 -10.173 -11.326 -9.426 -8.819 -10.217 -11.37 -12.163 -12.674 -8.712 -10.638 -11.835 -12.393 -12.727 -10.881 -11.872 -12.421 -12.701 -12.888 -11.867 -11.261 -12.118 -13.007 -12.972 -12.751 -11.887
17.039412 -6.691 -3.832 -6.276 -8.333 -9.989 -11.142 -9.242 -8.635 -10.033 -11.186 -11.979 -12.49 -8.528 -10.454 -11.651 -12.209 -12.543 -10.697 -11.688 -12.237 -12.517 -12.704 -11.683 -11.077 -11.934 -12.823 -12.788 -12.567 -11.703
17.554757 -6.496 -3.636 -6.081 -8.138 -9.794 -10.947 -9.047 -8.439 -9.838 -10.99 -11.783 -12.295 -8.333 -10.259 -11.455 -12.013 -12.347 -10.501 -11.493 -12.042 -12.322 -12.508 -11.488 -10.882 -11.739 -12.627 -12.593 -12.372 -11.507
18.085689 -6.288 -3.428 -5.873 -7.93 -9.586 -10.739 -8.839 -8.231 -9.63 -10.783 -11.576 -12.087 -8.125 -10.051 -11.248 -11.806 -12.14 -10.293 -11.285 -11.834 -12.114 -12.301 -11.28 -10.674 -11.531 -12.42 -12.385 -12.164 -11.299
18.632678 -6.068 -3.208 -5.652 -7.71 -9.366 -10.518 -8.619 -8.011 -9.41 -10.562 -11.355 -11.867 -7.905 -9.831 -11.027 -11.585 -11.919 -10.073 -11.064 -11.614 -11.894 -12.08 -11.06 -10.454 -11.311 -12.199 -12.165 -11.944 -11.079
19.196211 -5.834 -2.974 -5.418 -7.476 -9.132 -10.284 -8.384 -7.777 -9.175 -10.328 -11.121 -11.632 -7.671 -9.597 -10.793 -11.351 -11.685 -9.839 -10.83 -11.38 -11.659 -11.846 -10.826 -10.219 -11.077 -11.965 -11.93 -11.71 -10.845
19.776787 -5.585 -2.725 -5.17 -7.227 -8.883 -10.036 -8.136 -7.528 -8.927 -10.079 -10.872 -11.384 -7.422 -9.348 -10.544 -11.102 -11.436 -9.59 -10.582 -11.131 -11.411 -11.597 -10.577 -9.971 -10.828 -11.716 -11.682 -11.461 -10.596
20.374923 -5.321 -2.461 -4.906 -6.963 -8.619 -9.772 -7.872 -7.264 -8.663 -9.815 -10.608 -11.12 -7.158 -9.084 -10.28 -10.838 -11.172 -9.326 -10.318 -10.867 -11.147 -11.333 -10.313 -9.707 -10.564 -11.452 -11.418 -11.197 -10.332
20.991149 -5.041 -2.181 -4.625 -6.683 -8.339 -9.491 -7.591 -6.984 -8.382 -9.535 -10.328 -10.839 -6.878 -8.804 -10.0 -10.558 -10.892 -9.046 -10.037 -10.587 -10.866 -11.053 -10.033 -9.426 -10.284 -11.172 -11.137 -10.917 -10.052
21.626011 -4.743 -1.883 -4.328 -6.385 -8.041 -9.194 -7.294 -6.686 -8.085 -9.238 -10.03 -10.542 -6.58 -8.506 -9.702 -10.26 -10.594 -8.748 -9.74 -10.289 -10.569 -10.755 -9.735 -9.129 -9.986 -10.874 -10.84 -10.619 -9.754
22.280075 -4.427 -1.567 -4.012 -6.069 -7.725 -8.878 -6.978 -6.37 -7.769 -8.922 -9.714 -10.226 -6.264 -8.19 -9.386 -9.944 -10.279 -8.432 -9.424 -9.973 -10.253 -10.439 -9.419 -8.813 -9.67 -10.558 -10.524 -10.303 -9.438
22.953921 -4.092 -1.232 -3.676 -5.734 -7.39 -8.543 -6.643 -6.035 -7.434 -8.586 -9.379 -9.891 -5.929 -7.855 -9.051 -9.609 -9.943 -8.097 -9.088 -9.638 -9.918 -10.104 -9.084 -8.478 -9.335 -10.223 -10.189 -9.968 -9.103
23.648147 -3.736 -0.876 -3.321 -5.378 -7.034 -8.187 -6.287 -5.679 -7.078 -8.23 -9.023 -9.535 -5.573 -7.499 -8.695 -9.253 -9.587 -7.741 -8.733 -9.282 -9.562 -9.748 -8.728 -8.122 -8.979 -9.867 -9.833 -9.612 -8.747
24.363369 -3.358 -0.498 -2.943 -5.0 -6.656 -7.809 -5.909 -5.301 -6.7 -7.853 -8.645 -9.157 -5.195 -7.121 -8.317 -8.875 -9.21 -7.363 -8.355 -8.904 -9.184 -9.37 -8.35 -7.744 -8.601 -9.489 -9.455 -9.234 -8.369
25.100222 -2.957 -0.097 -2.542 -4.599 -6.255 -7.408 -5.508 -4.9 -6.299 -7.452 -8.244 -8.756 -4.794 -6.72 -7.916 -8.474 -8.808 -6.962 -7.954 -8.503 -8.783 -8.969 -7.949 -7.343 -8.2 -9.088 -9.054 -8.833 -7.968
25.859362 -2.531 0.328 -2.116 -4.173 -5.829 -6.982 -5.082 -4.475 -5.873 -7.026 -7.819 -8.33 -4.368 -6.294 -7.491 -8.049 -8.383 -6.537 -7.528 -8.077 -8.357 -8.544 -7.523 -6.917 -7.774 -8.663 -8.628 -8.407 -7.543
26.64146 -2.08 0.78 -1.664 -3.721 -5.378 -6.53 -4.63 -4.023 -5.421 -6.574 -7.367 -7.878 -3.917 -5.843 -7.039 -7.597 -7.931 -6.085 -7.076 -7.626 -7.905 -8.092 -7.071 -6.465 -7.323 -8.211 -8.176 -7.956 -7.091
27.447213 -1.6 1.26 -1.185 -3.242 -4.898 -6.051 -4.151 -3.543 -4.942 -6.095 -6.887 -7.399 -3.437 -5.363 -6.559 -7.117 -7.451 -5.605 -6.597 -7.146 -7.426 -7.612 -6.592 -5.986 -6.843 -7.731 -7.697 -7.476 -6.611
28.277335 -1.091 1.769 -0.676 -2.733 -4.389 -5.542 -3.642 -3.034 -4.433 -5.585 -6.378 -6.89 -2.928 -4.854 -6.05 -6.608 -6.942 -5.096 -6.088 -6.637 -6.917 -7.103 -6.083 -5.477 -6.334 -7.222 -7.188 -6.967 -6.102
29.132564 -0.551 2.309 -0.135 -2.193 -3.849 -5.001 -3.102 -2.494 -3.892 -5.045 -5.838 -6.349 -2.388 -4.314 -5.51 -6.068 -6.402 -4.556 -5.547 -6.097 -6.377 -6.563 -5.543 -4.936 -5.794 -6.682 -6.647 -6.427 -5.562
30.013659 0.023 2.883 0.438 -1.619 -3.275 -4.428 -2.528 -1.92 -3.319 -4.472 -5.264 -5.776 -1.814 -3.74 -4.936 -5.495 -5.829 -3.982 -4.974 -5.523 -5.803 -5.99 -4.969 -4.363 -5.22 -6.109 -6.074 -5.853 -4.988
30.921401 0.631 3.491 1.047 -1.011 -2.667 -3.819 -1.919 -1.312 -2.71 -3.863 -4.656 -5.167 -1.206 -3.132 -4.328 -4.886 -5.22 -3.374 -4.365 -4.915 -5.194 -5.381 -4.361 -3.754 -4.612 -5.5 -5.465 -5.245 -4.38
31.856598 1.277 4.137 1.693 -0.365 -2.021 -3.173 -1.273 -0.666 -2.064 -3.217 -4.01 -4.521 -0.56 -2.486 -3.682 -4.24 -4.574 -2.728 -3.719 -4.269 -4.548 -4.735 -3.714 -3.108 -3.966 -4.854 -4.819 -4.599 -3.734
32.820079 1.963 4.823 2.378 0.321 -1.335 -2.488 -0.588 0.02 -1.379 -2.531 -3.324 -3.836 0.126 -1.8 -2.996 -3.554 -3.888 -2.042 -3.034 -3.583 -3.863 -4.049 -3.029 -2.423 -3.28 -4.168 -4.134 -3.913 -3.048
33.8127 2.691 5.551 3.106 1.049 -0.607 -1.76 0.14 0.748 -0.651 -1.804 -2.596 -3.108 0.854 -1.072 -2.268 -2.826 -3.161 -1.314 -2.306 -2.855 -3.135 -3.321 -2.301 -1.695 -2.552 -3.44 -3.406 -3.185 -2.32
34.835342 3.463 6.323 3.879 1.821 0.165 -0.987 0.913 1.52 0.122 -1.031 -1.824 -2.335 1.626 -0.3 -1.496 -2.054 -2.388 -0.542 -1.533 -2.083 -2.362 -2.549 -1.528 -0.922 -1.78 -2.668 -2.633 -2.413 -1.548
35.888913 4.283 7.143 4.699 2.641 0.985 -0.167 1.732 2.34 0.942 -0.211 -1.004 -1.515 2.446 0.52 -0.676 -1.234 -1.568 0.278 -0.713 -1.263 -1.543 -1.729 -0.709 -0.102 -0.96 -1.848 -1.813 -1.593 -0.728
36.974349 5.154 8.013 5.569 3.512 1.856 0.703 2.603 3.21 1.812 0.659 -0.134 -0.645 3.317 1.391 0.194 -0.364 -0.698 1.148 0.157 -0.392 -0.672 -0.859 0.162 0.768 -0.089 -0.978 -0.943 -0.722 0.142
38.092613 6.077 8.937 6.493 4.435 2.779 1.627 3.526 4.134 2.736 1.583 0.79 0.279 4.24 2.314 1.118 0.56 0.226 2.072 1.081 0.531 0.251 0.065 1.085 1.692 0.834 -0.054 -0.019 0.201 1.066
39.244698 7.058 9.918 7.473 5.416 3.76 2.607 4.507 5.115 3.716 2.563 1.771 1.259 5.221 3.295 2.099 1.54 1.206 3.053 2.061 1.512 1.232 1.045 2.066 2.672 1.815 0.926 0.961 1.182 2.047
40.431627 8.098 10.958 8.514 6.456 4.8 3.648 5.548 6.155 4.757 3.604 2.811 2.3 6.261 4.335 3.139 2.581 2.247 4.093 3.102 2.552 2.273 2.086 3.106 3.713 2.855 1.967 2.002 2.222 3.087
41.654454 9.203 12.063 9.618 7.561 5.905 4.752 6.652 7.26 5.861 4.708 3.916 3.404 7.366 5.44 4.244 3.686 3.351 5.198 4.206 3.657 3.377 3.191 4.211 4.817 3.96 3.072 3.106 3.327 4.192
42.914265 10.375 13.235 10.791 8.733 7.077 5.925 7.824 8.432 7.034 5.881 5.088 4.577 8.538 6.612 5.416 4.858 4.524 6.37 5.379 4.829 4.549 4.363 5.383 5.99 5.132 4.244 4.279 4.499 5.364
44.212178 11.62 14.479 12.035 9.978 8.322 7.169 9.069 9.676 8.278 7.125 6.332 5.821 9.783 7.857 6.66 6.102 5.768 7.614 6.623 6.074 5.794 5.607 6.628 7.234 6.377 5.488 5.523 5.744 6.608
45.549345 12.94 15.8 13.356 11.298 9.642 8.49 10.389 10.997 9.599 8.446 7.653 7.142 11.103 9.177 7.981 7.423 7.089 8.935 7.944 7.394 7.114 6.928 7.948 8.555 7.697 6.809 6.844 7.064 7.929
46.926954 14.342 17.202 14.758 12.7 11.044 9.892 11.791 12.399 11.0 9.848 9.055 8.543 12.505 10.579 9.383 8.825 8.491 10.337 9.346 8.796 8.516 8.33 9.35 9.956 9.099 8.211 8.245 8.466 9.331
48.346227 15.83 18.69 16.246 14.188 12.532 11.379 13.279 13.887 12.488 11.336 10.543 10.031 13.993 12.067 10.871 10.313 9.979 11.825 10.834 10.284 10.004 9.818 10.838 11.444 10.587 9.699 9.733 9.954 10.819
49.808426 17.409 20.269 17.825 15.768 14.111 12.959 14.859 15.466 14.068 12.915 12.122 11.611 15.572 13.646 12.45 11.892 11.558 13.404 12.413 11.863 11.584 11.397 12.418 13.024 12.166 11.278 11.313 11.533 12.398
51.314848 19.086 21.946 19.501 17.444 15.788 14.635 16.535 17.143 15.744 14.591 13.798 13.287 17.249 15.323 14.126 13.568 13.234 15.081 14.089 13.54 13.26 13.073 14.094 14.7 13.843 12.954 12.989 13.21 14.075
52.86683 20.865 23.725 21.28 19.223 17.567 16.414 18.314 18.922 17.523 16.37 15.578 15.066 19.028 17.102 15.906 15.348 15.013 16.86 15.868 15.319 15.039 14.853 15.873 16.479 15.622 14.734 14.768 14.989 15.854
54.465752 22.753 25.613 23.169 21.111 19.455 18.303 20.202 20.81 19.412 18.259 17.466 16.955 20.916 18.99 17.794 17.236 16.902 18.748 17.757 17.207 16.927 16.741 17.761 18.368 17.51 16.622 16.657 16.877 17.742
56.113031 24.758 27.618 25.173 23.116 21.46 20.307 22.207 22.815 21.416 20.263 19.471 18.959 22.921 20.995 19.798 19.24 18.906 20.753 19.761 19.212 18.932 18.745 19.766 20.372 19.515 18.626 18.661 18.882 19.747
57.810132 26.885 29.745 27.301 25.243 23.587 22.434 24.334 24.942 23.543 22.391 21.598 21.086 25.048 23.122 21.926 21.368 21.034 22.88 21.889 21.339 21.059 20.873 21.893 22.499 21.642 20.754 20.788 21.009 21.874
59.55856 29.143 32.003 29.559 27.501 25.845 24.693 26.592 27.2 25.802 24.649 23.856 23.345 27.306 25.38 24.184 23.626 23.292 25.138 24.147 23.597 23.317 23.131 24.151 24.758 23.9 23.012 23.047 23.267 24.132
61.359868 31.54 34.4 31.955 29.898 28.242 27.089 28.989 29.597 28.198 27.046 26.253 25.741 29.703 27.777 26.581 26.023 25.689 27.535 26.543 25.994 25.714 25.528 26.548 27.154 26.297 25.409 25.443 25.664 26.529
63.215655 34.084 36.944 34.499 32.442 30.786 29.633 31.533 32.141 30.742 29.589 28.797 28.285 32.247 30.321 29.125 28.567 28.233 30.079 29.087 28.538 28.258 28.072 29.092 29.698 28.841 27.953 27.987 28.208 29.073
65.127569 36.784 39.644 37.199 35.142 33.486 32.333 34.233 34.841 33.442 32.29 31.497 30.985 34.947 33.021 31.825 31.267 30.933 32.779 31.787 31.238 30.958 30.772 31.792 32.398 31.541 30.653 30.687 30.908 31.773
67.097308 39.65 42.51 40.065 38.008 36.352 35.199 37.099 37.707 36.308 35.156 34.363 33.851 37.813 35.887 34.691 34.133 33.799 35.645 34.653 34.104 33.824 33.638 34.658 35.264 34.407 33.519 33.553 33.774 34.639
69.126621 42.692 45.552 43.107 41.05 39.394 38.241 40.141 40.749 39.35 38.197 37.405 36.893 40.855 38.929 37.733 37.175 36.84 38.687 37.695 37.146 36.866 36.68 37.7 38.306 37.449 36.561 36.595 36.816 37.681
71.217308 45.921 48.78 46.336 44.279 42.623 41.47 43.37 43.977 42.579 41.426 40.633 40.122 44.084 42.158 40.961 40.403 40.069 41.915 40.924 40.375 40.095 39.908 40.929 41.535 40.678 39.789 39.824 40.045 40.909
73.371227 49.347 52.207 49.763 47.706 46.05 44.897 46.797 47.404 46.006 44.853 44.06 43.549 47.511 45.584 44.388 43.83 43.496 45.342 44.351 43.802 43.522 43.335 44.356 44.962 44.105 43.216 43.251 43.472 44.336
75.59029 52.985 55.845 53.4 51.343 49.687 48.534 50.434 51.042 49.643 48.49 47.698 47.186 51.148 49.222 48.026 47.468 47.134 48.98 47.988 47.439 47.159 46.973 47.993 48.599 47.742 46.854 46.888 47.109 47.974
77.876467 56.846 59.706 57.261 55.204 53.548 52.395 54.295 54.902 53.504 52.351 51.558 51.047 55.009 53.083 51.886 51.328 50.994 52.84 51.849 51.3 51.02 50.833 51.854 52.46 51.603 50.714 50.749 50.97 51.835
80.231787 60.943 63.803 61.359 59.302 57.645 56.493 58.393 59.0 57.602 56.449 55.656 55.145 59.106 57.18 55.984 55.426 55.092 56.938 55.947 55.397 55.118 54.931 55.952 56.558 55.7 54.812 54.847 55.067 55.932
82.658343 65.293 68.153 65.708 63.651 61.995 60.842 62.742 63.35 61.951 60.798 60.006 59.494 63.456 61.53 60.334 59.776 59.441 61.288 60.296 59.747 59.467 59.281 60.301 60.907 60.05 59.162 59.196 59.417 60.282
85.158288 69.909 72.769 70.325 68.267 66.611 65.459 67.358 67.966 66.568 65.415 64.622 64.111 68.072 66.146 64.95 64.392 64.058 65.904 64.913 64.363 64.083 63.897 64.917 65.524 64.666 63.778 63.813 64.033 64.898
87.733843 74.809 77.669 75.225 73.167 71.511 70.359 72.258 72.866 71.468 70.315 69.522 69.01 72.972 71.046 69.85 69.292 68.958 70.804 69.813 69.263 68.983 68.797 69.817 70.423 69.566 68.678 68.712 68.933 69.798
90.387293 80.01 82.87 80.425 78.368 76.712 75.559 77.459 78.067 76.668 75.516 74.723 74.211 78.173 76.247 75.051 74.493 74.159 76.005 75.013 74.464 74.184 73.998 75.018 75.624 74.767 73.879 73.913 74.134 74.999
93.120995 85.53 88.39 85.946 83.888 82.232 81.079 82.979 83.587 82.188 81.036 80.243 79.731 83.693 81.767 80.571 80.013 79.679 81.525 80.534 79.984 79.704 79.518 80.538 81.144 80.287 79.399 79.433 79.654 80.519
95.937376 91.389 94.249 91.805 89.747 88.091 86.939 88.838 89.446 88.048 86.895 86.102 85.591 89.552 87.626 86.43 85.872 85.538 87.384 86.393 85.843 85.563 85.377 86.397 87.004 86.146 85.258 85.293 85.513 86.378
98.838937 97.608 100.468 98.024 95.966 94.31 93.157 95.057 95.665 94.266 93.114 92.321 91.809 95.771 93.845 92.649 92.091 91.757 93.603 92.612 92.062 91.782 91.596 92.616 93.222 92.365 91.477 91.511 91.732 92.597
101.828253 104.209 107.069 104.624 102.567 100.911 99.758 101.658 102.266 100.867 99.714 98.922 98.41 102.372 100.446 99.25 98.692 98.357 100.204 99.212 98.663 98.383 98.197 99.217 99.823 98.966 98.078 98.112 98.333 99.198
104.907979 111.215 114.075 111.63 109.573 107.917 106.764 108.664 109.272 107.873 106.72 105.928 105.416 109.378 107.452 106.256 105.698 105.363 107.21 106.218 105.669 105.389 105.203 106.223 106.829 105.972 105.084 105.118 105.339 106.204
108.080849 118.651 121.511 119.067 117.009 115.353 114.2 116.1 116.708 115.309 114.157 113.364 112.852 116.814 114.888 113.692 113.134 112.8 114.646 113.655 113.105 112.825 112.639 113.659 114.265 113.408 112.52 112.554 112.775 113.64
111.349681 126.544 129.404 126.959 124.902 123.246 122.093 123.993 124.601 123.202 122.049 121.257 120.745 124.707 122.781 121.585 121.027 120.693 122.539 121.547 120.998 120.718 120.532 121.552 122.158 121.301 120.413 120.447 120.668 121.533
114.717376 134.921 137.781 135.337 133.28 131.624 130.471 132.371 132.978 131.58 130.427 129.634 129.123 133.084 131.158 129.962 129.404 129.07 130.916 129.925 129.375 129.096 128.909 129.93 130.536 129.678 128.79 128.825 129.045 129.91
118.186925 143.813 146.673 144.229 142.171 140.515 139.363 141.262 141.87 140.472 139.319 138.526 138.015 141.976 140.05 138.854 138.296 137.962 139.808 138.817 138.267 137.987 137.801 138.821 139.428 138.57 137.682 137.717 137.937 138.802
121.761408 153.251 156.111 153.667 151.609 149.953 148.801 150.7 151.308 149.91 148.757 147.964 147.452 151.414 149.488 148.292 147.734 147.4 149.246 148.255 147.705 147.425 147.239 148.259 148.866 148.008 147.12 147.155 147.375 148.24
125.443999 163.269 166.129 163.684 161.627 159.971 158.818 160.718 161.325 159.927 158.774 157.981 157.47 161.432 159.506 158.309 157.751 157.417 159.263 158.272 157.723 157.443 157.256 158.277 158.883 158.026 157.137 157.172 157.393 158.258
129.237967 173.901 176.761 174.317 172.259 170.603 169.45 171.35 171.958 170.559 169.407 168.614 168.102 172.064 170.138 168.942 168.384 168.05 169.896 168.905 168.355 168.075 167.889 168.909 169.515 168.658 167.77 167.804 168.025 168.89
133.146681 185.186 188.046 185.602 183.545 181.889 180.736 182.636 183.243 181.845 180.692 179.899 179.388 183.35 181.423 180.227 179.669 179.335 181.181 180.19 179.641 179.361 179.174 180.195 180.801 179.943 179.055 179.09 179.31 180.175
137.173612 197.165 200.025 197.58 195.523 193.867 192.714 194.614 195.222 193.823 192.67 191.878 191.366 195.328 193.402 192.206 191.648 191.313 193.16 192.168 191.619 191.339 191.153 192.173 192.779 191.922 191.034 191.068 191.289 192.154
141.322334 209.879 212.739 210.294 208.237 206.581 205.428 207.328 207.936 206.537 205.384 204.592 204.08 208.042 206.116 204.92 204.361 204.027 205.874 204.882 204.333 204.053 203.866 204.887 205.493 204.636 203.747 203.782 204.003 204.868
145.596532 223.373 226.233 223.789 221.731 220.075 218.923 220.822 221.43 220.032 218.879 218.086 217.574 221.536 219.61 218.414 217.856 217.522 219.368 218.377 217.827 217.547 217.361 218.381 218.988 218.13 217.242 217.277 217.497 218.362
150.0 237.696 240.556 238.112 236.054 234.398 233.246 235.146 235.753 234.355 233.202 232.409 231.898 235.859 233.933 232.737 232.179 231.845 233.691 232.7 232.15 231.871 231.684 232.704 233.311 232.453 231.565 231.6 231.82 232.685
