# %ECSV 1.0
# ---
# datatype:
# - {name: time, datatype: float64}
# - {name: swift_uvot_uvw2, datatype: float64}
# - {name: swift_uvot_uvm2, datatype: float64}
# - {name: swift_uvot_uvw1, datatype: float64}
# - {name: swift_uvot_U, datatype: float64}
# - {name: swift_uvot_B, datatype: float64}
# - {name: swift_uvot_V, datatype: float64}
# - {name: swift_uvot_W, datatype: float64}
# - {name: johnson_U, datatype: float64}
# - {name: johnson_B, datatype: float64}
# - {name: johnson_V, datatype: float64}
# - {name: johnson_R, datatype: float64}
# - {name: johnson_I, datatype: float64}
# - {name: sdss_u, datatype: float64}
# - {name: sdss_g, datatype: float64}
# - {name: sdss_r, datatype: float64}
# - {name: sdss_i, datatype: float64}
# - {name: sdss_z, datatype: float64}
# - {name: PS1_g, datatype: float64}
# - {name: PS1_r, datatype: float64}
# - {name: PS1_i, datatype: float64}
# - {name: PS1_z, datatype: float64}
# - {name: PS1_Y, datatype: float64}
# - {name: PS1_w, datatype: float64}
# - {name: ATLAS_c, datatype: float64}
# - {name: ATLAS_o, datatype: float64}
# - {name: ukirt_J, datatype: float64}
# - {name: ukirt_H, datatype: float64}
# - {name: ukirt_K, datatype: float64}
# - {name: Clear, datatype: float64}
# meta: !!omap
# - comment: [kappa = 0.5, type = villar, mass = 0.11727632184323686, velocity = 0.48433333333333334, theta_obs = 0.0]
# schema: astropy-2.0
time swift_uvot_uvw2 swift_uvot_uvm2 swift_uvot_uvw1 swift_uvot_U swift_uvot_B swift_uvot_V swift_uvot_W johnson_U johnson_B johnson_V johnson_R johnson_I sdss_u sdss_g sdss_r sdss_i sdss_z PS1_g PS1_r PS1_i PS1_z PS1_Y PS1_w ATLAS_c ATLAS_o ukirt_J ukirt_H ukirt_K Clear
0.001 754.243 759.459 782.693 798.824 781.431 773.443 756.511 792.121 779.145 771.394 763.037 758.05 795.105 777.376 768.528 763.008 758.543 752.977 753.182 753.161 752.745 750.999 764.246 770.798 763.981 752.816 749.316 746.69 751.214
0.00103 -6.467 -6.446 -6.405 -6.226 -5.984 -5.687 -6.268 -6.193 -5.98 -5.677 -5.346 -4.947 -6.2 -5.89 -5.498 -5.189 -4.888 -5.873 -5.522 -5.217 -5.006 -4.957 -5.538 -5.737 -5.37 -4.267 -3.75 -3.143 -5.597
0.001061 -7.085 -7.0 -6.921 -6.651 -6.365 -6.035 -6.772 -6.61 -6.361 -6.025 -5.671 -5.252 -6.619 -6.26 -5.832 -5.504 -5.19 -6.245 -5.863 -5.543 -5.331 -5.309 -5.881 -6.093 -5.697 -4.55 -4.022 -3.406 -5.948
0.001094 -7.43 -7.311 -7.214 -6.901 -6.594 -6.249 -7.062 -6.856 -6.59 -6.238 -5.874 -5.445 -6.865 -6.484 -6.038 -5.702 -5.381 -6.471 -6.075 -5.749 -5.538 -5.535 -6.092 -6.31 -5.9 -4.732 -4.199 -3.579 -6.163
0.001127 -7.674 -7.532 -7.425 -7.084 -6.765 -6.41 -7.271 -7.038 -6.761 -6.4 -6.029 -5.593 -7.047 -6.652 -6.196 -5.854 -5.529 -6.64 -6.237 -5.907 -5.697 -5.709 -6.252 -6.474 -6.056 -4.874 -4.338 -3.716 -6.325
0.001161 -7.865 -7.707 -7.593 -7.233 -6.905 -6.544 -7.438 -7.185 -6.902 -6.534 -6.158 -5.719 -7.195 -6.79 -6.327 -5.981 -5.654 -6.78 -6.371 -6.039 -5.831 -5.854 -6.385 -6.61 -6.185 -4.995 -4.457 -3.832 -6.46
0.001196 -8.024 -7.854 -7.734 -7.361 -7.027 -6.661 -7.579 -7.312 -7.023 -6.651 -6.272 -5.83 -7.322 -6.911 -6.442 -6.094 -5.764 -6.902 -6.489 -6.155 -5.948 -5.981 -6.502 -6.728 -6.299 -5.103 -4.563 -3.937 -6.578
0.001232 -8.162 -7.982 -7.859 -7.475 -7.136 -6.767 -7.703 -7.425 -7.133 -6.756 -6.375 -5.93 -7.435 -7.019 -6.546 -6.195 -5.865 -7.011 -6.595 -6.26 -6.055 -6.095 -6.607 -6.834 -6.402 -5.201 -4.66 -4.033 -6.683
0.001269 -8.285 -8.097 -7.971 -7.579 -7.236 -6.864 -7.815 -7.529 -7.233 -6.853 -6.47 -6.024 -7.538 -7.118 -6.642 -6.29 -5.958 -7.111 -6.693 -6.357 -6.153 -6.199 -6.703 -6.932 -6.498 -5.292 -4.75 -4.123 -6.781
0.001308 -8.397 -8.202 -8.073 -7.676 -7.33 -6.955 -7.918 -7.624 -7.326 -6.945 -6.56 -6.112 -7.634 -7.21 -6.732 -6.379 -6.046 -7.204 -6.784 -6.448 -6.245 -6.296 -6.794 -7.024 -6.587 -5.379 -4.836 -4.208 -6.872
0.001347 -8.5 -8.3 -8.169 -7.766 -7.418 -7.041 -8.013 -7.714 -7.414 -7.031 -6.644 -6.196 -7.724 -7.298 -6.817 -6.463 -6.129 -7.293 -6.871 -6.534 -6.332 -6.387 -6.88 -7.111 -6.672 -5.461 -4.918 -4.289 -6.959
0.001388 -8.596 -8.391 -8.259 -7.852 -7.502 -7.124 -8.103 -7.8 -7.498 -7.113 -6.726 -6.276 -7.809 -7.381 -6.899 -6.544 -6.21 -7.376 -6.954 -6.616 -6.415 -6.474 -6.962 -7.193 -6.754 -5.541 -4.997 -4.367 -7.041
0.00143 -8.686 -8.478 -8.344 -7.933 -7.582 -7.203 -8.188 -7.881 -7.578 -7.192 -6.804 -6.354 -7.891 -7.461 -6.978 -6.622 -6.287 -7.457 -7.033 -6.695 -6.495 -6.557 -7.041 -7.273 -6.832 -5.617 -5.073 -4.443 -7.121
0.001473 -8.771 -8.561 -8.426 -8.012 -7.659 -7.279 -8.27 -7.96 -7.655 -7.269 -6.88 -6.429 -7.97 -7.538 -7.054 -6.697 -6.362 -7.534 -7.11 -6.772 -6.572 -6.636 -7.117 -7.349 -6.908 -5.692 -5.147 -4.517 -7.197
0.001518 -8.852 -8.64 -8.504 -8.088 -7.734 -7.353 -8.348 -8.036 -7.73 -7.343 -6.953 -6.502 -8.045 -7.613 -7.127 -6.771 -6.435 -7.609 -7.184 -6.846 -6.646 -6.713 -7.192 -7.424 -6.982 -5.764 -5.219 -4.589 -7.271
0.001564 -8.93 -8.716 -8.579 -8.162 -7.807 -7.426 -8.423 -8.109 -7.803 -7.415 -7.025 -6.573 -8.119 -7.685 -7.199 -6.842 -6.507 -7.682 -7.257 -6.918 -6.719 -6.787 -7.264 -7.496 -7.054 -5.835 -5.29 -4.66 -7.344
0.001611 -9.006 -8.789 -8.652 -8.234 -7.878 -7.496 -8.496 -8.181 -7.874 -7.486 -7.096 -6.643 -8.191 -7.756 -7.27 -6.912 -6.576 -7.754 -7.328 -6.989 -6.79 -6.86 -7.334 -7.567 -7.124 -5.905 -5.36 -4.729 -7.414
0.00166 -9.078 -8.861 -8.723 -8.303 -7.948 -7.565 -8.567 -8.251 -7.944 -7.555 -7.164 -6.712 -8.261 -7.826 -7.339 -6.981 -6.645 -7.823 -7.397 -7.058 -6.859 -6.93 -7.403 -7.636 -7.193 -5.973 -5.428 -4.798 -7.484
0.00171 -9.148 -8.93 -8.792 -8.372 -8.016 -7.633 -8.637 -8.319 -8.012 -7.623 -7.232 -6.779 -8.329 -7.894 -7.407 -7.049 -6.713 -7.891 -7.465 -7.126 -6.928 -6.999 -7.471 -7.704 -7.26 -6.041 -5.495 -4.865 -7.552
0.001761 -9.216 -8.998 -8.86 -8.439 -8.083 -7.7 -8.704 -8.386 -8.079 -7.689 -7.299 -6.846 -8.396 -7.961 -7.473 -7.115 -6.779 -7.958 -7.532 -7.193 -6.994 -7.066 -7.538 -7.771 -7.327 -6.107 -5.561 -4.931 -7.618
0.001815 -9.283 -9.064 -8.926 -8.505 -8.148 -7.766 -8.77 -8.452 -8.145 -7.755 -7.364 -6.912 -8.462 -8.026 -7.539 -7.181 -6.845 -8.024 -7.597 -7.259 -7.06 -7.132 -7.604 -7.836 -7.393 -6.173 -5.627 -4.996 -7.684
0.00187 -9.348 -9.129 -8.991 -8.57 -8.213 -7.83 -8.835 -8.517 -8.209 -7.82 -7.429 -6.976 -8.527 -8.091 -7.604 -7.246 -6.909 -8.089 -7.662 -7.323 -7.125 -7.197 -7.668 -7.901 -7.457 -6.237 -5.692 -5.061 -7.749
0.001926 -9.411 -9.192 -9.054 -8.633 -8.277 -7.894 -8.899 -8.58 -8.273 -7.884 -7.493 -7.04 -8.59 -8.155 -7.668 -7.31 -6.973 -8.153 -7.726 -7.387 -7.189 -7.26 -7.732 -7.965 -7.521 -6.301 -5.756 -5.125 -7.813
0.001984 -9.473 -9.255 -9.117 -8.696 -8.34 -7.957 -8.961 -8.643 -8.336 -7.947 -7.556 -7.104 -8.653 -8.218 -7.731 -7.373 -7.037 -8.216 -7.789 -7.45 -7.252 -7.323 -7.795 -8.028 -7.585 -6.365 -5.819 -5.189 -7.876
0.002044 -9.534 -9.316 -9.178 -8.758 -8.402 -8.02 -9.023 -8.705 -8.399 -8.009 -7.619 -7.166 -8.715 -8.28 -7.793 -7.436 -7.099 -8.278 -7.851 -7.513 -7.314 -7.385 -7.858 -8.091 -7.647 -6.428 -5.882 -5.252 -7.938
0.002106 -9.593 -9.376 -9.239 -8.82 -8.464 -8.082 -9.083 -8.767 -8.46 -8.071 -7.681 -7.228 -8.777 -8.342 -7.855 -7.498 -7.162 -8.339 -7.913 -7.575 -7.376 -7.446 -7.92 -8.152 -7.709 -6.49 -5.944 -5.314 -8.0
0.00217 -9.652 -9.436 -9.299 -8.88 -8.525 -8.143 -9.143 -8.827 -8.521 -8.132 -7.742 -7.29 -8.837 -8.403 -7.917 -7.559 -7.223 -8.4 -7.974 -7.636 -7.437 -7.506 -7.981 -8.213 -7.771 -6.552 -6.006 -5.376 -8.061
0.002236 -9.71 -9.494 -9.358 -8.94 -8.585 -8.204 -9.202 -8.887 -8.581 -8.193 -7.803 -7.351 -8.897 -8.464 -7.977 -7.62 -7.284 -8.461 -8.035 -7.696 -7.497 -7.566 -8.042 -8.274 -7.831 -6.613 -6.068 -5.438 -8.122
0.002303 -9.766 -9.552 -9.416 -8.999 -8.645 -8.264 -9.26 -8.947 -8.641 -8.253 -7.864 -7.412 -8.957 -8.523 -8.038 -7.681 -7.345 -8.52 -8.095 -7.757 -7.557 -7.625 -8.102 -8.334 -7.892 -6.674 -6.129 -5.499 -8.182
0.002373 -9.822 -9.61 -9.474 -9.058 -8.704 -8.324 -9.318 -9.006 -8.701 -8.313 -7.924 -7.472 -9.015 -8.583 -8.098 -7.741 -7.405 -8.58 -8.154 -7.816 -7.617 -7.683 -8.162 -8.394 -7.952 -6.735 -6.19 -5.56 -8.242
0.002445 -9.877 -9.666 -9.531 -9.116 -8.763 -8.383 -9.375 -9.064 -8.759 -8.372 -7.983 -7.532 -9.074 -8.642 -8.157 -7.801 -7.465 -8.638 -8.214 -7.875 -7.676 -7.741 -8.221 -8.453 -8.011 -6.795 -6.25 -5.62 -8.301
0.002519 -9.932 -9.722 -9.587 -9.174 -8.822 -8.442 -9.431 -9.122 -8.818 -8.431 -8.042 -7.591 -9.132 -8.7 -8.216 -7.86 -7.525 -8.697 -8.272 -7.934 -7.734 -7.798 -8.28 -8.512 -8.071 -6.855 -6.31 -5.68 -8.36
0.002595 -9.986 -9.777 -9.643 -9.231 -8.88 -8.5 -9.487 -9.179 -8.876 -8.489 -8.101 -7.651 -9.189 -8.759 -8.275 -7.919 -7.584 -8.755 -8.331 -7.993 -7.792 -7.855 -8.338 -8.57 -8.129 -6.914 -6.37 -5.74 -8.418
0.002673 -10.039 -9.832 -9.698 -9.288 -8.937 -8.558 -9.542 -9.236 -8.933 -8.548 -8.16 -7.709 -9.246 -8.816 -8.333 -7.978 -7.643 -8.812 -8.389 -8.051 -7.85 -7.911 -8.397 -8.628 -8.188 -6.973 -6.429 -5.8 -8.476
0.002754 -10.091 -9.886 -9.753 -9.345 -8.994 -8.616 -9.597 -9.293 -8.99 -8.605 -8.218 -7.768 -9.303 -8.874 -8.391 -8.036 -7.701 -8.869 -8.446 -8.108 -7.907 -7.967 -8.454 -8.686 -8.246 -7.032 -6.488 -5.859 -8.534
0.002837 -10.143 -9.94 -9.807 -9.401 -9.051 -8.673 -9.652 -9.349 -9.047 -8.663 -8.276 -7.826 -9.359 -8.931 -8.449 -8.094 -7.76 -8.926 -8.503 -8.166 -7.965 -8.023 -8.512 -8.743 -8.304 -7.091 -6.547 -5.918 -8.591
0.002923 -10.194 -9.993 -9.861 -9.456 -9.108 -8.731 -9.705 -9.405 -9.104 -8.72 -8.333 -7.884 -9.415 -8.987 -8.506 -8.152 -7.818 -8.982 -8.56 -8.223 -8.021 -8.078 -8.569 -8.8 -8.361 -7.149 -6.606 -5.977 -8.648
0.003012 -10.245 -10.046 -9.915 -9.512 -9.164 -8.787 -9.759 -9.46 -9.16 -8.777 -8.391 -7.942 -9.47 -9.044 -8.563 -8.209 -7.875 -9.039 -8.617 -8.28 -8.078 -8.133 -8.626 -8.857 -8.419 -7.207 -6.664 -6.035 -8.705
0.003103 -10.295 -10.098 -9.968 -9.567 -9.22 -8.844 -9.812 -9.515 -9.216 -8.833 -8.448 -7.999 -9.525 -9.1 -8.62 -8.266 -7.933 -9.094 -8.673 -8.336 -8.134 -8.188 -8.683 -8.913 -8.476 -7.265 -6.722 -6.094 -8.761
0.003196 -10.345 -10.15 -10.02 -9.621 -9.275 -8.9 -9.865 -9.57 -9.271 -8.89 -8.504 -8.057 -9.58 -9.156 -8.677 -8.323 -7.99 -9.15 -8.729 -8.393 -8.19 -8.242 -8.739 -8.969 -8.532 -7.323 -6.78 -6.152 -8.818
0.003293 -10.395 -10.201 -10.072 -9.676 -9.331 -8.956 -9.917 -9.625 -9.327 -8.946 -8.561 -8.114 -9.634 -9.211 -8.733 -8.38 -8.047 -9.205 -8.785 -8.449 -8.246 -8.296 -8.795 -9.025 -8.589 -7.381 -6.838 -6.21 -8.874
0.003393 -10.443 -10.252 -10.124 -9.73 -9.386 -9.012 -9.969 -9.679 -9.382 -9.001 -8.617 -8.17 -9.689 -9.267 -8.789 -8.437 -8.104 -9.26 -8.841 -8.505 -8.301 -8.35 -8.851 -9.081 -8.645 -7.438 -6.895 -6.268 -8.929
0.003495 -10.492 -10.303 -10.176 -9.784 -9.44 -9.068 -10.02 -9.733 -9.437 -9.057 -8.673 -8.227 -9.742 -9.322 -8.845 -8.493 -8.161 -9.315 -8.896 -8.56 -8.357 -8.403 -8.907 -9.136 -8.701 -7.495 -6.953 -6.325 -8.985
0.003601 -10.54 -10.353 -10.227 -9.837 -9.495 -9.123 -10.071 -9.786 -9.491 -9.112 -8.729 -8.283 -9.796 -9.376 -8.901 -8.549 -8.217 -9.369 -8.951 -8.616 -8.412 -8.457 -8.962 -9.191 -8.757 -7.552 -7.01 -6.383 -9.04
0.00371 -10.587 -10.403 -10.278 -9.89 -9.549 -9.178 -10.122 -9.84 -9.545 -9.168 -8.785 -8.34 -9.849 -9.431 -8.956 -8.605 -8.274 -9.424 -9.006 -8.671 -8.466 -8.51 -9.018 -9.246 -8.813 -7.609 -7.067 -6.44 -9.095
0.003822 -10.635 -10.453 -10.328 -9.943 -9.603 -9.233 -10.173 -9.893 -9.599 -9.222 -8.841 -8.396 -9.903 -9.485 -9.012 -8.661 -8.33 -9.478 -9.061 -8.726 -8.521 -8.563 -9.073 -9.301 -8.868 -7.666 -7.124 -6.497 -9.15
0.003938 -10.682 -10.502 -10.379 -9.996 -9.657 -9.288 -10.223 -9.946 -9.653 -9.277 -8.896 -8.452 -9.956 -9.539 -9.067 -8.717 -8.386 -9.532 -9.116 -8.781 -8.576 -8.615 -9.128 -9.355 -8.924 -7.722 -7.181 -6.554 -9.204
0.004057 -10.728 -10.551 -10.429 -10.048 -9.711 -9.342 -10.273 -9.999 -9.707 -9.332 -8.951 -8.507 -10.008 -9.593 -9.122 -8.772 -8.442 -9.585 -9.17 -8.835 -8.63 -8.668 -9.182 -9.41 -8.979 -7.779 -7.238 -6.611 -9.259
0.00418 -10.774 -10.599 -10.478 -10.101 -9.764 -9.397 -10.323 -10.051 -9.76 -9.386 -9.006 -8.563 -10.061 -9.647 -9.177 -8.827 -8.497 -9.639 -9.224 -8.89 -8.684 -8.72 -9.237 -9.464 -9.034 -7.835 -7.294 -6.668 -9.313
0.004306 -10.82 -10.648 -10.527 -10.153 -9.817 -9.451 -10.372 -10.103 -9.814 -9.44 -9.061 -8.618 -10.113 -9.701 -9.231 -8.882 -8.553 -9.692 -9.278 -8.944 -8.738 -8.772 -9.291 -9.518 -9.088 -7.891 -7.351 -6.725 -9.367
0.004436 -10.865 -10.696 -10.576 -10.204 -9.87 -9.505 -10.421 -10.155 -9.867 -9.494 -9.116 -8.674 -10.165 -9.754 -9.286 -8.937 -8.608 -9.745 -9.332 -8.998 -8.792 -8.824 -9.345 -9.571 -9.143 -7.947 -7.407 -6.781 -9.421
0.00457 -10.91 -10.743 -10.625 -10.256 -9.923 -9.559 -10.47 -10.207 -9.92 -9.548 -9.17 -8.729 -10.216 -9.807 -9.34 -8.992 -8.663 -9.798 -9.386 -9.052 -8.846 -8.876 -9.399 -9.625 -9.198 -8.003 -7.463 -6.838 -9.475
0.004709 -10.955 -10.791 -10.674 -10.307 -9.976 -9.612 -10.519 -10.259 -9.972 -9.602 -9.224 -8.784 -10.268 -9.86 -9.394 -9.047 -8.719 -9.851 -9.44 -9.106 -8.899 -8.927 -9.453 -9.678 -9.252 -8.058 -7.519 -6.894 -9.528
0.004851 -11.0 -10.838 -10.722 -10.358 -10.028 -9.666 -10.567 -10.31 -10.025 -9.655 -9.279 -8.839 -10.319 -9.913 -9.448 -9.102 -8.774 -9.903 -9.493 -9.16 -8.953 -8.979 -9.507 -9.732 -9.306 -8.114 -7.575 -6.95 -9.582
0.004998 -11.044 -10.885 -10.77 -10.409 -10.081 -9.719 -10.615 -10.361 -10.077 -9.709 -9.333 -8.893 -10.371 -9.966 -9.502 -9.156 -8.828 -9.956 -9.546 -9.214 -9.006 -9.03 -9.56 -9.785 -9.36 -8.169 -7.631 -7.006 -9.635
0.005149 -11.088 -10.931 -10.818 -10.46 -10.133 -9.772 -10.663 -10.412 -10.129 -9.762 -9.387 -8.948 -10.422 -10.018 -9.555 -9.21 -8.883 -10.008 -9.599 -9.267 -9.059 -9.081 -9.613 -9.838 -9.414 -8.225 -7.687 -7.062 -9.688
0.005305 -11.131 -10.978 -10.865 -10.511 -10.185 -9.825 -10.711 -10.463 -10.181 -9.815 -9.44 -9.002 -10.472 -10.071 -9.609 -9.264 -8.938 -10.06 -9.652 -9.32 -9.112 -9.132 -9.667 -9.891 -9.468 -8.28 -7.742 -7.118 -9.741
0.005465 -11.174 -11.024 -10.912 -10.561 -10.237 -9.878 -10.758 -10.513 -10.233 -9.868 -9.494 -9.057 -10.523 -10.123 -9.662 -9.318 -8.992 -10.112 -9.705 -9.374 -9.165 -9.183 -9.72 -9.943 -9.521 -8.335 -7.798 -7.174 -9.794
0.00563 -11.217 -11.069 -10.959 -10.611 -10.288 -9.931 -10.805 -10.564 -10.285 -9.921 -9.548 -9.111 -10.573 -10.175 -9.716 -9.372 -9.047 -10.164 -9.758 -9.427 -9.218 -9.234 -9.773 -9.996 -9.575 -8.39 -7.853 -7.23 -9.846
0.005801 -11.26 -11.115 -11.006 -10.661 -10.34 -9.984 -10.852 -10.614 -10.336 -9.973 -9.601 -9.165 -10.623 -10.227 -9.769 -9.426 -9.101 -10.215 -9.81 -9.48 -9.271 -9.285 -9.826 -10.048 -9.628 -8.445 -7.908 -7.286 -9.899
0.005976 -11.302 -11.16 -11.053 -10.711 -10.391 -10.036 -10.899 -10.664 -10.387 -10.026 -9.654 -9.219 -10.674 -10.278 -9.822 -9.48 -9.155 -10.267 -9.863 -9.533 -9.323 -9.336 -9.878 -10.1 -9.682 -8.5 -7.964 -7.341 -9.951
0.006157 -11.344 -11.205 -11.099 -10.761 -10.442 -10.089 -10.945 -10.714 -10.439 -10.078 -9.708 -9.273 -10.723 -10.33 -9.875 -9.533 -9.209 -10.318 -9.915 -9.585 -9.376 -9.386 -9.931 -10.152 -9.735 -8.555 -8.019 -7.397 -10.004
0.006343 -11.386 -11.25 -11.145 -10.81 -10.493 -10.141 -10.991 -10.764 -10.49 -10.131 -9.761 -9.327 -10.773 -10.381 -9.927 -9.587 -9.263 -10.369 -9.967 -9.638 -9.428 -9.437 -9.983 -10.204 -9.788 -8.609 -8.074 -7.452 -10.056
0.006535 -11.428 -11.294 -11.191 -10.859 -10.544 -10.193 -11.037 -10.813 -10.541 -10.183 -9.814 -9.381 -10.823 -10.433 -9.98 -9.64 -9.317 -10.42 -10.02 -9.691 -9.481 -9.487 -10.036 -10.256 -9.841 -8.664 -8.129 -7.507 -10.108
0.006732 -11.469 -11.338 -11.236 -10.908 -10.595 -10.245 -11.083 -10.863 -10.591 -10.235 -9.867 -9.434 -10.872 -10.484 -10.033 -9.693 -9.371 -10.471 -10.072 -9.743 -9.533 -9.538 -10.088 -10.308 -9.893 -8.718 -8.184 -7.563 -10.16
0.006936 -11.51 -11.382 -11.282 -10.957 -10.646 -10.297 -11.129 -10.912 -10.642 -10.287 -9.919 -9.488 -10.921 -10.535 -10.085 -9.746 -9.424 -10.522 -10.123 -9.796 -9.585 -9.588 -10.14 -10.36 -9.946 -8.773 -8.239 -7.618 -10.211
0.007146 -11.55 -11.426 -11.327 -11.006 -10.696 -10.349 -11.174 -10.961 -10.692 -10.338 -9.972 -9.541 -10.97 -10.586 -10.137 -9.8 -9.478 -10.573 -10.175 -9.848 -9.637 -9.638 -10.192 -10.411 -9.999 -8.827 -8.293 -7.673 -10.263
0.007362 -11.591 -11.469 -11.372 -11.055 -10.746 -10.4 -11.219 -11.01 -10.743 -10.39 -10.025 -9.595 -11.019 -10.637 -10.19 -9.852 -9.531 -10.623 -10.227 -9.9 -9.689 -9.688 -10.244 -10.462 -10.051 -8.882 -8.348 -7.728 -10.314
0.007585 -11.631 -11.513 -11.416 -11.103 -10.797 -10.452 -11.264 -11.059 -10.793 -10.441 -10.077 -9.648 -11.068 -10.687 -10.242 -9.905 -9.585 -10.673 -10.279 -9.952 -9.741 -9.738 -10.295 -10.513 -10.104 -8.936 -8.403 -7.783 -10.366
0.007814 -11.671 -11.556 -11.461 -11.151 -10.847 -10.503 -11.309 -11.107 -10.843 -10.493 -10.129 -9.701 -11.116 -10.738 -10.294 -9.958 -9.638 -10.724 -10.33 -10.004 -9.793 -9.788 -10.347 -10.565 -10.156 -8.99 -8.457 -7.838 -10.417
0.00805 -11.71 -11.598 -11.505 -11.2 -10.897 -10.554 -11.353 -11.156 -10.893 -10.544 -10.182 -9.754 -11.165 -10.788 -10.345 -10.011 -9.691 -10.774 -10.381 -10.056 -9.845 -9.838 -10.398 -10.616 -10.208 -9.044 -8.512 -7.893 -10.468
0.008294 -11.75 -11.641 -11.549 -11.247 -10.946 -10.606 -11.398 -11.204 -10.943 -10.595 -10.234 -9.807 -11.213 -10.838 -10.397 -10.063 -9.744 -10.824 -10.433 -10.108 -9.896 -9.888 -10.45 -10.666 -10.26 -9.098 -8.566 -7.948 -10.519
0.008545 -11.789 -11.683 -11.593 -11.295 -10.996 -10.657 -11.442 -11.252 -10.992 -10.646 -10.286 -9.86 -11.261 -10.888 -10.449 -10.116 -9.797 -10.874 -10.484 -10.16 -9.948 -9.938 -10.501 -10.717 -10.312 -9.152 -8.621 -8.002 -10.57
0.008803 -11.828 -11.725 -11.636 -11.343 -11.046 -10.708 -11.486 -11.3 -11.042 -10.697 -10.338 -9.913 -11.309 -10.938 -10.5 -10.168 -9.85 -10.924 -10.535 -10.211 -10.0 -9.988 -10.552 -10.768 -10.364 -9.206 -8.675 -8.057 -10.621
0.009069 -11.866 -11.767 -11.68 -11.39 -11.095 -10.758 -11.529 -11.348 -11.091 -10.748 -10.389 -9.966 -11.357 -10.988 -10.552 -10.22 -9.903 -10.973 -10.586 -10.263 -10.051 -10.037 -10.603 -10.818 -10.416 -9.259 -8.729 -8.112 -10.672
0.009344 -11.904 -11.808 -11.723 -11.438 -11.144 -10.809 -11.573 -11.395 -11.14 -10.799 -10.441 -10.018 -11.404 -11.038 -10.603 -10.273 -9.956 -11.023 -10.637 -10.314 -10.102 -10.087 -10.654 -10.869 -10.467 -9.313 -8.783 -8.166 -10.722
0.009626 -11.942 -11.849 -11.766 -11.485 -11.193 -10.86 -11.616 -11.443 -11.19 -10.85 -10.493 -10.071 -11.452 -11.088 -10.655 -10.325 -10.009 -11.072 -10.688 -10.366 -10.154 -10.137 -10.705 -10.919 -10.519 -9.367 -8.837 -8.221 -10.773
0.009917 -11.98 -11.89 -11.809 -11.532 -11.242 -10.91 -11.659 -11.49 -11.239 -10.9 -10.544 -10.124 -11.499 -11.137 -10.706 -10.377 -10.061 -11.122 -10.738 -10.417 -10.205 -10.186 -10.756 -10.969 -10.57 -9.42 -8.891 -8.275 -10.823
0.010217 -12.018 -11.931 -11.851 -11.579 -11.291 -10.961 -11.702 -11.537 -11.287 -10.951 -10.596 -10.176 -11.546 -11.186 -10.757 -10.429 -10.114 -11.171 -10.789 -10.469 -10.256 -10.236 -10.806 -11.019 -10.622 -9.474 -8.945 -8.33 -10.873
0.010526 -12.055 -11.972 -11.893 -11.625 -11.34 -11.011 -11.745 -11.584 -11.336 -11.001 -10.647 -10.228 -11.593 -11.236 -10.808 -10.481 -10.166 -11.22 -10.839 -10.52 -10.307 -10.285 -10.857 -11.069 -10.673 -9.527 -8.999 -8.384 -10.924
0.010845 -12.092 -12.012 -11.935 -11.672 -11.389 -11.061 -11.787 -11.631 -11.385 -11.051 -10.699 -10.281 -11.64 -11.285 -10.859 -10.532 -10.219 -11.269 -10.89 -10.571 -10.359 -10.334 -10.907 -11.119 -10.724 -9.58 -9.053 -8.438 -10.974
0.011173 -12.129 -12.052 -11.977 -11.718 -11.437 -11.111 -11.83 -11.678 -11.433 -11.101 -10.75 -10.333 -11.687 -11.334 -10.91 -10.584 -10.271 -11.318 -10.94 -10.622 -10.41 -10.384 -10.958 -11.169 -10.776 -9.634 -9.107 -8.493 -11.024
0.011511 -12.165 -12.092 -12.019 -11.764 -11.485 -11.161 -11.872 -11.725 -11.482 -11.151 -10.801 -10.385 -11.733 -11.383 -10.96 -10.636 -10.324 -11.367 -10.99 -10.673 -10.461 -10.433 -11.008 -11.218 -10.827 -9.687 -9.161 -8.547 -11.073
0.011859 -12.201 -12.131 -12.06 -11.81 -11.534 -11.211 -11.914 -11.771 -11.53 -11.201 -10.852 -10.437 -11.779 -11.432 -11.011 -10.687 -10.376 -11.415 -11.04 -10.724 -10.511 -10.482 -11.058 -11.268 -10.878 -9.74 -9.215 -8.601 -11.123
0.012217 -12.237 -12.17 -12.101 -11.856 -11.582 -11.261 -11.955 -11.817 -11.578 -11.251 -10.903 -10.489 -11.826 -11.48 -11.061 -10.739 -10.428 -11.464 -11.091 -10.775 -10.562 -10.532 -11.108 -11.317 -10.928 -9.793 -9.268 -8.655 -11.173
0.012587 -12.273 -12.209 -12.142 -11.902 -11.63 -11.311 -11.997 -11.863 -11.626 -11.301 -10.954 -10.541 -11.872 -11.529 -11.112 -10.79 -10.48 -11.512 -11.141 -10.825 -10.613 -10.581 -11.158 -11.366 -10.979 -9.846 -9.322 -8.709 -11.222
0.012968 -12.308 -12.248 -12.183 -11.948 -11.678 -11.36 -12.038 -11.909 -11.674 -11.35 -11.005 -10.593 -11.918 -11.577 -11.162 -10.841 -10.532 -11.561 -11.19 -10.876 -10.664 -10.63 -11.208 -11.415 -11.03 -9.899 -9.375 -8.763 -11.272
0.01336 -12.343 -12.287 -12.224 -11.993 -11.725 -11.41 -12.079 -11.955 -11.722 -11.4 -11.055 -10.645 -11.963 -11.626 -11.212 -10.893 -10.584 -11.609 -11.24 -10.927 -10.714 -10.679 -11.258 -11.465 -11.081 -9.952 -9.429 -8.817 -11.321
0.013764 -12.378 -12.325 -12.264 -12.038 -11.773 -11.459 -12.12 -12.001 -11.769 -11.449 -11.106 -10.696 -12.009 -11.674 -11.262 -10.944 -10.636 -11.657 -11.29 -10.977 -10.765 -10.728 -11.307 -11.514 -11.131 -10.005 -9.482 -8.871 -11.37
0.01418 -12.413 -12.363 -12.304 -12.083 -11.82 -11.508 -12.161 -12.046 -11.817 -11.498 -11.156 -10.748 -12.054 -11.722 -11.312 -10.995 -10.688 -11.705 -11.34 -11.028 -10.816 -10.777 -11.357 -11.562 -11.181 -10.058 -9.536 -8.925 -11.419
0.014609 -12.447 -12.401 -12.344 -12.128 -11.868 -11.557 -12.202 -12.092 -11.864 -11.547 -11.207 -10.799 -12.1 -11.77 -11.362 -11.046 -10.739 -11.753 -11.389 -11.078 -10.866 -10.827 -11.406 -11.611 -11.232 -10.111 -9.589 -8.979 -11.468
0.015051 -12.481 -12.438 -12.384 -12.173 -11.915 -11.606 -12.242 -12.137 -11.911 -11.597 -11.257 -10.851 -12.145 -11.818 -11.412 -11.097 -10.791 -11.801 -11.439 -11.128 -10.917 -10.876 -11.456 -11.66 -11.282 -10.164 -9.643 -9.033 -11.517
0.015506 -12.514 -12.476 -12.423 -12.218 -11.962 -11.655 -12.282 -12.182 -11.958 -11.646 -11.307 -10.902 -12.19 -11.865 -11.462 -11.147 -10.842 -11.848 -11.488 -11.179 -10.967 -10.925 -11.505 -11.708 -11.332 -10.216 -9.696 -9.087 -11.566
0.015975 -12.548 -12.512 -12.462 -12.262 -12.009 -11.704 -12.322 -12.227 -12.005 -11.694 -11.358 -10.954 -12.235 -11.913 -11.512 -11.198 -10.894 -11.896 -11.537 -11.229 -11.017 -10.973 -11.554 -11.757 -11.382 -10.269 -9.749 -9.14 -11.615
0.016458 -12.581 -12.549 -12.501 -12.306 -12.056 -11.753 -12.362 -12.271 -12.052 -11.743 -11.408 -11.005 -12.279 -11.96 -11.561 -11.249 -10.945 -11.943 -11.586 -11.279 -11.068 -11.022 -11.603 -11.805 -11.432 -10.322 -9.802 -9.194 -11.664
0.016956 -12.614 -12.586 -12.54 -12.35 -12.102 -11.802 -12.401 -12.316 -12.099 -11.792 -11.458 -11.056 -12.324 -12.008 -11.611 -11.299 -10.997 -11.991 -11.635 -11.329 -11.118 -11.071 -11.652 -11.853 -11.482 -10.374 -9.856 -9.248 -11.712
0.017469 -12.647 -12.622 -12.578 -12.394 -12.149 -11.85 -12.441 -12.36 -12.145 -11.84 -11.507 -11.107 -12.368 -12.055 -11.66 -11.35 -11.048 -12.038 -11.685 -11.379 -11.168 -11.12 -11.701 -11.901 -11.532 -10.427 -9.909 -9.301 -11.76
0.017997 -12.679 -12.658 -12.617 -12.438 -12.195 -11.899 -12.48 -12.405 -12.192 -11.889 -11.557 -11.158 -12.412 -12.102 -11.71 -11.4 -11.099 -12.085 -11.733 -11.429 -11.218 -11.169 -11.75 -11.949 -11.582 -10.479 -9.962 -9.355 -11.809
0.018541 -12.711 -12.693 -12.655 -12.482 -12.242 -11.947 -12.519 -12.449 -12.238 -11.937 -11.607 -11.209 -12.456 -12.149 -11.759 -11.451 -11.151 -12.132 -11.782 -11.479 -11.268 -11.218 -11.799 -11.997 -11.631 -10.531 -10.015 -9.409 -11.857
0.019102 -12.743 -12.729 -12.692 -12.525 -12.288 -11.995 -12.558 -12.493 -12.284 -11.985 -11.657 -11.26 -12.5 -12.196 -11.808 -11.501 -11.202 -12.179 -11.831 -11.529 -11.318 -11.267 -11.847 -12.045 -11.681 -10.584 -10.068 -9.462 -11.905
0.01968 -12.774 -12.764 -12.73 -12.568 -12.334 -12.043 -12.596 -12.536 -12.33 -12.034 -11.706 -11.311 -12.544 -12.243 -11.857 -11.551 -11.253 -12.226 -11.88 -11.578 -11.368 -11.315 -11.896 -12.093 -11.731 -10.636 -10.121 -9.516 -11.953
0.020275 -12.805 -12.799 -12.767 -12.611 -12.38 -12.091 -12.634 -12.58 -12.376 -12.082 -11.756 -11.362 -12.587 -12.289 -11.906 -11.601 -11.304 -12.272 -11.928 -11.628 -11.418 -11.364 -11.944 -12.14 -11.78 -10.688 -10.173 -9.569 -12.001
0.020888 -12.836 -12.833 -12.804 -12.654 -12.426 -12.139 -12.673 -12.623 -12.422 -12.13 -11.805 -11.412 -12.631 -12.336 -11.955 -11.651 -11.355 -12.319 -11.977 -11.677 -11.468 -11.413 -11.992 -12.188 -11.829 -10.74 -10.226 -9.622 -12.049
0.02152 -12.866 -12.867 -12.841 -12.697 -12.471 -12.187 -12.711 -12.667 -12.468 -12.177 -11.854 -11.463 -12.674 -12.382 -12.003 -11.701 -11.405 -12.365 -12.025 -11.727 -11.518 -11.461 -12.041 -12.235 -11.878 -10.792 -10.279 -9.676 -12.096
0.022171 -12.897 -12.901 -12.878 -12.74 -12.517 -12.235 -12.748 -12.71 -12.513 -12.225 -11.904 -11.514 -12.717 -12.428 -12.052 -11.751 -11.456 -12.411 -12.074 -11.776 -11.567 -11.51 -12.089 -12.282 -11.928 -10.844 -10.332 -9.729 -12.144
0.022841 -12.927 -12.935 -12.914 -12.782 -12.562 -12.282 -12.786 -12.753 -12.558 -12.273 -11.953 -11.564 -12.76 -12.474 -12.101 -11.801 -11.507 -12.458 -12.122 -11.826 -11.617 -11.559 -12.137 -12.329 -11.977 -10.896 -10.385 -9.782 -12.191
0.023532 -12.956 -12.968 -12.95 -12.824 -12.607 -12.33 -12.823 -12.795 -12.604 -12.32 -12.002 -11.615 -12.803 -12.52 -12.149 -11.851 -11.557 -12.504 -12.17 -11.875 -11.667 -11.607 -12.184 -12.376 -12.026 -10.948 -10.437 -9.836 -12.239
0.024244 -12.986 -13.002 -12.986 -12.866 -12.652 -12.377 -12.86 -12.838 -12.649 -12.368 -12.051 -11.665 -12.845 -12.566 -12.197 -11.9 -11.608 -12.55 -12.218 -11.924 -11.716 -11.656 -12.232 -12.423 -12.074 -11.0 -10.49 -9.889 -12.286
0.024977 -13.015 -13.034 -13.022 -12.908 -12.697 -12.424 -12.897 -12.88 -12.694 -12.415 -12.1 -11.715 -12.887 -12.612 -12.246 -11.95 -11.659 -12.595 -12.266 -11.973 -11.766 -11.704 -12.28 -12.47 -12.123 -11.052 -10.542 -9.942 -12.333
0.025733 -13.043 -13.067 -13.057 -12.95 -12.742 -12.471 -12.934 -12.923 -12.739 -12.462 -12.149 -11.766 -12.93 -12.658 -12.294 -11.999 -11.709 -12.641 -12.314 -12.022 -11.815 -11.753 -12.327 -12.516 -12.172 -11.104 -10.595 -9.995 -12.38
0.026511 -13.072 -13.099 -13.092 -12.992 -12.787 -12.518 -12.97 -12.965 -12.783 -12.509 -12.197 -11.816 -12.972 -12.703 -12.342 -12.049 -11.759 -12.687 -12.362 -12.071 -11.865 -11.801 -12.375 -12.563 -12.22 -11.156 -10.647 -10.048 -12.427
0.027313 -13.1 -13.131 -13.127 -13.033 -12.831 -12.565 -13.007 -13.007 -12.828 -12.556 -12.246 -11.866 -13.013 -12.749 -12.39 -12.098 -11.81 -12.732 -12.409 -12.12 -11.914 -11.849 -12.422 -12.609 -12.269 -11.207 -10.7 -10.102 -12.474
0.028139 -13.127 -13.163 -13.161 -13.074 -12.876 -12.612 -13.043 -13.048 -12.872 -12.603 -12.294 -11.916 -13.055 -12.794 -12.438 -12.147 -11.86 -12.777 -12.457 -12.169 -11.963 -11.898 -12.47 -12.656 -12.317 -11.259 -10.752 -10.155 -12.521
0.02899 -13.155 -13.194 -13.196 -13.115 -12.92 -12.659 -13.079 -13.09 -12.916 -12.65 -12.343 -11.966 -13.096 -12.839 -12.486 -12.197 -11.91 -12.823 -12.504 -12.218 -12.012 -11.946 -12.517 -12.702 -12.366 -11.311 -10.805 -10.208 -12.567
0.029867 -13.182 -13.225 -13.23 -13.156 -12.964 -12.706 -13.114 -13.131 -12.961 -12.696 -12.391 -12.016 -13.138 -12.884 -12.533 -12.246 -11.96 -12.868 -12.552 -12.267 -12.062 -11.994 -12.564 -12.748 -12.414 -11.362 -10.857 -10.261 -12.614
0.03077 -13.209 -13.255 -13.264 -13.196 -13.008 -12.752 -13.15 -13.172 -13.005 -12.743 -12.439 -12.065 -13.179 -12.929 -12.581 -12.295 -12.01 -12.913 -12.599 -12.315 -12.111 -12.043 -12.611 -12.794 -12.462 -11.414 -10.909 -10.314 -12.66
0.031701 -13.235 -13.286 -13.297 -13.237 -13.052 -12.798 -13.185 -13.213 -13.048 -12.789 -12.488 -12.115 -13.22 -12.973 -12.628 -12.344 -12.06 -12.958 -12.646 -12.364 -12.16 -12.091 -12.658 -12.84 -12.51 -11.465 -10.962 -10.367 -12.706
0.032659 -13.261 -13.316 -13.33 -13.277 -13.096 -12.845 -13.22 -13.254 -13.092 -12.836 -12.536 -12.165 -13.26 -13.018 -12.676 -12.392 -12.11 -13.002 -12.693 -12.412 -12.209 -12.139 -12.704 -12.885 -12.558 -11.516 -11.014 -10.419 -12.753
0.033647 -13.287 -13.346 -13.363 -13.317 -13.139 -12.891 -13.255 -13.295 -13.136 -12.882 -12.584 -12.214 -13.301 -13.062 -12.723 -12.441 -12.16 -13.047 -12.74 -12.461 -12.258 -12.187 -12.751 -12.931 -12.606 -11.568 -11.066 -10.472 -12.799
0.034665 -13.312 -13.375 -13.396 -13.357 -13.182 -12.937 -13.29 -13.335 -13.179 -12.928 -12.631 -12.264 -13.341 -13.106 -12.77 -12.49 -12.21 -13.091 -12.787 -12.509 -12.306 -12.235 -12.798 -12.976 -12.654 -11.619 -11.118 -10.525 -12.844
0.035713 -13.337 -13.404 -13.428 -13.396 -13.226 -12.983 -13.324 -13.375 -13.222 -12.974 -12.679 -12.313 -13.381 -13.151 -12.817 -12.538 -12.259 -13.135 -12.834 -12.557 -12.355 -12.283 -12.844 -13.022 -12.701 -11.67 -11.17 -10.578 -12.89
0.036793 -13.362 -13.433 -13.46 -13.436 -13.269 -13.028 -13.358 -13.415 -13.265 -13.02 -12.727 -12.363 -13.421 -13.194 -12.864 -12.587 -12.309 -13.18 -12.881 -12.605 -12.404 -12.331 -12.89 -13.067 -12.749 -11.721 -11.222 -10.631 -12.936
0.037906 -13.386 -13.461 -13.492 -13.475 -13.311 -13.074 -13.392 -13.455 -13.308 -13.065 -12.775 -12.412 -13.461 -13.238 -12.911 -12.635 -12.358 -13.224 -12.927 -12.653 -12.453 -12.379 -12.936 -13.112 -12.796 -11.773 -11.274 -10.683 -12.982
0.039052 -13.41 -13.489 -13.524 -13.514 -13.354 -13.12 -13.426 -13.495 -13.351 -13.111 -12.822 -12.461 -13.5 -13.282 -12.958 -12.684 -12.408 -13.267 -12.974 -12.701 -12.501 -12.427 -12.982 -13.157 -12.844 -11.824 -11.326 -10.736 -13.027
0.040234 -13.433 -13.517 -13.555 -13.552 -13.397 -13.165 -13.459 -13.534 -13.393 -13.156 -12.869 -12.51 -13.54 -13.326 -13.005 -12.732 -12.457 -13.311 -13.02 -12.749 -12.55 -12.475 -13.028 -13.201 -12.891 -11.875 -11.378 -10.789 -13.072
0.04145 -13.457 -13.544 -13.586 -13.591 -13.439 -13.21 -13.493 -13.573 -13.436 -13.202 -12.917 -12.559 -13.579 -13.369 -13.051 -12.78 -12.507 -13.355 -13.067 -12.797 -12.598 -12.523 -13.074 -13.246 -12.938 -11.926 -11.43 -10.841 -13.118
0.042704 -13.48 -13.571 -13.617 -13.629 -13.481 -13.255 -13.526 -13.612 -13.478 -13.247 -12.964 -12.608 -13.618 -13.412 -13.098 -12.828 -12.556 -13.398 -13.113 -12.845 -12.647 -12.571 -13.12 -13.291 -12.985 -11.977 -11.482 -10.894 -13.163
0.043996 -13.502 -13.598 -13.647 -13.667 -13.523 -13.3 -13.559 -13.651 -13.52 -13.292 -13.011 -12.657 -13.656 -13.455 -13.144 -12.876 -12.605 -13.442 -13.159 -12.892 -12.695 -12.619 -13.166 -13.335 -13.032 -12.027 -11.534 -10.946 -13.208
0.045326 -13.524 -13.624 -13.677 -13.705 -13.565 -13.345 -13.591 -13.69 -13.562 -13.337 -13.058 -12.706 -13.695 -13.498 -13.19 -12.924 -12.654 -13.485 -13.205 -12.94 -12.743 -12.667 -13.211 -13.379 -13.079 -12.078 -11.585 -10.999 -13.252
0.046697 -13.546 -13.65 -13.707 -13.743 -13.607 -13.39 -13.624 -13.728 -13.604 -13.382 -13.105 -12.755 -13.733 -13.541 -13.236 -12.972 -12.703 -13.528 -13.251 -12.988 -12.792 -12.714 -13.256 -13.423 -13.126 -12.129 -11.637 -11.051 -13.297
0.048109 -13.567 -13.675 -13.736 -13.78 -13.649 -13.435 -13.656 -13.766 -13.645 -13.426 -13.152 -12.803 -13.771 -13.583 -13.282 -13.019 -12.752 -13.571 -13.297 -13.035 -12.84 -12.762 -13.302 -13.467 -13.173 -12.18 -11.689 -11.104 -13.342
0.049564 -13.588 -13.701 -13.765 -13.818 -13.69 -13.479 -13.688 -13.804 -13.687 -13.471 -13.198 -12.852 -13.809 -13.626 -13.328 -13.067 -12.801 -13.613 -13.342 -13.082 -12.888 -12.81 -13.347 -13.511 -13.219 -12.23 -11.74 -11.156 -13.386
0.051063 -13.609 -13.725 -13.794 -13.855 -13.731 -13.524 -13.719 -13.842 -13.728 -13.515 -13.245 -12.9 -13.847 -13.668 -13.374 -13.115 -12.85 -13.656 -13.388 -13.13 -12.936 -12.857 -13.392 -13.555 -13.266 -12.281 -11.792 -11.209 -13.431
0.052608 -13.629 -13.75 -13.823 -13.891 -13.772 -13.568 -13.751 -13.879 -13.769 -13.559 -13.291 -12.949 -13.884 -13.71 -13.419 -13.162 -12.898 -13.698 -13.433 -13.177 -12.984 -12.905 -13.437 -13.599 -13.312 -12.331 -11.843 -11.261 -13.475
0.054199 -13.648 -13.774 -13.851 -13.928 -13.813 -13.612 -13.782 -13.917 -13.81 -13.604 -13.338 -12.997 -13.921 -13.752 -13.465 -13.209 -12.947 -13.741 -13.478 -13.224 -13.032 -12.952 -13.482 -13.642 -13.358 -12.382 -11.895 -11.313 -13.519
0.055838 -13.668 -13.797 -13.879 -13.964 -13.854 -13.656 -13.813 -13.954 -13.85 -13.648 -13.384 -13.045 -13.958 -13.794 -13.51 -13.256 -12.995 -13.783 -13.524 -13.271 -13.079 -13.0 -13.526 -13.685 -13.404 -12.432 -11.946 -11.366 -13.563
0.057527 -13.687 -13.821 -13.906 -14.0 -13.894 -13.7 -13.844 -13.99 -13.891 -13.691 -13.43 -13.094 -13.995 -13.836 -13.556 -13.304 -13.044 -13.825 -13.569 -13.318 -13.127 -13.047 -13.571 -13.728 -13.45 -12.483 -11.998 -11.418 -13.607
0.059267 -13.705 -13.843 -13.933 -14.036 -13.934 -13.743 -13.874 -14.027 -13.931 -13.735 -13.476 -13.142 -14.031 -13.877 -13.601 -13.351 -13.092 -13.866 -13.614 -13.364 -13.175 -13.094 -13.615 -13.771 -13.496 -12.533 -12.049 -11.47 -13.65
0.061059 -13.723 -13.866 -13.96 -14.072 -13.975 -13.787 -13.905 -14.063 -13.971 -13.779 -13.522 -13.19 -14.068 -13.918 -13.646 -13.398 -13.14 -13.908 -13.658 -13.411 -13.222 -13.141 -13.659 -13.814 -13.542 -12.583 -12.1 -11.522 -13.694
0.062906 -13.741 -13.888 -13.987 -14.107 -14.014 -13.83 -13.935 -14.099 -14.011 -13.822 -13.568 -13.238 -14.103 -13.96 -13.691 -13.444 -13.189 -13.949 -13.703 -13.458 -13.27 -13.189 -13.703 -13.857 -13.587 -12.633 -12.152 -11.574 -13.737
0.064808 -13.758 -13.909 -14.013 -14.142 -14.054 -13.873 -13.965 -14.135 -14.051 -13.865 -13.614 -13.285 -14.139 -14.0 -13.735 -13.491 -13.237 -13.991 -13.748 -13.504 -13.317 -13.236 -13.747 -13.899 -13.633 -12.683 -12.203 -11.626 -13.78
0.066769 -13.775 -13.931 -14.038 -14.177 -14.094 -13.916 -13.994 -14.171 -14.091 -13.908 -13.659 -13.333 -14.175 -14.041 -13.78 -13.538 -13.285 -14.032 -13.792 -13.55 -13.364 -13.283 -13.791 -13.942 -13.678 -12.734 -12.254 -11.678 -13.824
0.068788 -13.791 -13.951 -14.064 -14.211 -14.133 -13.959 -14.024 -14.206 -14.13 -13.951 -13.705 -13.381 -14.21 -14.082 -13.824 -13.584 -13.333 -14.073 -13.837 -13.597 -13.412 -13.33 -13.835 -13.984 -13.724 -12.784 -12.305 -11.73 -13.867
0.070868 -13.807 -13.972 -14.089 -14.245 -14.172 -14.002 -14.053 -14.241 -14.169 -13.994 -13.75 -13.428 -14.245 -14.122 -13.869 -13.631 -13.381 -14.113 -13.881 -13.643 -13.459 -13.377 -13.878 -14.026 -13.769 -12.833 -12.356 -11.782 -13.909
0.073012 -13.823 -13.992 -14.114 -14.279 -14.211 -14.045 -14.082 -14.276 -14.208 -14.037 -13.795 -13.476 -14.28 -14.162 -13.913 -13.677 -13.428 -14.154 -13.925 -13.689 -13.506 -13.424 -13.922 -14.068 -13.814 -12.883 -12.407 -11.834 -13.952
0.07522 -13.838 -14.011 -14.138 -14.313 -14.25 -14.087 -14.11 -14.311 -14.247 -14.079 -13.84 -13.523 -14.314 -14.202 -13.957 -13.723 -13.476 -14.194 -13.969 -13.735 -13.553 -13.471 -13.965 -14.109 -13.859 -12.933 -12.458 -11.886 -13.995
0.077495 -13.852 -14.03 -14.162 -14.347 -14.288 -14.129 -14.139 -14.345 -14.285 -14.122 -13.885 -13.57 -14.348 -14.242 -14.001 -13.769 -13.524 -14.235 -14.013 -13.781 -13.6 -13.518 -14.008 -14.151 -13.904 -12.983 -12.509 -11.938 -14.037
0.079839 -13.866 -14.048 -14.186 -14.38 -14.327 -14.171 -14.167 -14.379 -14.324 -14.164 -13.93 -13.617 -14.382 -14.282 -14.045 -13.815 -13.571 -14.275 -14.056 -13.827 -13.646 -13.564 -14.051 -14.192 -13.948 -13.033 -12.56 -11.99 -14.079
0.082253 -13.88 -14.067 -14.209 -14.413 -14.365 -14.213 -14.195 -14.413 -14.362 -14.206 -13.975 -13.664 -14.416 -14.321 -14.089 -13.861 -13.618 -14.315 -14.1 -13.872 -13.693 -13.611 -14.094 -14.233 -13.993 -13.082 -12.611 -12.042 -14.121
0.084741 -13.893 -14.084 -14.232 -14.445 -14.402 -14.255 -14.222 -14.446 -14.399 -14.248 -14.019 -13.711 -14.449 -14.36 -14.132 -13.907 -13.666 -14.354 -14.143 -13.918 -13.74 -13.658 -14.137 -14.274 -14.037 -13.132 -12.661 -12.093 -14.163
0.087304 -13.906 -14.101 -14.254 -14.478 -14.44 -14.297 -14.249 -14.48 -14.437 -14.289 -14.064 -13.758 -14.482 -14.399 -14.175 -13.952 -13.713 -14.394 -14.186 -13.963 -13.786 -13.704 -14.179 -14.315 -14.082 -13.181 -12.712 -12.145 -14.205
0.089944 -13.918 -14.118 -14.276 -14.51 -14.477 -14.338 -14.277 -14.513 -14.475 -14.331 -14.108 -13.805 -14.515 -14.438 -14.219 -13.998 -13.76 -14.433 -14.229 -14.008 -13.833 -13.751 -14.222 -14.356 -14.126 -13.231 -12.763 -12.197 -14.247
0.092665 -13.93 -14.134 -14.298 -14.541 -14.515 -14.379 -14.303 -14.545 -14.512 -14.372 -14.152 -13.852 -14.547 -14.477 -14.262 -14.043 -13.807 -14.472 -14.272 -14.054 -13.879 -13.797 -14.264 -14.396 -14.17 -13.28 -12.813 -12.248 -14.288
0.095467 -13.941 -14.15 -14.319 -14.573 -14.552 -14.421 -14.33 -14.578 -14.549 -14.413 -14.196 -13.898 -14.58 -14.515 -14.305 -14.088 -13.854 -14.511 -14.315 -14.099 -13.925 -13.843 -14.306 -14.437 -14.214 -13.329 -12.864 -12.3 -14.329
0.098355 -13.952 -14.165 -14.34 -14.604 -14.588 -14.461 -14.356 -14.61 -14.585 -14.454 -14.24 -13.945 -14.611 -14.553 -14.347 -14.133 -13.901 -14.549 -14.358 -14.144 -13.972 -13.89 -14.348 -14.477 -14.257 -13.378 -12.914 -12.352 -14.37
0.101329 -13.962 -14.18 -14.361 -14.634 -14.625 -14.502 -14.382 -14.642 -14.622 -14.495 -14.284 -13.991 -14.643 -14.591 -14.39 -14.178 -13.947 -14.588 -14.4 -14.189 -14.018 -13.936 -14.39 -14.517 -14.301 -13.427 -12.965 -12.403 -14.411
0.104394 -13.972 -14.194 -14.381 -14.665 -14.661 -14.543 -14.408 -14.673 -14.658 -14.536 -14.328 -14.037 -14.674 -14.629 -14.433 -14.223 -13.994 -14.626 -14.443 -14.233 -14.064 -13.982 -14.431 -14.556 -14.344 -13.476 -13.015 -12.454 -14.452
0.107551 -13.981 -14.208 -14.4 -14.695 -14.697 -14.583 -14.434 -14.704 -14.694 -14.576 -14.371 -14.083 -14.705 -14.667 -14.475 -14.268 -14.041 -14.664 -14.485 -14.278 -14.109 -14.028 -14.473 -14.596 -14.388 -13.525 -13.065 -12.506 -14.493
0.110804 -13.99 -14.221 -14.419 -14.725 -14.733 -14.623 -14.459 -14.735 -14.73 -14.616 -14.414 -14.129 -14.736 -14.704 -14.517 -14.313 -14.087 -14.702 -14.527 -14.322 -14.155 -14.074 -14.514 -14.635 -14.431 -13.574 -13.116 -12.557 -14.533
0.114155 -13.998 -14.234 -14.438 -14.754 -14.768 -14.663 -14.484 -14.765 -14.765 -14.656 -14.458 -14.175 -14.766 -14.741 -14.559 -14.357 -14.133 -14.74 -14.569 -14.367 -14.201 -14.12 -14.555 -14.674 -14.474 -13.623 -13.166 -12.609 -14.573
0.117608 -14.005 -14.246 -14.456 -14.783 -14.803 -14.703 -14.509 -14.796 -14.801 -14.696 -14.501 -14.221 -14.796 -14.778 -14.601 -14.401 -14.179 -14.777 -14.61 -14.411 -14.246 -14.165 -14.596 -14.713 -14.516 -13.672 -13.216 -12.66 -14.613
0.121165 -14.012 -14.257 -14.474 -14.812 -14.838 -14.742 -14.533 -14.826 -14.836 -14.736 -14.543 -14.267 -14.826 -14.814 -14.642 -14.446 -14.225 -14.814 -14.652 -14.455 -14.292 -14.211 -14.637 -14.752 -14.559 -13.721 -13.266 -12.711 -14.653
0.124829 -14.019 -14.268 -14.492 -14.841 -14.873 -14.782 -14.557 -14.855 -14.87 -14.775 -14.586 -14.312 -14.855 -14.851 -14.684 -14.49 -14.271 -14.851 -14.693 -14.499 -14.337 -14.257 -14.677 -14.79 -14.602 -13.769 -13.316 -12.762 -14.693
0.128605 -14.025 -14.279 -14.509 -14.869 -14.907 -14.821 -14.581 -14.884 -14.905 -14.815 -14.629 -14.358 -14.884 -14.887 -14.725 -14.533 -14.317 -14.888 -14.734 -14.543 -14.382 -14.302 -14.717 -14.828 -14.644 -13.818 -13.366 -12.813 -14.732
0.132494 -14.03 -14.289 -14.525 -14.896 -14.941 -14.86 -14.605 -14.913 -14.939 -14.854 -14.671 -14.403 -14.913 -14.922 -14.766 -14.577 -14.363 -14.924 -14.775 -14.586 -14.427 -14.348 -14.758 -14.867 -14.686 -13.866 -13.416 -12.864 -14.772
0.136502 -14.035 -14.298 -14.541 -14.924 -14.975 -14.899 -14.628 -14.942 -14.973 -14.892 -14.713 -14.448 -14.941 -14.958 -14.807 -14.621 -14.408 -14.96 -14.816 -14.63 -14.472 -14.393 -14.798 -14.904 -14.728 -13.914 -13.466 -12.915 -14.811
0.14063 -14.039 -14.307 -14.556 -14.951 -15.009 -14.937 -14.651 -14.97 -15.006 -14.931 -14.755 -14.493 -14.969 -14.993 -14.848 -14.664 -14.454 -14.996 -14.856 -14.673 -14.517 -14.438 -14.837 -14.942 -14.77 -13.963 -13.515 -12.966 -14.85
0.144883 -14.043 -14.315 -14.571 -14.977 -15.042 -14.975 -14.674 -14.998 -15.04 -14.969 -14.797 -14.538 -14.996 -15.028 -14.888 -14.708 -14.499 -15.032 -14.897 -14.716 -14.562 -14.483 -14.877 -14.979 -14.812 -14.011 -13.565 -13.017 -14.889
0.149265 -14.046 -14.322 -14.586 -15.004 -15.075 -15.013 -14.696 -15.025 -15.073 -15.007 -14.839 -14.583 -15.024 -15.063 -14.928 -14.751 -14.544 -15.067 -14.937 -14.759 -14.606 -14.528 -14.916 -15.016 -14.853 -14.059 -13.615 -13.068 -14.927
0.15378 -14.049 -14.329 -14.6 -15.029 -15.108 -15.051 -14.718 -15.052 -15.105 -15.045 -14.88 -14.627 -15.05 -15.098 -14.968 -14.794 -14.589 -15.102 -14.977 -14.802 -14.651 -14.573 -14.955 -15.053 -14.894 -14.107 -13.664 -13.119 -14.965
0.15843 -14.051 -14.335 -14.614 -15.055 -15.14 -15.089 -14.74 -15.079 -15.138 -15.083 -14.922 -14.672 -15.077 -15.132 -15.008 -14.836 -14.634 -15.137 -15.017 -14.845 -14.695 -14.618 -14.994 -15.09 -14.935 -14.155 -13.714 -13.17 -15.003
0.163222 -14.052 -14.341 -14.626 -15.08 -15.172 -15.126 -14.762 -15.105 -15.17 -15.12 -14.963 -14.716 -15.103 -15.166 -15.048 -14.879 -14.679 -15.172 -15.057 -14.887 -14.739 -14.663 -15.033 -15.126 -14.976 -14.202 -13.763 -13.22 -15.041
0.168159 -14.052 -14.346 -14.639 -15.104 -15.204 -15.163 -14.783 -15.131 -15.202 -15.158 -15.004 -14.76 -15.128 -15.199 -15.087 -14.922 -14.724 -15.206 -15.096 -14.93 -14.783 -14.707 -15.072 -15.162 -15.017 -14.25 -13.812 -13.271 -15.079
0.173245 -14.052 -14.35 -14.651 -15.129 -15.235 -15.2 -14.804 -15.156 -15.233 -15.195 -15.045 -14.804 -15.154 -15.233 -15.127 -14.964 -14.768 -15.24 -15.135 -14.972 -14.827 -14.752 -15.11 -15.198 -15.057 -14.298 -13.861 -13.322 -15.116
0.178484 -14.052 -14.354 -14.662 -15.152 -15.266 -15.236 -14.824 -15.181 -15.264 -15.231 -15.085 -14.848 -15.178 -15.266 -15.166 -15.006 -14.812 -15.274 -15.174 -15.014 -14.871 -14.796 -15.148 -15.234 -15.098 -14.345 -13.911 -13.372 -15.154
0.183882 -14.051 -14.357 -14.673 -15.176 -15.297 -15.273 -14.845 -15.206 -15.295 -15.268 -15.125 -14.892 -15.203 -15.298 -15.205 -15.048 -14.857 -15.307 -15.213 -15.056 -14.914 -14.84 -15.186 -15.269 -15.138 -14.393 -13.96 -13.423 -15.191
0.189444 -14.049 -14.359 -14.683 -15.199 -15.327 -15.309 -14.864 -15.23 -15.326 -15.304 -15.166 -14.935 -15.227 -15.331 -15.243 -15.09 -14.901 -15.34 -15.251 -15.098 -14.958 -14.884 -15.224 -15.304 -15.178 -14.44 -14.009 -13.473 -15.227
0.195173 -14.046 -14.361 -14.693 -15.221 -15.357 -15.345 -14.884 -15.254 -15.356 -15.34 -15.206 -14.979 -15.25 -15.363 -15.281 -15.131 -14.945 -15.373 -15.29 -15.139 -15.001 -14.928 -15.261 -15.339 -15.217 -14.487 -14.058 -13.523 -15.264
0.201076 -14.043 -14.361 -14.702 -15.243 -15.387 -15.38 -14.903 -15.277 -15.385 -15.375 -15.245 -15.022 -15.273 -15.395 -15.32 -15.173 -14.988 -15.406 -15.328 -15.181 -15.044 -14.972 -15.298 -15.373 -15.257 -14.534 -14.106 -13.574 -15.3
0.207158 -14.039 -14.362 -14.71 -15.264 -15.416 -15.415 -14.922 -15.3 -15.415 -15.411 -15.285 -15.065 -15.296 -15.426 -15.357 -15.214 -15.032 -15.438 -15.365 -15.222 -15.087 -15.016 -15.335 -15.408 -15.296 -14.581 -14.155 -13.624 -15.336
0.213423 -14.034 -14.361 -14.718 -15.285 -15.445 -15.45 -14.941 -15.322 -15.444 -15.446 -15.324 -15.108 -15.318 -15.457 -15.395 -15.255 -15.075 -15.47 -15.403 -15.263 -15.13 -15.059 -15.372 -15.442 -15.335 -14.628 -14.204 -13.674 -15.372
0.219878 -14.029 -14.359 -14.726 -15.306 -15.474 -15.485 -14.959 -15.344 -15.472 -15.48 -15.363 -15.151 -15.339 -15.488 -15.432 -15.296 -15.118 -15.501 -15.44 -15.303 -15.173 -15.103 -15.408 -15.475 -15.374 -14.674 -14.252 -13.724 -15.407
0.226528 -14.023 -14.357 -14.732 -15.326 -15.502 -15.519 -14.977 -15.366 -15.501 -15.515 -15.402 -15.193 -15.36 -15.518 -15.469 -15.336 -15.161 -15.533 -15.477 -15.344 -15.215 -15.146 -15.444 -15.508 -15.413 -14.721 -14.301 -13.774 -15.443
0.233379 -14.016 -14.354 -14.738 -15.345 -15.53 -15.553 -14.994 -15.386 -15.528 -15.549 -15.441 -15.236 -15.381 -15.548 -15.506 -15.377 -15.204 -15.563 -15.514 -15.384 -15.258 -15.189 -15.48 -15.541 -15.451 -14.767 -14.349 -13.824 -15.477
0.240437 -14.008 -14.351 -14.744 -15.364 -15.557 -15.587 -15.011 -15.407 -15.556 -15.583 -15.479 -15.278 -15.401 -15.578 -15.543 -15.417 -15.247 -15.594 -15.551 -15.424 -15.3 -15.232 -15.516 -15.574 -15.489 -14.814 -14.397 -13.874 -15.512
0.247709 -14.0 -14.346 -14.748 -15.383 -15.584 -15.62 -15.028 -15.427 -15.583 -15.616 -15.517 -15.32 -15.42 -15.607 -15.579 -15.457 -15.29 -15.624 -15.587 -15.464 -15.342 -15.275 -15.551 -15.606 -15.527 -14.86 -14.446 -13.923 -15.547
0.255201 -13.991 -14.341 -14.752 -15.401 -15.61 -15.653 -15.044 -15.446 -15.609 -15.649 -15.555 -15.362 -15.439 -15.636 -15.615 -15.496 -15.332 -15.654 -15.623 -15.504 -15.383 -15.317 -15.586 -15.638 -15.564 -14.906 -14.494 -13.973 -15.581
0.262919 -13.981 -14.334 -14.755 -15.418 -15.636 -15.686 -15.06 -15.465 -15.636 -15.682 -15.592 -15.403 -15.458 -15.664 -15.651 -15.536 -15.374 -15.683 -15.658 -15.543 -15.425 -15.36 -15.621 -15.67 -15.601 -14.952 -14.542 -14.023 -15.614
0.270871 -13.97 -14.327 -14.758 -15.435 -15.662 -15.718 -15.076 -15.483 -15.661 -15.715 -15.63 -15.444 -15.476 -15.692 -15.686 -15.575 -15.416 -15.712 -15.694 -15.582 -15.466 -15.402 -15.655 -15.701 -15.638 -14.998 -14.589 -14.072 -15.648
0.279064 -13.959 -14.319 -14.76 -15.451 -15.687 -15.75 -15.091 -15.501 -15.686 -15.747 -15.667 -15.486 -15.493 -15.72 -15.721 -15.614 -15.458 -15.741 -15.729 -15.621 -15.507 -15.444 -15.69 -15.732 -15.675 -15.043 -14.637 -14.121 -15.681
0.287504 -13.947 -14.31 -14.761 -15.466 -15.712 -15.782 -15.106 -15.518 -15.711 -15.778 -15.703 -15.527 -15.51 -15.747 -15.756 -15.652 -15.499 -15.769 -15.764 -15.66 -15.548 -15.486 -15.723 -15.763 -15.712 -15.089 -14.685 -14.171 -15.714
0.296199 -13.933 -14.3 -14.761 -15.481 -15.736 -15.813 -15.12 -15.535 -15.735 -15.81 -15.74 -15.567 -15.526 -15.774 -15.79 -15.691 -15.54 -15.797 -15.798 -15.698 -15.589 -15.528 -15.757 -15.793 -15.748 -15.134 -14.732 -14.22 -15.747
0.305157 -13.919 -14.289 -14.761 -15.495 -15.76 -15.844 -15.134 -15.551 -15.759 -15.841 -15.776 -15.608 -15.541 -15.8 -15.824 -15.729 -15.581 -15.824 -15.832 -15.737 -15.629 -15.57 -15.79 -15.822 -15.784 -15.179 -14.779 -14.269 -15.779
0.314387 -13.905 -14.277 -14.759 -15.509 -15.783 -15.874 -15.147 -15.566 -15.783 -15.871 -15.812 -15.648 -15.556 -15.826 -15.858 -15.767 -15.622 -15.851 -15.866 -15.774 -15.669 -15.611 -15.823 -15.852 -15.819 -15.224 -14.827 -14.318 -15.811
0.323895 -13.889 -14.264 -14.757 -15.522 -15.805 -15.904 -15.16 -15.58 -15.805 -15.902 -15.847 -15.688 -15.571 -15.851 -15.891 -15.804 -15.663 -15.877 -15.899 -15.812 -15.709 -15.652 -15.855 -15.881 -15.854 -15.269 -14.874 -14.367 -15.842
0.333691 -13.872 -14.25 -14.754 -15.534 -15.827 -15.934 -15.173 -15.594 -15.827 -15.931 -15.882 -15.728 -15.584 -15.876 -15.924 -15.842 -15.703 -15.903 -15.932 -15.849 -15.749 -15.693 -15.887 -15.909 -15.889 -15.314 -14.921 -14.416 -15.873
0.343783 -13.855 -14.235 -14.751 -15.546 -15.849 -15.963 -15.185 -15.608 -15.849 -15.961 -15.917 -15.767 -15.597 -15.9 -15.957 -15.879 -15.743 -15.928 -15.965 -15.886 -15.789 -15.734 -15.919 -15.937 -15.924 -15.358 -14.968 -14.464 -15.904
0.354181 -13.836 -14.219 -14.746 -15.556 -15.87 -15.991 -15.196 -15.62 -15.87 -15.989 -15.952 -15.806 -15.609 -15.924 -15.989 -15.915 -15.783 -15.953 -15.997 -15.923 -15.828 -15.774 -15.95 -15.965 -15.958 -15.403 -15.014 -14.513 -15.935
0.364893 -13.817 -14.202 -14.74 -15.566 -15.89 -16.02 -15.207 -15.632 -15.891 -16.018 -15.986 -15.845 -15.62 -15.947 -16.021 -15.952 -15.823 -15.978 -16.029 -15.959 -15.867 -15.814 -15.981 -15.992 -15.991 -15.447 -15.061 -14.562 -15.965
0.375929 -13.796 -14.183 -14.734 -15.576 -15.91 -16.047 -15.217 -15.643 -15.911 -16.046 -16.02 -15.884 -15.631 -15.97 -16.053 -15.988 -15.862 -16.001 -16.06 -15.995 -15.905 -15.854 -16.012 -16.018 -16.025 -15.491 -15.107 -14.61 -15.994
0.387298 -13.775 -14.164 -14.726 -15.584 -15.929 -16.075 -15.227 -15.654 -15.93 -16.073 -16.053 -15.922 -15.641 -15.992 -16.083 -16.023 -15.901 -16.025 -16.091 -16.031 -15.944 -15.894 -16.042 -16.044 -16.058 -15.534 -15.153 -14.658 -16.023
0.399012 -13.752 -14.143 -14.718 -15.592 -15.948 -16.101 -15.237 -15.663 -15.949 -16.1 -16.086 -15.96 -15.65 -16.014 -16.114 -16.059 -15.94 -16.048 -16.122 -16.066 -15.982 -15.934 -16.072 -16.07 -16.09 -15.578 -15.199 -14.706 -16.052
0.41108 -13.729 -14.121 -14.708 -15.599 -15.965 -16.127 -15.245 -15.672 -15.967 -16.127 -16.119 -15.998 -15.658 -16.034 -16.144 -16.093 -15.978 -16.07 -16.152 -16.101 -16.019 -15.973 -16.101 -16.095 -16.123 -15.621 -15.245 -14.754 -16.08
0.423513 -13.704 -14.097 -14.698 -15.605 -15.983 -16.153 -15.254 -15.68 -15.984 -16.153 -16.151 -16.035 -15.665 -16.055 -16.174 -16.128 -16.016 -16.091 -16.182 -16.136 -16.057 -16.012 -16.13 -16.12 -16.154 -15.664 -15.291 -14.802 -16.108
0.436321 -13.678 -14.072 -14.686 -15.61 -15.999 -16.178 -15.261 -15.687 -16.0 -16.178 -16.182 -16.072 -15.672 -16.074 -16.203 -16.162 -16.054 -16.112 -16.211 -16.17 -16.094 -16.05 -16.158 -16.144 -16.186 -15.707 -15.336 -14.849 -16.136
0.449518 -13.651 -14.046 -14.674 -15.614 -16.015 -16.203 -15.268 -15.693 -16.016 -16.203 -16.214 -16.109 -15.677 -16.093 -16.231 -16.196 -16.091 -16.132 -16.239 -16.204 -16.131 -16.089 -16.186 -16.167 -16.217 -15.749 -15.382 -14.897 -16.163
0.463113 -13.624 -14.018 -14.66 -15.617 -16.03 -16.227 -15.274 -15.698 -16.031 -16.227 -16.244 -16.145 -15.682 -16.112 -16.26 -16.229 -16.128 -16.152 -16.268 -16.237 -16.167 -16.127 -16.213 -16.19 -16.247 -15.792 -15.427 -14.944 -16.189
0.47712 -13.594 -13.989 -14.645 -15.619 -16.044 -16.25 -15.28 -15.702 -16.046 -16.25 -16.275 -16.181 -15.686 -16.129 -16.287 -16.262 -16.165 -16.171 -16.295 -16.27 -16.203 -16.164 -16.24 -16.212 -16.277 -15.834 -15.472 -14.991 -16.215
0.49155 -13.564 -13.959 -14.628 -15.62 -16.057 -16.273 -15.285 -15.706 -16.059 -16.273 -16.305 -16.217 -15.688 -16.146 -16.314 -16.294 -16.201 -16.189 -16.322 -16.303 -16.239 -16.202 -16.266 -16.233 -16.306 -15.875 -15.516 -15.038 -16.24
0.506416 -13.533 -13.926 -14.611 -15.62 -16.069 -16.295 -15.289 -15.708 -16.072 -16.295 -16.334 -16.252 -15.69 -16.162 -16.34 -16.326 -16.237 -16.207 -16.349 -16.335 -16.274 -16.239 -16.292 -16.254 -16.335 -15.917 -15.561 -15.085 -16.265
0.521733 -13.5 -13.892 -14.592 -15.619 -16.081 -16.316 -15.292 -15.709 -16.084 -16.317 -16.363 -16.286 -15.69 -16.177 -16.366 -16.358 -16.273 -16.223 -16.375 -16.366 -16.309 -16.275 -16.317 -16.274 -16.363 -15.958 -15.605 -15.132 -16.289
0.537512 -13.466 -13.857 -14.572 -15.617 -16.092 -16.336 -15.295 -15.709 -16.094 -16.338 -16.391 -16.321 -15.69 -16.191 -16.391 -16.389 -16.308 -16.239 -16.4 -16.397 -16.343 -16.311 -16.341 -16.293 -16.391 -15.999 -15.649 -15.178 -16.313
0.553769 -13.431 -13.819 -14.55 -15.613 -16.101 -16.356 -15.296 -15.708 -16.104 -16.358 -16.418 -16.355 -15.688 -16.205 -16.416 -16.419 -16.342 -16.254 -16.424 -16.428 -16.377 -16.347 -16.365 -16.312 -16.418 -16.04 -15.693 -15.225 -16.336
0.570517 -13.394 -13.78 -14.527 -15.608 -16.11 -16.375 -15.297 -15.706 -16.113 -16.377 -16.445 -16.388 -15.685 -16.217 -16.44 -16.449 -16.376 -16.268 -16.448 -16.457 -16.41 -16.383 -16.388 -16.33 -16.445 -16.08 -15.736 -15.271 -16.358
0.587772 -13.356 -13.739 -14.502 -15.602 -16.118 -16.393 -15.297 -15.702 -16.121 -16.396 -16.472 -16.421 -15.681 -16.229 -16.463 -16.478 -16.41 -16.282 -16.471 -16.487 -16.443 -16.418 -16.411 -16.347 -16.471 -16.12 -15.779 -15.316 -16.38
0.605549 -13.317 -13.696 -14.476 -15.595 -16.124 -16.411 -15.297 -15.697 -16.128 -16.413 -16.497 -16.453 -15.675 -16.24 -16.485 -16.506 -16.443 -16.294 -16.494 -16.516 -16.475 -16.452 -16.433 -16.363 -16.496 -16.159 -15.822 -15.362 -16.401
0.623863 -13.276 -13.651 -14.448 -15.586 -16.13 -16.427 -15.295 -15.691 -16.134 -16.43 -16.522 -16.485 -15.668 -16.249 -16.507 -16.534 -16.476 -16.305 -16.516 -16.544 -16.507 -16.486 -16.454 -16.378 -16.52 -16.198 -15.865 -15.407 -16.421
0.642731 -13.234 -13.603 -14.419 -15.576 -16.134 -16.442 -15.292 -15.683 -16.138 -16.446 -16.547 -16.516 -15.659 -16.258 -16.527 -16.562 -16.508 -16.315 -16.536 -16.571 -16.539 -16.52 -16.474 -16.392 -16.544 -16.237 -15.907 -15.452 -16.44
0.66217 -13.19 -13.554 -14.387 -15.564 -16.137 -16.457 -15.288 -15.674 -16.142 -16.461 -16.57 -16.546 -15.649 -16.265 -16.547 -16.588 -16.539 -16.325 -16.557 -16.598 -16.569 -16.553 -16.493 -16.406 -16.567 -16.275 -15.949 -15.497 -16.459
0.682197 -13.145 -13.502 -14.354 -15.551 -16.139 -16.47 -15.283 -15.663 -16.144 -16.475 -16.593 -16.576 -15.638 -16.271 -16.566 -16.614 -16.57 -16.333 -16.576 -16.624 -16.599 -16.585 -16.512 -16.418 -16.589 -16.313 -15.99 -15.542 -16.477
0.70283 -13.098 -13.447 -14.319 -15.536 -16.14 -16.483 -15.277 -15.651 -16.145 -16.487 -16.615 -16.606 -15.625 -16.276 -16.584 -16.639 -16.6 -16.34 -16.594 -16.649 -16.629 -16.617 -16.53 -16.429 -16.61 -16.35 -16.031 -15.586 -16.494
0.724086 -13.05 -13.39 -14.282 -15.519 -16.139 -16.494 -15.27 -15.637 -16.144 -16.499 -16.636 -16.634 -15.61 -16.28 -16.602 -16.664 -16.63 -16.346 -16.611 -16.674 -16.657 -16.648 -16.546 -16.439 -16.631 -16.387 -16.072 -15.63 -16.51
0.745986 -13.0 -13.33 -14.243 -15.501 -16.136 -16.504 -15.261 -15.621 -16.142 -16.51 -16.656 -16.662 -15.593 -16.283 -16.618 -16.687 -16.659 -16.35 -16.627 -16.697 -16.685 -16.679 -16.562 -16.448 -16.65 -16.424 -16.113 -15.673 -16.525
0.768548 -12.949 -13.268 -14.201 -15.48 -16.133 -16.513 -15.251 -15.604 -16.139 -16.519 -16.675 -16.689 -15.575 -16.284 -16.633 -16.71 -16.687 -16.353 -16.643 -16.72 -16.713 -16.709 -16.577 -16.456 -16.669 -16.46 -16.153 -15.717 -16.539
0.791792 -12.896 -13.202 -14.158 -15.457 -16.127 -16.521 -15.24 -15.584 -16.134 -16.527 -16.693 -16.715 -15.554 -16.283 -16.647 -16.731 -16.714 -16.355 -16.657 -16.742 -16.739 -16.738 -16.591 -16.462 -16.686 -16.495 -16.192 -15.76 -16.552
0.815739 -12.841 -13.134 -14.112 -15.433 -16.12 -16.527 -15.227 -15.563 -16.127 -16.534 -16.71 -16.741 -15.531 -16.281 -16.659 -16.752 -16.741 -16.355 -16.67 -16.763 -16.765 -16.766 -16.603 -16.468 -16.703 -16.53 -16.231 -15.802 -16.564
0.840411 -12.785 -13.062 -14.063 -15.406 -16.111 -16.532 -15.213 -15.539 -16.118 -16.539 -16.726 -16.766 -15.507 -16.278 -16.671 -16.772 -16.766 -16.354 -16.681 -16.783 -16.79 -16.794 -16.615 -16.471 -16.718 -16.564 -16.27 -15.844 -16.575
0.865828 -12.727 -12.987 -14.012 -15.377 -16.1 -16.535 -15.198 -15.513 -16.108 -16.543 -16.741 -16.789 -15.48 -16.272 -16.681 -16.791 -16.791 -16.351 -16.692 -16.802 -16.813 -16.821 -16.625 -16.473 -16.732 -16.597 -16.308 -15.886 -16.585
0.892015 -12.668 -12.908 -13.958 -15.345 -16.087 -16.537 -15.18 -15.485 -16.096 -16.545 -16.754 -16.812 -15.45 -16.265 -16.69 -16.808 -16.815 -16.346 -16.701 -16.819 -16.836 -16.847 -16.634 -16.474 -16.745 -16.63 -16.346 -15.927 -16.593
0.918993 -12.608 -12.825 -13.901 -15.311 -16.073 -16.537 -15.161 -15.454 -16.081 -16.546 -16.767 -16.834 -15.418 -16.256 -16.697 -16.824 -16.838 -16.34 -16.709 -16.836 -16.858 -16.872 -16.641 -16.473 -16.757 -16.662 -16.383 -15.968 -16.6
0.946787 -12.545 -12.739 -13.841 -15.274 -16.056 -16.536 -15.14 -15.421 -16.065 -16.545 -16.778 -16.854 -15.383 -16.245 -16.703 -16.839 -16.86 -16.331 -16.715 -16.851 -16.879 -16.896 -16.647 -16.47 -16.767 -16.693 -16.419 -16.009 -16.606
0.975422 -12.482 -12.648 -13.778 -15.234 -16.036 -16.532 -15.117 -15.384 -16.046 -16.542 -16.787 -16.874 -15.346 -16.232 -16.707 -16.853 -16.88 -16.321 -16.719 -16.865 -16.899 -16.92 -16.652 -16.466 -16.776 -16.724 -16.455 -16.048 -16.61
1.004923 -12.417 -12.553 -13.712 -15.191 -16.015 -16.527 -15.092 -15.345 -16.025 -16.537 -16.795 -16.892 -15.305 -16.217 -16.71 -16.865 -16.9 -16.308 -16.722 -16.878 -16.917 -16.942 -16.655 -16.459 -16.783 -16.754 -16.49 -16.088 -16.613
1.035317 -12.35 -12.453 -13.642 -15.145 -15.99 -16.519 -15.065 -15.303 -16.001 -16.53 -16.802 -16.909 -15.262 -16.199 -16.71 -16.876 -16.918 -16.294 -16.723 -16.889 -16.934 -16.963 -16.656 -16.451 -16.788 -16.782 -16.524 -16.126 -16.614
1.066629 -12.283 -12.349 -13.568 -15.096 -15.963 -16.509 -15.036 -15.258 -15.975 -16.521 -16.806 -16.925 -15.215 -16.179 -16.709 -16.886 -16.935 -16.276 -16.722 -16.899 -16.95 -16.982 -16.655 -16.44 -16.792 -16.81 -16.558 -16.165 -16.613
1.098888 -12.214 -12.239 -13.491 -15.043 -15.933 -16.497 -15.004 -15.209 -15.946 -16.51 -16.809 -16.939 -15.164 -16.156 -16.706 -16.893 -16.951 -16.257 -16.719 -16.907 -16.964 -17.001 -16.653 -16.427 -16.794 -16.837 -16.59 -16.202 -16.611
1.132124 -12.145 -12.124 -13.409 -14.986 -15.9 -16.483 -14.97 -15.156 -15.913 -16.496 -16.81 -16.952 -15.11 -16.13 -16.7 -16.899 -16.965 -16.235 -16.714 -16.913 -16.977 -17.018 -16.648 -16.412 -16.794 -16.863 -16.622 -16.239 -16.606
1.166364 -12.074 -12.003 -13.323 -14.925 -15.864 -16.466 -14.933 -15.1 -15.878 -16.48 -16.809 -16.963 -15.052 -16.101 -16.693 -16.903 -16.977 -16.209 -16.707 -16.917 -16.988 -17.034 -16.642 -16.394 -16.792 -16.887 -16.653 -16.275 -16.6
1.20164 -12.004 -11.875 -13.233 -14.86 -15.825 -16.446 -14.893 -15.039 -15.839 -16.461 -16.806 -16.972 -14.989 -16.07 -16.682 -16.905 -16.988 -16.181 -16.697 -16.92 -16.998 -17.048 -16.633 -16.373 -16.788 -16.911 -16.683 -16.311 -16.592
1.237983 -11.932 -11.742 -13.138 -14.79 -15.781 -16.423 -14.85 -14.974 -15.797 -16.439 -16.8 -16.98 -14.922 -16.035 -16.67 -16.905 -16.997 -16.15 -16.685 -16.92 -17.006 -17.06 -16.622 -16.349 -16.782 -16.933 -16.712 -16.345 -16.581
1.275425 -11.861 -11.601 -13.037 -14.716 -15.734 -16.397 -14.804 -14.904 -15.75 -16.414 -16.792 -16.985 -14.851 -15.996 -16.654 -16.902 -17.004 -16.116 -16.67 -16.918 -17.011 -17.071 -16.608 -16.323 -16.773 -16.954 -16.74 -16.379 -16.568
1.313999 -11.79 -11.453 -12.932 -14.636 -15.683 -16.368 -14.754 -14.83 -15.7 -16.386 -16.782 -16.989 -14.774 -15.953 -16.636 -16.897 -17.009 -16.077 -16.653 -16.913 -17.015 -17.08 -16.591 -16.293 -16.761 -16.973 -16.767 -16.412 -16.552
1.35374 -11.719 -11.298 -12.82 -14.551 -15.627 -16.335 -14.701 -14.75 -15.645 -16.354 -16.769 -16.99 -14.692 -15.907 -16.614 -16.89 -17.012 -16.035 -16.632 -16.906 -17.017 -17.087 -16.572 -16.259 -16.747 -16.991 -16.793 -16.444 -16.534
1.394683 -11.649 -11.134 -12.703 -14.46 -15.567 -16.298 -14.645 -14.664 -15.586 -16.318 -16.752 -16.989 -14.604 -15.856 -16.59 -16.88 -17.013 -15.989 -16.608 -16.897 -17.016 -17.092 -16.549 -16.222 -16.729 -17.007 -16.817 -16.474 -16.513
1.436864 -11.58 -10.961 -12.58 -14.362 -15.502 -16.257 -14.584 -14.572 -15.522 -16.279 -16.733 -16.985 -14.51 -15.801 -16.561 -16.867 -17.011 -15.939 -16.58 -16.884 -17.012 -17.095 -16.524 -16.181 -16.709 -17.021 -16.84 -16.504 -16.488
1.480321 -11.512 -10.779 -12.449 -14.258 -15.431 -16.212 -14.518 -14.474 -15.452 -16.235 -16.71 -16.979 -14.409 -15.74 -16.529 -16.85 -17.007 -15.884 -16.549 -16.869 -17.006 -17.095 -16.494 -16.136 -16.685 -17.034 -16.862 -16.533 -16.461
1.525092 -11.445 -10.587 -12.312 -14.147 -15.354 -16.163 -14.449 -14.369 -15.377 -16.186 -16.684 -16.97 -14.301 -15.675 -16.493 -16.831 -17.0 -15.824 -16.513 -16.85 -16.997 -17.093 -16.462 -16.086 -16.657 -17.044 -16.882 -16.56 -16.43
1.571218 -11.38 -10.385 -12.167 -14.029 -15.272 -16.108 -14.374 -14.257 -15.296 -16.133 -16.654 -16.958 -14.186 -15.604 -16.452 -16.808 -16.99 -15.759 -16.474 -16.827 -16.985 -17.088 -16.425 -16.031 -16.626 -17.052 -16.9 -16.586 -16.396
1.618738 -11.316 -10.171 -12.014 -13.902 -15.183 -16.048 -14.294 -14.137 -15.208 -16.074 -16.619 -16.943 -14.063 -15.526 -16.406 -16.781 -16.976 -15.689 -16.43 -16.801 -16.97 -17.08 -16.383 -15.971 -16.59 -17.058 -16.916 -16.611 -16.357
1.667696 -11.255 -9.946 -11.853 -13.766 -15.086 -15.982 -14.208 -14.008 -15.114 -16.01 -16.581 -16.924 -13.931 -15.443 -16.356 -16.749 -16.959 -15.612 -16.38 -16.77 -16.951 -17.069 -16.338 -15.905 -16.55 -17.062 -16.931 -16.634 -16.315
1.718134 -11.195 -9.709 -11.683 -13.621 -14.982 -15.909 -14.117 -13.87 -15.011 -15.939 -16.537 -16.901 -13.789 -15.352 -16.3 -16.714 -16.939 -15.529 -16.326 -16.736 -16.928 -17.054 -16.287 -15.834 -16.504 -17.063 -16.943 -16.656 -16.268
1.770098 -11.137 -9.458 -11.504 -13.465 -14.87 -15.831 -14.019 -13.722 -14.901 -15.862 -16.488 -16.874 -13.638 -15.254 -16.239 -16.673 -16.914 -15.439 -16.266 -16.696 -16.901 -17.036 -16.231 -15.756 -16.454 -17.061 -16.953 -16.676 -16.216
1.823633 -11.081 -9.194 -11.315 -13.299 -14.749 -15.744 -13.914 -13.564 -14.782 -15.778 -16.434 -16.842 -13.476 -15.147 -16.171 -16.627 -16.885 -15.342 -16.199 -16.651 -16.87 -17.014 -16.17 -15.671 -16.398 -17.055 -16.961 -16.694 -16.16
1.878788 -11.026 -8.917 -11.115 -13.12 -14.619 -15.651 -13.802 -13.394 -14.654 -15.687 -16.374 -16.806 -13.302 -15.032 -16.096 -16.576 -16.851 -15.237 -16.126 -16.601 -16.834 -16.987 -16.102 -15.579 -16.336 -17.047 -16.966 -16.71 -16.098
1.93561 -10.973 -8.625 -10.905 -12.929 -14.478 -15.548 -13.682 -13.212 -14.516 -15.587 -16.308 -16.765 -13.115 -14.908 -16.014 -16.519 -16.813 -15.124 -16.046 -16.545 -16.793 -16.956 -16.028 -15.478 -16.268 -17.035 -16.969 -16.723 -16.031
1.994152 -10.92 -8.319 -10.682 -12.725 -14.326 -15.437 -13.553 -13.016 -14.367 -15.478 -16.234 -16.718 -12.915 -14.773 -15.924 -16.455 -16.768 -15.002 -15.958 -16.482 -16.746 -16.92 -15.947 -15.369 -16.192 -17.019 -16.968 -16.735 -15.957
2.054463 -10.867 -8.001 -10.447 -12.505 -14.162 -15.316 -13.416 -12.806 -14.206 -15.36 -16.153 -16.665 -12.7 -14.628 -15.825 -16.384 -16.718 -14.87 -15.862 -16.412 -16.693 -16.879 -15.858 -15.251 -16.109 -16.999 -16.964 -16.744 -15.877
2.116599 -10.814 -7.671 -10.199 -12.269 -13.985 -15.184 -13.268 -12.581 -14.032 -15.231 -16.064 -16.606 -12.469 -14.47 -15.717 -16.305 -16.661 -14.728 -15.757 -16.335 -16.633 -16.832 -15.761 -15.122 -16.018 -16.974 -16.957 -16.75 -15.79
2.180614 -10.76 -7.333 -9.937 -12.015 -13.794 -15.04 -13.111 -12.338 -13.845 -15.091 -15.966 -16.54 -12.221 -14.3 -15.599 -16.218 -16.598 -14.575 -15.642 -16.249 -16.566 -16.779 -15.655 -14.983 -15.917 -16.944 -16.946 -16.754 -15.696
2.246566 -10.705 -6.991 -9.66 -11.743 -13.588 -14.884 -12.942 -12.077 -13.642 -14.938 -15.859 -16.465 -11.953 -14.115 -15.469 -16.121 -16.527 -14.411 -15.517 -16.155 -16.491 -16.718 -15.539 -14.831 -15.807 -16.909 -16.931 -16.754 -15.594
2.314511 -10.648 -6.652 -9.367 -11.449 -13.364 -14.714 -12.761 -11.796 -13.424 -14.772 -15.741 -16.383 -11.665 -13.915 -15.328 -16.015 -16.447 -14.235 -15.38 -16.051 -16.408 -16.65 -15.413 -14.667 -15.686 -16.868 -16.911 -16.751 -15.484
2.384512 -10.588 -6.325 -9.057 -11.133 -13.123 -14.529 -12.567 -11.493 -13.187 -14.591 -15.612 -16.291 -11.355 -13.699 -15.174 -15.898 -16.358 -14.046 -15.23 -15.936 -16.316 -16.574 -15.275 -14.488 -15.554 -16.82 -16.886 -16.745 -15.364
2.45663 -10.525 -6.019 -8.729 -10.792 -12.861 -14.328 -12.359 -11.166 -12.931 -14.395 -15.47 -16.189 -11.02 -13.464 -15.005 -15.769 -16.26 -13.843 -15.068 -15.809 -16.213 -16.49 -15.125 -14.294 -15.409 -16.766 -16.856 -16.734 -15.236
2.530929 -10.458 -5.744 -8.382 -10.424 -12.578 -14.108 -12.135 -10.813 -12.654 -14.181 -15.315 -16.077 -10.658 -13.21 -14.82 -15.627 -16.15 -13.627 -14.89 -15.67 -16.099 -16.395 -14.961 -14.084 -15.251 -16.703 -16.82 -16.719 -15.097
2.607475 -10.387 -5.506 -8.014 -10.027 -12.271 -13.869 -11.895 -10.431 -12.353 -13.947 -15.145 -15.952 -10.267 -12.933 -14.619 -15.47 -16.029 -13.397 -14.696 -15.517 -15.973 -16.29 -14.783 -13.854 -15.077 -16.632 -16.777 -16.699 -14.948
2.686337 -10.31 -5.305 -7.623 -9.597 -11.937 -13.608 -11.638 -10.017 -12.028 -13.693 -14.958 -15.814 -9.843 -12.633 -14.398 -15.298 -15.894 -13.154 -14.486 -15.348 -15.834 -16.173 -14.588 -13.605 -14.887 -16.552 -16.728 -16.673 -14.788
2.767583 -10.227 -5.136 -7.208 -9.131 -11.575 -13.323 -11.362 -9.569 -11.674 -13.415 -14.754 -15.662 -9.384 -12.306 -14.156 -15.109 -15.745 -12.898 -14.256 -15.163 -15.679 -16.043 -14.376 -13.334 -14.679 -16.462 -16.67 -16.642 -14.616
2.851287 -10.137 -4.991 -6.766 -8.625 -11.181 -13.012 -11.066 -9.082 -11.29 -13.112 -14.531 -15.493 -8.885 -11.951 -13.892 -14.9 -15.58 -12.63 -14.006 -14.96 -15.509 -15.9 -14.143 -13.038 -14.451 -16.36 -16.604 -16.605 -14.432
2.937522 -10.039 -4.86 -6.294 -8.076 -10.751 -12.671 -10.748 -8.554 -10.871 -12.781 -14.286 -15.308 -8.343 -11.563 -13.601 -14.67 -15.397 -12.353 -13.735 -14.736 -15.321 -15.741 -13.89 -12.715 -14.201 -16.245 -16.529 -16.56 -14.236
3.026365 -9.933 -4.735 -5.789 -7.478 -10.283 -12.299 -10.407 -7.978 -10.416 -12.419 -14.017 -15.102 -7.753 -11.14 -13.283 -14.417 -15.195 -12.07 -13.441 -14.491 -15.113 -15.565 -13.612 -12.363 -13.926 -16.117 -16.443 -16.508 -14.027
3.117896 -9.818 -4.61 -5.248 -6.827 -9.772 -11.89 -10.043 -7.351 -9.919 -12.022 -13.721 -14.875 -7.11 -10.677 -12.934 -14.138 -14.971 -11.784 -13.122 -14.22 -14.883 -15.37 -13.308 -11.978 -13.625 -15.972 -16.345 -16.447 -13.805
3.212194 -9.692 -4.48 -4.667 -6.116 -9.212 -11.441 -9.655 -6.665 -9.376 -11.586 -13.396 -14.625 -6.408 -10.171 -12.549 -13.83 -14.722 -11.501 -12.777 -13.923 -14.628 -15.155 -12.975 -11.557 -13.294 -15.811 -16.234 -16.377 -13.57
3.309345 -9.555 -4.34 -4.04 -5.339 -8.599 -10.948 -9.244 -5.916 -8.783 -11.108 -13.039 -14.347 -5.639 -9.617 -12.126 -13.489 -14.447 -11.223 -12.408 -13.597 -14.347 -14.917 -12.609 -11.095 -12.929 -15.63 -16.108 -16.296 -13.324
3.409434 -9.405 -4.189 -3.363 -4.488 -7.927 -10.404 -8.81 -5.094 -8.133 -10.582 -12.646 -14.04 -4.796 -9.008 -11.659 -13.112 -14.141 -10.955 -12.014 -13.239 -14.036 -14.655 -12.207 -10.588 -12.528 -15.427 -15.966 -16.202 -13.065
3.51255 -9.24 -4.025 -2.629 -3.553 -7.187 -9.805 -8.359 -4.192 -7.419 -10.003 -12.212 -13.699 -3.871 -8.338 -11.144 -12.695 -13.802 -10.696 -11.598 -12.846 -13.693 -14.366 -11.764 -10.03 -12.085 -15.2 -15.806 -16.096 -12.796
3.618785 -9.06 -3.844 -1.832 -2.525 -6.373 -9.142 -7.897 -3.199 -6.634 -9.365 -11.733 -13.322 -2.852 -7.6 -10.573 -12.232 -13.424 -10.446 -11.166 -12.417 -13.313 -14.048 -11.275 -9.416 -11.596 -14.945 -15.624 -15.974 -12.517
3.728232 -8.862 -3.647 -0.962 -1.391 -5.474 -8.409 -7.432 -2.104 -5.77 -8.659 -11.203 -12.902 -1.728 -6.784 -9.941 -11.717 -13.003 -10.199 -10.725 -11.949 -12.894 -13.698 -10.736 -8.738 -11.055 -14.658 -15.419 -15.835 -12.228
3.84099 -8.645 -3.429 -0.012 -0.138 -4.479 -7.595 -6.975 -0.893 -4.816 -7.877 -10.616 -12.436 -0.486 -5.882 -9.239 -11.144 -12.534 -9.95 -10.286 -11.443 -12.432 -13.316 -10.138 -7.988 -10.455 -14.337 -15.188 -15.676 -11.929
3.957158 -8.405 -3.19 1.03 1.251 -3.375 -6.689 -6.536 0.45 -3.761 -7.01 -9.965 -11.916 0.892 -4.881 -8.458 -10.505 -12.009 -9.691 -9.857 -10.902 -11.925 -12.899 -9.474 -7.155 -9.789 -13.975 -14.926 -15.495 -11.62
4.07684 -8.141 -2.925 2.176 2.795 -2.148 -5.68 -6.119 1.942 -2.592 -6.045 -9.241 -11.337 2.423 -3.767 -7.587 -9.79 -11.421 -9.416 -9.444 -10.332 -11.371 -12.447 -8.736 -6.23 -9.047 -13.567 -14.629 -15.288 -11.3
4.200141 -7.848 -2.632 3.44 4.515 -0.78 -4.551 -5.719 3.605 -1.291 -4.971 -8.435 -10.689 4.129 -2.525 -6.612 -8.99 -10.762 -9.117 -9.047 -9.745 -10.772 -11.962 -7.912 -5.199 -8.22 -13.106 -14.292 -15.053 -10.963
4.327172 -7.522 -2.307 4.839 6.437 0.75 -3.286 -5.327 5.464 0.158 -3.771 -7.534 -9.963 6.037 -1.136 -5.519 -8.09 -10.021 -8.79 -8.655 -9.156 -10.134 -11.447 -6.991 -4.045 -7.294 -12.584 -13.909 -14.783 -10.606
4.458044 -7.16 -1.945 6.393 8.594 2.466 -1.864 -4.927 7.549 1.778 -2.427 -6.526 -9.149 8.176 0.423 -4.29 -7.077 -9.185 -8.426 -8.254 -8.58 -9.468 -10.906 -5.957 -2.752 -6.255 -11.993 -13.473 -14.475 -10.221
4.592874 -6.755 -1.54 8.127 11.021 4.398 -0.261 -4.502 9.894 3.595 -0.918 -5.395 -8.233 10.582 2.177 -2.904 -5.933 -8.241 -8.021 -7.83 -8.022 -8.791 -10.344 -4.793 -1.295 -5.086 -11.32 -12.976 -14.121 -9.802
4.731783 -6.301 -1.086 10.07 13.763 6.579 1.553 -4.039 12.543 5.64 0.78 -4.122 -7.2 13.3 4.16 -1.335 -4.636 -7.172 -7.567 -7.367 -7.473 -8.119 -9.762 -3.478 0.349 -3.766 -10.553 -12.408 -13.715 -9.34
4.874892 -5.79 -0.574 12.258 16.872 9.052 3.614 -3.524 15.546 7.949 2.698 -2.686 -6.033 16.379 6.407 0.446 -3.162 -5.956 -7.056 -6.853 -6.91 -7.455 -9.157 -1.987 2.215 -2.27 -9.676 -11.757 -13.246 -8.824
5.02233 -5.212 0.004 14.735 20.412 11.867 5.962 -2.944 18.962 10.567 4.87 -1.06 -4.71 19.884 8.966 2.476 -1.48 -4.571 -6.478 -6.273 -6.308 -6.785 -8.518 -0.289 4.338 -0.567 -8.67 -11.008 -12.705 -8.243
5.174227 -4.555 0.66 17.555 24.461 15.084 8.649 -2.287 22.866 13.549 7.338 0.788 -3.205 23.888 11.892 4.8 0.446 -2.987 -5.821 -5.616 -5.642 -6.081 -7.826 1.652 6.767 1.378 -7.512 -10.144 -12.078 -7.585
5.330718 -3.806 1.41 20.783 29.112 18.78 11.736 -1.537 27.347 16.96 10.154 2.895 -1.489 28.483 15.251 7.472 2.662 -1.17 -5.071 -4.867 -4.889 -5.312 -7.058 3.881 9.557 3.612 -6.173 -9.144 -11.349 -6.835
5.491942 -2.946 2.27 24.5 34.483 23.044 15.301 -0.677 32.513 20.882 13.379 5.307 0.476 33.781 19.126 10.556 5.221 0.921 -4.211 -4.007 -4.028 -4.444 -6.191 6.454 12.778 6.188 -4.619 -7.982 -10.499 -5.975
5.658042 -2.387 2.829 26.064 36.63 24.801 16.813 -0.118 34.587 22.516 14.764 6.408 1.421 35.901 20.746 11.899 6.379 1.913 -3.652 -3.447 -3.469 -3.884 -5.63 7.617 14.168 7.352 -3.813 -7.314 -9.94 -5.416
5.829166 -1.988 3.227 26.462 37.028 25.2 17.212 0.28 34.985 22.914 15.163 6.806 1.819 36.299 21.145 12.297 6.777 2.312 -3.254 -3.049 -3.071 -3.486 -5.232 8.015 14.567 7.75 -3.415 -6.915 -9.541 -5.018
6.005465 -1.565 3.65 26.885 37.451 25.623 17.634 0.703 35.408 23.337 15.586 7.229 2.242 36.722 21.568 12.72 7.2 2.735 -2.831 -2.626 -2.648 -3.063 -4.809 8.438 14.99 8.173 -2.992 -6.493 -9.118 -4.595
6.187096 -1.116 4.099 27.334 37.9 26.072 18.083 1.152 35.857 23.786 16.034 7.678 2.691 37.171 22.017 13.169 7.649 3.183 -2.382 -2.177 -2.199 -2.614 -4.36 8.887 15.438 8.622 -2.543 -6.044 -8.67 -4.146
6.37422 -0.64 4.576 27.81 38.377 26.548 18.56 1.628 36.333 24.262 16.511 8.154 3.167 37.647 22.493 13.645 8.125 3.66 -1.906 -1.701 -1.722 -2.138 -3.884 9.363 15.915 9.098 -2.067 -5.567 -8.193 -3.67
6.567004 -0.134 5.081 28.316 38.882 27.054 19.065 2.134 36.839 24.768 17.017 8.66 3.673 38.153 22.999 14.151 8.631 4.165 -1.4 -1.195 -1.217 -1.632 -3.378 9.869 16.421 9.604 -1.561 -5.062 -7.688 -3.164
6.765619 0.402 5.618 28.853 39.419 27.59 19.602 2.671 37.376 25.305 17.553 9.197 4.21 38.69 23.535 14.688 9.168 4.702 -0.863 -0.659 -0.68 -1.095 -2.841 10.406 16.957 10.14 -1.024 -4.525 -7.151 -2.627
6.97024 0.972 6.188 29.423 39.989 28.16 20.172 3.24 37.945 25.874 18.123 9.766 4.78 39.259 24.105 15.257 9.737 5.272 -0.294 -0.089 -0.11 -0.526 -2.272 10.975 17.527 10.71 -0.455 -3.955 -6.581 -2.057
7.181051 1.577 6.792 30.027 40.593 28.765 20.776 3.845 38.55 26.479 18.728 10.371 5.384 39.864 24.71 15.862 10.342 5.876 0.311 0.516 0.494 0.079 -1.667 11.58 18.132 11.315 0.15 -3.351 -5.976 -1.453
7.398237 2.218 7.434 30.669 41.235 29.406 21.418 4.487 39.192 27.121 19.369 11.013 6.026 40.506 25.351 16.504 10.984 6.518 0.953 1.158 1.136 0.721 -1.025 12.222 18.773 11.957 0.792 -2.709 -5.335 -0.811
7.621991 2.9 8.115 31.35 41.916 30.088 22.099 5.168 39.873 27.802 20.051 11.694 6.707 41.187 26.033 17.185 11.665 7.199 1.634 1.839 1.817 1.402 -0.344 12.903 19.455 12.638 1.473 -2.028 -4.653 -0.13
7.852513 3.623 8.838 32.073 42.639 30.811 22.822 5.891 40.596 28.525 20.774 12.417 7.43 41.91 26.756 17.908 12.388 7.922 2.357 2.562 2.54 2.125 0.379 13.626 20.178 13.361 2.196 -1.305 -3.93 0.593
8.090007 4.39 9.606 32.841 43.407 31.578 23.59 6.658 41.364 29.292 21.541 13.184 8.198 42.678 27.523 18.675 13.156 8.69 3.124 3.329 3.308 2.892 1.147 14.393 20.945 14.128 2.963 -0.537 -3.163 1.361
8.334684 5.205 10.42 33.655 44.221 32.393 24.404 7.473 42.178 30.107 22.356 13.999 9.012 43.492 28.338 19.49 13.97 9.504 3.939 4.144 4.122 3.707 1.961 15.208 21.76 14.943 3.778 0.277 -2.349 2.175
8.586761 6.069 11.285 34.52 45.086 33.257 25.269 8.338 43.043 30.971 23.22 14.864 9.877 44.357 29.202 20.354 14.835 10.369 4.804 5.008 4.987 4.572 2.826 16.073 22.624 15.807 4.643 1.142 -1.484 3.04
8.846461 6.987 12.202 35.437 46.003 34.175 26.187 9.255 43.96 31.889 24.138 15.781 10.794 45.274 30.12 21.272 15.752 11.287 5.721 5.926 5.904 5.489 3.743 16.99 23.542 16.725 5.56 2.06 -0.566 3.957
9.114017 7.961 13.176 36.411 46.977 35.149 27.161 10.229 44.934 32.863 25.112 16.755 11.768 46.248 31.094 22.246 16.726 12.261 6.695 6.9 6.878 6.463 4.717 17.964 24.516 17.699 6.534 3.034 0.408 4.931
9.389664 8.995 14.21 37.445 48.011 36.183 28.194 11.263 45.968 33.897 26.146 17.789 12.802 47.282 32.128 23.28 17.76 13.294 7.729 7.934 7.912 7.497 5.751 18.998 25.55 18.733 7.568 4.067 1.441 5.965
9.673648 10.092 15.308 38.542 49.109 37.28 29.292 12.36 47.065 34.994 27.243 18.886 13.899 48.379 33.225 24.377 18.857 14.392 8.826 9.031 9.01 8.594 6.848 20.095 26.647 19.83 8.665 5.165 2.539 7.062
9.966221 11.257 16.472 39.707 50.273 38.445 30.456 13.525 48.23 36.159 28.407 20.051 15.064 49.544 34.39 25.542 20.022 15.556 9.991 10.196 10.174 9.759 8.013 21.26 27.811 20.995 9.83 6.329 3.703 8.227
10.267642 12.493 17.708 40.943 51.509 39.681 31.692 14.761 49.466 37.395 29.644 21.287 16.3 50.78 35.626 26.778 21.258 16.793 11.227 11.432 11.41 10.995 9.249 22.496 29.048 22.231 11.066 7.565 4.94 9.463
10.57818 13.805 19.02 42.255 52.821 40.993 33.004 16.073 50.778 38.707 30.956 22.599 17.612 52.092 36.938 28.09 22.57 18.105 12.539 12.744 12.722 12.307 10.561 23.808 30.36 23.543 12.378 8.877 6.252 10.775
10.89811 15.197 20.413 43.648 54.214 42.385 34.397 17.466 52.171 40.1 32.348 23.992 19.005 53.485 38.33 29.483 23.963 19.497 13.932 14.137 14.115 13.7 11.954 25.201 31.752 24.936 13.771 10.27 7.644 12.168
11.227716 16.676 21.891 45.126 55.692 43.864 35.875 18.944 53.649 41.578 33.827 25.47 20.483 54.963 39.809 30.961 25.441 20.975 15.41 15.615 15.593 15.178 13.432 26.679 33.23 26.414 15.249 11.748 9.122 13.646
11.56729 18.244 23.46 46.695 57.261 45.432 37.444 20.513 55.218 43.147 35.395 27.039 22.052 56.532 41.377 32.53 27.01 22.544 16.979 17.184 17.162 16.747 15.001 28.248 34.799 27.983 16.818 13.317 10.691 15.215
11.917135 19.91 25.125 48.36 58.926 47.098 39.109 22.178 56.883 44.812 37.061 28.704 23.717 58.197 43.043 34.195 28.675 24.21 18.644 18.849 18.827 18.412 16.666 29.913 36.465 29.648 18.483 14.982 12.357 16.88
12.277561 21.677 26.893 50.128 60.694 48.865 40.877 23.946 58.651 46.579 38.828 30.472 25.485 59.965 44.81 35.962 30.443 25.977 20.412 20.616 20.595 20.18 18.434 31.681 38.232 31.415 20.251 16.75 14.124 18.648
12.648887 23.553 28.769 52.004 62.57 50.741 42.753 25.822 60.527 48.456 40.704 32.348 27.361 61.841 46.686 37.838 32.319 27.853 22.288 22.492 22.471 22.056 20.31 33.557 40.108 33.291 22.127 18.626 16.0 20.524
13.031444 25.544 30.76 53.995 64.561 52.732 44.744 27.813 62.518 50.447 42.695 34.339 29.352 63.832 48.677 39.83 34.31 29.844 24.279 24.484 24.462 24.047 22.301 35.548 42.099 35.283 24.118 20.617 17.991 22.515
13.425571 27.658 32.874 56.108 66.675 54.846 46.858 29.926 64.631 52.56 44.809 36.452 31.465 65.945 50.791 41.943 36.423 31.958 26.392 26.597 26.576 26.16 24.414 37.661 44.213 37.396 26.231 22.731 20.105 24.628
13.831619 29.901 35.117 58.352 68.918 57.089 49.101 32.17 66.875 54.803 47.052 38.696 33.709 68.189 53.034 44.186 38.667 34.201 28.636 28.84 28.819 28.404 26.658 39.905 46.456 39.639 28.475 24.974 22.348 26.872
14.249947 32.282 37.498 60.733 71.299 59.47 51.482 34.551 69.256 57.185 49.433 41.077 36.09 70.57 55.415 46.567 41.048 36.582 31.017 31.221 31.2 30.785 29.039 42.286 48.837 42.02 30.856 27.355 24.729 29.253
14.680926 34.809 40.025 63.26 73.826 61.997 54.009 37.078 71.783 59.712 51.96 43.604 38.617 73.097 57.942 49.095 43.575 39.109 33.544 33.749 33.727 33.312 31.566 44.813 51.364 44.548 33.383 29.882 27.256 31.78
15.124941 37.492 42.707 65.942 76.508 64.68 56.692 39.76 74.465 62.394 54.643 46.286 41.299 75.779 60.625 51.777 46.257 41.792 36.226 36.431 36.409 35.994 34.248 47.495 54.047 47.23 36.065 32.565 29.939 34.462
15.582385 40.339 45.555 68.789 79.356 67.527 59.539 42.607 77.312 65.241 57.49 49.133 44.146 78.626 63.472 54.624 49.104 44.639 39.073 39.278 39.257 38.841 37.095 50.342 56.894 50.077 38.912 35.412 32.786 37.309
16.053663 43.361 48.576 71.811 82.377 70.549 62.561 45.629 80.334 68.263 60.512 52.155 47.168 81.648 66.494 57.646 52.126 47.661 42.095 42.3 42.278 41.863 40.117 53.364 59.916 53.099 41.934 38.434 35.808 40.331
16.539195 46.568 51.784 75.019 85.585 73.756 65.768 48.837 83.542 71.471 63.719 55.363 50.376 84.856 69.701 60.854 55.334 50.868 45.303 45.507 45.486 45.071 43.325 56.572 63.123 56.306 45.142 41.641 39.015 43.539
17.039412 49.973 55.188 78.423 88.989 77.161 69.172 52.241 86.946 74.875 67.124 58.767 53.78 88.26 73.106 64.258 58.738 54.273 48.707 48.912 48.89 48.475 46.729 59.976 66.528 59.711 48.546 45.045 42.42 46.943
17.554757 53.586 58.802 82.037 92.603 80.774 72.786 55.855 90.56 78.488 70.737 62.381 57.394 91.874 76.719 67.871 62.352 57.886 52.321 52.525 52.504 52.089 50.343 63.59 70.141 63.324 52.16 48.659 46.033 50.557
18.085689 57.422 62.637 85.872 96.438 84.61 76.621 59.69 94.395 82.324 74.573 66.216 61.229 95.709 80.555 71.707 66.187 61.721 56.156 56.361 56.339 55.924 54.178 67.425 73.976 67.16 55.995 52.494 49.868 54.392
18.632678 61.492 66.708 89.943 100.509 88.68 80.692 63.761 98.466 86.395 78.643 70.287 65.3 99.78 84.625 75.778 70.258 65.792 60.227 60.432 60.41 59.995 58.249 71.496 78.047 71.231 60.066 56.565 53.939 58.463
19.196211 65.813 71.029 94.264 104.83 93.001 85.013 68.082 102.787 90.716 82.964 74.608 69.621 104.101 88.946 80.098 74.579 70.113 64.548 64.752 64.731 64.316 62.57 75.817 82.368 75.551 64.387 60.886 58.26 62.784
19.776787 70.399 75.615 98.85 109.416 97.587 89.599 72.668 107.373 95.302 87.55 79.194 74.207 108.687 93.532 84.685 79.165 74.699 69.134 69.339 69.317 68.902 67.156 80.403 86.954 80.137 68.973 65.472 62.846 67.37
20.374923 75.267 80.483 103.718 114.284 102.455 94.467 77.535 112.241 100.169 92.418 84.061 79.075 113.555 98.4 89.552 84.033 79.567 74.001 74.206 74.185 73.769 72.024 85.27 91.822 85.005 73.84 70.34 67.714 72.238
20.991149 80.434 85.649 108.884 119.45 107.622 99.633 82.702 117.407 105.336 97.585 89.228 84.241 118.721 103.567 94.719 89.199 84.734 79.168 79.373 79.351 78.936 77.19 90.437 96.989 90.172 79.007 75.506 72.881 77.404
21.626011 85.918 91.133 114.368 124.934 113.106 105.117 88.186 122.891 110.82 103.069 94.712 89.725 124.205 109.051 100.203 94.683 90.217 84.652 84.857 84.835 84.42 82.674 95.921 102.472 95.656 84.491 80.99 78.364 82.888
22.280075 91.738 96.954 120.189 130.755 118.926 110.938 94.007 128.712 116.64 108.889 100.533 95.546 130.026 114.871 106.023 100.504 96.038 90.473 90.677 90.656 90.241 88.495 101.742 108.293 101.476 90.312 86.811 84.185 88.709
22.953921 97.916 103.132 126.367 136.933 125.104 117.116 100.185 134.89 122.818 115.067 106.711 101.724 136.204 121.049 112.201 106.682 102.216 96.651 96.855 96.834 96.419 94.673 107.92 114.471 107.654 96.49 92.989 90.363 94.887
23.648147 104.474 109.689 132.924 143.49 131.662 123.673 106.742 141.447 129.376 121.625 113.268 108.281 142.761 127.607 118.759 113.239 108.773 103.208 103.413 103.391 102.976 101.23 114.477 121.028 114.212 103.047 99.546 96.92 101.444
24.363369 111.434 116.649 139.884 150.45 138.622 130.633 113.702 148.407 136.336 128.585 120.228 115.241 149.721 134.567 125.719 120.199 115.733 110.168 110.373 110.351 109.936 108.19 121.437 127.988 121.172 110.007 106.506 103.88 108.404
25.100222 118.821 124.037 147.271 157.838 146.009 138.021 121.089 155.794 143.723 135.972 127.615 122.628 157.108 141.954 133.106 127.586 123.121 117.555 117.76 117.739 117.323 115.577 128.824 135.376 128.559 117.394 113.894 111.268 115.791
25.859362 126.662 131.878 155.112 165.679 153.85 145.862 128.93 163.635 151.564 143.813 135.456 130.469 164.949 149.795 140.947 135.427 130.962 125.396 125.601 125.58 125.164 123.418 136.665 143.217 136.4 125.235 121.735 119.109 123.632
26.64146 134.984 140.2 163.435 174.001 162.172 154.184 137.253 171.958 159.887 152.135 143.779 138.792 173.272 158.117 149.27 143.75 139.284 133.719 133.923 133.902 133.487 131.741 144.988 151.539 144.722 133.558 130.057 127.431 131.955
27.447213 143.818 149.033 172.268 182.834 171.006 163.018 146.086 180.791 168.72 160.969 152.612 147.625 182.105 166.951 158.103 152.583 148.118 142.552 142.757 142.735 142.32 140.574 153.821 160.373 153.556 142.391 138.891 136.265 140.788
28.277335 153.194 158.409 181.644 192.21 180.382 172.393 155.462 190.167 178.096 170.345 161.988 157.001 191.481 176.327 167.479 161.959 157.494 151.928 152.133 152.111 151.696 149.95 163.197 169.749 162.932 151.767 148.266 145.641 150.164
29.132564 163.145 168.361 191.596 202.162 190.333 182.345 165.414 200.119 188.048 180.296 171.94 166.953 201.433 186.278 177.43 171.911 167.445 161.88 162.084 162.063 161.648 159.902 173.149 179.7 172.883 161.719 158.218 155.592 160.116
30.013659 173.708 178.924 202.158 212.725 200.896 192.908 175.976 210.681 198.61 190.859 182.502 177.515 211.995 196.841 187.993 182.473 178.008 172.442 172.647 172.626 172.21 170.464 183.711 190.263 183.446 172.281 168.781 166.155 170.678
30.921401 184.919 190.135 213.37 223.936 212.107 204.119 187.188 221.893 209.821 202.07 193.714 188.727 223.207 208.052 199.204 193.685 189.219 183.654 183.858 183.837 183.421 181.676 194.923 201.474 194.657 183.492 179.992 177.366 181.89
31.856598 196.819 202.034 225.269 235.835 224.007 216.018 199.087 233.792 221.721 213.97 205.613 200.626 235.106 219.952 211.104 205.584 201.119 195.553 195.758 195.736 195.321 193.575 206.822 213.374 206.557 195.392 191.891 189.266 193.789
32.820079 209.449 214.665 237.9 248.466 236.637 228.649 211.717 246.423 234.351 226.6 218.243 213.257 247.737 232.582 223.734 218.214 213.749 208.183 208.388 208.367 207.951 206.206 219.452 226.004 219.187 208.022 204.522 201.896 206.42
33.8127 222.855 228.071 251.305 261.872 250.043 242.055 225.123 259.828 247.757 240.006 231.649 226.662 261.142 245.988 237.14 231.62 227.155 221.589 221.794 221.773 221.357 219.611 232.858 239.41 232.593 221.428 217.928 215.302 219.825
34.835342 237.084 242.3 265.534 276.101 264.272 256.284 239.352 274.057 261.986 254.235 245.878 240.891 275.371 260.217 251.369 245.849 241.384 235.818 236.023 236.002 235.586 233.84 247.087 253.639 246.822 235.657 232.157 229.531 234.054
35.888913 252.187 257.402 280.637 291.203 279.375 271.386 254.455 289.16 277.089 269.338 260.981 255.994 290.474 275.32 266.472 260.952 256.486 250.921 251.126 251.104 250.689 248.943 262.19 268.742 261.925 250.76 247.259 244.634 249.157
36.974349 268.217 273.432 296.667 307.233 295.405 287.416 270.485 305.19 293.119 285.368 277.011 272.024 306.504 291.35 282.502 276.982 272.517 266.951 267.156 267.134 266.719 264.973 278.22 284.772 277.955 266.79 263.289 260.664 265.187
38.092613 285.231 290.447 313.682 324.248 312.419 304.431 287.5 322.205 310.133 302.382 294.026 289.039 323.519 308.364 299.516 293.997 289.531 283.966 284.17 284.149 283.733 281.988 295.235 301.786 294.969 283.804 280.304 277.678 282.202
39.244698 303.29 308.506 331.741 342.307 330.478 322.49 305.559 340.264 328.193 320.441 312.085 307.098 341.578 326.423 317.575 312.056 307.59 302.025 302.229 302.208 301.793 300.047 313.294 319.845 313.028 301.864 298.363 295.737 300.261
40.431627 322.458 327.674 350.909 361.475 349.646 341.658 324.727 359.432 347.361 339.609 331.253 326.266 360.746 345.591 336.743 331.224 326.758 321.193 321.397 321.376 320.961 319.215 332.462 339.013 332.196 321.032 317.531 314.905 319.429
41.654454 342.803 348.019 371.254 381.82 369.991 362.003 345.072 379.777 367.706 359.954 351.598 346.611 381.091 365.936 357.088 351.569 347.103 341.538 341.742 341.721 341.306 339.56 352.807 359.358 352.541 341.377 337.876 335.25 339.774
42.914265 364.398 369.613 392.848 403.414 391.586 383.597 366.666 401.371 389.3 381.548 373.192 368.205 402.685 387.531 378.683 373.163 368.697 363.132 363.337 363.315 362.9 361.154 374.401 380.952 374.136 362.971 359.47 356.844 361.368
44.212178 387.318 392.533 415.768 426.334 414.506 406.517 389.586 424.291 412.22 404.469 396.112 391.125 425.605 410.451 401.603 396.083 391.618 386.052 386.257 386.235 385.82 384.074 397.321 403.873 397.056 385.891 382.39 379.765 384.288
45.549345 411.645 416.861 440.096 450.662 438.833 430.845 413.914 448.619 436.548 428.796 420.44 415.453 449.933 434.778 425.931 420.411 415.945 410.38 410.584 410.563 410.148 408.402 421.649 428.2 421.383 410.219 406.718 404.092 408.616
46.926954 437.467 442.682 465.917 476.483 464.655 456.666 439.735 474.44 462.369 454.618 446.261 441.274 475.754 460.6 451.752 446.232 441.766 436.201 436.406 436.384 435.969 434.223 447.47 454.022 447.205 436.04 432.539 429.914 434.437
48.346227 464.874 470.089 493.324 503.89 492.062 484.073 467.142 501.847 489.776 482.025 473.668 468.681 503.161 488.007 479.159 473.639 469.173 463.608 463.813 463.791 463.376 461.63 474.877 481.428 474.612 463.447 459.946 457.32 461.844
49.808426 493.963 499.179 522.414 532.98 521.151 513.163 496.232 530.937 518.866 511.114 502.758 497.771 532.251 517.096 508.249 502.729 498.263 492.698 492.902 492.881 492.466 490.72 503.967 510.518 503.701 492.537 489.036 486.41 490.934
51.314848 524.839 530.055 553.29 563.856 552.027 544.039 527.108 561.813 549.742 541.99 533.634 528.647 563.127 547.972 539.125 533.605 529.139 523.574 523.778 523.757 523.342 521.596 534.843 541.394 534.577 523.413 519.912 517.286 521.81
52.86683 557.611 562.827 586.062 596.628 584.799 576.811 559.88 594.585 582.513 574.762 566.406 561.419 595.899 580.744 571.896 566.377 561.911 556.346 556.55 556.529 556.114 554.368 567.615 574.166 567.349 556.185 552.684 550.058 554.582
54.465752 592.395 597.611 620.846 631.412 619.583 611.595 594.664 629.369 617.298 609.546 601.19 596.203 630.683 615.528 606.681 601.161 596.695 591.13 591.335 591.313 590.898 589.152 602.399 608.95 602.134 590.969 587.468 584.842 589.366
56.113031 629.315 634.531 657.766 668.332 656.503 648.515 631.584 666.289 654.218 646.466 638.11 633.123 667.603 652.448 643.601 638.081 633.615 628.05 628.255 628.233 627.818 626.072 639.319 645.87 639.054 627.889 624.388 621.762 626.286
57.810132 668.502 673.718 696.953 707.519 695.69 687.702 670.771 705.476 693.405 685.653 677.297 672.31 706.79 691.635 682.788 677.268 672.802 667.237 667.442 667.42 667.005 665.259 678.506 685.057 678.241 667.076 663.575 660.949 665.473
59.55856 710.096 715.311 738.546 749.112 737.284 729.295 712.364 747.069 734.998 727.247 718.89 713.903 748.383 733.229 724.381 718.861 714.396 708.83 709.035 709.013 708.598 706.852 720.099 726.651 719.834 708.669 705.168 702.543 707.066
61.359868 754.243 759.459 782.693 798.824 781.431 773.443 756.511 792.121 779.145 771.394 763.037 758.05 795.105 777.376 768.528 763.008 758.543 752.977 753.182 753.161 752.745 750.999 764.246 770.798 763.981 752.816 749.316 746.69 751.214
63.215655 754.243 759.459 782.693 798.824 781.431 773.443 756.511 792.121 779.145 771.394 763.037 758.05 795.105 777.376 768.528 763.008 758.543 752.977 753.182 753.161 752.745 750.999 764.246 770.798 763.981 752.816 749.316 746.69 751.214
65.127569 754.243 759.459 782.693 798.824 781.431 773.443 756.511 792.121 779.145 771.394 763.037 758.05 795.105 777.376 768.528 763.008 758.543 752.977 753.182 753.161 752.745 750.999 764.246 770.798 763.981 752.816 749.316 746.69 751.214
67.097308 754.243 759.459 782.693 798.824 781.431 773.443 756.511 792.121 779.145 771.394 763.037 758.05 795.105 777.376 768.528 763.008 758.543 752.977 753.182 753.161 752.745 750.999 764.246 770.798 763.981 752.816 749.316 746.69 751.214
69.126621 754.243 759.459 782.693 798.824 781.431 773.443 756.511 792.121 779.145 771.394 763.037 758.05 795.105 777.376 768.528 763.008 758.543 752.977 753.182 753.161 752.745 750.999 764.246 770.798 763.981 752.816 749.316 746.69 751.214
71.217308 754.243 759.459 782.693 798.824 781.431 773.443 756.511 792.121 779.145 771.394 763.037 758.05 795.105 777.376 768.528 763.008 758.543 752.977 753.182 753.161 752.745 750.999 764.246 770.798 763.981 752.816 749.316 746.69 751.214
73.371227 754.243 759.459 782.693 798.824 781.431 773.443 756.511 792.121 779.145 771.394 763.037 758.05 795.105 777.376 768.528 763.008 758.543 752.977 753.182 753.161 752.745 750.999 764.246 770.798 763.981 752.816 749.316 746.69 751.214
75.59029 754.243 759.459 782.693 798.824 781.431 773.443 756.511 792.121 779.145 771.394 763.037 758.05 795.105 777.376 768.528 763.008 758.543 752.977 753.182 753.161 752.745 750.999 764.246 770.798 763.981 752.816 749.316 746.69 751.214
77.876467 754.243 759.459 782.693 798.824 781.431 773.443 756.511 792.121 779.145 771.394 763.037 758.05 795.105 777.376 768.528 763.008 758.543 752.977 753.182 753.161 752.745 750.999 764.246 770.798 763.981 752.816 749.316 746.69 751.214
80.231787 754.243 759.459 782.693 798.824 781.431 773.443 756.511 792.121 779.145 771.394 763.037 758.05 795.105 777.376 768.528 763.008 758.543 752.977 753.182 753.161 752.745 750.999 764.246 770.798 763.981 752.816 749.316 746.69 751.214
82.658343 754.243 759.459 782.693 798.824 781.431 773.443 756.511 792.121 779.145 771.394 763.037 758.05 795.105 777.376 768.528 763.008 758.543 752.977 753.182 753.161 752.745 750.999 764.246 770.798 763.981 752.816 749.316 746.69 751.214
85.158288 754.243 759.459 782.693 798.824 781.431 773.443 756.511 792.121 779.145 771.394 763.037 758.05 795.105 777.376 768.528 763.008 758.543 752.977 753.182 753.161 752.745 750.999 764.246 770.798 763.981 752.816 749.316 746.69 751.214
87.733843 754.243 759.459 782.693 798.824 781.431 773.443 756.511 792.121 779.145 771.394 763.037 758.05 795.105 777.376 768.528 763.008 758.543 752.977 753.182 753.161 752.745 750.999 764.246 770.798 763.981 752.816 749.316 746.69 751.214
90.387293 754.243 759.459 782.693 798.824 781.431 773.443 756.511 792.121 779.145 771.394 763.037 758.05 795.105 777.376 768.528 763.008 758.543 752.977 753.182 753.161 752.745 750.999 764.246 770.798 763.981 752.816 749.316 746.69 751.214
93.120995 754.243 759.459 782.693 798.824 781.431 773.443 756.511 792.121 779.145 771.394 763.037 758.05 795.105 777.376 768.528 763.008 758.543 752.977 753.182 753.161 752.745 750.999 764.246 770.798 763.981 752.816 749.316 746.69 751.214
95.937376 754.243 759.459 782.693 798.824 781.431 773.443 756.511 792.121 779.145 771.394 763.037 758.05 795.105 777.376 768.528 763.008 758.543 752.977 753.182 753.161 752.745 750.999 764.246 770.798 763.981 752.816 749.316 746.69 751.214
98.838937 754.243 759.459 782.693 798.824 781.431 773.443 756.511 792.121 779.145 771.394 763.037 758.05 795.105 777.376 768.528 763.008 758.543 752.977 753.182 753.161 752.745 750.999 764.246 770.798 763.981 752.816 749.316 746.69 751.214
101.828253 754.243 759.459 782.693 798.824 781.431 773.443 756.511 792.121 779.145 771.394 763.037 758.05 795.105 777.376 768.528 763.008 758.543 752.977 753.182 753.161 752.745 750.999 764.246 770.798 763.981 752.816 749.316 746.69 751.214
104.907979 754.243 759.459 782.693 798.824 781.431 773.443 756.511 792.121 779.145 771.394 763.037 758.05 795.105 777.376 768.528 763.008 758.543 752.977 753.182 753.161 752.745 750.999 764.246 770.798 763.981 752.816 749.316 746.69 751.214
108.080849 754.243 759.459 782.693 798.824 781.431 773.443 756.511 792.121 779.145 771.394 763.037 758.05 795.105 777.376 768.528 763.008 758.543 752.977 753.182 753.161 752.745 750.999 764.246 770.798 763.981 752.816 749.316 746.69 751.214
111.349681 754.243 759.459 782.693 798.824 781.431 773.443 756.511 792.121 779.145 771.394 763.037 758.05 795.105 777.376 768.528 763.008 758.543 752.977 753.182 753.161 752.745 750.999 764.246 770.798 763.981 752.816 749.316 746.69 751.214
114.717376 754.243 759.459 782.693 798.824 781.431 773.443 756.511 792.121 779.145 771.394 763.037 758.05 795.105 777.376 768.528 763.008 758.543 752.977 753.182 753.161 752.745 750.999 764.246 770.798 763.981 752.816 749.316 746.69 751.214
118.186925 754.243 759.459 782.693 798.824 781.431 773.443 756.511 792.121 779.145 771.394 763.037 758.05 795.105 777.376 768.528 763.008 758.543 752.977 753.182 753.161 752.745 750.999 764.246 770.798 763.981 752.816 749.316 746.69 751.214
121.761408 754.243 759.459 782.693 798.824 781.431 773.443 756.511 792.121 779.145 771.394 763.037 758.05 795.105 777.376 768.528 763.008 758.543 752.977 753.182 753.161 752.745 750.999 764.246 770.798 763.981 752.816 749.316 746.69 751.214
125.443999 754.243 759.459 782.693 798.824 781.431 773.443 756.511 792.121 779.145 771.394 763.037 758.05 795.105 777.376 768.528 763.008 758.543 752.977 753.182 753.161 752.745 750.999 764.246 770.798 763.981 752.816 749.316 746.69 751.214
129.237967 754.243 759.459 782.693 798.824 781.431 773.443 756.511 792.121 779.145 771.394 763.037 758.05 795.105 777.376 768.528 763.008 758.543 752.977 753.182 753.161 752.745 750.999 764.246 770.798 763.981 752.816 749.316 746.69 751.214
133.146681 754.243 759.459 782.693 798.824 781.431 773.443 756.511 792.121 779.145 771.394 763.037 758.05 795.105 777.376 768.528 763.008 758.543 752.977 753.182 753.161 752.745 750.999 764.246 770.798 763.981 752.816 749.316 746.69 751.214
137.173612 754.243 759.459 782.693 798.824 781.431 773.443 756.511 792.121 779.145 771.394 763.037 758.05 795.105 777.376 768.528 763.008 758.543 752.977 753.182 753.161 752.745 750.999 764.246 770.798 763.981 752.816 749.316 746.69 751.214
141.322334 754.243 759.459 782.693 798.824 781.431 773.443 756.511 792.121 779.145 771.394 763.037 758.05 795.105 777.376 768.528 763.008 758.543 752.977 753.182 753.161 752.745 750.999 764.246 770.798 763.981 752.816 749.316 746.69 751.214
145.596532 754.243 759.459 782.693 798.824 781.431 773.443 756.511 792.121 779.145 771.394 763.037 758.05 795.105 777.376 768.528 763.008 758.543 752.977 753.182 753.161 752.745 750.999 764.246 770.798 763.981 752.816 749.316 746.69 751.214
150.0 754.243 759.459 782.693 798.824 781.431 773.443 756.511 792.121 779.145 771.394 763.037 758.05 795.105 777.376 768.528 763.008 758.543 752.977 753.182 753.161 752.745 750.999 764.246 770.798 763.981 752.816 749.316 746.69 751.214
