# %ECSV 1.0
# ---
# datatype:
# - {name: time, datatype: float64}
# - {name: swift_uvot_uvw2, datatype: float64}
# - {name: swift_uvot_uvm2, datatype: float64}
# - {name: swift_uvot_uvw1, datatype: float64}
# - {name: swift_uvot_U, datatype: float64}
# - {name: swift_uvot_B, datatype: float64}
# - {name: swift_uvot_V, datatype: float64}
# - {name: swift_uvot_W, datatype: float64}
# - {name: johnson_U, datatype: float64}
# - {name: johnson_B, datatype: float64}
# - {name: johnson_V, datatype: float64}
# - {name: johnson_R, datatype: float64}
# - {name: johnson_I, datatype: float64}
# - {name: sdss_u, datatype: float64}
# - {name: sdss_g, datatype: float64}
# - {name: sdss_r, datatype: float64}
# - {name: sdss_i, datatype: float64}
# - {name: sdss_z, datatype: float64}
# - {name: PS1_g, datatype: float64}
# - {name: PS1_r, datatype: float64}
# - {name: PS1_i, datatype: float64}
# - {name: PS1_z, datatype: float64}
# - {name: PS1_Y, datatype: float64}
# - {name: ukirt_J, datatype: float64}
# - {name: ukirt_H, datatype: float64}
# - {name: ukirt_K, datatype: float64}
# meta: !!omap
# - comment: [E = 0.16176451642579392, Eta0 = 8.02, GammaB = 12.0, dL = 0.012188, epsb = 6.760829753919819e-06, epse = 0.1, n = 0.3981071705534969,
#     p = 2.15, theta_obs = 0.29670597283903605, xiN = 1.0, z = 0.0, type = grb, E_kiso = 372.7593720314938]
# schema: astropy-2.0
time swift_uvot_uvw2 swift_uvot_uvm2 swift_uvot_uvw1 swift_uvot_U swift_uvot_B swift_uvot_V swift_uvot_W johnson_U johnson_B johnson_V johnson_R johnson_I sdss_u sdss_g sdss_r sdss_i sdss_z PS1_g PS1_r PS1_i PS1_z PS1_Y ukirt_J ukirt_H ukirt_K
0.01 3.422 3.471 3.396 3.203 3.061 2.922 3.283 3.181 3.059 2.917 2.776 2.628 3.186 3.014 2.842 2.721 2.61 2.95 2.807 2.687 2.588 2.42 2.398 2.229 2.039
0.0102 3.338 3.388 3.313 3.12 2.977 2.838 3.199 3.097 2.975 2.833 2.693 2.544 3.102 2.93 2.758 2.637 2.527 2.866 2.723 2.604 2.505 2.336 2.315 2.145 1.955
0.0105 3.254 3.304 3.229 3.036 2.894 2.754 3.115 3.014 2.891 2.749 2.609 2.46 3.019 2.846 2.674 2.553 2.443 2.782 2.64 2.52 2.421 2.253 2.231 2.062 1.871
0.0107 3.171 3.22 3.145 2.952 2.81 2.671 3.031 2.93 2.807 2.666 2.525 2.376 2.935 2.762 2.59 2.47 2.359 2.699 2.556 2.436 2.337 2.169 2.147 1.978 1.787
0.011 3.087 3.136 3.061 2.868 2.726 2.587 2.948 2.846 2.724 2.582 2.441 2.293 2.851 2.679 2.507 2.386 2.275 2.615 2.472 2.352 2.253 2.085 2.063 1.894 1.704
0.0113 3.003 3.053 2.978 2.785 2.642 2.503 2.864 2.762 2.64 2.498 2.358 2.209 2.767 2.595 2.423 2.302 2.192 2.531 2.388 2.269 2.17 2.001 1.98 1.81 1.62
0.0115 2.919 2.969 2.894 2.701 2.559 2.419 2.78 2.679 2.556 2.414 2.274 2.125 2.684 2.511 2.339 2.218 2.108 2.447 2.305 2.185 2.086 1.918 1.896 1.727 1.536
0.0118 2.836 2.885 2.81 2.617 2.475 2.336 2.696 2.595 2.472 2.331 2.19 2.041 2.6 2.427 2.255 2.135 2.024 2.364 2.221 2.101 2.002 1.834 1.812 1.643 1.452
0.0121 2.548 2.597 2.523 2.33 2.187 2.048 2.409 2.307 2.185 2.043 1.902 1.754 2.312 2.14 1.968 1.847 1.736 2.076 1.933 1.813 1.714 1.546 1.524 1.355 1.165
0.0124 2.232 2.282 2.207 2.014 1.872 1.733 2.093 1.992 1.869 1.727 1.587 1.438 1.997 1.824 1.652 1.532 1.421 1.76 1.618 1.498 1.399 1.231 1.209 1.04 0.849
0.0127 1.917 1.966 1.892 1.699 1.556 1.417 1.778 1.676 1.554 1.412 1.271 1.123 1.681 1.509 1.337 1.216 1.105 1.445 1.302 1.183 1.084 0.915 0.894 0.724 0.534
0.013 1.601 1.651 1.576 1.383 1.241 1.102 1.462 1.361 1.238 1.096 0.956 0.807 1.366 1.193 1.021 0.901 0.79 1.129 0.987 0.867 0.768 0.6 0.578 0.409 0.218
0.0133 1.286 1.335 1.261 1.068 0.925 0.786 1.147 1.045 0.923 0.781 0.64 0.492 1.05 0.878 0.706 0.585 0.475 0.814 0.671 0.552 0.453 0.284 0.263 0.093 -0.097
0.0136 0.971 1.02 0.945 0.752 0.61 0.471 0.831 0.73 0.607 0.466 0.325 0.176 0.735 0.562 0.39 0.27 0.159 0.498 0.356 0.236 0.137 -0.031 -0.053 -0.222 -0.413
0.014 0.655 0.705 0.63 0.437 0.294 0.155 0.516 0.414 0.292 0.15 0.01 -0.139 0.419 0.247 0.075 -0.046 -0.156 0.183 0.04 -0.079 -0.178 -0.347 -0.368 -0.538 -0.728
0.0143 0.34 0.389 0.314 0.121 -0.021 -0.16 0.201 0.099 -0.024 -0.165 -0.306 -0.455 0.104 -0.069 -0.241 -0.361 -0.472 -0.132 -0.275 -0.395 -0.494 -0.662 -0.684 -0.853 -1.044
0.0146 0.024 0.074 -0.001 -0.194 -0.337 -0.476 -0.115 -0.217 -0.339 -0.481 -0.621 -0.77 -0.212 -0.384 -0.556 -0.677 -0.787 -0.448 -0.591 -0.71 -0.809 -0.978 -0.999 -1.169 -1.359
0.015 -0.287 -0.238 -0.313 -0.506 -0.648 -0.787 -0.426 -0.528 -0.65 -0.792 -0.933 -1.081 -0.523 -0.696 -0.867 -0.988 -1.099 -0.759 -0.902 -1.022 -1.121 -1.289 -1.311 -1.48 -1.67
0.0154 -0.424 -0.375 -0.45 -0.642 -0.785 -0.924 -0.563 -0.665 -0.787 -0.929 -1.07 -1.218 -0.66 -0.832 -1.004 -1.125 -1.236 -0.896 -1.039 -1.159 -1.258 -1.426 -1.448 -1.617 -1.807
0.0157 -0.561 -0.512 -0.586 -0.779 -0.922 -1.061 -0.7 -0.802 -0.924 -1.066 -1.206 -1.355 -0.797 -0.969 -1.141 -1.262 -1.372 -1.033 -1.176 -1.295 -1.394 -1.563 -1.584 -1.754 -1.944
0.0161 -0.698 -0.648 -0.723 -0.916 -1.059 -1.198 -0.837 -0.939 -1.061 -1.203 -1.343 -1.492 -0.934 -1.106 -1.278 -1.399 -1.509 -1.17 -1.312 -1.432 -1.531 -1.7 -1.721 -1.891 -2.081
0.0165 -0.835 -0.785 -0.86 -1.053 -1.195 -1.335 -0.974 -1.075 -1.198 -1.34 -1.48 -1.629 -1.07 -1.243 -1.415 -1.535 -1.646 -1.307 -1.449 -1.569 -1.668 -1.836 -1.858 -2.027 -2.218
0.0169 -0.971 -0.922 -0.997 -1.19 -1.332 -1.471 -1.111 -1.212 -1.335 -1.477 -1.617 -1.766 -1.207 -1.38 -1.552 -1.672 -1.783 -1.444 -1.586 -1.706 -1.805 -1.973 -1.995 -2.164 -2.355
0.0173 -1.108 -1.059 -1.134 -1.327 -1.469 -1.608 -1.247 -1.349 -1.471 -1.613 -1.754 -1.902 -1.344 -1.517 -1.688 -1.809 -1.92 -1.58 -1.723 -1.843 -1.942 -2.11 -2.132 -2.301 -2.491
0.0177 -1.245 -1.196 -1.271 -1.464 -1.606 -1.745 -1.384 -1.486 -1.608 -1.75 -1.891 -2.039 -1.481 -1.653 -1.825 -1.946 -2.057 -1.717 -1.86 -1.98 -2.079 -2.247 -2.269 -2.438 -2.628
0.0181 -1.382 -1.333 -1.407 -1.6 -1.743 -1.882 -1.521 -1.623 -1.745 -1.887 -2.028 -2.176 -1.618 -1.79 -1.962 -2.083 -2.193 -1.854 -1.997 -2.116 -2.215 -2.384 -2.405 -2.575 -2.765
0.0186 -1.519 -1.469 -1.544 -1.737 -1.88 -2.019 -1.658 -1.76 -1.882 -2.024 -2.164 -2.313 -1.755 -1.927 -2.099 -2.22 -2.33 -1.991 -2.133 -2.253 -2.352 -2.521 -2.542 -2.712 -2.902
0.019 -1.646 -1.597 -1.672 -1.865 -2.007 -2.146 -1.785 -1.887 -2.009 -2.151 -2.292 -2.44 -1.882 -2.055 -2.226 -2.347 -2.458 -2.118 -2.261 -2.381 -2.48 -2.648 -2.67 -2.839 -3.029
0.0195 -1.727 -1.677 -1.752 -1.945 -2.087 -2.226 -1.866 -1.967 -2.09 -2.232 -2.372 -2.521 -1.962 -2.135 -2.307 -2.427 -2.538 -2.199 -2.341 -2.461 -2.56 -2.728 -2.75 -2.919 -3.11
0.02 -1.807 -1.757 -1.832 -2.025 -2.167 -2.307 -1.946 -2.047 -2.17 -2.312 -2.452 -2.601 -2.042 -2.215 -2.387 -2.508 -2.618 -2.279 -2.421 -2.541 -2.64 -2.808 -2.83 -2.999 -3.19
0.0204 -1.887 -1.838 -1.912 -2.105 -2.248 -2.387 -2.026 -2.128 -2.25 -2.392 -2.532 -2.681 -2.123 -2.295 -2.467 -2.588 -2.698 -2.359 -2.502 -2.621 -2.72 -2.889 -2.91 -3.08 -3.27
0.0209 -1.967 -1.918 -1.993 -2.186 -2.328 -2.467 -2.106 -2.208 -2.33 -2.472 -2.613 -2.761 -2.203 -2.375 -2.547 -2.668 -2.779 -2.439 -2.582 -2.702 -2.801 -2.969 -2.991 -3.16 -3.35
0.0214 -2.047 -1.998 -2.073 -2.266 -2.408 -2.547 -2.186 -2.288 -2.411 -2.552 -2.693 -2.841 -2.283 -2.456 -2.628 -2.748 -2.859 -2.519 -2.662 -2.782 -2.881 -3.049 -3.071 -3.24 -3.431
0.022 -2.128 -2.078 -2.153 -2.346 -2.488 -2.628 -2.267 -2.368 -2.491 -2.633 -2.773 -2.922 -2.363 -2.536 -2.708 -2.828 -2.939 -2.6 -2.742 -2.862 -2.961 -3.129 -3.151 -3.32 -3.511
0.0225 -2.208 -2.158 -2.233 -2.426 -2.569 -2.708 -2.347 -2.449 -2.571 -2.713 -2.853 -3.002 -2.444 -2.616 -2.788 -2.909 -3.019 -2.68 -2.822 -2.942 -3.041 -3.21 -3.231 -3.401 -3.591
0.023 -2.288 -2.239 -2.313 -2.506 -2.649 -2.788 -2.427 -2.529 -2.651 -2.793 -2.934 -3.082 -2.524 -2.696 -2.868 -2.989 -3.1 -2.76 -2.903 -3.023 -3.122 -3.29 -3.312 -3.481 -3.671
0.0236 -2.368 -2.319 -2.394 -2.587 -2.729 -2.868 -2.507 -2.609 -2.731 -2.873 -3.014 -3.162 -2.604 -2.777 -2.948 -3.069 -3.18 -2.84 -2.983 -3.103 -3.202 -3.37 -3.392 -3.561 -3.751
0.0242 -2.441 -2.391 -2.466 -2.659 -2.802 -2.941 -2.58 -2.682 -2.804 -2.946 -3.086 -3.235 -2.677 -2.849 -3.021 -3.142 -3.252 -2.913 -3.055 -3.175 -3.274 -3.443 -3.464 -3.634 -3.824
0.0247 -2.496 -2.447 -2.522 -2.715 -2.857 -2.996 -2.635 -2.737 -2.859 -3.001 -3.142 -3.29 -2.732 -2.904 -3.076 -3.197 -3.308 -2.968 -3.111 -3.231 -3.33 -3.498 -3.52 -3.689 -3.879
0.0253 -2.552 -2.502 -2.577 -2.77 -2.912 -3.051 -2.691 -2.792 -2.915 -3.057 -3.197 -3.346 -2.787 -2.96 -3.132 -3.252 -3.363 -3.024 -3.166 -3.286 -3.385 -3.553 -3.575 -3.744 -3.935
0.0259 -2.607 -2.557 -2.632 -2.825 -2.968 -3.107 -2.746 -2.848 -2.97 -3.112 -3.252 -3.401 -2.843 -3.015 -3.187 -3.308 -3.418 -3.079 -3.221 -3.341 -3.44 -3.609 -3.63 -3.8 -3.99
0.0266 -2.662 -2.613 -2.688 -2.881 -3.023 -3.162 -2.801 -2.903 -3.025 -3.167 -3.308 -3.456 -2.898 -3.071 -3.242 -3.363 -3.474 -3.134 -3.277 -3.397 -3.496 -3.664 -3.686 -3.855 -4.045
0.0272 -2.718 -2.668 -2.743 -2.936 -3.078 -3.217 -2.857 -2.958 -3.081 -3.223 -3.363 -3.512 -2.953 -3.126 -3.298 -3.418 -3.529 -3.19 -3.332 -3.452 -3.551 -3.719 -3.741 -3.91 -4.101
0.0279 -2.773 -2.723 -2.798 -2.991 -3.134 -3.273 -2.912 -3.014 -3.136 -3.278 -3.418 -3.567 -3.009 -3.181 -3.353 -3.474 -3.584 -3.245 -3.388 -3.507 -3.606 -3.775 -3.796 -3.966 -4.156
0.0285 -2.828 -2.779 -2.854 -3.047 -3.189 -3.328 -2.967 -3.069 -3.191 -3.333 -3.474 -3.622 -3.064 -3.237 -3.408 -3.529 -3.64 -3.3 -3.443 -3.563 -3.662 -3.83 -3.852 -4.021 -4.211
0.0292 -2.884 -2.834 -2.909 -3.102 -3.244 -3.383 -3.023 -3.124 -3.247 -3.389 -3.529 -3.678 -3.119 -3.292 -3.464 -3.584 -3.695 -3.356 -3.498 -3.618 -3.717 -3.885 -3.907 -4.076 -4.267
0.0299 -2.939 -2.89 -2.964 -3.157 -3.3 -3.439 -3.078 -3.18 -3.302 -3.444 -3.584 -3.733 -3.175 -3.347 -3.519 -3.64 -3.75 -3.411 -3.554 -3.673 -3.772 -3.941 -3.962 -4.132 -4.322
0.0307 -3.004 -2.955 -3.03 -3.223 -3.365 -3.504 -3.143 -3.245 -3.367 -3.509 -3.65 -3.798 -3.24 -3.413 -3.584 -3.705 -3.816 -3.476 -3.619 -3.739 -3.838 -4.006 -4.028 -4.197 -4.387
0.0314 -3.082 -3.032 -3.107 -3.3 -3.443 -3.582 -3.221 -3.323 -3.445 -3.587 -3.727 -3.876 -3.318 -3.49 -3.662 -3.783 -3.893 -3.554 -3.696 -3.816 -3.915 -4.084 -4.105 -4.275 -4.465
0.0322 -3.159 -3.11 -3.185 -3.378 -3.52 -3.659 -3.298 -3.4 -3.523 -3.664 -3.805 -3.953 -3.395 -3.568 -3.74 -3.86 -3.971 -3.631 -3.774 -3.894 -3.993 -4.161 -4.183 -4.352 -4.543
0.0329 -3.237 -3.187 -3.262 -3.455 -3.598 -3.737 -3.376 -3.478 -3.6 -3.742 -3.882 -4.031 -3.473 -3.645 -3.817 -3.938 -4.048 -3.709 -3.852 -3.971 -4.07 -4.239 -4.26 -4.43 -4.62
0.0337 -3.314 -3.265 -3.34 -3.533 -3.675 -3.814 -3.454 -3.555 -3.678 -3.82 -3.96 -4.109 -3.55 -3.723 -3.895 -4.015 -4.126 -3.787 -3.929 -4.049 -4.148 -4.316 -4.338 -4.507 -4.698
0.0345 -3.392 -3.343 -3.417 -3.61 -3.753 -3.892 -3.531 -3.633 -3.755 -3.897 -4.038 -4.186 -3.628 -3.8 -3.972 -4.093 -4.203 -3.864 -4.007 -4.126 -4.225 -4.394 -4.415 -4.585 -4.775
0.0354 -3.47 -3.42 -3.495 -3.688 -3.83 -3.969 -3.609 -3.71 -3.833 -3.975 -4.115 -4.264 -3.705 -3.878 -4.05 -4.17 -4.281 -3.942 -4.084 -4.204 -4.303 -4.471 -4.493 -4.662 -4.853
0.0362 -3.547 -3.498 -3.572 -3.765 -3.908 -4.047 -3.686 -3.788 -3.91 -4.052 -4.193 -4.341 -3.783 -3.955 -4.127 -4.248 -4.359 -4.019 -4.162 -4.281 -4.381 -4.549 -4.57 -4.74 -4.93
0.0371 -3.625 -3.575 -3.65 -3.843 -3.985 -4.124 -3.764 -3.865 -3.988 -4.13 -4.27 -4.419 -3.86 -4.033 -4.205 -4.325 -4.436 -4.097 -4.239 -4.359 -4.458 -4.626 -4.648 -4.817 -5.008
0.038 -3.702 -3.653 -3.728 -3.92 -4.063 -4.202 -3.841 -3.943 -4.065 -4.207 -4.348 -4.496 -3.938 -4.11 -4.282 -4.403 -4.514 -4.174 -4.317 -4.437 -4.536 -4.704 -4.726 -4.895 -5.085
0.0389 -3.773 -3.724 -3.799 -3.992 -4.134 -4.273 -3.912 -4.014 -4.136 -4.278 -4.419 -4.567 -4.009 -4.182 -4.353 -4.474 -4.585 -4.245 -4.388 -4.508 -4.607 -4.775 -4.797 -4.966 -5.156
0.0398 -3.84 -3.791 -3.865 -4.058 -4.201 -4.34 -3.979 -4.081 -4.203 -4.345 -4.486 -4.634 -4.076 -4.248 -4.42 -4.541 -4.652 -4.312 -4.455 -4.575 -4.674 -4.842 -4.864 -5.033 -5.223
0.0408 -3.907 -3.857 -3.932 -4.125 -4.268 -4.407 -4.046 -4.148 -4.27 -4.412 -4.552 -4.701 -4.143 -4.315 -4.487 -4.608 -4.718 -4.379 -4.521 -4.641 -4.74 -4.909 -4.93 -5.1 -5.29
0.0418 -3.974 -3.924 -3.999 -4.192 -4.334 -4.474 -4.113 -4.214 -4.337 -4.479 -4.619 -4.768 -4.209 -4.382 -4.554 -4.675 -4.785 -4.446 -4.588 -4.708 -4.807 -4.975 -4.997 -5.166 -5.357
0.0428 -4.04 -3.991 -4.066 -4.259 -4.401 -4.54 -4.18 -4.281 -4.404 -4.546 -4.686 -4.835 -4.276 -4.449 -4.621 -4.741 -4.852 -4.513 -4.655 -4.775 -4.874 -5.042 -5.064 -5.233 -5.424
0.0438 -4.107 -4.058 -4.133 -4.326 -4.468 -4.607 -4.246 -4.348 -4.47 -4.612 -4.753 -4.901 -4.343 -4.516 -4.687 -4.808 -4.919 -4.579 -4.722 -4.842 -4.941 -5.109 -5.131 -5.3 -5.49
0.0449 -4.174 -4.125 -4.199 -4.392 -4.535 -4.674 -4.313 -4.415 -4.537 -4.679 -4.82 -4.968 -4.41 -4.582 -4.754 -4.875 -4.986 -4.646 -4.789 -4.909 -5.008 -5.176 -5.197 -5.367 -5.557
0.046 -4.241 -4.191 -4.266 -4.459 -4.602 -4.741 -4.38 -4.482 -4.604 -4.746 -4.886 -5.035 -4.477 -4.649 -4.821 -4.942 -5.052 -4.713 -4.855 -4.975 -5.074 -5.243 -5.264 -5.434 -5.624
0.0471 -4.308 -4.258 -4.333 -4.526 -4.668 -4.808 -4.447 -4.548 -4.671 -4.813 -4.953 -5.102 -4.543 -4.716 -4.888 -5.008 -5.119 -4.78 -4.922 -5.042 -5.141 -5.309 -5.331 -5.5 -5.691
0.0482 -4.374 -4.325 -4.4 -4.593 -4.735 -4.874 -4.514 -4.615 -4.738 -4.88 -5.02 -5.169 -4.61 -4.783 -4.955 -5.075 -5.186 -4.847 -4.989 -5.109 -5.208 -5.376 -5.398 -5.567 -5.758
0.0494 -4.425 -4.376 -4.45 -4.643 -4.786 -4.925 -4.564 -4.666 -4.788 -4.93 -5.071 -5.219 -4.661 -4.833 -5.005 -5.126 -5.236 -4.897 -5.04 -5.159 -5.258 -5.427 -5.448 -5.618 -5.808
0.0506 -4.47 -4.42 -4.495 -4.688 -4.831 -4.97 -4.609 -4.711 -4.833 -4.975 -5.115 -5.264 -4.706 -4.878 -5.05 -5.171 -5.281 -4.942 -5.084 -5.204 -5.303 -5.472 -5.493 -5.663 -5.853
0.0518 -4.515 -4.465 -4.54 -4.733 -4.875 -5.015 -4.654 -4.755 -4.878 -5.02 -5.16 -5.309 -4.75 -4.923 -5.095 -5.215 -5.326 -4.987 -5.129 -5.249 -5.348 -5.516 -5.538 -5.707 -5.898
0.053 -4.559 -4.51 -4.585 -4.778 -4.92 -5.059 -4.698 -4.8 -4.923 -5.064 -5.205 -5.353 -4.795 -4.968 -5.14 -5.26 -5.371 -5.031 -5.174 -5.294 -5.393 -5.561 -5.583 -5.752 -5.943
0.0543 -4.604 -4.555 -4.63 -4.823 -4.965 -5.104 -4.743 -4.845 -4.967 -5.109 -5.25 -5.398 -4.84 -5.012 -5.184 -5.305 -5.416 -5.076 -5.219 -5.339 -5.438 -5.606 -5.628 -5.797 -5.987
0.0556 -4.649 -4.6 -4.674 -4.867 -5.01 -5.149 -4.788 -4.89 -5.012 -5.154 -5.295 -5.443 -4.885 -5.057 -5.229 -5.35 -5.46 -5.121 -5.264 -5.383 -5.482 -5.651 -5.672 -5.842 -6.032
0.057 -4.694 -4.644 -4.719 -4.912 -5.055 -5.194 -4.833 -4.935 -5.057 -5.199 -5.339 -5.488 -4.93 -5.102 -5.274 -5.395 -5.505 -5.166 -5.308 -5.428 -5.527 -5.696 -5.717 -5.887 -6.077
0.0584 -4.739 -4.689 -4.764 -4.957 -5.099 -5.238 -4.878 -4.979 -5.102 -5.244 -5.384 -5.533 -4.974 -5.147 -5.319 -5.439 -5.55 -5.211 -5.353 -5.473 -5.572 -5.74 -5.762 -5.931 -6.122
0.0598 -4.783 -4.734 -4.809 -5.002 -5.144 -5.283 -4.922 -5.024 -5.147 -5.288 -5.429 -5.577 -5.019 -5.192 -5.364 -5.484 -5.595 -5.255 -5.398 -5.518 -5.617 -5.785 -5.807 -5.976 -6.166
0.0612 -4.828 -4.779 -4.854 -5.047 -5.189 -5.328 -4.967 -5.069 -5.191 -5.333 -5.474 -5.622 -5.064 -5.236 -5.408 -5.529 -5.64 -5.3 -5.443 -5.563 -5.662 -5.83 -5.852 -6.021 -6.211
0.0627 -4.867 -4.817 -4.892 -5.085 -5.227 -5.366 -5.006 -5.107 -5.23 -5.372 -5.512 -5.661 -5.102 -5.275 -5.447 -5.567 -5.678 -5.339 -5.481 -5.601 -5.7 -5.868 -5.89 -6.059 -6.25
0.0642 -4.904 -4.855 -4.93 -5.123 -5.265 -5.404 -5.043 -5.145 -5.267 -5.409 -5.55 -5.698 -5.14 -5.312 -5.484 -5.605 -5.716 -5.376 -5.519 -5.639 -5.738 -5.906 -5.928 -6.097 -6.287
0.0657 -4.942 -4.892 -4.967 -5.16 -5.302 -5.442 -5.081 -5.182 -5.305 -5.447 -5.587 -5.736 -5.177 -5.35 -5.522 -5.643 -5.753 -5.414 -5.556 -5.676 -5.775 -5.943 -5.965 -6.134 -6.325
0.0673 -4.979 -4.93 -5.005 -5.198 -5.34 -5.479 -5.118 -5.22 -5.342 -5.484 -5.625 -5.773 -5.215 -5.388 -5.559 -5.68 -5.791 -5.451 -5.594 -5.714 -5.813 -5.981 -6.003 -6.172 -6.362
0.0689 -5.017 -4.967 -5.042 -5.235 -5.378 -5.517 -5.156 -5.258 -5.38 -5.522 -5.662 -5.811 -5.253 -5.425 -5.597 -5.718 -5.828 -5.489 -5.631 -5.751 -5.85 -6.019 -6.04 -6.21 -6.4
0.0706 -5.054 -5.005 -5.08 -5.273 -5.415 -5.554 -5.193 -5.295 -5.418 -5.559 -5.7 -5.848 -5.29 -5.463 -5.634 -5.755 -5.866 -5.526 -5.669 -5.789 -5.888 -6.056 -6.078 -6.247 -6.437
0.0723 -5.092 -5.042 -5.117 -5.31 -5.453 -5.592 -5.231 -5.333 -5.455 -5.597 -5.737 -5.886 -5.328 -5.5 -5.672 -5.793 -5.903 -5.564 -5.707 -5.826 -5.925 -6.094 -6.115 -6.285 -6.475
0.0741 -5.129 -5.08 -5.155 -5.348 -5.49 -5.629 -5.269 -5.37 -5.493 -5.634 -5.775 -5.924 -5.365 -5.538 -5.71 -5.83 -5.941 -5.602 -5.744 -5.864 -5.963 -6.131 -6.153 -6.322 -6.513
0.0758 -5.167 -5.118 -5.192 -5.385 -5.528 -5.667 -5.306 -5.408 -5.53 -5.672 -5.813 -5.961 -5.403 -5.575 -5.747 -5.868 -5.978 -5.639 -5.782 -5.901 -6.0 -6.169 -6.19 -6.36 -6.55
0.0777 -5.204 -5.155 -5.23 -5.423 -5.565 -5.704 -5.343 -5.445 -5.567 -5.709 -5.85 -5.998 -5.44 -5.613 -5.784 -5.905 -6.016 -5.676 -5.819 -5.939 -6.038 -6.206 -6.228 -6.397 -6.587
0.0795 -5.23 -5.181 -5.256 -5.449 -5.591 -5.73 -5.369 -5.471 -5.594 -5.735 -5.876 -6.024 -5.466 -5.639 -5.811 -5.931 -6.042 -5.702 -5.845 -5.965 -6.064 -6.232 -6.254 -6.423 -6.613
0.0815 -5.256 -5.207 -5.282 -5.475 -5.617 -5.756 -5.396 -5.497 -5.62 -5.762 -5.902 -6.051 -5.492 -5.665 -5.837 -5.957 -6.068 -5.729 -5.871 -5.991 -6.09 -6.258 -6.28 -6.449 -6.64
0.0834 -5.283 -5.233 -5.308 -5.501 -5.643 -5.782 -5.422 -5.523 -5.646 -5.788 -5.928 -6.077 -5.518 -5.691 -5.863 -5.983 -6.094 -5.755 -5.897 -6.017 -6.116 -6.284 -6.306 -6.475 -6.666
0.0854 -5.309 -5.259 -5.334 -5.527 -5.669 -5.809 -5.448 -5.549 -5.672 -5.814 -5.954 -6.103 -5.544 -5.717 -5.889 -6.01 -6.12 -5.781 -5.923 -6.043 -6.142 -6.31 -6.332 -6.501 -6.692
0.0875 -5.335 -5.285 -5.36 -5.553 -5.696 -5.835 -5.474 -5.576 -5.698 -5.84 -5.98 -6.129 -5.57 -5.743 -5.915 -6.036 -6.146 -5.807 -5.949 -6.069 -6.168 -6.337 -6.358 -6.528 -6.718
0.0896 -5.361 -5.311 -5.386 -5.579 -5.722 -5.861 -5.5 -5.602 -5.724 -5.866 -6.006 -6.155 -5.597 -5.769 -5.941 -6.062 -6.172 -5.833 -5.975 -6.095 -6.194 -6.363 -6.384 -6.554 -6.744
0.0918 -5.387 -5.338 -5.412 -5.605 -5.748 -5.887 -5.526 -5.628 -5.75 -5.892 -6.033 -6.181 -5.623 -5.795 -5.967 -6.088 -6.198 -5.859 -6.002 -6.121 -6.22 -6.389 -6.41 -6.58 -6.77
0.094 -5.413 -5.364 -5.438 -5.631 -5.774 -5.913 -5.552 -5.654 -5.776 -5.918 -6.059 -6.207 -5.649 -5.821 -5.993 -6.114 -6.225 -5.885 -6.028 -6.148 -6.247 -6.415 -6.437 -6.606 -6.796
0.0963 -5.439 -5.39 -5.465 -5.658 -5.8 -5.939 -5.578 -5.68 -5.802 -5.944 -6.085 -6.233 -5.675 -5.847 -6.019 -6.14 -6.251 -5.911 -6.054 -6.174 -6.273 -6.441 -6.463 -6.632 -6.822
0.0986 -5.465 -5.416 -5.491 -5.683 -5.826 -5.965 -5.604 -5.706 -5.828 -5.97 -6.111 -6.259 -5.701 -5.873 -6.045 -6.166 -6.277 -5.937 -6.08 -6.2 -6.299 -6.467 -6.489 -6.658 -6.848
0.101 -5.49 -5.441 -5.516 -5.709 -5.851 -5.99 -5.629 -5.731 -5.853 -5.995 -6.136 -6.284 -5.726 -5.898 -6.07 -6.191 -6.302 -5.962 -6.105 -6.225 -6.324 -6.492 -6.514 -6.683 -6.873
0.1034 -5.515 -5.466 -5.541 -5.734 -5.876 -6.015 -5.654 -5.756 -5.878 -6.02 -6.161 -6.309 -5.751 -5.924 -6.095 -6.216 -6.327 -5.987 -6.13 -6.25 -6.349 -6.517 -6.539 -6.708 -6.898
0.1059 -5.54 -5.491 -5.566 -5.759 -5.901 -6.04 -5.679 -5.781 -5.904 -6.045 -6.186 -6.334 -5.776 -5.949 -6.121 -6.241 -6.352 -6.012 -6.155 -6.275 -6.374 -6.542 -6.564 -6.733 -6.923
0.1084 -5.565 -5.516 -5.591 -5.784 -5.926 -6.065 -5.705 -5.806 -5.929 -6.07 -6.211 -6.36 -5.801 -5.974 -6.146 -6.266 -6.377 -6.037 -6.18 -6.3 -6.399 -6.567 -6.589 -6.758 -6.949
0.1111 -5.591 -5.541 -5.616 -5.809 -5.951 -6.09 -5.73 -5.831 -5.954 -6.096 -6.236 -6.385 -5.826 -5.999 -6.171 -6.291 -6.402 -6.063 -6.205 -6.325 -6.424 -6.592 -6.614 -6.783 -6.974
0.1137 -5.616 -5.566 -5.641 -5.834 -5.976 -6.116 -5.755 -5.856 -5.979 -6.121 -6.261 -6.41 -5.851 -6.024 -6.196 -6.316 -6.427 -6.088 -6.23 -6.35 -6.449 -6.617 -6.639 -6.808 -6.999
0.1165 -5.641 -5.591 -5.666 -5.859 -6.001 -6.141 -5.78 -5.881 -6.004 -6.146 -6.286 -6.435 -5.876 -6.049 -6.221 -6.342 -6.452 -6.113 -6.255 -6.375 -6.474 -6.642 -6.664 -6.833 -7.024
0.1193 -5.666 -5.616 -5.691 -5.884 -6.027 -6.166 -5.805 -5.907 -6.029 -6.171 -6.311 -6.46 -5.901 -6.074 -6.246 -6.367 -6.477 -6.138 -6.28 -6.4 -6.499 -6.668 -6.689 -6.859 -7.049
0.1222 -5.691 -5.641 -5.716 -5.909 -6.052 -6.191 -5.83 -5.932 -6.054 -6.196 -6.336 -6.485 -5.927 -6.099 -6.271 -6.392 -6.502 -6.163 -6.305 -6.425 -6.524 -6.693 -6.714 -6.884 -7.074
0.1251 -5.716 -5.666 -5.741 -5.934 -6.077 -6.216 -5.855 -5.957 -6.079 -6.221 -6.361 -6.51 -5.952 -6.124 -6.296 -6.417 -6.527 -6.188 -6.331 -6.45 -6.549 -6.718 -6.739 -6.909 -7.099
0.1281 -5.741 -5.691 -5.766 -5.959 -6.102 -6.241 -5.88 -5.982 -6.104 -6.246 -6.386 -6.535 -5.977 -6.149 -6.321 -6.442 -6.552 -6.213 -6.355 -6.475 -6.574 -6.743 -6.764 -6.934 -7.124
0.1312 -5.766 -5.716 -5.791 -5.984 -6.126 -6.266 -5.905 -6.006 -6.129 -6.271 -6.411 -6.56 -6.001 -6.174 -6.346 -6.467 -6.577 -6.238 -6.38 -6.5 -6.599 -6.767 -6.789 -6.958 -7.149
0.1344 -5.791 -5.741 -5.816 -6.009 -6.151 -6.291 -5.93 -6.031 -6.154 -6.296 -6.436 -6.585 -6.026 -6.199 -6.371 -6.491 -6.602 -6.263 -6.405 -6.525 -6.624 -6.792 -6.814 -6.983 -7.174
0.1376 -5.816 -5.766 -5.841 -6.034 -6.176 -6.315 -5.955 -6.056 -6.179 -6.321 -6.461 -6.61 -6.051 -6.224 -6.396 -6.516 -6.627 -6.288 -6.43 -6.55 -6.649 -6.817 -6.839 -7.008 -7.199
0.141 -5.84 -5.791 -5.866 -6.059 -6.201 -6.34 -5.98 -6.081 -6.204 -6.346 -6.486 -6.635 -6.076 -6.249 -6.421 -6.541 -6.652 -6.313 -6.455 -6.575 -6.674 -6.842 -6.864 -7.033 -7.224
0.1444 -5.865 -5.816 -5.891 -6.084 -6.226 -6.365 -6.004 -6.106 -6.229 -6.37 -6.511 -6.659 -6.101 -6.274 -6.446 -6.566 -6.677 -6.337 -6.48 -6.6 -6.699 -6.867 -6.889 -7.058 -7.248
0.1478 -5.89 -5.841 -5.916 -6.109 -6.251 -6.39 -6.029 -6.131 -6.253 -6.395 -6.536 -6.684 -6.126 -6.299 -6.47 -6.591 -6.702 -6.362 -6.505 -6.625 -6.724 -6.892 -6.914 -7.083 -7.273
0.1514 -5.915 -5.866 -5.941 -6.134 -6.276 -6.415 -6.054 -6.156 -6.278 -6.42 -6.561 -6.709 -6.151 -6.323 -6.495 -6.616 -6.727 -6.387 -6.53 -6.65 -6.749 -6.917 -6.939 -7.108 -7.298
0.1551 -5.94 -5.891 -5.966 -6.158 -6.301 -6.44 -6.079 -6.181 -6.303 -6.445 -6.586 -6.734 -6.176 -6.348 -6.52 -6.641 -6.752 -6.412 -6.555 -6.675 -6.774 -6.942 -6.964 -7.133 -7.323
0.1588 -5.963 -5.913 -5.988 -6.181 -6.324 -6.463 -6.102 -6.204 -6.326 -6.468 -6.608 -6.757 -6.199 -6.371 -6.543 -6.664 -6.774 -6.435 -6.578 -6.697 -6.796 -6.965 -6.986 -7.156 -7.346
0.1626 -5.983 -5.934 -6.009 -6.202 -6.344 -6.483 -6.122 -6.224 -6.346 -6.488 -6.629 -6.777 -6.219 -6.391 -6.563 -6.684 -6.795 -6.455 -6.598 -6.718 -6.817 -6.985 -7.007 -7.176 -7.366
0.1666 -6.003 -5.954 -6.029 -6.222 -6.364 -6.503 -6.143 -6.244 -6.367 -6.508 -6.649 -6.798 -6.239 -6.412 -6.584 -6.704 -6.815 -6.475 -6.618 -6.738 -6.837 -7.005 -7.027 -7.196 -7.387
0.1706 -6.024 -5.974 -6.049 -6.242 -6.384 -6.524 -6.163 -6.264 -6.387 -6.529 -6.669 -6.818 -6.259 -6.432 -6.604 -6.725 -6.835 -6.496 -6.638 -6.758 -6.857 -7.025 -7.047 -7.216 -7.407
0.1747 -6.044 -5.995 -6.069 -6.262 -6.405 -6.544 -6.183 -6.285 -6.407 -6.549 -6.69 -6.838 -6.28 -6.452 -6.624 -6.745 -6.855 -6.516 -6.659 -6.778 -6.877 -7.046 -7.067 -7.237 -7.427
0.1789 -6.064 -6.015 -6.09 -6.283 -6.425 -6.564 -6.203 -6.305 -6.427 -6.569 -6.71 -6.858 -6.3 -6.473 -6.644 -6.765 -6.876 -6.536 -6.679 -6.799 -6.898 -7.066 -7.088 -7.257 -7.447
0.1832 -6.085 -6.035 -6.11 -6.303 -6.445 -6.584 -6.224 -6.325 -6.448 -6.59 -6.73 -6.879 -6.32 -6.493 -6.665 -6.785 -6.896 -6.557 -6.699 -6.819 -6.918 -7.086 -7.108 -7.277 -7.468
0.1876 -6.105 -6.055 -6.13 -6.323 -6.466 -6.605 -6.244 -6.346 -6.468 -6.61 -6.75 -6.899 -6.34 -6.513 -6.685 -6.806 -6.916 -6.577 -6.719 -6.839 -6.938 -7.107 -7.128 -7.298 -7.488
0.1922 -6.125 -6.076 -6.15 -6.343 -6.486 -6.625 -6.264 -6.366 -6.488 -6.63 -6.771 -6.919 -6.361 -6.533 -6.705 -6.826 -6.937 -6.597 -6.74 -6.859 -6.958 -7.127 -7.148 -7.318 -7.508
0.1968 -6.145 -6.096 -6.171 -6.364 -6.506 -6.645 -6.284 -6.386 -6.508 -6.65 -6.791 -6.939 -6.381 -6.554 -6.725 -6.846 -6.957 -6.617 -6.76 -6.88 -6.979 -7.147 -7.169 -7.338 -7.528
0.2015 -6.163 -6.114 -6.188 -6.381 -6.524 -6.663 -6.302 -6.404 -6.526 -6.668 -6.808 -6.957 -6.399 -6.571 -6.743 -6.864 -6.974 -6.635 -6.778 -6.897 -6.996 -7.165 -7.186 -7.356 -7.546
0.2064 -6.179 -6.129 -6.204 -6.397 -6.54 -6.679 -6.318 -6.42 -6.542 -6.684 -6.824 -6.973 -6.415 -6.587 -6.759 -6.88 -6.99 -6.651 -6.793 -6.913 -7.012 -7.181 -7.202 -7.372 -7.562
0.2114 -6.195 -6.145 -6.22 -6.413 -6.555 -6.695 -6.334 -6.435 -6.558 -6.7 -6.84 -6.989 -6.43 -6.603 -6.775 -6.896 -7.006 -6.667 -6.809 -6.929 -7.028 -7.196 -7.218 -7.387 -7.578
0.2165 -6.211 -6.161 -6.236 -6.429 -6.571 -6.71 -6.35 -6.451 -6.574 -6.716 -6.856 -7.005 -6.446 -6.619 -6.791 -6.911 -7.022 -6.683 -6.825 -6.945 -7.044 -7.212 -7.234 -7.403 -7.594
0.2217 -6.226 -6.177 -6.252 -6.445 -6.587 -6.726 -6.366 -6.467 -6.59 -6.732 -6.872 -7.021 -6.462 -6.635 -6.807 -6.927 -7.038 -6.699 -6.841 -6.961 -7.06 -7.228 -7.25 -7.419 -7.61
0.2271 -6.242 -6.193 -6.268 -6.461 -6.603 -6.742 -6.381 -6.483 -6.606 -6.747 -6.888 -7.036 -6.478 -6.651 -6.822 -6.943 -7.054 -6.714 -6.857 -6.977 -7.076 -7.244 -7.266 -7.435 -7.625
0.2325 -6.258 -6.209 -6.284 -6.477 -6.619 -6.758 -6.397 -6.499 -6.621 -6.763 -6.904 -7.052 -6.494 -6.667 -6.838 -6.959 -7.07 -6.73 -6.873 -6.993 -7.092 -7.26 -7.282 -7.451 -7.641
0.2381 -6.274 -6.225 -6.299 -6.492 -6.635 -6.774 -6.413 -6.515 -6.637 -6.779 -6.92 -7.068 -6.51 -6.682 -6.854 -6.975 -7.086 -6.746 -6.889 -7.009 -7.108 -7.276 -7.298 -7.467 -7.657
0.2439 -6.29 -6.241 -6.315 -6.508 -6.651 -6.79 -6.429 -6.531 -6.653 -6.795 -6.935 -7.084 -6.526 -6.698 -6.87 -6.991 -7.101 -6.762 -6.905 -7.024 -7.123 -7.292 -7.313 -7.483 -7.673
0.2498 -6.306 -6.256 -6.331 -6.524 -6.667 -6.806 -6.445 -6.547 -6.669 -6.811 -6.951 -7.1 -6.542 -6.714 -6.886 -7.007 -7.117 -6.778 -6.92 -7.04 -7.139 -7.308 -7.329 -7.499 -7.689
0.2558 -6.321 -6.271 -6.346 -6.539 -6.681 -6.82 -6.46 -6.561 -6.684 -6.826 -6.966 -7.115 -6.556 -6.729 -6.901 -7.021 -7.132 -6.793 -6.935 -7.055 -7.154 -7.322 -7.344 -7.513 -7.704
0.262 -6.335 -6.285 -6.36 -6.553 -6.696 -6.835 -6.474 -6.576 -6.698 -6.84 -6.98 -7.129 -6.571 -6.743 -6.915 -7.036 -7.146 -6.807 -6.95 -7.069 -7.168 -7.337 -7.358 -7.528 -7.718
0.2683 -6.349 -6.3 -6.375 -6.568 -6.71 -6.849 -6.488 -6.59 -6.712 -6.854 -6.995 -7.143 -6.585 -6.758 -6.929 -7.05 -7.161 -6.821 -6.964 -7.084 -7.183 -7.351 -7.373 -7.542 -7.732
0.2748 -6.364 -6.314 -6.389 -6.582 -6.724 -6.864 -6.503 -6.604 -6.727 -6.869 -7.009 -7.158 -6.599 -6.772 -6.944 -7.064 -7.175 -6.836 -6.978 -7.098 -7.197 -7.365 -7.387 -7.556 -7.747
0.2814 -6.378 -6.329 -6.403 -6.596 -6.739 -6.878 -6.517 -6.619 -6.741 -6.883 -7.023 -7.172 -6.614 -6.786 -6.958 -7.079 -7.189 -6.85 -6.993 -7.112 -7.211 -7.38 -7.401 -7.571 -7.761
0.2882 -6.392 -6.343 -6.418 -6.611 -6.753 -6.892 -6.531 -6.633 -6.755 -6.897 -7.038 -7.186 -6.628 -6.801 -6.972 -7.093 -7.204 -6.864 -7.007 -7.127 -7.226 -7.394 -7.416 -7.585 -7.775
0.2951 -6.407 -6.357 -6.432 -6.625 -6.767 -6.907 -6.546 -6.647 -6.77 -6.912 -7.052 -7.201 -6.642 -6.815 -6.987 -7.107 -7.218 -6.879 -7.021 -7.141 -7.24 -7.408 -7.43 -7.599 -7.79
0.3022 -6.421 -6.372 -6.446 -6.639 -6.782 -6.921 -6.56 -6.662 -6.784 -6.926 -7.066 -7.215 -6.657 -6.829 -7.001 -7.122 -7.232 -6.893 -7.036 -7.155 -7.254 -7.423 -7.444 -7.614 -7.804
0.3095 -6.435 -6.386 -6.461 -6.654 -6.796 -6.935 -6.574 -6.676 -6.798 -6.94 -7.081 -7.229 -6.671 -6.844 -7.015 -7.136 -7.247 -6.907 -7.05 -7.17 -7.269 -7.437 -7.459 -7.628 -7.818
0.317 -6.45 -6.4 -6.475 -6.668 -6.81 -6.95 -6.589 -6.69 -6.813 -6.955 -7.095 -7.244 -6.685 -6.858 -7.03 -7.15 -7.261 -6.922 -7.064 -7.184 -7.283 -7.451 -7.473 -7.642 -7.833
0.3247 -6.462 -6.412 -6.487 -6.68 -6.822 -6.962 -6.601 -6.702 -6.825 -6.967 -7.107 -7.256 -6.697 -6.87 -7.042 -7.163 -7.273 -6.934 -7.076 -7.196 -7.295 -7.463 -7.485 -7.654 -7.845
0.3325 -6.473 -6.424 -6.499 -6.692 -6.834 -6.973 -6.613 -6.714 -6.837 -6.978 -7.119 -7.268 -6.709 -6.882 -7.054 -7.174 -7.285 -6.945 -7.088 -7.208 -7.307 -7.475 -7.497 -7.666 -7.857
0.3405 -6.485 -6.436 -6.511 -6.704 -6.846 -6.985 -6.624 -6.726 -6.848 -6.99 -7.131 -7.279 -6.721 -6.893 -7.065 -7.186 -7.297 -6.957 -7.1 -7.22 -7.319 -7.487 -7.509 -7.678 -7.868
0.3487 -6.497 -6.447 -6.522 -6.715 -6.858 -6.997 -6.636 -6.738 -6.86 -7.002 -7.142 -7.291 -6.733 -6.905 -7.077 -7.198 -7.308 -6.969 -7.112 -7.231 -7.33 -7.499 -7.52 -7.69 -7.88
0.3571 -6.509 -6.459 -6.534 -6.727 -6.869 -7.009 -6.648 -6.749 -6.872 -7.014 -7.154 -7.303 -6.744 -6.917 -7.089 -7.209 -7.32 -6.981 -7.123 -7.243 -7.342 -7.51 -7.532 -7.701 -7.892
0.3657 -6.52 -6.471 -6.546 -6.739 -6.881 -7.02 -6.659 -6.761 -6.884 -7.025 -7.166 -7.314 -6.756 -6.929 -7.101 -7.221 -7.332 -6.992 -7.135 -7.255 -7.354 -7.522 -7.544 -7.713 -7.903
0.3746 -6.532 -6.483 -6.557 -6.75 -6.893 -7.032 -6.671 -6.773 -6.895 -7.037 -7.178 -7.326 -6.768 -6.94 -7.112 -7.233 -7.344 -7.004 -7.147 -7.267 -7.366 -7.534 -7.556 -7.725 -7.915
0.3836 -6.544 -6.494 -6.569 -6.762 -6.905 -7.044 -6.683 -6.785 -6.907 -7.049 -7.189 -7.338 -6.78 -6.952 -7.124 -7.245 -7.355 -7.016 -7.158 -7.278 -7.377 -7.546 -7.567 -7.737 -7.927
0.3929 -6.556 -6.506 -6.581 -6.774 -6.916 -7.055 -6.695 -6.796 -6.919 -7.061 -7.201 -7.35 -6.791 -6.964 -7.136 -7.256 -7.367 -7.028 -7.17 -7.29 -7.389 -7.557 -7.579 -7.748 -7.939
0.4023 -6.567 -6.518 -6.593 -6.786 -6.928 -7.067 -6.706 -6.808 -6.931 -7.072 -7.213 -7.361 -6.803 -6.976 -7.147 -7.268 -7.379 -7.039 -7.182 -7.302 -7.401 -7.569 -7.591 -7.76 -7.95
0.412 -6.58 -6.531 -6.606 -6.799 -6.941 -7.08 -6.719 -6.821 -6.944 -7.085 -7.226 -7.374 -6.816 -6.989 -7.161 -7.281 -7.392 -7.052 -7.195 -7.315 -7.414 -7.582 -7.604 -7.773 -7.964
0.422 -6.593 -6.544 -6.619 -6.812 -6.954 -7.093 -6.733 -6.834 -6.957 -7.099 -7.239 -7.388 -6.829 -7.002 -7.174 -7.294 -7.405 -7.066 -7.208 -7.328 -7.427 -7.595 -7.617 -7.786 -7.977
0.4322 -6.607 -6.557 -6.632 -6.825 -6.967 -7.106 -6.746 -6.847 -6.97 -7.112 -7.252 -7.401 -6.842 -7.015 -7.187 -7.307 -7.418 -7.079 -7.221 -7.341 -7.44 -7.608 -7.63 -7.799 -7.99
0.4426 -6.62 -6.57 -6.645 -6.838 -6.98 -7.119 -6.759 -6.86 -6.983 -7.125 -7.265 -7.414 -6.855 -7.028 -7.2 -7.32 -7.431 -7.092 -7.234 -7.354 -7.453 -7.621 -7.643 -7.812 -8.003
0.4533 -6.633 -6.583 -6.658 -6.851 -6.993 -7.133 -6.772 -6.873 -6.996 -7.138 -7.278 -7.427 -6.868 -7.041 -7.213 -7.334 -7.444 -7.105 -7.247 -7.367 -7.466 -7.634 -7.656 -7.825 -8.016
0.4642 -6.646 -6.596 -6.671 -6.864 -7.007 -7.146 -6.785 -6.886 -7.009 -7.151 -7.291 -7.44 -6.881 -7.054 -7.226 -7.347 -7.457 -7.118 -7.26 -7.38 -7.479 -7.647 -7.669 -7.839 -8.029
0.4754 -6.659 -6.609 -6.684 -6.877 -7.02 -7.159 -6.798 -6.9 -7.022 -7.164 -7.304 -7.453 -6.895 -7.067 -7.239 -7.36 -7.47 -7.131 -7.273 -7.393 -7.492 -7.661 -7.682 -7.852 -8.042
0.4869 -6.672 -6.622 -6.697 -6.89 -7.033 -7.172 -6.811 -6.913 -7.035 -7.177 -7.317 -7.466 -6.908 -7.08 -7.252 -7.373 -7.483 -7.144 -7.286 -7.406 -7.505 -7.674 -7.695 -7.865 -8.055
0.4986 -6.685 -6.636 -6.71 -6.903 -7.046 -7.185 -6.824 -6.926 -7.048 -7.19 -7.33 -7.479 -6.921 -7.093 -7.265 -7.386 -7.496 -7.157 -7.3 -7.419 -7.518 -7.687 -7.708 -7.878 -8.068
0.5106 -6.699 -6.649 -6.724 -6.917 -7.059 -7.199 -6.838 -6.939 -7.062 -7.204 -7.344 -7.493 -6.934 -7.107 -7.279 -7.399 -7.51 -7.171 -7.313 -7.433 -7.532 -7.7 -7.722 -7.891 -8.082
0.523 -6.715 -6.666 -6.741 -6.934 -7.076 -7.215 -6.854 -6.956 -7.078 -7.22 -7.361 -7.509 -6.951 -7.124 -7.295 -7.416 -7.527 -7.187 -7.33 -7.45 -7.549 -7.717 -7.739 -7.908 -8.098
0.5356 -6.732 -6.682 -6.757 -6.95 -7.093 -7.232 -6.871 -6.973 -7.095 -7.237 -7.377 -7.526 -6.968 -7.14 -7.312 -7.433 -7.543 -7.204 -7.346 -7.466 -7.565 -7.734 -7.755 -7.925 -8.115
0.5485 -6.748 -6.699 -6.774 -6.967 -7.109 -7.248 -6.888 -6.989 -7.112 -7.254 -7.394 -7.543 -6.984 -7.157 -7.329 -7.449 -7.56 -7.221 -7.363 -7.483 -7.582 -7.75 -7.772 -7.941 -8.132
0.5617 -6.765 -6.716 -6.79 -6.983 -7.126 -7.265 -6.904 -7.006 -7.128 -7.27 -7.411 -7.559 -7.001 -7.173 -7.345 -7.466 -7.577 -7.237 -7.38 -7.5 -7.599 -7.767 -7.789 -7.958 -8.148
0.5753 -6.782 -6.732 -6.807 -7.0 -7.142 -7.282 -6.921 -7.022 -7.145 -7.287 -7.427 -7.576 -7.017 -7.19 -7.362 -7.483 -7.593 -7.254 -7.396 -7.516 -7.615 -7.783 -7.805 -7.974 -8.165
0.5891 -6.798 -6.749 -6.824 -7.017 -7.159 -7.298 -6.937 -7.039 -7.161 -7.303 -7.444 -7.592 -7.034 -7.207 -7.378 -7.499 -7.61 -7.27 -7.413 -7.533 -7.632 -7.8 -7.822 -7.991 -8.181
0.6034 -6.815 -6.766 -6.84 -7.033 -7.176 -7.315 -6.954 -7.056 -7.178 -7.32 -7.46 -7.609 -7.051 -7.223 -7.395 -7.516 -7.626 -7.287 -7.43 -7.549 -7.648 -7.817 -7.838 -8.008 -8.198
0.6179 -6.832 -6.782 -6.857 -7.05 -7.192 -7.331 -6.971 -7.072 -7.195 -7.337 -7.477 -7.626 -7.067 -7.24 -7.412 -7.532 -7.643 -7.304 -7.446 -7.566 -7.665 -7.833 -7.855 -8.024 -8.215
0.6328 -6.848 -6.799 -6.874 -7.067 -7.209 -7.348 -6.987 -7.089 -7.211 -7.353 -7.494 -7.642 -7.084 -7.256 -7.428 -7.549 -7.66 -7.32 -7.463 -7.583 -7.682 -7.85 -7.872 -8.041 -8.231
0.6481 -6.864 -6.814 -6.889 -7.082 -7.225 -7.364 -7.003 -7.105 -7.227 -7.369 -7.509 -7.658 -7.1 -7.272 -7.444 -7.565 -7.675 -7.336 -7.478 -7.598 -7.697 -7.866 -7.887 -8.057 -8.247
0.6637 -6.877 -6.828 -6.903 -7.096 -7.238 -7.377 -7.016 -7.118 -7.24 -7.382 -7.523 -7.671 -7.113 -7.285 -7.457 -7.578 -7.689 -7.349 -7.492 -7.612 -7.711 -7.879 -7.901 -8.07 -8.26
0.6797 -6.891 -6.841 -6.916 -7.109 -7.251 -7.39 -7.03 -7.131 -7.254 -7.396 -7.536 -7.685 -7.126 -7.299 -7.471 -7.591 -7.702 -7.363 -7.505 -7.625 -7.724 -7.892 -7.914 -8.083 -8.274
0.6961 -6.904 -6.854 -6.929 -7.122 -7.265 -7.404 -7.043 -7.145 -7.267 -7.409 -7.549 -7.698 -7.14 -7.312 -7.484 -7.605 -7.715 -7.376 -7.519 -7.638 -7.737 -7.906 -7.927 -8.097 -8.287
0.7129 -6.917 -6.868 -6.943 -7.136 -7.278 -7.417 -7.056 -7.158 -7.28 -7.422 -7.563 -7.711 -7.153 -7.326 -7.497 -7.618 -7.729 -7.389 -7.532 -7.652 -7.751 -7.919 -7.941 -8.11 -8.3
0.7301 -6.931 -6.881 -6.956 -7.149 -7.291 -7.431 -7.07 -7.171 -7.294 -7.436 -7.576 -7.725 -7.166 -7.339 -7.511 -7.632 -7.742 -7.403 -7.545 -7.665 -7.764 -7.932 -7.954 -8.123 -8.314
0.7477 -6.944 -6.895 -6.969 -7.162 -7.305 -7.444 -7.083 -7.185 -7.307 -7.449 -7.59 -7.738 -7.18 -7.352 -7.524 -7.645 -7.756 -7.416 -7.559 -7.678 -7.778 -7.946 -7.967 -8.137 -8.327
0.7658 -6.957 -6.908 -6.983 -7.176 -7.318 -7.457 -7.096 -7.198 -7.321 -7.462 -7.603 -7.752 -7.193 -7.366 -7.538 -7.658 -7.769 -7.429 -7.572 -7.692 -7.791 -7.959 -7.981 -8.15 -8.341
0.7842 -6.971 -6.921 -6.996 -7.189 -7.332 -7.471 -7.11 -7.212 -7.334 -7.476 -7.616 -7.765 -7.206 -7.379 -7.551 -7.672 -7.782 -7.443 -7.585 -7.705 -7.804 -7.973 -7.994 -8.164 -8.354
0.8032 -6.984 -6.935 -7.01 -7.203 -7.345 -7.484 -7.123 -7.225 -7.347 -7.489 -7.63 -7.778 -7.22 -7.392 -7.564 -7.685 -7.796 -7.456 -7.599 -7.719 -7.818 -7.986 -8.008 -8.177 -8.367
0.8225 -6.999 -6.949 -7.024 -7.217 -7.36 -7.499 -7.138 -7.24 -7.362 -7.504 -7.644 -7.793 -7.234 -7.407 -7.579 -7.7 -7.81 -7.471 -7.613 -7.733 -7.832 -8.001 -8.022 -8.192 -8.382
0.8424 -7.015 -6.965 -7.04 -7.233 -7.376 -7.515 -7.154 -7.256 -7.378 -7.52 -7.66 -7.809 -7.251 -7.423 -7.595 -7.716 -7.826 -7.487 -7.629 -7.749 -7.848 -8.017 -8.038 -8.208 -8.398
0.8627 -7.031 -6.982 -7.056 -7.249 -7.392 -7.531 -7.17 -7.272 -7.394 -7.536 -7.676 -7.825 -7.267 -7.439 -7.611 -7.732 -7.842 -7.503 -7.646 -7.765 -7.864 -8.033 -8.054 -8.224 -8.414
0.8835 -7.047 -6.998 -7.072 -7.265 -7.408 -7.547 -7.186 -7.288 -7.41 -7.552 -7.693 -7.841 -7.283 -7.455 -7.627 -7.748 -7.859 -7.519 -7.662 -7.782 -7.881 -8.049 -8.071 -8.24 -8.43
0.9048 -7.063 -7.014 -7.089 -7.282 -7.424 -7.563 -7.202 -7.304 -7.426 -7.568 -7.709 -7.857 -7.299 -7.471 -7.643 -7.764 -7.875 -7.535 -7.678 -7.798 -7.897 -8.065 -8.087 -8.256 -8.446
0.9266 -7.079 -7.03 -7.105 -7.298 -7.44 -7.579 -7.218 -7.32 -7.442 -7.584 -7.725 -7.873 -7.315 -7.488 -7.659 -7.78 -7.891 -7.551 -7.694 -7.814 -7.913 -8.081 -8.103 -8.272 -8.462
0.949 -7.095 -7.046 -7.121 -7.314 -7.456 -7.595 -7.234 -7.336 -7.459 -7.6 -7.741 -7.889 -7.331 -7.504 -7.676 -7.796 -7.907 -7.567 -7.71 -7.83 -7.929 -8.097 -8.119 -8.288 -8.478
0.9719 -7.111 -7.062 -7.137 -7.33 -7.472 -7.611 -7.251 -7.352 -7.475 -7.617 -7.757 -7.906 -7.347 -7.52 -7.692 -7.812 -7.923 -7.584 -7.726 -7.846 -7.945 -8.113 -8.135 -8.304 -8.495
0.9953 -7.128 -7.078 -7.153 -7.346 -7.488 -7.627 -7.267 -7.368 -7.491 -7.633 -7.773 -7.922 -7.363 -7.536 -7.708 -7.828 -7.939 -7.6 -7.742 -7.862 -7.961 -8.129 -8.151 -8.32 -8.511
1.0194 -7.144 -7.094 -7.169 -7.362 -7.504 -7.644 -7.283 -7.384 -7.507 -7.649 -7.789 -7.938 -7.379 -7.552 -7.724 -7.845 -7.955 -7.616 -7.758 -7.878 -7.977 -8.145 -8.167 -8.336 -8.527
1.0439 -7.158 -7.108 -7.183 -7.376 -7.518 -7.658 -7.297 -7.398 -7.521 -7.663 -7.803 -7.952 -7.393 -7.566 -7.738 -7.858 -7.969 -7.63 -7.772 -7.892 -7.991 -8.159 -8.181 -8.35 -8.541
1.0691 -7.17 -7.121 -7.196 -7.388 -7.531 -7.67 -7.309 -7.411 -7.533 -7.675 -7.816 -7.964 -7.406 -7.578 -7.75 -7.871 -7.982 -7.642 -7.785 -7.905 -8.004 -8.172 -8.194 -8.363 -8.553
1.0949 -7.183 -7.133 -7.208 -7.401 -7.543 -7.683 -7.322 -7.423 -7.546 -7.688 -7.828 -7.977 -7.418 -7.591 -7.763 -7.883 -7.994 -7.655 -7.797 -7.917 -8.016 -8.184 -8.206 -8.375 -8.566
1.1213 -7.195 -7.146 -7.221 -7.414 -7.556 -7.695 -7.334 -7.436 -7.558 -7.7 -7.841 -7.989 -7.431 -7.603 -7.775 -7.896 -8.007 -7.667 -7.81 -7.93 -8.029 -8.197 -8.219 -8.388 -8.578
1.1484 -7.208 -7.158 -7.233 -7.426 -7.568 -7.708 -7.347 -7.448 -7.571 -7.713 -7.853 -8.002 -7.443 -7.616 -7.788 -7.909 -8.019 -7.68 -7.822 -7.942 -8.041 -8.209 -8.231 -8.4 -8.591
1.1761 -7.22 -7.171 -7.246 -7.439 -7.581 -7.72 -7.359 -7.461 -7.583 -7.725 -7.866 -8.014 -7.456 -7.629 -7.8 -7.921 -8.032 -7.692 -7.835 -7.955 -8.054 -8.222 -8.244 -8.413 -8.603
1.2044 -7.233 -7.183 -7.258 -7.451 -7.593 -7.733 -7.372 -7.473 -7.596 -7.738 -7.878 -8.027 -7.468 -7.641 -7.813 -7.934 -8.044 -7.705 -7.847 -7.967 -8.066 -8.234 -8.256 -8.425 -8.616
1.2335 -7.245 -7.196 -7.271 -7.464 -7.606 -7.745 -7.384 -7.486 -7.608 -7.75 -7.891 -8.039 -7.481 -7.654 -7.825 -7.946 -8.057 -7.717 -7.86 -7.98 -8.079 -8.247 -8.269 -8.438 -8.628
1.2633 -7.258 -7.208 -7.283 -7.476 -7.619 -7.758 -7.397 -7.499 -7.621 -7.763 -7.903 -8.052 -7.493 -7.666 -7.838 -7.959 -8.069 -7.73 -7.872 -7.992 -8.091 -8.259 -8.281 -8.451 -8.641
1.2937 -7.27 -7.221 -7.296 -7.489 -7.631 -7.77 -7.409 -7.511 -7.633 -7.775 -7.916 -8.064 -7.506 -7.679 -7.85 -7.971 -8.082 -7.742 -7.885 -8.005 -8.104 -8.272 -8.294 -8.463 -8.653
1.3249 -7.279 -7.229 -7.304 -7.497 -7.64 -7.779 -7.418 -7.52 -7.642 -7.784 -7.924 -8.073 -7.515 -7.687 -7.859 -7.98 -8.09 -7.751 -7.893 -8.013 -8.112 -8.281 -8.302 -8.472 -8.662
1.3569 -7.286 -7.237 -7.311 -7.504 -7.647 -7.786 -7.425 -7.527 -7.649 -7.791 -7.932 -8.08 -7.522 -7.694 -7.866 -7.987 -8.098 -7.758 -7.901 -8.021 -8.12 -8.288 -8.31 -8.479 -8.669
1.3896 -7.293 -7.244 -7.319 -7.512 -7.654 -7.793 -7.432 -7.534 -7.656 -7.798 -7.939 -8.087 -7.529 -7.702 -7.873 -7.994 -8.105 -7.765 -7.908 -8.028 -8.127 -8.295 -8.317 -8.486 -8.676
1.4232 -7.301 -7.251 -7.326 -7.519 -7.661 -7.8 -7.44 -7.541 -7.664 -7.806 -7.946 -8.095 -7.536 -7.709 -7.881 -8.001 -8.112 -7.773 -7.915 -8.035 -8.134 -8.302 -8.324 -8.493 -8.684
1.4575 -7.308 -7.258 -7.333 -7.526 -7.668 -7.808 -7.447 -7.548 -7.671 -7.813 -7.953 -8.102 -7.543 -7.716 -7.888 -8.009 -8.119 -7.78 -7.922 -8.042 -8.141 -8.309 -8.331 -8.5 -8.691
1.4927 -7.315 -7.265 -7.34 -7.533 -7.676 -7.815 -7.454 -7.556 -7.678 -7.82 -7.96 -8.109 -7.551 -7.723 -7.895 -8.016 -8.126 -7.787 -7.93 -8.049 -8.148 -8.317 -8.338 -8.508 -8.698
1.5287 -7.322 -7.273 -7.348 -7.541 -7.683 -7.822 -7.461 -7.563 -7.685 -7.827 -7.968 -8.116 -7.558 -7.73 -7.902 -8.023 -8.134 -7.794 -7.937 -8.057 -8.156 -8.324 -8.346 -8.515 -8.705
1.5655 -7.329 -7.28 -7.355 -7.548 -7.69 -7.829 -7.468 -7.57 -7.693 -7.834 -7.975 -8.123 -7.565 -7.738 -7.91 -8.03 -8.141 -7.801 -7.944 -8.064 -8.163 -8.331 -8.353 -8.522 -8.712
1.6033 -7.337 -7.287 -7.362 -7.555 -7.697 -7.836 -7.476 -7.577 -7.7 -7.842 -7.982 -8.131 -7.572 -7.745 -7.917 -8.037 -8.148 -7.809 -7.951 -8.071 -8.17 -8.338 -8.36 -8.529 -8.72
1.642 -7.344 -7.294 -7.369 -7.562 -7.705 -7.844 -7.483 -7.585 -7.707 -7.849 -7.989 -8.138 -7.579 -7.752 -7.924 -8.045 -8.155 -7.816 -7.958 -8.078 -8.177 -8.346 -8.367 -8.537 -8.727
1.6816 -7.355 -7.306 -7.381 -7.574 -7.716 -7.855 -7.495 -7.596 -7.719 -7.86 -8.001 -8.15 -7.591 -7.764 -7.936 -8.056 -8.167 -7.827 -7.97 -8.09 -8.189 -8.357 -8.379 -8.548 -8.739
1.7222 -7.368 -7.318 -7.393 -7.586 -7.728 -7.868 -7.507 -7.608 -7.731 -7.873 -8.013 -8.162 -7.603 -7.776 -7.948 -8.069 -8.179 -7.84 -7.982 -8.102 -8.201 -8.369 -8.391 -8.56 -8.751
1.7637 -7.38 -7.33 -7.405 -7.598 -7.741 -7.88 -7.519 -7.621 -7.743 -7.885 -8.025 -8.174 -7.616 -7.788 -7.96 -8.081 -8.191 -7.852 -7.995 -8.114 -8.213 -8.382 -8.403 -8.573 -8.763
1.8062 -7.392 -7.343 -7.418 -7.611 -7.753 -7.892 -7.531 -7.633 -7.755 -7.897 -8.038 -8.186 -7.628 -7.8 -7.972 -8.093 -8.204 -7.864 -8.007 -8.127 -8.226 -8.394 -8.416 -8.585 -8.775
1.8498 -7.404 -7.355 -7.43 -7.623 -7.765 -7.904 -7.544 -7.645 -7.768 -7.909 -8.05 -8.199 -7.64 -7.813 -7.985 -8.105 -8.216 -7.876 -8.019 -8.139 -8.238 -8.406 -8.428 -8.597 -8.788
1.8944 -7.417 -7.367 -7.442 -7.635 -7.777 -7.917 -7.556 -7.657 -7.78 -7.922 -8.062 -8.211 -7.652 -7.825 -7.997 -8.118 -8.228 -7.889 -8.031 -8.151 -8.25 -8.418 -8.44 -8.609 -8.8
1.9401 -7.429 -7.379 -7.454 -7.647 -7.79 -7.929 -7.568 -7.67 -7.792 -7.934 -8.074 -8.223 -7.665 -7.837 -8.009 -8.13 -8.24 -7.901 -8.044 -8.163 -8.262 -8.431 -8.452 -8.622 -8.812
1.9869 -7.441 -7.392 -7.467 -7.66 -7.802 -7.941 -7.58 -7.682 -7.804 -7.946 -8.087 -8.235 -7.677 -7.849 -8.021 -8.142 -8.253 -7.913 -8.056 -8.176 -8.275 -8.443 -8.465 -8.634 -8.824
2.0349 -7.453 -7.404 -7.479 -7.672 -7.814 -7.953 -7.593 -7.694 -7.817 -7.958 -8.099 -8.248 -7.689 -7.862 -8.034 -8.154 -8.265 -7.925 -8.068 -8.188 -8.287 -8.455 -8.477 -8.646 -8.837
2.084 -7.466 -7.416 -7.491 -7.684 -7.826 -7.965 -7.605 -7.706 -7.829 -7.971 -8.111 -8.26 -7.701 -7.874 -8.046 -8.166 -8.277 -7.938 -8.08 -8.2 -8.299 -8.467 -8.489 -8.658 -8.849
2.1342 -7.473 -7.423 -7.498 -7.691 -7.833 -7.973 -7.612 -7.713 -7.836 -7.978 -8.118 -8.267 -7.708 -7.881 -8.053 -8.174 -8.284 -7.945 -8.087 -8.207 -8.306 -8.474 -8.496 -8.665 -8.856
2.1857 -7.48 -7.43 -7.505 -7.698 -7.841 -7.98 -7.619 -7.721 -7.843 -7.985 -8.125 -8.274 -7.715 -7.888 -8.06 -8.181 -8.291 -7.952 -8.094 -8.214 -8.313 -8.482 -8.503 -8.673 -8.863
2.2384 -7.487 -7.437 -7.512 -7.705 -7.848 -7.987 -7.626 -7.728 -7.85 -7.992 -8.132 -8.281 -7.723 -7.895 -8.067 -8.188 -8.298 -7.959 -8.102 -8.221 -8.32 -8.489 -8.51 -8.68 -8.87
2.2924 -7.494 -7.445 -7.519 -7.712 -7.855 -7.994 -7.633 -7.735 -7.857 -7.999 -8.14 -8.288 -7.73 -7.902 -8.074 -8.195 -8.306 -7.966 -8.109 -8.228 -8.327 -8.496 -8.517 -8.687 -8.877
2.3477 -7.501 -7.452 -7.527 -7.72 -7.862 -8.001 -7.64 -7.742 -7.864 -8.006 -8.147 -8.295 -7.737 -7.909 -8.081 -8.202 -8.313 -7.973 -8.116 -8.236 -8.335 -8.503 -8.525 -8.694 -8.884
2.4044 -7.508 -7.459 -7.534 -7.727 -7.869 -8.008 -7.647 -7.749 -7.871 -8.013 -8.154 -8.302 -7.744 -7.917 -8.088 -8.209 -8.32 -7.98 -8.123 -8.243 -8.342 -8.51 -8.532 -8.701 -8.891
2.4624 -7.515 -7.466 -7.541 -7.734 -7.876 -8.015 -7.654 -7.756 -7.879 -8.02 -8.161 -8.309 -7.751 -7.924 -8.096 -8.216 -8.327 -7.987 -8.13 -8.25 -8.349 -8.517 -8.539 -8.708 -8.899
2.5218 -7.523 -7.473 -7.548 -7.741 -7.883 -8.022 -7.662 -7.763 -7.886 -8.028 -8.168 -8.317 -7.758 -7.931 -8.103 -8.223 -8.334 -7.995 -8.137 -8.257 -8.356 -8.524 -8.546 -8.715 -8.906
2.5826 -7.53 -7.48 -7.555 -7.748 -7.89 -8.03 -7.669 -7.77 -7.893 -8.035 -8.175 -8.324 -7.765 -7.938 -8.11 -8.23 -8.341 -8.002 -8.144 -8.264 -8.363 -8.531 -8.553 -8.722 -8.913
2.6449 -7.536 -7.487 -7.561 -7.754 -7.897 -8.036 -7.675 -7.777 -7.899 -8.041 -8.182 -8.33 -7.772 -7.944 -8.116 -8.237 -8.347 -8.008 -8.151 -8.27 -8.369 -8.538 -8.559 -8.729 -8.919
2.7087 -7.539 -7.489 -7.564 -7.757 -7.899 -8.038 -7.678 -7.779 -7.902 -8.044 -8.184 -8.333 -7.774 -7.947 -8.119 -8.239 -8.35 -8.011 -8.153 -8.273 -8.372 -8.54 -8.562 -8.731 -8.922
2.7741 -7.541 -7.492 -7.566 -7.759 -7.902 -8.041 -7.68 -7.782 -7.904 -8.046 -8.187 -8.335 -7.777 -7.949 -8.121 -8.242 -8.353 -8.013 -8.156 -8.276 -8.375 -8.543 -8.565 -8.734 -8.924
2.841 -7.544 -7.494 -7.569 -7.762 -7.904 -8.044 -7.683 -7.784 -7.907 -8.049 -8.189 -8.338 -7.779 -7.952 -8.124 -8.244 -8.355 -8.016 -8.158 -8.278 -8.377 -8.545 -8.567 -8.736 -8.927
2.9095 -7.546 -7.497 -7.572 -7.765 -7.907 -8.046 -7.685 -7.787 -7.909 -8.051 -8.192 -8.34 -7.782 -7.954 -8.126 -8.247 -8.358 -8.018 -8.161 -8.281 -8.38 -8.548 -8.57 -8.739 -8.929
2.9797 -7.549 -7.499 -7.574 -7.767 -7.91 -8.049 -7.688 -7.789 -7.912 -8.054 -8.194 -8.343 -7.784 -7.957 -8.129 -8.25 -8.36 -8.021 -8.163 -8.283 -8.382 -8.55 -8.572 -8.742 -8.932
3.0516 -7.551 -7.502 -7.577 -7.77 -7.912 -8.051 -7.69 -7.792 -7.914 -8.056 -8.197 -8.345 -7.787 -7.96 -8.131 -8.252 -8.363 -8.023 -8.166 -8.286 -8.385 -8.553 -8.575 -8.744 -8.934
3.1252 -7.554 -7.504 -7.579 -7.772 -7.915 -8.054 -7.693 -7.795 -7.917 -8.059 -8.199 -8.348 -7.79 -7.962 -8.134 -8.255 -8.365 -8.026 -8.168 -8.288 -8.387 -8.556 -8.577 -8.747 -8.937
3.2006 -7.556 -7.507 -7.582 -7.775 -7.917 -8.056 -7.695 -7.797 -7.92 -8.061 -8.202 -8.35 -7.792 -7.965 -8.137 -8.257 -8.368 -8.028 -8.171 -8.291 -8.39 -8.558 -8.58 -8.749 -8.94
3.2778 -7.559 -7.51 -7.584 -7.777 -7.92 -8.059 -7.698 -7.8 -7.922 -8.064 -8.204 -8.353 -7.795 -7.967 -8.139 -8.26 -8.37 -8.031 -8.174 -8.293 -8.392 -8.561 -8.582 -8.752 -8.942
3.3569 -7.57 -7.521 -7.595 -7.788 -7.931 -8.07 -7.709 -7.811 -7.933 -8.075 -8.216 -8.364 -7.806 -7.978 -8.15 -8.271 -8.382 -8.042 -8.185 -8.305 -8.404 -8.572 -8.594 -8.763 -8.953
3.4378 -7.6 -7.551 -7.625 -7.818 -7.961 -8.1 -7.739 -7.841 -7.963 -8.105 -8.246 -8.394 -7.836 -8.008 -8.18 -8.301 -8.412 -8.072 -8.215 -8.334 -8.434 -8.602 -8.623 -8.793 -8.983
3.5208 -7.63 -7.581 -7.655 -7.848 -7.991 -8.13 -7.769 -7.871 -7.993 -8.135 -8.276 -8.424 -7.866 -8.038 -8.21 -8.331 -8.441 -8.102 -8.245 -8.364 -8.463 -8.632 -8.653 -8.823 -9.013
3.6057 -7.66 -7.61 -7.685 -7.878 -8.021 -8.16 -7.799 -7.901 -8.023 -8.165 -8.305 -8.454 -7.896 -8.068 -8.24 -8.361 -8.471 -8.132 -8.275 -8.394 -8.493 -8.662 -8.683 -8.853 -9.043
3.6927 -7.69 -7.64 -7.715 -7.908 -8.051 -8.19 -7.829 -7.931 -8.053 -8.195 -8.335 -8.484 -7.926 -8.098 -8.27 -8.391 -8.501 -8.162 -8.305 -8.424 -8.523 -8.692 -8.713 -8.883 -9.073
3.7818 -7.72 -7.67 -7.745 -7.938 -8.081 -8.22 -7.859 -7.961 -8.083 -8.225 -8.365 -8.514 -7.956 -8.128 -8.3 -8.421 -8.531 -8.192 -8.334 -8.454 -8.553 -8.722 -8.743 -8.913 -9.103
3.873 -7.75 -7.7 -7.775 -7.968 -8.111 -8.25 -7.889 -7.991 -8.113 -8.255 -8.395 -8.544 -7.985 -8.158 -8.33 -8.451 -8.561 -8.222 -8.364 -8.484 -8.583 -8.752 -8.773 -8.943 -9.133
3.9664 -7.78 -7.73 -7.805 -7.998 -8.141 -8.28 -7.919 -8.02 -8.143 -8.285 -8.425 -8.574 -8.015 -8.188 -8.36 -8.481 -8.591 -8.252 -8.394 -8.514 -8.613 -8.781 -8.803 -8.972 -9.163
4.0621 -7.81 -7.76 -7.835 -8.028 -8.17 -8.31 -7.949 -8.05 -8.173 -8.315 -8.455 -8.604 -8.045 -8.218 -8.39 -8.511 -8.621 -8.282 -8.424 -8.544 -8.643 -8.811 -8.833 -9.002 -9.193
4.1601 -7.84 -7.79 -7.865 -8.058 -8.2 -8.34 -7.979 -8.08 -8.203 -8.345 -8.485 -8.634 -8.075 -8.248 -8.42 -8.54 -8.651 -8.312 -8.454 -8.574 -8.673 -8.841 -8.863 -9.032 -9.223
4.2604 -7.856 -7.806 -7.881 -8.074 -8.216 -8.356 -7.995 -8.096 -8.219 -8.361 -8.501 -8.65 -8.091 -8.264 -8.436 -8.557 -8.667 -8.328 -8.47 -8.59 -8.689 -8.857 -8.879 -9.048 -9.239
4.3632 -7.855 -7.806 -7.881 -8.073 -8.216 -8.355 -7.994 -8.096 -8.218 -8.36 -8.501 -8.649 -8.091 -8.263 -8.435 -8.556 -8.667 -8.327 -8.47 -8.59 -8.689 -8.857 -8.879 -9.048 -9.238
4.4685 -7.855 -7.805 -7.88 -8.073 -8.215 -8.354 -7.994 -8.095 -8.218 -8.36 -8.5 -8.649 -8.09 -8.263 -8.435 -8.555 -8.666 -8.327 -8.469 -8.589 -8.688 -8.856 -8.878 -9.047 -9.238
4.5763 -7.854 -7.805 -7.879 -8.072 -8.215 -8.354 -7.993 -8.095 -8.217 -8.359 -8.5 -8.648 -8.09 -8.262 -8.434 -8.555 -8.666 -8.326 -8.469 -8.588 -8.688 -8.856 -8.877 -9.047 -9.237
4.6867 -7.854 -7.804 -7.879 -8.072 -8.214 -8.353 -7.993 -8.094 -8.217 -8.359 -8.499 -8.648 -8.089 -8.262 -8.434 -8.554 -8.665 -8.326 -8.468 -8.588 -8.687 -8.855 -8.877 -9.046 -9.237
4.7997 -7.853 -7.804 -7.878 -8.071 -8.214 -8.353 -7.992 -8.094 -8.216 -8.358 -8.498 -8.647 -8.089 -8.261 -8.433 -8.554 -8.664 -8.325 -8.468 -8.587 -8.686 -8.855 -8.876 -9.046 -9.236
4.9155 -7.852 -7.803 -7.878 -8.071 -8.213 -8.352 -7.991 -8.093 -8.216 -8.357 -8.498 -8.647 -8.088 -8.261 -8.433 -8.553 -8.664 -8.324 -8.467 -8.587 -8.686 -8.854 -8.876 -9.045 -9.236
5.0341 -7.852 -7.802 -7.877 -8.07 -8.213 -8.352 -7.991 -8.093 -8.215 -8.357 -8.497 -8.646 -8.088 -8.26 -8.432 -8.553 -8.663 -8.324 -8.466 -8.586 -8.685 -8.854 -8.875 -9.045 -9.235
5.1555 -7.851 -7.802 -7.877 -8.07 -8.212 -8.351 -7.99 -8.092 -8.215 -8.356 -8.497 -8.645 -8.087 -8.26 -8.431 -8.552 -8.663 -8.323 -8.466 -8.586 -8.685 -8.853 -8.875 -9.044 -9.234
5.2799 -7.851 -7.801 -7.876 -8.069 -8.212 -8.351 -7.99 -8.092 -8.214 -8.356 -8.496 -8.645 -8.087 -8.259 -8.431 -8.552 -8.662 -8.323 -8.465 -8.585 -8.684 -8.853 -8.874 -9.044 -9.234
5.4072 -7.849 -7.8 -7.875 -8.068 -8.21 -8.349 -7.988 -8.09 -8.212 -8.354 -8.495 -8.643 -8.085 -8.257 -8.429 -8.55 -8.661 -8.321 -8.464 -8.584 -8.683 -8.851 -8.873 -9.042 -9.232
5.5377 -7.847 -7.797 -7.872 -8.065 -8.208 -8.347 -7.986 -8.088 -8.21 -8.352 -8.492 -8.641 -8.083 -8.255 -8.427 -8.548 -8.658 -8.319 -8.461 -8.581 -8.68 -8.849 -8.87 -9.04 -9.23
5.6713 -7.844 -7.795 -7.87 -8.063 -8.205 -8.344 -7.984 -8.085 -8.208 -8.35 -8.49 -8.639 -8.08 -8.253 -8.425 -8.545 -8.656 -8.317 -8.459 -8.579 -8.678 -8.846 -8.868 -9.037 -9.228
5.8081 -7.842 -7.793 -7.868 -8.06 -8.203 -8.342 -7.981 -8.083 -8.205 -8.347 -8.488 -8.636 -8.078 -8.25 -8.422 -8.543 -8.654 -8.314 -8.457 -8.577 -8.676 -8.844 -8.866 -9.035 -9.225
5.9482 -7.84 -7.79 -7.865 -8.058 -8.201 -8.34 -7.979 -8.081 -8.203 -8.345 -8.485 -8.634 -8.076 -8.248 -8.42 -8.541 -8.651 -8.312 -8.454 -8.574 -8.673 -8.842 -8.863 -9.033 -9.223
6.0917 -7.837 -7.788 -7.863 -8.056 -8.198 -8.337 -7.977 -8.078 -8.201 -8.342 -8.483 -8.632 -8.073 -8.246 -8.418 -8.538 -8.649 -8.31 -8.452 -8.572 -8.671 -8.839 -8.861 -9.03 -9.221
6.2386 -7.835 -7.786 -7.861 -8.053 -8.196 -8.335 -7.974 -8.076 -8.198 -8.34 -8.481 -8.629 -8.071 -8.243 -8.415 -8.536 -8.647 -8.307 -8.45 -8.57 -8.669 -8.837 -8.859 -9.028 -9.218
6.3891 -7.833 -7.783 -7.858 -8.051 -8.194 -8.333 -7.972 -8.074 -8.196 -8.338 -8.478 -8.627 -8.068 -8.241 -8.413 -8.534 -8.644 -8.305 -8.447 -8.567 -8.666 -8.835 -8.856 -9.026 -9.216
6.5433 -7.83 -7.781 -7.856 -8.049 -8.191 -8.33 -7.97 -8.071 -8.194 -8.335 -8.476 -8.625 -8.066 -8.239 -8.411 -8.531 -8.642 -8.302 -8.445 -8.565 -8.664 -8.832 -8.854 -9.023 -9.214
6.7011 -7.828 -7.779 -7.853 -8.046 -8.189 -8.328 -7.967 -8.069 -8.191 -8.333 -8.474 -8.622 -8.064 -8.236 -8.408 -8.529 -8.64 -8.3 -8.443 -8.563 -8.662 -8.83 -8.852 -9.021 -9.211
6.8627 -7.829 -7.779 -7.854 -8.047 -8.19 -8.329 -7.968 -8.069 -8.192 -8.334 -8.474 -8.623 -8.064 -8.237 -8.409 -8.53 -8.64 -8.301 -8.443 -8.563 -8.662 -8.83 -8.852 -9.022 -9.212
7.0283 -7.83 -7.781 -7.856 -8.049 -8.191 -8.33 -7.97 -8.071 -8.194 -8.336 -8.476 -8.625 -8.066 -8.239 -8.411 -8.531 -8.642 -8.303 -8.445 -8.565 -8.664 -8.832 -8.854 -9.023 -9.214
7.1978 -7.832 -7.783 -7.858 -8.051 -8.193 -8.332 -7.971 -8.073 -8.195 -8.337 -8.478 -8.626 -8.068 -8.24 -8.412 -8.533 -8.644 -8.304 -8.447 -8.567 -8.666 -8.834 -8.856 -9.025 -9.215
7.3715 -7.834 -7.784 -7.859 -8.052 -8.195 -8.334 -7.973 -8.075 -8.197 -8.339 -8.479 -8.628 -8.07 -8.242 -8.414 -8.535 -8.645 -8.306 -8.449 -8.568 -8.667 -8.836 -8.857 -9.027 -9.217
7.5493 -7.836 -7.786 -7.861 -8.054 -8.196 -8.336 -7.975 -8.076 -8.199 -8.341 -8.481 -8.63 -8.071 -8.244 -8.416 -8.536 -8.647 -8.308 -8.45 -8.57 -8.669 -8.837 -8.859 -9.028 -9.219
7.7314 -7.837 -7.788 -7.863 -8.056 -8.198 -8.337 -7.976 -8.078 -8.201 -8.342 -8.483 -8.631 -8.073 -8.246 -8.418 -8.538 -8.649 -8.309 -8.452 -8.572 -8.671 -8.839 -8.861 -9.03 -9.22
7.9179 -7.839 -7.79 -7.864 -8.057 -8.2 -8.339 -7.978 -8.08 -8.202 -8.344 -8.485 -8.633 -8.075 -8.247 -8.419 -8.54 -8.651 -8.311 -8.454 -8.574 -8.673 -8.841 -8.863 -9.032 -9.222
8.1089 -7.841 -7.791 -7.866 -8.059 -8.202 -8.341 -7.98 -8.082 -8.204 -8.346 -8.486 -8.635 -8.077 -8.249 -8.421 -8.542 -8.652 -8.313 -8.455 -8.575 -8.674 -8.843 -8.864 -9.034 -9.224
8.3045 -7.843 -7.793 -7.868 -8.061 -8.203 -8.342 -7.982 -8.083 -8.206 -8.348 -8.488 -8.637 -8.078 -8.251 -8.423 -8.543 -8.654 -8.315 -8.457 -8.577 -8.676 -8.844 -8.866 -9.035 -9.226
8.5049 -7.844 -7.795 -7.87 -8.063 -8.205 -8.344 -7.983 -8.085 -8.207 -8.349 -8.49 -8.638 -8.08 -8.253 -8.424 -8.545 -8.656 -8.316 -8.459 -8.579 -8.678 -8.846 -8.868 -9.037 -9.227
8.71 -7.81 -7.76 -7.835 -8.028 -8.17 -8.31 -7.949 -8.05 -8.173 -8.315 -8.455 -8.604 -8.045 -8.218 -8.39 -8.51 -8.621 -8.282 -8.424 -8.544 -8.643 -8.811 -8.833 -9.002 -9.193
8.9201 -7.77 -7.721 -7.796 -7.989 -8.131 -8.27 -7.909 -8.011 -8.133 -8.275 -8.416 -8.564 -8.006 -8.179 -8.35 -8.471 -8.582 -8.242 -8.385 -8.505 -8.604 -8.772 -8.794 -8.963 -9.153
9.1353 -7.731 -7.682 -7.756 -7.949 -8.092 -8.231 -7.87 -7.972 -8.094 -8.236 -8.376 -8.525 -7.967 -8.139 -8.311 -8.432 -8.542 -8.203 -8.346 -8.465 -8.564 -8.733 -8.754 -8.924 -9.114
9.3557 -7.692 -7.642 -7.717 -7.91 -8.052 -8.192 -7.831 -7.932 -8.055 -8.197 -8.337 -8.486 -7.927 -8.1 -8.272 -8.392 -8.503 -8.164 -8.306 -8.426 -8.525 -8.693 -8.715 -8.884 -9.075
9.5814 -7.652 -7.603 -7.678 -7.871 -8.013 -8.152 -7.791 -7.893 -8.016 -8.157 -8.298 -8.446 -7.888 -8.061 -8.232 -8.353 -8.464 -8.124 -8.267 -8.387 -8.486 -8.654 -8.676 -8.845 -9.035
9.8125 -7.613 -7.564 -7.638 -7.831 -7.974 -8.113 -7.752 -7.854 -7.976 -8.118 -8.259 -8.407 -7.849 -8.021 -8.193 -8.314 -8.424 -8.085 -8.228 -8.347 -8.446 -8.615 -8.636 -8.806 -8.996
10.0492 -7.574 -7.524 -7.599 -7.792 -7.934 -8.074 -7.713 -7.814 -7.937 -8.079 -8.219 -8.368 -7.809 -7.982 -8.154 -8.275 -8.385 -8.046 -8.188 -8.308 -8.407 -8.575 -8.597 -8.766 -8.957
10.2917 -7.534 -7.485 -7.56 -7.753 -7.895 -8.034 -7.673 -7.775 -7.898 -8.039 -8.18 -8.328 -7.77 -7.943 -8.115 -8.235 -8.346 -8.006 -8.149 -8.269 -8.368 -8.536 -8.558 -8.727 -8.917
10.5399 -7.495 -7.446 -7.52 -7.713 -7.856 -7.995 -7.634 -7.736 -7.858 -8.0 -8.141 -8.289 -7.731 -7.903 -8.075 -8.196 -8.307 -7.967 -8.11 -8.229 -8.329 -8.497 -8.518 -8.688 -8.878
10.7942 -7.455 -7.406 -7.48 -7.673 -7.816 -7.955 -7.594 -7.696 -7.818 -7.96 -8.101 -8.249 -7.691 -7.863 -8.035 -8.156 -8.267 -7.927 -8.07 -8.189 -8.289 -8.457 -8.478 -8.648 -8.838
11.0546 -7.392 -7.343 -7.418 -7.611 -7.753 -7.892 -7.531 -7.633 -7.756 -7.897 -8.038 -8.186 -7.628 -7.801 -7.973 -8.093 -8.204 -7.864 -8.007 -8.127 -8.226 -8.394 -8.416 -8.585 -8.775
11.3212 -7.33 -7.28 -7.355 -7.548 -7.69 -7.83 -7.469 -7.57 -7.693 -7.835 -7.975 -8.124 -7.565 -7.738 -7.91 -8.031 -8.141 -7.802 -7.944 -8.064 -8.163 -8.331 -8.353 -8.522 -8.713
11.5943 -7.267 -7.218 -7.292 -7.485 -7.628 -7.767 -7.406 -7.508 -7.63 -7.772 -7.913 -8.061 -7.503 -7.675 -7.847 -7.968 -8.079 -7.739 -7.882 -8.001 -8.1 -8.269 -8.29 -8.46 -8.65
11.874 -7.204 -7.155 -7.23 -7.423 -7.565 -7.704 -7.343 -7.445 -7.568 -7.709 -7.85 -7.998 -7.44 -7.613 -7.784 -7.905 -8.016 -7.676 -7.819 -7.939 -8.038 -8.206 -8.228 -8.397 -8.587
12.1605 -7.142 -7.092 -7.167 -7.36 -7.502 -7.642 -7.281 -7.382 -7.505 -7.647 -7.787 -7.936 -7.377 -7.55 -7.722 -7.843 -7.953 -7.614 -7.756 -7.876 -7.975 -8.143 -8.165 -8.334 -8.525
12.4538 -7.079 -7.03 -7.104 -7.297 -7.44 -7.579 -7.218 -7.32 -7.442 -7.584 -7.725 -7.873 -7.315 -7.487 -7.659 -7.78 -7.89 -7.551 -7.694 -7.813 -7.912 -8.081 -8.102 -8.272 -8.462
12.7542 -7.016 -6.967 -7.042 -7.235 -7.377 -7.516 -7.155 -7.257 -7.379 -7.521 -7.662 -7.81 -7.252 -7.425 -7.596 -7.717 -7.828 -7.488 -7.631 -7.751 -7.85 -8.018 -8.04 -8.209 -8.399
13.0619 -6.954 -6.904 -6.979 -7.172 -7.314 -7.454 -7.093 -7.194 -7.317 -7.459 -7.599 -7.748 -7.189 -7.362 -7.534 -7.654 -7.765 -7.426 -7.568 -7.688 -7.787 -7.955 -7.977 -8.146 -8.337
13.377 -6.891 -6.842 -6.916 -7.109 -7.252 -7.391 -7.03 -7.132 -7.254 -7.396 -7.537 -7.685 -7.127 -7.299 -7.471 -7.592 -7.702 -7.363 -7.506 -7.625 -7.724 -7.893 -7.914 -8.084 -8.274
13.6997 -6.827 -6.777 -6.852 -7.045 -7.188 -7.327 -6.966 -7.067 -7.19 -7.332 -7.472 -7.621 -7.062 -7.235 -7.407 -7.528 -7.638 -7.299 -7.441 -7.561 -7.66 -7.828 -7.85 -8.02 -8.21
14.0302 -6.755 -6.706 -6.78 -6.973 -7.116 -7.255 -6.894 -6.996 -7.118 -7.26 -7.401 -7.549 -6.991 -7.163 -7.335 -7.456 -7.566 -7.227 -7.37 -7.489 -7.588 -7.757 -7.778 -7.948 -8.138
14.3686 -6.683 -6.634 -6.709 -6.902 -7.044 -7.183 -6.822 -6.924 -7.046 -7.188 -7.329 -7.477 -6.919 -7.092 -7.263 -7.384 -7.495 -7.155 -7.298 -7.418 -7.517 -7.685 -7.707 -7.876 -8.066
14.7153 -6.612 -6.562 -6.637 -6.83 -6.972 -7.111 -6.751 -6.852 -6.975 -7.117 -7.257 -7.406 -6.847 -7.02 -7.192 -7.312 -7.423 -7.084 -7.226 -7.346 -7.445 -7.613 -7.635 -7.804 -7.995
15.0702 -6.54 -6.49 -6.565 -6.758 -6.901 -7.04 -6.679 -6.781 -6.903 -7.045 -7.185 -7.334 -6.776 -6.948 -7.12 -7.241 -7.351 -7.012 -7.154 -7.274 -7.373 -7.542 -7.563 -7.733 -7.923
15.4338 -6.468 -6.419 -6.493 -6.686 -6.829 -6.968 -6.607 -6.709 -6.831 -6.973 -7.114 -7.262 -6.704 -6.876 -7.048 -7.169 -7.28 -6.94 -7.083 -7.203 -7.302 -7.47 -7.492 -7.661 -7.851
15.8061 -6.396 -6.347 -6.422 -6.615 -6.757 -6.896 -6.535 -6.637 -6.76 -6.901 -7.042 -7.19 -6.632 -6.805 -6.976 -7.097 -7.208 -6.868 -7.011 -7.131 -7.23 -7.398 -7.42 -7.589 -7.779
16.1874 -6.325 -6.275 -6.35 -6.543 -6.685 -6.825 -6.464 -6.565 -6.688 -6.83 -6.97 -7.119 -6.56 -6.733 -6.905 -7.025 -7.136 -6.797 -6.939 -7.059 -7.158 -7.326 -7.348 -7.517 -7.708
16.5779 -6.253 -6.203 -6.278 -6.471 -6.614 -6.753 -6.392 -6.494 -6.616 -6.758 -6.898 -7.047 -6.489 -6.661 -6.833 -6.954 -7.064 -6.725 -6.868 -6.987 -7.086 -7.255 -7.276 -7.446 -7.636
16.9778 -6.181 -6.132 -6.207 -6.4 -6.542 -6.681 -6.32 -6.422 -6.544 -6.686 -6.827 -6.975 -6.417 -6.589 -6.761 -6.882 -6.993 -6.653 -6.796 -6.916 -7.015 -7.183 -7.205 -7.374 -7.564
17.3873 -6.109 -6.06 -6.135 -6.328 -6.47 -6.609 -6.248 -6.35 -6.472 -6.614 -6.755 -6.903 -6.345 -6.517 -6.689 -6.81 -6.921 -6.581 -6.724 -6.844 -6.943 -7.111 -7.133 -7.302 -7.492
17.8068 -6.037 -5.987 -6.062 -6.255 -6.397 -6.537 -6.176 -6.277 -6.4 -6.542 -6.682 -6.831 -6.272 -6.445 -6.617 -6.737 -6.848 -6.509 -6.651 -6.771 -6.87 -7.038 -7.06 -7.229 -7.42
18.2363 -5.964 -5.915 -5.99 -6.182 -6.325 -6.464 -6.103 -6.205 -6.327 -6.469 -6.61 -6.758 -6.2 -6.372 -6.544 -6.665 -6.776 -6.436 -6.579 -6.699 -6.798 -6.966 -6.988 -7.157 -7.347
18.6762 -5.892 -5.842 -5.917 -6.11 -6.252 -6.391 -6.031 -6.132 -6.255 -6.397 -6.537 -6.686 -6.127 -6.3 -6.472 -6.592 -6.703 -6.364 -6.506 -6.626 -6.725 -6.893 -6.915 -7.084 -7.275
19.1268 -5.819 -5.77 -5.844 -6.037 -6.18 -6.319 -5.958 -6.06 -6.182 -6.324 -6.465 -6.613 -6.055 -6.227 -6.399 -6.52 -6.631 -6.291 -6.434 -6.554 -6.653 -6.821 -6.842 -7.012 -7.202
19.5882 -5.747 -5.697 -5.772 -5.965 -6.107 -6.246 -5.886 -5.987 -6.11 -6.252 -6.392 -6.541 -5.982 -6.155 -6.327 -6.447 -6.558 -6.219 -6.361 -6.481 -6.58 -6.748 -6.77 -6.939 -7.13
20.0607 -5.674 -5.625 -5.699 -5.892 -6.035 -6.174 -5.813 -5.915 -6.037 -6.179 -6.32 -6.468 -5.91 -6.082 -6.254 -6.375 -6.485 -6.146 -6.289 -6.408 -6.507 -6.676 -6.697 -6.867 -7.057
20.5446 -5.601 -5.552 -5.627 -5.82 -5.962 -6.101 -5.741 -5.842 -5.965 -6.107 -6.247 -6.396 -5.837 -6.01 -6.182 -6.302 -6.413 -6.074 -6.216 -6.336 -6.435 -6.603 -6.625 -6.794 -6.985
21.0402 -5.529 -5.479 -5.554 -5.747 -5.89 -6.029 -5.668 -5.77 -5.892 -6.034 -6.174 -6.323 -5.765 -5.937 -6.109 -6.23 -6.34 -6.001 -6.144 -6.263 -6.362 -6.531 -6.552 -6.722 -6.912
21.5478 -5.456 -5.407 -5.482 -5.675 -5.817 -5.956 -5.595 -5.697 -5.82 -5.961 -6.102 -6.251 -5.692 -5.865 -6.037 -6.157 -6.268 -5.928 -6.071 -6.191 -6.29 -6.458 -6.48 -6.649 -6.84
22.0676 -5.387 -5.338 -5.412 -5.605 -5.748 -5.887 -5.526 -5.628 -5.75 -5.892 -6.033 -6.181 -5.623 -5.795 -5.967 -6.088 -6.198 -5.859 -6.002 -6.121 -6.22 -6.389 -6.41 -6.58 -6.77
22.5999 -5.321 -5.272 -5.347 -5.54 -5.682 -5.821 -5.46 -5.562 -5.684 -5.826 -5.967 -6.115 -5.557 -5.73 -5.901 -6.022 -6.133 -5.793 -5.936 -6.056 -6.155 -6.323 -6.345 -6.514 -6.704
23.1451 -5.256 -5.206 -5.281 -5.474 -5.616 -5.755 -5.395 -5.496 -5.619 -5.761 -5.901 -6.05 -5.491 -5.664 -5.836 -5.956 -6.067 -5.728 -5.87 -5.99 -6.089 -6.257 -6.279 -6.448 -6.639
23.7034 -5.19 -5.14 -5.215 -5.408 -5.551 -5.69 -5.329 -5.431 -5.553 -5.695 -5.835 -5.984 -5.426 -5.598 -5.77 -5.891 -6.001 -5.662 -5.804 -5.924 -6.023 -6.192 -6.213 -6.383 -6.573
24.2752 -5.124 -5.075 -5.15 -5.342 -5.485 -5.624 -5.263 -5.365 -5.487 -5.629 -5.77 -5.918 -5.36 -5.532 -5.704 -5.825 -5.936 -5.596 -5.739 -5.859 -5.958 -6.126 -6.148 -6.317 -6.507
24.8608 -5.058 -5.009 -5.084 -5.277 -5.419 -5.558 -5.197 -5.299 -5.422 -5.563 -5.704 -5.853 -5.294 -5.467 -5.639 -5.759 -5.87 -5.53 -5.673 -5.793 -5.892 -6.06 -6.082 -6.251 -6.442
25.4606 -4.993 -4.943 -5.018 -5.211 -5.353 -5.493 -5.132 -5.233 -5.356 -5.498 -5.638 -5.787 -5.228 -5.401 -5.573 -5.694 -5.804 -5.465 -5.607 -5.727 -5.826 -5.994 -6.016 -6.185 -6.376
26.0748 -4.927 -4.878 -4.952 -5.145 -5.288 -5.427 -5.066 -5.168 -5.29 -5.432 -5.572 -5.721 -5.163 -5.335 -5.507 -5.628 -5.738 -5.399 -5.542 -5.661 -5.76 -5.929 -5.95 -6.12 -6.31
26.7038 -4.861 -4.812 -4.887 -5.08 -5.222 -5.361 -5.0 -5.102 -5.224 -5.366 -5.507 -5.655 -5.097 -5.27 -5.441 -5.562 -5.673 -5.333 -5.476 -5.596 -5.695 -5.863 -5.885 -6.054 -6.244
27.3479 -4.796 -4.746 -4.821 -5.014 -5.156 -5.295 -4.935 -5.036 -5.159 -5.301 -5.441 -5.59 -5.031 -5.204 -5.376 -5.496 -5.607 -5.268 -5.41 -5.53 -5.629 -5.797 -5.819 -5.988 -6.179
28.0077 -4.736 -4.686 -4.761 -4.954 -5.096 -5.235 -4.875 -4.976 -5.099 -5.241 -5.381 -5.53 -4.971 -5.144 -5.316 -5.436 -5.547 -5.208 -5.35 -5.47 -5.569 -5.737 -5.759 -5.928 -6.119
28.6833 -4.68 -4.63 -4.705 -4.898 -5.04 -5.179 -4.819 -4.92 -5.043 -5.185 -5.325 -5.474 -4.915 -5.088 -5.26 -5.38 -5.491 -5.152 -5.294 -5.414 -5.513 -5.681 -5.703 -5.872 -6.063
29.3752 -4.623 -4.574 -4.649 -4.842 -4.984 -5.123 -4.763 -4.864 -4.987 -5.128 -5.269 -5.418 -4.859 -5.032 -5.204 -5.324 -5.435 -5.095 -5.238 -5.358 -5.457 -5.625 -5.647 -5.816 -6.007
30.0838 -4.567 -4.518 -4.593 -4.786 -4.928 -5.067 -4.706 -4.808 -4.931 -5.072 -5.213 -5.361 -4.803 -4.976 -5.147 -5.268 -5.379 -5.039 -5.182 -5.302 -5.401 -5.569 -5.591 -5.76 -5.95
30.8096 -4.511 -4.462 -4.537 -4.73 -4.872 -5.011 -4.65 -4.752 -4.874 -5.016 -5.157 -5.305 -4.747 -4.92 -5.091 -5.212 -5.323 -4.983 -5.126 -5.246 -5.345 -5.513 -5.535 -5.704 -5.894
31.5528 -4.455 -4.406 -4.481 -4.674 -4.816 -4.955 -4.594 -4.696 -4.818 -4.96 -5.101 -5.249 -4.691 -4.863 -5.035 -5.156 -5.267 -4.927 -5.07 -5.19 -5.289 -5.457 -5.479 -5.648 -5.838
32.3139 -4.399 -4.35 -4.424 -4.617 -4.76 -4.899 -4.538 -4.64 -4.762 -4.904 -5.045 -5.193 -4.635 -4.807 -4.979 -5.1 -5.211 -4.871 -5.014 -5.134 -5.233 -5.401 -5.423 -5.592 -5.782
33.0935 -4.343 -4.294 -4.368 -4.561 -4.704 -4.843 -4.482 -4.584 -4.706 -4.848 -4.989 -5.137 -4.579 -4.751 -4.923 -5.044 -5.154 -4.815 -4.958 -5.077 -5.176 -5.345 -5.366 -5.536 -5.726
33.8918 -4.287 -4.237 -4.312 -4.505 -4.648 -4.787 -4.426 -4.528 -4.65 -4.792 -4.932 -5.081 -4.523 -4.695 -4.867 -4.988 -5.098 -4.759 -4.902 -5.021 -5.12 -5.289 -5.31 -5.48 -5.67
34.7093 -4.231 -4.181 -4.256 -4.449 -4.592 -4.731 -4.37 -4.472 -4.594 -4.736 -4.876 -5.025 -4.467 -4.639 -4.811 -4.932 -5.042 -4.703 -4.845 -4.965 -5.064 -5.233 -5.254 -5.424 -5.614
35.5466 -4.176 -4.127 -4.202 -4.394 -4.537 -4.676 -4.315 -4.417 -4.539 -4.681 -4.822 -4.97 -4.412 -4.584 -4.756 -4.877 -4.988 -4.648 -4.791 -4.911 -5.01 -5.178 -5.2 -5.369 -5.559
36.4041 -4.122 -4.072 -4.147 -4.34 -4.483 -4.622 -4.261 -4.363 -4.485 -4.627 -4.767 -4.916 -4.358 -4.53 -4.702 -4.823 -4.933 -4.594 -4.737 -4.856 -4.955 -5.124 -5.145 -5.315 -5.505
37.2823 -4.068 -4.018 -4.093 -4.286 -4.428 -4.568 -4.207 -4.308 -4.431 -4.573 -4.713 -4.862 -4.303 -4.476 -4.648 -4.769 -4.879 -4.54 -4.682 -4.802 -4.901 -5.069 -5.091 -5.26 -5.451
38.1817 -4.013 -3.964 -4.039 -4.232 -4.374 -4.513 -4.153 -4.254 -4.377 -4.518 -4.659 -4.808 -4.249 -4.422 -4.594 -4.714 -4.825 -4.485 -4.628 -4.748 -4.847 -5.015 -5.037 -5.206 -5.397
39.1028 -3.959 -3.91 -3.985 -4.178 -4.32 -4.459 -4.098 -4.2 -4.322 -4.464 -4.605 -4.753 -4.195 -4.368 -4.539 -4.66 -4.771 -4.431 -4.574 -4.694 -4.793 -4.961 -4.983 -5.152 -5.342
40.046 -3.905 -3.856 -3.93 -4.123 -4.266 -4.405 -4.044 -4.146 -4.268 -4.41 -4.551 -4.699 -4.141 -4.313 -4.485 -4.606 -4.716 -4.377 -4.52 -4.639 -4.738 -4.907 -4.928 -5.098 -5.288
41.0121 -3.851 -3.801 -3.876 -4.069 -4.212 -4.351 -3.99 -4.092 -4.214 -4.356 -4.496 -4.645 -4.086 -4.259 -4.431 -4.552 -4.662 -4.323 -4.465 -4.585 -4.684 -4.853 -4.874 -5.044 -5.234
42.0014 -3.797 -3.747 -3.822 -4.015 -4.157 -4.296 -3.936 -4.037 -4.16 -4.302 -4.442 -4.591 -4.032 -4.205 -4.377 -4.497 -4.608 -4.269 -4.411 -4.531 -4.63 -4.798 -4.82 -4.989 -5.18
43.0146 -3.742 -3.693 -3.768 -3.961 -4.103 -4.242 -3.881 -3.983 -4.105 -4.247 -4.388 -4.536 -3.978 -4.151 -4.322 -4.443 -4.554 -4.214 -4.357 -4.477 -4.576 -4.744 -4.766 -4.935 -5.125
44.0523 -3.688 -3.639 -3.713 -3.906 -4.049 -4.188 -3.827 -3.929 -4.051 -4.193 -4.334 -4.482 -3.924 -4.096 -4.268 -4.389 -4.5 -4.16 -4.303 -4.423 -4.522 -4.69 -4.712 -4.881 -5.071
45.1149 -3.639 -3.589 -3.664 -3.857 -3.999 -4.139 -3.778 -3.879 -4.002 -4.144 -4.284 -4.433 -3.874 -4.047 -4.219 -4.339 -4.45 -4.111 -4.253 -4.373 -4.472 -4.64 -4.662 -4.831 -5.022
46.2033 -3.59 -3.54 -3.615 -3.808 -3.951 -4.09 -3.729 -3.831 -3.953 -4.095 -4.235 -4.384 -3.825 -3.998 -4.17 -4.291 -4.401 -4.062 -4.204 -4.324 -4.423 -4.591 -4.613 -4.783 -4.973
47.3178 -3.541 -3.491 -3.566 -3.759 -3.902 -4.041 -3.68 -3.782 -3.904 -4.046 -4.186 -4.335 -3.777 -3.949 -4.121 -4.242 -4.352 -4.013 -4.156 -4.275 -4.374 -4.543 -4.564 -4.734 -4.924
48.4593 -3.492 -3.443 -3.517 -3.71 -3.853 -3.992 -3.631 -3.733 -3.855 -3.997 -4.138 -4.286 -3.728 -3.9 -4.072 -4.193 -4.304 -3.964 -4.107 -4.226 -4.326 -4.494 -4.515 -4.685 -4.875
49.6283 -3.443 -3.394 -3.469 -3.662 -3.804 -3.943 -3.582 -3.684 -3.806 -3.948 -4.089 -4.237 -3.679 -3.851 -4.023 -4.144 -4.255 -3.915 -4.058 -4.178 -4.277 -4.445 -4.467 -4.636 -4.826
50.8255 -3.394 -3.345 -3.42 -3.613 -3.755 -3.894 -3.533 -3.635 -3.758 -3.899 -4.04 -4.188 -3.63 -3.803 -3.974 -4.095 -4.206 -3.866 -4.009 -4.129 -4.228 -4.396 -4.418 -4.587 -4.777
52.0515 -3.345 -3.296 -3.371 -3.564 -3.706 -3.845 -3.485 -3.586 -3.709 -3.851 -3.991 -4.14 -3.581 -3.754 -3.926 -4.046 -4.157 -3.818 -3.96 -4.08 -4.179 -4.347 -4.369 -4.538 -4.729
53.3072 -3.297 -3.247 -3.322 -3.515 -3.657 -3.797 -3.436 -3.537 -3.66 -3.802 -3.942 -4.091 -3.532 -3.705 -3.877 -3.997 -4.108 -3.769 -3.911 -4.031 -4.13 -4.298 -4.32 -4.489 -4.68
54.5931 -3.248 -3.198 -3.273 -3.466 -3.609 -3.748 -3.387 -3.489 -3.611 -3.753 -3.893 -4.042 -3.483 -3.656 -3.828 -3.949 -4.059 -3.72 -3.862 -3.982 -4.081 -4.249 -4.271 -4.441 -4.631
55.9101 -3.199 -3.15 -3.224 -3.417 -3.56 -3.699 -3.338 -3.44 -3.562 -3.704 -3.845 -3.993 -3.435 -3.607 -3.779 -3.9 -4.011 -3.671 -3.814 -3.933 -4.032 -4.201 -4.222 -4.392 -4.582
57.2588 -3.154 -3.105 -3.18 -3.373 -3.515 -3.654 -3.293 -3.395 -3.517 -3.659 -3.8 -3.948 -3.39 -3.563 -3.734 -3.855 -3.966 -3.626 -3.769 -3.889 -3.988 -4.156 -4.178 -4.347 -4.537
58.6401 -3.109 -3.06 -3.135 -3.328 -3.47 -3.609 -3.249 -3.35 -3.473 -3.614 -3.755 -3.904 -3.345 -3.518 -3.69 -3.81 -3.921 -3.581 -3.724 -3.844 -3.943 -4.111 -4.133 -4.302 -4.493
60.0546 -3.065 -3.015 -3.09 -3.283 -3.425 -3.565 -3.204 -3.305 -3.428 -3.57 -3.71 -3.859 -3.3 -3.473 -3.645 -3.765 -3.876 -3.537 -3.679 -3.799 -3.898 -4.066 -4.088 -4.257 -4.448
61.5034 -3.02 -2.97 -3.045 -3.238 -3.381 -3.52 -3.159 -3.261 -3.383 -3.525 -3.665 -3.814 -3.256 -3.428 -3.6 -3.721 -3.831 -3.492 -3.634 -3.754 -3.853 -4.022 -4.043 -4.213 -4.403
62.987 -2.975 -2.926 -3.0 -3.193 -3.336 -3.475 -3.114 -3.216 -3.338 -3.48 -3.621 -3.769 -3.211 -3.383 -3.555 -3.676 -3.787 -3.447 -3.59 -3.71 -3.809 -3.977 -3.999 -4.168 -4.358
64.5065 -2.93 -2.881 -2.956 -3.149 -3.291 -3.43 -3.069 -3.171 -3.293 -3.435 -3.576 -3.724 -3.166 -3.339 -3.51 -3.631 -3.742 -3.402 -3.545 -3.665 -3.764 -3.932 -3.954 -4.123 -4.313
66.0626 -2.885 -2.836 -2.911 -3.104 -3.246 -3.385 -3.025 -3.126 -3.249 -3.391 -3.531 -3.68 -3.121 -3.294 -3.466 -3.586 -3.697 -3.358 -3.5 -3.62 -3.719 -3.887 -3.909 -4.078 -4.269
67.6562 -2.841 -2.791 -2.866 -3.059 -3.201 -3.341 -2.98 -3.081 -3.204 -3.346 -3.486 -3.635 -3.076 -3.249 -3.421 -3.542 -3.652 -3.313 -3.455 -3.575 -3.674 -3.842 -3.864 -4.033 -4.224
69.2883 -2.796 -2.746 -2.821 -3.014 -3.157 -3.296 -2.935 -3.037 -3.159 -3.301 -3.441 -3.59 -3.032 -3.204 -3.376 -3.497 -3.607 -3.268 -3.411 -3.53 -3.629 -3.798 -3.819 -3.989 -4.179
70.9597 -2.751 -2.702 -2.777 -2.97 -3.112 -3.251 -2.891 -2.992 -3.115 -3.257 -3.397 -3.546 -2.987 -3.16 -3.332 -3.452 -3.563 -3.224 -3.366 -3.486 -3.585 -3.753 -3.775 -3.944 -4.135
72.6715 -2.709 -2.659 -2.734 -2.927 -3.07 -3.209 -2.848 -2.95 -3.072 -3.214 -3.354 -3.503 -2.945 -3.117 -3.289 -3.41 -3.52 -3.181 -3.323 -3.443 -3.542 -3.711 -3.732 -3.902 -4.092
74.4246 -2.666 -2.617 -2.692 -2.885 -3.027 -3.166 -2.805 -2.907 -3.029 -3.171 -3.312 -3.46 -2.902 -3.074 -3.246 -3.367 -3.478 -3.138 -3.281 -3.401 -3.5 -3.668 -3.69 -3.859 -4.049
76.2199 -2.624 -2.574 -2.649 -2.842 -2.984 -3.123 -2.763 -2.864 -2.987 -3.129 -3.269 -3.418 -2.859 -3.032 -3.204 -3.324 -3.435 -3.096 -3.238 -3.358 -3.457 -3.625 -3.647 -3.816 -4.007
78.0586 -2.581 -2.531 -2.606 -2.799 -2.942 -3.081 -2.72 -2.822 -2.944 -3.086 -3.226 -3.375 -2.817 -2.989 -3.161 -3.282 -3.392 -3.053 -3.196 -3.315 -3.414 -3.583 -3.604 -3.774 -3.964
79.9416 -2.538 -2.489 -2.564 -2.757 -2.899 -3.038 -2.677 -2.779 -2.901 -3.043 -3.184 -3.332 -2.774 -2.947 -3.118 -3.239 -3.35 -3.01 -3.153 -3.273 -3.372 -3.54 -3.562 -3.731 -3.921
81.87 -2.496 -2.446 -2.521 -2.714 -2.856 -2.996 -2.635 -2.736 -2.859 -3.001 -3.141 -3.29 -2.731 -2.904 -3.076 -3.196 -3.307 -2.968 -3.11 -3.23 -3.329 -3.497 -3.519 -3.688 -3.879
83.845 -2.453 -2.404 -2.478 -2.671 -2.814 -2.953 -2.592 -2.694 -2.816 -2.958 -3.099 -3.247 -2.689 -2.861 -3.033 -3.154 -3.264 -2.925 -3.068 -3.187 -3.286 -3.455 -3.476 -3.646 -3.836
85.8676 -2.41 -2.361 -2.436 -2.629 -2.771 -2.91 -2.549 -2.651 -2.774 -2.915 -3.056 -3.204 -2.646 -2.819 -2.991 -3.111 -3.222 -2.882 -3.025 -3.145 -3.244 -3.412 -3.434 -3.603 -3.793
87.939 -2.368 -2.318 -2.393 -2.586 -2.728 -2.868 -2.507 -2.608 -2.731 -2.873 -3.013 -3.162 -2.603 -2.776 -2.948 -3.069 -3.179 -2.84 -2.982 -3.102 -3.201 -3.369 -3.391 -3.56 -3.751
90.0604 -2.326 -2.276 -2.351 -2.544 -2.686 -2.826 -2.465 -2.566 -2.689 -2.831 -2.971 -3.12 -2.561 -2.734 -2.906 -3.027 -3.137 -2.798 -2.94 -3.06 -3.159 -3.327 -3.349 -3.518 -3.709
92.2329 -2.285 -2.235 -2.31 -2.503 -2.646 -2.785 -2.424 -2.526 -2.648 -2.79 -2.93 -3.079 -2.521 -2.693 -2.865 -2.986 -3.096 -2.757 -2.9 -3.019 -3.118 -3.287 -3.308 -3.478 -3.668
94.4579 -2.244 -2.195 -2.27 -2.463 -2.605 -2.744 -2.383 -2.485 -2.607 -2.749 -2.89 -3.038 -2.48 -2.652 -2.824 -2.945 -3.056 -2.716 -2.859 -2.979 -3.078 -3.246 -3.268 -3.437 -3.627
96.7365 -2.203 -2.154 -2.229 -2.422 -2.564 -2.703 -2.343 -2.444 -2.567 -2.708 -2.849 -2.998 -2.439 -2.612 -2.784 -2.904 -3.015 -2.675 -2.818 -2.938 -3.037 -3.205 -3.227 -3.396 -3.587
99.0701 -2.163 -2.113 -2.188 -2.381 -2.523 -2.663 -2.302 -2.403 -2.526 -2.668 -2.808 -2.957 -2.398 -2.571 -2.743 -2.864 -2.974 -2.635 -2.777 -2.897 -2.996 -3.164 -3.186 -3.355 -3.546
101.4599 -2.122 -2.073 -2.147 -2.34 -2.483 -2.622 -2.261 -2.363 -2.485 -2.627 -2.767 -2.916 -2.358 -2.53 -2.702 -2.823 -2.933 -2.594 -2.737 -2.856 -2.955 -3.124 -3.145 -3.315 -3.505
103.9075 -2.081 -2.032 -2.107 -2.3 -2.442 -2.581 -2.22 -2.322 -2.444 -2.586 -2.727 -2.875 -2.317 -2.489 -2.661 -2.782 -2.893 -2.553 -2.696 -2.816 -2.915 -3.083 -3.105 -3.274 -3.464
106.4141 -2.04 -1.991 -2.066 -2.259 -2.401 -2.54 -2.18 -2.281 -2.404 -2.545 -2.686 -2.835 -2.276 -2.449 -2.621 -2.741 -2.852 -2.513 -2.655 -2.775 -2.874 -3.042 -3.064 -3.233 -3.424
108.9811 -2.0 -1.95 -2.025 -2.218 -2.36 -2.5 -2.139 -2.24 -2.363 -2.505 -2.645 -2.794 -2.235 -2.408 -2.58 -2.701 -2.811 -2.472 -2.614 -2.734 -2.833 -3.001 -3.023 -3.192 -3.383
111.6101 -1.959 -1.91 -1.984 -2.177 -2.32 -2.459 -2.098 -2.2 -2.322 -2.464 -2.604 -2.753 -2.195 -2.367 -2.539 -2.66 -2.77 -2.431 -2.574 -2.693 -2.792 -2.961 -2.982 -3.152 -3.342
114.3025 -1.92 -1.871 -1.946 -2.139 -2.281 -2.42 -2.059 -2.161 -2.283 -2.425 -2.566 -2.714 -2.156 -2.329 -2.5 -2.621 -2.732 -2.392 -2.535 -2.655 -2.754 -2.922 -2.944 -3.113 -3.303
117.0598 -1.884 -1.834 -1.909 -2.102 -2.245 -2.384 -2.023 -2.125 -2.247 -2.389 -2.529 -2.678 -2.12 -2.292 -2.464 -2.585 -2.695 -2.356 -2.499 -2.618 -2.717 -2.886 -2.907 -3.077 -3.267
119.8836 -1.848 -1.798 -1.873 -2.066 -2.208 -2.347 -1.987 -2.088 -2.211 -2.353 -2.493 -2.642 -2.083 -2.256 -2.428 -2.548 -2.659 -2.32 -2.462 -2.582 -2.681 -2.849 -2.871 -3.04 -3.231
122.7756 -1.811 -1.762 -1.837 -2.03 -2.172 -2.311 -1.95 -2.052 -2.174 -2.316 -2.457 -2.605 -2.047 -2.22 -2.391 -2.512 -2.623 -2.283 -2.426 -2.546 -2.645 -2.813 -2.835 -3.004 -3.194
125.7373 -1.775 -1.726 -1.8 -1.993 -2.136 -2.275 -1.914 -2.016 -2.138 -2.28 -2.42 -2.569 -2.011 -2.183 -2.355 -2.476 -2.586 -2.247 -2.39 -2.509 -2.608 -2.777 -2.798 -2.968 -3.158
128.7705 -1.739 -1.689 -1.764 -1.957 -2.099 -2.239 -1.878 -1.979 -2.102 -2.244 -2.384 -2.533 -1.974 -2.147 -2.319 -2.439 -2.55 -2.211 -2.353 -2.473 -2.572 -2.74 -2.762 -2.931 -3.122
131.8769 -1.702 -1.653 -1.728 -1.921 -2.063 -2.202 -1.841 -1.943 -2.065 -2.207 -2.348 -2.496 -1.938 -2.111 -2.282 -2.403 -2.514 -2.174 -2.317 -2.437 -2.536 -2.704 -2.726 -2.895 -3.085
135.0582 -1.666 -1.617 -1.691 -1.884 -2.027 -2.166 -1.805 -1.907 -2.029 -2.171 -2.312 -2.46 -1.902 -2.074 -2.246 -2.367 -2.477 -2.138 -2.281 -2.4 -2.499 -2.668 -2.689 -2.859 -3.049
138.3162 -1.63 -1.58 -1.655 -1.848 -1.99 -2.13 -1.769 -1.87 -1.993 -2.135 -2.275 -2.424 -1.865 -2.038 -2.21 -2.331 -2.441 -2.102 -2.244 -2.364 -2.463 -2.631 -2.653 -2.822 -3.013
141.6528 -1.593 -1.544 -1.619 -1.812 -1.954 -2.093 -1.732 -1.834 -1.957 -2.098 -2.239 -2.387 -1.829 -2.002 -2.173 -2.294 -2.405 -2.065 -2.208 -2.328 -2.427 -2.595 -2.617 -2.786 -2.976
145.0699 -1.558 -1.509 -1.583 -1.776 -1.919 -2.058 -1.697 -1.799 -1.921 -2.063 -2.204 -2.352 -1.794 -1.966 -2.138 -2.259 -2.369 -2.03 -2.173 -2.292 -2.391 -2.56 -2.581 -2.751 -2.941
148.5695 -1.523 -1.474 -1.549 -1.742 -1.884 -2.023 -1.662 -1.764 -1.887 -2.028 -2.169 -2.317 -1.759 -1.932 -2.103 -2.224 -2.335 -1.995 -2.138 -2.258 -2.357 -2.525 -2.547 -2.716 -2.906
152.1534 -1.489 -1.439 -1.514 -1.707 -1.849 -1.989 -1.628 -1.729 -1.852 -1.994 -2.134 -2.283 -1.724 -1.897 -2.069 -2.19 -2.3 -1.961 -2.103 -2.223 -2.322 -2.49 -2.512 -2.681 -2.872
155.8238 -1.454 -1.405 -1.479 -1.672 -1.815 -1.954 -1.593 -1.695 -1.817 -1.959 -2.1 -2.248 -1.69 -1.862 -2.034 -2.155 -2.265 -1.926 -2.069 -2.188 -2.287 -2.456 -2.477 -2.647 -2.837
159.5828 -1.419 -1.37 -1.445 -1.638 -1.78 -1.919 -1.558 -1.66 -1.782 -1.924 -2.065 -2.213 -1.655 -1.828 -1.999 -2.12 -2.231 -1.891 -2.034 -2.154 -2.253 -2.421 -2.443 -2.612 -2.802
163.4324 -1.385 -1.335 -1.41 -1.603 -1.745 -1.885 -1.524 -1.625 -1.748 -1.89 -2.03 -2.179 -1.62 -1.793 -1.965 -2.085 -2.196 -1.857 -1.999 -2.119 -2.218 -2.386 -2.408 -2.577 -2.768
167.375 -1.35 -1.301 -1.375 -1.568 -1.711 -1.85 -1.489 -1.591 -1.713 -1.855 -1.996 -2.144 -1.586 -1.758 -1.93 -2.051 -2.161 -1.822 -1.965 -2.084 -2.183 -2.352 -2.373 -2.543 -2.733
171.4126 -1.315 -1.266 -1.341 -1.534 -1.676 -1.815 -1.454 -1.556 -1.678 -1.82 -1.961 -2.109 -1.551 -1.724 -1.895 -2.016 -2.127 -1.787 -1.93 -2.05 -2.149 -2.317 -2.339 -2.508 -2.698
175.5476 -1.281 -1.231 -1.306 -1.499 -1.641 -1.781 -1.42 -1.521 -1.644 -1.786 -1.926 -2.075 -1.516 -1.689 -1.861 -1.981 -2.092 -1.753 -1.895 -2.015 -2.114 -2.282 -2.304 -2.473 -2.664
179.7823 -1.246 -1.197 -1.271 -1.464 -1.607 -1.746 -1.385 -1.487 -1.609 -1.751 -1.891 -2.04 -1.482 -1.654 -1.826 -1.947 -2.057 -1.718 -1.861 -1.98 -2.079 -2.248 -2.269 -2.439 -2.629
184.1193 -1.213 -1.163 -1.238 -1.431 -1.574 -1.713 -1.352 -1.454 -1.576 -1.718 -1.858 -2.007 -1.449 -1.621 -1.793 -1.914 -2.024 -1.685 -1.827 -1.947 -2.046 -2.215 -2.236 -2.406 -2.596
188.5608 -1.18 -1.131 -1.206 -1.399 -1.541 -1.68 -1.319 -1.421 -1.544 -1.685 -1.826 -1.974 -1.416 -1.589 -1.76 -1.881 -1.992 -1.652 -1.795 -1.915 -2.014 -2.182 -2.204 -2.373 -2.563
193.1095 -1.148 -1.098 -1.173 -1.366 -1.509 -1.648 -1.287 -1.389 -1.511 -1.653 -1.793 -1.942 -1.384 -1.556 -1.728 -1.849 -1.959 -1.62 -1.762 -1.882 -1.981 -2.15 -2.171 -2.341 -2.531
197.7679 -1.115 -1.066 -1.141 -1.334 -1.476 -1.615 -1.254 -1.356 -1.478 -1.62 -1.761 -1.909 -1.351 -1.524 -1.695 -1.816 -1.927 -1.587 -1.73 -1.85 -1.949 -2.117 -2.139 -2.308 -2.498
202.5387 -1.083 -1.033 -1.108 -1.301 -1.444 -1.583 -1.222 -1.324 -1.446 -1.588 -1.728 -1.877 -1.318 -1.491 -1.663 -1.784 -1.894 -1.555 -1.697 -1.817 -1.916 -2.085 -2.106 -2.276 -2.466
207.4245 -1.05 -1.001 -1.076 -1.269 -1.411 -1.55 -1.189 -1.291 -1.413 -1.555 -1.696 -1.844 -1.286 -1.459 -1.63 -1.751 -1.862 -1.522 -1.665 -1.785 -1.884 -2.052 -2.074 -2.243 -2.433
212.4283 -1.018 -0.968 -1.043 -1.236 -1.378 -1.518 -1.157 -1.258 -1.381 -1.523 -1.663 -1.812 -1.253 -1.426 -1.598 -1.719 -1.829 -1.49 -1.632 -1.752 -1.851 -2.019 -2.041 -2.21 -2.401
217.5527 -0.985 -0.936 -1.011 -1.204 -1.346 -1.485 -1.124 -1.226 -1.348 -1.49 -1.631 -1.779 -1.221 -1.393 -1.565 -1.686 -1.797 -1.457 -1.6 -1.72 -1.819 -1.987 -2.009 -2.178 -2.368
222.8008 -0.953 -0.903 -0.978 -1.171 -1.313 -1.453 -1.092 -1.193 -1.316 -1.458 -1.598 -1.747 -1.188 -1.361 -1.533 -1.653 -1.764 -1.425 -1.567 -1.687 -1.786 -1.954 -1.976 -2.145 -2.336
228.1754 -0.92 -0.871 -0.946 -1.138 -1.281 -1.42 -1.059 -1.161 -1.283 -1.425 -1.566 -1.714 -1.156 -1.328 -1.5 -1.621 -1.732 -1.392 -1.535 -1.655 -1.754 -1.922 -1.944 -2.113 -2.303
233.6797 -0.881 -0.831 -0.906 -1.099 -1.242 -1.381 -1.02 -1.122 -1.244 -1.386 -1.526 -1.675 -1.117 -1.289 -1.461 -1.582 -1.692 -1.353 -1.496 -1.615 -1.714 -1.883 -1.904 -2.074 -2.264
239.3168 -0.841 -0.791 -0.866 -1.059 -1.202 -1.341 -0.98 -1.082 -1.204 -1.346 -1.486 -1.635 -1.077 -1.249 -1.421 -1.542 -1.652 -1.313 -1.455 -1.575 -1.674 -1.843 -1.864 -2.034 -2.224
245.0899 -0.801 -0.751 -0.826 -1.019 -1.162 -1.301 -0.94 -1.042 -1.164 -1.306 -1.446 -1.595 -1.037 -1.209 -1.381 -1.502 -1.612 -1.273 -1.415 -1.535 -1.634 -1.803 -1.824 -1.994 -2.184
251.0022 -0.761 -0.711 -0.786 -0.979 -1.122 -1.261 -0.9 -1.002 -1.124 -1.266 -1.406 -1.555 -0.996 -1.169 -1.341 -1.462 -1.572 -1.233 -1.375 -1.495 -1.594 -1.763 -1.784 -1.954 -2.144
257.0572 -0.721 -0.671 -0.746 -0.939 -1.082 -1.221 -0.86 -0.961 -1.084 -1.226 -1.366 -1.515 -0.956 -1.129 -1.301 -1.422 -1.532 -1.193 -1.335 -1.455 -1.554 -1.722 -1.744 -1.914 -2.104
263.2582 -0.681 -0.631 -0.706 -0.899 -1.041 -1.181 -0.82 -0.921 -1.044 -1.186 -1.326 -1.475 -0.916 -1.089 -1.261 -1.382 -1.492 -1.153 -1.295 -1.415 -1.514 -1.682 -1.704 -1.873 -2.064
269.6088 -0.641 -0.591 -0.666 -0.859 -1.001 -1.141 -0.78 -0.881 -1.004 -1.146 -1.286 -1.435 -0.876 -1.049 -1.221 -1.341 -1.452 -1.113 -1.255 -1.375 -1.474 -1.642 -1.664 -1.833 -2.024
276.1126 -0.601 -0.551 -0.626 -0.819 -0.961 -1.1 -0.74 -0.841 -0.964 -1.106 -1.246 -1.395 -0.836 -1.009 -1.181 -1.301 -1.412 -1.073 -1.215 -1.335 -1.434 -1.602 -1.624 -1.793 -1.984
282.7734 -0.561 -0.511 -0.586 -0.779 -0.921 -1.06 -0.7 -0.801 -0.924 -1.066 -1.206 -1.355 -0.796 -0.969 -1.141 -1.261 -1.372 -1.033 -1.175 -1.295 -1.394 -1.562 -1.584 -1.753 -1.944
289.5947 -0.52 -0.47 -0.545 -0.738 -0.88 -1.02 -0.659 -0.76 -0.883 -1.025 -1.165 -1.314 -0.755 -0.928 -1.1 -1.22 -1.331 -0.992 -1.134 -1.254 -1.353 -1.521 -1.543 -1.712 -1.903
296.5807 -0.452 -0.403 -0.478 -0.67 -0.813 -0.952 -0.591 -0.693 -0.815 -0.957 -1.098 -1.246 -0.688 -0.86 -1.032 -1.153 -1.264 -0.924 -1.067 -1.187 -1.286 -1.454 -1.476 -1.645 -1.835
303.7351 -0.385 -0.335 -0.41 -0.603 -0.745 -0.884 -0.524 -0.625 -0.748 -0.89 -1.03 -1.179 -0.62 -0.793 -0.965 -1.085 -1.196 -0.857 -0.999 -1.119 -1.218 -1.386 -1.408 -1.577 -1.768
311.0622 -0.317 -0.268 -0.342 -0.535 -0.678 -0.817 -0.456 -0.558 -0.68 -0.822 -0.963 -1.111 -0.553 -0.725 -0.897 -1.018 -1.128 -0.789 -0.932 -1.051 -1.15 -1.319 -1.34 -1.51 -1.7
318.566 -0.249 -0.2 -0.275 -0.468 -0.61 -0.749 -0.389 -0.49 -0.613 -0.755 -0.895 -1.044 -0.485 -0.658 -0.83 -0.95 -1.061 -0.722 -0.864 -0.984 -1.083 -1.251 -1.273 -1.442 -1.633
326.2508 -0.182 -0.132 -0.207 -0.4 -0.543 -0.682 -0.321 -0.423 -0.545 -0.687 -0.827 -0.976 -0.418 -0.59 -0.762 -0.883 -0.993 -0.654 -0.797 -0.916 -1.015 -1.184 -1.205 -1.375 -1.565
334.121 -0.114 -0.065 -0.14 -0.333 -0.475 -0.614 -0.253 -0.355 -0.478 -0.619 -0.76 -0.908 -0.35 -0.523 -0.695 -0.815 -0.926 -0.586 -0.729 -0.849 -0.948 -1.116 -1.138 -1.307 -1.497
342.181 -0.047 0.003 -0.072 -0.265 -0.408 -0.547 -0.186 -0.288 -0.41 -0.552 -0.692 -0.841 -0.283 -0.455 -0.627 -0.748 -0.858 -0.519 -0.661 -0.781 -0.88 -1.049 -1.07 -1.24 -1.43
350.4355 0.021 0.07 -0.005 -0.198 -0.34 -0.479 -0.118 -0.22 -0.342 -0.484 -0.625 -0.773 -0.215 -0.388 -0.559 -0.68 -0.791 -0.451 -0.594 -0.714 -0.813 -0.981 -1.003 -1.172 -1.362
358.8891 0.088 0.138 0.063 -0.13 -0.273 -0.412 -0.051 -0.152 -0.275 -0.417 -0.557 -0.706 -0.147 -0.32 -0.492 -0.613 -0.723 -0.384 -0.526 -0.646 -0.745 -0.913 -0.935 -1.105 -1.295
367.5467 0.162 0.211 0.136 -0.057 -0.199 -0.338 0.023 -0.079 -0.201 -0.343 -0.484 -0.632 -0.074 -0.247 -0.418 -0.539 -0.65 -0.31 -0.453 -0.573 -0.672 -0.84 -0.862 -1.031 -1.221
376.4131 0.263 0.312 0.238 0.045 -0.098 -0.237 0.124 0.022 -0.1 -0.242 -0.383 -0.531 0.027 -0.145 -0.317 -0.438 -0.548 -0.209 -0.352 -0.471 -0.57 -0.739 -0.76 -0.93 -1.12
385.4933 0.364 0.414 0.339 0.146 0.004 -0.136 0.225 0.124 0.001 -0.141 -0.281 -0.43 0.129 -0.044 -0.216 -0.336 -0.447 -0.108 -0.25 -0.37 -0.469 -0.637 -0.659 -0.828 -1.019
394.7926 0.466 0.515 0.44 0.247 0.105 -0.034 0.327 0.225 0.103 -0.039 -0.18 -0.328 0.23 0.057 -0.114 -0.235 -0.346 -0.006 -0.149 -0.269 -0.368 -0.536 -0.558 -0.727 -0.917
404.3163 0.567 0.616 0.542 0.349 0.206 0.067 0.428 0.326 0.204 0.062 -0.079 -0.227 0.331 0.159 -0.013 -0.134 -0.244 0.095 -0.048 -0.167 -0.266 -0.435 -0.456 -0.626 -0.816
414.0697 0.668 0.718 0.643 0.45 0.308 0.168 0.529 0.428 0.305 0.163 0.023 -0.126 0.433 0.26 0.088 -0.032 -0.143 0.196 0.054 -0.066 -0.165 -0.333 -0.355 -0.524 -0.715
424.0583 0.77 0.819 0.744 0.551 0.409 0.27 0.631 0.529 0.407 0.265 0.124 -0.024 0.534 0.361 0.19 0.069 -0.042 0.298 0.155 0.035 -0.064 -0.232 -0.254 -0.423 -0.613
434.2879 0.871 0.92 0.846 0.653 0.51 0.371 0.732 0.63 0.508 0.366 0.225 0.077 0.635 0.463 0.291 0.17 0.06 0.399 0.256 0.137 0.038 -0.131 -0.152 -0.322 -0.512
444.7643 0.972 1.022 0.947 0.754 0.612 0.472 0.833 0.732 0.609 0.467 0.327 0.178 0.737 0.564 0.392 0.272 0.161 0.5 0.358 0.238 0.139 -0.029 -0.051 -0.22 -0.411
455.4934 1.074 1.123 1.048 0.855 0.713 0.574 0.935 0.833 0.711 0.569 0.428 0.28 0.838 0.665 0.494 0.373 0.262 0.602 0.459 0.339 0.24 0.072 0.05 -0.119 -0.309
466.4814 1.195 1.244 1.17 0.977 0.834 0.695 1.056 0.954 0.832 0.69 0.549 0.401 0.959 0.787 0.615 0.494 0.383 0.723 0.58 0.46 0.361 0.193 0.171 0.002 -0.188
477.7344 1.359 1.408 1.334 1.141 0.998 0.859 1.22 1.118 0.996 0.854 0.713 0.565 1.123 0.951 0.779 0.658 0.547 0.887 0.744 0.624 0.525 0.357 0.335 0.166 -0.024
489.2588 1.523 1.572 1.498 1.305 1.162 1.023 1.384 1.282 1.16 1.018 0.877 0.729 1.287 1.115 0.943 0.822 0.711 1.051 0.908 0.788 0.689 0.521 0.499 0.33 0.14
501.0613 1.687 1.736 1.662 1.469 1.326 1.187 1.548 1.446 1.324 1.182 1.041 0.893 1.451 1.279 1.107 0.986 0.875 1.215 1.072 0.952 0.853 0.685 0.663 0.494 0.304
513.1485 1.851 1.9 1.826 1.633 1.49 1.351 1.712 1.61 1.488 1.346 1.205 1.057 1.615 1.443 1.271 1.15 1.039 1.379 1.236 1.116 1.017 0.849 0.827 0.658 0.468
525.5272 2.015 2.064 1.99 1.797 1.654 1.515 1.876 1.774 1.652 1.51 1.369 1.221 1.779 1.607 1.435 1.314 1.203 1.543 1.4 1.28 1.181 1.013 0.991 0.822 0.632
538.2046 2.179 2.228 2.154 1.961 1.818 1.679 2.04 1.938 1.816 1.674 1.533 1.385 1.943 1.771 1.599 1.478 1.367 1.707 1.564 1.445 1.345 1.177 1.156 0.986 0.796
551.1878 2.343 2.392 2.318 2.125 1.982 1.843 2.204 2.102 1.98 1.838 1.697 1.549 2.107 1.935 1.763 1.642 1.531 1.871 1.728 1.609 1.509 1.341 1.32 1.15 0.96
564.4842 2.507 2.556 2.482 2.289 2.146 2.007 2.368 2.266 2.144 2.002 1.861 1.713 2.271 2.099 1.927 1.806 1.695 2.035 1.892 1.773 1.673 1.505 1.484 1.314 1.124
578.1013 2.671 2.72 2.646 2.453 2.31 2.171 2.532 2.43 2.308 2.166 2.025 1.877 2.435 2.263 2.091 1.97 1.859 2.199 2.056 1.937 1.837 1.669 1.648 1.478 1.288
592.0469 2.904 2.953 2.878 2.686 2.543 2.404 2.765 2.663 2.541 2.399 2.258 2.11 2.668 2.496 2.324 2.203 2.092 2.432 2.289 2.169 2.07 1.902 1.88 1.711 1.521
606.329 3.217 3.267 3.192 2.999 2.857 2.718 3.078 2.977 2.854 2.712 2.572 2.423 2.982 2.809 2.637 2.517 2.406 2.745 2.603 2.483 2.384 2.216 2.194 2.025 1.834
620.9555 3.531 3.58 3.506 3.313 3.17 3.031 3.392 3.29 3.168 3.026 2.885 2.737 3.295 3.123 2.951 2.83 2.72 3.059 2.916 2.797 2.698 2.529 2.508 2.338 2.148
635.9349 3.845 3.894 3.819 3.626 3.484 3.345 3.705 3.604 3.481 3.34 3.199 3.05 3.609 3.436 3.264 3.144 3.033 3.373 3.23 3.11 3.011 2.843 2.821 2.652 2.461
651.2757 4.158 4.208 4.133 3.94 3.797 3.658 4.019 3.917 3.795 3.653 3.513 3.364 3.922 3.75 3.578 3.457 3.347 3.686 3.544 3.424 3.325 3.156 3.135 2.965 2.775
666.9865 4.472 4.521 4.446 4.253 4.111 3.972 4.333 4.231 4.109 3.967 3.826 3.678 4.236 4.063 3.892 3.771 3.66 4.0 3.857 3.737 3.638 3.47 3.448 3.279 3.089
683.0763 4.785 4.835 4.76 4.567 4.425 4.285 4.646 4.545 4.422 4.28 4.14 3.991 4.55 4.377 4.205 4.084 3.974 4.313 4.171 4.051 3.952 3.784 3.762 3.593 3.402
699.5543 5.099 5.148 5.073 4.88 4.738 4.599 4.96 4.858 4.736 4.594 4.453 4.305 4.863 4.691 4.519 4.398 4.287 4.627 4.484 4.364 4.265 4.097 4.075 3.906 3.716
716.4297 5.412 5.462 5.387 5.194 5.052 4.913 5.273 5.172 5.049 4.907 4.767 4.618 5.177 5.004 4.832 4.712 4.601 4.94 4.798 4.678 4.579 4.411 4.389 4.22 4.029
733.7123 5.726 5.775 5.701 5.508 5.365 5.226 5.587 5.485 5.363 5.221 5.08 4.932 5.49 5.318 5.146 5.025 4.914 5.254 5.111 4.992 4.893 4.724 4.703 4.533 4.343
751.4117 6.04 6.089 6.014 5.821 5.679 5.54 5.9 5.799 5.676 5.534 5.394 5.245 5.804 5.631 5.459 5.339 5.228 5.567 5.425 5.305 5.206 5.038 5.016 4.847 4.656
769.5381 6.353 6.403 6.328 6.135 5.992 5.853 6.214 6.112 5.99 5.848 5.708 5.559 6.117 5.945 5.773 5.652 5.542 5.881 5.738 5.619 5.52 5.351 5.33 5.16 4.97
788.1018 6.667 6.716 6.641 6.448 6.306 6.167 6.528 6.426 6.304 6.162 6.021 5.873 6.431 6.258 6.087 5.966 5.855 6.195 6.052 5.932 5.833 5.665 5.643 5.474 5.284
807.1133 6.98 7.03 6.955 6.762 6.619 6.48 6.841 6.739 6.617 6.475 6.335 6.186 6.745 6.572 6.4 6.279 6.169 6.508 6.366 6.246 6.147 5.979 5.957 5.787 5.597
826.5834 7.294 7.343 7.268 7.075 6.933 6.794 7.155 7.053 6.931 6.789 6.648 6.5 7.058 6.886 6.714 6.593 6.482 6.822 6.679 6.559 6.46 6.292 6.27 6.101 5.911
846.5232 7.607 7.657 7.582 7.389 7.247 7.107 7.468 7.367 7.244 7.102 6.962 6.813 7.372 7.199 7.027 6.907 6.796 7.135 6.993 6.873 6.774 6.606 6.584 6.415 6.224
866.944 7.921 7.97 7.896 7.703 7.56 7.421 7.782 7.68 7.558 7.416 7.275 7.127 7.685 7.513 7.341 7.22 7.109 7.449 7.306 7.187 7.087 6.919 6.898 6.728 6.538
887.8575 8.235 8.284 8.209 8.016 7.874 7.735 8.095 7.994 7.871 7.729 7.589 7.44 7.999 7.826 7.654 7.534 7.423 7.762 7.62 7.5 7.401 7.233 7.211 7.042 6.851
909.2754 8.548 8.598 8.523 8.33 8.187 8.048 8.409 8.307 8.185 8.043 7.903 7.754 8.312 8.14 7.968 7.847 7.737 8.076 7.933 7.814 7.715 7.546 7.525 7.355 7.165
931.21 8.862 8.911 8.836 8.643 8.501 8.362 8.723 8.621 8.498 8.357 8.216 8.068 8.626 8.453 8.282 8.161 8.05 8.39 8.247 8.127 8.028 7.86 7.838 7.669 7.479
953.6737 9.175 9.225 9.15 8.957 8.814 8.675 9.036 8.934 8.812 8.67 8.53 8.381 8.94 8.767 8.595 8.474 8.364 8.703 8.561 8.441 8.342 8.173 8.152 7.982 7.792
976.6793 9.489 9.538 9.463 9.27 9.128 8.989 9.35 9.248 9.126 8.984 8.843 8.695 9.253 9.08 8.909 8.788 8.677 9.017 8.874 8.754 8.655 8.487 8.465 8.296 8.106
1000.2399 9.802 9.852 9.777 9.584 9.442 9.302 9.663 9.562 9.439 9.297 9.157 9.008 9.567 9.394 9.222 9.102 8.991 9.33 9.188 9.068 8.969 8.801 8.779 8.61 8.419
1024.3688 10.116 10.165 10.091 9.898 9.755 9.616 9.977 9.875 9.753 9.611 9.47 9.322 9.88 9.708 9.536 9.415 9.304 9.644 9.501 9.381 9.282 9.114 9.092 8.923 8.733
1049.0798 10.429 10.479 10.404 10.211 10.069 9.93 10.29 10.189 10.066 9.924 9.784 9.635 10.194 10.021 9.849 9.729 9.618 9.957 9.815 9.695 9.596 9.428 9.406 9.237 9.046
1074.3869 10.743 10.792 10.718 10.525 10.382 10.243 10.604 10.502 10.38 10.238 10.098 9.949 10.507 10.335 10.163 10.042 9.932 10.271 10.128 10.009 9.91 9.741 9.72 9.55 9.36
1100.3045 11.057 11.106 11.031 10.838 10.696 10.557 10.918 10.816 10.693 10.552 10.411 10.263 10.821 10.648 10.476 10.356 10.245 10.585 10.442 10.322 10.223 10.055 10.033 9.864 9.674
1126.8473 11.37 11.42 11.345 11.152 11.009 10.87 11.231 11.129 11.007 10.865 10.725 10.576 11.134 10.962 10.79 10.669 10.559 10.898 10.756 10.636 10.537 10.368 10.347 10.177 9.987
1154.0304 11.684 11.733 11.658 11.465 11.323 11.184 11.545 11.443 11.321 11.179 11.038 10.89 11.448 11.275 11.104 10.983 10.872 11.212 11.069 10.949 10.85 10.682 10.66 10.491 10.301
1181.8693 11.997 12.047 11.972 11.779 11.637 11.497 11.858 11.757 11.634 11.492 11.352 11.203 11.762 11.589 11.417 11.296 11.186 11.525 11.383 11.263 11.164 10.996 10.974 10.805 10.614
1210.3797 12.311 12.36 12.285 12.093 11.95 11.811 12.172 12.07 11.948 11.806 11.665 11.517 12.075 11.903 11.731 11.61 11.499 11.839 11.696 11.576 11.477 11.309 11.287 11.118 10.928
1239.5778 12.624 12.674 12.599 12.406 12.264 12.125 12.485 12.384 12.261 12.119 11.979 11.83 12.389 12.216 12.044 11.924 11.813 12.152 12.01 11.89 11.791 11.623 11.601 11.432 11.241
1269.4803 12.938 12.987 12.913 12.72 12.577 12.438 12.799 12.697 12.575 12.433 12.292 12.144 12.702 12.53 12.358 12.237 12.127 12.466 12.323 12.204 12.105 11.936 11.915 11.745 11.555
1300.1042 13.252 13.301 13.226 13.033 12.891 12.752 13.113 13.011 12.888 12.747 12.606 12.457 13.016 12.843 12.671 12.551 12.44 12.78 12.637 12.517 12.418 12.25 12.228 12.059 11.868
1331.4668 13.565 13.615 13.54 13.347 13.204 13.065 13.426 13.324 13.202 13.06 12.92 12.771 13.329 13.157 12.985 12.864 12.754 13.093 12.951 12.831 12.732 12.563 12.542 12.372 12.182
1363.586 13.879 13.928 13.853 13.66 13.518 13.379 13.74 13.638 13.516 13.374 13.233 13.085 13.643 13.47 13.299 13.178 13.067 13.407 13.264 13.144 13.045 12.877 12.855 12.686 12.496
1396.48 14.192 14.242 14.167 13.974 13.832 13.692 14.053 13.952 13.829 13.687 13.547 13.398 13.957 13.784 13.612 13.491 13.381 13.72 13.578 13.458 13.359 13.191 13.169 13.0 12.809
1430.1675 14.506 14.555 14.48 14.288 14.145 14.006 14.367 14.265 14.143 14.001 13.86 13.712 14.27 14.098 13.926 13.805 13.694 14.034 13.891 13.771 13.672 13.504 13.482 13.313 13.123
1464.6676 14.819 14.869 14.794 14.601 14.459 14.32 14.68 14.579 14.456 14.314 14.174 14.025 14.584 14.411 14.239 14.119 14.008 14.347 14.205 14.085 13.986 13.818 13.796 13.627 13.436
1500.0 15.133 15.182 15.108 14.915 14.772 14.633 14.994 14.892 14.77 14.628 14.487 14.339 14.897 14.725 14.553 14.432 14.322 14.661 14.518 14.399 14.3 14.131 14.11 13.94 13.75
