# %ECSV 1.0
# ---
# datatype:
# - {name: time, datatype: float64}
# - {name: swift_uvot_uvw2, datatype: float64}
# - {name: swift_uvot_uvm2, datatype: float64}
# - {name: swift_uvot_uvw1, datatype: float64}
# - {name: swift_uvot_U, datatype: float64}
# - {name: swift_uvot_B, datatype: float64}
# - {name: swift_uvot_V, datatype: float64}
# - {name: swift_uvot_W, datatype: float64}
# - {name: johnson_U, datatype: float64}
# - {name: johnson_B, datatype: float64}
# - {name: johnson_V, datatype: float64}
# - {name: johnson_R, datatype: float64}
# - {name: johnson_I, datatype: float64}
# - {name: sdss_u, datatype: float64}
# - {name: sdss_g, datatype: float64}
# - {name: sdss_r, datatype: float64}
# - {name: sdss_i, datatype: float64}
# - {name: sdss_z, datatype: float64}
# - {name: PS1_g, datatype: float64}
# - {name: PS1_r, datatype: float64}
# - {name: PS1_i, datatype: float64}
# - {name: PS1_z, datatype: float64}
# - {name: PS1_Y, datatype: float64}
# - {name: PS1_w, datatype: float64}
# - {name: ATLAS_c, datatype: float64}
# - {name: ATLAS_o, datatype: float64}
# - {name: ukirt_J, datatype: float64}
# - {name: ukirt_H, datatype: float64}
# - {name: ukirt_K, datatype: float64}
# - {name: Clear, datatype: float64}
# meta: !!omap
# - comment: [kappa = 0.5, type = villar, mass = 0.014775890654408853, velocity = 0.2806666666666667, theta_obs = 0.0]
# schema: astropy-2.0
time swift_uvot_uvw2 swift_uvot_uvm2 swift_uvot_uvw1 swift_uvot_U swift_uvot_B swift_uvot_V swift_uvot_W johnson_U johnson_B johnson_V johnson_R johnson_I sdss_u sdss_g sdss_r sdss_i sdss_z PS1_g PS1_r PS1_i PS1_z PS1_Y PS1_w ATLAS_c ATLAS_o ukirt_J ukirt_H ukirt_K Clear
0.001 784.273 789.489 nan nan nan nan 786.541 nan nan nan nan 788.527 nan nan nan nan 790.044 783.007 783.212 783.191 782.777 781.031 nan nan nan 782.847 779.346 776.72 781.244
0.00103 -5.079 -5.081 -5.055 -4.911 -4.685 -4.401 -4.924 -4.881 -4.682 -4.392 -4.069 -3.678 -4.888 -4.596 -4.218 -3.916 -3.62 -4.579 -4.24 -3.941 -3.732 -3.676 -4.255 -4.449 -4.093 -3.007 -2.494 -1.891 -4.311
0.001061 -5.72 -5.656 -5.589 -5.348 -5.076 -4.757 -5.444 -5.31 -5.072 -4.747 -4.4 -3.987 -5.318 -4.975 -4.558 -4.236 -3.926 -4.959 -4.587 -4.271 -4.059 -4.027 -4.604 -4.812 -4.425 -3.292 -2.768 -2.155 -4.668
0.001094 -6.075 -5.977 -5.891 -5.604 -5.309 -4.973 -5.741 -5.561 -5.306 -4.963 -4.605 -4.182 -5.57 -5.203 -4.767 -4.436 -4.119 -5.188 -4.801 -4.478 -4.266 -4.252 -4.818 -5.033 -4.631 -3.476 -2.946 -2.328 -4.887
0.001127 -6.326 -6.205 -6.107 -5.791 -5.483 -5.137 -5.955 -5.746 -5.479 -5.127 -4.761 -4.332 -5.755 -5.373 -4.926 -4.589 -4.268 -5.36 -4.964 -4.637 -4.426 -4.425 -4.98 -5.199 -4.788 -3.619 -3.085 -2.465 -5.051
0.001161 -6.521 -6.384 -6.279 -5.943 -5.625 -5.272 -6.125 -5.896 -5.622 -5.262 -4.892 -4.458 -5.905 -5.513 -5.059 -4.718 -4.394 -5.501 -5.099 -4.769 -4.56 -4.569 -5.115 -5.336 -4.919 -3.74 -3.204 -2.582 -5.187
0.001196 -6.684 -6.534 -6.423 -6.072 -5.749 -5.39 -6.269 -6.025 -5.745 -5.38 -5.006 -4.569 -6.034 -5.635 -5.175 -4.831 -4.505 -5.624 -5.217 -4.886 -4.677 -4.695 -5.232 -5.455 -5.034 -3.848 -3.31 -2.687 -5.306
0.001232 -6.824 -6.664 -6.549 -6.188 -5.859 -5.497 -6.394 -6.139 -5.855 -5.486 -5.11 -4.671 -6.149 -5.744 -5.279 -4.933 -4.606 -5.733 -5.324 -4.991 -4.784 -4.808 -5.338 -5.563 -5.137 -3.946 -3.408 -2.783 -5.413
0.001269 -6.949 -6.781 -6.663 -6.293 -5.96 -5.595 -6.508 -6.244 -5.956 -5.584 -5.206 -4.764 -6.253 -5.843 -5.376 -5.028 -4.699 -5.834 -5.422 -5.088 -4.882 -4.912 -5.435 -5.661 -5.233 -4.038 -3.498 -2.873 -5.511
0.001308 -7.062 -6.888 -6.767 -6.39 -6.054 -5.686 -6.611 -6.34 -6.05 -5.676 -5.296 -4.853 -6.35 -5.937 -5.466 -5.117 -4.787 -5.928 -5.514 -5.179 -4.974 -5.009 -5.526 -5.753 -5.323 -4.125 -3.584 -2.958 -5.603
0.001347 -7.166 -6.986 -6.863 -6.481 -6.142 -5.773 -6.708 -6.431 -6.138 -5.762 -5.381 -4.937 -6.44 -6.024 -5.552 -5.202 -4.871 -6.017 -5.601 -5.266 -5.061 -5.1 -5.613 -5.84 -5.409 -4.207 -3.666 -3.04 -5.689
0.001388 -7.263 -7.079 -6.954 -6.567 -6.226 -5.855 -6.798 -6.517 -6.222 -5.845 -5.462 -5.017 -6.526 -6.108 -5.634 -5.283 -4.951 -6.101 -5.684 -5.348 -5.144 -5.186 -5.695 -5.923 -5.49 -4.287 -3.745 -3.118 -5.772
0.00143 -7.353 -7.166 -7.04 -6.649 -6.307 -5.935 -6.884 -6.599 -6.303 -5.924 -5.541 -5.095 -6.608 -6.188 -5.713 -5.361 -5.029 -6.181 -5.763 -5.427 -5.223 -5.269 -5.774 -6.003 -5.569 -4.364 -3.822 -3.194 -5.852
0.001473 -7.439 -7.249 -7.122 -6.728 -6.385 -6.011 -6.966 -6.677 -6.381 -6.001 -5.617 -5.17 -6.687 -6.266 -5.789 -5.437 -5.104 -6.259 -5.84 -5.504 -5.3 -5.348 -5.851 -6.08 -5.645 -4.438 -3.896 -3.268 -5.929
0.001518 -7.521 -7.329 -7.2 -6.805 -6.46 -6.086 -7.045 -6.754 -6.456 -6.075 -5.691 -5.243 -6.763 -6.341 -5.863 -5.51 -5.177 -6.334 -5.915 -5.578 -5.375 -5.425 -5.925 -6.154 -5.719 -4.511 -3.968 -3.34 -6.003
0.001564 -7.6 -7.405 -7.276 -6.879 -6.533 -6.158 -7.121 -6.827 -6.529 -6.148 -5.763 -5.315 -6.837 -6.413 -5.935 -5.582 -5.249 -6.407 -5.987 -5.651 -5.448 -5.499 -5.997 -6.227 -5.791 -4.582 -4.039 -3.411 -6.075
0.001611 -7.675 -7.479 -7.35 -6.95 -6.604 -6.229 -7.194 -6.899 -6.6 -6.218 -5.833 -5.385 -6.909 -6.484 -6.005 -5.652 -5.319 -6.479 -6.058 -5.721 -5.519 -5.571 -6.068 -6.298 -5.861 -4.652 -4.108 -3.48 -6.146
0.00166 -7.748 -7.551 -7.421 -7.02 -6.674 -6.298 -7.265 -6.969 -6.67 -6.287 -5.902 -5.454 -6.979 -6.554 -6.075 -5.721 -5.387 -6.548 -6.127 -5.791 -5.588 -5.641 -6.137 -6.367 -5.93 -4.72 -4.177 -3.548 -6.216
0.00171 -7.818 -7.62 -7.49 -7.089 -6.742 -6.366 -7.334 -7.038 -6.738 -6.355 -5.97 -5.521 -7.047 -6.622 -6.142 -5.788 -5.455 -6.617 -6.195 -5.858 -5.656 -5.71 -6.205 -6.435 -5.998 -4.787 -4.244 -3.616 -6.283
0.001761 -7.886 -7.688 -7.558 -7.156 -6.809 -6.433 -7.402 -7.105 -6.805 -6.422 -6.036 -5.588 -7.114 -6.689 -6.209 -5.855 -5.521 -6.683 -6.262 -5.925 -5.723 -5.777 -6.272 -6.502 -6.064 -4.854 -4.31 -3.682 -6.35
0.001815 -7.953 -7.754 -7.624 -7.222 -6.874 -6.498 -7.468 -7.17 -6.871 -6.488 -6.102 -5.653 -7.18 -6.755 -6.275 -5.921 -5.587 -6.749 -6.328 -5.991 -5.789 -5.843 -6.337 -6.568 -6.13 -4.919 -4.376 -3.747 -6.416
0.00187 -8.018 -7.819 -7.689 -7.287 -6.939 -6.563 -7.533 -7.235 -6.935 -6.553 -6.167 -5.718 -7.245 -6.819 -6.339 -5.985 -5.652 -6.814 -6.393 -6.056 -5.853 -5.908 -6.402 -6.632 -6.195 -4.984 -4.441 -3.812 -6.481
0.001926 -8.081 -7.883 -7.752 -7.351 -7.003 -6.627 -7.596 -7.299 -6.999 -6.616 -6.231 -5.782 -7.309 -6.883 -6.403 -6.049 -5.716 -6.878 -6.457 -6.12 -5.917 -5.972 -6.466 -6.696 -6.259 -5.048 -4.505 -3.876 -6.545
0.001984 -8.143 -7.945 -7.815 -7.413 -7.066 -6.69 -7.659 -7.362 -7.062 -6.68 -6.294 -5.845 -7.372 -6.946 -6.466 -6.113 -5.779 -6.941 -6.52 -6.183 -5.98 -6.035 -6.529 -6.759 -6.322 -5.111 -4.568 -3.94 -6.608
0.002044 -8.204 -8.006 -7.876 -7.475 -7.128 -6.753 -7.72 -7.424 -7.124 -6.742 -6.356 -5.908 -7.434 -7.009 -6.529 -6.175 -5.842 -7.003 -6.582 -6.245 -6.043 -6.096 -6.592 -6.822 -6.384 -5.174 -4.631 -4.003 -6.67
0.002106 -8.263 -8.066 -7.936 -7.536 -7.19 -6.814 -7.781 -7.485 -7.186 -6.804 -6.418 -5.97 -7.495 -7.07 -6.591 -6.237 -5.904 -7.064 -6.644 -6.307 -6.104 -6.157 -6.653 -6.883 -6.446 -5.236 -4.693 -4.065 -6.732
0.00217 -8.321 -8.126 -7.996 -7.597 -7.251 -6.876 -7.84 -7.546 -7.247 -6.865 -6.48 -6.032 -7.555 -7.131 -6.652 -6.299 -5.966 -7.125 -6.705 -6.368 -6.165 -6.218 -6.715 -6.944 -6.508 -5.298 -4.755 -4.127 -6.793
0.002236 -8.379 -8.184 -8.055 -7.657 -7.311 -6.936 -7.899 -7.606 -7.307 -6.926 -6.54 -6.093 -7.615 -7.191 -6.713 -6.36 -6.027 -7.186 -6.765 -6.429 -6.226 -6.277 -6.775 -7.005 -6.568 -5.36 -4.817 -4.188 -6.853
0.002303 -8.435 -8.242 -8.113 -7.716 -7.371 -6.996 -7.957 -7.665 -7.367 -6.986 -6.601 -6.153 -7.675 -7.251 -6.773 -6.42 -6.087 -7.245 -6.825 -6.489 -6.286 -6.336 -6.835 -7.065 -6.629 -5.42 -4.878 -4.25 -6.914
0.002373 -8.491 -8.299 -8.17 -7.775 -7.43 -7.056 -8.015 -7.724 -7.426 -7.045 -6.661 -6.214 -7.733 -7.311 -6.833 -6.48 -6.147 -7.304 -6.885 -6.548 -6.345 -6.395 -6.895 -7.124 -6.689 -5.481 -4.938 -4.31 -6.973
0.002445 -8.546 -8.355 -8.227 -7.833 -7.488 -7.115 -8.071 -7.782 -7.485 -7.104 -6.72 -6.273 -7.791 -7.369 -6.892 -6.54 -6.207 -7.363 -6.944 -6.608 -6.404 -6.453 -6.954 -7.183 -6.748 -5.541 -4.999 -4.371 -7.032
0.002519 -8.6 -8.41 -8.283 -7.89 -7.547 -7.174 -8.128 -7.839 -7.543 -7.163 -6.779 -6.333 -7.849 -7.428 -6.951 -6.599 -6.267 -7.421 -7.003 -6.666 -6.463 -6.51 -7.013 -7.242 -6.807 -5.601 -5.059 -4.431 -7.091
0.002595 -8.653 -8.465 -8.339 -7.947 -7.605 -7.232 -8.183 -7.897 -7.601 -7.222 -6.838 -6.392 -7.906 -7.486 -7.01 -6.658 -6.326 -7.479 -7.061 -6.725 -6.521 -6.567 -7.071 -7.3 -6.866 -5.66 -5.118 -4.491 -7.149
0.002673 -8.706 -8.52 -8.394 -8.004 -7.662 -7.29 -8.238 -7.953 -7.658 -7.28 -6.896 -6.451 -7.963 -7.543 -7.068 -6.717 -6.385 -7.536 -7.119 -6.783 -6.579 -6.624 -7.13 -7.358 -6.924 -5.719 -5.178 -4.55 -7.207
0.002754 -8.758 -8.573 -8.448 -8.06 -7.719 -7.348 -8.293 -8.01 -7.715 -7.337 -6.955 -6.509 -8.019 -7.601 -7.126 -6.775 -6.443 -7.593 -7.176 -6.84 -6.636 -6.68 -7.187 -7.416 -6.982 -5.778 -5.237 -4.609 -7.265
0.002837 -8.81 -8.627 -8.502 -8.116 -7.776 -7.405 -8.347 -8.066 -7.772 -7.394 -7.012 -6.567 -8.075 -7.658 -7.184 -6.833 -6.501 -7.65 -7.233 -6.898 -6.693 -6.735 -7.245 -7.473 -7.04 -5.837 -5.295 -4.668 -7.322
0.002923 -8.861 -8.68 -8.556 -8.171 -7.832 -7.462 -8.4 -8.121 -7.828 -7.451 -7.07 -6.625 -8.131 -7.714 -7.241 -6.89 -6.559 -7.706 -7.29 -6.955 -6.75 -6.791 -7.302 -7.53 -7.097 -5.895 -5.354 -4.727 -7.379
0.003012 -8.911 -8.732 -8.609 -8.226 -7.888 -7.519 -8.453 -8.176 -7.884 -7.508 -7.127 -6.683 -8.186 -7.77 -7.298 -6.948 -6.617 -7.762 -7.347 -7.012 -6.807 -6.846 -7.359 -7.586 -7.155 -5.953 -5.412 -4.786 -7.435
0.003103 -8.961 -8.784 -8.661 -8.281 -7.944 -7.575 -8.506 -8.231 -7.94 -7.565 -7.184 -6.74 -8.241 -7.826 -7.355 -7.005 -6.675 -7.818 -7.403 -7.068 -6.863 -6.9 -7.415 -7.642 -7.212 -6.011 -5.471 -4.844 -7.492
0.003196 -9.01 -8.835 -8.713 -8.336 -7.999 -7.631 -8.558 -8.286 -7.995 -7.621 -7.241 -6.797 -8.295 -7.882 -7.411 -7.062 -6.732 -7.873 -7.459 -7.124 -6.919 -6.955 -7.471 -7.698 -7.268 -6.069 -5.528 -4.902 -7.548
0.003293 -9.059 -8.886 -8.765 -8.39 -8.054 -7.687 -8.61 -8.34 -8.05 -7.677 -7.297 -6.854 -8.35 -7.937 -7.467 -7.118 -6.789 -7.929 -7.515 -7.18 -6.974 -7.009 -7.527 -7.754 -7.325 -6.127 -5.586 -4.96 -7.604
0.003393 -9.107 -8.937 -8.817 -8.443 -8.109 -7.743 -8.662 -8.394 -8.105 -7.732 -7.353 -6.911 -8.404 -7.992 -7.523 -7.175 -6.846 -7.983 -7.57 -7.236 -7.03 -7.063 -7.583 -7.809 -7.381 -6.184 -5.644 -5.018 -7.659
0.003495 -9.155 -8.987 -8.868 -8.497 -8.163 -7.798 -8.713 -8.448 -8.16 -7.788 -7.409 -6.967 -8.457 -8.047 -7.579 -7.231 -6.902 -8.038 -7.626 -7.292 -7.085 -7.116 -7.639 -7.865 -7.437 -6.241 -5.701 -5.076 -7.714
0.003601 -9.203 -9.036 -8.919 -8.55 -8.218 -7.853 -8.764 -8.501 -8.214 -7.843 -7.465 -7.024 -8.511 -8.102 -7.635 -7.287 -6.959 -8.092 -7.681 -7.347 -7.14 -7.17 -7.694 -7.92 -7.492 -6.298 -5.758 -5.133 -7.769
0.00371 -9.25 -9.086 -8.969 -8.603 -8.272 -7.908 -8.814 -8.554 -8.268 -7.898 -7.52 -7.08 -8.564 -8.156 -7.69 -7.343 -7.015 -8.146 -7.735 -7.402 -7.195 -7.223 -7.749 -7.974 -7.548 -6.355 -5.815 -5.19 -7.824
0.003822 -9.296 -9.135 -9.019 -8.655 -8.326 -7.963 -8.864 -8.607 -8.322 -7.953 -7.576 -7.136 -8.616 -8.21 -7.745 -7.399 -7.071 -8.2 -7.79 -7.457 -7.25 -7.276 -7.804 -8.029 -7.603 -6.411 -5.872 -5.248 -7.879
0.003938 -9.343 -9.184 -9.069 -8.708 -8.379 -8.018 -8.914 -8.66 -8.375 -8.007 -7.631 -7.192 -8.669 -8.264 -7.8 -7.454 -7.127 -8.254 -7.845 -7.512 -7.304 -7.329 -7.858 -8.083 -7.658 -6.468 -5.929 -5.305 -7.933
0.004057 -9.389 -9.232 -9.118 -8.76 -8.433 -8.072 -8.963 -8.712 -8.429 -8.061 -7.686 -7.247 -8.721 -8.318 -7.855 -7.509 -7.182 -8.307 -7.899 -7.566 -7.359 -7.381 -7.913 -8.137 -7.713 -6.524 -5.986 -5.361 -7.988
0.00418 -9.434 -9.28 -9.167 -8.812 -8.486 -8.126 -9.013 -8.764 -8.482 -8.116 -7.741 -7.303 -8.773 -8.371 -7.909 -7.565 -7.238 -8.361 -7.953 -7.621 -7.413 -7.433 -7.967 -8.191 -7.768 -6.58 -6.042 -5.418 -8.042
0.004306 -9.479 -9.328 -9.216 -8.863 -8.539 -8.18 -9.062 -8.816 -8.535 -8.17 -7.795 -7.358 -8.825 -8.425 -7.964 -7.62 -7.293 -8.414 -8.007 -7.675 -7.467 -7.486 -8.021 -8.245 -7.823 -6.636 -6.098 -5.475 -8.095
0.004436 -9.524 -9.375 -9.264 -8.915 -8.591 -8.234 -9.11 -8.867 -8.588 -8.223 -7.85 -7.413 -8.877 -8.478 -8.018 -7.674 -7.348 -8.467 -8.06 -7.729 -7.521 -7.538 -8.075 -8.298 -7.877 -6.692 -6.155 -5.531 -8.149
0.00457 -9.568 -9.422 -9.313 -8.966 -8.644 -8.287 -9.159 -8.919 -8.64 -8.277 -7.904 -7.468 -8.928 -8.531 -8.072 -7.729 -7.404 -8.519 -8.114 -7.783 -7.574 -7.59 -8.129 -8.352 -7.931 -6.748 -6.211 -5.588 -8.203
0.004709 -9.612 -9.469 -9.361 -9.017 -8.696 -8.341 -9.207 -8.97 -8.693 -8.33 -7.959 -7.523 -8.979 -8.583 -8.126 -7.784 -7.459 -8.572 -8.167 -7.837 -7.628 -7.641 -8.183 -8.405 -7.986 -6.803 -6.267 -5.644 -8.256
0.004851 -9.656 -9.515 -9.408 -9.068 -8.749 -8.394 -9.254 -9.021 -8.745 -8.384 -8.013 -7.578 -9.03 -8.636 -8.18 -7.838 -7.513 -8.624 -8.221 -7.891 -7.681 -7.693 -8.236 -8.458 -8.04 -6.859 -6.322 -5.7 -8.309
0.004998 -9.7 -9.561 -9.456 -9.118 -8.801 -8.447 -9.302 -9.072 -8.797 -8.437 -8.066 -7.632 -9.081 -8.688 -8.233 -7.892 -7.568 -8.676 -8.274 -7.944 -7.735 -7.744 -8.289 -8.511 -8.093 -6.914 -6.378 -5.756 -8.362
0.005149 -9.743 -9.607 -9.503 -9.169 -8.852 -8.5 -9.349 -9.123 -8.849 -8.49 -8.12 -7.687 -9.132 -8.74 -8.287 -7.946 -7.623 -8.728 -8.327 -7.998 -7.788 -7.796 -8.343 -8.564 -8.147 -6.969 -6.434 -5.812 -8.415
0.005305 -9.786 -9.653 -9.549 -9.219 -8.904 -8.553 -9.396 -9.173 -8.9 -8.543 -8.174 -7.741 -9.182 -8.793 -8.34 -8.0 -7.677 -8.78 -8.38 -8.051 -7.841 -7.847 -8.396 -8.616 -8.201 -7.024 -6.489 -5.868 -8.468
0.005465 -9.828 -9.698 -9.596 -9.269 -8.956 -8.606 -9.443 -9.223 -8.952 -8.595 -8.227 -7.795 -9.232 -8.844 -8.393 -8.054 -7.731 -8.832 -8.432 -8.104 -7.894 -7.898 -8.448 -8.669 -8.254 -7.079 -6.545 -5.924 -8.52
0.00563 -9.87 -9.743 -9.642 -9.318 -9.007 -8.658 -9.49 -9.273 -9.003 -8.648 -8.281 -7.849 -9.282 -8.896 -8.446 -8.108 -7.786 -8.883 -8.485 -8.157 -7.946 -7.949 -8.501 -8.721 -8.307 -7.134 -6.6 -5.979 -8.573
0.005801 -9.912 -9.788 -9.688 -9.368 -9.058 -8.711 -9.536 -9.323 -9.054 -8.7 -8.334 -7.903 -9.332 -8.948 -8.499 -8.162 -7.84 -8.934 -8.537 -8.21 -7.999 -8.0 -8.554 -8.773 -8.361 -7.189 -6.655 -6.035 -8.625
0.005976 -9.954 -9.832 -9.734 -9.417 -9.109 -8.763 -9.582 -9.373 -9.105 -8.753 -8.387 -7.957 -9.382 -8.999 -8.552 -8.215 -7.894 -8.986 -8.59 -8.263 -8.052 -8.051 -8.606 -8.825 -8.414 -7.244 -6.711 -6.09 -8.677
0.006157 -9.995 -9.876 -9.78 -9.467 -9.16 -8.815 -9.628 -9.422 -9.156 -8.805 -8.44 -8.011 -9.431 -9.05 -8.605 -8.268 -7.948 -9.037 -8.642 -8.315 -8.104 -8.101 -8.658 -8.877 -8.467 -7.299 -6.766 -6.146 -8.729
0.006343 -10.036 -9.92 -9.825 -9.516 -9.211 -8.867 -9.673 -9.471 -9.207 -8.857 -8.493 -8.065 -9.48 -9.101 -8.657 -8.322 -8.002 -9.088 -8.694 -8.368 -8.157 -8.152 -8.711 -8.928 -8.519 -7.353 -6.821 -6.201 -8.781
0.006535 -10.076 -9.964 -9.87 -9.564 -9.261 -8.919 -9.719 -9.52 -9.257 -8.908 -8.546 -8.118 -9.529 -9.152 -8.71 -8.375 -8.055 -9.138 -8.746 -8.42 -8.209 -8.203 -8.763 -8.98 -8.572 -7.408 -6.876 -6.257 -8.833
0.006732 -10.117 -10.007 -9.915 -9.613 -9.312 -8.97 -9.764 -9.569 -9.308 -8.96 -8.598 -8.172 -9.578 -9.203 -8.762 -8.428 -8.109 -9.189 -8.797 -8.473 -8.261 -8.253 -8.815 -9.031 -8.625 -7.462 -6.93 -6.312 -8.884
0.006936 -10.157 -10.05 -9.96 -9.661 -9.362 -9.022 -9.809 -9.618 -9.358 -9.012 -8.651 -8.225 -9.627 -9.254 -8.814 -8.481 -8.162 -9.24 -8.849 -8.525 -8.313 -8.303 -8.866 -9.083 -8.677 -7.516 -6.985 -6.367 -8.936
0.007146 -10.197 -10.093 -10.004 -9.71 -9.412 -9.073 -9.853 -9.667 -9.408 -9.063 -8.703 -8.278 -9.676 -9.305 -8.866 -8.534 -8.216 -9.29 -8.901 -8.577 -8.365 -8.354 -8.918 -9.134 -8.73 -7.571 -7.04 -6.422 -8.987
0.007362 -10.236 -10.136 -10.048 -9.758 -9.462 -9.125 -9.898 -9.715 -9.458 -9.115 -8.756 -8.332 -9.724 -9.355 -8.918 -8.586 -8.269 -9.34 -8.952 -8.629 -8.417 -8.404 -8.97 -9.185 -8.782 -7.625 -7.094 -6.477 -9.038
0.007585 -10.275 -10.178 -10.092 -9.806 -9.512 -9.176 -9.942 -9.763 -9.508 -9.166 -8.808 -8.385 -9.772 -9.405 -8.97 -8.639 -8.322 -9.39 -9.004 -8.681 -8.469 -8.454 -9.021 -9.236 -8.834 -7.679 -7.149 -6.532 -9.089
0.007814 -10.314 -10.22 -10.136 -9.853 -9.561 -9.227 -9.986 -9.811 -9.557 -9.217 -8.86 -8.438 -9.82 -9.455 -9.022 -8.692 -8.375 -9.44 -9.055 -8.733 -8.521 -8.504 -9.072 -9.286 -8.886 -7.733 -7.203 -6.587 -9.14
0.00805 -10.353 -10.262 -10.179 -9.901 -9.611 -9.278 -10.03 -9.859 -9.607 -9.268 -8.912 -8.491 -9.868 -9.505 -9.073 -8.744 -8.428 -9.49 -9.106 -8.785 -8.573 -8.554 -9.123 -9.337 -8.938 -7.787 -7.258 -6.642 -9.191
0.008294 -10.391 -10.303 -10.223 -9.948 -9.66 -9.329 -10.074 -9.907 -9.656 -9.319 -8.964 -8.543 -9.916 -9.555 -9.125 -8.796 -8.481 -9.54 -9.157 -8.836 -8.624 -8.604 -9.175 -9.387 -8.99 -7.841 -7.312 -6.696 -9.242
0.008545 -10.429 -10.345 -10.266 -9.996 -9.709 -9.38 -10.117 -9.955 -9.706 -9.37 -9.016 -8.596 -9.963 -9.605 -9.176 -8.849 -8.534 -9.589 -9.208 -8.888 -8.676 -8.654 -9.226 -9.438 -9.041 -7.894 -7.366 -6.751 -9.292
0.008803 -10.467 -10.386 -10.308 -10.043 -9.758 -9.43 -10.16 -10.002 -9.755 -9.42 -9.067 -8.649 -10.011 -9.654 -9.227 -8.901 -8.587 -9.639 -9.259 -8.94 -8.727 -8.704 -9.276 -9.488 -9.093 -7.948 -7.421 -6.806 -9.343
0.009069 -10.505 -10.426 -10.351 -10.089 -9.807 -9.481 -10.203 -10.049 -9.804 -9.471 -9.119 -8.701 -10.058 -9.704 -9.279 -8.953 -8.64 -9.688 -9.309 -8.991 -8.779 -8.754 -9.327 -9.538 -9.145 -8.002 -7.475 -6.86 -9.393
0.009344 -10.542 -10.467 -10.393 -10.136 -9.856 -9.531 -10.246 -10.096 -9.852 -9.521 -9.17 -8.754 -10.105 -9.753 -9.33 -9.005 -8.692 -9.737 -9.36 -9.042 -8.83 -8.803 -9.378 -9.588 -9.196 -8.055 -7.529 -6.915 -9.443
0.009626 -10.579 -10.507 -10.435 -10.183 -9.905 -9.581 -10.288 -10.143 -9.901 -9.571 -9.222 -8.806 -10.152 -9.803 -9.381 -9.057 -8.745 -9.786 -9.411 -9.094 -8.881 -8.853 -9.428 -9.638 -9.247 -8.109 -7.583 -6.969 -9.494
0.009917 -10.616 -10.547 -10.477 -10.229 -9.953 -9.632 -10.331 -10.19 -9.95 -9.622 -9.273 -8.858 -10.198 -9.852 -9.432 -9.108 -8.797 -9.835 -9.461 -9.145 -8.932 -8.903 -9.479 -9.688 -9.299 -8.162 -7.637 -7.023 -9.544
0.010217 -10.652 -10.587 -10.519 -10.275 -10.002 -9.682 -10.373 -10.237 -9.998 -9.672 -9.324 -8.911 -10.245 -9.901 -9.482 -9.16 -8.85 -9.884 -9.511 -9.196 -8.984 -8.952 -9.529 -9.738 -9.35 -8.215 -7.691 -7.078 -9.594
0.010526 -10.688 -10.626 -10.56 -10.321 -10.05 -9.732 -10.415 -10.283 -10.046 -9.722 -9.375 -8.963 -10.291 -9.949 -9.533 -9.212 -8.902 -9.933 -9.562 -9.247 -9.035 -9.002 -9.579 -9.787 -9.401 -8.269 -7.745 -7.132 -9.643
0.010845 -10.724 -10.665 -10.601 -10.367 -10.098 -9.781 -10.456 -10.329 -10.094 -9.771 -9.426 -9.015 -10.338 -9.998 -9.584 -9.263 -8.954 -9.982 -9.612 -9.298 -9.086 -9.051 -9.629 -9.837 -9.452 -8.322 -7.798 -7.186 -9.693
0.011173 -10.759 -10.704 -10.642 -10.413 -10.146 -9.831 -10.498 -10.375 -10.142 -9.821 -9.477 -9.067 -10.384 -10.047 -9.634 -9.315 -9.006 -10.03 -9.662 -9.349 -9.136 -9.101 -9.679 -9.886 -9.502 -8.375 -7.852 -7.24 -9.743
0.011511 -10.795 -10.743 -10.683 -10.459 -10.194 -9.881 -10.539 -10.421 -10.19 -9.871 -9.528 -9.119 -10.429 -10.095 -9.684 -9.366 -9.058 -10.078 -9.712 -9.399 -9.187 -9.15 -9.729 -9.935 -9.553 -8.428 -7.906 -7.295 -9.792
0.011859 -10.83 -10.781 -10.723 -10.504 -10.242 -9.93 -10.58 -10.467 -10.238 -9.92 -9.579 -9.171 -10.475 -10.143 -9.735 -9.417 -9.11 -10.127 -9.762 -9.45 -9.238 -9.199 -9.779 -9.984 -9.604 -8.481 -7.959 -7.349 -9.841
0.012217 -10.864 -10.819 -10.763 -10.549 -10.289 -9.98 -10.621 -10.513 -10.286 -9.97 -9.629 -9.222 -10.521 -10.192 -9.785 -9.468 -9.162 -10.175 -9.811 -9.501 -9.289 -9.249 -9.829 -10.033 -9.654 -8.534 -8.013 -7.403 -9.891
0.012587 -10.899 -10.857 -10.803 -10.594 -10.337 -10.029 -10.662 -10.558 -10.333 -10.019 -9.68 -9.274 -10.566 -10.24 -9.835 -9.52 -9.214 -10.223 -9.861 -9.551 -9.339 -9.298 -9.878 -10.082 -9.705 -8.587 -8.066 -7.457 -9.94
0.012968 -10.933 -10.895 -10.843 -10.639 -10.384 -10.078 -10.702 -10.603 -10.38 -10.068 -9.73 -9.326 -10.611 -10.288 -9.885 -9.571 -9.266 -10.271 -9.911 -9.602 -9.39 -9.347 -9.928 -10.131 -9.755 -8.64 -8.12 -7.511 -9.989
0.01336 -10.967 -10.932 -10.882 -10.684 -10.431 -10.127 -10.743 -10.648 -10.428 -10.117 -9.781 -9.377 -10.656 -10.335 -9.935 -9.621 -9.318 -10.318 -9.96 -9.652 -9.441 -9.396 -9.977 -10.179 -9.806 -8.693 -8.173 -7.565 -10.038
0.013764 -11.0 -10.969 -10.922 -10.728 -10.478 -10.176 -10.783 -10.693 -10.475 -10.166 -9.831 -9.429 -10.701 -10.383 -9.985 -9.672 -9.369 -10.366 -10.01 -9.702 -9.491 -9.446 -10.026 -10.228 -9.856 -8.746 -8.227 -7.618 -10.087
0.01418 -11.034 -11.006 -10.961 -10.773 -10.525 -10.225 -10.823 -10.738 -10.522 -10.215 -9.881 -9.48 -10.746 -10.431 -10.034 -9.723 -9.421 -10.414 -10.059 -9.753 -9.541 -9.495 -10.076 -10.276 -9.906 -8.798 -8.28 -7.672 -10.135
0.014609 -11.066 -11.043 -11.0 -10.817 -10.572 -10.274 -10.862 -10.783 -10.568 -10.264 -9.931 -9.531 -10.791 -10.478 -10.084 -9.774 -9.472 -10.461 -10.108 -9.803 -9.592 -9.544 -10.125 -10.325 -9.956 -8.851 -8.333 -7.726 -10.184
0.015051 -11.099 -11.079 -11.038 -10.861 -10.619 -10.322 -10.902 -10.827 -10.615 -10.312 -9.981 -9.582 -10.835 -10.525 -10.133 -9.824 -9.524 -10.508 -10.157 -9.853 -9.642 -9.593 -10.174 -10.373 -10.006 -8.903 -8.386 -7.78 -10.232
0.015506 -11.131 -11.115 -11.076 -10.905 -10.665 -10.371 -10.941 -10.872 -10.661 -10.361 -10.031 -9.634 -10.879 -10.573 -10.183 -9.875 -9.575 -10.556 -10.206 -9.903 -9.692 -9.642 -10.222 -10.421 -10.056 -8.956 -8.439 -7.833 -10.281
0.015975 -11.163 -11.15 -11.114 -10.948 -10.711 -10.419 -10.98 -10.916 -10.708 -10.409 -10.081 -9.685 -10.923 -10.62 -10.232 -9.925 -9.626 -10.603 -10.255 -9.953 -9.743 -9.691 -10.271 -10.469 -10.105 -9.008 -8.493 -7.887 -10.329
0.016458 -11.195 -11.186 -11.152 -10.992 -10.758 -10.467 -11.019 -10.96 -10.754 -10.458 -10.131 -9.736 -10.967 -10.667 -10.281 -9.976 -9.677 -10.65 -10.304 -10.003 -9.793 -9.74 -10.32 -10.517 -10.155 -9.061 -8.546 -7.941 -10.377
0.016956 -11.227 -11.221 -11.19 -11.035 -10.804 -10.516 -11.057 -11.003 -10.8 -10.506 -10.18 -9.787 -11.011 -10.713 -10.33 -10.026 -9.728 -10.696 -10.353 -10.052 -9.843 -9.788 -10.368 -10.564 -10.204 -9.113 -8.599 -7.994 -10.425
0.017469 -11.258 -11.256 -11.227 -11.078 -10.85 -10.564 -11.096 -11.047 -10.846 -10.554 -10.23 -9.837 -11.055 -10.76 -10.379 -10.076 -9.779 -10.743 -10.401 -10.102 -9.893 -9.837 -10.417 -10.612 -10.254 -9.165 -8.652 -8.048 -10.473
0.017997 -11.289 -11.29 -11.264 -11.121 -10.896 -10.612 -11.134 -11.091 -10.892 -10.602 -10.279 -9.888 -11.098 -10.807 -10.428 -10.126 -9.83 -10.79 -10.45 -10.152 -9.943 -9.886 -10.465 -10.659 -10.303 -9.218 -8.704 -8.101 -10.521
0.018541 -11.319 -11.324 -11.301 -11.164 -10.941 -10.659 -11.172 -11.134 -10.938 -10.65 -10.329 -9.939 -11.141 -10.853 -10.477 -10.176 -9.881 -10.836 -10.498 -10.201 -9.992 -9.935 -10.513 -10.707 -10.353 -9.27 -8.757 -8.155 -10.569
0.019102 -11.349 -11.358 -11.338 -11.206 -10.987 -10.707 -11.21 -11.177 -10.983 -10.698 -10.378 -9.989 -11.184 -10.899 -10.526 -10.226 -9.932 -10.882 -10.547 -10.251 -10.042 -9.984 -10.562 -10.754 -10.402 -9.322 -8.81 -8.208 -10.616
0.01968 -11.379 -11.392 -11.374 -11.249 -11.032 -10.755 -11.247 -11.22 -11.028 -10.745 -10.427 -10.04 -11.227 -10.945 -10.574 -10.276 -9.983 -10.929 -10.595 -10.3 -10.092 -10.032 -10.61 -10.801 -10.451 -9.374 -8.863 -8.261 -10.664
0.020275 -11.409 -11.425 -11.41 -11.291 -11.077 -10.802 -11.284 -11.263 -11.074 -10.793 -10.476 -10.09 -11.27 -10.991 -10.623 -10.326 -10.034 -10.975 -10.643 -10.349 -10.142 -10.081 -10.657 -10.848 -10.5 -9.426 -8.916 -8.315 -10.711
0.020888 -11.438 -11.458 -11.446 -11.333 -11.122 -10.85 -11.321 -11.305 -11.119 -10.84 -10.525 -10.141 -11.312 -11.037 -10.671 -10.375 -10.084 -11.021 -10.691 -10.399 -10.191 -10.129 -10.705 -10.895 -10.549 -9.478 -8.968 -8.368 -10.758
0.02152 -11.467 -11.491 -11.481 -11.375 -11.167 -10.897 -11.358 -11.347 -11.164 -10.888 -10.574 -10.191 -11.354 -11.083 -10.719 -10.425 -10.135 -11.066 -10.739 -10.448 -10.241 -10.178 -10.753 -10.942 -10.597 -9.53 -9.021 -8.421 -10.806
0.022171 -11.495 -11.523 -11.516 -11.417 -11.212 -10.944 -11.395 -11.39 -11.209 -10.935 -10.623 -10.241 -11.397 -11.129 -10.768 -10.475 -10.185 -11.112 -10.787 -10.497 -10.29 -10.227 -10.801 -10.988 -10.646 -9.582 -9.073 -8.475 -10.853
0.022841 -11.524 -11.555 -11.551 -11.458 -11.257 -10.991 -11.432 -11.432 -11.253 -10.982 -10.672 -10.292 -11.439 -11.174 -10.816 -10.524 -10.236 -11.158 -10.835 -10.546 -10.34 -10.275 -10.848 -11.035 -10.695 -9.633 -9.126 -8.528 -10.9
0.023532 -11.552 -11.587 -11.586 -11.499 -11.301 -11.038 -11.468 -11.474 -11.298 -11.029 -10.72 -10.342 -11.48 -11.219 -10.864 -10.573 -10.286 -11.203 -10.883 -10.595 -10.389 -10.324 -10.895 -11.081 -10.743 -9.685 -9.178 -8.581 -10.946
0.024244 -11.579 -11.619 -11.621 -11.54 -11.346 -11.085 -11.504 -11.515 -11.342 -11.076 -10.769 -10.392 -11.522 -11.264 -10.912 -10.623 -10.336 -11.248 -10.93 -10.644 -10.438 -10.372 -10.943 -11.128 -10.792 -9.737 -9.231 -8.634 -10.993
0.024977 -11.606 -11.65 -11.655 -11.581 -11.39 -11.131 -11.54 -11.557 -11.386 -11.122 -10.817 -10.442 -11.563 -11.31 -10.959 -10.672 -10.386 -11.294 -10.978 -10.693 -10.488 -10.42 -10.99 -11.174 -10.84 -9.788 -9.283 -8.687 -11.04
0.025733 -11.633 -11.681 -11.689 -11.622 -11.434 -11.178 -11.575 -11.598 -11.43 -11.169 -10.865 -10.492 -11.604 -11.354 -11.007 -10.721 -10.436 -11.339 -11.025 -10.741 -10.537 -10.469 -11.037 -11.22 -10.888 -9.84 -9.336 -8.74 -11.086
0.026511 -11.66 -11.711 -11.722 -11.662 -11.478 -11.224 -11.611 -11.639 -11.474 -11.215 -10.914 -10.541 -11.645 -11.399 -11.055 -10.77 -10.486 -11.383 -11.072 -10.79 -10.586 -10.517 -11.084 -11.266 -10.936 -9.891 -9.388 -8.793 -11.132
0.027313 -11.686 -11.741 -11.756 -11.703 -11.522 -11.271 -11.646 -11.68 -11.518 -11.262 -10.962 -10.591 -11.686 -11.444 -11.102 -10.819 -10.536 -11.428 -11.12 -10.838 -10.635 -10.565 -11.131 -11.311 -10.984 -9.943 -9.44 -8.846 -11.179
0.028139 -11.712 -11.771 -11.789 -11.743 -11.565 -11.317 -11.681 -11.721 -11.562 -11.308 -11.01 -10.641 -11.727 -11.488 -11.149 -10.867 -10.586 -11.473 -11.167 -10.887 -10.684 -10.613 -11.177 -11.357 -11.032 -9.994 -9.492 -8.899 -11.225
0.02899 -11.737 -11.8 -11.822 -11.783 -11.609 -11.363 -11.715 -11.761 -11.605 -11.354 -11.058 -10.69 -11.767 -11.533 -11.197 -10.916 -10.636 -11.517 -11.214 -10.935 -10.733 -10.662 -11.224 -11.402 -11.08 -10.046 -9.545 -8.952 -11.271
0.029867 -11.763 -11.83 -11.854 -11.822 -11.652 -11.409 -11.75 -11.801 -11.648 -11.4 -11.106 -10.74 -11.807 -11.577 -11.244 -10.965 -10.686 -11.562 -11.26 -10.984 -10.782 -10.71 -11.27 -11.448 -11.128 -10.097 -9.597 -9.004 -11.317
0.03077 -11.787 -11.858 -11.886 -11.862 -11.695 -11.455 -11.784 -11.841 -11.691 -11.446 -11.153 -10.789 -11.847 -11.621 -11.291 -11.013 -10.735 -11.606 -11.307 -11.032 -10.83 -10.758 -11.317 -11.493 -11.175 -10.148 -9.649 -9.057 -11.362
0.031701 -11.812 -11.887 -11.918 -11.901 -11.738 -11.5 -11.818 -11.881 -11.734 -11.492 -11.201 -10.838 -11.887 -11.665 -11.338 -11.062 -10.785 -11.65 -11.354 -11.08 -10.879 -10.806 -11.363 -11.538 -11.223 -10.199 -9.701 -9.11 -11.408
0.032659 -11.836 -11.915 -11.95 -11.94 -11.781 -11.546 -11.852 -11.921 -11.777 -11.537 -11.249 -10.888 -11.927 -11.708 -11.384 -11.11 -10.834 -11.694 -11.4 -11.128 -10.928 -10.854 -11.409 -11.583 -11.27 -10.25 -9.753 -9.163 -11.453
0.033647 -11.859 -11.943 -11.981 -11.979 -11.823 -11.591 -11.886 -11.96 -11.82 -11.583 -11.296 -10.937 -11.966 -11.752 -11.431 -11.158 -10.884 -11.738 -11.447 -11.176 -10.976 -10.902 -11.455 -11.628 -11.318 -10.301 -9.805 -9.215 -11.499
0.034665 -11.883 -11.97 -12.012 -12.017 -11.866 -11.637 -11.919 -12.0 -11.862 -11.628 -11.343 -10.986 -12.005 -11.795 -11.478 -11.207 -10.933 -11.781 -11.493 -11.224 -11.025 -10.95 -11.501 -11.673 -11.365 -10.352 -9.857 -9.268 -11.544
0.035713 -11.906 -11.997 -12.043 -12.056 -11.908 -11.682 -11.952 -12.039 -11.904 -11.673 -11.391 -11.035 -12.044 -11.839 -11.524 -11.255 -10.982 -11.825 -11.539 -11.271 -11.073 -10.998 -11.547 -11.717 -11.412 -10.403 -9.909 -9.321 -11.589
0.036793 -11.928 -12.024 -12.073 -12.094 -11.95 -11.727 -11.985 -12.077 -11.947 -11.718 -11.438 -11.084 -12.083 -11.882 -11.57 -11.303 -11.032 -11.868 -11.586 -11.319 -11.122 -11.045 -11.592 -11.762 -11.459 -10.454 -9.96 -9.373 -11.634
0.037906 -11.95 -12.05 -12.103 -12.132 -11.992 -11.772 -12.017 -12.116 -11.988 -11.763 -11.485 -11.133 -12.121 -11.925 -11.617 -11.351 -11.081 -11.911 -11.632 -11.367 -11.17 -11.093 -11.638 -11.806 -11.506 -10.505 -10.012 -9.426 -11.679
0.039052 -11.972 -12.076 -12.133 -12.169 -12.034 -11.817 -12.05 -12.154 -12.03 -11.808 -11.532 -11.181 -12.16 -11.967 -11.663 -11.398 -11.13 -11.954 -11.677 -11.414 -11.218 -11.141 -11.683 -11.85 -11.553 -10.556 -10.064 -9.478 -11.724
0.040234 -11.993 -12.101 -12.162 -12.207 -12.075 -11.861 -12.082 -12.193 -12.072 -11.853 -11.578 -11.23 -12.198 -12.01 -11.709 -11.446 -11.179 -11.997 -11.723 -11.462 -11.266 -11.189 -11.728 -11.894 -11.599 -10.606 -10.115 -9.531 -11.768
0.04145 -12.014 -12.127 -12.191 -12.244 -12.116 -11.906 -12.114 -12.231 -12.113 -11.897 -11.625 -11.279 -12.236 -12.052 -11.755 -11.494 -11.227 -12.04 -11.769 -11.509 -11.314 -11.236 -11.773 -11.938 -11.646 -10.657 -10.167 -9.583 -11.813
0.042704 -12.035 -12.151 -12.22 -12.281 -12.158 -11.95 -12.146 -12.268 -12.154 -11.942 -11.672 -11.327 -12.273 -12.095 -11.8 -11.541 -11.276 -12.082 -11.814 -11.556 -11.362 -11.284 -11.818 -11.981 -11.692 -10.708 -10.219 -9.635 -11.857
0.043996 -12.055 -12.176 -12.249 -12.318 -12.199 -11.994 -12.177 -12.306 -12.195 -11.986 -11.718 -11.375 -12.31 -12.137 -11.846 -11.589 -11.325 -12.125 -11.86 -11.603 -11.41 -11.331 -11.863 -12.025 -11.738 -10.758 -10.27 -9.688 -11.901
0.045326 -12.074 -12.2 -12.277 -12.354 -12.239 -12.038 -12.208 -12.343 -12.236 -12.03 -11.764 -11.424 -12.348 -12.179 -11.891 -11.636 -11.373 -12.167 -11.905 -11.65 -11.458 -11.379 -11.908 -12.068 -11.785 -10.809 -10.322 -9.74 -11.945
0.046697 -12.093 -12.223 -12.304 -12.39 -12.28 -12.082 -12.239 -12.38 -12.277 -12.074 -11.811 -11.472 -12.384 -12.22 -11.937 -11.683 -11.422 -12.209 -11.95 -11.697 -11.506 -11.426 -11.953 -12.112 -11.831 -10.859 -10.373 -9.792 -11.989
0.048109 -12.112 -12.246 -12.332 -12.426 -12.32 -12.126 -12.27 -12.417 -12.317 -12.118 -11.857 -11.52 -12.421 -12.262 -11.982 -11.73 -11.47 -12.251 -11.995 -11.744 -11.553 -11.473 -11.997 -12.155 -11.877 -10.909 -10.424 -9.844 -12.033
0.049564 -12.131 -12.269 -12.359 -12.462 -12.361 -12.17 -12.3 -12.453 -12.357 -12.161 -11.903 -11.568 -12.457 -12.303 -12.027 -11.777 -11.519 -12.293 -12.04 -11.791 -11.601 -11.521 -12.041 -12.198 -11.922 -10.959 -10.476 -9.897 -12.077
0.051063 -12.149 -12.291 -12.386 -12.498 -12.401 -12.213 -12.33 -12.489 -12.397 -12.205 -11.948 -11.616 -12.493 -12.345 -12.072 -11.824 -11.567 -12.334 -12.085 -11.837 -11.649 -11.568 -12.086 -12.24 -11.968 -11.01 -10.527 -9.949 -12.12
0.052608 -12.166 -12.313 -12.412 -12.533 -12.44 -12.256 -12.36 -12.525 -12.437 -12.248 -11.994 -11.664 -12.529 -12.386 -12.117 -11.871 -11.615 -12.375 -12.129 -11.884 -11.696 -11.615 -12.13 -12.283 -12.014 -11.06 -10.578 -10.001 -12.163
0.054199 -12.183 -12.334 -12.438 -12.568 -12.48 -12.299 -12.39 -12.561 -12.477 -12.291 -12.04 -11.712 -12.565 -12.426 -12.161 -11.917 -11.663 -12.417 -12.174 -11.93 -11.743 -11.662 -12.173 -12.325 -12.059 -11.11 -10.629 -10.053 -12.207
0.055838 -12.2 -12.355 -12.464 -12.602 -12.519 -12.342 -12.42 -12.597 -12.516 -12.334 -12.085 -11.759 -12.6 -12.467 -12.206 -11.964 -11.711 -12.458 -12.218 -11.977 -11.791 -11.709 -12.217 -12.367 -12.105 -11.16 -10.68 -10.105 -12.25
0.057527 -12.216 -12.376 -12.489 -12.637 -12.559 -12.385 -12.449 -12.632 -12.556 -12.377 -12.131 -11.807 -12.635 -12.507 -12.25 -12.01 -11.759 -12.498 -12.262 -12.023 -11.838 -11.756 -12.261 -12.41 -12.15 -11.21 -10.731 -10.157 -12.292
0.059267 -12.231 -12.396 -12.514 -12.671 -12.598 -12.428 -12.478 -12.667 -12.595 -12.42 -12.176 -11.854 -12.67 -12.548 -12.295 -12.056 -11.807 -12.539 -12.307 -12.069 -11.885 -11.803 -12.304 -12.451 -12.195 -11.26 -10.782 -10.209 -12.335
0.061059 -12.246 -12.416 -12.538 -12.704 -12.636 -12.47 -12.506 -12.701 -12.633 -12.462 -12.221 -11.902 -12.705 -12.588 -12.339 -12.103 -11.854 -12.579 -12.35 -12.115 -11.932 -11.85 -12.347 -12.493 -12.24 -11.309 -10.833 -10.261 -12.378
0.062906 -12.261 -12.435 -12.562 -12.738 -12.675 -12.512 -12.535 -12.736 -12.672 -12.505 -12.266 -11.949 -12.739 -12.628 -12.383 -12.149 -11.902 -12.62 -12.394 -12.161 -11.979 -11.896 -12.391 -12.535 -12.284 -11.359 -10.884 -10.312 -12.42
0.064808 -12.275 -12.453 -12.586 -12.771 -12.713 -12.555 -12.563 -12.77 -12.71 -12.547 -12.311 -11.996 -12.773 -12.667 -12.426 -12.195 -11.949 -12.66 -12.438 -12.206 -12.025 -11.943 -12.434 -12.576 -12.329 -11.409 -10.935 -10.364 -12.462
0.066769 -12.289 -12.471 -12.609 -12.804 -12.751 -12.597 -12.59 -12.804 -12.748 -12.589 -12.355 -12.043 -12.806 -12.707 -12.47 -12.24 -11.997 -12.7 -12.481 -12.252 -12.072 -11.99 -12.476 -12.617 -12.374 -11.458 -10.986 -10.416 -12.504
0.068788 -12.302 -12.489 -12.632 -12.837 -12.789 -12.638 -12.618 -12.837 -12.786 -12.631 -12.4 -12.09 -12.84 -12.746 -12.514 -12.286 -12.044 -12.739 -12.525 -12.297 -12.119 -12.036 -12.519 -12.658 -12.418 -11.508 -11.036 -10.468 -12.546
0.070868 -12.315 -12.506 -12.654 -12.869 -12.827 -12.68 -12.645 -12.87 -12.824 -12.672 -12.444 -12.137 -12.873 -12.785 -12.557 -12.332 -12.091 -12.779 -12.568 -12.343 -12.165 -12.083 -12.562 -12.699 -12.462 -11.557 -11.087 -10.519 -12.588
0.073012 -12.327 -12.523 -12.677 -12.901 -12.864 -12.721 -12.672 -12.903 -12.861 -12.714 -12.489 -12.183 -12.906 -12.824 -12.6 -12.377 -12.138 -12.818 -12.611 -12.388 -12.211 -12.129 -12.604 -12.74 -12.506 -11.606 -11.137 -10.571 -12.629
0.07522 -12.339 -12.539 -12.698 -12.933 -12.901 -12.762 -12.699 -12.936 -12.898 -12.755 -12.533 -12.23 -12.938 -12.862 -12.643 -12.422 -12.185 -12.857 -12.654 -12.433 -12.258 -12.175 -12.646 -12.78 -12.55 -11.656 -11.188 -10.622 -12.671
0.077495 -12.35 -12.555 -12.719 -12.964 -12.938 -12.803 -12.725 -12.968 -12.935 -12.796 -12.577 -12.276 -12.97 -12.9 -12.686 -12.467 -12.232 -12.896 -12.696 -12.478 -12.304 -12.222 -12.688 -12.82 -12.594 -11.705 -11.238 -10.674 -12.712
0.079839 -12.36 -12.57 -12.74 -12.995 -12.975 -12.844 -12.752 -13.0 -12.972 -12.837 -12.62 -12.323 -13.002 -12.938 -12.729 -12.512 -12.278 -12.934 -12.739 -12.523 -12.35 -12.268 -12.73 -12.86 -12.638 -11.754 -11.289 -10.725 -12.753
0.082253 -12.37 -12.584 -12.76 -13.025 -13.011 -12.885 -12.777 -13.032 -13.008 -12.878 -12.664 -12.369 -13.033 -12.976 -12.771 -12.557 -12.325 -12.972 -12.781 -12.568 -12.396 -12.314 -12.771 -12.9 -12.681 -11.803 -11.339 -10.777 -12.794
0.084741 -12.38 -12.598 -12.78 -13.056 -13.047 -12.925 -12.803 -13.063 -13.044 -12.918 -12.707 -12.415 -13.064 -13.014 -12.813 -12.602 -12.371 -13.011 -12.823 -12.612 -12.441 -12.36 -12.813 -12.939 -12.724 -11.852 -11.389 -10.828 -12.834
0.087304 -12.389 -12.612 -12.799 -13.086 -13.083 -12.965 -12.828 -13.094 -13.08 -12.958 -12.751 -12.461 -13.095 -13.051 -12.855 -12.647 -12.418 -13.048 -12.865 -12.657 -12.487 -12.405 -12.854 -12.979 -12.767 -11.901 -11.439 -10.879 -12.875
0.089944 -12.397 -12.625 -12.818 -13.115 -13.118 -13.005 -12.853 -13.125 -13.116 -12.998 -12.794 -12.507 -13.126 -13.088 -12.897 -12.691 -12.464 -13.086 -12.907 -12.701 -12.533 -12.451 -12.895 -13.018 -12.81 -11.949 -11.49 -10.93 -12.915
0.092665 -12.405 -12.637 -12.837 -13.144 -13.153 -13.045 -12.878 -13.155 -13.151 -13.038 -12.837 -12.552 -13.156 -13.125 -12.939 -12.735 -12.51 -13.123 -12.949 -12.745 -12.578 -12.497 -12.936 -13.057 -12.853 -11.998 -11.54 -10.981 -12.955
0.095467 -12.412 -12.649 -12.855 -13.173 -13.188 -13.085 -12.902 -13.185 -13.186 -13.078 -12.88 -12.598 -13.185 -13.162 -12.981 -12.779 -12.556 -13.16 -12.99 -12.789 -12.623 -12.542 -12.977 -13.095 -12.896 -12.047 -11.589 -11.033 -12.995
0.098355 -12.418 -12.66 -12.872 -13.202 -13.223 -13.124 -12.926 -13.214 -13.221 -13.117 -12.922 -12.643 -13.215 -13.198 -13.022 -12.823 -12.602 -13.197 -13.032 -12.833 -12.669 -12.588 -13.017 -13.134 -12.938 -12.095 -11.639 -11.084 -13.034
0.101329 -12.424 -12.67 -12.889 -13.23 -13.257 -13.163 -12.95 -13.243 -13.255 -13.156 -12.965 -12.689 -13.244 -13.234 -13.063 -12.867 -12.647 -13.234 -13.073 -12.876 -12.714 -12.633 -13.057 -13.172 -12.98 -12.143 -11.689 -11.135 -13.074
0.104394 -12.43 -12.68 -12.905 -13.258 -13.291 -13.202 -12.973 -13.272 -13.289 -13.195 -13.007 -12.734 -13.272 -13.27 -13.104 -12.911 -12.693 -13.27 -13.114 -12.92 -12.759 -12.678 -13.097 -13.21 -13.022 -12.192 -11.739 -11.185 -13.113
0.107551 -12.434 -12.689 -12.921 -13.285 -13.325 -13.24 -12.996 -13.301 -13.323 -13.234 -13.049 -12.779 -13.3 -13.305 -13.145 -12.954 -12.738 -13.306 -13.154 -12.963 -12.803 -12.723 -13.137 -13.248 -13.064 -12.24 -11.789 -11.236 -13.152
0.110804 -12.438 -12.698 -12.937 -13.312 -13.359 -13.279 -13.019 -13.329 -13.356 -13.272 -13.091 -12.824 -13.328 -13.34 -13.185 -12.998 -12.784 -13.342 -13.195 -13.006 -12.848 -12.768 -13.177 -13.285 -13.106 -12.288 -11.838 -11.287 -13.191
0.114155 -12.442 -12.706 -12.951 -13.338 -13.392 -13.317 -13.041 -13.356 -13.389 -13.311 -13.133 -12.868 -13.356 -13.375 -13.226 -13.041 -12.829 -13.377 -13.235 -13.049 -12.892 -12.813 -13.216 -13.322 -13.147 -12.336 -11.888 -11.338 -13.229
0.117608 -12.444 -12.713 -12.966 -13.364 -13.424 -13.355 -13.063 -13.383 -13.422 -13.348 -13.174 -12.913 -13.383 -13.41 -13.266 -13.084 -12.874 -13.413 -13.275 -13.092 -12.937 -12.858 -13.255 -13.359 -13.189 -12.384 -11.937 -11.388 -13.267
0.121165 -12.446 -12.72 -12.979 -13.39 -13.457 -13.392 -13.085 -13.41 -13.455 -13.386 -13.215 -12.957 -13.409 -13.444 -13.306 -13.126 -12.919 -13.447 -13.315 -13.135 -12.981 -12.903 -13.294 -13.396 -13.23 -12.431 -11.986 -11.439 -13.305
0.124829 -12.448 -12.725 -12.992 -13.415 -13.489 -13.429 -13.106 -13.437 -13.487 -13.423 -13.256 -13.001 -13.435 -13.478 -13.345 -13.169 -12.963 -13.482 -13.354 -13.177 -13.025 -12.947 -13.333 -13.432 -13.27 -12.479 -12.035 -11.489 -13.343
0.128605 -12.448 -12.731 -13.005 -13.439 -13.521 -13.466 -13.127 -13.462 -13.518 -13.461 -13.297 -13.045 -13.461 -13.511 -13.385 -13.211 -13.008 -13.516 -13.393 -13.22 -13.069 -12.991 -13.371 -13.468 -13.311 -12.526 -12.084 -11.54 -13.381
0.132494 -12.448 -12.735 -13.017 -13.464 -13.552 -13.503 -13.147 -13.488 -13.55 -13.497 -13.338 -13.089 -13.486 -13.544 -13.424 -13.253 -13.052 -13.55 -13.432 -13.262 -13.113 -13.036 -13.409 -13.504 -13.351 -12.574 -12.133 -11.59 -13.418
0.136502 -12.447 -12.739 -13.028 -13.487 -13.583 -13.539 -13.167 -13.513 -13.581 -13.534 -13.378 -13.133 -13.511 -13.577 -13.463 -13.295 -13.096 -13.584 -13.471 -13.303 -13.156 -13.08 -13.447 -13.539 -13.391 -12.621 -12.182 -11.64 -13.455
0.14063 -12.446 -12.741 -13.038 -13.51 -13.613 -13.576 -13.187 -13.537 -13.611 -13.57 -13.418 -13.176 -13.535 -13.61 -13.501 -13.337 -13.14 -13.617 -13.51 -13.345 -13.199 -13.124 -13.485 -13.574 -13.431 -12.668 -12.231 -11.691 -13.492
0.144883 -12.443 -12.743 -13.048 -13.533 -13.643 -13.611 -13.206 -13.561 -13.642 -13.606 -13.458 -13.22 -13.558 -13.642 -13.54 -13.378 -13.184 -13.65 -13.548 -13.387 -13.243 -13.167 -13.522 -13.609 -13.471 -12.715 -12.28 -11.741 -13.528
0.149265 -12.44 -12.745 -13.058 -13.555 -13.673 -13.647 -13.225 -13.585 -13.671 -13.642 -13.498 -13.263 -13.582 -13.674 -13.578 -13.42 -13.227 -13.682 -13.586 -13.428 -13.285 -13.211 -13.559 -13.644 -13.51 -12.762 -12.328 -11.791 -13.564
0.15378 -12.436 -12.745 -13.066 -13.577 -13.703 -13.682 -13.244 -13.608 -13.701 -13.677 -13.537 -13.306 -13.604 -13.705 -13.615 -13.461 -13.271 -13.715 -13.624 -13.469 -13.328 -13.254 -13.596 -13.678 -13.549 -12.809 -12.377 -11.841 -13.6
0.15843 -12.431 -12.744 -13.074 -13.598 -13.731 -13.717 -13.262 -13.63 -13.73 -13.712 -13.576 -13.348 -13.626 -13.736 -13.653 -13.501 -13.314 -13.746 -13.661 -13.509 -13.371 -13.298 -13.633 -13.711 -13.588 -12.855 -12.425 -11.89 -13.636
0.163222 -12.426 -12.743 -13.081 -13.618 -13.76 -13.751 -13.279 -13.652 -13.758 -13.746 -13.615 -13.391 -13.648 -13.767 -13.69 -13.542 -13.357 -13.778 -13.698 -13.55 -13.413 -13.341 -13.669 -13.745 -13.627 -12.902 -12.474 -11.94 -13.671
0.168159 -12.419 -12.741 -13.087 -13.638 -13.788 -13.785 -13.297 -13.673 -13.786 -13.781 -13.654 -13.433 -13.669 -13.797 -13.727 -13.582 -13.4 -13.809 -13.735 -13.59 -13.455 -13.384 -13.705 -13.778 -13.665 -12.948 -12.522 -11.99 -13.706
0.173245 -12.412 -12.737 -13.093 -13.657 -13.815 -13.819 -13.313 -13.694 -13.814 -13.814 -13.692 -13.475 -13.689 -13.827 -13.763 -13.622 -13.442 -13.839 -13.771 -13.63 -13.497 -13.426 -13.74 -13.811 -13.703 -12.994 -12.57 -12.039 -13.74
0.178484 -12.403 -12.733 -13.098 -13.676 -13.842 -13.852 -13.329 -13.714 -13.841 -13.848 -13.73 -13.517 -13.709 -13.856 -13.799 -13.662 -13.484 -13.869 -13.807 -13.67 -13.539 -13.469 -13.775 -13.843 -13.741 -13.04 -12.617 -12.089 -13.775
0.183882 -12.394 -12.728 -13.102 -13.694 -13.869 -13.885 -13.345 -13.733 -13.868 -13.881 -13.768 -13.558 -13.728 -13.885 -13.835 -13.702 -13.527 -13.899 -13.843 -13.709 -13.58 -13.511 -13.81 -13.875 -13.778 -13.086 -12.665 -12.138 -13.809
0.189444 -12.384 -12.722 -13.105 -13.711 -13.895 -13.918 -13.36 -13.752 -13.894 -13.914 -13.805 -13.6 -13.747 -13.913 -13.871 -13.741 -13.568 -13.928 -13.879 -13.748 -13.622 -13.553 -13.845 -13.906 -13.815 -13.131 -12.713 -12.187 -13.842
0.195173 -12.372 -12.715 -13.107 -13.728 -13.92 -13.95 -13.375 -13.77 -13.919 -13.946 -13.842 -13.641 -13.764 -13.941 -13.906 -13.78 -13.61 -13.957 -13.914 -13.787 -13.663 -13.595 -13.879 -13.937 -13.852 -13.177 -12.76 -12.236 -13.875
0.201076 -12.36 -12.706 -13.109 -13.744 -13.945 -13.981 -13.389 -13.788 -13.944 -13.978 -13.878 -13.681 -13.781 -13.968 -13.941 -13.818 -13.651 -13.985 -13.948 -13.826 -13.703 -13.637 -13.913 -13.968 -13.888 -13.222 -12.807 -12.285 -13.908
0.207158 -12.347 -12.697 -13.109 -13.759 -13.969 -14.013 -13.403 -13.805 -13.968 -14.009 -13.915 -13.722 -13.798 -13.995 -13.975 -13.856 -13.692 -14.013 -13.983 -13.864 -13.744 -13.678 -13.946 -13.998 -13.924 -13.267 -12.854 -12.334 -13.94
0.213423 -12.332 -12.686 -13.109 -13.773 -13.993 -14.043 -13.416 -13.821 -13.992 -14.04 -13.951 -13.762 -13.814 -14.021 -14.009 -13.894 -13.733 -14.04 -14.017 -13.902 -13.784 -13.719 -13.979 -14.027 -13.96 -13.312 -12.901 -12.383 -13.972
0.219878 -12.317 -12.674 -13.107 -13.787 -14.016 -14.074 -13.428 -13.836 -14.015 -14.07 -13.986 -13.802 -13.828 -14.047 -14.042 -13.932 -13.774 -14.067 -14.05 -13.939 -13.824 -13.76 -14.011 -14.057 -13.995 -13.356 -12.948 -12.431 -14.004
0.226528 -12.3 -12.661 -13.105 -13.8 -14.039 -14.103 -13.44 -13.85 -14.038 -14.1 -14.021 -13.842 -13.842 -14.072 -14.075 -13.969 -13.814 -14.093 -14.083 -13.977 -13.863 -13.801 -14.043 -14.085 -14.03 -13.4 -12.995 -12.48 -14.035
0.233379 -12.282 -12.647 -13.101 -13.812 -14.06 -14.132 -13.451 -13.864 -14.06 -14.129 -14.056 -13.881 -13.856 -14.096 -14.108 -14.006 -13.854 -14.119 -14.116 -14.013 -13.902 -13.841 -14.075 -14.113 -14.064 -13.445 -13.041 -12.528 -14.065
0.240437 -12.263 -12.631 -13.097 -13.823 -14.081 -14.161 -13.462 -13.877 -14.081 -14.158 -14.09 -13.92 -13.868 -14.12 -14.14 -14.042 -13.893 -14.144 -14.148 -14.05 -13.941 -13.881 -14.106 -14.141 -14.098 -13.488 -13.087 -12.576 -14.096
0.247709 -12.243 -12.614 -13.091 -13.833 -14.102 -14.189 -13.471 -13.889 -14.102 -14.187 -14.124 -13.958 -13.88 -14.143 -14.172 -14.078 -13.932 -14.168 -14.179 -14.086 -13.98 -13.921 -14.137 -14.168 -14.132 -13.532 -13.133 -12.624 -14.125
0.255201 -12.222 -12.596 -13.084 -13.842 -14.121 -14.217 -13.481 -13.9 -14.121 -14.214 -14.158 -13.996 -13.89 -14.166 -14.203 -14.114 -13.971 -14.191 -14.21 -14.121 -14.018 -13.96 -14.167 -14.194 -14.165 -13.575 -13.179 -12.672 -14.154
0.262919 -12.199 -12.576 -13.076 -13.85 -14.14 -14.244 -13.489 -13.91 -14.14 -14.241 -14.191 -14.034 -13.9 -14.188 -14.233 -14.149 -14.01 -14.214 -14.241 -14.157 -14.056 -13.999 -14.197 -14.22 -14.197 -13.619 -13.225 -12.719 -14.183
0.270871 -12.174 -12.554 -13.067 -13.858 -14.158 -14.27 -13.497 -13.919 -14.158 -14.268 -14.223 -14.072 -13.909 -14.209 -14.263 -14.184 -14.048 -14.237 -14.271 -14.191 -14.093 -14.038 -14.226 -14.245 -14.229 -13.661 -13.27 -12.766 -14.211
0.279064 -12.149 -12.531 -13.056 -13.864 -14.175 -14.295 -13.503 -13.927 -14.176 -14.294 -14.255 -14.109 -13.916 -14.229 -14.293 -14.218 -14.085 -14.258 -14.3 -14.226 -14.13 -14.076 -14.254 -14.269 -14.261 -13.704 -13.315 -12.814 -14.238
0.287504 -12.121 -12.506 -13.044 -13.869 -14.192 -14.32 -13.509 -13.934 -14.192 -14.319 -14.286 -14.145 -13.923 -14.248 -14.322 -14.252 -14.122 -14.279 -14.329 -14.259 -14.167 -14.114 -14.282 -14.293 -14.292 -13.746 -13.36 -12.861 -14.265
0.296199 -12.093 -12.48 -13.031 -13.873 -14.207 -14.344 -13.514 -13.94 -14.208 -14.343 -14.317 -14.181 -13.928 -14.267 -14.35 -14.285 -14.159 -14.299 -14.357 -14.293 -14.203 -14.152 -14.309 -14.315 -14.322 -13.788 -13.404 -12.907 -14.291
0.305157 -12.062 -12.452 -13.016 -13.875 -14.222 -14.368 -13.519 -13.945 -14.222 -14.367 -14.347 -14.217 -13.932 -14.285 -14.377 -14.318 -14.196 -14.318 -14.385 -14.325 -14.238 -14.189 -14.336 -14.338 -14.352 -13.829 -13.449 -12.954 -14.317
0.314387 -12.03 -12.421 -12.999 -13.877 -14.235 -14.39 -13.522 -13.949 -14.236 -14.389 -14.377 -14.252 -13.935 -14.302 -14.404 -14.35 -14.231 -14.336 -14.412 -14.357 -14.273 -14.226 -14.362 -14.359 -14.381 -13.871 -13.493 -13.0 -14.342
0.323895 -11.997 -12.389 -12.981 -13.877 -14.247 -14.412 -13.524 -13.951 -14.248 -14.411 -14.405 -14.286 -13.937 -14.317 -14.43 -14.381 -14.267 -14.353 -14.438 -14.389 -14.308 -14.262 -14.387 -14.379 -14.409 -13.911 -13.536 -13.046 -14.366
0.333691 -11.961 -12.355 -12.961 -13.875 -14.259 -14.433 -13.526 -13.952 -14.26 -14.433 -14.434 -14.32 -13.937 -14.332 -14.455 -14.412 -14.302 -14.369 -14.463 -14.42 -14.342 -14.298 -14.411 -14.399 -14.437 -13.952 -13.58 -13.092 -14.389
0.343783 -11.924 -12.318 -12.94 -13.873 -14.269 -14.453 -13.526 -13.951 -14.27 -14.453 -14.461 -14.354 -13.936 -14.346 -14.48 -14.442 -14.336 -14.385 -14.488 -14.45 -14.376 -14.333 -14.435 -14.418 -14.464 -13.992 -13.623 -13.137 -14.412
0.354181 -11.885 -12.28 -12.917 -13.868 -14.278 -14.472 -13.525 -13.949 -14.279 -14.472 -14.488 -14.387 -13.933 -14.359 -14.504 -14.472 -14.37 -14.399 -14.512 -14.48 -14.409 -14.368 -14.458 -14.435 -14.49 -14.031 -13.666 -13.183 -14.434
0.364893 -11.844 -12.238 -12.891 -13.863 -14.285 -14.49 -13.523 -13.946 -14.287 -14.49 -14.514 -14.419 -13.929 -14.37 -14.526 -14.5 -14.403 -14.412 -14.534 -14.509 -14.441 -14.402 -14.479 -14.452 -14.516 -14.071 -13.708 -13.227 -14.454
0.375929 -11.8 -12.195 -12.864 -13.855 -14.292 -14.507 -13.52 -13.941 -14.294 -14.508 -14.539 -14.451 -13.923 -14.38 -14.548 -14.528 -14.435 -14.424 -14.556 -14.537 -14.472 -14.436 -14.5 -14.468 -14.54 -14.109 -13.75 -13.272 -14.474
0.387298 -11.755 -12.149 -12.835 -13.846 -14.297 -14.523 -13.515 -13.934 -14.299 -14.524 -14.563 -14.481 -13.916 -14.389 -14.569 -14.556 -14.467 -14.434 -14.577 -14.564 -14.503 -14.469 -14.521 -14.482 -14.564 -14.147 -13.791 -13.316 -14.494
0.399012 -11.707 -12.1 -12.803 -13.835 -14.3 -14.537 -13.509 -13.925 -14.303 -14.539 -14.586 -14.512 -13.907 -14.397 -14.589 -14.582 -14.498 -14.444 -14.597 -14.59 -14.534 -14.501 -14.54 -14.495 -14.587 -14.185 -13.832 -13.36 -14.512
0.41108 -11.658 -12.048 -12.769 -13.821 -14.302 -14.551 -13.502 -13.915 -14.305 -14.552 -14.608 -14.541 -13.895 -14.403 -14.608 -14.607 -14.528 -14.452 -14.616 -14.616 -14.563 -14.532 -14.558 -14.507 -14.608 -14.222 -13.873 -13.404 -14.529
0.423513 -11.605 -11.993 -12.733 -13.806 -14.302 -14.563 -13.493 -13.902 -14.305 -14.565 -14.63 -14.569 -13.882 -14.408 -14.625 -14.632 -14.558 -14.458 -14.634 -14.641 -14.592 -14.563 -14.574 -14.518 -14.629 -14.258 -13.913 -13.447 -14.544
0.436321 -11.551 -11.935 -12.694 -13.789 -14.301 -14.574 -13.482 -13.888 -14.304 -14.576 -14.65 -14.597 -13.867 -14.411 -14.642 -14.655 -14.586 -14.463 -14.65 -14.664 -14.62 -14.594 -14.59 -14.527 -14.649 -14.294 -13.953 -13.49 -14.559
0.449518 -11.494 -11.873 -12.652 -13.769 -14.298 -14.583 -13.47 -13.871 -14.301 -14.585 -14.669 -14.624 -13.849 -14.412 -14.657 -14.678 -14.614 -14.467 -14.666 -14.687 -14.646 -14.623 -14.605 -14.535 -14.667 -14.329 -13.992 -13.532 -14.573
0.463113 -11.434 -11.808 -12.607 -13.747 -14.292 -14.59 -13.456 -13.852 -14.296 -14.594 -14.687 -14.65 -13.829 -14.412 -14.671 -14.699 -14.641 -14.468 -14.68 -14.708 -14.672 -14.651 -14.618 -14.541 -14.684 -14.364 -14.031 -13.574 -14.585
0.47712 -11.371 -11.739 -12.56 -13.723 -14.285 -14.597 -13.441 -13.831 -14.289 -14.6 -14.703 -14.674 -13.807 -14.41 -14.683 -14.719 -14.667 -14.468 -14.692 -14.729 -14.697 -14.679 -14.629 -14.546 -14.7 -14.398 -14.069 -13.615 -14.596
0.49155 -11.306 -11.666 -12.509 -13.696 -14.276 -14.601 -13.423 -13.807 -14.28 -14.605 -14.718 -14.698 -13.781 -14.406 -14.694 -14.738 -14.691 -14.466 -14.703 -14.748 -14.721 -14.705 -14.64 -14.549 -14.715 -14.431 -14.106 -13.656 -14.605
0.506416 -11.238 -11.589 -12.455 -13.665 -14.264 -14.603 -13.403 -13.78 -14.269 -14.608 -14.732 -14.721 -13.754 -14.399 -14.703 -14.756 -14.715 -14.462 -14.713 -14.766 -14.744 -14.731 -14.648 -14.55 -14.728 -14.463 -14.143 -13.696 -14.613
0.521733 -11.167 -11.508 -12.397 -13.632 -14.25 -14.604 -13.382 -13.75 -14.255 -14.609 -14.744 -14.742 -13.723 -14.391 -14.711 -14.772 -14.737 -14.456 -14.72 -14.782 -14.765 -14.756 -14.656 -14.549 -14.739 -14.494 -14.179 -13.736 -14.619
0.537512 -11.092 -11.422 -12.336 -13.596 -14.233 -14.602 -13.357 -13.717 -14.239 -14.608 -14.755 -14.762 -13.689 -14.38 -14.716 -14.787 -14.759 -14.448 -14.726 -14.797 -14.785 -14.779 -14.661 -14.546 -14.749 -14.525 -14.214 -13.775 -14.624
0.553769 -11.015 -11.33 -12.271 -13.556 -14.214 -14.599 -13.331 -13.681 -14.22 -14.605 -14.764 -14.781 -13.651 -14.367 -14.72 -14.8 -14.779 -14.437 -14.73 -14.81 -14.804 -14.801 -14.664 -14.541 -14.757 -14.554 -14.248 -13.813 -14.626
0.570517 -10.935 -11.234 -12.201 -13.513 -14.192 -14.593 -13.302 -13.641 -14.199 -14.599 -14.771 -14.798 -13.61 -14.351 -14.722 -14.811 -14.797 -14.423 -14.732 -14.822 -14.822 -14.822 -14.666 -14.534 -14.764 -14.582 -14.282 -13.851 -14.627
0.587772 -10.851 -11.131 -12.127 -13.465 -14.166 -14.584 -13.27 -13.598 -14.174 -14.591 -14.776 -14.813 -13.566 -14.332 -14.722 -14.821 -14.814 -14.407 -14.732 -14.832 -14.837 -14.841 -14.665 -14.524 -14.768 -14.61 -14.315 -13.888 -14.626
0.605549 -10.764 -11.023 -12.049 -13.414 -14.138 -14.573 -13.235 -13.551 -14.146 -14.581 -14.779 -14.827 -13.517 -14.31 -14.719 -14.829 -14.829 -14.388 -14.73 -14.84 -14.852 -14.859 -14.663 -14.511 -14.77 -14.636 -14.346 -13.924 -14.623
0.623863 -10.674 -10.909 -11.965 -13.358 -14.106 -14.559 -13.197 -13.499 -14.114 -14.568 -14.78 -14.84 -13.464 -14.285 -14.714 -14.834 -14.843 -14.366 -14.725 -14.846 -14.864 -14.876 -14.658 -14.496 -14.77 -14.66 -14.377 -13.96 -14.617
0.642731 -10.581 -10.787 -11.876 -13.298 -14.07 -14.542 -13.156 -13.443 -14.079 -14.551 -14.778 -14.85 -13.406 -14.256 -14.706 -14.838 -14.855 -14.341 -14.717 -14.85 -14.875 -14.89 -14.65 -14.478 -14.768 -14.684 -14.407 -13.995 -14.609
0.66217 -10.485 -10.658 -11.782 -13.232 -14.03 -14.522 -13.112 -13.382 -14.039 -14.532 -14.774 -14.858 -13.344 -14.224 -14.695 -14.839 -14.865 -14.312 -14.707 -14.851 -14.883 -14.903 -14.64 -14.456 -14.763 -14.706 -14.435 -14.028 -14.598
0.682197 -10.386 -10.522 -11.681 -13.162 -13.986 -14.498 -13.063 -13.316 -13.996 -14.509 -14.767 -14.865 -13.276 -14.188 -14.681 -14.838 -14.872 -14.28 -14.694 -14.85 -14.889 -14.914 -14.627 -14.431 -14.755 -14.727 -14.463 -14.061 -14.585
0.70283 -10.284 -10.377 -11.575 -13.085 -13.937 -14.471 -13.011 -13.244 -13.948 -14.482 -14.758 -14.868 -13.202 -14.148 -14.665 -14.834 -14.878 -14.243 -14.678 -14.847 -14.894 -14.923 -14.61 -14.402 -14.744 -14.745 -14.489 -14.093 -14.568
0.724086 -10.18 -10.223 -11.461 -13.003 -13.883 -14.44 -12.955 -13.167 -13.895 -14.452 -14.745 -14.87 -13.123 -14.103 -14.644 -14.827 -14.881 -14.202 -14.658 -14.84 -14.895 -14.93 -14.591 -14.37 -14.731 -14.763 -14.513 -14.123 -14.549
0.745986 -10.074 -10.06 -11.341 -12.913 -13.824 -14.404 -12.894 -13.083 -13.837 -14.417 -14.729 -14.869 -13.037 -14.053 -14.62 -14.817 -14.882 -14.157 -14.634 -14.831 -14.894 -14.934 -14.568 -14.333 -14.713 -14.778 -14.537 -14.153 -14.526
0.768548 -9.966 -9.887 -11.212 -12.817 -13.76 -14.364 -12.828 -12.993 -13.774 -14.378 -14.709 -14.865 -12.944 -13.998 -14.592 -14.804 -14.88 -14.107 -14.607 -14.818 -14.891 -14.936 -14.541 -14.292 -14.693 -14.791 -14.558 -14.181 -14.5
0.791792 -9.856 -9.703 -11.076 -12.714 -13.689 -14.319 -12.758 -12.895 -13.704 -14.334 -14.686 -14.858 -12.844 -13.938 -14.56 -14.787 -14.874 -14.051 -14.575 -14.802 -14.884 -14.936 -14.511 -14.246 -14.668 -14.802 -14.578 -14.207 -14.47
0.815739 -9.746 -9.507 -10.931 -12.602 -13.612 -14.269 -12.681 -12.789 -13.628 -14.285 -14.659 -14.847 -12.736 -13.871 -14.523 -14.767 -14.866 -13.99 -14.539 -14.782 -14.874 -14.932 -14.476 -14.194 -14.639 -14.811 -14.596 -14.233 -14.436
0.840411 -9.635 -9.298 -10.777 -12.481 -13.528 -14.213 -12.599 -12.675 -13.545 -14.231 -14.627 -14.834 -12.619 -13.798 -14.481 -14.742 -14.854 -13.922 -14.498 -14.758 -14.86 -14.925 -14.436 -14.138 -14.606 -14.818 -14.612 -14.256 -14.397
0.865828 -9.525 -9.077 -10.613 -12.351 -13.436 -14.151 -12.511 -12.551 -13.455 -14.17 -14.59 -14.816 -12.493 -13.719 -14.433 -14.713 -14.839 -13.848 -14.451 -14.73 -14.843 -14.915 -14.392 -14.075 -14.568 -14.821 -14.626 -14.279 -14.354
0.892015 -9.415 -8.841 -10.439 -12.211 -13.336 -14.082 -12.416 -12.418 -13.356 -14.103 -14.548 -14.794 -12.357 -13.631 -14.38 -14.679 -14.819 -13.768 -14.399 -14.697 -14.821 -14.901 -14.342 -14.005 -14.525 -14.822 -14.638 -14.299 -14.306
0.918993 -9.308 -8.589 -10.253 -12.059 -13.228 -14.006 -12.314 -12.275 -13.249 -14.028 -14.501 -14.768 -12.21 -13.536 -14.321 -14.64 -14.796 -13.679 -14.341 -14.659 -14.795 -14.883 -14.286 -13.929 -14.476 -14.82 -14.647 -14.317 -14.252
0.946787 -9.202 -8.321 -10.056 -11.896 -13.109 -13.922 -12.205 -12.119 -13.132 -13.946 -14.448 -14.737 -12.051 -13.432 -14.255 -14.596 -14.767 -13.582 -14.276 -14.615 -14.764 -14.861 -14.224 -13.845 -14.421 -14.814 -14.654 -14.334 -14.193
0.975422 -9.1 -8.036 -9.846 -11.72 -12.981 -13.83 -12.087 -11.951 -13.006 -13.856 -14.388 -14.701 -11.879 -13.318 -14.181 -14.545 -14.734 -13.477 -14.203 -14.565 -14.728 -14.834 -14.156 -13.753 -14.359 -14.805 -14.658 -14.348 -14.128
1.004923 -9.0 -7.732 -9.623 -11.53 -12.841 -13.729 -11.96 -11.77 -12.868 -13.756 -14.321 -14.659 -11.694 -13.194 -14.099 -14.488 -14.694 -13.362 -14.123 -14.509 -14.687 -14.802 -14.08 -13.652 -14.29 -14.792 -14.658 -14.36 -14.056
1.035317 -8.904 -7.407 -9.386 -11.324 -12.688 -13.617 -11.823 -11.574 -12.718 -13.647 -14.246 -14.611 -11.493 -13.059 -14.009 -14.423 -14.649 -13.236 -14.035 -14.445 -14.639 -14.765 -13.996 -13.542 -14.214 -14.774 -14.656 -14.369 -13.977
1.066629 -8.811 -7.062 -9.134 -11.102 -12.523 -13.495 -11.676 -11.362 -12.555 -13.528 -14.164 -14.557 -11.277 -12.911 -13.909 -14.351 -14.598 -13.1 -13.937 -14.374 -14.584 -14.722 -13.904 -13.421 -14.129 -14.752 -14.65 -14.375 -13.891
1.098888 -8.721 -6.696 -8.865 -10.862 -12.343 -13.361 -11.518 -11.133 -12.377 -13.396 -14.072 -14.495 -11.042 -12.75 -13.799 -14.27 -14.539 -12.952 -13.829 -14.295 -14.522 -14.672 -13.802 -13.288 -14.034 -14.725 -14.639 -14.378 -13.796
1.132124 -8.633 -6.307 -8.579 -10.603 -12.147 -13.214 -11.348 -10.884 -12.184 -13.252 -13.97 -14.425 -10.788 -12.575 -13.677 -14.18 -14.472 -12.79 -13.71 -14.206 -14.453 -14.615 -13.691 -13.143 -13.93 -14.692 -14.625 -14.378 -13.693
1.166364 -8.547 -5.897 -8.276 -10.321 -11.933 -13.052 -11.165 -10.615 -11.975 -13.094 -13.857 -14.347 -10.513 -12.384 -13.543 -14.079 -14.397 -12.615 -13.579 -14.107 -14.374 -14.551 -13.568 -12.985 -13.815 -14.653 -14.606 -14.375 -13.58
1.20164 -8.462 -5.467 -7.953 -10.016 -11.701 -12.875 -10.968 -10.323 -11.746 -12.921 -13.733 -14.259 -10.214 -12.175 -13.395 -13.968 -14.313 -12.425 -13.434 -13.997 -14.286 -14.478 -13.433 -12.812 -13.687 -14.608 -14.582 -14.368 -13.457
1.237983 -8.377 -5.024 -7.609 -9.686 -11.448 -12.681 -10.755 -10.005 -11.497 -12.731 -13.595 -14.16 -9.889 -11.948 -13.233 -13.844 -14.218 -12.219 -13.276 -13.875 -14.187 -14.396 -13.286 -12.623 -13.547 -14.555 -14.552 -14.356 -13.324
1.275425 -8.29 -4.574 -7.243 -9.326 -11.172 -12.469 -10.526 -9.661 -11.226 -12.522 -13.443 -14.05 -9.537 -11.699 -13.054 -13.706 -14.112 -11.995 -13.101 -13.74 -14.076 -14.303 -13.124 -12.416 -13.392 -14.494 -14.516 -14.34 -13.179
1.313999 -8.201 -4.132 -6.854 -8.936 -10.87 -12.235 -10.279 -9.286 -10.931 -12.294 -13.276 -13.928 -9.153 -11.428 -12.857 -13.553 -13.993 -11.754 -12.91 -13.59 -13.953 -14.2 -12.946 -12.189 -13.221 -14.424 -14.473 -14.318 -13.021
1.35374 -8.108 -3.714 -6.44 -8.51 -10.541 -11.978 -10.012 -8.877 -10.608 -12.043 -13.091 -13.791 -8.735 -11.131 -12.639 -13.384 -13.86 -11.494 -12.699 -13.423 -13.815 -14.083 -12.75 -11.941 -13.032 -14.345 -14.423 -14.291 -12.851
1.394683 -8.01 -3.34 -5.999 -8.047 -10.181 -11.696 -9.724 -8.432 -10.255 -11.767 -12.887 -13.639 -8.279 -10.806 -12.4 -13.196 -13.712 -11.214 -12.468 -13.239 -13.662 -13.954 -12.536 -11.669 -12.824 -14.254 -14.365 -14.258 -12.666
1.436864 -7.906 -3.023 -5.529 -7.541 -9.787 -11.386 -9.412 -7.945 -9.869 -11.464 -12.662 -13.47 -7.781 -10.449 -12.136 -12.988 -13.547 -10.914 -12.214 -13.035 -13.491 -13.809 -12.3 -11.371 -12.595 -14.152 -14.297 -14.219 -12.466
1.480321 -7.794 -2.765 -5.026 -6.988 -9.354 -11.044 -9.076 -7.413 -9.447 -11.131 -12.414 -13.282 -7.236 -10.059 -11.844 -12.757 -13.363 -10.596 -11.935 -12.809 -13.301 -13.647 -12.042 -11.044 -12.342 -14.035 -14.219 -14.171 -12.251
1.525092 -7.675 -2.554 -4.489 -6.383 -8.88 -10.667 -8.712 -6.83 -8.984 -10.763 -12.14 -13.073 -6.64 -9.629 -11.522 -12.501 -13.158 -10.261 -11.629 -12.558 -13.09 -13.466 -11.757 -10.685 -12.062 -13.904 -14.13 -14.115 -12.019
1.571218 -7.545 -2.373 -3.912 -5.719 -8.358 -10.251 -8.32 -6.191 -8.475 -10.358 -11.836 -12.84 -5.984 -9.157 -11.166 -12.216 -12.929 -9.912 -11.294 -12.281 -12.854 -13.265 -11.443 -10.29 -11.753 -13.756 -14.028 -14.05 -11.771
1.618738 -7.404 -2.207 -3.292 -4.99 -7.784 -9.792 -7.897 -5.488 -7.916 -9.911 -11.501 -12.581 -5.264 -8.637 -10.772 -11.9 -12.674 -9.555 -10.927 -11.973 -12.592 -13.041 -11.097 -9.854 -11.411 -13.589 -13.912 -13.974 -11.506
1.667696 -7.25 -2.042 -2.623 -4.187 -7.15 -9.282 -7.443 -4.714 -7.3 -9.416 -11.129 -12.293 -4.471 -8.063 -10.334 -11.548 -12.388 -9.196 -10.527 -11.632 -12.299 -12.792 -10.715 -9.374 -11.032 -13.401 -13.779 -13.887 -11.223
1.718134 -7.083 -1.87 -1.899 -3.301 -6.45 -8.718 -6.956 -3.859 -6.62 -8.868 -10.717 -11.971 -3.595 -7.428 -9.848 -11.155 -12.069 -8.843 -10.092 -11.254 -11.973 -12.514 -10.292 -8.843 -10.612 -13.188 -13.629 -13.786 -10.925
1.770098 -6.899 -1.684 -1.112 -2.322 -5.675 -8.09 -6.44 -2.914 -5.87 -8.259 -10.259 -11.611 -2.626 -6.725 -9.308 -10.717 -11.712 -8.503 -9.625 -10.835 -11.61 -12.205 -9.824 -8.256 -10.145 -12.948 -13.458 -13.67 -10.611
1.823633 -6.698 -1.483 -0.253 -1.237 -4.814 -7.391 -5.899 -1.866 -5.038 -7.583 -9.749 -11.21 -1.552 -5.944 -8.705 -10.228 -11.312 -8.179 -9.128 -10.371 -11.204 -11.861 -9.304 -7.604 -9.625 -12.677 -13.263 -13.537 -10.284
1.878788 -6.477 -1.262 0.686 -0.032 -3.857 -6.611 -5.342 -0.702 -4.115 -6.83 -9.182 -10.76 -0.358 -5.076 -8.032 -9.679 -10.862 -7.869 -8.609 -9.86 -10.752 -11.48 -8.725 -6.879 -9.046 -12.37 -13.042 -13.385 -9.944
1.93561 -6.234 -1.018 1.719 1.311 -2.79 -5.738 -4.784 0.596 -3.089 -5.99 -8.548 -10.256 0.973 -4.107 -7.278 -9.063 -10.357 -7.568 -8.079 -9.3 -10.248 -11.058 -8.08 -6.071 -8.399 -12.023 -12.79 -13.21 -9.593
1.994152 -5.965 -0.749 2.857 2.812 -1.596 -4.759 -4.242 2.046 -1.945 -5.05 -7.84 -9.691 2.461 -3.024 -6.433 -8.371 -9.787 -7.264 -7.556 -8.691 -9.689 -10.593 -7.359 -5.169 -7.675 -11.629 -12.503 -13.01 -9.231
2.054463 -5.667 -0.451 4.117 4.493 -0.258 -3.658 -3.73 3.671 -0.666 -3.996 -7.046 -9.054 4.129 -1.808 -5.481 -7.59 -9.144 -6.947 -7.053 -8.039 -9.071 -10.085 -6.549 -4.157 -6.863 -11.18 -12.175 -12.78 -8.857
2.116599 -5.335 -0.119 5.516 6.383 1.248 -2.416 -3.248 5.499 0.767 -2.811 -6.154 -8.337 6.004 -0.441 -4.408 -6.707 -8.415 -6.607 -6.575 -7.358 -8.395 -9.534 -5.64 -3.02 -5.949 -10.67 -11.8 -12.515 -8.468
2.180614 -4.965 0.25 7.075 8.516 2.946 -1.011 -2.786 7.562 2.379 -1.475 -5.149 -7.526 8.12 1.102 -3.192 -5.706 -7.589 -6.233 -6.113 -6.67 -7.667 -8.944 -4.613 -1.736 -4.917 -10.087 -11.37 -12.21 -8.057
2.246566 -4.551 0.664 8.822 10.932 4.871 0.584 -2.322 9.897 4.197 0.034 -4.015 -6.608 10.516 2.851 -1.813 -4.567 -6.648 -5.817 -5.649 -5.998 -6.901 -8.321 -3.45 -0.284 -3.749 -9.419 -10.876 -11.858 -7.615
2.314511 -4.085 1.13 10.788 13.678 7.058 2.401 -1.832 12.552 6.256 1.745 -2.73 -5.566 13.239 4.839 -0.241 -3.268 -5.575 -5.351 -5.16 -5.353 -6.123 -7.675 -2.128 1.368 -2.421 -8.652 -10.307 -11.451 -7.132
2.384512 -3.559 1.656 13.012 16.814 9.554 4.48 -1.296 15.582 8.596 3.69 -1.27 -4.38 16.348 7.108 1.558 -1.78 -4.346 -4.825 -4.625 -4.722 -5.354 -7.006 -0.62 3.253 -0.907 -7.768 -9.65 -10.978 -6.597
2.45663 -2.962 2.254 15.543 20.411 12.417 6.866 -0.695 19.055 11.267 5.91 0.394 -3.026 19.91 9.711 3.622 -0.069 -2.935 -4.227 -4.024 -4.074 -4.598 -6.311 1.11 5.414 0.828 -6.746 -8.888 -10.428 -5.994
2.530929 -2.28 2.936 18.441 24.555 15.713 9.618 -0.012 23.054 14.331 8.451 2.299 -1.474 24.012 12.709 6.004 1.905 -1.308 -3.545 -3.341 -3.371 -3.831 -5.57 3.101 7.903 2.825 -5.56 -8.003 -9.785 -5.31
2.607475 -1.497 3.718 21.78 29.355 19.529 12.807 0.771 27.681 17.861 11.371 4.487 0.309 28.757 16.178 8.763 4.194 0.573 -2.763 -2.558 -2.582 -3.011 -4.757 5.406 10.785 5.135 -4.178 -6.969 -9.031 -4.527
2.686337 -0.594 4.622 25.655 34.944 23.969 16.519 1.675 33.061 21.952 14.742 7.01 2.366 34.274 20.215 11.975 6.86 2.757 -1.859 -1.655 -1.677 -2.095 -3.841 8.088 14.14 7.82 -2.559 -5.758 -8.144 -3.623
2.767583 0.218 5.434 28.669 39.235 27.406 19.418 2.487 37.192 25.121 17.369 9.013 4.026 38.506 23.351 14.504 8.984 4.518 -1.047 -0.843 -0.864 -1.279 -3.025 10.222 16.773 9.956 -1.208 -4.709 -7.335 -2.811
2.851287 0.657 5.872 29.107 39.673 27.845 19.856 2.925 37.63 25.559 17.808 9.451 4.464 38.944 23.79 14.942 9.422 4.957 -0.609 -0.404 -0.426 -0.841 -2.587 10.66 17.212 10.395 -0.77 -4.271 -6.896 -2.373
2.937522 1.122 6.338 29.573 40.139 28.31 20.322 3.391 38.096 26.024 18.273 9.917 4.93 39.41 24.255 15.407 9.888 5.422 -0.143 0.061 0.04 -0.376 -2.121 11.126 17.677 10.86 -0.305 -3.805 -6.431 -1.907
3.026365 1.616 6.832 30.067 40.633 28.804 20.816 3.884 38.59 26.518 18.767 10.41 5.424 39.904 24.749 15.901 10.381 5.916 0.35 0.555 0.534 0.118 -1.627 11.619 18.171 11.354 0.189 -3.311 -5.937 -1.413
3.117896 2.14 7.356 30.591 41.157 29.328 21.34 4.409 39.114 27.043 19.291 10.935 5.948 40.428 25.273 16.426 10.906 6.44 0.875 1.079 1.058 0.643 -1.103 12.144 18.695 11.878 0.714 -2.787 -5.413 -0.889
3.212194 2.697 7.912 31.147 41.713 29.885 21.897 4.965 39.67 27.599 19.848 11.491 6.504 40.984 25.83 16.982 11.462 6.997 1.431 1.636 1.614 1.199 -0.547 12.7 19.252 12.435 1.27 -2.23 -4.856 -0.333
3.309345 3.287 8.503 31.738 42.304 30.475 22.487 5.556 40.261 28.19 20.438 12.082 7.095 41.575 26.42 17.573 12.053 7.587 2.022 2.227 2.205 1.79 0.044 13.291 19.842 13.026 1.861 -1.64 -4.266 0.258
3.409434 3.914 9.13 32.365 42.931 31.102 23.114 6.183 40.888 28.817 21.065 12.709 7.722 42.202 27.047 18.2 12.68 8.214 2.649 2.854 2.832 2.417 0.671 13.918 20.469 13.652 2.488 -1.013 -3.639 0.885
3.51255 4.58 9.795 33.03 43.596 31.768 23.779 6.848 41.553 29.482 21.731 13.374 8.387 42.867 27.713 18.865 13.345 8.88 3.314 3.519 3.497 3.082 1.336 14.583 21.135 14.318 3.153 -0.348 -2.973 1.55
3.618785 5.286 10.502 33.737 44.303 32.474 24.486 7.554 42.259 30.188 22.437 14.08 9.094 43.573 28.419 19.571 14.051 9.586 4.02 4.225 4.204 3.788 2.042 15.289 21.841 15.024 3.859 0.359 -2.267 2.257
3.728232 6.036 11.251 34.486 45.052 33.224 25.235 8.304 43.009 30.938 23.187 14.83 9.843 44.323 29.169 20.321 14.801 10.335 4.77 4.975 4.953 4.538 2.792 16.039 22.591 15.774 4.609 1.108 -1.517 3.006
3.84099 6.831 12.047 35.282 45.848 34.019 26.031 9.1 43.805 31.734 23.982 15.626 10.639 45.119 29.964 21.117 15.597 11.131 5.566 5.77 5.749 5.334 3.588 16.835 23.386 16.569 5.405 1.904 -0.722 3.802
3.957158 7.676 12.891 36.126 46.692 34.864 26.876 9.944 44.649 32.578 24.827 16.47 11.483 45.963 30.809 21.961 16.441 11.976 6.41 6.615 6.593 6.178 4.432 17.679 24.231 17.414 6.249 2.748 0.123 4.646
4.07684 8.572 13.788 37.023 47.589 35.76 27.772 10.841 45.546 33.474 25.723 17.367 12.38 46.86 31.705 22.857 17.338 12.872 7.307 7.511 7.49 7.075 5.329 18.576 25.127 18.31 7.146 3.645 1.019 5.543
4.200141 9.524 14.739 37.974 48.54 36.712 28.723 11.792 46.497 34.426 26.675 18.318 13.331 47.811 32.657 23.809 18.289 13.823 8.258 8.463 8.441 8.026 6.28 19.527 26.078 19.262 8.097 4.596 1.97 6.494
4.327172 10.533 15.749 38.984 49.55 37.721 29.733 12.802 47.507 35.436 27.684 19.328 14.341 48.821 33.666 24.819 19.299 14.833 9.268 9.473 9.451 9.036 7.29 20.537 27.088 20.272 9.107 5.606 2.98 7.504
4.458044 11.605 16.821 40.056 50.622 38.793 30.805 13.874 48.579 36.508 28.756 20.4 15.413 49.893 34.738 25.89 20.371 15.905 10.34 10.544 10.523 10.108 8.362 21.609 28.16 21.343 10.179 6.678 4.052 8.576
4.592874 12.743 17.959 41.193 51.759 39.931 31.943 15.011 49.716 37.645 29.894 21.537 16.55 51.03 35.876 27.028 21.508 17.043 11.477 11.682 11.661 11.245 9.499 22.746 29.298 22.481 11.316 7.816 5.19 9.713
4.731783 13.95 19.166 42.401 52.967 41.138 33.15 16.219 50.924 38.853 31.101 22.745 17.758 52.238 37.083 28.236 22.716 18.25 12.685 12.89 12.868 12.453 10.707 23.954 30.505 23.689 12.524 9.023 6.397 10.921
4.874892 15.232 20.448 43.683 54.249 42.42 34.432 17.5 52.205 40.134 32.383 24.026 19.04 53.519 38.365 29.517 23.997 19.532 13.966 14.171 14.15 13.734 11.988 25.235 31.787 24.97 13.805 10.305 7.679 12.203
5.02233 16.592 21.808 45.043 55.609 43.78 35.792 18.861 53.566 41.495 33.743 25.387 20.4 54.88 39.725 30.878 25.358 20.892 15.327 15.532 15.51 15.095 13.349 26.596 33.147 26.33 15.166 11.665 9.039 13.563
5.174227 18.036 23.252 46.487 57.053 45.224 37.236 20.305 55.01 42.939 35.187 26.831 21.844 56.324 41.169 32.321 26.802 22.336 16.771 16.975 16.954 16.539 14.793 28.04 34.591 27.774 16.61 13.109 10.483 15.007
5.330718 19.569 24.784 48.019 58.585 46.757 38.768 21.837 56.542 44.471 36.72 28.363 23.376 57.856 42.702 33.854 28.334 23.869 18.303 18.508 18.486 18.071 16.325 29.572 36.124 29.307 18.142 14.641 12.016 16.539
5.491942 21.195 26.411 49.646 60.212 48.383 40.395 23.464 58.169 46.098 38.346 29.99 25.003 59.483 44.328 35.481 29.961 25.495 19.93 20.135 20.113 19.698 17.952 31.199 37.75 30.934 19.769 16.268 13.642 18.166
5.658042 22.922 28.138 51.372 61.939 50.11 42.122 25.19 59.895 47.824 40.073 31.716 26.729 61.209 46.055 37.207 31.687 27.222 21.656 21.861 21.84 21.424 19.678 32.925 39.477 32.66 21.495 17.995 15.369 19.892
5.829166 24.754 29.97 53.205 63.771 51.942 43.954 27.023 61.728 49.657 41.905 33.549 28.562 63.042 47.887 39.04 33.52 29.054 23.489 23.694 23.672 23.257 21.511 34.758 41.309 34.493 23.328 19.827 17.201 21.725
6.005465 26.699 31.915 55.15 65.716 53.887 45.899 28.968 63.673 51.602 43.85 35.494 30.507 64.987 49.832 40.985 35.465 30.999 25.434 25.639 25.617 25.202 23.456 36.703 43.254 36.438 25.273 21.772 19.146 23.67
6.187096 28.764 33.98 57.214 67.781 55.952 47.964 31.032 65.737 53.666 45.915 37.558 32.571 67.051 51.897 43.049 37.529 33.064 27.498 27.703 27.682 27.266 25.52 38.767 45.319 38.502 27.337 23.837 21.211 25.735
6.37422 30.955 36.171 59.406 69.972 58.143 50.155 33.224 67.929 55.858 48.106 39.75 34.763 69.243 54.088 45.24 39.721 35.255 29.69 29.894 29.873 29.458 27.712 40.959 47.51 40.693 29.529 26.028 23.402 27.926
6.567004 33.281 38.497 61.732 72.298 60.469 52.481 35.549 70.254 58.183 50.432 42.075 37.089 71.569 56.414 47.566 42.046 37.581 32.015 32.22 32.199 31.783 30.037 43.284 49.836 43.019 31.854 28.354 25.728 30.252
6.765619 35.75 40.965 64.2 74.766 62.938 54.949 38.018 72.723 60.652 52.901 44.544 39.557 74.037 58.883 50.035 44.515 40.049 34.484 34.689 34.667 34.252 32.506 45.753 52.305 45.488 34.323 30.822 28.197 32.72
6.97024 38.37 43.585 66.82 77.386 65.558 57.57 40.638 75.343 63.272 55.521 47.164 42.177 76.657 61.503 52.655 47.135 42.67 37.104 37.309 37.287 36.872 35.126 48.373 54.925 48.108 36.943 33.443 30.817 35.34
7.181051 41.151 46.367 69.601 80.168 68.339 60.351 43.419 78.124 66.053 58.302 49.945 44.958 79.438 64.284 55.436 49.916 45.451 39.885 40.09 40.069 39.653 37.907 51.154 57.706 50.889 39.724 36.224 33.598 38.121
7.398237 44.103 49.318 72.553 83.119 71.291 63.302 46.371 81.076 69.005 61.254 52.897 47.91 82.39 67.236 58.388 52.868 48.403 42.837 43.042 43.02 42.605 40.859 54.106 60.658 53.841 42.676 39.175 36.55 41.073
7.621991 47.236 52.452 75.686 86.252 74.424 66.436 49.504 84.209 72.138 64.387 56.03 51.043 85.523 70.369 61.521 56.001 51.536 45.97 46.175 46.154 45.738 43.992 57.239 63.791 56.974 45.809 42.309 39.683 44.206
7.852513 50.561 55.777 79.012 89.578 77.749 69.761 52.83 87.535 75.464 67.712 59.356 54.369 88.849 73.694 64.847 59.327 54.861 49.296 49.5 49.479 49.064 47.318 60.565 67.116 60.299 49.135 45.634 43.008 47.532
8.090007 54.091 59.307 82.542 93.108 81.279 73.291 56.359 91.064 78.993 71.242 62.885 57.899 92.379 77.224 68.376 62.856 58.391 52.825 53.03 53.009 52.593 50.847 64.094 70.646 63.829 52.664 49.164 46.538 51.062
8.334684 57.837 63.053 86.288 96.854 85.025 77.037 60.106 94.811 82.74 74.988 66.632 61.645 96.125 80.97 72.123 66.603 62.137 56.572 56.777 56.755 56.34 54.594 67.841 74.392 67.576 56.411 52.91 50.284 54.808
8.586761 61.814 67.03 90.264 100.831 89.002 81.014 64.082 98.787 86.716 78.965 70.608 65.621 100.101 84.947 76.099 70.579 66.114 60.548 60.753 60.732 60.316 58.57 71.817 78.369 71.552 60.387 56.887 54.261 58.784
8.846461 66.035 71.25 94.485 105.051 93.223 85.234 68.303 103.008 90.937 83.185 74.829 69.842 104.322 89.168 80.32 74.8 70.334 64.769 64.974 64.952 64.537 62.791 76.038 82.589 75.773 64.608 61.107 58.481 63.005
9.114017 70.514 75.73 98.965 109.531 97.702 89.714 72.783 107.488 95.417 87.665 79.309 74.322 108.802 93.647 84.8 79.28 74.814 69.249 69.453 69.432 69.017 67.271 80.518 87.069 80.252 69.088 65.587 62.961 67.485
9.389664 75.269 80.485 103.72 114.286 102.457 94.469 77.538 112.243 100.171 92.42 84.064 79.077 113.557 98.402 89.554 84.035 79.569 74.004 74.208 74.187 73.772 72.026 85.273 91.824 85.007 73.843 70.342 67.716 72.24
9.673648 80.316 85.532 108.767 119.333 107.504 99.516 82.584 117.289 105.218 97.467 89.11 84.124 118.603 103.449 94.601 89.081 84.616 79.05 79.255 79.234 78.818 77.072 90.319 96.871 90.054 78.889 75.389 72.763 77.287
9.966221 85.673 90.888 114.123 124.689 112.861 104.872 87.941 122.646 110.575 102.824 94.467 89.48 123.96 108.806 99.958 94.438 89.973 84.407 84.612 84.59 84.175 82.429 95.676 102.228 95.411 84.246 80.745 78.12 82.643
10.267642 91.358 96.574 119.809 130.375 118.546 110.558 93.627 128.332 116.261 108.509 100.153 95.166 129.646 114.491 105.644 100.124 95.658 90.093 90.298 90.276 89.861 88.115 101.362 107.913 101.097 89.932 86.431 83.805 88.329
10.57818 97.393 102.609 125.844 136.41 124.581 116.593 99.662 134.367 122.295 114.544 106.188 101.201 135.681 120.526 111.678 106.159 101.693 96.128 96.332 96.311 95.895 94.15 107.397 113.948 107.131 95.966 92.466 89.84 94.364
10.89811 103.798 109.014 132.249 142.815 130.986 122.998 106.067 140.772 128.701 120.949 112.593 107.606 142.086 126.931 118.084 112.564 108.098 102.533 102.738 102.716 102.301 100.555 113.802 120.353 113.537 102.372 98.871 96.245 100.769
11.227716 110.597 115.813 139.048 149.614 137.785 129.797 112.865 147.571 135.499 127.748 119.391 114.405 148.885 133.73 124.882 119.362 114.897 109.331 109.536 109.515 109.099 107.354 120.6 127.152 120.335 109.17 105.67 103.044 107.568
11.56729 117.813 123.029 146.264 156.83 145.001 137.013 120.082 154.787 142.715 134.964 126.608 121.621 156.101 140.946 132.098 126.579 122.113 116.548 116.752 116.731 116.315 114.57 127.817 134.368 127.551 116.386 112.886 110.26 114.784
11.917135 125.472 130.688 153.923 164.489 152.66 144.672 127.741 162.446 150.375 142.623 134.267 129.28 163.76 148.605 139.758 134.238 129.772 124.207 124.411 124.39 123.975 122.229 135.476 142.027 135.21 124.046 120.545 117.919 122.443
12.277561 133.602 138.817 162.052 172.618 160.79 152.801 135.87 170.575 158.504 150.753 142.396 137.409 171.889 156.735 147.887 142.367 137.902 132.336 132.541 132.519 132.104 130.358 143.605 150.157 143.34 132.175 128.674 126.049 130.572
12.648887 142.23 147.446 170.681 181.247 169.418 161.43 144.499 179.204 167.133 159.381 151.025 146.038 180.518 165.363 156.516 150.996 146.53 140.965 141.17 141.148 140.733 138.987 152.234 158.785 151.969 140.804 137.303 134.677 139.201
13.031444 151.389 156.605 179.839 190.405 178.577 170.589 153.657 188.362 176.291 168.54 160.183 155.196 189.676 174.522 165.674 160.154 155.689 150.123 150.328 150.307 149.891 148.145 161.392 167.944 161.127 149.962 146.462 143.836 148.359
13.425571 161.11 166.325 189.56 200.126 188.298 180.309 163.378 198.083 186.012 178.261 169.904 164.917 199.397 184.243 175.395 169.875 165.41 159.844 160.049 160.027 159.612 157.866 171.113 177.665 170.848 159.683 156.182 153.557 158.08
13.831619 171.427 176.643 199.878 210.444 198.615 190.627 173.696 208.401 196.33 188.578 180.222 175.235 209.715 194.56 185.713 180.193 175.727 170.162 170.367 170.345 169.93 168.184 181.431 187.982 181.166 170.001 166.5 163.874 168.398
14.249947 182.379 187.594 210.829 221.395 209.567 201.578 184.647 219.352 207.281 199.53 191.173 186.186 220.666 205.512 196.664 191.144 186.679 181.113 181.318 181.296 180.881 179.135 192.382 198.934 192.117 180.952 177.451 174.826 179.349
14.680926 194.002 199.218 222.453 233.019 221.19 213.202 196.271 230.976 218.905 211.153 202.797 197.81 232.29 217.135 208.288 202.768 198.302 192.737 192.942 192.92 192.505 190.759 204.006 210.557 203.741 192.576 189.075 186.449 190.973
15.124941 206.34 211.555 234.79 245.356 233.528 225.54 208.608 243.313 231.242 223.491 215.134 210.147 244.627 229.473 220.625 215.105 210.64 205.074 205.279 205.257 204.842 203.096 216.343 222.895 216.078 204.913 201.413 198.787 203.31
15.582385 219.435 224.65 247.885 258.451 246.623 238.635 221.703 256.408 244.337 236.586 228.229 223.242 257.722 242.568 233.72 228.2 223.735 218.169 218.374 218.353 217.937 216.191 229.438 235.99 229.173 218.008 214.508 211.882 216.405
16.053663 233.334 238.55 261.784 272.351 260.522 252.534 235.602 270.307 258.236 250.485 242.128 237.141 271.621 256.467 247.619 242.099 237.634 232.068 232.273 232.252 231.836 230.09 243.337 249.889 243.072 231.907 228.407 225.781 230.304
16.539195 248.086 253.302 276.537 287.103 275.274 267.286 250.355 285.06 272.989 265.237 256.881 251.894 286.374 271.219 262.372 256.852 252.386 246.821 247.026 247.004 246.589 244.843 258.09 264.641 257.825 246.66 243.159 240.533 245.057
17.039412 263.745 268.96 292.195 302.761 290.933 282.945 266.013 300.718 288.647 280.896 272.539 267.552 302.032 286.878 278.03 272.51 268.045 262.479 262.684 262.663 262.247 260.501 273.748 280.3 273.483 262.318 258.818 256.192 260.715
17.554757 280.365 285.58 308.815 319.381 307.553 299.564 282.633 317.338 305.267 297.516 289.159 284.172 318.652 303.498 294.65 289.13 284.665 279.099 279.304 279.282 278.867 277.121 290.368 296.92 290.103 278.938 275.437 272.812 277.335
18.085689 298.005 303.221 326.456 337.022 325.193 317.205 300.274 334.979 322.907 315.156 306.8 301.813 336.293 321.138 312.29 306.771 302.305 296.74 296.944 296.923 296.507 294.762 308.009 314.56 307.743 296.578 293.078 290.452 294.976
18.632678 316.729 321.944 345.179 355.745 343.917 335.928 318.997 353.702 341.631 333.88 325.523 320.536 355.016 339.862 331.014 325.494 321.028 315.463 315.668 315.646 315.231 313.485 326.732 333.284 326.467 315.302 311.801 309.176 313.699
19.196211 336.602 341.818 365.052 375.619 363.79 355.802 338.87 373.575 361.504 353.753 345.396 340.409 374.889 359.735 350.887 345.367 340.902 335.336 335.541 335.52 335.104 333.358 346.605 353.157 346.34 335.175 331.675 329.049 333.572
19.776787 357.695 362.911 386.146 396.712 384.883 376.895 359.964 394.669 382.598 374.846 366.49 361.503 395.983 380.828 371.981 366.461 361.995 356.43 356.635 356.613 356.198 354.452 367.699 374.25 367.434 356.269 352.768 350.142 354.666
20.374923 380.084 385.3 408.535 419.101 407.272 399.284 382.353 417.058 404.986 397.235 388.879 383.892 418.372 403.217 394.369 388.85 384.384 378.819 379.023 379.002 378.587 376.841 390.088 396.639 389.822 378.658 375.157 372.531 377.055
20.991149 403.848 409.063 432.298 442.864 431.036 423.047 406.116 440.821 428.75 420.999 412.642 407.655 442.135 426.981 418.133 412.613 408.147 402.582 402.787 402.765 402.35 400.604 413.851 420.403 413.586 402.421 398.92 396.295 400.818
21.626011 429.07 434.286 457.521 468.087 456.258 448.27 431.339 466.044 453.973 446.221 437.865 432.878 467.358 452.203 443.356 437.836 433.37 427.805 428.009 427.988 427.573 425.827 439.074 445.625 438.808 427.644 424.143 421.517 426.041
22.280075 455.842 461.057 484.292 494.858 483.03 475.041 458.11 492.815 480.744 472.993 464.636 459.649 494.129 478.975 470.127 464.607 460.142 454.576 454.781 454.759 454.344 452.598 465.845 472.397 465.58 454.415 450.914 448.289 452.812
22.953921 484.257 489.473 512.708 523.274 511.445 503.457 486.525 521.23 509.159 501.408 493.051 488.064 522.544 507.39 498.542 493.022 488.557 482.991 483.196 483.175 482.759 481.013 494.26 500.812 493.995 482.83 479.33 476.704 481.228
23.648147 514.417 519.633 542.868 553.434 541.605 533.617 516.685 551.39 539.319 531.568 523.211 518.225 552.705 537.55 528.702 523.182 518.717 513.151 513.356 513.335 512.919 511.174 524.42 530.972 524.155 512.99 509.49 506.864 511.388
24.363369 546.429 551.645 574.88 585.446 573.617 565.629 548.697 583.402 571.331 563.58 555.223 550.237 584.716 569.562 560.714 555.194 550.729 545.163 545.368 545.347 544.931 543.185 556.432 562.984 556.167 545.002 541.502 538.876 543.4
25.100222 580.407 585.622 608.857 619.423 607.595 599.606 582.675 617.38 605.309 597.558 589.201 584.214 618.694 603.54 594.692 589.172 584.706 579.141 579.346 579.324 578.909 577.163 590.41 596.962 590.145 578.98 575.479 572.854 577.377
25.859362 616.471 621.686 644.921 655.487 643.659 635.67 618.739 653.444 641.373 633.622 625.265 620.278 654.758 639.604 630.756 625.236 620.77 615.205 615.41 615.388 614.973 613.227 626.474 633.025 626.209 615.044 611.543 608.917 613.441
26.64146 654.749 659.965 683.2 693.766 681.937 673.949 657.017 691.722 679.651 671.9 663.543 658.557 693.036 677.882 669.034 663.514 659.049 653.483 653.688 653.667 653.251 651.505 664.752 671.304 664.487 653.322 649.822 647.196 651.72
27.447213 695.378 700.593 723.828 734.394 722.566 714.578 697.646 732.351 720.28 712.529 704.172 699.185 733.665 718.511 709.663 704.143 699.678 694.112 694.317 694.295 693.88 692.134 705.381 711.933 705.116 693.951 690.451 687.825 692.348
28.277335 738.501 743.717 766.952 777.518 765.689 757.701 740.77 775.475 763.404 755.652 747.296 742.309 776.789 761.634 752.787 747.267 742.801 737.236 737.441 737.419 737.004 735.258 748.505 755.056 748.24 737.075 733.574 730.948 735.472
29.132564 784.273 789.489 nan nan nan nan 786.541 nan nan nan nan 788.527 nan nan nan nan 790.044 783.007 783.212 783.191 782.777 781.031 nan nan nan 782.847 779.346 776.72 781.244
30.013659 784.273 789.489 nan nan nan nan 786.541 nan nan nan nan 788.527 nan nan nan nan 790.044 783.007 783.212 783.191 782.777 781.031 nan nan nan 782.847 779.346 776.72 781.244
30.921401 784.273 789.489 nan nan nan nan 786.541 nan nan nan nan 788.527 nan nan nan nan 790.044 783.007 783.212 783.191 782.777 781.031 nan nan nan 782.847 779.346 776.72 781.244
31.856598 784.273 789.489 nan nan nan nan 786.541 nan nan nan nan 788.527 nan nan nan nan 790.044 783.007 783.212 783.191 782.777 781.031 nan nan nan 782.847 779.346 776.72 781.244
32.820079 784.273 789.489 nan nan nan nan 786.541 nan nan nan nan 788.527 nan nan nan nan 790.044 783.007 783.212 783.191 782.777 781.031 nan nan nan 782.847 779.346 776.72 781.244
33.8127 784.273 789.489 nan nan nan nan 786.541 nan nan nan nan 788.527 nan nan nan nan 790.044 783.007 783.212 783.191 782.777 781.031 nan nan nan 782.847 779.346 776.72 781.244
34.835342 784.273 789.489 nan nan nan nan 786.541 nan nan nan nan 788.527 nan nan nan nan 790.044 783.007 783.212 783.191 782.777 781.031 nan nan nan 782.847 779.346 776.72 781.244
35.888913 784.273 789.489 nan nan nan nan 786.541 nan nan nan nan 788.527 nan nan nan nan 790.044 783.007 783.212 783.191 782.777 781.031 nan nan nan 782.847 779.346 776.72 781.244
36.974349 784.273 789.489 nan nan nan nan 786.541 nan nan nan nan 788.527 nan nan nan nan 790.044 783.007 783.212 783.191 782.777 781.031 nan nan nan 782.847 779.346 776.72 781.244
38.092613 784.273 789.489 nan nan nan nan 786.541 nan nan nan nan 788.527 nan nan nan nan 790.044 783.007 783.212 783.191 782.777 781.031 nan nan nan 782.847 779.346 776.72 781.244
39.244698 784.273 789.489 nan nan nan nan 786.541 nan nan nan nan 788.527 nan nan nan nan 790.044 783.007 783.212 783.191 782.777 781.031 nan nan nan 782.847 779.346 776.72 781.244
40.431627 784.273 789.489 nan nan nan nan 786.541 nan nan nan nan 788.527 nan nan nan nan 790.044 783.007 783.212 783.191 782.777 781.031 nan nan nan 782.847 779.346 776.72 781.244
41.654454 784.273 789.489 nan nan nan nan 786.541 nan nan nan nan 788.527 nan nan nan nan 790.044 783.007 783.212 783.191 782.777 781.031 nan nan nan 782.847 779.346 776.72 781.244
42.914265 784.273 789.489 nan nan nan nan 786.541 nan nan nan nan 788.527 nan nan nan nan 790.044 783.007 783.212 783.191 782.777 781.031 nan nan nan 782.847 779.346 776.72 781.244
44.212178 784.273 789.489 nan nan nan nan 786.541 nan nan nan nan 788.527 nan nan nan nan 790.044 783.007 783.212 783.191 782.777 781.031 nan nan nan 782.847 779.346 776.72 781.244
45.549345 784.273 789.489 nan nan nan nan 786.541 nan nan nan nan 788.527 nan nan nan nan 790.044 783.007 783.212 783.191 782.777 781.031 nan nan nan 782.847 779.346 776.72 781.244
46.926954 784.273 789.489 nan nan nan nan 786.541 nan nan nan nan 788.527 nan nan nan nan 790.044 783.007 783.212 783.191 782.777 781.031 nan nan nan 782.847 779.346 776.72 781.244
48.346227 784.273 789.489 nan nan nan nan 786.541 nan nan nan nan 788.527 nan nan nan nan 790.044 783.007 783.212 783.191 782.777 781.031 nan nan nan 782.847 779.346 776.72 781.244
49.808426 784.273 789.489 nan nan nan nan 786.541 nan nan nan nan 788.527 nan nan nan nan 790.044 783.007 783.212 783.191 782.777 781.031 nan nan nan 782.847 779.346 776.72 781.244
51.314848 784.273 789.489 nan nan nan nan 786.541 nan nan nan nan 788.527 nan nan nan nan 790.044 783.007 783.212 783.191 782.777 781.031 nan nan nan 782.847 779.346 776.72 781.244
52.86683 784.273 789.489 nan nan nan nan 786.541 nan nan nan nan 788.527 nan nan nan nan 790.044 783.007 783.212 783.191 782.777 781.031 nan nan nan 782.847 779.346 776.72 781.244
54.465752 784.273 789.489 nan nan nan nan 786.541 nan nan nan nan 788.527 nan nan nan nan 790.044 783.007 783.212 783.191 782.777 781.031 nan nan nan 782.847 779.346 776.72 781.244
56.113031 784.273 789.489 nan nan nan nan 786.541 nan nan nan nan 788.527 nan nan nan nan 790.044 783.007 783.212 783.191 782.777 781.031 nan nan nan 782.847 779.346 776.72 781.244
57.810132 784.273 789.489 nan nan nan nan 786.541 nan nan nan nan 788.527 nan nan nan nan 790.044 783.007 783.212 783.191 782.777 781.031 nan nan nan 782.847 779.346 776.72 781.244
59.55856 784.273 789.489 nan nan nan nan 786.541 nan nan nan nan 788.527 nan nan nan nan 790.044 783.007 783.212 783.191 782.777 781.031 nan nan nan 782.847 779.346 776.72 781.244
61.359868 784.273 789.489 nan nan nan nan 786.541 nan nan nan nan 788.527 nan nan nan nan 790.044 783.007 783.212 783.191 782.777 781.031 nan nan nan 782.847 779.346 776.72 781.244
63.215655 784.273 789.489 nan nan nan nan 786.541 nan nan nan nan 788.527 nan nan nan nan 790.044 783.007 783.212 783.191 782.777 781.031 nan nan nan 782.847 779.346 776.72 781.244
65.127569 784.273 789.489 nan nan nan nan 786.541 nan nan nan nan 788.527 nan nan nan nan 790.044 783.007 783.212 783.191 782.777 781.031 nan nan nan 782.847 779.346 776.72 781.244
67.097308 784.273 789.489 nan nan nan nan 786.541 nan nan nan nan 788.527 nan nan nan nan 790.044 783.007 783.212 783.191 782.777 781.031 nan nan nan 782.847 779.346 776.72 781.244
69.126621 784.273 789.489 nan nan nan nan 786.541 nan nan nan nan 788.527 nan nan nan nan 790.044 783.007 783.212 783.191 782.777 781.031 nan nan nan 782.847 779.346 776.72 781.244
71.217308 784.273 789.489 nan nan nan nan 786.541 nan nan nan nan 788.527 nan nan nan nan 790.044 783.007 783.212 783.191 782.777 781.031 nan nan nan 782.847 779.346 776.72 781.244
73.371227 784.273 789.489 nan nan nan nan 786.541 nan nan nan nan 788.527 nan nan nan nan 790.044 783.007 783.212 783.191 782.777 781.031 nan nan nan 782.847 779.346 776.72 781.244
75.59029 784.273 789.489 nan nan nan nan 786.541 nan nan nan nan 788.527 nan nan nan nan 790.044 783.007 783.212 783.191 782.777 781.031 nan nan nan 782.847 779.346 776.72 781.244
77.876467 784.273 789.489 nan nan nan nan 786.541 nan nan nan nan 788.527 nan nan nan nan 790.044 783.007 783.212 783.191 782.777 781.031 nan nan nan 782.847 779.346 776.72 781.244
80.231787 784.273 789.489 nan nan nan nan 786.541 nan nan nan nan 788.527 nan nan nan nan 790.044 783.007 783.212 783.191 782.777 781.031 nan nan nan 782.847 779.346 776.72 781.244
82.658343 784.273 789.489 nan nan nan nan 786.541 nan nan nan nan 788.527 nan nan nan nan 790.044 783.007 783.212 783.191 782.777 781.031 nan nan nan 782.847 779.346 776.72 781.244
85.158288 784.273 789.489 nan nan nan nan 786.541 nan nan nan nan 788.527 nan nan nan nan 790.044 783.007 783.212 783.191 782.777 781.031 nan nan nan 782.847 779.346 776.72 781.244
87.733843 784.273 789.489 nan nan nan nan 786.541 nan nan nan nan 788.527 nan nan nan nan 790.044 783.007 783.212 783.191 782.777 781.031 nan nan nan 782.847 779.346 776.72 781.244
90.387293 784.273 789.489 nan nan nan nan 786.541 nan nan nan nan 788.527 nan nan nan nan 790.044 783.007 783.212 783.191 782.777 781.031 nan nan nan 782.847 779.346 776.72 781.244
93.120995 784.273 789.489 nan nan nan nan 786.541 nan nan nan nan 788.527 nan nan nan nan 790.044 783.007 783.212 783.191 782.777 781.031 nan nan nan 782.847 779.346 776.72 781.244
95.937376 784.273 789.489 nan nan nan nan 786.541 nan nan nan nan 788.527 nan nan nan nan 790.044 783.007 783.212 783.191 782.777 781.031 nan nan nan 782.847 779.346 776.72 781.244
98.838937 784.273 789.489 nan nan nan nan 786.541 nan nan nan nan 788.527 nan nan nan nan 790.044 783.007 783.212 783.191 782.777 781.031 nan nan nan 782.847 779.346 776.72 781.244
101.828253 784.273 789.489 nan nan nan nan 786.541 nan nan nan nan 788.527 nan nan nan nan 790.044 783.007 783.212 783.191 782.777 781.031 nan nan nan 782.847 779.346 776.72 781.244
104.907979 784.273 789.489 nan nan nan nan 786.541 nan nan nan nan 788.527 nan nan nan nan 790.044 783.007 783.212 783.191 782.777 781.031 nan nan nan 782.847 779.346 776.72 781.244
108.080849 784.273 789.489 nan nan nan nan 786.541 nan nan nan nan 788.527 nan nan nan nan 790.044 783.007 783.212 783.191 782.777 781.031 nan nan nan 782.847 779.346 776.72 781.244
111.349681 784.273 789.489 nan nan nan nan 786.541 nan nan nan nan 788.527 nan nan nan nan 790.044 783.007 783.212 783.191 782.777 781.031 nan nan nan 782.847 779.346 776.72 781.244
114.717376 784.273 789.489 nan nan nan nan 786.541 nan nan nan nan 788.527 nan nan nan nan 790.044 783.007 783.212 783.191 782.777 781.031 nan nan nan 782.847 779.346 776.72 781.244
118.186925 784.273 789.489 nan nan nan nan 786.541 nan nan nan nan 788.527 nan nan nan nan 790.044 783.007 783.212 783.191 782.777 781.031 nan nan nan 782.847 779.346 776.72 781.244
121.761408 784.273 789.489 nan nan nan nan 786.541 nan nan nan nan 788.527 nan nan nan nan 790.044 783.007 783.212 783.191 782.777 781.031 nan nan nan 782.847 779.346 776.72 781.244
125.443999 784.273 789.489 nan nan nan nan 786.541 nan nan nan nan 788.527 nan nan nan nan 790.044 783.007 783.212 783.191 782.777 781.031 nan nan nan 782.847 779.346 776.72 781.244
129.237967 784.273 789.489 nan nan nan nan 786.541 nan nan nan nan 788.527 nan nan nan nan 790.044 783.007 783.212 783.191 782.777 781.031 nan nan nan 782.847 779.346 776.72 781.244
133.146681 784.273 789.489 nan nan nan nan 786.541 nan nan nan nan 788.527 nan nan nan nan 790.044 783.007 783.212 783.191 782.777 781.031 nan nan nan 782.847 779.346 776.72 781.244
137.173612 784.273 789.489 nan nan nan nan 786.541 nan nan nan nan 788.527 nan nan nan nan 790.044 783.007 783.212 783.191 782.777 781.031 nan nan nan 782.847 779.346 776.72 781.244
141.322334 784.273 789.489 nan nan nan nan 786.541 nan nan nan nan 788.527 nan nan nan nan 790.044 783.007 783.212 783.191 782.777 781.031 nan nan nan 782.847 779.346 776.72 781.244
145.596532 784.273 789.489 nan nan nan nan 786.541 nan nan nan nan 788.527 nan nan nan nan 790.044 783.007 783.212 783.191 782.777 781.031 nan nan nan 782.847 779.346 776.72 781.244
150.0 784.273 789.489 nan nan nan nan 786.541 nan nan nan nan 788.527 nan nan nan nan 790.044 783.007 783.212 783.191 782.777 781.031 nan nan nan 782.847 779.346 776.72 781.244
