# %ECSV 1.0
# ---
# datatype:
# - {name: time, datatype: float64}
# - {name: swift_uvot_uvw2, datatype: float64}
# - {name: swift_uvot_uvm2, datatype: float64}
# - {name: swift_uvot_uvw1, datatype: float64}
# - {name: swift_uvot_U, datatype: float64}
# - {name: swift_uvot_B, datatype: float64}
# - {name: swift_uvot_V, datatype: float64}
# - {name: swift_uvot_W, datatype: float64}
# - {name: johnson_U, datatype: float64}
# - {name: johnson_B, datatype: float64}
# - {name: johnson_V, datatype: float64}
# - {name: johnson_R, datatype: float64}
# - {name: johnson_I, datatype: float64}
# - {name: sdss_u, datatype: float64}
# - {name: sdss_g, datatype: float64}
# - {name: sdss_r, datatype: float64}
# - {name: sdss_i, datatype: float64}
# - {name: sdss_z, datatype: float64}
# - {name: PS1_g, datatype: float64}
# - {name: PS1_r, datatype: float64}
# - {name: PS1_i, datatype: float64}
# - {name: PS1_z, datatype: float64}
# - {name: PS1_Y, datatype: float64}
# - {name: PS1_w, datatype: float64}
# - {name: ATLAS_c, datatype: float64}
# - {name: ATLAS_o, datatype: float64}
# - {name: ukirt_J, datatype: float64}
# - {name: ukirt_H, datatype: float64}
# - {name: ukirt_K, datatype: float64}
# - {name: Clear, datatype: float64}
# meta: !!omap
# - comment: [kappa = 3.0, type = villar, mass = 0.004263435211354371, velocity = 0.124, theta_obs = 0.0]
# schema: astropy-2.0
time swift_uvot_uvw2 swift_uvot_uvm2 swift_uvot_uvw1 swift_uvot_U swift_uvot_B swift_uvot_V swift_uvot_W johnson_U johnson_B johnson_V johnson_R johnson_I sdss_u sdss_g sdss_r sdss_i sdss_z PS1_g PS1_r PS1_i PS1_z PS1_Y PS1_w ATLAS_c ATLAS_o ukirt_J ukirt_H ukirt_K Clear
0.001 nan nan nan nan nan nan nan nan nan nan nan nan nan nan nan nan nan nan nan nan nan nan nan nan nan nan nan nan nan
0.00103 -3.021 -3.052 -3.049 -2.955 -2.754 -2.488 -2.929 -2.929 -2.75 -2.479 -2.169 -1.789 -2.936 -2.671 -2.313 -2.021 -1.733 -2.655 -2.332 -2.043 -1.837 -1.772 -2.345 -2.532 -2.192 -1.13 -0.623 -0.025 -2.397
0.001061 -3.693 -3.659 -3.609 -3.41 -3.158 -2.854 -3.469 -3.375 -3.154 -2.844 -2.507 -2.104 -3.383 -3.062 -2.661 -2.348 -2.044 -3.045 -2.687 -2.379 -2.167 -2.123 -2.704 -2.906 -2.532 -1.419 -0.9 -0.291 -2.764
0.001094 -4.064 -3.995 -3.924 -3.674 -3.398 -3.075 -3.777 -3.635 -3.394 -3.065 -2.716 -2.301 -3.643 -3.296 -2.875 -2.552 -2.24 -3.28 -2.905 -2.588 -2.376 -2.347 -2.922 -3.132 -2.742 -1.605 -1.079 -0.466 -2.987
0.001127 -4.324 -4.231 -4.147 -3.867 -3.575 -3.242 -3.998 -3.825 -3.572 -3.232 -2.875 -2.453 -3.834 -3.47 -3.037 -2.707 -2.391 -3.454 -3.07 -2.748 -2.536 -2.518 -3.087 -3.301 -2.901 -1.749 -1.22 -0.603 -3.155
0.001161 -4.526 -4.416 -4.324 -4.022 -3.72 -3.379 -4.173 -3.978 -3.717 -3.369 -3.007 -2.581 -3.987 -3.612 -3.171 -2.837 -2.518 -3.598 -3.206 -2.881 -2.67 -2.662 -3.223 -3.44 -3.034 -1.871 -1.339 -0.721 -3.293
0.001196 -4.693 -4.57 -4.472 -4.154 -3.845 -3.499 -4.32 -4.109 -3.842 -3.488 -3.123 -2.693 -4.118 -3.735 -3.288 -2.951 -2.629 -3.722 -3.325 -2.998 -2.788 -2.787 -3.342 -3.561 -3.149 -1.979 -1.446 -0.825 -3.413
0.001232 -4.837 -4.704 -4.601 -4.271 -3.957 -3.606 -4.448 -4.226 -3.953 -3.596 -3.227 -2.795 -4.235 -3.846 -3.393 -3.054 -2.731 -3.833 -3.433 -3.104 -2.894 -2.9 -3.449 -3.669 -3.254 -2.078 -1.543 -0.922 -3.521
0.001269 -4.964 -4.824 -4.717 -4.378 -4.059 -3.705 -4.563 -4.331 -4.055 -3.695 -3.324 -2.889 -4.341 -3.947 -3.491 -3.149 -2.825 -3.935 -3.532 -3.202 -2.992 -3.003 -3.547 -3.769 -3.351 -2.17 -1.634 -1.012 -3.62
0.001308 -5.079 -4.933 -4.823 -4.476 -4.154 -3.797 -4.669 -4.429 -4.15 -3.787 -3.414 -2.978 -4.438 -4.041 -3.582 -3.239 -2.913 -4.029 -3.624 -3.293 -3.084 -3.1 -3.639 -3.862 -3.441 -2.257 -1.72 -1.097 -3.713
0.001347 -5.185 -5.033 -4.921 -4.568 -4.243 -3.884 -4.767 -4.521 -4.239 -3.874 -3.5 -3.062 -4.53 -4.129 -3.668 -3.324 -2.997 -4.118 -3.711 -3.379 -3.171 -3.19 -3.726 -3.949 -3.527 -2.34 -1.802 -1.179 -3.8
0.001388 -5.283 -5.127 -5.013 -4.655 -4.328 -3.967 -4.858 -4.607 -4.324 -3.957 -3.582 -3.143 -4.617 -4.213 -3.75 -3.405 -3.078 -4.203 -3.794 -3.462 -3.254 -3.276 -3.809 -4.033 -3.609 -2.42 -1.881 -1.257 -3.883
0.00143 -5.375 -5.215 -5.1 -4.738 -4.409 -4.047 -4.945 -4.69 -4.405 -4.037 -3.66 -3.221 -4.699 -4.294 -3.829 -3.483 -3.156 -4.284 -3.874 -3.541 -3.334 -3.359 -3.888 -4.113 -3.688 -2.497 -1.958 -1.333 -3.963
0.001473 -5.462 -5.299 -5.183 -4.818 -4.487 -4.124 -5.028 -4.769 -4.483 -4.114 -3.737 -3.296 -4.779 -4.372 -3.906 -3.559 -3.231 -4.362 -3.951 -3.618 -3.411 -3.438 -3.965 -4.19 -3.764 -2.571 -2.032 -1.407 -4.04
0.001518 -5.544 -5.379 -5.262 -4.894 -4.563 -4.199 -5.107 -4.846 -4.559 -4.188 -3.811 -3.37 -4.855 -4.447 -3.98 -3.633 -3.304 -4.437 -4.026 -3.692 -3.486 -3.514 -4.039 -4.265 -3.838 -2.644 -2.105 -1.48 -4.115
0.001564 -5.623 -5.456 -5.338 -4.969 -4.636 -4.271 -5.183 -4.92 -4.632 -4.261 -3.883 -3.441 -4.929 -4.52 -4.052 -3.705 -3.376 -4.511 -4.099 -3.765 -3.558 -3.588 -4.112 -4.338 -3.91 -2.715 -2.176 -1.55 -4.187
0.001611 -5.699 -5.531 -5.412 -5.041 -4.707 -4.342 -5.257 -4.992 -4.704 -4.332 -3.953 -3.511 -5.001 -4.591 -4.123 -3.775 -3.446 -4.582 -4.17 -3.836 -3.629 -3.66 -4.183 -4.409 -3.981 -2.785 -2.245 -1.62 -4.258
0.00166 -5.772 -5.603 -5.483 -5.111 -4.777 -4.411 -5.328 -5.062 -4.773 -4.401 -4.022 -3.58 -5.071 -4.661 -4.192 -3.844 -3.515 -4.652 -4.239 -3.905 -3.699 -3.731 -4.252 -4.478 -4.05 -2.853 -2.313 -1.688 -4.328
0.00171 -5.843 -5.672 -5.553 -5.18 -4.845 -4.479 -5.398 -5.13 -4.842 -4.469 -4.09 -3.648 -5.14 -4.729 -4.26 -3.912 -3.582 -4.72 -4.307 -3.973 -3.767 -3.799 -4.32 -4.546 -4.117 -2.921 -2.381 -1.755 -4.396
0.001761 -5.911 -5.74 -5.621 -5.247 -4.912 -4.546 -5.465 -5.198 -4.909 -4.536 -4.157 -3.714 -5.207 -4.796 -4.327 -3.978 -3.649 -4.787 -4.374 -4.04 -3.833 -3.866 -4.386 -4.613 -4.184 -2.987 -2.447 -1.821 -4.463
0.001815 -5.978 -5.807 -5.687 -5.313 -4.978 -4.612 -5.532 -5.264 -4.974 -4.601 -4.222 -3.78 -5.273 -4.862 -4.392 -4.044 -3.715 -4.853 -4.439 -4.105 -3.899 -3.932 -4.452 -4.679 -4.25 -3.053 -2.513 -1.887 -4.528
0.00187 -6.043 -5.871 -5.752 -5.378 -5.043 -4.677 -5.596 -5.328 -5.039 -4.666 -4.287 -3.845 -5.338 -4.926 -4.457 -4.109 -3.779 -4.917 -4.504 -4.17 -3.964 -3.997 -4.517 -4.743 -4.315 -3.117 -2.577 -1.952 -4.593
0.001926 -6.106 -5.935 -5.815 -5.441 -5.107 -4.741 -5.66 -5.392 -5.103 -4.73 -4.351 -3.909 -5.402 -4.99 -4.521 -4.173 -3.843 -4.981 -4.568 -4.234 -4.028 -4.061 -4.581 -4.807 -4.378 -3.181 -2.641 -2.016 -4.657
0.001984 -6.168 -5.997 -5.877 -5.504 -5.17 -4.804 -5.722 -5.455 -5.166 -4.793 -4.414 -3.972 -5.464 -5.053 -4.584 -4.236 -3.907 -5.044 -4.631 -4.297 -4.091 -4.123 -4.644 -4.87 -4.442 -3.245 -2.705 -2.079 -4.72
0.002044 -6.228 -6.058 -5.939 -5.566 -5.232 -4.866 -5.784 -5.517 -5.228 -4.855 -4.477 -4.034 -5.526 -5.115 -4.647 -4.298 -3.969 -5.106 -4.693 -4.359 -4.153 -4.185 -4.706 -4.933 -4.504 -3.308 -2.768 -2.142 -4.782
0.002106 -6.287 -6.118 -5.999 -5.627 -5.293 -4.928 -5.844 -5.578 -5.289 -4.917 -4.538 -4.097 -5.587 -5.177 -4.708 -4.36 -4.031 -5.168 -4.755 -4.421 -4.215 -4.247 -4.768 -4.994 -4.566 -3.37 -2.83 -2.204 -4.844
0.00217 -6.346 -6.177 -6.058 -5.687 -5.354 -4.989 -5.903 -5.638 -5.35 -4.978 -4.6 -4.158 -5.648 -5.238 -4.77 -4.422 -4.093 -5.229 -4.816 -4.482 -4.276 -4.307 -4.829 -5.055 -4.627 -3.432 -2.892 -2.266 -4.905
0.002236 -6.403 -6.235 -6.117 -5.747 -5.414 -5.049 -5.962 -5.698 -5.41 -5.039 -4.661 -4.219 -5.708 -5.298 -4.83 -4.483 -4.154 -5.289 -4.877 -4.543 -4.336 -4.367 -4.89 -5.116 -4.688 -3.493 -2.953 -2.328 -4.965
0.002303 -6.459 -6.293 -6.175 -5.806 -5.474 -5.109 -6.02 -5.757 -5.47 -5.099 -4.721 -4.28 -5.767 -5.358 -4.891 -4.543 -4.214 -5.348 -4.937 -4.603 -4.396 -4.426 -4.95 -5.176 -4.748 -3.554 -3.014 -2.389 -5.025
0.002373 -6.514 -6.349 -6.232 -5.864 -5.533 -5.169 -6.077 -5.816 -5.529 -5.158 -4.781 -4.34 -5.825 -5.417 -4.95 -4.603 -4.275 -5.407 -4.996 -4.663 -4.456 -4.484 -5.009 -5.235 -4.808 -3.614 -3.075 -2.45 -5.085
0.002445 -6.569 -6.405 -6.288 -5.922 -5.591 -5.228 -6.133 -5.874 -5.587 -5.217 -4.84 -4.399 -5.883 -5.476 -5.009 -4.663 -4.334 -5.466 -5.055 -4.722 -4.515 -4.542 -5.068 -5.294 -4.867 -3.674 -3.135 -2.51 -5.144
0.002519 -6.622 -6.46 -6.344 -5.98 -5.649 -5.286 -6.189 -5.931 -5.645 -5.276 -4.899 -4.459 -5.94 -5.534 -5.068 -4.722 -4.394 -5.524 -5.114 -4.78 -4.573 -4.6 -5.127 -5.352 -4.926 -3.734 -3.195 -2.57 -5.202
0.002595 -6.675 -6.515 -6.399 -6.036 -5.707 -5.345 -6.244 -5.988 -5.703 -5.334 -4.958 -4.518 -5.997 -5.592 -5.127 -4.781 -4.453 -5.582 -5.172 -4.839 -4.631 -4.657 -5.185 -5.41 -4.985 -3.793 -3.255 -2.63 -5.26
0.002673 -6.727 -6.568 -6.453 -6.093 -5.764 -5.402 -6.299 -6.044 -5.76 -5.392 -5.016 -4.576 -6.054 -5.649 -5.185 -4.839 -4.512 -5.639 -5.229 -4.897 -4.689 -4.713 -5.243 -5.468 -5.043 -3.852 -3.314 -2.689 -5.318
0.002754 -6.779 -6.622 -6.507 -6.149 -5.821 -5.46 -6.353 -6.1 -5.817 -5.449 -5.074 -4.635 -6.11 -5.706 -5.243 -4.897 -4.57 -5.696 -5.287 -4.954 -4.747 -4.77 -5.301 -5.525 -5.101 -3.911 -3.373 -2.749 -5.376
0.002837 -6.83 -6.674 -6.561 -6.204 -5.877 -5.517 -6.406 -6.156 -5.873 -5.507 -5.131 -4.693 -6.166 -5.763 -5.3 -4.955 -4.628 -5.752 -5.344 -5.012 -4.804 -4.825 -5.358 -5.582 -5.159 -3.97 -3.432 -2.808 -5.433
0.002923 -6.88 -6.727 -6.614 -6.259 -5.933 -5.574 -6.459 -6.211 -5.93 -5.563 -5.189 -4.751 -6.221 -5.819 -5.357 -5.013 -4.686 -5.808 -5.401 -5.069 -4.861 -4.881 -5.415 -5.639 -5.216 -4.028 -3.49 -2.866 -5.489
0.003012 -6.93 -6.778 -6.666 -6.314 -5.989 -5.63 -6.512 -6.266 -5.985 -5.62 -5.246 -4.808 -6.276 -5.875 -5.414 -5.07 -4.743 -5.864 -5.457 -5.125 -4.917 -4.936 -5.472 -5.695 -5.273 -4.086 -3.549 -2.925 -5.546
0.003103 -6.979 -6.829 -6.719 -6.368 -6.044 -5.686 -6.564 -6.321 -6.041 -5.676 -5.303 -4.865 -6.33 -5.931 -5.471 -5.127 -4.801 -5.919 -5.513 -5.182 -4.973 -4.991 -5.528 -5.751 -5.33 -4.144 -3.607 -2.983 -5.602
0.003196 -7.028 -6.88 -6.77 -6.422 -6.1 -5.742 -6.616 -6.375 -6.096 -5.732 -5.359 -4.922 -6.384 -5.986 -5.527 -5.184 -4.858 -5.975 -5.569 -5.238 -5.029 -5.045 -5.584 -5.807 -5.386 -4.202 -3.664 -3.041 -5.658
0.003293 -7.076 -6.93 -6.821 -6.476 -6.154 -5.798 -6.667 -6.429 -6.151 -5.788 -5.415 -4.979 -6.438 -6.041 -5.583 -5.24 -4.915 -6.03 -5.625 -5.294 -5.085 -5.1 -5.64 -5.862 -5.442 -4.259 -3.722 -3.099 -5.713
0.003393 -7.124 -6.98 -6.872 -6.529 -6.209 -5.853 -6.718 -6.482 -6.205 -5.843 -5.471 -5.036 -6.492 -6.096 -5.639 -5.296 -4.971 -6.084 -5.68 -5.35 -5.14 -5.154 -5.695 -5.918 -5.498 -4.316 -3.78 -3.157 -5.769
0.003495 -7.171 -7.03 -6.923 -6.582 -6.263 -5.909 -6.769 -6.536 -6.259 -5.898 -5.527 -5.092 -6.545 -6.15 -5.694 -5.352 -5.028 -6.139 -5.735 -5.405 -5.196 -5.207 -5.751 -5.973 -5.554 -4.373 -3.837 -3.215 -5.824
0.003601 -7.217 -7.079 -6.973 -6.635 -6.317 -5.963 -6.819 -6.589 -6.313 -5.953 -5.583 -5.148 -6.598 -6.205 -5.75 -5.408 -5.084 -6.193 -5.79 -5.46 -5.251 -5.261 -5.806 -6.027 -5.61 -4.43 -3.894 -3.272 -5.878
0.00371 -7.264 -7.127 -7.022 -6.687 -6.371 -6.018 -6.869 -6.641 -6.367 -6.008 -5.638 -5.204 -6.65 -6.259 -5.805 -5.464 -5.14 -6.246 -5.845 -5.515 -5.306 -5.314 -5.861 -6.082 -5.665 -4.487 -3.951 -3.329 -5.933
0.003822 -7.31 -7.176 -7.072 -6.74 -6.424 -6.073 -6.918 -6.694 -6.421 -6.062 -5.693 -5.26 -6.703 -6.313 -5.86 -5.519 -5.196 -6.3 -5.899 -5.57 -5.36 -5.367 -5.915 -6.136 -5.72 -4.543 -4.008 -3.386 -5.987
0.003938 -7.355 -7.223 -7.121 -6.792 -6.478 -6.127 -6.968 -6.746 -6.474 -6.117 -5.748 -5.316 -6.755 -6.366 -5.914 -5.575 -5.252 -6.353 -5.954 -5.625 -5.415 -5.42 -5.97 -6.19 -5.775 -4.599 -4.065 -3.443 -6.042
0.004057 -7.4 -7.271 -7.169 -6.843 -6.531 -6.181 -7.016 -6.798 -6.527 -6.171 -5.803 -5.371 -6.807 -6.42 -5.969 -5.63 -5.307 -6.407 -6.008 -5.679 -5.469 -5.473 -6.024 -6.244 -5.83 -4.656 -4.121 -3.5 -6.096
0.00418 -7.445 -7.318 -7.218 -6.895 -6.583 -6.235 -7.065 -6.849 -6.58 -6.225 -5.858 -5.426 -6.858 -6.473 -6.023 -5.685 -5.363 -6.46 -6.062 -5.734 -5.523 -5.525 -6.078 -6.297 -5.884 -4.712 -4.177 -3.557 -6.149
0.004306 -7.489 -7.365 -7.266 -6.946 -6.636 -6.289 -7.113 -6.901 -6.632 -6.278 -5.912 -5.482 -6.91 -6.526 -6.077 -5.74 -5.418 -6.512 -6.115 -5.788 -5.577 -5.578 -6.132 -6.351 -5.939 -4.767 -4.234 -3.613 -6.203
0.004436 -7.533 -7.411 -7.314 -6.997 -6.688 -6.342 -7.161 -6.952 -6.685 -6.332 -5.966 -5.536 -6.961 -6.578 -6.131 -5.794 -5.473 -6.565 -6.169 -5.842 -5.631 -5.63 -6.185 -6.404 -5.993 -4.823 -4.29 -3.67 -6.256
0.00457 -7.576 -7.458 -7.361 -7.047 -6.74 -6.395 -7.209 -7.003 -6.737 -6.385 -6.02 -5.591 -7.012 -6.631 -6.185 -5.849 -5.528 -6.617 -6.222 -5.896 -5.685 -5.682 -6.239 -6.457 -6.047 -4.879 -4.346 -3.726 -6.309
0.004709 -7.62 -7.503 -7.408 -7.098 -6.792 -6.448 -7.256 -7.053 -6.789 -6.438 -6.074 -5.646 -7.062 -6.683 -6.239 -5.903 -5.583 -6.669 -6.275 -5.949 -5.738 -5.734 -6.292 -6.51 -6.101 -4.934 -4.402 -3.782 -6.363
0.004851 -7.662 -7.549 -7.455 -7.148 -6.844 -6.501 -7.303 -7.104 -6.84 -6.491 -6.128 -5.701 -7.113 -6.735 -6.292 -5.957 -5.637 -6.721 -6.328 -6.003 -5.792 -5.786 -6.345 -6.563 -6.155 -4.99 -4.457 -3.838 -6.415
0.004998 -7.705 -7.594 -7.502 -7.198 -6.896 -6.554 -7.35 -7.154 -6.892 -6.544 -6.182 -5.755 -7.163 -6.787 -6.346 -6.011 -5.692 -6.773 -6.381 -6.056 -5.845 -5.837 -6.398 -6.615 -6.208 -5.045 -4.513 -3.894 -6.468
0.005149 -7.747 -7.639 -7.548 -7.248 -6.947 -6.607 -7.397 -7.204 -6.943 -6.597 -6.235 -5.809 -7.213 -6.839 -6.399 -6.065 -5.746 -6.825 -6.434 -6.109 -5.898 -5.889 -6.451 -6.668 -6.262 -5.1 -4.569 -3.95 -6.521
0.005305 -7.789 -7.684 -7.594 -7.297 -6.998 -6.659 -7.443 -7.254 -6.995 -6.649 -6.289 -5.863 -7.263 -6.891 -6.452 -6.119 -5.801 -6.876 -6.487 -6.163 -5.951 -5.94 -6.504 -6.72 -6.315 -5.155 -4.624 -4.006 -6.573
0.005465 -7.83 -7.728 -7.639 -7.347 -7.05 -6.712 -7.489 -7.304 -7.046 -6.702 -6.342 -5.917 -7.313 -6.942 -6.505 -6.172 -5.855 -6.928 -6.539 -6.216 -6.004 -5.992 -6.556 -6.772 -6.368 -5.21 -4.68 -4.062 -6.625
0.00563 -7.871 -7.772 -7.685 -7.396 -7.1 -6.764 -7.535 -7.353 -7.097 -6.754 -6.395 -5.971 -7.362 -6.994 -6.557 -6.226 -5.909 -6.979 -6.591 -6.268 -6.057 -6.043 -6.609 -6.824 -6.421 -5.265 -4.735 -4.117 -6.677
0.005801 -7.912 -7.815 -7.73 -7.445 -7.151 -6.816 -7.58 -7.402 -7.147 -6.806 -6.448 -6.025 -7.411 -7.045 -6.61 -6.279 -5.963 -7.03 -6.644 -6.321 -6.109 -6.094 -6.661 -6.875 -6.474 -5.32 -4.79 -4.173 -6.729
0.005976 -7.952 -7.859 -7.775 -7.493 -7.202 -6.868 -7.625 -7.451 -7.198 -6.858 -6.501 -6.079 -7.46 -7.096 -6.663 -6.333 -6.017 -7.081 -6.696 -6.374 -6.162 -6.145 -6.713 -6.927 -6.527 -5.374 -4.845 -4.228 -6.781
0.006157 -7.992 -7.902 -7.82 -7.542 -7.252 -6.92 -7.67 -7.5 -7.248 -6.909 -6.554 -6.132 -7.509 -7.147 -6.715 -6.386 -6.07 -7.131 -6.747 -6.426 -6.214 -6.196 -6.765 -6.978 -6.58 -5.429 -4.9 -4.284 -6.833
0.006343 -8.032 -7.945 -7.864 -7.59 -7.302 -6.971 -7.715 -7.549 -7.298 -6.961 -6.606 -6.186 -7.558 -7.197 -6.767 -6.439 -6.124 -7.182 -6.799 -6.479 -6.267 -6.246 -6.817 -7.03 -6.632 -5.483 -4.955 -4.339 -6.884
0.006535 -8.072 -7.987 -7.908 -7.638 -7.352 -7.023 -7.76 -7.597 -7.348 -7.013 -6.659 -6.239 -7.606 -7.248 -6.819 -6.492 -6.177 -7.232 -6.851 -6.531 -6.319 -6.297 -6.869 -7.081 -6.685 -5.538 -5.01 -4.394 -6.935
0.006732 -8.111 -8.029 -7.952 -7.686 -7.402 -7.074 -7.804 -7.646 -7.398 -7.064 -6.711 -6.292 -7.654 -7.298 -6.871 -6.544 -6.231 -7.282 -6.902 -6.583 -6.371 -6.348 -6.92 -7.132 -6.737 -5.592 -5.064 -4.449 -6.987
0.006936 -8.15 -8.071 -7.996 -7.734 -7.452 -7.125 -7.848 -7.694 -7.448 -7.115 -6.763 -6.346 -7.702 -7.348 -6.923 -6.597 -6.284 -7.333 -6.954 -6.635 -6.423 -6.398 -6.972 -7.183 -6.789 -5.646 -5.119 -4.504 -7.038
0.007146 -8.188 -8.113 -8.039 -7.782 -7.501 -7.176 -7.892 -7.742 -7.498 -7.166 -6.815 -6.399 -7.75 -7.399 -6.975 -6.65 -6.337 -7.383 -7.005 -6.687 -6.475 -6.449 -7.023 -7.233 -6.841 -5.7 -5.174 -4.559 -7.089
0.007362 -8.226 -8.154 -8.082 -7.829 -7.551 -7.227 -7.935 -7.789 -7.547 -7.217 -6.867 -6.452 -7.798 -7.448 -7.026 -6.702 -6.39 -7.432 -7.056 -6.739 -6.527 -6.499 -7.074 -7.284 -6.893 -5.754 -5.228 -4.614 -7.139
0.007585 -8.264 -8.195 -8.125 -7.876 -7.6 -7.278 -7.979 -7.837 -7.596 -7.268 -6.919 -6.505 -7.845 -7.498 -7.078 -6.755 -6.443 -7.482 -7.107 -6.791 -6.579 -6.549 -7.125 -7.334 -6.945 -5.808 -5.283 -4.669 -7.19
0.007814 -8.302 -8.236 -8.167 -7.923 -7.649 -7.329 -8.022 -7.884 -7.645 -7.319 -6.971 -6.557 -7.893 -7.548 -7.129 -6.807 -6.496 -7.532 -7.158 -6.843 -6.63 -6.599 -7.176 -7.385 -6.996 -5.862 -5.337 -4.724 -7.241
0.00805 -8.339 -8.277 -8.21 -7.97 -7.698 -7.379 -8.065 -7.932 -7.694 -7.369 -7.023 -6.61 -7.94 -7.597 -7.181 -6.859 -6.549 -7.581 -7.209 -6.894 -6.682 -6.65 -7.227 -7.435 -7.048 -5.916 -5.391 -4.779 -7.291
0.008294 -8.376 -8.317 -8.252 -8.017 -7.747 -7.43 -8.107 -7.979 -7.743 -7.42 -7.074 -6.662 -7.987 -7.647 -7.232 -6.911 -6.602 -7.63 -7.26 -6.946 -6.733 -6.7 -7.278 -7.485 -7.1 -5.969 -5.445 -4.833 -7.341
0.008545 -8.413 -8.357 -8.294 -8.063 -7.796 -7.48 -8.15 -8.025 -7.792 -7.47 -7.126 -6.715 -8.034 -7.696 -7.283 -6.963 -6.654 -7.679 -7.311 -6.997 -6.785 -6.75 -7.328 -7.535 -7.151 -6.023 -5.5 -4.888 -7.392
0.008803 -8.45 -8.397 -8.335 -8.109 -7.844 -7.53 -8.192 -8.072 -7.84 -7.52 -7.177 -6.767 -8.08 -7.745 -7.334 -7.015 -6.707 -7.728 -7.361 -7.048 -6.836 -6.8 -7.379 -7.585 -7.202 -6.076 -5.554 -4.942 -7.442
0.009069 -8.486 -8.436 -8.377 -8.156 -7.892 -7.58 -8.234 -8.119 -7.889 -7.57 -7.228 -6.82 -8.127 -7.794 -7.384 -7.067 -6.759 -7.777 -7.412 -7.1 -6.888 -6.85 -7.429 -7.634 -7.253 -6.13 -5.608 -4.997 -7.491
0.009344 -8.521 -8.475 -8.418 -8.202 -7.941 -7.63 -8.276 -8.165 -7.937 -7.62 -7.279 -6.872 -8.173 -7.843 -7.435 -7.118 -6.812 -7.826 -7.462 -7.151 -6.939 -6.899 -7.479 -7.684 -7.304 -6.183 -5.662 -5.051 -7.541
0.009626 -8.557 -8.514 -8.459 -8.247 -7.989 -7.68 -8.317 -8.211 -7.985 -7.67 -7.33 -6.924 -8.219 -7.891 -7.486 -7.17 -6.864 -7.875 -7.512 -7.202 -6.99 -6.949 -7.529 -7.733 -7.355 -6.237 -5.715 -5.106 -7.591
0.009917 -8.592 -8.552 -8.499 -8.293 -8.037 -7.73 -8.358 -8.257 -8.033 -7.72 -7.381 -6.976 -8.265 -7.94 -7.536 -7.221 -6.916 -7.923 -7.562 -7.253 -7.041 -6.999 -7.579 -7.783 -7.406 -6.29 -5.769 -5.16 -7.641
0.010217 -8.627 -8.591 -8.54 -8.338 -8.084 -7.779 -8.4 -8.303 -8.081 -7.769 -7.432 -7.028 -8.311 -7.988 -7.587 -7.273 -6.968 -7.971 -7.612 -7.304 -7.092 -7.049 -7.629 -7.832 -7.457 -6.343 -5.823 -5.214 -7.69
0.010526 -8.662 -8.629 -8.58 -8.383 -8.132 -7.829 -8.44 -8.348 -8.128 -7.819 -7.483 -7.08 -8.356 -8.037 -7.637 -7.324 -7.02 -8.02 -7.662 -7.354 -7.143 -7.098 -7.679 -7.881 -7.508 -6.396 -5.877 -5.268 -7.739
0.010845 -8.696 -8.666 -8.62 -8.428 -8.18 -7.878 -8.481 -8.394 -8.176 -7.868 -7.534 -7.132 -8.402 -8.085 -7.687 -7.375 -7.072 -8.068 -7.712 -7.405 -7.194 -7.148 -7.729 -7.93 -7.558 -6.449 -5.93 -5.323 -7.789
0.011173 -8.73 -8.704 -8.659 -8.473 -8.227 -7.927 -8.522 -8.439 -8.223 -7.918 -7.584 -7.183 -8.447 -8.133 -7.737 -7.426 -7.124 -8.116 -7.762 -7.456 -7.245 -7.197 -7.778 -7.979 -7.609 -6.502 -5.984 -5.377 -7.838
0.011511 -8.764 -8.741 -8.699 -8.518 -8.274 -7.976 -8.562 -8.484 -8.27 -7.967 -7.635 -7.235 -8.492 -8.18 -7.787 -7.477 -7.176 -8.163 -7.811 -7.506 -7.295 -7.247 -7.828 -8.027 -7.659 -6.555 -6.038 -5.431 -7.887
0.011859 -8.797 -8.778 -8.738 -8.562 -8.321 -8.025 -8.602 -8.529 -8.318 -8.016 -7.685 -7.287 -8.537 -8.228 -7.837 -7.528 -7.228 -8.211 -7.861 -7.557 -7.346 -7.296 -7.877 -8.076 -7.709 -6.608 -6.091 -5.485 -7.936
0.012217 -8.83 -8.814 -8.777 -8.607 -8.368 -8.074 -8.642 -8.574 -8.364 -8.065 -7.735 -7.338 -8.582 -8.276 -7.887 -7.579 -7.279 -8.259 -7.91 -7.607 -7.397 -7.345 -7.926 -8.124 -7.76 -6.661 -6.144 -5.539 -7.984
0.012587 -8.863 -8.851 -8.816 -8.651 -8.415 -8.123 -8.681 -8.619 -8.411 -8.113 -7.785 -7.389 -8.626 -8.323 -7.936 -7.63 -7.331 -8.306 -7.959 -7.657 -7.447 -7.395 -7.975 -8.173 -7.81 -6.713 -6.198 -5.593 -8.033
0.012968 -8.895 -8.887 -8.854 -8.695 -8.462 -8.172 -8.721 -8.663 -8.458 -8.162 -7.835 -7.441 -8.671 -8.371 -7.986 -7.681 -7.382 -8.354 -8.008 -7.707 -7.497 -7.444 -8.024 -8.221 -7.86 -6.766 -6.251 -5.646 -8.081
0.01336 -8.928 -8.922 -8.892 -8.739 -8.508 -8.22 -8.76 -8.707 -8.504 -8.211 -7.885 -7.492 -8.715 -8.418 -8.035 -7.731 -7.434 -8.401 -8.058 -7.758 -7.548 -7.493 -8.073 -8.269 -7.909 -6.819 -6.304 -5.7 -8.13
0.013764 -8.959 -8.958 -8.93 -8.782 -8.554 -8.269 -8.799 -8.751 -8.551 -8.259 -7.935 -7.543 -8.759 -8.465 -8.085 -7.782 -7.485 -8.448 -8.107 -7.808 -7.598 -7.543 -8.122 -8.317 -7.959 -6.871 -6.358 -5.754 -8.178
0.01418 -8.991 -8.993 -8.968 -8.826 -8.601 -8.317 -8.837 -8.795 -8.597 -8.307 -7.985 -7.594 -8.803 -8.512 -8.134 -7.832 -7.536 -8.495 -8.155 -7.857 -7.648 -7.592 -8.171 -8.365 -8.009 -6.924 -6.411 -5.808 -8.226
0.014609 -9.022 -9.028 -9.005 -8.869 -8.647 -8.365 -8.876 -8.839 -8.643 -8.356 -8.035 -7.645 -8.846 -8.558 -8.183 -7.882 -7.588 -8.542 -8.204 -7.907 -7.699 -7.641 -8.219 -8.412 -8.059 -6.976 -6.464 -5.861 -8.274
0.015051 -9.053 -9.062 -9.042 -8.912 -8.693 -8.413 -8.914 -8.882 -8.689 -8.404 -8.084 -7.696 -8.89 -8.605 -8.232 -7.933 -7.639 -8.588 -8.253 -7.957 -7.749 -7.69 -8.268 -8.46 -8.108 -7.029 -6.517 -5.915 -8.322
0.015506 -9.083 -9.097 -9.079 -8.955 -8.738 -8.461 -8.952 -8.926 -8.735 -8.452 -8.134 -7.747 -8.933 -8.652 -8.281 -7.983 -7.69 -8.635 -8.302 -8.007 -7.799 -7.739 -8.316 -8.507 -8.157 -7.081 -6.57 -5.969 -8.37
0.015975 -9.114 -9.13 -9.116 -8.997 -8.784 -8.509 -8.99 -8.969 -8.78 -8.5 -8.183 -7.798 -8.976 -8.698 -8.33 -8.033 -7.741 -8.681 -8.35 -8.056 -7.849 -7.788 -8.364 -8.555 -8.207 -7.133 -6.623 -6.022 -8.418
0.016458 -9.144 -9.164 -9.152 -9.04 -8.829 -8.557 -9.028 -9.012 -8.826 -8.547 -8.232 -7.848 -9.019 -8.744 -8.378 -8.083 -7.792 -8.728 -8.398 -8.106 -7.899 -7.837 -8.412 -8.602 -8.256 -7.185 -6.676 -6.076 -8.466
0.016956 -9.173 -9.197 -9.188 -9.082 -8.875 -8.604 -9.065 -9.055 -8.871 -8.595 -8.282 -7.899 -9.062 -8.79 -8.427 -8.133 -7.842 -8.774 -8.447 -8.155 -7.948 -7.886 -8.46 -8.649 -8.305 -7.237 -6.729 -6.129 -8.513
0.017469 -9.202 -9.23 -9.224 -9.124 -8.92 -8.652 -9.102 -9.097 -8.916 -8.642 -8.331 -7.949 -9.104 -8.836 -8.475 -8.182 -7.893 -8.82 -8.495 -8.205 -7.998 -7.934 -8.508 -8.696 -8.354 -7.29 -6.781 -6.183 -8.56
0.017997 -9.231 -9.263 -9.259 -9.166 -8.965 -8.699 -9.139 -9.14 -8.961 -8.69 -8.38 -8.0 -9.147 -8.882 -8.524 -8.232 -7.944 -8.866 -8.543 -8.254 -8.048 -7.983 -8.556 -8.743 -8.403 -7.342 -6.834 -6.236 -8.608
0.018541 -9.26 -9.295 -9.295 -9.208 -9.01 -8.746 -9.176 -9.182 -9.006 -8.737 -8.429 -8.05 -9.189 -8.928 -8.572 -8.282 -7.994 -8.911 -8.591 -8.303 -8.098 -8.032 -8.604 -8.79 -8.452 -7.393 -6.887 -6.289 -8.655
0.019102 -9.288 -9.327 -9.33 -9.249 -9.054 -8.793 -9.213 -9.224 -9.051 -8.784 -8.477 -8.1 -9.231 -8.973 -8.62 -8.331 -8.045 -8.957 -8.639 -8.353 -8.147 -8.081 -8.651 -8.836 -8.5 -7.445 -6.94 -6.343 -8.702
0.01968 -9.316 -9.359 -9.364 -9.29 -9.099 -8.84 -9.249 -9.266 -9.095 -8.831 -8.526 -8.151 -9.272 -9.019 -8.668 -8.381 -8.095 -9.003 -8.687 -8.402 -8.197 -8.129 -8.699 -8.883 -8.549 -7.497 -6.992 -6.396 -8.749
0.020275 -9.344 -9.391 -9.399 -9.332 -9.143 -8.887 -9.285 -9.308 -9.14 -8.878 -8.575 -8.201 -9.314 -9.064 -8.716 -8.43 -8.146 -9.048 -8.734 -8.451 -8.246 -8.178 -8.746 -8.929 -8.597 -7.549 -7.045 -6.449 -8.795
0.020888 -9.371 -9.422 -9.433 -9.372 -9.188 -8.934 -9.321 -9.349 -9.184 -8.925 -8.623 -8.251 -9.355 -9.109 -8.764 -8.479 -8.196 -9.093 -8.782 -8.499 -8.295 -8.227 -8.793 -8.975 -8.646 -7.601 -7.097 -6.502 -8.842
0.02152 -9.398 -9.452 -9.467 -9.413 -9.232 -8.981 -9.357 -9.39 -9.228 -8.972 -8.672 -8.301 -9.397 -9.154 -8.812 -8.528 -8.246 -9.138 -8.829 -8.548 -8.345 -8.275 -8.84 -9.021 -8.694 -7.652 -7.15 -6.555 -8.889
0.022171 -9.424 -9.483 -9.5 -9.454 -9.276 -9.027 -9.392 -9.431 -9.272 -9.018 -8.72 -8.351 -9.438 -9.199 -8.86 -8.578 -8.296 -9.183 -8.877 -8.597 -8.394 -8.324 -8.888 -9.067 -8.742 -7.704 -7.202 -6.608 -8.935
0.022841 -9.45 -9.513 -9.534 -9.494 -9.319 -9.074 -9.427 -9.472 -9.316 -9.065 -8.768 -8.401 -9.478 -9.243 -8.907 -8.627 -8.346 -9.228 -8.924 -8.646 -8.443 -8.372 -8.934 -9.113 -8.791 -7.756 -7.255 -6.662 -8.981
0.023532 -9.476 -9.543 -9.567 -9.534 -9.363 -9.12 -9.462 -9.513 -9.36 -9.111 -8.816 -8.45 -9.519 -9.288 -8.955 -8.675 -8.396 -9.273 -8.971 -8.694 -8.492 -8.42 -8.981 -9.159 -8.839 -7.807 -7.307 -6.715 -9.028
0.024244 -9.502 -9.572 -9.6 -9.574 -9.407 -9.166 -9.497 -9.554 -9.403 -9.157 -8.864 -8.5 -9.56 -9.332 -9.002 -8.724 -8.446 -9.317 -9.018 -8.743 -8.541 -8.469 -9.028 -9.204 -8.886 -7.859 -7.359 -6.768 -9.074
0.024977 -9.527 -9.601 -9.632 -9.614 -9.45 -9.212 -9.532 -9.594 -9.446 -9.203 -8.912 -8.549 -9.6 -9.377 -9.049 -8.773 -8.496 -9.362 -9.065 -8.791 -8.59 -8.517 -9.074 -9.25 -8.934 -7.91 -7.411 -6.82 -9.12
0.025733 -9.551 -9.63 -9.664 -9.653 -9.493 -9.258 -9.566 -9.634 -9.49 -9.249 -8.96 -8.599 -9.64 -9.421 -9.096 -8.822 -8.546 -9.406 -9.112 -8.839 -8.639 -8.565 -9.121 -9.295 -8.982 -7.961 -7.464 -6.873 -9.165
0.026511 -9.576 -9.658 -9.696 -9.692 -9.536 -9.304 -9.6 -9.674 -9.533 -9.295 -9.008 -8.648 -9.68 -9.465 -9.143 -8.87 -8.595 -9.45 -9.159 -8.888 -8.688 -8.614 -9.167 -9.34 -9.03 -8.013 -7.516 -6.926 -9.211
0.027313 -9.6 -9.686 -9.728 -9.731 -9.579 -9.349 -9.634 -9.713 -9.575 -9.341 -9.055 -8.698 -9.719 -9.508 -9.19 -8.919 -8.645 -9.494 -9.206 -8.936 -8.737 -8.662 -9.213 -9.385 -9.077 -8.064 -7.568 -6.979 -9.257
0.028139 -9.623 -9.714 -9.759 -9.77 -9.621 -9.395 -9.668 -9.753 -9.618 -9.386 -9.103 -8.747 -9.758 -9.552 -9.237 -8.967 -8.694 -9.538 -9.252 -8.984 -8.786 -8.71 -9.259 -9.43 -9.124 -8.115 -7.62 -7.032 -9.302
0.02899 -9.647 -9.741 -9.79 -9.809 -9.664 -9.44 -9.701 -9.792 -9.66 -9.432 -9.15 -8.796 -9.798 -9.595 -9.283 -9.015 -8.744 -9.582 -9.299 -9.032 -8.834 -8.758 -9.305 -9.475 -9.172 -8.166 -7.672 -7.085 -9.347
0.029867 -9.67 -9.768 -9.821 -9.847 -9.706 -9.485 -9.734 -9.831 -9.703 -9.477 -9.198 -8.845 -9.837 -9.639 -9.33 -9.063 -8.793 -9.625 -9.345 -9.08 -8.883 -8.806 -9.351 -9.52 -9.219 -8.217 -7.724 -7.137 -9.393
0.03077 -9.692 -9.795 -9.851 -9.885 -9.748 -9.531 -9.767 -9.87 -9.745 -9.522 -9.245 -8.894 -9.875 -9.682 -9.376 -9.111 -8.842 -9.669 -9.391 -9.127 -8.931 -8.854 -9.397 -9.564 -9.266 -8.268 -7.776 -7.19 -9.438
0.031701 -9.714 -9.821 -9.881 -9.923 -9.79 -9.576 -9.8 -9.909 -9.787 -9.567 -9.292 -8.943 -9.914 -9.725 -9.423 -9.159 -8.892 -9.712 -9.437 -9.175 -8.98 -8.902 -9.442 -9.608 -9.313 -8.319 -7.828 -7.243 -9.483
0.032659 -9.736 -9.847 -9.911 -9.961 -9.832 -9.62 -9.832 -9.947 -9.829 -9.612 -9.339 -8.992 -9.952 -9.768 -9.469 -9.207 -8.941 -9.755 -9.483 -9.223 -9.028 -8.95 -9.488 -9.653 -9.36 -8.37 -7.879 -7.295 -9.527
0.033647 -9.757 -9.873 -9.94 -9.998 -9.874 -9.665 -9.865 -9.985 -9.87 -9.657 -9.386 -9.041 -9.99 -9.81 -9.515 -9.255 -8.99 -9.798 -9.529 -9.27 -9.076 -8.998 -9.533 -9.697 -9.406 -8.421 -7.931 -7.348 -9.572
0.034665 -9.778 -9.898 -9.969 -10.036 -9.915 -9.71 -9.897 -10.023 -9.912 -9.701 -9.433 -9.089 -10.028 -9.853 -9.561 -9.303 -9.039 -9.841 -9.575 -9.318 -9.124 -9.045 -9.578 -9.741 -9.453 -8.471 -7.983 -7.4 -9.617
0.035713 -9.798 -9.922 -9.998 -10.073 -9.956 -9.754 -9.928 -10.061 -9.953 -9.746 -9.479 -9.138 -10.066 -9.895 -9.607 -9.35 -9.088 -9.883 -9.62 -9.365 -9.172 -9.093 -9.623 -9.784 -9.5 -8.522 -8.035 -7.453 -9.661
0.036793 -9.819 -9.947 -10.026 -10.109 -9.997 -9.798 -9.96 -10.099 -9.994 -9.79 -9.526 -9.186 -10.103 -9.937 -9.652 -9.398 -9.136 -9.926 -9.666 -9.412 -9.221 -9.141 -9.668 -9.828 -9.546 -8.573 -8.086 -7.505 -9.705
0.037906 -9.838 -9.971 -10.055 -10.146 -10.038 -9.842 -9.991 -10.136 -10.035 -9.834 -9.572 -9.235 -10.14 -9.979 -9.698 -9.445 -9.185 -9.968 -9.711 -9.459 -9.268 -9.188 -9.713 -9.871 -9.592 -8.623 -8.138 -7.558 -9.749
0.039052 -9.857 -9.994 -10.082 -10.182 -10.079 -9.886 -10.022 -10.173 -10.076 -9.878 -9.619 -9.283 -10.177 -10.021 -9.743 -9.493 -9.234 -10.01 -9.756 -9.506 -9.316 -9.236 -9.758 -9.915 -9.638 -8.674 -8.189 -7.61 -9.793
0.040234 -9.876 -10.017 -10.11 -10.218 -10.119 -9.93 -10.053 -10.21 -10.116 -9.922 -9.665 -9.331 -10.214 -10.063 -9.789 -9.54 -9.282 -10.052 -9.801 -9.553 -9.364 -9.284 -9.802 -9.958 -9.684 -8.724 -8.241 -7.662 -9.837
0.04145 -9.895 -10.04 -10.137 -10.254 -10.16 -9.974 -10.084 -10.246 -10.156 -9.966 -9.711 -9.38 -10.25 -10.104 -9.834 -9.587 -9.331 -10.094 -9.847 -9.6 -9.412 -9.331 -9.847 -10.001 -9.73 -8.775 -8.292 -7.715 -9.881
0.042704 -9.913 -10.062 -10.164 -10.289 -10.2 -10.017 -10.114 -10.282 -10.197 -10.009 -9.757 -9.428 -10.286 -10.146 -9.879 -9.634 -9.379 -10.136 -9.891 -9.647 -9.46 -9.378 -9.891 -10.044 -9.776 -8.825 -8.344 -7.767 -9.925
0.043996 -9.93 -10.084 -10.19 -10.325 -10.24 -10.061 -10.144 -10.319 -10.236 -10.053 -9.803 -9.476 -10.322 -10.187 -9.924 -9.681 -9.427 -10.177 -9.936 -9.694 -9.507 -9.426 -9.935 -10.086 -9.822 -8.875 -8.395 -7.819 -9.968
0.045326 -9.947 -10.106 -10.216 -10.36 -10.279 -10.104 -10.174 -10.354 -10.276 -10.096 -9.848 -9.523 -10.358 -10.228 -9.969 -9.727 -9.475 -10.218 -9.981 -9.74 -9.555 -9.473 -9.979 -10.129 -9.868 -8.925 -8.446 -7.871 -10.011
0.046697 -9.964 -10.127 -10.242 -10.394 -10.319 -10.147 -10.204 -10.39 -10.316 -10.139 -9.894 -9.571 -10.393 -10.268 -10.013 -9.774 -9.523 -10.259 -10.025 -9.787 -9.602 -9.52 -10.023 -10.171 -9.913 -8.975 -8.498 -7.924 -10.054
0.048109 -9.98 -10.147 -10.267 -10.429 -10.358 -10.19 -10.233 -10.425 -10.355 -10.182 -9.939 -9.619 -10.429 -10.309 -10.058 -9.821 -9.571 -10.3 -10.07 -9.833 -9.649 -9.567 -10.067 -10.213 -9.958 -9.026 -8.549 -7.976 -10.097
0.049564 -9.996 -10.167 -10.292 -10.463 -10.397 -10.233 -10.262 -10.46 -10.394 -10.225 -9.985 -9.667 -10.463 -10.349 -10.102 -9.867 -9.619 -10.341 -10.114 -9.879 -9.696 -9.615 -10.111 -10.255 -10.004 -9.076 -8.6 -8.028 -10.14
0.051063 -10.011 -10.187 -10.317 -10.497 -10.436 -10.275 -10.291 -10.495 -10.433 -10.268 -10.03 -9.714 -10.498 -10.389 -10.146 -9.913 -9.667 -10.382 -10.158 -9.925 -9.744 -9.662 -10.154 -10.297 -10.049 -9.125 -8.651 -8.08 -10.183
0.052608 -10.026 -10.206 -10.341 -10.531 -10.475 -10.318 -10.32 -10.53 -10.472 -10.31 -10.075 -9.761 -10.532 -10.429 -10.191 -9.96 -9.715 -10.422 -10.202 -9.971 -9.791 -9.709 -10.197 -10.339 -10.094 -9.175 -8.702 -8.132 -10.226
0.054199 -10.041 -10.225 -10.365 -10.564 -10.513 -10.36 -10.348 -10.564 -10.51 -10.353 -10.12 -9.809 -10.567 -10.469 -10.235 -10.006 -9.763 -10.462 -10.246 -10.017 -9.838 -9.755 -10.24 -10.381 -10.138 -9.225 -8.753 -8.184 -10.268
0.055838 -10.055 -10.243 -10.388 -10.597 -10.551 -10.402 -10.376 -10.598 -10.549 -10.395 -10.165 -9.856 -10.6 -10.509 -10.278 -10.052 -9.81 -10.502 -10.289 -10.063 -9.884 -9.802 -10.283 -10.422 -10.183 -9.275 -8.804 -8.236 -10.31
0.057527 -10.068 -10.261 -10.412 -10.63 -10.59 -10.444 -10.404 -10.631 -10.587 -10.437 -10.21 -9.903 -10.634 -10.548 -10.322 -10.098 -9.858 -10.542 -10.333 -10.109 -9.931 -9.849 -10.326 -10.463 -10.228 -9.325 -8.855 -8.287 -10.352
0.059267 -10.081 -10.279 -10.434 -10.662 -10.627 -10.486 -10.432 -10.665 -10.624 -10.479 -10.254 -9.95 -10.667 -10.587 -10.366 -10.143 -9.905 -10.582 -10.376 -10.154 -9.978 -9.896 -10.369 -10.504 -10.272 -9.374 -8.906 -8.339 -10.394
0.061059 -10.094 -10.296 -10.457 -10.694 -10.665 -10.528 -10.459 -10.698 -10.662 -10.52 -10.299 -9.997 -10.7 -10.626 -10.409 -10.189 -9.952 -10.621 -10.42 -10.2 -10.025 -9.942 -10.412 -10.545 -10.316 -9.424 -8.956 -8.391 -10.436
0.062906 -10.106 -10.312 -10.479 -10.726 -10.702 -10.569 -10.486 -10.731 -10.699 -10.562 -10.343 -10.044 -10.733 -10.665 -10.452 -10.234 -9.999 -10.661 -10.463 -10.245 -10.071 -9.989 -10.454 -10.585 -10.36 -9.473 -9.007 -8.443 -10.478
0.064808 -10.117 -10.328 -10.5 -10.758 -10.739 -10.61 -10.513 -10.763 -10.737 -10.603 -10.387 -10.09 -10.765 -10.704 -10.495 -10.28 -10.046 -10.7 -10.506 -10.29 -10.117 -10.035 -10.496 -10.626 -10.405 -9.523 -9.058 -8.494 -10.519
0.066769 -10.128 -10.344 -10.521 -10.789 -10.776 -10.651 -10.54 -10.796 -10.774 -10.644 -10.431 -10.137 -10.797 -10.742 -10.538 -10.325 -10.093 -10.738 -10.548 -10.335 -10.164 -10.082 -10.538 -10.666 -10.448 -9.572 -9.108 -8.546 -10.56
0.068788 -10.139 -10.359 -10.542 -10.82 -10.813 -10.692 -10.566 -10.828 -10.81 -10.685 -10.475 -10.183 -10.829 -10.78 -10.581 -10.37 -10.14 -10.777 -10.591 -10.38 -10.21 -10.128 -10.58 -10.706 -10.492 -9.621 -9.159 -8.598 -10.601
0.070868 -10.149 -10.373 -10.562 -10.851 -10.849 -10.733 -10.592 -10.859 -10.847 -10.726 -10.519 -10.23 -10.861 -10.818 -10.624 -10.415 -10.187 -10.815 -10.634 -10.425 -10.256 -10.174 -10.622 -10.746 -10.536 -9.67 -9.209 -8.649 -10.642
0.073012 -10.159 -10.387 -10.582 -10.881 -10.885 -10.773 -10.618 -10.891 -10.883 -10.767 -10.563 -10.276 -10.892 -10.856 -10.666 -10.46 -10.233 -10.854 -10.676 -10.47 -10.302 -10.221 -10.663 -10.786 -10.579 -9.719 -9.26 -8.701 -10.683
0.07522 -10.168 -10.401 -10.602 -10.911 -10.921 -10.814 -10.644 -10.922 -10.919 -10.807 -10.606 -10.322 -10.923 -10.893 -10.708 -10.505 -10.28 -10.892 -10.718 -10.515 -10.348 -10.267 -10.705 -10.825 -10.622 -9.768 -9.31 -8.752 -10.724
0.077495 -10.176 -10.414 -10.621 -10.941 -10.957 -10.854 -10.669 -10.953 -10.954 -10.847 -10.65 -10.368 -10.953 -10.93 -10.75 -10.549 -10.326 -10.929 -10.76 -10.559 -10.394 -10.313 -10.746 -10.865 -10.666 -9.817 -9.36 -8.804 -10.764
0.079839 -10.184 -10.426 -10.639 -10.97 -10.992 -10.894 -10.694 -10.983 -10.99 -10.887 -10.693 -10.414 -10.983 -10.967 -10.792 -10.594 -10.373 -10.967 -10.802 -10.603 -10.439 -10.359 -10.787 -10.904 -10.708 -9.866 -9.411 -8.855 -10.804
0.082253 -10.192 -10.438 -10.657 -10.999 -11.028 -10.934 -10.719 -11.013 -11.025 -10.927 -10.736 -10.46 -11.013 -11.004 -10.834 -10.638 -10.419 -11.004 -10.844 -10.648 -10.485 -10.404 -10.828 -10.943 -10.751 -9.915 -9.461 -8.906 -10.844
0.084741 -10.199 -10.449 -10.675 -11.028 -11.062 -10.973 -10.743 -11.043 -11.06 -10.967 -10.779 -10.506 -11.043 -11.041 -10.876 -10.683 -10.465 -11.041 -10.885 -10.692 -10.53 -10.45 -10.869 -10.981 -10.794 -9.964 -9.511 -8.958 -10.884
0.087304 -10.205 -10.46 -10.692 -11.056 -11.097 -11.012 -10.767 -11.072 -11.095 -11.006 -10.821 -10.551 -11.072 -11.077 -10.917 -10.727 -10.511 -11.078 -10.926 -10.736 -10.576 -10.496 -10.909 -11.02 -10.836 -10.012 -9.561 -9.009 -10.924
0.089944 -10.211 -10.47 -10.709 -11.084 -11.131 -11.052 -10.791 -11.101 -11.129 -11.045 -10.864 -10.597 -11.101 -11.113 -10.958 -10.77 -10.557 -11.115 -10.967 -10.779 -10.621 -10.541 -10.95 -11.058 -10.879 -10.061 -9.611 -9.06 -10.964
0.092665 -10.216 -10.48 -10.726 -11.112 -11.165 -11.09 -10.815 -11.13 -11.163 -11.084 -10.906 -10.642 -11.13 -11.149 -10.999 -10.814 -10.602 -11.151 -11.008 -10.823 -10.666 -10.587 -10.99 -11.096 -10.921 -10.109 -9.661 -9.111 -11.003
0.095467 -10.221 -10.489 -10.741 -11.139 -11.199 -11.129 -10.838 -11.159 -11.197 -11.123 -10.948 -10.687 -11.158 -11.184 -11.04 -10.858 -10.648 -11.187 -11.049 -10.867 -10.711 -10.632 -11.03 -11.134 -10.963 -10.158 -9.711 -9.162 -11.042
0.098355 -10.225 -10.498 -10.757 -11.166 -11.233 -11.168 -10.861 -11.187 -11.231 -11.162 -10.991 -10.732 -11.185 -11.22 -11.081 -10.901 -10.693 -11.223 -11.09 -10.91 -10.756 -10.678 -11.07 -11.171 -11.005 -10.206 -9.761 -9.213 -11.081
0.101329 -10.228 -10.506 -10.772 -11.193 -11.266 -11.206 -10.884 -11.214 -11.264 -11.2 -11.032 -10.777 -11.213 -11.255 -11.122 -10.945 -10.739 -11.259 -11.13 -10.953 -10.801 -10.723 -11.109 -11.209 -11.046 -10.254 -9.81 -9.264 -11.12
0.104394 -10.231 -10.513 -10.786 -11.219 -11.299 -11.244 -10.907 -11.242 -11.297 -11.238 -11.074 -10.822 -11.24 -11.289 -11.162 -10.988 -10.784 -11.294 -11.17 -10.996 -10.845 -10.768 -11.149 -11.246 -11.088 -10.302 -9.86 -9.315 -11.158
0.107551 -10.234 -10.52 -10.8 -11.245 -11.332 -11.282 -10.929 -11.269 -11.329 -11.276 -11.116 -10.866 -11.267 -11.324 -11.202 -11.031 -10.829 -11.329 -11.211 -11.039 -10.89 -10.813 -11.188 -11.283 -11.129 -10.35 -9.91 -9.366 -11.197
0.110804 -10.236 -10.526 -10.813 -11.27 -11.364 -11.319 -10.951 -11.295 -11.362 -11.314 -11.157 -10.911 -11.293 -11.358 -11.242 -11.074 -10.874 -11.364 -11.25 -11.082 -10.934 -10.858 -11.227 -11.319 -11.17 -10.398 -9.959 -9.417 -11.235
0.114155 -10.237 -10.531 -10.826 -11.295 -11.396 -11.357 -10.972 -11.321 -11.394 -11.351 -11.198 -10.955 -11.319 -11.392 -11.282 -11.116 -10.919 -11.399 -11.29 -11.125 -10.978 -10.902 -11.266 -11.356 -11.211 -10.446 -10.009 -9.468 -11.273
0.117608 -10.238 -10.536 -10.839 -11.319 -11.428 -11.394 -10.994 -11.347 -11.426 -11.388 -11.239 -11.0 -11.345 -11.425 -11.321 -11.159 -10.964 -11.433 -11.329 -11.167 -11.023 -10.947 -11.304 -11.392 -11.252 -10.494 -10.058 -9.519 -11.31
0.121165 -10.238 -10.54 -10.851 -11.344 -11.459 -11.43 -11.015 -11.373 -11.457 -11.425 -11.28 -11.044 -11.37 -11.459 -11.36 -11.201 -11.008 -11.467 -11.369 -11.209 -11.066 -10.992 -11.342 -11.428 -11.293 -10.542 -10.107 -9.569 -11.348
0.124829 -10.237 -10.544 -10.862 -11.367 -11.49 -11.467 -11.036 -11.398 -11.488 -11.462 -11.321 -11.088 -11.394 -11.492 -11.399 -11.243 -11.053 -11.501 -11.408 -11.251 -11.11 -11.036 -11.381 -11.463 -11.333 -10.589 -10.157 -9.62 -11.385
0.128605 -10.236 -10.547 -10.873 -11.391 -11.521 -11.503 -11.056 -11.422 -11.519 -11.498 -11.361 -11.131 -11.419 -11.525 -11.438 -11.285 -11.097 -11.534 -11.446 -11.293 -11.154 -11.08 -11.419 -11.499 -11.373 -10.637 -10.206 -9.67 -11.422
0.132494 -10.234 -10.549 -10.883 -11.413 -11.551 -11.539 -11.076 -11.446 -11.549 -11.535 -11.401 -11.175 -11.443 -11.557 -11.477 -11.327 -11.141 -11.568 -11.485 -11.335 -11.198 -11.125 -11.456 -11.534 -11.413 -10.684 -10.255 -9.721 -11.459
0.136502 -10.231 -10.551 -10.893 -11.436 -11.581 -11.575 -11.096 -11.47 -11.58 -11.57 -11.441 -11.219 -11.466 -11.589 -11.515 -11.369 -11.185 -11.6 -11.523 -11.377 -11.241 -11.169 -11.494 -11.569 -11.453 -10.731 -10.304 -9.771 -11.495
0.14063 -10.228 -10.551 -10.902 -11.458 -11.611 -11.611 -11.115 -11.493 -11.609 -11.606 -11.481 -11.262 -11.489 -11.621 -11.553 -11.41 -11.229 -11.633 -11.561 -11.418 -11.284 -11.213 -11.531 -11.603 -11.492 -10.778 -10.353 -9.822 -11.532
0.144883 -10.224 -10.552 -10.91 -11.479 -11.64 -11.646 -11.134 -11.516 -11.639 -11.642 -11.521 -11.305 -11.512 -11.652 -11.591 -11.452 -11.272 -11.665 -11.599 -11.459 -11.327 -11.256 -11.568 -11.637 -11.532 -10.825 -10.402 -9.872 -11.568
0.149265 -10.22 -10.551 -10.918 -11.5 -11.669 -11.681 -11.153 -11.539 -11.668 -11.677 -11.56 -11.348 -11.534 -11.683 -11.629 -11.493 -11.316 -11.697 -11.637 -11.5 -11.37 -11.3 -11.605 -11.671 -11.571 -10.872 -10.45 -9.922 -11.604
0.15378 -10.215 -10.55 -10.926 -11.521 -11.698 -11.716 -11.172 -11.561 -11.697 -11.711 -11.599 -11.391 -11.555 -11.714 -11.666 -11.534 -11.359 -11.729 -11.674 -11.541 -11.413 -11.344 -11.641 -11.705 -11.61 -10.919 -10.499 -9.972 -11.639
0.15843 -10.209 -10.548 -10.932 -11.541 -11.726 -11.75 -11.19 -11.582 -11.725 -11.746 -11.638 -11.434 -11.577 -11.745 -11.704 -11.574 -11.402 -11.76 -11.712 -11.582 -11.455 -11.387 -11.678 -11.738 -11.648 -10.966 -10.548 -10.023 -11.675
0.163222 -10.202 -10.545 -10.939 -11.561 -11.754 -11.784 -11.208 -11.603 -11.753 -11.78 -11.677 -11.476 -11.597 -11.775 -11.741 -11.615 -11.445 -11.791 -11.748 -11.622 -11.498 -11.43 -11.714 -11.771 -11.687 -11.012 -10.596 -10.073 -11.71
0.168159 -10.195 -10.541 -10.944 -11.58 -11.781 -11.818 -11.225 -11.624 -11.78 -11.814 -11.715 -11.518 -11.617 -11.805 -11.777 -11.655 -11.488 -11.822 -11.785 -11.663 -11.54 -11.474 -11.749 -11.804 -11.725 -11.059 -10.645 -10.123 -11.745
0.173245 -10.187 -10.537 -10.949 -11.598 -11.808 -11.852 -11.242 -11.644 -11.808 -11.848 -11.754 -11.561 -11.637 -11.834 -11.814 -11.695 -11.531 -11.852 -11.821 -11.703 -11.582 -11.517 -11.785 -11.837 -11.763 -11.105 -10.693 -10.172 -11.779
0.178484 -10.178 -10.532 -10.953 -11.616 -11.835 -11.885 -11.259 -11.664 -11.834 -11.881 -11.792 -11.602 -11.656 -11.863 -11.85 -11.735 -11.573 -11.882 -11.858 -11.743 -11.624 -11.559 -11.82 -11.869 -11.801 -11.151 -10.741 -10.222 -11.814
0.183882 -10.169 -10.526 -10.957 -11.634 -11.861 -11.918 -11.275 -11.683 -11.861 -11.914 -11.829 -11.644 -11.675 -11.892 -11.886 -11.775 -11.616 -11.912 -11.893 -11.782 -11.666 -11.602 -11.855 -11.901 -11.838 -11.198 -10.789 -10.272 -11.848
0.189444 -10.159 -10.519 -10.96 -11.651 -11.887 -11.95 -11.291 -11.701 -11.887 -11.947 -11.867 -11.686 -11.693 -11.92 -11.921 -11.814 -11.658 -11.941 -11.929 -11.822 -11.707 -11.645 -11.89 -11.932 -11.875 -11.244 -10.837 -10.322 -11.881
0.195173 -10.148 -10.511 -10.962 -11.667 -11.913 -11.982 -11.307 -11.719 -11.912 -11.979 -11.904 -11.727 -11.711 -11.948 -11.957 -11.853 -11.7 -11.97 -11.964 -11.861 -11.749 -11.687 -11.924 -11.963 -11.912 -11.289 -10.885 -10.371 -11.915
0.201076 -10.136 -10.503 -10.964 -11.683 -11.938 -12.014 -11.322 -11.737 -11.937 -12.011 -11.941 -11.768 -11.728 -11.975 -11.992 -11.892 -11.741 -11.998 -11.999 -11.9 -11.79 -11.729 -11.958 -11.994 -11.949 -11.335 -10.933 -10.421 -11.948
0.207158 -10.124 -10.493 -10.965 -11.698 -11.962 -12.046 -11.337 -11.753 -11.962 -12.043 -11.978 -11.809 -11.744 -12.002 -12.026 -11.931 -11.783 -12.026 -12.034 -11.938 -11.831 -11.771 -11.992 -12.025 -11.985 -11.381 -10.981 -10.47 -11.981
0.213423 -10.111 -10.483 -10.965 -11.713 -11.986 -12.077 -11.351 -11.77 -11.986 -12.074 -12.014 -11.85 -11.76 -12.029 -12.061 -11.969 -11.824 -12.054 -12.068 -11.977 -11.872 -11.813 -12.025 -12.055 -12.021 -11.426 -11.028 -10.52 -12.013
0.219878 -10.097 -10.472 -10.964 -11.727 -12.01 -12.108 -11.365 -11.786 -12.01 -12.105 -12.05 -11.891 -11.776 -12.055 -12.095 -12.007 -11.865 -12.081 -12.102 -12.015 -11.912 -11.855 -12.059 -12.084 -12.057 -11.471 -11.076 -10.569 -12.046
0.226528 -10.082 -10.46 -10.963 -11.741 -12.033 -12.138 -11.379 -11.801 -12.033 -12.136 -12.086 -11.931 -11.79 -12.081 -12.128 -12.045 -11.906 -12.108 -12.136 -12.053 -11.952 -11.896 -12.092 -12.114 -12.093 -11.516 -11.123 -10.618 -12.078
0.233379 -10.066 -10.447 -10.961 -11.753 -12.055 -12.168 -11.392 -11.815 -12.056 -12.166 -12.122 -11.971 -11.805 -12.106 -12.162 -12.083 -11.947 -12.134 -12.17 -12.09 -11.992 -11.937 -12.124 -12.143 -12.128 -11.561 -11.17 -10.667 -12.109
0.240437 -10.05 -10.433 -10.958 -11.766 -12.077 -12.198 -11.405 -11.829 -12.078 -12.196 -12.157 -12.011 -11.818 -12.131 -12.195 -12.12 -11.988 -12.16 -12.203 -12.128 -12.032 -11.978 -12.156 -12.171 -12.163 -11.606 -11.217 -10.716 -12.14
0.247709 -10.033 -10.418 -10.954 -11.777 -12.099 -12.227 -11.418 -11.843 -12.099 -12.225 -12.192 -12.05 -11.831 -12.155 -12.228 -12.157 -12.028 -12.186 -12.235 -12.165 -12.072 -12.019 -12.188 -12.199 -12.198 -11.651 -11.264 -10.765 -12.171
0.255201 -10.015 -10.402 -10.95 -11.788 -12.12 -12.256 -11.43 -11.855 -12.121 -12.254 -12.227 -12.09 -11.843 -12.179 -12.26 -12.194 -12.068 -12.211 -12.268 -12.202 -12.111 -12.06 -12.22 -12.227 -12.232 -11.695 -11.311 -10.814 -12.202
0.262919 -9.996 -10.384 -10.944 -11.798 -12.141 -12.284 -11.441 -11.867 -12.141 -12.283 -12.261 -12.129 -11.854 -12.203 -12.292 -12.231 -12.107 -12.235 -12.3 -12.238 -12.15 -12.101 -12.251 -12.254 -12.266 -11.74 -11.358 -10.862 -12.232
0.270871 -9.976 -10.366 -10.938 -11.808 -12.16 -12.312 -11.452 -11.878 -12.161 -12.311 -12.295 -12.168 -11.865 -12.226 -12.324 -12.267 -12.147 -12.259 -12.331 -12.275 -12.189 -12.141 -12.282 -12.281 -12.299 -11.784 -11.405 -10.911 -12.262
0.279064 -9.955 -10.347 -10.931 -11.816 -12.18 -12.339 -11.463 -11.889 -12.181 -12.338 -12.328 -12.206 -11.875 -12.248 -12.355 -12.303 -12.186 -12.283 -12.363 -12.311 -12.228 -12.181 -12.312 -12.307 -12.333 -11.828 -11.451 -10.959 -12.292
0.287504 -9.934 -10.327 -10.923 -11.824 -12.199 -12.366 -11.473 -11.899 -12.2 -12.366 -12.362 -12.245 -11.885 -12.27 -12.386 -12.338 -12.225 -12.306 -12.393 -12.346 -12.266 -12.221 -12.342 -12.333 -12.366 -11.871 -11.497 -11.008 -12.321
0.296199 -9.911 -10.305 -10.914 -11.831 -12.217 -12.393 -11.482 -11.908 -12.218 -12.392 -12.395 -12.283 -11.893 -12.291 -12.416 -12.373 -12.264 -12.328 -12.424 -12.381 -12.304 -12.26 -12.372 -12.359 -12.398 -11.915 -11.544 -11.056 -12.35
0.305157 -9.888 -10.282 -10.904 -11.838 -12.234 -12.419 -11.491 -11.916 -12.236 -12.419 -12.427 -12.32 -11.901 -12.312 -12.446 -12.408 -12.302 -12.35 -12.454 -12.416 -12.342 -12.299 -12.401 -12.384 -12.43 -11.958 -11.59 -11.104 -12.378
0.314387 -9.864 -10.258 -10.894 -11.843 -12.251 -12.444 -11.5 -11.924 -12.253 -12.444 -12.459 -12.358 -11.908 -12.332 -12.476 -12.443 -12.34 -12.372 -12.484 -12.451 -12.379 -12.338 -12.43 -12.408 -12.462 -12.002 -11.635 -11.152 -12.406
0.323895 -9.838 -10.233 -10.882 -11.848 -12.268 -12.469 -11.508 -11.931 -12.269 -12.47 -12.491 -12.395 -11.914 -12.351 -12.505 -12.477 -12.378 -12.393 -12.513 -12.485 -12.417 -12.377 -12.458 -12.432 -12.493 -12.045 -11.681 -11.2 -12.433
0.333691 -9.812 -10.207 -10.869 -11.852 -12.283 -12.494 -11.515 -11.937 -12.285 -12.494 -12.522 -12.432 -11.92 -12.37 -12.533 -12.511 -12.416 -12.413 -12.541 -12.519 -12.453 -12.416 -12.486 -12.455 -12.524 -12.087 -11.727 -11.248 -12.46
0.343783 -9.785 -10.179 -10.856 -11.855 -12.298 -12.518 -11.522 -11.942 -12.3 -12.519 -12.553 -12.468 -11.924 -12.388 -12.561 -12.544 -12.453 -12.432 -12.57 -12.553 -12.49 -12.454 -12.513 -12.478 -12.555 -12.13 -11.772 -11.295 -12.487
0.354181 -9.757 -10.15 -10.841 -11.857 -12.312 -12.541 -11.528 -11.946 -12.315 -12.542 -12.584 -12.504 -11.928 -12.406 -12.589 -12.577 -12.49 -12.451 -12.597 -12.586 -12.526 -12.492 -12.54 -12.5 -12.585 -12.172 -11.817 -11.343 -12.513
0.364893 -9.728 -10.12 -10.825 -11.859 -12.326 -12.564 -11.534 -11.95 -12.328 -12.565 -12.614 -12.54 -11.931 -12.423 -12.616 -12.61 -12.526 -12.47 -12.625 -12.618 -12.562 -12.529 -12.567 -12.522 -12.614 -12.214 -11.862 -11.39 -12.539
0.375929 -9.697 -10.088 -10.808 -11.859 -12.338 -12.586 -11.539 -11.952 -12.341 -12.588 -12.643 -12.575 -11.932 -12.439 -12.643 -12.642 -12.562 -12.487 -12.651 -12.651 -12.598 -12.567 -12.593 -12.543 -12.643 -12.256 -11.907 -11.437 -12.564
0.387298 -9.666 -10.054 -10.79 -11.858 -12.35 -12.608 -11.543 -11.953 -12.353 -12.61 -12.672 -12.61 -11.933 -12.455 -12.669 -12.674 -12.598 -12.504 -12.678 -12.682 -12.633 -12.604 -12.618 -12.563 -12.672 -12.297 -11.951 -11.484 -12.588
0.399012 -9.634 -10.019 -10.77 -11.856 -12.361 -12.629 -11.547 -11.954 -12.365 -12.631 -12.701 -12.645 -11.933 -12.469 -12.695 -12.705 -12.634 -12.521 -12.703 -12.714 -12.667 -12.64 -12.643 -12.583 -12.7 -12.339 -11.996 -11.531 -12.613
0.41108 -9.601 -9.983 -10.75 -11.853 -12.371 -12.649 -11.55 -11.953 -12.375 -12.651 -12.729 -12.679 -11.932 -12.483 -12.719 -12.736 -12.669 -12.536 -12.728 -12.745 -12.702 -12.677 -12.668 -12.602 -12.728 -12.38 -12.04 -11.578 -12.636
0.423513 -9.566 -9.945 -10.728 -11.849 -12.381 -12.669 -11.552 -11.952 -12.385 -12.671 -12.757 -12.713 -11.929 -12.497 -12.744 -12.766 -12.703 -12.551 -12.753 -12.775 -12.736 -12.713 -12.691 -12.621 -12.755 -12.42 -12.084 -11.624 -12.659
0.436321 -9.531 -9.905 -10.704 -11.844 -12.389 -12.687 -11.553 -11.949 -12.393 -12.69 -12.784 -12.747 -11.926 -12.509 -12.768 -12.796 -12.738 -12.565 -12.777 -12.805 -12.769 -12.748 -12.715 -12.638 -12.781 -12.461 -12.127 -11.67 -12.682
0.449518 -9.494 -9.864 -10.68 -11.838 -12.397 -12.705 -11.554 -11.945 -12.401 -12.709 -12.81 -12.779 -11.921 -12.521 -12.791 -12.825 -12.771 -12.578 -12.8 -12.835 -12.802 -12.783 -12.737 -12.655 -12.807 -12.501 -12.171 -11.717 -12.704
0.463113 -9.457 -9.821 -10.654 -11.831 -12.403 -12.723 -11.554 -11.94 -12.408 -12.727 -12.836 -12.812 -11.916 -12.531 -12.813 -12.854 -12.805 -12.591 -12.822 -12.863 -12.835 -12.818 -12.759 -12.672 -12.833 -12.541 -12.214 -11.762 -12.725
0.47712 -9.418 -9.775 -10.627 -11.822 -12.409 -12.739 -11.553 -11.934 -12.414 -12.743 -12.861 -12.844 -11.909 -12.541 -12.835 -12.882 -12.838 -12.602 -12.844 -12.892 -12.867 -12.852 -12.78 -12.687 -12.857 -12.58 -12.257 -11.808 -12.745
0.49155 -9.378 -9.729 -10.598 -11.812 -12.414 -12.755 -11.552 -11.927 -12.419 -12.76 -12.886 -12.875 -11.9 -12.55 -12.856 -12.91 -12.87 -12.613 -12.865 -12.92 -12.899 -12.886 -12.801 -12.702 -12.881 -12.619 -12.3 -11.854 -12.765
0.506416 -9.337 -9.68 -10.567 -11.801 -12.417 -12.77 -11.549 -11.918 -12.422 -12.775 -12.909 -12.906 -11.891 -12.558 -12.876 -12.937 -12.902 -12.622 -12.886 -12.947 -12.93 -12.92 -12.821 -12.715 -12.905 -12.658 -12.342 -11.899 -12.785
0.521733 -9.295 -9.629 -10.535 -11.788 -12.419 -12.784 -11.546 -11.908 -12.425 -12.789 -12.933 -12.937 -11.88 -12.564 -12.896 -12.963 -12.933 -12.631 -12.905 -12.973 -12.96 -12.953 -12.84 -12.728 -12.927 -12.696 -12.384 -11.944 -12.803
0.537512 -9.252 -9.575 -10.502 -11.774 -12.421 -12.797 -11.541 -11.896 -12.427 -12.802 -12.955 -12.967 -11.867 -12.57 -12.914 -12.989 -12.964 -12.639 -12.924 -12.999 -12.99 -12.985 -12.859 -12.74 -12.949 -12.734 -12.426 -11.989 -12.821
0.553769 -9.208 -9.52 -10.467 -11.758 -12.42 -12.809 -11.536 -11.883 -12.427 -12.815 -12.977 -12.996 -11.854 -12.575 -12.932 -13.014 -12.994 -12.645 -12.942 -13.024 -13.02 -13.017 -12.876 -12.751 -12.97 -12.772 -12.467 -12.033 -12.838
0.570517 -9.163 -9.462 -10.429 -11.74 -12.419 -12.82 -11.529 -11.869 -12.426 -12.826 -12.998 -13.025 -11.838 -12.578 -12.949 -13.038 -13.024 -12.651 -12.959 -13.049 -13.048 -13.049 -12.893 -12.761 -12.991 -12.809 -12.509 -12.078 -12.854
0.587772 -9.117 -9.402 -10.391 -11.721 -12.417 -12.83 -11.522 -11.853 -12.424 -12.837 -13.018 -13.053 -11.821 -12.58 -12.965 -13.062 -13.053 -12.655 -12.976 -13.073 -13.077 -13.079 -12.909 -12.77 -13.01 -12.846 -12.549 -12.122 -12.87
0.605549 -9.069 -9.34 -10.35 -11.701 -12.413 -12.839 -11.513 -11.835 -12.42 -12.846 -13.037 -13.08 -11.802 -12.581 -12.98 -13.084 -13.081 -12.658 -12.991 -13.096 -13.104 -13.11 -12.924 -12.778 -13.029 -12.882 -12.59 -12.165 -12.884
0.623863 -9.021 -9.274 -10.307 -11.678 -12.407 -12.847 -11.503 -11.816 -12.415 -12.854 -13.056 -13.107 -11.782 -12.581 -12.994 -13.106 -13.109 -12.66 -13.005 -13.118 -13.131 -13.139 -12.938 -12.784 -13.047 -12.918 -12.63 -12.209 -12.898
0.642731 -8.971 -9.206 -10.262 -11.654 -12.4 -12.853 -11.492 -11.794 -12.409 -12.861 -13.073 -13.133 -11.759 -12.579 -13.007 -13.128 -13.136 -12.661 -13.019 -13.139 -13.157 -13.168 -12.951 -12.79 -13.064 -12.953 -12.669 -12.252 -12.911
0.66217 -8.921 -9.136 -10.215 -11.628 -12.392 -12.858 -11.48 -11.771 -12.401 -12.867 -13.09 -13.158 -11.735 -12.576 -13.019 -13.148 -13.162 -12.66 -13.031 -13.159 -13.182 -13.197 -12.963 -12.794 -13.079 -12.988 -12.709 -12.295 -12.922
0.682197 -8.87 -9.062 -10.166 -11.599 -12.382 -12.862 -11.466 -11.746 -12.391 -12.872 -13.105 -13.182 -11.709 -12.571 -13.03 -13.167 -13.188 -12.658 -13.042 -13.179 -13.207 -13.224 -12.974 -12.797 -13.094 -13.022 -12.747 -12.337 -12.933
0.70283 -8.817 -8.985 -10.114 -11.569 -12.37 -12.865 -11.451 -11.719 -12.38 -12.875 -13.12 -13.206 -11.68 -12.565 -13.04 -13.185 -13.212 -12.654 -13.052 -13.197 -13.23 -13.251 -12.984 -12.799 -13.108 -13.055 -12.786 -12.379 -12.943
0.724086 -8.764 -8.905 -10.06 -11.536 -12.356 -12.866 -11.434 -11.69 -12.367 -12.877 -13.133 -13.228 -11.65 -12.557 -13.048 -13.202 -13.236 -12.649 -13.06 -13.215 -13.253 -13.277 -12.993 -12.799 -13.121 -13.088 -12.823 -12.421 -12.951
0.745986 -8.71 -8.822 -10.003 -11.501 -12.341 -12.866 -11.416 -11.658 -12.352 -12.877 -13.145 -13.25 -11.617 -12.548 -13.055 -13.219 -13.259 -12.642 -13.068 -13.231 -13.275 -13.303 -13.0 -12.798 -13.132 -13.121 -12.861 -12.462 -12.958
0.768548 -8.656 -8.735 -9.944 -11.463 -12.323 -12.864 -11.397 -11.624 -12.335 -12.876 -13.156 -13.271 -11.581 -12.536 -13.061 -13.234 -13.281 -12.633 -13.074 -13.247 -13.296 -13.327 -13.007 -12.795 -13.142 -13.152 -12.898 -12.503 -12.965
0.791792 -8.601 -8.644 -9.882 -11.423 -12.304 -12.86 -11.375 -11.588 -12.316 -12.873 -13.166 -13.29 -11.544 -12.523 -13.065 -13.247 -13.302 -12.623 -13.078 -13.261 -13.316 -13.35 -13.011 -12.79 -13.151 -13.183 -12.934 -12.544 -12.969
0.815739 -8.545 -8.549 -9.817 -11.38 -12.282 -12.855 -11.352 -11.548 -12.295 -12.868 -13.174 -13.309 -11.503 -12.508 -13.067 -13.26 -13.321 -12.611 -13.081 -13.274 -13.334 -13.373 -13.015 -12.784 -13.159 -13.213 -12.969 -12.584 -12.973
0.840411 -8.49 -8.451 -9.749 -11.335 -12.258 -12.848 -11.327 -11.507 -12.271 -12.861 -13.181 -13.326 -11.46 -12.491 -13.068 -13.271 -13.34 -12.596 -13.083 -13.285 -13.352 -13.394 -13.017 -12.776 -13.165 -13.243 -13.004 -12.623 -12.975
0.865828 -8.433 -8.348 -9.678 -11.286 -12.232 -12.838 -11.3 -11.462 -12.246 -12.853 -13.186 -13.343 -11.413 -12.471 -13.068 -13.281 -13.358 -12.58 -13.082 -13.295 -13.369 -13.415 -13.017 -12.766 -13.169 -13.271 -13.039 -12.662 -12.976
0.892015 -8.377 -8.24 -9.603 -11.234 -12.203 -12.827 -11.271 -11.414 -12.217 -12.842 -13.19 -13.358 -11.364 -12.449 -13.065 -13.29 -13.374 -12.561 -13.08 -13.304 -13.384 -13.434 -13.016 -12.754 -13.172 -13.299 -13.072 -12.7 -12.975
0.918993 -8.321 -8.128 -9.525 -11.179 -12.171 -12.814 -11.24 -11.363 -12.186 -12.83 -13.192 -13.371 -11.311 -12.425 -13.061 -13.296 -13.389 -12.54 -13.076 -13.311 -13.398 -13.452 -13.013 -12.74 -13.173 -13.325 -13.105 -12.738 -12.972
0.946787 -8.265 -8.01 -9.444 -11.12 -12.137 -12.798 -11.206 -11.308 -12.153 -12.815 -13.192 -13.384 -11.255 -12.398 -13.054 -13.301 -13.403 -12.517 -13.071 -13.317 -13.41 -13.469 -13.008 -12.724 -13.172 -13.351 -13.137 -12.775 -12.968
0.975422 -8.209 -7.888 -9.358 -11.057 -12.099 -12.78 -11.17 -11.25 -12.116 -12.798 -13.19 -13.395 -11.195 -12.368 -13.046 -13.305 -13.415 -12.491 -13.063 -13.321 -13.421 -13.485 -13.001 -12.705 -13.17 -13.376 -13.169 -12.812 -12.962
1.004923 -8.154 -7.759 -9.269 -10.991 -12.059 -12.759 -11.132 -11.188 -12.076 -12.778 -13.187 -13.404 -11.131 -12.335 -13.035 -13.306 -13.426 -12.462 -13.052 -13.323 -13.43 -13.499 -12.992 -12.684 -13.165 -13.399 -13.199 -12.848 -12.954
1.035317 -8.1 -7.625 -9.175 -10.92 -12.015 -12.736 -11.091 -11.122 -12.033 -12.755 -13.181 -13.411 -11.063 -12.3 -13.022 -13.306 -13.435 -12.431 -13.04 -13.323 -13.438 -13.512 -12.981 -12.66 -13.159 -13.422 -13.229 -12.883 -12.943
1.066629 -8.046 -7.485 -9.077 -10.845 -11.967 -12.709 -11.047 -11.052 -11.987 -12.73 -13.173 -13.417 -10.991 -12.261 -13.006 -13.304 -13.442 -12.396 -13.025 -13.321 -13.444 -13.523 -12.967 -12.633 -13.15 -13.443 -13.257 -12.918 -12.931
1.098888 -7.994 -7.338 -8.974 -10.765 -11.916 -12.68 -10.999 -10.977 -11.936 -12.702 -13.163 -13.421 -10.914 -12.218 -12.988 -13.299 -13.448 -12.358 -13.007 -13.317 -13.448 -13.532 -12.952 -12.603 -13.138 -13.463 -13.285 -12.951 -12.917
1.132124 -7.943 -7.184 -8.866 -10.681 -11.86 -12.647 -10.949 -10.898 -11.882 -12.67 -13.15 -13.423 -10.832 -12.172 -12.967 -13.292 -13.451 -12.317 -12.987 -13.31 -13.45 -13.54 -12.933 -12.571 -13.125 -13.481 -13.311 -12.984 -12.9
1.166364 -7.893 -7.023 -8.753 -10.591 -11.801 -12.611 -10.896 -10.813 -11.824 -12.635 -13.135 -13.423 -10.745 -12.122 -12.943 -13.282 -13.452 -12.272 -12.963 -13.301 -13.45 -13.546 -12.912 -12.534 -13.108 -13.498 -13.337 -13.016 -12.881
1.20164 -7.844 -6.854 -8.634 -10.495 -11.737 -12.571 -10.838 -10.723 -11.761 -12.597 -13.117 -13.42 -10.652 -12.068 -12.915 -13.27 -13.452 -12.224 -12.937 -13.29 -13.447 -13.549 -12.888 -12.495 -13.088 -13.514 -13.361 -13.047 -12.859
1.237983 -7.797 -6.677 -8.51 -10.393 -11.668 -12.528 -10.777 -10.627 -11.693 -12.554 -13.095 -13.415 -10.554 -12.009 -12.884 -13.255 -13.449 -12.171 -12.907 -13.275 -13.443 -13.551 -12.86 -12.451 -13.066 -13.527 -13.384 -13.077 -12.834
1.275425 -7.751 -6.492 -8.38 -10.285 -11.594 -12.48 -10.712 -10.525 -11.62 -12.508 -13.071 -13.408 -10.449 -11.946 -12.85 -13.237 -13.443 -12.114 -12.874 -13.258 -13.435 -13.55 -12.83 -12.403 -13.04 -13.539 -13.405 -13.106 -12.806
1.313999 -7.707 -6.298 -8.243 -10.17 -11.514 -12.427 -10.643 -10.416 -11.542 -12.457 -13.043 -13.397 -10.337 -11.878 -12.811 -13.216 -13.434 -12.052 -12.836 -13.237 -13.425 -13.547 -12.796 -12.352 -13.011 -13.549 -13.425 -13.133 -12.775
1.35374 -7.664 -6.094 -8.1 -10.048 -11.428 -12.37 -10.569 -10.3 -11.458 -12.401 -13.011 -13.384 -10.218 -11.804 -12.769 -13.191 -13.423 -11.985 -12.795 -13.214 -13.412 -13.541 -12.758 -12.295 -12.978 -13.557 -13.443 -13.16 -12.741
1.394683 -7.623 -5.88 -7.949 -9.918 -11.337 -12.308 -10.49 -10.177 -11.368 -12.34 -12.976 -13.368 -10.092 -11.725 -12.721 -13.163 -13.409 -11.913 -12.749 -13.186 -13.396 -13.533 -12.716 -12.234 -12.941 -13.563 -13.46 -13.185 -12.703
1.436864 -7.583 -5.657 -7.792 -9.779 -11.238 -12.24 -10.406 -10.046 -11.272 -12.274 -12.936 -13.348 -9.957 -11.639 -12.669 -13.13 -13.391 -11.836 -12.699 -13.154 -13.376 -13.521 -12.67 -12.167 -12.899 -13.566 -13.474 -13.209 -12.661
1.480321 -7.544 -5.423 -7.626 -9.632 -11.132 -12.166 -10.316 -9.906 -11.168 -12.203 -12.892 -13.325 -9.813 -11.547 -12.612 -13.094 -13.37 -11.752 -12.643 -13.119 -13.353 -13.506 -12.619 -12.094 -12.853 -13.567 -13.487 -13.231 -12.615
1.525092 -7.506 -5.179 -7.452 -9.475 -11.019 -12.086 -10.221 -9.756 -11.057 -12.125 -12.843 -13.298 -9.66 -11.448 -12.55 -13.053 -13.345 -11.663 -12.582 -13.079 -13.325 -13.488 -12.563 -12.016 -12.803 -13.565 -13.498 -13.251 -12.566
1.571218 -7.469 -4.924 -7.269 -9.308 -10.897 -11.999 -10.119 -9.597 -10.938 -12.04 -12.788 -13.266 -9.497 -11.341 -12.481 -13.007 -13.316 -11.567 -12.516 -13.034 -13.294 -13.466 -12.502 -11.931 -12.747 -13.56 -13.506 -13.27 -12.511
1.618738 -7.431 -4.659 -7.077 -9.129 -10.767 -11.905 -10.011 -9.427 -10.809 -11.948 -12.728 -13.231 -9.323 -11.226 -12.406 -12.955 -13.282 -11.463 -12.443 -12.984 -13.258 -13.44 -12.436 -11.839 -12.685 -13.552 -13.512 -13.287 -12.452
1.667696 -7.394 -4.385 -6.874 -8.939 -10.626 -11.803 -9.895 -9.246 -10.672 -11.849 -12.663 -13.19 -9.137 -11.102 -12.325 -12.898 -13.244 -11.352 -12.363 -12.928 -13.217 -13.41 -12.363 -11.74 -12.617 -13.541 -13.516 -13.303 -12.388
1.718134 -7.356 -4.104 -6.662 -8.736 -10.476 -11.693 -9.772 -9.052 -10.524 -11.741 -12.59 -13.144 -8.938 -10.969 -12.235 -12.835 -13.201 -11.233 -12.277 -12.866 -13.171 -13.375 -12.284 -11.633 -12.543 -13.526 -13.517 -13.315 -12.318
1.770098 -7.318 -3.817 -6.439 -8.519 -10.314 -11.573 -9.64 -8.844 -10.366 -11.624 -12.511 -13.093 -8.725 -10.825 -12.138 -12.765 -13.152 -11.106 -12.183 -12.798 -13.119 -13.335 -12.197 -11.517 -12.462 -13.507 -13.514 -13.326 -12.242
1.823633 -7.278 -3.528 -6.204 -8.287 -10.14 -11.443 -9.5 -8.623 -10.196 -11.498 -12.424 -13.035 -8.498 -10.671 -12.032 -12.688 -13.097 -10.969 -12.08 -12.722 -13.061 -13.29 -12.104 -11.391 -12.372 -13.484 -13.509 -13.334 -12.161
1.878788 -7.237 -3.241 -5.956 -8.038 -9.953 -11.303 -9.35 -8.385 -10.012 -11.361 -12.33 -12.971 -8.254 -10.504 -11.917 -12.604 -13.036 -10.824 -11.969 -12.639 -12.997 -13.239 -12.001 -11.256 -12.275 -13.456 -13.499 -13.34 -12.072
1.93561 -7.193 -2.963 -5.695 -7.773 -9.752 -11.151 -9.19 -8.13 -9.816 -11.213 -12.226 -12.9 -7.993 -10.325 -11.791 -12.51 -12.967 -10.668 -11.848 -12.548 -12.925 -13.182 -11.891 -11.109 -12.169 -13.424 -13.486 -13.342 -11.977
1.994152 -7.147 -2.7 -5.421 -7.488 -9.536 -10.986 -9.019 -7.857 -9.604 -11.052 -12.113 -12.822 -7.714 -10.132 -11.655 -12.408 -12.891 -10.502 -11.716 -12.448 -12.845 -13.117 -11.77 -10.951 -12.053 -13.385 -13.469 -13.342 -11.875
2.054463 -7.098 -2.459 -5.131 -7.182 -9.303 -10.808 -8.836 -7.564 -9.376 -10.878 -11.989 -12.734 -7.413 -9.923 -11.506 -12.296 -12.807 -10.325 -11.573 -12.338 -12.757 -13.046 -11.639 -10.78 -11.927 -13.341 -13.448 -13.338 -11.765
2.116599 -7.045 -2.244 -4.825 -6.854 -9.051 -10.615 -8.641 -7.25 -9.13 -10.69 -11.854 -12.638 -7.091 -9.698 -11.345 -12.173 -12.713 -10.137 -11.418 -12.218 -12.66 -12.966 -11.497 -10.594 -11.789 -13.291 -13.421 -13.331 -11.646
2.180614 -6.988 -2.057 -4.502 -6.501 -8.78 -10.405 -8.432 -6.911 -8.866 -10.485 -11.707 -12.532 -6.744 -9.455 -11.169 -12.038 -12.61 -9.938 -11.25 -12.086 -12.552 -12.877 -11.342 -10.394 -11.638 -13.233 -13.389 -13.319 -11.519
2.246566 -6.927 -1.897 -4.16 -6.122 -8.487 -10.177 -8.209 -6.547 -8.58 -10.263 -11.547 -12.415 -6.37 -9.192 -10.977 -11.89 -12.496 -9.729 -11.068 -11.941 -12.434 -12.779 -11.174 -10.177 -11.474 -13.168 -13.351 -13.303 -11.383
2.314511 -6.86 -1.761 -3.798 -5.713 -8.171 -9.93 -7.97 -6.154 -8.271 -10.023 -11.372 -12.286 -5.967 -8.907 -10.768 -11.728 -12.37 -9.509 -10.87 -11.783 -12.303 -12.671 -10.992 -9.942 -11.296 -13.094 -13.307 -13.283 -11.238
2.384512 -6.788 -1.642 -3.413 -5.272 -7.829 -9.661 -7.715 -5.73 -7.938 -9.761 -11.181 -12.144 -5.532 -8.599 -10.541 -11.55 -12.231 -9.28 -10.656 -11.61 -12.16 -12.551 -10.793 -9.687 -11.101 -13.011 -13.256 -13.257 -11.082
2.45663 -6.71 -1.533 -3.005 -4.796 -7.458 -9.369 -7.442 -5.271 -7.577 -9.477 -10.972 -11.988 -5.062 -8.265 -10.293 -11.355 -12.077 -9.043 -10.425 -11.421 -12.001 -12.418 -10.577 -9.411 -10.888 -12.918 -13.197 -13.225 -10.917
2.530929 -6.625 -1.43 -2.57 -4.281 -7.056 -9.05 -7.151 -4.776 -7.186 -9.168 -10.745 -11.816 -4.554 -7.903 -10.023 -11.142 -11.908 -8.8 -10.174 -11.214 -11.827 -12.272 -10.342 -9.11 -10.656 -12.813 -13.13 -13.188 -10.741
2.607475 -6.532 -1.327 -2.106 -3.723 -6.62 -8.704 -6.841 -4.239 -6.763 -8.831 -10.496 -11.627 -4.003 -7.509 -9.727 -10.908 -11.722 -8.553 -9.904 -10.987 -11.636 -12.111 -10.086 -8.784 -10.402 -12.696 -13.053 -13.143 -10.554
2.686337 -6.43 -1.22 -1.609 -3.118 -6.146 -8.325 -6.51 -3.656 -6.303 -8.464 -10.224 -11.42 -3.406 -7.081 -9.404 -10.65 -11.516 -8.306 -9.613 -10.739 -11.425 -11.934 -9.807 -8.428 -10.125 -12.566 -12.966 -13.091 -10.357
2.767583 -6.32 -1.106 -1.077 -2.461 -5.63 -7.912 -6.16 -3.023 -5.802 -8.064 -9.927 -11.191 -2.756 -6.615 -9.051 -10.368 -11.29 -8.062 -9.301 -10.468 -11.193 -11.739 -9.502 -8.041 -9.821 -12.42 -12.867 -13.03 -10.149
2.851287 -6.199 -0.984 -0.505 -1.746 -5.067 -7.459 -5.79 -2.333 -5.258 -7.626 -9.601 -10.939 -2.049 -6.106 -8.664 -10.057 -11.039 -7.824 -8.968 -10.171 -10.938 -11.524 -9.168 -7.619 -9.489 -12.257 -12.756 -12.96 -9.93
2.937522 -6.067 -0.852 0.11 -0.967 -4.453 -6.964 -5.403 -1.582 -4.665 -7.147 -9.244 -10.661 -1.278 -5.55 -8.239 -9.715 -10.763 -7.592 -8.615 -9.847 -10.657 -11.288 -8.803 -7.157 -9.125 -12.075 -12.63 -12.879 -9.702
3.026365 -5.923 -0.708 0.775 -0.117 -3.781 -6.42 -5.0 -0.761 -4.017 -6.622 -8.853 -10.355 -0.436 -4.942 -7.772 -9.338 -10.457 -7.368 -8.244 -9.494 -10.348 -11.03 -8.403 -6.652 -8.725 -11.872 -12.489 -12.787 -9.464
3.117896 -5.765 -0.55 1.495 0.814 -3.045 -5.822 -4.589 0.138 -3.308 -6.046 -8.422 -10.017 0.486 -4.276 -7.258 -8.922 -10.119 -7.148 -7.859 -9.109 -10.008 -10.746 -7.965 -6.099 -8.285 -11.646 -12.329 -12.682 -9.217
3.212194 -5.593 -0.377 2.276 1.834 -2.237 -5.164 -4.174 1.124 -2.532 -5.413 -7.949 -9.643 1.498 -3.544 -6.692 -8.462 -9.744 -6.931 -7.466 -8.692 -9.635 -10.436 -7.482 -5.491 -7.802 -11.393 -12.15 -12.562 -8.962
3.309345 -5.403 -0.187 3.126 2.956 -1.348 -4.439 -3.764 2.207 -1.68 -4.716 -7.427 -9.23 2.609 -2.738 -6.067 -7.953 -9.328 -6.712 -7.073 -8.242 -9.225 -10.097 -6.95 -4.822 -7.268 -11.11 -11.948 -12.426 -8.698
3.409434 -5.194 0.021 4.052 4.19 -0.369 -3.636 -3.367 3.4 -0.743 -3.947 -6.852 -8.772 3.834 -1.85 -5.376 -7.389 -8.866 -6.484 -6.686 -7.76 -8.777 -9.729 -6.364 -4.085 -6.679 -10.793 -11.721 -12.271 -8.424
3.51255 -4.965 0.251 5.066 5.553 0.714 -2.747 -2.986 4.717 0.289 -3.098 -6.215 -8.264 5.185 -0.869 -4.609 -6.762 -8.351 -6.243 -6.31 -7.252 -8.288 -9.331 -5.715 -3.27 -6.028 -10.438 -11.464 -12.094 -8.14
3.618785 -4.712 0.504 6.177 7.062 1.913 -1.761 -2.621 6.176 1.429 -2.157 -5.511 -7.7 6.682 0.219 -3.758 -6.064 -7.778 -5.983 -5.948 -6.724 -7.76 -8.903 -4.996 -2.368 -5.305 -10.04 -11.175 -11.894 -7.843
3.728232 -4.432 0.783 7.399 8.736 3.244 -0.662 -2.265 7.794 2.692 -1.114 -4.729 -7.072 8.343 1.427 -2.81 -5.285 -7.137 -5.7 -5.592 -6.187 -7.194 -8.447 -4.196 -1.366 -4.502 -9.592 -10.848 -11.666 -7.529
3.84099 -4.136 1.079 8.602 10.389 4.563 0.433 -1.926 9.393 3.941 -0.075 -3.945 -6.435 9.982 2.627 -1.861 -4.5 -6.486 -5.403 -5.253 -5.693 -6.646 -8.0 -3.394 -0.366 -3.695 -9.127 -10.501 -11.415 -7.211
3.957158 -3.921 1.294 8.817 10.604 4.778 0.648 -1.711 9.608 4.156 0.14 -3.73 -6.22 10.197 2.842 -1.646 -4.285 -6.271 -5.188 -5.039 -5.479 -6.431 -7.785 -3.179 -0.151 -3.48 -8.912 -10.286 -11.2 -6.996
4.07684 -3.693 1.523 9.045 10.832 5.006 0.876 -1.483 9.836 4.384 0.368 -3.501 -5.992 10.426 3.07 -1.417 -4.057 -6.043 -4.96 -4.81 -5.25 -6.203 -7.557 -2.95 0.077 -3.252 -8.684 -10.058 -10.972 -6.768
4.200141 -3.451 1.765 9.287 11.074 5.248 1.119 -1.24 10.078 4.627 0.611 -3.259 -5.749 10.668 3.313 -1.175 -3.814 -5.8 -4.717 -4.568 -5.008 -5.961 -7.315 -2.708 0.32 -3.009 -8.441 -9.815 -10.73 -6.526
4.327172 -3.193 2.022 9.545 11.332 5.506 1.376 -0.983 10.336 4.884 0.868 -3.001 -5.492 10.925 3.57 -0.917 -3.557 -5.543 -4.46 -4.31 -4.75 -5.703 -7.057 -2.451 0.577 -2.752 -8.184 -9.558 -10.472 -6.268
4.458044 -2.92 2.296 9.818 11.605 5.779 1.649 -0.709 10.609 5.157 1.141 -2.728 -5.219 11.199 3.843 -0.644 -3.284 -5.27 -4.187 -4.037 -4.477 -5.43 -6.784 -2.177 0.85 -2.479 -7.91 -9.284 -10.199 -5.995
4.592874 -2.63 2.586 10.108 11.895 6.069 1.94 -0.419 10.899 5.447 1.431 -2.438 -4.928 11.489 4.133 -0.354 -2.993 -4.98 -3.897 -3.747 -4.187 -5.14 -6.494 -1.887 1.14 -2.189 -7.62 -8.994 -9.909 -5.705
4.731783 -2.322 2.894 10.416 12.203 6.377 2.248 -0.111 11.207 5.755 1.739 -2.13 -4.62 11.797 4.441 -0.046 -2.685 -4.672 -3.589 -3.439 -3.879 -4.832 -6.186 -1.579 1.449 -1.881 -7.312 -8.686 -9.601 -5.397
4.874892 -1.995 3.221 10.743 12.53 6.704 2.575 0.216 11.534 6.082 2.066 -1.803 -4.293 12.124 4.768 0.281 -2.358 -4.345 -3.262 -3.112 -3.552 -4.505 -5.859 -1.252 1.775 -1.554 -6.985 -8.359 -9.274 -5.07
5.02233 -1.648 3.568 11.09 12.877 7.051 2.922 0.563 11.881 6.43 2.413 -1.456 -3.946 12.471 5.115 0.628 -2.011 -3.998 -2.915 -2.765 -3.205 -4.158 -5.512 -0.905 2.123 -1.207 -6.638 -8.012 -8.927 -4.723
5.174227 -1.279 3.936 11.459 13.246 7.42 3.29 0.931 12.25 6.798 2.782 -1.088 -3.578 12.839 5.484 0.996 -1.643 -3.629 -2.546 -2.396 -2.837 -3.789 -5.143 -0.537 2.491 -0.838 -6.27 -7.644 -8.558 -4.354
5.330718 -0.888 4.327 11.85 13.637 7.811 3.681 1.322 12.641 7.189 3.173 -0.696 -3.187 13.23 5.875 1.387 -1.252 -3.238 -2.155 -2.005 -2.445 -3.398 -4.752 -0.146 2.882 -0.447 -5.879 -7.253 -8.167 -3.963
5.491942 -0.473 4.742 12.265 14.052 8.226 4.096 1.737 13.056 7.604 3.588 -0.281 -2.772 13.646 6.29 1.803 -0.837 -2.823 -1.74 -1.59 -2.03 -2.983 -4.337 0.269 3.297 -0.032 -5.464 -6.838 -7.752 -3.548
5.658042 -0.033 5.183 12.705 14.492 8.666 4.537 2.178 13.496 8.045 4.029 0.159 -2.331 14.086 6.731 2.243 -0.396 -2.382 -1.299 -1.15 -1.59 -2.542 -3.897 0.71 3.738 0.409 -5.023 -6.397 -7.311 -3.108
5.829166 0.435 5.651 13.173 14.96 9.134 5.004 2.646 13.964 8.512 4.496 0.627 -1.864 14.554 7.198 2.711 0.071 -1.915 -0.832 -0.682 -1.122 -2.075 -3.429 1.178 4.205 0.876 -4.555 -5.929 -6.844 -2.64
6.005465 0.931 6.147 13.669 15.457 9.63 5.501 3.142 14.46 9.009 4.993 1.123 -1.367 15.05 7.695 3.207 0.568 -1.418 -0.335 -0.186 -0.626 -1.578 -2.933 1.674 4.702 1.373 -4.059 -5.433 -6.347 -2.144
6.187096 1.458 6.674 14.196 15.983 10.157 6.028 3.669 14.987 9.535 5.519 1.65 -0.84 15.577 8.221 3.734 1.095 -0.892 0.191 0.341 -0.099 -1.052 -2.406 2.201 5.229 1.899 -3.532 -4.906 -5.821 -1.617
6.37422 2.017 7.233 14.755 16.543 10.717 6.587 4.228 15.546 10.095 6.079 2.209 -0.281 16.136 8.781 4.293 1.654 -0.332 0.751 0.9 0.46 -0.492 -1.847 2.76 5.788 2.459 -2.973 -4.347 -5.261 -1.058
6.567004 2.611 7.827 15.349 17.136 11.31 7.18 4.821 16.14 10.688 6.672 2.803 0.312 16.73 9.374 4.887 2.247 0.261 1.344 1.494 1.054 0.101 -1.253 3.354 6.381 3.052 -2.379 -3.754 -4.668 -0.464
6.765619 3.241 8.457 15.979 17.766 11.94 7.81 5.451 16.77 11.318 7.302 3.433 0.942 17.36 10.004 5.517 2.877 0.891 1.974 2.124 1.684 0.731 -0.623 3.984 7.011 3.682 -1.75 -3.124 -4.038 0.166
6.97024 3.91 9.125 16.648 18.435 12.609 8.479 6.12 17.439 11.987 7.971 4.101 1.611 18.028 10.673 6.185 3.546 1.56 2.643 2.792 2.352 1.4 0.046 4.652 7.68 4.351 -1.081 -2.455 -3.369 0.835
7.181051 4.619 9.835 17.357 19.144 13.318 9.189 6.83 18.148 12.697 8.681 4.811 2.321 18.738 11.383 6.895 4.256 2.269 3.353 3.502 3.062 2.109 0.755 5.362 8.39 5.061 -0.371 -1.745 -2.66 1.544
7.398237 5.373 10.588 18.111 19.898 14.072 9.942 7.583 18.902 13.45 9.434 5.564 3.074 19.491 12.136 7.648 5.009 3.023 4.106 4.255 3.815 2.863 1.509 6.115 9.143 5.814 0.382 -0.992 -1.906 2.298
7.621991 6.172 11.388 18.91 20.697 14.871 10.742 8.383 19.701 14.249 10.233 6.364 3.874 20.291 12.935 8.448 5.809 3.822 4.905 5.055 4.615 3.662 2.308 6.915 9.942 6.613 1.182 -0.192 -1.107 3.097
7.852513 7.021 12.236 19.759 21.546 15.72 11.59 9.231 20.55 15.098 11.082 7.213 4.722 21.14 13.784 9.297 6.657 4.671 5.754 5.904 5.464 4.511 3.157 7.763 10.791 7.462 2.03 0.656 -0.258 3.946
8.090007 7.922 13.137 20.66 22.447 16.621 12.491 10.132 21.451 15.999 11.983 8.113 5.623 22.04 14.685 10.197 7.558 5.572 6.655 6.804 6.364 5.412 4.058 8.664 11.692 8.363 2.931 1.557 0.643 4.847
8.334684 8.878 14.093 21.616 23.403 17.577 13.447 11.088 22.407 16.955 12.939 9.069 6.579 22.996 15.641 11.153 8.514 6.528 7.611 7.761 7.32 6.368 5.014 9.62 12.648 9.319 3.887 2.513 1.599 5.803
8.586761 9.892 15.108 22.63 24.418 18.592 14.462 12.103 23.421 17.97 13.954 10.084 7.594 24.011 16.656 12.168 9.529 7.543 8.626 8.775 8.335 7.383 6.028 10.635 13.663 10.334 4.902 3.528 2.614 6.817
8.846461 10.969 16.185 23.707 25.495 19.669 15.539 13.18 24.499 19.047 15.031 11.161 8.671 25.088 17.733 13.245 10.606 8.62 9.703 9.852 9.412 8.46 7.106 11.712 14.74 11.411 5.979 4.605 3.691 7.895
9.114017 12.113 17.328 24.851 26.638 20.812 16.682 14.323 25.642 20.19 16.174 12.305 9.814 26.231 18.876 14.388 11.749 9.763 10.846 10.996 10.556 9.603 8.249 12.855 15.883 12.554 7.122 5.748 4.834 9.038
9.389664 13.326 18.542 26.064 27.851 22.025 17.896 15.537 26.855 21.403 17.387 13.518 11.028 27.445 20.089 15.602 12.963 10.976 12.059 12.209 11.769 10.816 9.462 14.069 17.096 13.767 8.336 6.962 6.047 10.251
9.673648 14.614 19.83 27.352 29.139 23.313 19.184 16.825 28.143 22.691 18.675 14.806 12.315 28.733 21.377 16.89 14.251 12.264 13.347 13.497 13.057 12.104 10.75 15.357 18.384 15.055 9.624 8.25 7.335 11.539
9.966221 15.981 21.197 28.719 30.506 24.68 20.551 18.192 29.51 24.058 20.042 16.173 13.682 30.1 22.744 18.257 15.618 13.631 14.714 14.864 14.424 13.471 12.117 16.724 19.751 16.422 10.991 9.617 8.702 12.906
10.267642 17.432 22.648 30.17 31.957 26.131 22.001 19.643 30.961 25.509 21.493 17.624 15.133 31.551 24.195 19.708 17.068 15.082 16.165 16.315 15.875 14.922 13.568 18.175 21.202 17.873 12.442 11.068 10.153 14.357
10.57818 18.972 24.188 31.71 33.497 27.671 23.542 21.183 32.501 27.049 23.033 19.164 16.673 33.091 25.735 21.248 18.609 16.622 17.705 17.855 17.415 16.462 15.108 19.715 22.742 19.413 13.982 12.608 11.693 15.897
10.89811 20.607 25.822 33.345 35.132 29.306 25.176 22.817 34.136 28.684 24.668 20.798 18.308 34.725 27.37 22.882 20.243 18.257 19.34 19.49 19.05 18.097 16.743 21.349 24.377 21.048 15.616 14.242 13.328 17.532
11.227716 22.342 27.557 35.08 36.867 31.041 26.911 24.552 35.871 30.419 26.403 22.533 20.043 36.46 29.105 24.617 21.978 19.992 21.075 21.225 20.785 19.832 18.478 23.084 26.112 22.783 17.351 15.977 15.063 19.267
11.56729 24.183 29.399 36.921 38.708 32.882 28.753 26.394 37.712 32.26 28.244 24.375 21.885 38.302 30.946 26.459 23.82 21.833 22.916 23.066 22.626 21.673 20.319 24.926 27.954 24.624 19.193 17.819 16.904 21.108
11.917135 26.138 31.353 38.876 40.663 34.837 30.707 28.348 39.667 34.215 30.199 26.33 23.839 40.257 32.901 28.414 25.774 23.788 24.871 25.021 24.581 23.628 22.274 26.88 29.908 26.579 21.147 19.773 18.859 23.063
12.277561 28.212 33.428 40.95 42.738 36.912 32.782 30.423 41.741 36.29 32.274 28.404 25.914 42.331 34.976 30.488 27.849 25.863 26.946 27.095 26.655 25.703 24.348 28.955 31.983 28.654 23.222 21.848 20.934 25.137
12.648887 30.414 35.63 43.152 44.94 39.113 34.984 32.625 43.943 38.492 34.476 30.606 28.116 44.533 37.178 32.69 30.051 28.065 29.148 29.297 28.857 27.905 26.55 31.157 34.185 30.856 25.424 24.05 23.136 27.339
13.031444 32.752 37.967 45.49 47.277 41.451 37.321 34.962 46.281 40.829 36.813 32.943 30.453 46.87 39.515 35.027 32.388 30.402 31.485 31.634 31.194 30.242 28.888 33.494 36.522 33.193 27.761 26.387 25.473 29.677
13.425571 35.232 40.448 47.97 49.757 43.931 39.802 37.443 48.761 43.31 39.293 35.424 32.934 49.351 41.996 37.508 34.869 32.882 33.965 34.115 33.675 32.722 31.368 35.975 39.003 35.674 30.242 28.868 27.953 32.157
13.831619 37.865 43.081 50.603 52.39 46.564 42.435 40.076 51.394 45.943 41.927 38.057 35.567 51.984 44.629 40.141 37.502 35.516 36.599 36.748 36.308 35.355 34.001 38.608 41.636 38.307 32.875 31.501 30.586 34.79
14.249947 40.66 45.876 53.398 55.185 49.359 45.229 42.871 54.189 48.737 44.721 40.852 38.361 54.779 47.423 42.936 40.296 38.31 39.393 39.543 39.103 38.15 36.796 41.403 44.43 41.101 35.67 34.296 33.381 37.585
14.680926 43.626 48.842 56.364 58.151 52.325 48.196 45.837 57.155 51.704 47.688 43.818 41.328 57.745 50.39 45.902 43.263 41.277 42.36 42.509 42.069 41.117 39.762 44.369 47.397 44.068 38.636 37.262 36.348 40.551
15.124941 46.775 51.99 59.513 61.3 55.474 51.344 48.985 60.304 54.852 50.836 46.967 44.476 60.894 53.538 49.051 46.411 44.425 45.508 45.658 45.218 44.265 42.911 47.517 50.545 47.216 41.784 40.41 39.496 43.7
15.582385 50.117 55.332 62.855 64.642 58.816 54.686 52.327 63.646 58.194 54.178 50.308 47.818 64.235 56.88 52.392 49.753 47.767 48.85 48.999 48.559 47.607 46.253 50.859 53.887 50.558 45.126 43.752 42.838 47.042
16.053663 53.664 58.879 66.402 68.189 62.363 58.233 55.874 67.193 61.741 57.725 53.855 51.365 67.782 60.427 55.939 53.3 51.314 52.397 52.546 52.106 51.154 49.8 54.406 57.434 54.105 48.673 47.299 46.385 50.589
16.539195 57.428 62.644 70.166 71.954 66.128 61.998 59.639 70.957 65.506 61.49 57.62 55.13 71.547 64.192 59.704 57.065 55.079 56.162 56.311 55.871 54.919 53.564 58.171 61.199 57.87 52.438 51.064 50.15 54.353
17.039412 61.424 66.64 74.162 75.949 70.123 65.994 63.635 74.953 69.502 65.486 61.616 59.126 75.543 68.188 63.7 61.061 59.075 60.158 60.307 59.867 58.915 57.56 62.167 65.195 61.866 56.434 55.06 54.146 58.349
17.554757 65.666 70.881 78.404 80.191 74.365 70.235 67.876 79.195 73.743 69.727 65.857 63.367 79.784 72.429 67.941 65.302 63.316 64.399 64.549 64.109 63.156 61.802 66.408 69.436 66.107 60.675 59.301 58.387 62.591
18.085689 70.167 75.383 82.905 84.693 78.867 74.737 72.378 83.696 78.245 74.229 70.359 67.869 84.286 76.931 72.443 69.804 67.818 68.901 69.05 68.61 67.658 66.303 70.91 73.938 70.609 65.177 63.803 62.889 67.092
18.632678 74.946 80.161 87.684 89.471 83.645 79.515 77.156 88.475 83.023 79.007 75.137 72.647 89.064 81.709 77.221 74.582 72.596 73.679 73.828 73.388 72.436 71.082 75.688 78.716 75.387 69.955 68.581 67.667 71.871
19.196211 80.017 85.233 92.755 94.542 88.716 84.587 82.228 93.546 88.094 84.078 80.209 77.719 94.136 86.78 82.293 79.654 77.667 78.75 78.9 78.46 77.507 76.153 80.76 83.787 80.458 75.027 73.653 72.738 76.942
19.776787 85.4 90.616 98.138 99.925 94.099 89.97 87.611 98.929 93.477 89.461 85.592 83.102 99.519 92.163 87.676 85.037 83.05 84.133 84.283 83.843 82.89 81.536 86.143 89.17 85.841 80.41 79.036 78.121 82.325
20.374923 91.114 96.329 103.852 105.639 99.813 95.683 93.324 104.643 99.191 95.175 91.305 88.815 105.232 97.877 93.389 90.75 88.764 89.847 89.997 89.557 88.604 87.25 91.856 94.884 91.555 86.123 84.749 83.835 88.039
20.991149 97.178 102.394 109.916 111.703 105.877 101.747 99.389 110.707 105.255 101.239 97.37 94.879 111.297 103.941 99.454 96.814 94.828 95.911 96.061 95.621 94.668 93.314 97.921 100.948 97.619 92.188 90.814 89.899 94.103
21.626011 103.615 108.83 116.353 118.14 112.314 108.184 105.825 117.144 111.692 107.676 103.807 101.316 117.733 110.378 105.89 103.251 101.265 102.348 102.498 102.058 101.105 99.751 104.357 107.385 104.056 98.624 97.25 96.336 100.54
22.280075 110.447 115.662 123.185 124.972 119.146 115.016 112.657 123.976 118.524 114.508 110.638 108.148 124.565 117.21 112.722 110.083 108.097 109.18 109.33 108.89 107.937 106.583 111.189 114.217 110.888 105.456 104.082 103.168 107.372
22.953921 117.698 122.914 130.436 132.223 126.397 122.268 119.909 131.227 125.775 121.759 117.89 115.4 131.817 124.461 119.974 117.335 115.348 116.431 116.581 116.141 115.188 113.834 118.441 121.468 118.139 112.708 111.334 110.419 114.623
23.648147 125.395 130.61 138.133 139.92 134.094 129.964 127.605 138.924 133.472 129.456 125.587 123.096 139.514 132.158 127.671 125.031 123.045 124.128 124.278 123.838 122.885 121.531 126.138 129.165 125.836 120.404 119.03 118.116 122.32
24.363369 133.564 138.78 146.302 148.089 142.263 138.134 135.775 147.093 141.641 137.625 133.756 131.266 147.683 140.327 135.84 133.201 131.214 132.297 132.447 132.007 131.054 129.7 134.307 137.335 134.005 128.574 127.2 126.285 130.489
25.100222 142.235 147.451 154.973 156.76 150.934 146.805 144.446 155.764 150.312 146.296 142.427 139.937 156.354 148.998 144.511 141.872 139.885 140.968 141.118 140.678 139.725 138.371 142.978 146.005 142.676 137.245 135.871 134.956 139.16
25.859362 151.438 156.654 164.176 165.964 160.138 156.008 153.649 164.967 159.516 155.5 151.63 149.14 165.557 158.202 153.714 151.075 149.089 150.172 150.321 149.881 148.929 147.575 152.181 155.209 151.88 146.448 145.074 144.16 148.364
26.64146 161.207 166.423 173.945 175.732 169.906 165.776 163.417 174.736 169.284 165.268 161.399 158.908 175.326 167.97 163.483 160.843 158.857 159.94 160.09 159.65 158.697 157.343 161.95 164.977 161.648 156.217 154.843 153.928 158.132
27.447213 171.575 176.791 184.313 186.1 180.274 176.145 173.786 185.104 179.653 175.636 171.767 169.277 185.694 178.339 173.851 171.212 169.225 170.309 170.458 170.018 169.065 167.711 172.318 175.346 172.017 166.585 165.211 164.296 168.5
28.277335 182.58 187.796 195.318 197.105 191.279 187.15 184.791 196.109 190.658 186.641 182.772 180.282 196.699 189.343 184.856 182.217 180.23 181.313 181.463 181.023 180.07 178.716 183.323 186.351 183.021 177.59 176.216 175.301 179.505
29.132564 194.261 199.477 206.999 208.786 202.96 198.83 196.471 207.79 202.338 198.322 194.453 191.962 208.38 201.024 196.537 193.897 191.911 192.994 193.144 192.704 191.751 190.397 195.004 198.031 194.702 189.271 187.896 186.982 191.186
30.013659 206.659 211.874 219.397 221.184 215.358 211.228 208.869 220.188 214.736 210.72 206.851 204.36 220.778 213.422 208.935 206.295 204.309 205.392 205.542 205.102 204.149 202.795 207.402 210.429 207.1 201.668 200.294 199.38 203.584
30.921401 219.818 225.034 232.556 234.343 228.517 224.388 222.029 233.347 227.895 223.879 220.01 217.519 233.937 226.581 222.094 219.455 217.468 218.551 218.701 218.261 217.308 215.954 220.561 223.588 220.259 214.828 213.454 212.539 216.743
31.856598 233.785 239.001 246.523 248.31 242.484 238.355 235.996 247.314 241.863 237.847 233.977 231.487 247.904 240.549 236.061 233.422 231.435 232.519 232.668 232.228 231.275 229.921 234.528 237.556 234.227 228.795 227.421 226.506 230.71
32.820079 248.61 253.826 261.348 263.135 257.309 253.18 250.821 262.139 256.687 252.671 248.802 246.312 262.729 255.373 250.886 248.247 246.26 247.343 247.493 247.053 246.1 244.746 249.353 252.381 249.051 243.62 242.246 241.331 245.535
33.8127 264.345 269.561 277.083 278.87 273.044 268.915 266.556 277.874 272.423 268.407 264.537 262.047 278.464 271.109 266.621 263.982 261.996 263.079 263.228 262.788 261.835 260.481 265.088 268.116 264.787 259.355 257.981 257.067 261.27
34.835342 281.047 286.262 293.785 295.572 289.746 285.616 283.257 294.576 289.124 285.108 281.238 278.748 295.165 287.81 283.322 280.683 278.697 279.78 279.93 279.49 278.537 277.183 281.789 284.817 281.488 276.056 274.682 273.768 277.972
35.888913 298.774 303.989 311.512 313.299 307.473 303.343 300.984 312.303 306.851 302.835 298.965 296.475 312.892 305.537 301.049 298.41 296.424 297.507 297.656 297.216 296.264 294.91 299.516 302.544 299.215 293.783 292.409 291.495 295.699
36.974349 317.589 322.805 330.327 332.114 326.288 322.158 319.799 331.118 325.666 321.65 317.781 315.29 331.708 324.352 319.865 317.225 315.239 316.322 316.472 316.032 315.079 313.725 318.332 321.359 318.03 312.599 311.224 310.31 314.514
38.092613 337.56 342.775 350.298 352.085 346.259 342.129 339.77 351.089 345.637 341.621 337.751 335.261 351.678 344.323 339.835 337.196 335.21 336.293 336.442 336.002 335.05 333.696 338.302 341.33 338.001 332.569 331.195 330.281 334.485
39.244698 358.757 363.972 371.495 373.282 367.456 363.326 360.967 372.286 366.834 362.818 358.948 356.458 372.875 365.52 361.032 358.393 356.407 357.49 357.639 357.199 356.247 354.893 359.499 362.527 359.198 353.766 352.392 351.478 355.682
40.431627 381.255 386.471 393.993 395.78 389.954 385.825 383.466 394.784 389.332 385.316 381.447 378.956 395.374 388.018 383.531 380.892 378.905 379.988 380.138 379.698 378.745 377.391 381.998 385.025 381.696 376.265 374.891 373.976 378.18
41.654454 405.135 410.351 417.873 419.66 413.834 409.705 407.346 418.664 413.212 409.196 405.327 402.836 419.254 411.898 407.411 404.772 402.785 403.868 404.018 403.578 402.625 401.271 405.878 408.905 405.576 400.145 398.771 397.856 402.06
42.914265 430.481 435.697 443.219 445.007 439.181 435.051 432.692 444.01 438.559 434.543 430.673 428.183 444.6 437.245 432.757 430.118 428.132 429.215 429.364 428.924 427.972 426.617 431.224 434.252 430.923 425.491 424.117 423.203 427.406
44.212178 457.384 462.6 470.122 471.909 466.083 461.953 459.595 470.913 465.461 461.445 457.576 455.085 471.503 464.147 459.66 457.02 455.034 456.117 456.267 455.827 454.874 453.52 458.127 461.154 457.825 452.394 451.02 450.105 454.309
45.549345 485.939 491.154 498.677 500.464 494.638 490.508 488.149 499.468 494.016 490.0 486.13 483.64 500.057 492.702 488.214 485.575 483.589 484.672 484.821 484.381 483.429 482.075 486.681 489.709 486.38 480.948 479.574 478.66 482.864
46.926954 516.247 521.462 528.985 530.772 524.946 520.816 518.457 529.776 524.324 520.308 516.438 513.948 530.365 523.01 518.522 515.883 513.897 514.98 515.129 514.689 513.737 512.383 516.989 520.017 516.688 511.256 509.882 508.968 513.172
48.346227 548.415 553.631 561.153 562.941 557.115 552.985 550.626 561.944 556.493 552.477 548.607 546.117 562.534 555.179 550.691 548.052 546.066 547.149 547.298 546.858 545.906 544.551 549.158 552.186 548.857 543.425 542.051 541.137 545.341
49.808426 582.56 587.775 595.298 597.085 591.259 587.129 584.77 596.089 590.637 586.621 582.751 580.261 596.678 589.323 584.835 582.196 580.21 581.293 581.443 581.003 580.05 578.696 583.302 586.33 583.001 577.569 576.195 575.281 579.485
51.314848 618.8 624.016 631.538 633.326 627.5 623.37 621.011 632.329 626.878 622.862 618.992 616.502 632.919 625.564 621.076 618.437 616.451 617.534 617.683 617.243 616.291 614.936 619.543 622.571 619.242 613.81 612.436 611.522 615.726
52.86683 657.267 662.482 670.005 671.792 665.966 661.836 659.477 670.796 665.344 661.328 657.458 654.968 671.385 664.03 659.542 656.903 654.917 656.0 656.149 655.709 654.757 653.403 658.009 661.037 657.708 652.276 650.902 649.988 654.192
54.465752 698.095 703.31 710.833 712.62 706.794 702.664 700.305 711.624 706.172 702.156 698.286 695.796 712.213 704.858 700.37 697.731 695.745 696.828 696.977 696.537 695.585 694.231 698.837 701.865 698.536 693.104 691.73 690.816 695.02
56.113031 741.43 746.645 754.168 755.955 750.129 745.999 743.64 754.959 749.507 745.491 741.621 739.131 755.548 748.193 743.705 741.066 739.08 740.163 740.312 739.872 738.92 737.566 742.172 745.2 741.871 736.439 735.065 734.151 738.355
57.810132 787.424 792.64 nan nan nan nan 789.684 nan nan nan 787.868 785.123 nan nan nan 787.186 785.074 786.159 786.364 785.893 784.919 783.562 788.362 nan 788.116 782.435 781.061 780.143 784.354
59.55856 nan nan nan nan nan nan nan nan nan nan nan nan nan nan nan nan nan nan nan nan nan nan nan nan nan nan nan nan nan
61.359868 nan nan nan nan nan nan nan nan nan nan nan nan nan nan nan nan nan nan nan nan nan nan nan nan nan nan nan nan nan
63.215655 nan nan nan nan nan nan nan nan nan nan nan nan nan nan nan nan nan nan nan nan nan nan nan nan nan nan nan nan nan
65.127569 nan nan nan nan nan nan nan nan nan nan nan nan nan nan nan nan nan nan nan nan nan nan nan nan nan nan nan nan nan
67.097308 nan nan nan nan nan nan nan nan nan nan nan nan nan nan nan nan nan nan nan nan nan nan nan nan nan nan nan nan nan
69.126621 nan nan nan nan nan nan nan nan nan nan nan nan nan nan nan nan nan nan nan nan nan nan nan nan nan nan nan nan nan
71.217308 nan nan nan nan nan nan nan nan nan nan nan nan nan nan nan nan nan nan nan nan nan nan nan nan nan nan nan nan nan
73.371227 nan nan nan nan nan nan nan nan nan nan nan nan nan nan nan nan nan nan nan nan nan nan nan nan nan nan nan nan nan
75.59029 nan nan nan nan nan nan nan nan nan nan nan nan nan nan nan nan nan nan nan nan nan nan nan nan nan nan nan nan nan
77.876467 nan nan nan nan nan nan nan nan nan nan nan nan nan nan nan nan nan nan nan nan nan nan nan nan nan nan nan nan nan
80.231787 nan nan nan nan nan nan nan nan nan nan nan nan nan nan nan nan nan nan nan nan nan nan nan nan nan nan nan nan nan
82.658343 nan nan nan nan nan nan nan nan nan nan nan nan nan nan nan nan nan nan nan nan nan nan nan nan nan nan nan nan nan
85.158288 nan nan nan nan nan nan nan nan nan nan nan nan nan nan nan nan nan nan nan nan nan nan nan nan nan nan nan nan nan
87.733843 nan nan nan nan nan nan nan nan nan nan nan nan nan nan nan nan nan nan nan nan nan nan nan nan nan nan nan nan nan
90.387293 nan nan nan nan nan nan nan nan nan nan nan nan nan nan nan nan nan nan nan nan nan nan nan nan nan nan nan nan nan
93.120995 nan nan nan nan nan nan nan nan nan nan nan nan nan nan nan nan nan nan nan nan nan nan nan nan nan nan nan nan nan
95.937376 nan nan nan nan nan nan nan nan nan nan nan nan nan nan nan nan nan nan nan nan nan nan nan nan nan nan nan nan nan
98.838937 nan nan nan nan nan nan nan nan nan nan nan nan nan nan nan nan nan nan nan nan nan nan nan nan nan nan nan nan nan
101.828253 nan nan nan nan nan nan nan nan nan nan nan nan nan nan nan nan nan nan nan nan nan nan nan nan nan nan nan nan nan
104.907979 nan nan nan nan nan nan nan nan nan nan nan nan nan nan nan nan nan nan nan nan nan nan nan nan nan nan nan nan nan
108.080849 nan nan nan nan nan nan nan nan nan nan nan nan nan nan nan nan nan nan nan nan nan nan nan nan nan nan nan nan nan
111.349681 nan nan nan nan nan nan nan nan nan nan nan nan nan nan nan nan nan nan nan nan nan nan nan nan nan nan nan nan nan
114.717376 nan nan nan nan nan nan nan nan nan nan nan nan nan nan nan nan nan nan nan nan nan nan nan nan nan nan nan nan nan
118.186925 nan nan nan nan nan nan nan nan nan nan nan nan nan nan nan nan nan nan nan nan nan nan nan nan nan nan nan nan nan
121.761408 nan nan nan nan nan nan nan nan nan nan nan nan nan nan nan nan nan nan nan nan nan nan nan nan nan nan nan nan nan
125.443999 nan nan nan nan nan nan nan nan nan nan nan nan nan nan nan nan nan nan nan nan nan nan nan nan nan nan nan nan nan
129.237967 nan nan nan nan nan nan nan nan nan nan nan nan nan nan nan nan nan nan nan nan nan nan nan nan nan nan nan nan nan
133.146681 nan nan nan nan nan nan nan nan nan nan nan nan nan nan nan nan nan nan nan nan nan nan nan nan nan nan nan nan nan
137.173612 nan nan nan nan nan nan nan nan nan nan nan nan nan nan nan nan nan nan nan nan nan nan nan nan nan nan nan nan nan
141.322334 nan nan nan nan nan nan nan nan nan nan nan nan nan nan nan nan nan nan nan nan nan nan nan nan nan nan nan nan nan
145.596532 nan nan nan nan nan nan nan nan nan nan nan nan nan nan nan nan nan nan nan nan nan nan nan nan nan nan nan nan nan
150.0 nan nan nan nan nan nan nan nan nan nan nan nan nan nan nan nan nan nan nan nan nan nan nan nan nan nan nan nan nan
