# %ECSV 1.0
# ---
# datatype:
# - {name: time, datatype: float64}
# - {name: swift_uvot_uvw2, datatype: float64}
# - {name: swift_uvot_uvm2, datatype: float64}
# - {name: swift_uvot_uvw1, datatype: float64}
# - {name: swift_uvot_U, datatype: float64}
# - {name: swift_uvot_B, datatype: float64}
# - {name: swift_uvot_V, datatype: float64}
# - {name: swift_uvot_W, datatype: float64}
# - {name: johnson_U, datatype: float64}
# - {name: johnson_B, datatype: float64}
# - {name: johnson_V, datatype: float64}
# - {name: johnson_R, datatype: float64}
# - {name: johnson_I, datatype: float64}
# - {name: sdss_u, datatype: float64}
# - {name: sdss_g, datatype: float64}
# - {name: sdss_r, datatype: float64}
# - {name: sdss_i, datatype: float64}
# - {name: sdss_z, datatype: float64}
# - {name: PS1_g, datatype: float64}
# - {name: PS1_r, datatype: float64}
# - {name: PS1_i, datatype: float64}
# - {name: PS1_z, datatype: float64}
# - {name: PS1_Y, datatype: float64}
# - {name: PS1_w, datatype: float64}
# - {name: ATLAS_c, datatype: float64}
# - {name: ATLAS_o, datatype: float64}
# - {name: ukirt_J, datatype: float64}
# - {name: ukirt_H, datatype: float64}
# - {name: ukirt_K, datatype: float64}
# - {name: Clear, datatype: float64}
# meta: !!omap
# - comment: [kappa = 3.0, type = villar, mass = 0.001861645566637777, velocity = 0.4216666666666667, theta_obs = 0.0, tfloor = 2500.0]
# schema: astropy-2.0
time swift_uvot_uvw2 swift_uvot_uvm2 swift_uvot_uvw1 swift_uvot_U swift_uvot_B swift_uvot_V swift_uvot_W johnson_U johnson_B johnson_V johnson_R johnson_I sdss_u sdss_g sdss_r sdss_i sdss_z PS1_g PS1_r PS1_i PS1_z PS1_Y PS1_w ATLAS_c ATLAS_o ukirt_J ukirt_H ukirt_K Clear
0.001 -16.044 -12.897 -11.506 -10.791 -10.3 -9.814 -11.371 -10.715 -10.297 -9.802 -9.339 -8.818 -10.727 -10.144 -9.54 -9.122 -8.74 -13.133 -12.911 -12.916 -13.314 -14.295 -9.638 -9.91 -9.372 -8.002 -7.418 -6.756 -9.748
0.00103 -16.029 -12.899 -11.543 -10.828 -10.338 -9.851 -11.408 -10.752 -10.334 -9.839 -9.376 -8.855 -10.764 -10.182 -9.578 -9.159 -8.778 -13.121 -12.898 -12.902 -13.299 -14.279 -9.676 -9.948 -9.409 -8.039 -7.456 -6.793 -9.786
0.001061 -16.014 -12.901 -11.58 -10.865 -10.375 -9.888 -11.444 -10.789 -10.371 -9.877 -9.414 -8.893 -10.801 -10.219 -9.615 -9.197 -8.816 -13.108 -12.884 -12.887 -13.284 -14.263 -9.713 -9.985 -9.447 -8.077 -7.494 -6.831 -9.823
0.001094 -15.999 -12.905 -11.617 -10.902 -10.412 -9.926 -11.481 -10.826 -10.408 -9.914 -9.451 -8.93 -10.838 -10.256 -9.653 -9.234 -8.853 -13.096 -12.871 -12.873 -13.268 -14.248 -9.75 -10.022 -9.484 -8.114 -7.531 -6.869 -9.86
0.001127 -15.984 -12.909 -11.653 -10.939 -10.449 -9.963 -11.518 -10.863 -10.446 -9.951 -9.489 -8.968 -10.875 -10.293 -9.69 -9.272 -8.891 -13.083 -12.858 -12.859 -13.253 -14.232 -9.788 -10.059 -9.522 -8.152 -7.569 -6.906 -9.897
0.001161 -15.97 -12.913 -11.69 -10.976 -10.486 -10.0 -11.554 -10.9 -10.483 -9.989 -9.526 -9.005 -10.912 -10.331 -9.727 -9.309 -8.928 -13.071 -12.845 -12.845 -13.239 -14.216 -9.825 -10.097 -9.559 -8.19 -7.606 -6.944 -9.935
0.001196 -15.955 -12.918 -11.727 -11.013 -10.524 -10.038 -11.591 -10.938 -10.52 -10.026 -9.563 -9.043 -10.949 -10.368 -9.765 -9.347 -8.966 -13.059 -12.832 -12.831 -13.224 -14.201 -9.862 -10.134 -9.596 -8.227 -7.644 -6.982 -9.972
0.001232 -15.941 -12.924 -11.763 -11.05 -10.561 -10.075 -11.628 -10.975 -10.557 -10.063 -9.601 -9.08 -10.986 -10.405 -9.802 -9.384 -9.003 -13.048 -12.819 -12.817 -13.209 -14.185 -9.9 -10.171 -9.634 -8.265 -7.682 -7.019 -10.009
0.001269 -15.926 -12.93 -11.8 -11.087 -10.598 -10.112 -11.664 -11.012 -10.594 -10.1 -9.638 -9.118 -11.023 -10.442 -9.839 -9.421 -9.041 -13.036 -12.806 -12.804 -13.194 -14.169 -9.937 -10.209 -9.671 -8.302 -7.719 -7.057 -10.047
0.001308 -15.912 -12.937 -11.837 -11.124 -10.635 -10.149 -11.701 -11.049 -10.631 -10.138 -9.676 -9.155 -11.06 -10.479 -9.877 -9.459 -9.078 -13.025 -12.794 -12.79 -13.179 -14.154 -9.974 -10.246 -9.708 -8.34 -7.757 -7.095 -10.084
0.001347 -15.898 -12.945 -11.873 -11.161 -10.672 -10.187 -11.737 -11.086 -10.668 -10.175 -9.713 -9.193 -11.097 -10.517 -9.914 -9.496 -9.115 -13.014 -12.782 -12.777 -13.165 -14.138 -10.012 -10.283 -9.746 -8.377 -7.795 -7.132 -10.121
0.001388 -15.884 -12.953 -11.91 -11.198 -10.709 -10.224 -11.774 -11.122 -10.706 -10.212 -9.75 -9.23 -11.134 -10.554 -9.951 -9.534 -9.153 -13.003 -12.769 -12.763 -13.15 -14.123 -10.049 -10.32 -9.783 -8.415 -7.832 -7.17 -10.158
0.00143 -15.87 -12.962 -11.946 -11.235 -10.746 -10.261 -11.81 -11.159 -10.743 -10.249 -9.788 -9.268 -11.171 -10.591 -9.989 -9.571 -9.19 -12.992 -12.758 -12.75 -13.135 -14.107 -10.086 -10.357 -9.821 -8.453 -7.87 -7.208 -10.195
0.001473 -15.856 -12.971 -11.983 -11.272 -10.783 -10.298 -11.847 -11.196 -10.78 -10.287 -9.825 -9.305 -11.208 -10.628 -10.026 -9.608 -9.228 -12.982 -12.746 -12.737 -13.121 -14.092 -10.123 -10.395 -9.858 -8.49 -7.907 -7.245 -10.233
0.001518 -15.842 -12.981 -12.019 -11.308 -10.821 -10.336 -11.883 -11.233 -10.817 -10.324 -9.862 -9.343 -11.245 -10.665 -10.063 -9.646 -9.265 -12.972 -12.734 -12.724 -13.107 -14.076 -10.161 -10.432 -9.895 -8.528 -7.945 -7.283 -10.27
0.001564 -15.828 -12.992 -12.055 -11.345 -10.858 -10.373 -11.919 -11.27 -10.854 -10.361 -9.9 -9.38 -11.282 -10.702 -10.101 -9.683 -9.303 -12.962 -12.723 -12.711 -13.092 -14.061 -10.198 -10.469 -9.932 -8.565 -7.983 -7.321 -10.307
0.001611 -15.814 -13.003 -12.092 -11.382 -10.895 -10.41 -11.956 -11.307 -10.891 -10.398 -9.937 -9.417 -11.319 -10.739 -10.138 -9.721 -9.34 -12.952 -12.712 -12.699 -13.078 -14.046 -10.235 -10.506 -9.97 -8.603 -8.02 -7.358 -10.344
0.00166 -15.801 -13.015 -12.128 -11.419 -10.932 -10.447 -11.992 -11.344 -10.928 -10.435 -9.974 -9.455 -11.356 -10.776 -10.175 -9.758 -9.378 -12.943 -12.701 -12.686 -13.064 -14.03 -10.272 -10.543 -10.007 -8.64 -8.058 -7.396 -10.381
0.00171 -15.787 -13.027 -12.164 -11.456 -10.969 -10.484 -12.028 -11.381 -10.965 -10.473 -10.011 -9.492 -11.392 -10.813 -10.212 -9.795 -9.415 -12.934 -12.69 -12.674 -13.05 -14.015 -10.309 -10.58 -10.044 -8.678 -8.096 -7.434 -10.418
0.001761 -15.774 -13.04 -12.201 -11.492 -11.006 -10.521 -12.064 -11.417 -11.002 -10.51 -10.049 -9.53 -11.429 -10.85 -10.25 -9.832 -9.452 -12.925 -12.68 -12.662 -13.036 -14.0 -10.347 -10.617 -10.082 -8.715 -8.133 -7.471 -10.456
0.001815 -15.761 -13.054 -12.237 -11.529 -11.042 -10.559 -12.1 -11.454 -11.039 -10.547 -10.086 -9.567 -11.466 -10.887 -10.287 -9.87 -9.49 -12.917 -12.67 -12.65 -13.022 -13.984 -10.384 -10.654 -10.119 -8.753 -8.171 -7.509 -10.493
0.00187 -15.747 -13.068 -12.273 -11.566 -11.079 -10.596 -12.137 -11.491 -11.076 -10.584 -10.123 -9.604 -11.503 -10.924 -10.324 -9.907 -9.527 -12.909 -12.66 -12.638 -13.009 -13.969 -10.421 -10.692 -10.156 -8.79 -8.208 -7.547 -10.53
0.001926 -15.734 -13.083 -12.309 -11.602 -11.116 -10.633 -12.173 -11.527 -11.112 -10.621 -10.16 -9.642 -11.539 -10.961 -10.361 -9.944 -9.565 -12.901 -12.65 -12.626 -12.995 -13.954 -10.458 -10.729 -10.193 -8.828 -8.246 -7.584 -10.567
0.001984 -15.722 -13.098 -12.345 -11.639 -11.153 -10.67 -12.209 -11.564 -11.149 -10.658 -10.198 -9.679 -11.576 -10.998 -10.398 -9.982 -9.602 -12.893 -12.641 -12.615 -12.981 -13.939 -10.495 -10.766 -10.23 -8.865 -8.283 -7.622 -10.604
0.002044 -15.709 -13.114 -12.381 -11.676 -11.19 -10.707 -12.245 -11.601 -11.186 -10.695 -10.235 -9.716 -11.613 -11.035 -10.435 -10.019 -9.639 -12.886 -12.631 -12.603 -12.968 -13.924 -10.532 -10.803 -10.268 -8.903 -8.321 -7.66 -10.641
0.002106 -15.696 -13.131 -12.417 -11.712 -11.227 -10.744 -12.28 -11.637 -11.223 -10.732 -10.272 -9.754 -11.649 -11.072 -10.472 -10.056 -9.677 -12.879 -12.623 -12.592 -12.955 -13.909 -10.569 -10.839 -10.305 -8.94 -8.358 -7.697 -10.678
0.00217 -15.684 -13.148 -12.453 -11.749 -11.264 -10.781 -12.316 -11.674 -11.26 -10.769 -10.309 -9.791 -11.686 -11.109 -10.51 -10.093 -9.714 -12.873 -12.614 -12.582 -12.941 -13.894 -10.606 -10.876 -10.342 -8.978 -8.396 -7.735 -10.715
0.002236 -15.671 -13.165 -12.489 -11.785 -11.3 -10.818 -12.352 -11.71 -11.297 -10.806 -10.346 -9.828 -11.722 -11.146 -10.547 -10.131 -9.751 -12.867 -12.606 -12.571 -12.928 -13.879 -10.643 -10.913 -10.379 -9.015 -8.434 -7.772 -10.752
0.002303 -15.659 -13.183 -12.525 -11.822 -11.337 -10.855 -12.388 -11.747 -11.333 -10.843 -10.383 -9.865 -11.759 -11.182 -10.584 -10.168 -9.788 -12.861 -12.598 -12.561 -12.915 -13.864 -10.68 -10.95 -10.416 -9.053 -8.471 -7.81 -10.788
0.002373 -15.647 -13.202 -12.561 -11.858 -11.374 -10.892 -12.424 -11.783 -11.37 -10.88 -10.42 -9.903 -11.795 -11.219 -10.621 -10.205 -9.826 -12.856 -12.59 -12.551 -12.903 -13.849 -10.717 -10.987 -10.453 -9.09 -8.509 -7.848 -10.825
0.002445 -15.636 -13.221 -12.596 -11.894 -11.41 -10.929 -12.459 -11.82 -11.407 -10.917 -10.457 -9.94 -11.832 -11.256 -10.658 -10.242 -9.863 -12.851 -12.583 -12.541 -12.89 -13.834 -10.754 -11.024 -10.49 -9.128 -8.546 -7.885 -10.862
0.002519 -15.624 -13.24 -12.632 -11.931 -11.447 -10.965 -12.495 -11.856 -11.443 -10.954 -10.494 -9.977 -11.868 -11.293 -10.695 -10.279 -9.9 -12.847 -12.576 -12.531 -12.878 -13.819 -10.791 -11.061 -10.527 -9.165 -8.584 -7.923 -10.899
0.002595 -15.612 -13.26 -12.668 -11.967 -11.484 -11.002 -12.53 -11.892 -11.48 -10.991 -10.532 -10.014 -11.904 -11.329 -10.732 -10.316 -9.937 -12.843 -12.57 -12.522 -12.865 -13.804 -10.828 -11.098 -10.564 -9.202 -8.621 -7.96 -10.936
0.002673 -15.601 -13.281 -12.703 -12.003 -11.52 -11.039 -12.566 -11.929 -11.516 -11.027 -10.569 -10.051 -11.941 -11.366 -10.769 -10.353 -9.975 -12.839 -12.564 -12.513 -12.853 -13.79 -10.865 -11.134 -10.601 -9.24 -8.659 -7.998 -10.973
0.002754 -15.59 -13.302 -12.739 -12.039 -11.557 -11.076 -12.601 -11.965 -11.553 -11.064 -10.605 -10.089 -11.977 -11.403 -10.806 -10.39 -10.012 -12.836 -12.558 -12.504 -12.841 -13.775 -10.901 -11.171 -10.638 -9.277 -8.696 -8.035 -11.009
0.002837 -15.579 -13.323 -12.774 -12.076 -11.593 -11.113 -12.637 -12.001 -11.589 -11.101 -10.642 -10.126 -12.013 -11.439 -10.842 -10.427 -10.049 -12.834 -12.552 -12.496 -12.829 -13.761 -10.938 -11.208 -10.675 -9.314 -8.733 -8.073 -11.046
0.002923 -15.568 -13.345 -12.809 -12.112 -11.63 -11.149 -12.672 -12.037 -11.626 -11.138 -10.679 -10.163 -12.049 -11.476 -10.879 -10.465 -10.086 -12.832 -12.547 -12.488 -12.818 -13.746 -10.975 -11.244 -10.712 -9.352 -8.771 -8.11 -11.083
0.003012 -15.558 -13.367 -12.845 -12.148 -11.666 -11.186 -12.707 -12.074 -11.662 -11.174 -10.716 -10.2 -12.085 -11.512 -10.916 -10.502 -10.123 -12.83 -12.543 -12.48 -12.806 -13.732 -11.012 -11.281 -10.749 -9.389 -8.808 -8.148 -11.119
0.003103 -15.548 -13.389 -12.88 -12.184 -11.702 -11.223 -12.742 -12.11 -11.699 -11.211 -10.753 -10.237 -12.121 -11.549 -10.953 -10.538 -10.16 -12.829 -12.539 -12.473 -12.795 -13.717 -11.048 -11.318 -10.786 -9.426 -8.846 -8.186 -11.156
0.003196 -15.538 -13.412 -12.915 -12.22 -11.739 -11.259 -12.777 -12.146 -11.735 -11.248 -10.79 -10.274 -12.157 -11.585 -10.99 -10.575 -10.197 -12.828 -12.535 -12.465 -12.784 -13.703 -11.085 -11.354 -10.823 -9.464 -8.883 -8.223 -11.193
0.003293 -15.528 -13.436 -12.95 -12.256 -11.775 -11.296 -12.812 -12.182 -11.771 -11.284 -10.827 -10.311 -12.193 -11.622 -11.026 -10.612 -10.235 -12.828 -12.532 -12.459 -12.773 -13.689 -11.122 -11.391 -10.859 -9.501 -8.921 -8.26 -11.229
0.003393 -15.518 -13.459 -12.985 -12.291 -11.811 -11.333 -12.847 -12.218 -11.808 -11.321 -10.864 -10.348 -12.229 -11.658 -11.063 -10.649 -10.272 -12.829 -12.529 -12.452 -12.762 -13.674 -11.158 -11.427 -10.896 -9.538 -8.958 -8.298 -11.266
0.003495 -15.509 -13.483 -13.02 -12.327 -11.848 -11.369 -12.882 -12.253 -11.844 -11.357 -10.9 -10.385 -12.265 -11.694 -11.1 -10.686 -10.309 -12.829 -12.527 -12.446 -12.752 -13.66 -11.195 -11.464 -10.933 -9.575 -8.995 -8.335 -11.302
0.003601 -15.5 -13.507 -13.055 -12.363 -11.884 -11.406 -12.917 -12.289 -11.88 -11.394 -10.937 -10.422 -12.301 -11.731 -11.136 -10.723 -10.346 -12.831 -12.525 -12.441 -12.742 -13.646 -11.231 -11.5 -10.97 -9.613 -9.033 -8.373 -11.339
0.00371 -15.491 -13.532 -13.09 -12.399 -11.92 -11.442 -12.951 -12.325 -11.916 -11.43 -10.974 -10.459 -12.337 -11.767 -11.173 -10.76 -10.383 -12.833 -12.524 -12.436 -12.732 -13.632 -11.268 -11.536 -11.006 -9.65 -9.07 -8.41 -11.375
0.003822 -15.482 -13.557 -13.124 -12.434 -11.956 -11.479 -12.986 -12.361 -11.952 -11.467 -11.011 -10.496 -12.372 -11.803 -11.21 -10.797 -10.42 -12.836 -12.523 -12.431 -12.722 -13.619 -11.304 -11.573 -11.043 -9.687 -9.107 -8.448 -11.411
0.003938 -15.474 -13.582 -13.159 -12.47 -11.992 -11.515 -13.02 -12.396 -11.988 -11.503 -11.047 -10.533 -12.408 -11.839 -11.246 -10.833 -10.456 -12.839 -12.523 -12.426 -12.713 -13.605 -11.341 -11.609 -11.08 -9.724 -9.145 -8.485 -11.448
0.004057 -15.466 -13.607 -13.193 -12.506 -12.028 -11.551 -13.055 -12.432 -12.024 -11.54 -11.084 -10.57 -12.444 -11.875 -11.283 -10.87 -10.493 -12.842 -12.523 -12.422 -12.704 -13.591 -11.377 -11.645 -11.116 -9.761 -9.182 -8.523 -11.484
0.00418 -15.458 -13.633 -13.228 -12.541 -12.064 -11.588 -13.089 -12.468 -12.06 -11.576 -11.12 -10.607 -12.479 -11.911 -11.319 -10.907 -10.53 -12.847 -12.524 -12.419 -12.695 -13.578 -11.414 -11.682 -11.153 -9.798 -9.219 -8.56 -11.52
0.004306 -15.451 -13.659 -13.262 -12.576 -12.1 -11.624 -13.123 -12.503 -12.096 -11.612 -11.157 -10.643 -12.515 -11.947 -11.356 -10.943 -10.567 -12.851 -12.525 -12.416 -12.687 -13.564 -11.45 -11.718 -11.189 -9.836 -9.256 -8.597 -11.556
0.004436 -15.444 -13.685 -13.297 -12.612 -12.136 -11.66 -13.157 -12.538 -12.132 -11.648 -11.193 -10.68 -12.55 -11.983 -11.392 -10.98 -10.604 -12.857 -12.527 -12.413 -12.679 -13.551 -11.486 -11.754 -11.226 -9.873 -9.294 -8.635 -11.593
0.00457 -15.437 -13.712 -13.331 -12.647 -12.171 -11.696 -13.191 -12.574 -12.168 -11.685 -11.23 -10.717 -12.585 -12.019 -11.428 -11.017 -10.641 -12.863 -12.529 -12.411 -12.671 -13.538 -11.522 -11.79 -11.262 -9.91 -9.331 -8.672 -11.629
0.004709 -15.43 -13.738 -13.365 -12.682 -12.207 -11.732 -13.225 -12.609 -12.203 -11.721 -11.266 -10.754 -12.621 -12.055 -11.465 -11.053 -10.677 -12.869 -12.532 -12.41 -12.663 -13.525 -11.559 -11.826 -11.299 -9.947 -9.368 -8.709 -11.665
0.004851 -15.424 -13.765 -13.399 -12.717 -12.243 -11.769 -13.259 -12.644 -12.239 -11.757 -11.303 -10.79 -12.656 -12.091 -11.501 -11.09 -10.714 -12.877 -12.536 -12.408 -12.656 -13.512 -11.595 -11.862 -11.335 -9.984 -9.405 -8.747 -11.701
0.004998 -15.418 -13.792 -13.432 -12.752 -12.278 -11.805 -13.293 -12.679 -12.275 -11.793 -11.339 -10.827 -12.691 -12.127 -11.537 -11.126 -10.751 -12.884 -12.54 -12.408 -12.649 -13.499 -11.631 -11.898 -11.371 -10.021 -9.442 -8.784 -11.737
0.005149 -15.412 -13.819 -13.466 -12.787 -12.314 -11.841 -13.326 -12.714 -12.31 -11.829 -11.375 -10.863 -12.726 -12.162 -11.573 -11.163 -10.787 -12.893 -12.545 -12.408 -12.643 -13.486 -11.667 -11.934 -11.408 -10.058 -9.479 -8.821 -11.773
0.005305 -15.407 -13.846 -13.5 -12.822 -12.349 -11.876 -13.36 -12.749 -12.346 -11.865 -11.412 -10.9 -12.761 -12.198 -11.61 -11.199 -10.824 -12.901 -12.55 -12.408 -12.637 -13.474 -11.703 -11.969 -11.444 -10.095 -9.516 -8.858 -11.808
0.005465 -15.402 -13.873 -13.533 -12.857 -12.385 -11.912 -13.393 -12.784 -12.381 -11.901 -11.448 -10.937 -12.796 -12.233 -11.646 -11.236 -10.861 -12.911 -12.556 -12.409 -12.631 -13.461 -11.739 -12.005 -11.48 -10.131 -9.554 -8.896 -11.844
0.00563 -15.398 -13.9 -13.567 -12.892 -12.42 -11.948 -13.426 -12.819 -12.416 -11.937 -11.484 -10.973 -12.831 -12.269 -11.682 -11.272 -10.897 -12.921 -12.562 -12.411 -12.626 -13.449 -11.775 -12.041 -11.516 -10.168 -9.591 -8.933 -11.88
0.005801 -15.394 -13.928 -13.6 -12.926 -12.455 -11.984 -13.46 -12.854 -12.452 -11.972 -11.52 -11.009 -12.866 -12.304 -11.718 -11.308 -10.934 -12.932 -12.569 -12.413 -12.621 -13.437 -11.81 -12.077 -11.552 -10.205 -9.628 -8.97 -11.916
0.005976 -15.39 -13.956 -13.633 -12.961 -12.491 -12.02 -13.492 -12.889 -12.487 -12.008 -11.556 -11.046 -12.9 -12.34 -11.754 -11.344 -10.97 -12.943 -12.577 -12.415 -12.616 -13.425 -11.846 -12.112 -11.588 -10.242 -9.665 -9.007 -11.951
0.006157 -15.386 -13.983 -13.666 -12.995 -12.526 -12.055 -13.525 -12.923 -12.522 -12.044 -11.592 -11.082 -12.935 -12.375 -11.789 -11.381 -11.007 -12.955 -12.585 -12.418 -12.612 -13.414 -11.882 -12.148 -11.624 -10.279 -9.702 -9.044 -11.987
0.006343 -15.383 -14.011 -13.699 -13.03 -12.561 -12.091 -13.558 -12.958 -12.557 -12.079 -11.628 -11.119 -12.969 -12.41 -11.825 -11.417 -11.043 -12.967 -12.594 -12.422 -12.608 -13.402 -11.918 -12.183 -11.66 -10.315 -9.739 -9.082 -12.022
0.006535 -15.38 -14.039 -13.732 -13.064 -12.596 -12.126 -13.591 -12.992 -12.592 -12.115 -11.664 -11.155 -13.004 -12.445 -11.861 -11.453 -11.079 -12.98 -12.603 -12.427 -12.605 -13.391 -11.953 -12.218 -11.696 -10.352 -9.775 -9.119 -12.058
0.006732 -15.378 -14.067 -13.764 -13.098 -12.631 -12.162 -13.623 -13.026 -12.627 -12.15 -11.7 -11.191 -13.038 -12.48 -11.897 -11.489 -11.116 -12.993 -12.613 -12.431 -12.603 -13.38 -11.989 -12.254 -11.732 -10.389 -9.812 -9.156 -12.093
0.006936 -15.376 -14.094 -13.797 -13.132 -12.665 -12.197 -13.655 -13.06 -12.662 -12.186 -11.736 -11.227 -13.072 -12.515 -11.932 -11.525 -11.152 -13.007 -12.624 -12.437 -12.6 -13.369 -12.024 -12.289 -11.768 -10.426 -9.849 -9.193 -12.128
0.007146 -15.374 -14.122 -13.829 -13.166 -12.7 -12.233 -13.687 -13.095 -12.696 -12.221 -11.771 -11.263 -13.106 -12.55 -11.968 -11.561 -11.188 -13.022 -12.635 -12.443 -12.598 -13.358 -12.059 -12.324 -11.804 -10.462 -9.886 -9.23 -12.164
0.007362 -15.373 -14.15 -13.861 -13.2 -12.735 -12.268 -13.719 -13.129 -12.731 -12.256 -11.807 -11.3 -13.14 -12.585 -12.004 -11.597 -11.224 -13.037 -12.647 -12.45 -12.597 -13.348 -12.095 -12.359 -11.839 -10.499 -9.923 -9.267 -12.199
0.007585 -15.372 -14.178 -13.893 -13.234 -12.769 -12.303 -13.751 -13.162 -12.765 -12.291 -11.843 -11.336 -13.174 -12.62 -12.039 -11.633 -11.26 -13.052 -12.659 -12.457 -12.596 -13.338 -12.13 -12.394 -11.875 -10.535 -9.96 -9.304 -12.234
0.007814 -15.371 -14.206 -13.925 -13.267 -12.804 -12.338 -13.783 -13.196 -12.8 -12.326 -11.878 -11.372 -13.208 -12.655 -12.074 -11.668 -11.296 -13.068 -12.672 -12.465 -12.596 -13.328 -12.165 -12.429 -11.91 -10.572 -9.996 -9.341 -12.269
0.00805 -15.371 -14.233 -13.956 -13.301 -12.838 -12.373 -13.814 -13.23 -12.834 -12.361 -11.914 -11.408 -13.241 -12.689 -12.11 -11.704 -11.332 -13.085 -12.685 -12.473 -12.596 -13.318 -12.2 -12.464 -11.946 -10.608 -10.033 -9.378 -12.304
0.008294 -15.371 -14.261 -13.988 -13.334 -12.872 -12.408 -13.845 -13.263 -12.869 -12.396 -11.949 -11.443 -13.275 -12.724 -12.145 -11.74 -11.368 -13.102 -12.699 -12.482 -12.597 -13.309 -12.235 -12.499 -11.981 -10.645 -10.07 -9.415 -12.339
0.008545 -15.372 -14.289 -14.019 -13.367 -12.906 -12.443 -13.876 -13.297 -12.903 -12.431 -11.985 -11.479 -13.308 -12.758 -12.18 -11.775 -11.404 -13.12 -12.714 -12.492 -12.598 -13.3 -12.27 -12.534 -12.017 -10.681 -10.106 -9.451 -12.373
0.008803 -15.372 -14.317 -14.05 -13.401 -12.941 -12.478 -13.907 -13.33 -12.937 -12.466 -12.02 -11.515 -13.341 -12.792 -12.215 -11.811 -11.44 -13.137 -12.729 -12.502 -12.6 -13.291 -12.305 -12.568 -12.052 -10.717 -10.143 -9.488 -12.408
0.009069 -15.374 -14.344 -14.081 -13.434 -12.974 -12.512 -13.938 -13.363 -12.971 -12.501 -12.055 -11.551 -13.375 -12.826 -12.25 -11.846 -11.476 -13.156 -12.744 -12.512 -12.603 -13.283 -12.34 -12.603 -12.087 -10.754 -10.18 -9.525 -12.443
0.009344 -15.375 -14.371 -14.112 -13.466 -13.008 -12.547 -13.968 -13.396 -13.005 -12.535 -12.09 -11.586 -13.408 -12.86 -12.285 -11.882 -11.512 -13.175 -12.76 -12.524 -12.605 -13.274 -12.375 -12.637 -12.122 -10.79 -10.216 -9.562 -12.477
0.009626 -15.377 -14.399 -14.142 -13.499 -13.042 -12.581 -13.999 -13.429 -13.038 -12.57 -12.125 -11.622 -13.441 -12.894 -12.32 -11.917 -11.547 -13.194 -12.777 -12.536 -12.609 -13.266 -12.409 -12.671 -12.157 -10.826 -10.253 -9.599 -12.511
0.009917 -15.379 -14.426 -14.173 -13.532 -13.076 -12.616 -14.029 -13.462 -13.072 -12.604 -12.16 -11.658 -13.473 -12.928 -12.355 -11.952 -11.583 -13.214 -12.794 -12.548 -12.613 -13.259 -12.444 -12.706 -12.192 -10.862 -10.289 -9.635 -12.546
0.010217 -15.382 -14.453 -14.203 -13.564 -13.109 -12.65 -14.059 -13.494 -13.105 -12.639 -12.195 -11.693 -13.506 -12.962 -12.39 -11.987 -11.619 -13.234 -12.811 -12.561 -12.618 -13.252 -12.478 -12.74 -12.227 -10.898 -10.326 -9.672 -12.58
0.010526 -15.385 -14.48 -14.233 -13.596 -13.142 -12.684 -14.088 -13.527 -13.139 -12.673 -12.23 -11.728 -13.538 -12.996 -12.424 -12.023 -11.654 -13.254 -12.829 -12.575 -12.623 -13.245 -12.513 -12.774 -12.262 -10.934 -10.362 -9.709 -12.614
0.010845 -15.388 -14.507 -14.262 -13.629 -13.176 -12.719 -14.118 -13.559 -13.172 -12.707 -12.265 -11.764 -13.571 -13.029 -12.459 -12.058 -11.689 -13.275 -12.848 -12.589 -12.628 -13.238 -12.547 -12.808 -12.297 -10.97 -10.398 -9.745 -12.648
0.011173 -15.391 -14.534 -14.292 -13.66 -13.209 -12.753 -14.147 -13.591 -13.205 -12.741 -12.3 -11.799 -13.603 -13.063 -12.493 -12.093 -11.725 -13.296 -12.867 -12.603 -12.635 -13.232 -12.581 -12.841 -12.331 -11.006 -10.435 -9.782 -12.682
0.011511 -15.395 -14.56 -14.321 -13.692 -13.242 -12.786 -14.176 -13.623 -13.238 -12.775 -12.334 -11.834 -13.635 -13.096 -12.527 -12.127 -11.76 -13.317 -12.886 -12.618 -12.642 -13.226 -12.615 -12.875 -12.366 -11.042 -10.471 -9.818 -12.716
0.011859 -15.399 -14.586 -14.35 -13.724 -13.275 -12.82 -14.204 -13.655 -13.271 -12.809 -12.369 -11.869 -13.666 -13.129 -12.562 -12.162 -11.795 -13.339 -12.906 -12.634 -12.649 -13.221 -12.649 -12.909 -12.4 -11.078 -10.507 -9.855 -12.749
0.012217 -15.403 -14.612 -14.378 -13.755 -13.307 -12.854 -14.233 -13.687 -13.304 -12.843 -12.403 -11.904 -13.698 -13.162 -12.596 -12.197 -11.83 -13.361 -12.926 -12.65 -12.657 -13.216 -12.683 -12.942 -12.434 -11.114 -10.543 -9.891 -12.783
0.012587 -15.407 -14.638 -14.407 -13.787 -13.34 -12.888 -14.261 -13.718 -13.336 -12.876 -12.437 -11.939 -13.73 -13.195 -12.63 -12.232 -11.866 -13.383 -12.946 -12.667 -12.666 -13.211 -12.716 -12.975 -12.469 -11.15 -10.579 -9.928 -12.816
0.012968 -15.412 -14.664 -14.435 -13.818 -13.372 -12.921 -14.289 -13.75 -13.369 -12.91 -12.471 -11.974 -13.761 -13.228 -12.664 -12.266 -11.901 -13.406 -12.967 -12.684 -12.675 -13.207 -12.75 -13.009 -12.503 -11.185 -10.615 -9.964 -12.849
0.01336 -15.417 -14.689 -14.463 -13.849 -13.405 -12.954 -14.316 -13.781 -13.401 -12.943 -12.506 -12.009 -13.792 -13.26 -12.698 -12.301 -11.935 -13.429 -12.989 -12.702 -12.684 -13.204 -12.783 -13.042 -12.537 -11.221 -10.651 -10.0 -12.882
0.013764 -15.422 -14.714 -14.49 -13.879 -13.437 -12.987 -14.344 -13.812 -13.433 -12.976 -12.539 -12.044 -13.823 -13.293 -12.731 -12.335 -11.97 -13.452 -13.01 -12.72 -12.695 -13.2 -12.817 -13.074 -12.571 -11.256 -10.687 -10.037 -12.916
0.01418 -15.427 -14.739 -14.518 -13.91 -13.469 -13.021 -14.371 -13.842 -13.465 -13.009 -12.573 -12.078 -13.854 -13.325 -12.765 -12.369 -12.005 -13.475 -13.032 -12.738 -12.706 -13.197 -12.85 -13.107 -12.605 -11.292 -10.723 -10.073 -12.948
0.014609 -15.432 -14.764 -14.545 -13.94 -13.5 -13.053 -14.397 -13.873 -13.497 -13.042 -12.607 -12.113 -13.884 -13.357 -12.798 -12.403 -12.04 -13.499 -13.054 -12.757 -12.717 -13.195 -12.883 -13.14 -12.638 -11.327 -10.759 -10.109 -12.981
0.015051 -15.438 -14.788 -14.571 -13.97 -13.532 -13.086 -14.424 -13.903 -13.528 -13.075 -12.641 -12.147 -13.914 -13.389 -12.832 -12.437 -12.074 -13.523 -13.077 -12.777 -12.729 -13.193 -12.916 -13.172 -12.672 -11.363 -10.795 -10.145 -13.014
0.015506 -15.444 -14.812 -14.597 -14.0 -13.563 -13.119 -14.45 -13.933 -13.56 -13.108 -12.674 -12.182 -13.944 -13.421 -12.865 -12.471 -12.109 -13.546 -13.1 -12.796 -12.741 -13.192 -12.949 -13.205 -12.705 -11.398 -10.83 -10.181 -13.046
0.015975 -15.449 -14.836 -14.623 -14.029 -13.595 -13.151 -14.475 -13.963 -13.591 -13.14 -12.708 -12.216 -13.974 -13.453 -12.898 -12.505 -12.143 -13.57 -13.123 -12.816 -12.754 -13.191 -12.981 -13.237 -12.739 -11.433 -10.866 -10.217 -13.078
0.016458 -15.455 -14.859 -14.649 -14.059 -13.626 -13.184 -14.501 -13.993 -13.622 -13.172 -12.741 -12.25 -14.004 -13.484 -12.931 -12.539 -12.177 -13.595 -13.146 -12.837 -12.768 -13.19 -13.014 -13.269 -12.772 -11.468 -10.902 -10.253 -13.111
0.016956 -15.461 -14.882 -14.674 -14.088 -13.656 -13.216 -14.526 -14.022 -13.653 -13.205 -12.774 -12.284 -14.033 -13.515 -12.963 -12.572 -12.211 -13.619 -13.17 -12.858 -12.782 -13.19 -13.046 -13.301 -12.805 -11.503 -10.937 -10.289 -13.143
0.017469 -15.467 -14.905 -14.699 -14.117 -13.687 -13.248 -14.55 -14.051 -13.683 -13.237 -12.807 -12.318 -14.062 -13.546 -12.996 -12.606 -12.245 -13.643 -13.193 -12.879 -12.796 -13.191 -13.078 -13.332 -12.838 -11.538 -10.973 -10.325 -13.174
0.017997 -15.473 -14.927 -14.724 -14.145 -13.717 -13.28 -14.574 -14.08 -13.714 -13.268 -12.84 -12.352 -14.091 -13.577 -13.029 -12.639 -12.279 -13.668 -13.217 -12.901 -12.811 -13.192 -13.11 -13.364 -12.871 -11.573 -11.008 -10.361 -13.206
0.018541 -15.479 -14.949 -14.748 -14.174 -13.748 -13.311 -14.598 -14.109 -13.744 -13.3 -12.873 -12.385 -14.12 -13.608 -13.061 -12.672 -12.313 -13.692 -13.242 -12.922 -12.827 -13.193 -13.142 -13.395 -12.903 -11.608 -11.043 -10.397 -13.237
0.019102 -15.484 -14.971 -14.772 -14.202 -13.778 -13.343 -14.621 -14.137 -13.774 -13.332 -12.905 -12.419 -14.148 -13.639 -13.093 -12.705 -12.347 -13.717 -13.266 -12.945 -12.843 -13.195 -13.174 -13.426 -12.936 -11.642 -11.078 -10.433 -13.269
0.01968 -15.49 -14.992 -14.795 -14.229 -13.807 -13.374 -14.644 -14.165 -13.804 -13.363 -12.938 -12.452 -14.176 -13.669 -13.125 -12.738 -12.381 -13.742 -13.29 -12.967 -12.859 -13.198 -13.205 -13.457 -12.968 -11.677 -11.114 -10.468 -13.3
0.020275 -15.496 -15.013 -14.818 -14.257 -13.837 -13.405 -14.667 -14.193 -13.833 -13.394 -12.97 -12.486 -14.204 -13.699 -13.157 -12.771 -12.414 -13.766 -13.315 -12.99 -12.876 -13.201 -13.237 -13.488 -13.0 -11.712 -11.149 -10.504 -13.331
0.020888 -15.501 -15.033 -14.84 -14.284 -13.866 -13.436 -14.689 -14.221 -13.862 -13.425 -13.002 -12.519 -14.231 -13.729 -13.189 -12.804 -12.447 -13.791 -13.34 -13.013 -12.893 -13.205 -13.268 -13.519 -13.032 -11.746 -11.184 -10.539 -13.361
0.02152 -15.506 -15.053 -14.862 -14.311 -13.895 -13.467 -14.711 -14.248 -13.891 -13.456 -13.034 -12.552 -14.259 -13.758 -13.22 -12.836 -12.481 -13.816 -13.365 -13.036 -12.911 -13.209 -13.299 -13.549 -13.064 -11.78 -11.219 -10.575 -13.392
0.022171 -15.512 -15.072 -14.884 -14.337 -13.924 -13.498 -14.732 -14.275 -13.92 -13.486 -13.066 -12.585 -14.286 -13.788 -13.252 -12.869 -12.514 -13.84 -13.39 -13.059 -12.929 -13.213 -13.33 -13.579 -13.096 -11.814 -11.254 -10.61 -13.422
0.022841 -15.516 -15.09 -14.905 -14.364 -13.953 -13.528 -14.753 -14.301 -13.949 -13.517 -13.097 -12.618 -14.312 -13.817 -13.283 -12.901 -12.547 -13.865 -13.415 -13.083 -12.947 -13.218 -13.36 -13.609 -13.128 -11.849 -11.288 -10.645 -13.452
0.023532 -15.521 -15.109 -14.925 -14.389 -13.981 -13.558 -14.773 -14.327 -13.977 -13.547 -13.129 -12.65 -14.338 -13.846 -13.314 -12.933 -12.58 -13.89 -13.44 -13.107 -12.966 -13.224 -13.391 -13.639 -13.159 -11.883 -11.323 -10.681 -13.482
0.024244 -15.525 -15.126 -14.945 -14.415 -14.009 -13.588 -14.792 -14.353 -14.005 -13.577 -13.16 -12.683 -14.364 -13.874 -13.344 -12.965 -12.612 -13.914 -13.465 -13.131 -12.985 -13.23 -13.421 -13.668 -13.19 -11.917 -11.358 -10.716 -13.512
0.024977 -15.53 -15.143 -14.965 -14.44 -14.037 -13.618 -14.812 -14.379 -14.033 -13.607 -13.191 -12.715 -14.39 -13.903 -13.375 -12.996 -12.645 -13.939 -13.49 -13.155 -13.004 -13.237 -13.451 -13.697 -13.221 -11.95 -11.392 -10.751 -13.541
0.025733 -15.533 -15.16 -14.983 -14.465 -14.064 -13.647 -14.83 -14.404 -14.06 -13.636 -13.222 -12.747 -14.415 -13.931 -13.405 -13.028 -12.677 -13.963 -13.515 -13.179 -13.024 -13.244 -13.48 -13.726 -13.252 -11.984 -11.426 -10.786 -13.57
0.026511 -15.537 -15.175 -15.002 -14.489 -14.091 -13.676 -14.848 -14.429 -14.087 -13.665 -13.253 -12.779 -14.44 -13.958 -13.435 -13.059 -12.709 -13.987 -13.54 -13.203 -13.044 -13.252 -13.51 -13.755 -13.282 -12.018 -11.461 -10.821 -13.599
0.027313 -15.539 -15.191 -15.019 -14.513 -14.118 -13.705 -14.865 -14.453 -14.114 -13.694 -13.283 -12.811 -14.464 -13.986 -13.465 -13.09 -12.741 -14.012 -13.566 -13.228 -13.065 -13.26 -13.539 -13.783 -13.313 -12.051 -11.495 -10.856 -13.628
0.028139 -15.542 -15.205 -15.036 -14.536 -14.144 -13.734 -14.882 -14.477 -14.14 -13.723 -13.313 -12.843 -14.488 -14.013 -13.495 -13.121 -12.773 -14.036 -13.591 -13.252 -13.085 -13.269 -13.568 -13.811 -13.343 -12.084 -11.529 -10.891 -13.656
0.02899 -15.544 -15.219 -15.053 -14.56 -14.17 -13.762 -14.898 -14.501 -14.166 -13.751 -13.343 -12.875 -14.511 -14.04 -13.524 -13.152 -12.805 -14.059 -13.616 -13.277 -13.106 -13.278 -13.597 -13.839 -13.373 -12.118 -11.563 -10.925 -13.684
0.029867 -15.545 -15.232 -15.069 -14.582 -14.196 -13.79 -14.914 -14.524 -14.192 -13.779 -13.373 -12.906 -14.535 -14.066 -13.554 -13.183 -12.837 -14.083 -13.641 -13.302 -13.127 -13.288 -13.625 -13.867 -13.403 -12.151 -11.597 -10.96 -13.712
0.03077 -15.546 -15.244 -15.084 -14.604 -14.221 -13.818 -14.929 -14.547 -14.218 -13.807 -13.403 -12.937 -14.557 -14.093 -13.582 -13.213 -12.868 -14.107 -13.666 -13.326 -13.149 -13.298 -13.653 -13.894 -13.432 -12.184 -11.631 -10.994 -13.74
0.031701 -15.546 -15.256 -15.098 -14.626 -14.246 -13.846 -14.943 -14.569 -14.243 -13.835 -13.432 -12.968 -14.579 -14.118 -13.611 -13.243 -12.899 -14.13 -13.691 -13.351 -13.17 -13.308 -13.681 -13.921 -13.461 -12.216 -11.665 -11.029 -13.767
0.032659 -15.546 -15.267 -15.112 -14.647 -14.271 -13.873 -14.956 -14.591 -14.267 -13.862 -13.461 -12.999 -14.601 -14.144 -13.64 -13.273 -12.93 -14.153 -13.716 -13.376 -13.192 -13.319 -13.709 -13.947 -13.49 -12.249 -11.698 -11.063 -13.794
0.033647 -15.545 -15.276 -15.125 -14.668 -14.295 -13.9 -14.969 -14.612 -14.291 -13.889 -13.49 -13.029 -14.622 -14.169 -13.668 -13.303 -12.961 -14.176 -13.74 -13.401 -13.214 -13.331 -13.736 -13.974 -13.519 -12.282 -11.732 -11.097 -13.82
0.034665 -15.543 -15.286 -15.137 -14.688 -14.319 -13.927 -14.981 -14.633 -14.315 -13.916 -13.519 -13.06 -14.643 -14.194 -13.696 -13.332 -12.992 -14.198 -13.765 -13.425 -13.236 -13.343 -13.763 -14.0 -13.547 -12.314 -11.765 -11.132 -13.846
0.035713 -15.54 -15.294 -15.148 -14.708 -14.342 -13.953 -14.992 -14.653 -14.339 -13.942 -13.547 -13.09 -14.663 -14.218 -13.723 -13.361 -13.022 -14.221 -13.789 -13.45 -13.258 -13.355 -13.79 -14.025 -13.576 -12.346 -11.798 -11.166 -13.872
0.036793 -15.537 -15.301 -15.159 -14.727 -14.365 -13.979 -15.003 -14.673 -14.362 -13.968 -13.575 -13.12 -14.683 -14.242 -13.75 -13.39 -13.052 -14.243 -13.814 -13.475 -13.28 -13.368 -13.816 -14.051 -13.603 -12.378 -11.831 -11.2 -13.898
0.037906 -15.533 -15.307 -15.168 -14.745 -14.388 -14.005 -15.013 -14.692 -14.384 -13.994 -13.603 -13.15 -14.702 -14.266 -13.777 -13.419 -13.083 -14.265 -13.838 -13.499 -13.303 -13.381 -13.842 -14.075 -13.631 -12.41 -11.864 -11.234 -13.923
0.039052 -15.527 -15.313 -15.177 -14.763 -14.41 -14.03 -15.021 -14.711 -14.406 -14.019 -13.63 -13.179 -14.721 -14.289 -13.804 -13.448 -13.112 -14.286 -13.862 -13.524 -13.325 -13.394 -13.868 -14.1 -13.658 -12.442 -11.897 -11.267 -13.948
0.040234 -15.521 -15.317 -15.185 -14.78 -14.432 -14.055 -15.029 -14.729 -14.428 -14.044 -13.657 -13.208 -14.739 -14.311 -13.83 -13.476 -13.142 -14.307 -13.885 -13.548 -13.348 -13.408 -13.893 -14.124 -13.685 -12.473 -11.93 -11.301 -13.973
0.04145 -15.514 -15.32 -15.192 -14.797 -14.453 -14.079 -15.036 -14.746 -14.449 -14.068 -13.684 -13.237 -14.756 -14.334 -13.856 -13.504 -13.171 -14.328 -13.909 -13.573 -13.37 -13.422 -13.918 -14.148 -13.712 -12.505 -11.962 -11.334 -13.997
0.042704 -15.506 -15.322 -15.198 -14.813 -14.473 -14.103 -15.042 -14.763 -14.469 -14.093 -13.711 -13.266 -14.772 -14.355 -13.882 -13.531 -13.2 -14.348 -13.932 -13.597 -13.393 -13.436 -13.943 -14.171 -13.739 -12.536 -11.995 -11.368 -14.02
0.043996 -15.497 -15.323 -15.203 -14.828 -14.493 -14.127 -15.048 -14.779 -14.49 -14.116 -13.737 -13.295 -14.788 -14.377 -13.907 -13.559 -13.229 -14.368 -13.955 -13.621 -13.415 -13.451 -13.967 -14.194 -13.765 -12.567 -12.027 -11.401 -14.044
0.045326 -15.486 -15.323 -15.207 -14.843 -14.513 -14.15 -15.052 -14.794 -14.509 -14.14 -13.763 -13.323 -14.804 -14.397 -13.932 -13.586 -13.258 -14.388 -13.978 -13.645 -13.438 -13.466 -13.991 -14.216 -13.79 -12.598 -12.059 -11.434 -14.066
0.046697 -15.474 -15.321 -15.209 -14.857 -14.532 -14.173 -15.055 -14.809 -14.528 -14.162 -13.788 -13.351 -14.818 -14.418 -13.957 -13.612 -13.286 -14.407 -14.0 -13.669 -13.461 -13.481 -14.014 -14.238 -13.816 -12.629 -12.091 -11.467 -14.089
0.048109 -15.461 -15.318 -15.211 -14.87 -14.55 -14.195 -15.057 -14.823 -14.546 -14.185 -13.814 -13.378 -14.832 -14.437 -13.981 -13.639 -13.314 -14.426 -14.022 -13.692 -13.483 -13.497 -14.037 -14.259 -13.841 -12.659 -12.123 -11.5 -14.111
0.049564 -15.447 -15.314 -15.212 -14.882 -14.568 -14.217 -15.058 -14.836 -14.564 -14.207 -13.838 -13.406 -14.845 -14.456 -14.005 -13.665 -13.342 -14.444 -14.044 -13.715 -13.506 -13.512 -14.06 -14.28 -13.865 -12.689 -12.155 -11.533 -14.132
0.051063 -15.431 -15.309 -15.211 -14.894 -14.585 -14.239 -15.058 -14.849 -14.581 -14.228 -13.863 -13.433 -14.858 -14.475 -14.028 -13.691 -13.369 -14.462 -14.066 -13.739 -13.528 -13.528 -14.082 -14.301 -13.889 -12.72 -12.186 -11.566 -14.153
0.052608 -15.414 -15.302 -15.209 -14.904 -14.602 -14.26 -15.057 -14.86 -14.598 -14.249 -13.887 -13.46 -14.869 -14.493 -14.051 -13.716 -13.397 -14.479 -14.087 -13.762 -13.55 -13.545 -14.104 -14.321 -13.913 -12.749 -12.217 -11.598 -14.174
0.054199 -15.396 -15.294 -15.206 -14.914 -14.617 -14.28 -15.055 -14.871 -14.614 -14.27 -13.91 -13.486 -14.88 -14.51 -14.073 -13.741 -13.424 -14.496 -14.107 -13.784 -13.573 -13.561 -14.125 -14.34 -13.937 -12.779 -12.249 -11.631 -14.194
0.055838 -15.375 -15.284 -15.201 -14.923 -14.633 -14.3 -15.052 -14.881 -14.629 -14.29 -13.934 -13.512 -14.89 -14.527 -14.095 -13.766 -13.45 -14.512 -14.128 -13.807 -13.595 -13.577 -14.145 -14.359 -13.96 -12.809 -12.28 -11.663 -14.213
0.057527 -15.354 -15.273 -15.196 -14.931 -14.647 -14.319 -15.047 -14.89 -14.643 -14.309 -13.956 -13.538 -14.899 -14.543 -14.117 -13.79 -13.476 -14.528 -14.148 -13.829 -13.617 -13.594 -14.165 -14.377 -13.982 -12.838 -12.31 -11.695 -14.232
0.059267 -15.33 -15.26 -15.188 -14.938 -14.661 -14.338 -15.042 -14.898 -14.657 -14.328 -13.979 -13.564 -14.907 -14.559 -14.138 -13.814 -13.502 -14.543 -14.167 -13.851 -13.639 -13.611 -14.185 -14.395 -14.004 -12.867 -12.341 -11.727 -14.251
0.061059 -15.305 -15.245 -15.18 -14.944 -14.674 -14.356 -15.035 -14.906 -14.67 -14.346 -14.001 -13.589 -14.914 -14.573 -14.158 -13.837 -13.528 -14.557 -14.187 -13.872 -13.66 -13.627 -14.204 -14.412 -14.026 -12.895 -12.372 -11.759 -14.268
0.062906 -15.278 -15.228 -15.169 -14.949 -14.686 -14.374 -15.027 -14.912 -14.682 -14.364 -14.022 -13.614 -14.92 -14.587 -14.178 -13.86 -13.553 -14.571 -14.205 -13.894 -13.682 -13.644 -14.223 -14.428 -14.047 -12.924 -12.402 -11.791 -14.286
0.064808 -15.249 -15.21 -15.158 -14.953 -14.697 -14.391 -15.017 -14.917 -14.694 -14.381 -14.043 -13.638 -14.925 -14.601 -14.198 -13.883 -13.578 -14.584 -14.224 -13.914 -13.703 -13.661 -14.241 -14.444 -14.068 -12.952 -12.432 -11.823 -14.302
0.066769 -15.218 -15.19 -15.144 -14.956 -14.708 -14.407 -15.006 -14.921 -14.704 -14.398 -14.063 -13.662 -14.929 -14.613 -14.217 -13.905 -13.603 -14.596 -14.241 -13.935 -13.724 -13.678 -14.258 -14.459 -14.088 -12.98 -12.462 -11.854 -14.318
0.068788 -15.185 -15.168 -15.13 -14.957 -14.718 -14.423 -14.994 -14.924 -14.714 -14.413 -14.083 -13.686 -14.932 -14.625 -14.235 -13.927 -13.627 -14.608 -14.259 -13.955 -13.745 -13.695 -14.275 -14.473 -14.108 -13.008 -12.491 -11.885 -14.334
0.070868 -15.15 -15.144 -15.113 -14.958 -14.726 -14.438 -14.98 -14.926 -14.723 -14.429 -14.103 -13.709 -14.934 -14.636 -14.253 -13.948 -13.651 -14.619 -14.275 -13.975 -13.765 -13.712 -14.291 -14.487 -14.127 -13.035 -12.521 -11.917 -14.348
0.073012 -15.113 -15.118 -15.095 -14.957 -14.734 -14.452 -14.965 -14.927 -14.731 -14.443 -14.122 -13.732 -14.934 -14.646 -14.27 -13.969 -13.674 -14.629 -14.292 -13.994 -13.786 -13.729 -14.306 -14.5 -14.146 -13.063 -12.55 -11.948 -14.362
0.07522 -15.074 -15.09 -15.074 -14.955 -14.741 -14.466 -14.949 -14.927 -14.738 -14.457 -14.14 -13.754 -14.934 -14.655 -14.287 -13.99 -13.697 -14.639 -14.307 -14.013 -13.806 -13.746 -14.321 -14.512 -14.164 -13.09 -12.579 -11.978 -14.376
0.077495 -15.032 -15.059 -15.052 -14.952 -14.747 -14.479 -14.931 -14.925 -14.744 -14.47 -14.158 -13.776 -14.932 -14.664 -14.303 -14.009 -13.72 -14.647 -14.322 -14.032 -13.825 -13.763 -14.336 -14.523 -14.181 -13.116 -12.608 -12.009 -14.388
0.079839 -14.988 -15.027 -15.029 -14.947 -14.752 -14.491 -14.912 -14.922 -14.749 -14.482 -14.175 -13.798 -14.929 -14.671 -14.318 -14.029 -13.742 -14.655 -14.337 -14.05 -13.845 -13.779 -14.349 -14.534 -14.198 -13.143 -12.637 -12.04 -14.4
0.082253 -14.941 -14.992 -15.003 -14.942 -14.756 -14.503 -14.891 -14.918 -14.753 -14.493 -14.192 -13.819 -14.924 -14.678 -14.332 -14.047 -13.764 -14.662 -14.35 -14.068 -13.864 -13.796 -14.362 -14.544 -14.214 -13.169 -12.665 -12.07 -14.411
0.084741 -14.892 -14.955 -14.975 -14.934 -14.759 -14.513 -14.868 -14.912 -14.756 -14.504 -14.207 -13.839 -14.919 -14.683 -14.346 -14.066 -13.785 -14.668 -14.364 -14.085 -13.882 -13.812 -14.374 -14.553 -14.23 -13.194 -12.693 -12.1 -14.421
0.087304 -14.841 -14.915 -14.945 -14.925 -14.761 -14.523 -14.844 -14.905 -14.758 -14.514 -14.223 -13.86 -14.911 -14.688 -14.36 -14.083 -13.806 -14.673 -14.376 -14.102 -13.901 -13.829 -14.385 -14.561 -14.245 -13.22 -12.721 -12.13 -14.431
0.089944 -14.787 -14.872 -14.913 -14.915 -14.762 -14.532 -14.819 -14.897 -14.758 -14.523 -14.237 -13.879 -14.903 -14.691 -14.372 -14.1 -13.826 -14.677 -14.388 -14.118 -13.919 -13.845 -14.395 -14.568 -14.259 -13.245 -12.749 -12.16 -14.44
0.092665 -14.729 -14.827 -14.878 -14.903 -14.761 -14.54 -14.791 -14.887 -14.758 -14.531 -14.251 -13.898 -14.892 -14.693 -14.384 -14.117 -13.846 -14.68 -14.399 -14.133 -13.936 -13.861 -14.405 -14.574 -14.272 -13.27 -12.776 -12.19 -14.447
0.095467 -14.67 -14.78 -14.842 -14.89 -14.759 -14.547 -14.763 -14.876 -14.756 -14.538 -14.265 -13.917 -14.881 -14.695 -14.395 -14.133 -13.866 -14.682 -14.409 -14.148 -13.953 -13.876 -14.414 -14.579 -14.285 -13.294 -12.804 -12.219 -14.454
0.098355 -14.607 -14.729 -14.803 -14.874 -14.756 -14.553 -14.732 -14.862 -14.753 -14.544 -14.277 -13.935 -14.867 -14.695 -14.405 -14.148 -13.884 -14.683 -14.419 -14.163 -13.97 -13.892 -14.422 -14.583 -14.297 -13.318 -12.83 -12.248 -14.46
0.101329 -14.541 -14.676 -14.762 -14.857 -14.752 -14.558 -14.7 -14.848 -14.749 -14.55 -14.289 -13.953 -14.852 -14.694 -14.414 -14.162 -13.903 -14.683 -14.427 -14.176 -13.986 -13.907 -14.429 -14.586 -14.309 -13.342 -12.857 -12.277 -14.465
0.104394 -14.472 -14.619 -14.718 -14.839 -14.746 -14.562 -14.666 -14.831 -14.743 -14.554 -14.3 -13.969 -14.835 -14.691 -14.422 -14.176 -13.921 -14.681 -14.435 -14.19 -14.002 -13.922 -14.435 -14.589 -14.319 -13.365 -12.884 -12.306 -14.47
0.107551 -14.401 -14.56 -14.672 -14.818 -14.739 -14.565 -14.631 -14.813 -14.736 -14.557 -14.31 -13.986 -14.817 -14.688 -14.43 -14.189 -13.938 -14.679 -14.442 -14.202 -14.017 -13.936 -14.441 -14.59 -14.329 -13.388 -12.91 -12.335 -14.473
0.110804 -14.325 -14.497 -14.623 -14.796 -14.731 -14.567 -14.594 -14.793 -14.728 -14.559 -14.319 -14.002 -14.796 -14.683 -14.437 -14.202 -13.954 -14.675 -14.448 -14.214 -14.032 -13.951 -14.445 -14.589 -14.338 -13.411 -12.935 -12.363 -14.475
0.114155 -14.247 -14.432 -14.572 -14.771 -14.721 -14.568 -14.555 -14.771 -14.718 -14.56 -14.328 -14.017 -14.774 -14.677 -14.442 -14.214 -13.971 -14.67 -14.454 -14.225 -14.046 -13.965 -14.448 -14.588 -14.346 -13.433 -12.961 -12.392 -14.476
0.117608 -14.165 -14.363 -14.518 -14.745 -14.709 -14.568 -14.515 -14.747 -14.706 -14.56 -14.336 -14.031 -14.75 -14.669 -14.447 -14.225 -13.986 -14.664 -14.458 -14.236 -14.059 -13.978 -14.45 -14.586 -14.353 -13.455 -12.986 -12.42 -14.476
0.121165 -14.08 -14.29 -14.461 -14.716 -14.696 -14.566 -14.473 -14.721 -14.693 -14.559 -14.343 -14.045 -14.723 -14.66 -14.451 -14.235 -14.001 -14.656 -14.461 -14.245 -14.072 -13.991 -14.452 -14.582 -14.36 -13.476 -13.011 -12.448 -14.476
0.124829 -13.992 -14.214 -14.401 -14.685 -14.682 -14.563 -14.429 -14.693 -14.679 -14.557 -14.348 -14.058 -14.695 -14.65 -14.453 -14.244 -14.015 -14.647 -14.463 -14.254 -14.085 -14.004 -14.452 -14.577 -14.365 -13.497 -13.036 -12.475 -14.473
0.128605 -13.9 -14.135 -14.338 -14.652 -14.665 -14.559 -14.383 -14.663 -14.663 -14.553 -14.353 -14.071 -14.664 -14.638 -14.455 -14.253 -14.028 -14.636 -14.465 -14.262 -14.096 -14.016 -14.451 -14.571 -14.369 -13.518 -13.06 -12.503 -14.47
0.132494 -13.804 -14.051 -14.272 -14.617 -14.647 -14.554 -14.335 -14.631 -14.645 -14.548 -14.357 -14.082 -14.631 -14.624 -14.455 -14.26 -14.041 -14.624 -14.465 -14.27 -14.107 -14.028 -14.449 -14.563 -14.373 -13.538 -13.084 -12.53 -14.466
0.136502 -13.704 -13.964 -14.204 -14.58 -14.627 -14.548 -14.286 -14.597 -14.625 -14.541 -14.36 -14.093 -14.596 -14.609 -14.455 -14.267 -14.053 -14.611 -14.464 -14.276 -14.118 -14.039 -14.446 -14.554 -14.375 -13.558 -13.108 -12.557 -14.46
0.14063 -13.601 -13.873 -14.132 -14.54 -14.605 -14.54 -14.235 -14.56 -14.603 -14.534 -14.362 -14.103 -14.559 -14.592 -14.453 -14.273 -14.065 -14.596 -14.462 -14.282 -14.128 -14.05 -14.442 -14.543 -14.377 -13.577 -13.131 -12.584 -14.454
0.144883 -13.494 -13.779 -14.056 -14.497 -14.582 -14.53 -14.183 -14.521 -14.58 -14.525 -14.363 -14.113 -14.519 -14.573 -14.45 -14.278 -14.075 -14.579 -14.459 -14.286 -14.136 -14.06 -14.436 -14.531 -14.377 -13.596 -13.154 -12.611 -14.446
0.149265 -13.383 -13.68 -13.978 -14.452 -14.556 -14.519 -14.128 -14.479 -14.554 -14.514 -14.363 -14.121 -14.477 -14.553 -14.445 -14.282 -14.085 -14.561 -14.454 -14.29 -14.145 -14.07 -14.429 -14.518 -14.376 -13.614 -13.177 -12.637 -14.436
0.15378 -13.269 -13.576 -13.896 -14.404 -14.529 -14.507 -14.072 -14.435 -14.527 -14.502 -14.361 -14.129 -14.432 -14.531 -14.44 -14.285 -14.094 -14.54 -14.448 -14.293 -14.152 -14.079 -14.421 -14.503 -14.374 -13.632 -13.199 -12.663 -14.426
0.15843 -13.15 -13.469 -13.811 -14.354 -14.499 -14.493 -14.014 -14.388 -14.497 -14.488 -14.359 -14.136 -14.384 -14.507 -14.433 -14.286 -14.102 -14.518 -14.441 -14.294 -14.159 -14.088 -14.411 -14.486 -14.37 -13.649 -13.221 -12.689 -14.414
0.163222 -13.027 -13.357 -13.722 -14.3 -14.467 -14.477 -13.954 -14.338 -14.466 -14.473 -14.355 -14.142 -14.333 -14.481 -14.424 -14.287 -14.11 -14.494 -14.433 -14.295 -14.164 -14.095 -14.4 -14.468 -14.366 -13.665 -13.243 -12.714 -14.401
0.168159 -12.9 -13.24 -13.629 -14.244 -14.433 -14.46 -13.892 -14.286 -14.432 -14.456 -14.35 -14.147 -14.28 -14.453 -14.415 -14.287 -14.116 -14.469 -14.423 -14.295 -14.169 -14.103 -14.388 -14.448 -14.36 -13.681 -13.264 -12.74 -14.386
0.173245 -12.769 -13.119 -13.533 -14.185 -14.396 -14.441 -13.828 -14.231 -14.396 -14.437 -14.344 -14.151 -14.224 -14.422 -14.403 -14.285 -14.122 -14.441 -14.411 -14.293 -14.173 -14.109 -14.374 -14.426 -14.353 -13.697 -13.285 -12.765 -14.37
0.178484 -12.634 -12.993 -13.433 -14.122 -14.358 -14.42 -13.763 -14.172 -14.357 -14.416 -14.336 -14.154 -14.165 -14.39 -14.391 -14.283 -14.126 -14.411 -14.398 -14.29 -14.176 -14.115 -14.359 -14.402 -14.344 -13.712 -13.305 -12.789 -14.352
0.183882 -12.495 -12.862 -13.329 -14.057 -14.316 -14.397 -13.695 -14.111 -14.316 -14.394 -14.327 -14.156 -14.102 -14.355 -14.376 -14.279 -14.13 -14.379 -14.384 -14.287 -14.178 -14.119 -14.342 -14.376 -14.334 -13.726 -13.325 -12.814 -14.333
0.189444 -12.351 -12.727 -13.221 -13.988 -14.273 -14.372 -13.626 -14.047 -14.272 -14.37 -14.316 -14.157 -14.037 -14.319 -14.36 -14.274 -14.132 -14.345 -14.368 -14.281 -14.179 -14.123 -14.324 -14.349 -14.323 -13.739 -13.344 -12.838 -14.312
0.195173 -12.204 -12.585 -13.109 -13.915 -14.226 -14.345 -13.555 -13.979 -14.226 -14.343 -14.304 -14.157 -13.968 -14.279 -14.342 -14.267 -14.134 -14.309 -14.35 -14.275 -14.179 -14.127 -14.304 -14.319 -14.31 -13.752 -13.363 -12.862 -14.289
0.201076 -12.052 -12.439 -12.993 -13.839 -14.177 -14.316 -13.482 -13.908 -14.178 -14.315 -14.291 -14.156 -13.895 -14.238 -14.323 -14.259 -14.134 -14.27 -14.331 -14.267 -14.178 -14.129 -14.282 -14.287 -14.296 -13.764 -13.382 -12.885 -14.265
0.207158 -11.896 -12.287 -12.873 -13.76 -14.125 -14.285 -13.406 -13.833 -14.126 -14.285 -14.275 -14.154 -13.819 -14.193 -14.301 -14.25 -14.134 -14.229 -14.309 -14.258 -14.176 -14.13 -14.258 -14.253 -14.279 -13.776 -13.4 -12.908 -14.239
0.213423 -11.736 -12.13 -12.748 -13.677 -14.07 -14.252 -13.329 -13.755 -14.071 -14.252 -14.258 -14.15 -13.74 -14.146 -14.278 -14.239 -14.132 -14.185 -14.286 -14.247 -14.172 -14.131 -14.233 -14.217 -14.262 -13.787 -13.417 -12.931 -14.212
0.219878 -11.572 -11.966 -12.619 -13.59 -14.012 -14.216 -13.25 -13.673 -14.014 -14.217 -14.24 -14.145 -13.656 -14.097 -14.253 -14.227 -14.129 -14.139 -14.261 -14.235 -14.167 -14.13 -14.206 -14.178 -14.242 -13.796 -13.434 -12.953 -14.182
0.226528 -11.405 -11.797 -12.485 -13.498 -13.951 -14.178 -13.168 -13.587 -13.953 -14.179 -14.22 -14.139 -13.569 -14.044 -14.225 -14.213 -14.124 -14.09 -14.234 -14.221 -14.161 -14.128 -14.177 -14.138 -14.221 -13.806 -13.45 -12.975 -14.151
0.233379 -11.233 -11.622 -12.346 -13.403 -13.887 -14.138 -13.085 -13.497 -13.89 -14.139 -14.197 -14.131 -13.477 -13.989 -14.196 -14.197 -14.119 -14.038 -14.205 -14.206 -14.154 -14.125 -14.146 -14.094 -14.197 -13.814 -13.466 -12.997 -14.118
0.240437 -11.059 -11.44 -12.203 -13.304 -13.819 -14.095 -12.999 -13.403 -13.823 -14.097 -14.173 -14.122 -13.382 -13.93 -14.164 -14.179 -14.112 -13.983 -14.173 -14.189 -14.145 -14.121 -14.112 -14.048 -14.172 -13.821 -13.481 -13.018 -14.083
0.247709 -10.881 -11.252 -12.055 -13.2 -13.748 -14.049 -12.911 -13.305 -13.752 -14.052 -14.147 -14.112 -13.282 -13.869 -14.13 -14.16 -14.103 -13.926 -14.14 -14.17 -14.135 -14.116 -14.077 -14.0 -14.145 -13.828 -13.495 -13.039 -14.046
0.255201 -10.7 -11.057 -11.902 -13.091 -13.673 -14.0 -12.82 -13.203 -13.678 -14.004 -14.119 -14.1 -13.177 -13.804 -14.094 -14.139 -14.093 -13.865 -14.103 -14.149 -14.123 -14.109 -14.04 -13.948 -14.115 -13.833 -13.509 -13.059 -14.007
0.262919 -10.516 -10.855 -11.744 -12.978 -13.595 -13.949 -12.727 -13.096 -13.601 -13.953 -14.089 -14.086 -13.068 -13.736 -14.055 -14.116 -14.081 -13.801 -14.065 -14.126 -14.11 -14.102 -14.0 -13.894 -14.084 -13.838 -13.522 -13.079 -13.966
0.270871 -10.331 -10.646 -11.58 -12.86 -13.513 -13.894 -12.631 -12.984 -13.519 -13.9 -14.056 -14.071 -12.954 -13.664 -14.014 -14.091 -14.068 -13.734 -14.024 -14.102 -14.095 -14.092 -13.958 -13.837 -14.05 -13.841 -13.535 -13.099 -13.922
0.279064 -10.144 -10.43 -11.412 -12.737 -13.427 -13.836 -12.533 -12.867 -13.434 -13.843 -14.021 -14.053 -12.836 -13.589 -13.97 -14.064 -14.053 -13.664 -13.98 -14.075 -14.078 -14.082 -13.914 -13.777 -14.014 -13.844 -13.546 -13.118 -13.877
0.287504 -9.957 -10.206 -11.238 -12.608 -13.337 -13.775 -12.433 -12.746 -13.344 -13.783 -13.984 -14.035 -12.712 -13.51 -13.923 -14.035 -14.037 -13.59 -13.934 -14.046 -14.059 -14.07 -13.867 -13.713 -13.975 -13.845 -13.557 -13.136 -13.829
0.296199 -9.77 -9.975 -11.058 -12.475 -13.242 -13.711 -12.329 -12.619 -13.251 -13.72 -13.944 -14.014 -12.582 -13.427 -13.873 -14.003 -14.018 -13.512 -13.885 -14.015 -14.039 -14.056 -13.817 -13.647 -13.934 -13.845 -13.567 -13.154 -13.779
0.305157 -9.585 -9.736 -10.873 -12.335 -13.143 -13.643 -12.223 -12.487 -13.153 -13.653 -13.902 -13.991 -12.448 -13.34 -13.82 -13.969 -13.998 -13.431 -13.833 -13.982 -14.016 -14.04 -13.765 -13.577 -13.89 -13.844 -13.576 -13.171 -13.726
0.314387 -9.401 -9.488 -10.682 -12.19 -13.04 -13.572 -12.114 -12.349 -13.051 -13.583 -13.857 -13.966 -12.307 -13.249 -13.764 -13.932 -13.976 -13.345 -13.778 -13.946 -13.992 -14.023 -13.71 -13.503 -13.844 -13.842 -13.585 -13.188 -13.671
0.323895 -9.221 -9.232 -10.486 -12.039 -12.931 -13.496 -12.002 -12.205 -12.943 -13.509 -13.809 -13.939 -12.161 -13.154 -13.705 -13.893 -13.951 -13.256 -13.719 -13.907 -13.965 -14.004 -13.652 -13.426 -13.794 -13.838 -13.592 -13.204 -13.614
0.333691 -9.046 -8.967 -10.284 -11.882 -12.818 -13.417 -11.887 -12.056 -12.832 -13.431 -13.758 -13.91 -12.008 -13.054 -13.643 -13.852 -13.925 -13.163 -13.658 -13.866 -13.937 -13.984 -13.592 -13.345 -13.742 -13.833 -13.599 -13.22 -13.554
0.343783 -8.877 -8.694 -10.075 -11.718 -12.7 -13.334 -11.768 -11.9 -12.715 -13.349 -13.705 -13.879 -11.849 -12.95 -13.577 -13.807 -13.896 -13.065 -13.593 -13.822 -13.906 -13.961 -13.528 -13.26 -13.687 -13.827 -13.604 -13.235 -13.491
0.354181 -8.715 -8.411 -9.861 -11.548 -12.576 -13.246 -11.647 -11.738 -12.593 -13.264 -13.648 -13.845 -11.684 -12.841 -13.507 -13.76 -13.865 -12.963 -13.524 -13.776 -13.872 -13.936 -13.461 -13.172 -13.628 -13.819 -13.608 -13.249 -13.426
0.364893 -8.562 -8.119 -9.641 -11.371 -12.447 -13.155 -11.521 -11.57 -12.465 -13.173 -13.588 -13.809 -11.512 -12.727 -13.434 -13.709 -13.832 -12.857 -13.452 -13.726 -13.837 -13.909 -13.391 -13.079 -13.566 -13.81 -13.612 -13.262 -13.358
0.375929 -8.418 -7.817 -9.415 -11.187 -12.313 -13.058 -11.393 -11.395 -12.332 -13.079 -13.525 -13.77 -11.333 -12.608 -13.357 -13.656 -13.796 -12.745 -13.376 -13.674 -13.798 -13.88 -13.318 -12.982 -13.501 -13.799 -13.614 -13.275 -13.287
0.387298 -8.284 -7.506 -9.183 -10.995 -12.172 -12.957 -11.261 -11.212 -12.194 -12.98 -13.458 -13.729 -11.147 -12.483 -13.275 -13.599 -13.757 -12.629 -13.296 -13.618 -13.757 -13.849 -13.241 -12.88 -13.432 -13.786 -13.615 -13.287 -13.213
0.399012 -8.161 -7.185 -8.945 -10.796 -12.026 -12.851 -11.125 -11.022 -12.049 -12.876 -13.388 -13.685 -10.953 -12.353 -13.19 -13.539 -13.716 -12.509 -13.212 -13.559 -13.713 -13.816 -13.161 -12.774 -13.36 -13.771 -13.615 -13.299 -13.137
0.41108 -8.048 -6.854 -8.701 -10.589 -11.873 -12.74 -10.985 -10.825 -11.899 -12.767 -13.314 -13.638 -10.751 -12.218 -13.1 -13.475 -13.672 -12.383 -13.124 -13.496 -13.666 -13.78 -13.077 -12.663 -13.284 -13.755 -13.614 -13.309 -13.057
0.423513 -7.946 -6.514 -8.451 -10.374 -11.714 -12.624 -10.841 -10.62 -11.742 -12.653 -13.236 -13.588 -10.541 -12.076 -13.005 -13.408 -13.625 -12.252 -13.031 -13.43 -13.616 -13.741 -12.989 -12.548 -13.204 -13.737 -13.611 -13.319 -12.975
0.436321 -7.853 -6.164 -8.195 -10.151 -11.548 -12.502 -10.694 -10.407 -11.579 -12.533 -13.154 -13.535 -10.323 -11.928 -12.906 -13.337 -13.575 -12.116 -12.934 -13.36 -13.564 -13.7 -12.898 -12.427 -13.12 -13.717 -13.607 -13.328 -12.89
0.449518 -7.768 -5.806 -7.933 -9.919 -11.375 -12.374 -10.542 -10.185 -11.408 -12.408 -13.068 -13.479 -10.097 -11.775 -12.802 -13.262 -13.522 -11.974 -12.833 -13.287 -13.507 -13.656 -12.802 -12.301 -13.031 -13.695 -13.602 -13.336 -12.802
0.463113 -7.692 -5.44 -7.665 -9.678 -11.195 -12.241 -10.386 -9.955 -11.231 -12.278 -12.978 -13.419 -9.861 -11.614 -12.693 -13.183 -13.465 -11.828 -12.726 -13.209 -13.448 -13.609 -12.703 -12.17 -12.939 -13.67 -13.595 -13.343 -12.71
0.47712 -7.622 -5.069 -7.392 -9.428 -11.007 -12.102 -10.225 -9.716 -11.047 -12.142 -12.883 -13.356 -9.616 -11.447 -12.579 -13.1 -13.405 -11.675 -12.615 -13.127 -13.385 -13.559 -12.599 -12.033 -12.842 -13.644 -13.587 -13.349 -12.616
0.49155 -7.558 -4.694 -7.113 -9.168 -10.812 -11.956 -10.06 -9.467 -10.855 -11.999 -12.784 -13.29 -9.362 -11.273 -12.46 -13.012 -13.342 -11.518 -12.498 -13.042 -13.318 -13.506 -12.49 -11.89 -12.74 -13.615 -13.577 -13.354 -12.519
0.506416 -7.499 -4.319 -6.829 -8.898 -10.609 -11.804 -9.891 -9.209 -10.656 -11.85 -12.68 -13.219 -9.098 -11.092 -12.335 -12.92 -13.275 -11.355 -12.377 -12.951 -13.248 -13.45 -12.377 -11.742 -12.634 -13.584 -13.566 -13.358 -12.419
0.521733 -7.444 -3.95 -6.539 -8.618 -10.398 -11.645 -9.716 -8.941 -10.449 -11.695 -12.572 -13.145 -8.823 -10.904 -12.204 -12.823 -13.204 -11.187 -12.25 -12.856 -13.173 -13.391 -12.26 -11.587 -12.523 -13.551 -13.553 -13.361 -12.315
0.537512 -7.391 -3.592 -6.244 -8.327 -10.178 -11.479 -9.537 -8.663 -10.233 -11.533 -12.458 -13.068 -8.538 -10.708 -12.067 -12.721 -13.129 -11.015 -12.117 -12.757 -13.095 -13.328 -12.138 -11.427 -12.406 -13.515 -13.538 -13.363 -12.209
0.553769 -7.341 -3.255 -5.944 -8.026 -9.95 -11.306 -9.353 -8.374 -10.009 -11.365 -12.339 -12.986 -8.243 -10.504 -11.924 -12.615 -13.05 -10.837 -11.979 -12.653 -13.013 -13.262 -12.01 -11.26 -12.285 -13.476 -13.522 -13.364 -12.1
0.570517 -7.293 -2.947 -5.638 -7.713 -9.712 -11.126 -9.164 -8.074 -9.777 -11.189 -12.215 -12.9 -7.935 -10.292 -11.774 -12.503 -12.967 -10.655 -11.835 -12.543 -12.926 -13.193 -11.878 -11.086 -12.158 -13.434 -13.503 -13.364 -11.989
0.587772 -7.246 -2.674 -5.327 -7.389 -9.465 -10.938 -8.97 -7.763 -9.536 -11.005 -12.086 -12.809 -7.617 -10.071 -11.618 -12.386 -12.88 -10.469 -11.686 -12.429 -12.835 -13.119 -11.74 -10.905 -12.025 -13.39 -13.483 -13.363 -11.875
0.605549 -7.2 -2.443 -5.011 -7.052 -9.209 -10.742 -8.771 -7.441 -9.285 -10.814 -11.951 -12.714 -7.286 -9.842 -11.455 -12.263 -12.788 -10.279 -11.53 -12.309 -12.739 -13.042 -11.597 -10.717 -11.887 -13.343 -13.461 -13.36 -11.758
0.623863 -7.155 -2.253 -4.689 -6.703 -8.943 -10.538 -8.567 -7.106 -9.025 -10.616 -11.81 -12.615 -6.943 -9.604 -11.285 -12.135 -12.692 -10.088 -11.368 -12.184 -12.639 -12.962 -11.448 -10.522 -11.743 -13.293 -13.436 -13.356 -11.639
0.642731 -7.109 -2.101 -4.361 -6.341 -8.666 -10.325 -8.358 -6.759 -8.755 -10.409 -11.663 -12.511 -6.587 -9.356 -11.108 -12.0 -12.59 -9.894 -11.201 -12.053 -12.533 -12.877 -11.294 -10.32 -11.592 -13.239 -13.41 -13.351 -11.518
0.66217 -7.064 -1.981 -4.027 -5.966 -8.379 -10.104 -8.144 -6.399 -8.475 -10.193 -11.51 -12.402 -6.217 -9.099 -10.923 -11.86 -12.484 -9.701 -11.027 -11.917 -12.423 -12.788 -11.134 -10.11 -11.436 -13.183 -13.381 -13.345 -11.396
0.682197 -7.018 -1.885 -3.687 -5.577 -8.081 -9.873 -7.926 -6.026 -8.185 -9.97 -11.351 -12.288 -5.835 -8.833 -10.731 -11.713 -12.373 -9.508 -10.848 -11.775 -12.308 -12.695 -10.967 -9.892 -11.273 -13.123 -13.35 -13.337 -11.272
0.70283 -6.973 -1.807 -3.341 -5.175 -7.772 -9.634 -7.702 -5.639 -7.884 -9.737 -11.185 -12.168 -5.437 -8.556 -10.531 -11.56 -12.256 -9.318 -10.663 -11.626 -12.187 -12.598 -10.795 -9.666 -11.103 -13.059 -13.317 -13.328 -11.146
0.724086 -6.927 -1.74 -2.987 -4.757 -7.451 -9.384 -7.474 -5.238 -7.573 -9.495 -11.013 -12.044 -5.026 -8.269 -10.322 -11.4 -12.134 -9.133 -10.472 -11.472 -12.061 -12.496 -10.616 -9.431 -10.927 -12.992 -13.282 -13.318 -11.02
0.745986 -6.879 -1.68 -2.646 -4.349 -7.136 -9.138 -7.254 -4.846 -7.267 -9.257 -10.841 -11.918 -4.623 -7.986 -10.115 -11.24 -12.011 -8.961 -10.284 -11.318 -11.934 -12.393 -10.438 -9.2 -10.752 -12.922 -13.242 -13.303 -10.898
0.768548 -6.813 -1.614 -2.58 -4.283 -7.07 -9.072 -7.188 -4.78 -7.201 -9.191 -10.775 -11.852 -4.557 -7.92 -10.049 -11.174 -11.945 -8.895 -10.218 -11.252 -11.868 -12.327 -10.372 -9.134 -10.686 -12.856 -13.176 -13.237 -10.832
0.791792 -6.746 -1.548 -2.514 -4.217 -7.004 -9.006 -7.121 -4.714 -7.135 -9.124 -10.709 -11.786 -4.491 -7.854 -9.983 -11.107 -11.878 -8.829 -10.152 -11.186 -11.802 -12.261 -10.306 -9.067 -10.619 -12.789 -13.11 -13.17 -10.766
0.815739 -6.68 -1.481 -2.447 -4.15 -6.937 -8.939 -7.054 -4.647 -7.068 -9.057 -10.642 -11.719 -4.424 -7.787 -9.916 -11.04 -11.811 -8.762 -10.085 -11.119 -11.735 -12.194 -10.239 -9.0 -10.552 -12.723 -13.043 -13.103 -10.699
0.840411 -6.612 -1.414 -2.38 -4.083 -6.87 -8.872 -6.987 -4.58 -7.001 -8.99 -10.575 -11.652 -4.357 -7.72 -9.849 -10.973 -11.744 -8.695 -10.018 -11.052 -11.668 -12.127 -10.172 -8.933 -10.485 -12.655 -12.976 -13.036 -10.632
0.865828 -6.545 -1.346 -2.312 -4.015 -6.802 -8.804 -6.92 -4.512 -6.933 -8.922 -10.507 -11.584 -4.289 -7.652 -9.781 -10.906 -11.676 -8.627 -9.95 -10.984 -11.6 -12.059 -10.104 -8.866 -10.418 -12.588 -12.908 -12.969 -10.564
0.892015 -6.477 -1.278 -2.244 -3.947 -6.734 -8.736 -6.852 -4.444 -6.865 -8.854 -10.439 -11.516 -4.221 -7.584 -9.713 -10.838 -11.608 -8.559 -9.882 -10.916 -11.532 -11.991 -10.036 -8.798 -10.35 -12.52 -12.84 -12.901 -10.496
0.918993 -6.408 -1.21 -2.176 -3.879 -6.665 -8.668 -6.783 -4.375 -6.796 -8.786 -10.371 -11.448 -4.153 -7.516 -9.645 -10.769 -11.54 -8.49 -9.814 -10.848 -11.463 -11.923 -9.968 -8.729 -10.281 -12.451 -12.772 -12.832 -10.428
0.946787 -6.34 -1.141 -2.107 -3.81 -6.597 -8.599 -6.714 -4.307 -6.728 -8.717 -10.302 -11.379 -4.084 -7.447 -9.576 -10.7 -11.471 -8.422 -9.745 -10.779 -11.395 -11.854 -9.899 -8.66 -10.212 -12.382 -12.703 -12.763 -10.359
0.975422 -6.27 -1.072 -2.038 -3.741 -6.527 -8.53 -6.645 -4.237 -6.658 -8.648 -10.233 -11.31 -4.015 -7.378 -9.507 -10.631 -11.402 -8.352 -9.676 -10.71 -11.325 -11.785 -9.83 -8.591 -10.143 -12.313 -12.634 -12.694 -10.29
1.004923 -6.201 -1.002 -1.968 -3.671 -6.458 -8.46 -6.576 -4.168 -6.589 -8.578 -10.163 -11.24 -3.945 -7.308 -9.437 -10.562 -11.332 -8.283 -9.606 -10.64 -11.256 -11.715 -9.76 -8.522 -10.074 -12.244 -12.564 -12.625 -10.22
1.035317 -6.131 -0.932 -1.898 -3.601 -6.388 -8.39 -6.506 -4.098 -6.519 -8.509 -10.093 -11.17 -3.875 -7.238 -9.367 -10.492 -11.263 -8.213 -9.536 -10.57 -11.186 -11.645 -9.69 -8.452 -10.004 -12.174 -12.494 -12.555 -10.15
1.066629 -6.061 -0.862 -1.828 -3.531 -6.318 -8.32 -6.435 -4.028 -6.449 -8.438 -10.023 -11.1 -3.805 -7.168 -9.297 -10.421 -11.192 -8.143 -9.466 -10.5 -11.116 -11.575 -9.62 -8.381 -9.933 -12.103 -12.424 -12.484 -10.08
1.098888 -5.99 -0.791 -1.757 -3.46 -6.247 -8.249 -6.365 -3.957 -6.378 -8.368 -9.952 -11.029 -3.734 -7.097 -9.226 -10.351 -11.122 -8.072 -9.395 -10.429 -11.045 -11.504 -9.549 -8.311 -9.863 -12.033 -12.353 -12.414 -10.009
1.132124 -5.919 -0.72 -1.686 -3.389 -6.176 -8.178 -6.294 -3.886 -6.307 -8.297 -9.881 -10.958 -3.663 -7.026 -9.155 -10.28 -11.051 -8.001 -9.324 -10.358 -10.974 -11.433 -9.478 -8.24 -9.792 -11.962 -12.282 -12.343 -9.938
1.166364 -5.847 -0.649 -1.615 -3.318 -6.105 -8.107 -6.222 -3.815 -6.236 -8.225 -9.81 -10.887 -3.592 -6.955 -9.084 -10.208 -10.979 -7.93 -9.253 -10.287 -10.903 -11.362 -9.407 -8.168 -9.72 -11.89 -12.211 -12.271 -9.867
1.20164 -5.776 -0.577 -1.543 -3.246 -6.033 -8.035 -6.151 -3.743 -6.164 -8.153 -9.738 -10.815 -3.52 -6.883 -9.012 -10.137 -10.907 -7.858 -9.181 -10.215 -10.831 -11.29 -9.335 -8.097 -9.649 -11.819 -12.139 -12.2 -9.795
1.237983 -5.704 -0.505 -1.471 -3.174 -5.961 -7.963 -6.079 -3.671 -6.092 -8.081 -9.666 -10.743 -3.448 -6.811 -8.94 -10.065 -10.835 -7.786 -9.109 -10.143 -10.759 -11.218 -9.263 -8.024 -9.577 -11.747 -12.067 -12.127 -9.723
1.275425 -5.631 -0.433 -1.399 -3.102 -5.888 -7.891 -6.006 -3.598 -6.019 -8.009 -9.594 -10.671 -3.376 -6.739 -8.867 -9.992 -10.763 -7.713 -9.037 -10.071 -10.686 -11.146 -9.19 -7.952 -9.504 -11.674 -11.994 -12.055 -9.651
1.313999 -5.559 -0.36 -1.326 -3.029 -5.816 -7.818 -5.933 -3.526 -5.947 -7.936 -9.521 -10.598 -3.303 -6.666 -8.795 -9.919 -10.69 -7.641 -8.964 -9.998 -10.614 -11.073 -9.118 -7.879 -9.431 -11.601 -11.922 -11.982 -9.578
1.35374 -5.486 -0.287 -1.253 -2.956 -5.743 -7.745 -5.86 -3.453 -5.874 -7.863 -9.448 -10.525 -3.23 -6.593 -8.722 -9.846 -10.617 -7.568 -8.891 -9.925 -10.541 -11.0 -9.045 -7.806 -9.358 -11.528 -11.849 -11.909 -9.505
1.394683 -5.412 -0.214 -1.18 -2.882 -5.669 -7.671 -5.787 -3.379 -5.8 -7.79 -9.375 -10.452 -3.157 -6.52 -8.648 -9.773 -10.544 -7.494 -8.818 -9.852 -10.467 -10.926 -8.971 -7.733 -9.285 -11.455 -11.775 -11.836 -9.431
1.436864 -5.338 -0.14 -1.106 -2.809 -5.596 -7.598 -5.713 -3.306 -5.727 -7.716 -9.301 -10.378 -3.083 -6.446 -8.575 -9.699 -10.47 -7.421 -8.744 -9.778 -10.394 -10.853 -8.898 -7.659 -9.211 -11.381 -11.702 -11.762 -9.358
1.480321 -5.264 -0.066 -1.032 -2.735 -5.522 -7.524 -5.639 -3.232 -5.653 -7.642 -9.227 -10.304 -3.009 -6.372 -8.501 -9.625 -10.396 -7.347 -8.67 -9.704 -10.32 -10.779 -8.824 -7.585 -9.137 -11.307 -11.628 -11.688 -9.284
1.525092 -5.19 0.008 -0.958 -2.66 -5.447 -7.449 -5.565 -3.157 -5.578 -7.568 -9.153 -10.23 -2.935 -6.298 -8.426 -9.551 -10.322 -7.272 -8.596 -9.63 -10.245 -10.704 -8.749 -7.511 -9.063 -11.233 -11.553 -11.614 -9.209
1.571218 -5.116 0.083 -0.883 -2.586 -5.373 -7.375 -5.49 -3.083 -5.504 -7.493 -9.078 -10.155 -2.86 -6.223 -8.352 -9.476 -10.247 -7.198 -8.521 -9.555 -10.171 -10.63 -8.675 -7.436 -8.988 -11.158 -11.479 -11.539 -9.135
1.618738 -5.041 0.158 -0.808 -2.511 -5.298 -7.3 -5.415 -3.008 -5.429 -7.418 -9.003 -10.08 -2.785 -6.148 -8.277 -9.402 -10.172 -7.123 -8.446 -9.48 -10.096 -10.555 -8.6 -7.361 -8.914 -11.084 -11.404 -11.464 -9.06
1.667696 -4.966 0.233 -0.733 -2.436 -5.223 -7.225 -5.34 -2.933 -5.354 -7.343 -8.928 -10.005 -2.71 -6.073 -8.202 -9.326 -10.097 -7.048 -8.371 -9.405 -10.021 -10.48 -8.525 -7.286 -8.838 -11.008 -11.329 -11.389 -8.985
1.718134 -4.89 0.308 -0.658 -2.36 -5.147 -7.149 -5.265 -2.857 -5.278 -7.268 -8.853 -9.929 -2.634 -5.997 -8.126 -9.251 -10.022 -6.972 -8.296 -9.33 -9.945 -10.404 -8.449 -7.211 -8.763 -10.933 -11.253 -11.314 -8.909
1.770098 -4.814 0.384 -0.582 -2.285 -5.071 -7.074 -5.189 -2.781 -5.202 -7.192 -8.777 -9.854 -2.559 -5.922 -8.051 -9.175 -9.946 -6.896 -8.22 -9.254 -9.869 -10.329 -8.374 -7.135 -8.687 -10.857 -11.178 -11.238 -8.834
1.823633 -4.738 0.46 -0.506 -2.209 -4.995 -6.998 -5.113 -2.705 -5.126 -7.116 -8.701 -9.778 -2.483 -5.846 -7.975 -9.099 -9.87 -6.82 -8.144 -9.178 -9.793 -10.253 -8.298 -7.059 -8.611 -10.781 -11.102 -11.162 -8.758
1.878788 -4.662 0.536 -0.43 -2.132 -4.919 -6.921 -5.037 -2.629 -5.05 -7.04 -8.625 -9.701 -2.406 -5.77 -7.898 -9.023 -9.794 -6.744 -8.068 -9.102 -9.717 -10.176 -8.221 -6.983 -8.535 -10.705 -11.025 -11.086 -8.681
1.93561 -4.586 0.613 -0.353 -2.056 -4.843 -6.845 -4.96 -2.553 -4.974 -6.963 -8.548 -9.625 -2.33 -5.693 -7.822 -8.946 -9.717 -6.668 -7.991 -9.025 -9.641 -10.1 -8.145 -6.906 -8.458 -10.628 -10.949 -11.009 -8.605
1.994152 -4.509 0.69 -0.276 -1.979 -4.766 -6.768 -4.884 -2.476 -4.897 -6.886 -8.471 -9.548 -2.253 -5.616 -7.745 -8.87 -9.64 -6.591 -7.914 -8.948 -9.564 -10.023 -8.068 -6.83 -8.382 -10.552 -10.872 -10.933 -8.528
2.054463 -4.432 0.767 -0.199 -1.902 -4.689 -6.691 -4.807 -2.399 -4.82 -6.809 -8.394 -9.471 -2.176 -5.539 -7.668 -8.793 -9.563 -6.514 -7.837 -8.871 -9.487 -9.946 -7.991 -6.753 -8.305 -10.475 -10.795 -10.855 -8.451
2.116599 -4.354 0.844 -0.122 -1.825 -4.612 -6.614 -4.729 -2.322 -4.743 -6.732 -8.317 -9.394 -2.099 -5.462 -7.591 -8.715 -9.486 -6.437 -7.76 -8.794 -9.41 -9.869 -7.914 -6.675 -8.227 -10.397 -10.718 -10.778 -8.374
2.180614 -4.277 0.921 -0.044 -1.747 -4.534 -6.536 -4.652 -2.244 -4.665 -6.655 -8.239 -9.316 -2.021 -5.384 -7.513 -8.638 -9.409 -6.359 -7.683 -8.716 -9.332 -9.791 -7.836 -6.598 -8.15 -10.32 -10.64 -10.701 -8.296
2.246566 -4.199 0.999 0.033 -1.669 -4.456 -6.458 -4.574 -2.166 -4.587 -6.577 -8.162 -9.239 -1.944 -5.307 -7.435 -8.56 -9.331 -6.281 -7.605 -8.639 -9.254 -9.714 -7.758 -6.52 -8.072 -10.242 -10.562 -10.623 -8.218
2.314511 -4.121 1.077 0.111 -1.591 -4.378 -6.38 -4.496 -2.088 -4.509 -6.499 -8.084 -9.161 -1.866 -5.229 -7.357 -8.482 -9.253 -6.203 -7.527 -8.561 -9.176 -9.636 -7.68 -6.442 -7.994 -10.164 -10.484 -10.545 -8.141
2.384512 -4.043 1.155 0.19 -1.513 -4.3 -6.302 -4.418 -2.01 -4.431 -6.421 -8.006 -9.082 -1.787 -5.15 -7.279 -8.404 -9.175 -6.125 -7.449 -8.482 -9.098 -9.557 -7.602 -6.364 -7.916 -10.086 -10.406 -10.467 -8.062
2.45663 -3.965 1.234 0.268 -1.435 -4.222 -6.224 -4.339 -1.932 -4.353 -6.342 -7.927 -9.004 -1.709 -5.072 -7.201 -8.325 -9.096 -6.047 -7.37 -8.404 -9.02 -9.479 -7.524 -6.285 -7.837 -10.007 -10.328 -10.388 -7.984
2.530929 -3.886 1.313 0.347 -1.356 -4.143 -6.145 -4.261 -1.853 -4.274 -6.264 -7.848 -8.925 -1.63 -4.993 -7.122 -8.247 -9.018 -5.968 -7.291 -8.325 -8.941 -9.4 -7.445 -6.207 -7.759 -9.929 -10.249 -10.31 -7.905
2.607475 -3.807 1.391 0.425 -1.277 -4.064 -6.066 -4.182 -1.774 -4.195 -6.185 -7.77 -8.846 -1.551 -4.914 -7.043 -8.168 -8.939 -5.889 -7.213 -8.247 -8.862 -9.321 -7.366 -6.128 -7.68 -9.85 -10.17 -10.231 -7.826
2.686337 -3.728 1.47 0.505 -1.198 -3.985 -5.987 -4.103 -1.695 -4.116 -6.106 -7.691 -8.767 -1.472 -4.835 -6.964 -8.089 -8.86 -5.81 -7.134 -8.167 -8.783 -9.242 -7.287 -6.049 -7.601 -9.771 -10.091 -10.152 -7.747
2.767583 -3.649 1.55 0.584 -1.119 -3.906 -5.908 -4.024 -1.616 -4.037 -6.026 -7.611 -8.688 -1.393 -4.756 -6.885 -8.01 -8.78 -5.731 -7.054 -8.088 -8.704 -9.163 -7.208 -5.97 -7.522 -9.692 -10.012 -10.072 -7.668
2.851287 -3.569 1.629 0.663 -1.04 -3.826 -5.828 -3.944 -1.536 -3.957 -5.947 -7.532 -8.609 -1.314 -4.677 -6.805 -7.93 -8.701 -5.651 -6.975 -8.009 -8.624 -9.084 -7.128 -5.89 -7.442 -9.612 -9.932 -9.993 -7.589
2.937522 -3.49 1.709 0.743 -0.96 -3.747 -5.749 -3.864 -1.457 -3.878 -5.867 -7.452 -8.529 -1.234 -4.597 -6.726 -7.85 -8.621 -5.572 -6.895 -7.929 -8.545 -9.004 -7.049 -5.81 -7.362 -9.532 -9.853 -9.913 -7.509
3.026365 -3.41 1.789 0.823 -0.88 -3.667 -5.669 -3.784 -1.377 -3.798 -5.787 -7.372 -8.449 -1.154 -4.517 -6.646 -7.771 -8.541 -5.492 -6.815 -7.849 -8.465 -8.924 -6.969 -5.73 -7.283 -9.453 -9.773 -9.833 -7.429
3.117896 -3.33 1.869 0.903 -0.8 -3.587 -5.589 -3.704 -1.297 -3.718 -5.707 -7.292 -8.369 -1.074 -4.437 -6.566 -7.69 -8.461 -5.412 -6.735 -7.769 -8.385 -8.844 -6.889 -5.65 -7.202 -9.373 -9.693 -9.753 -7.349
3.212194 -3.249 1.949 0.983 -0.72 -3.506 -5.509 -3.624 -1.217 -3.637 -5.627 -7.212 -8.289 -0.994 -4.357 -6.486 -7.61 -8.381 -5.331 -6.655 -7.689 -8.305 -8.764 -6.809 -5.57 -7.122 -9.292 -9.613 -9.673 -7.269
3.309345 -3.169 2.029 1.064 -0.639 -3.426 -5.428 -3.544 -1.136 -3.557 -5.547 -7.131 -8.208 -0.913 -4.276 -6.405 -7.53 -8.301 -5.251 -6.575 -7.608 -8.224 -8.683 -6.728 -5.49 -7.042 -9.212 -9.532 -9.593 -7.188
3.409434 -3.088 2.11 1.144 -0.559 -3.345 -5.348 -3.463 -1.055 -3.476 -5.466 -7.051 -8.128 -0.833 -4.196 -6.325 -7.449 -8.22 -5.17 -6.494 -7.528 -8.143 -8.603 -6.648 -5.409 -6.961 -9.131 -9.452 -9.512 -7.108
3.51255 -3.008 2.191 1.225 -0.478 -3.265 -5.267 -3.382 -0.975 -3.396 -5.385 -6.97 -8.047 -0.752 -4.115 -6.244 -7.368 -8.139 -5.09 -6.413 -7.447 -8.063 -8.522 -6.567 -5.328 -6.88 -9.05 -9.371 -9.431 -7.027
3.618785 -2.927 2.272 1.306 -0.397 -3.184 -5.186 -3.301 -0.894 -3.315 -5.304 -6.889 -7.966 -0.671 -4.034 -6.163 -7.287 -8.058 -5.009 -6.332 -7.366 -7.982 -8.441 -6.486 -5.247 -6.799 -8.97 -9.29 -9.35 -6.946
3.728232 -2.845 2.353 1.387 -0.316 -3.103 -5.105 -3.22 -0.813 -3.234 -5.223 -6.808 -7.885 -0.59 -3.953 -6.082 -7.206 -7.977 -4.928 -6.251 -7.285 -7.901 -8.36 -6.405 -5.166 -6.718 -8.888 -9.209 -9.269 -6.865
3.84099 -2.764 2.434 1.468 -0.234 -3.021 -5.023 -3.139 -0.731 -3.152 -5.142 -6.727 -7.804 -0.509 -3.872 -6.0 -7.125 -7.896 -4.846 -6.17 -7.204 -7.819 -8.279 -6.323 -5.085 -6.637 -8.807 -9.127 -9.188 -6.783
3.957158 -2.683 2.516 1.55 -0.153 -2.94 -4.942 -3.058 -0.65 -3.071 -5.06 -6.645 -7.722 -0.427 -3.79 -5.919 -7.044 -7.814 -4.765 -6.088 -7.122 -7.738 -8.197 -6.242 -5.004 -6.556 -8.726 -9.046 -9.107 -6.702
4.07684 -2.601 2.597 1.631 -0.071 -2.858 -4.86 -2.976 -0.568 -2.989 -4.979 -6.564 -7.641 -0.346 -3.709 -5.837 -6.962 -7.733 -4.683 -6.007 -7.041 -7.656 -8.115 -6.16 -4.922 -6.474 -8.644 -8.964 -9.025 -6.62
4.200141 -2.519 2.679 1.713 0.01 -2.776 -4.779 -2.894 -0.487 -2.907 -4.897 -6.482 -7.559 -0.264 -3.627 -5.756 -6.88 -7.651 -4.601 -5.925 -6.959 -7.575 -8.034 -6.079 -4.84 -6.392 -8.562 -8.883 -8.943 -6.539
4.327172 -2.437 2.761 1.795 0.092 -2.695 -4.697 -2.812 -0.405 -2.826 -4.815 -6.4 -7.477 -0.182 -3.545 -5.674 -6.798 -7.569 -4.52 -5.843 -6.877 -7.493 -7.952 -5.997 -4.758 -6.31 -8.48 -8.801 -8.861 -6.457
4.458044 -2.355 2.843 1.877 0.174 -2.612 -4.615 -2.73 -0.323 -2.744 -4.733 -6.318 -7.395 -0.1 -3.463 -5.592 -6.716 -7.487 -4.438 -5.761 -6.795 -7.411 -7.87 -5.915 -4.676 -6.228 -8.398 -8.719 -8.779 -6.375
4.592874 -2.273 2.925 1.959 0.257 -2.53 -4.532 -2.648 -0.24 -2.661 -4.651 -6.236 -7.313 -0.018 -3.381 -5.509 -6.634 -7.405 -4.355 -5.679 -6.713 -7.328 -7.788 -5.832 -4.594 -6.146 -8.316 -8.636 -8.697 -6.292
4.731783 -2.191 3.008 2.042 0.339 -2.448 -4.45 -2.566 -0.158 -2.579 -4.569 -6.153 -7.23 0.065 -3.298 -5.427 -6.552 -7.323 -4.273 -5.596 -6.63 -7.246 -7.705 -5.75 -4.512 -6.064 -8.234 -8.554 -8.615 -6.21
4.874892 -2.108 3.09 2.124 0.421 -2.365 -4.368 -2.483 -0.075 -2.496 -4.486 -6.071 -7.148 0.147 -3.216 -5.345 -6.469 -7.24 -4.19 -5.514 -6.548 -7.163 -7.623 -5.668 -4.429 -5.981 -8.151 -8.472 -8.532 -6.128
5.02233 -2.026 3.173 2.207 0.504 -2.283 -4.285 -2.401 0.007 -2.414 -4.403 -5.988 -7.065 0.23 -3.133 -5.262 -6.387 -7.157 -4.108 -5.431 -6.465 -7.081 -7.54 -5.585 -4.347 -5.899 -8.069 -8.389 -8.449 -6.045
5.174227 -1.943 3.255 2.29 0.587 -2.2 -4.202 -2.318 0.09 -2.331 -4.321 -5.905 -6.982 0.313 -3.05 -5.179 -6.304 -7.075 -4.025 -5.348 -6.382 -6.998 -7.457 -5.502 -4.264 -5.816 -7.986 -8.306 -8.367 -5.962
5.330718 -1.86 3.338 2.373 0.67 -2.117 -4.119 -2.235 0.173 -2.248 -4.238 -5.823 -6.899 0.396 -2.967 -5.096 -6.221 -6.992 -3.942 -5.266 -6.299 -6.915 -7.374 -5.419 -4.181 -5.733 -7.903 -8.223 -8.284 -5.879
5.491942 -1.777 3.421 2.456 0.753 -2.034 -4.036 -2.152 0.256 -2.165 -4.155 -5.74 -6.816 0.479 -2.884 -5.013 -6.138 -6.909 -3.859 -5.183 -6.216 -6.832 -7.291 -5.336 -4.098 -5.65 -7.82 -8.14 -8.201 -5.796
5.658042 -1.694 3.505 2.539 0.836 -1.951 -3.953 -2.069 0.339 -2.082 -4.072 -5.656 -6.733 0.562 -2.801 -4.93 -6.055 -6.826 -3.776 -5.099 -6.133 -6.749 -7.208 -5.253 -4.015 -5.567 -7.737 -8.057 -8.118 -5.713
5.829166 -1.611 3.588 2.622 0.919 -1.868 -3.87 -1.985 0.422 -1.999 -3.988 -5.573 -6.65 0.645 -2.718 -4.847 -5.971 -6.742 -3.693 -5.016 -6.05 -6.666 -7.125 -5.17 -3.931 -5.483 -7.653 -7.974 -8.034 -5.63
6.005465 -1.527 3.671 2.705 1.003 -1.784 -3.786 -1.902 0.506 -1.915 -3.905 -5.49 -6.567 0.728 -2.635 -4.763 -5.888 -6.659 -3.609 -4.933 -5.967 -6.582 -7.041 -5.086 -3.848 -5.4 -7.57 -7.89 -7.951 -5.546
6.187096 -1.444 3.755 2.789 1.086 -1.701 -3.703 -1.818 0.589 -1.832 -3.821 -5.406 -6.483 0.812 -2.551 -4.68 -5.804 -6.575 -3.526 -4.849 -5.883 -6.499 -6.958 -5.003 -3.764 -5.316 -7.486 -7.807 -7.867 -5.463
6.37422 -1.36 3.838 2.873 1.17 -1.617 -3.619 -1.735 0.673 -1.748 -3.738 -5.322 -6.399 0.896 -2.467 -4.596 -5.721 -6.492 -3.442 -4.766 -5.799 -6.415 -6.874 -4.919 -3.681 -5.233 -7.403 -7.723 -7.784 -5.379
6.567004 -1.276 3.922 2.956 1.254 -1.533 -3.535 -1.651 0.757 -1.664 -3.654 -5.239 -6.316 0.979 -2.384 -4.512 -5.637 -6.408 -3.358 -4.682 -5.716 -6.331 -6.791 -4.835 -3.597 -5.149 -7.319 -7.639 -7.7 -5.295
6.765619 -1.192 4.006 3.04 1.337 -1.449 -3.452 -1.567 0.841 -1.58 -3.57 -5.155 -6.232 1.063 -2.3 -4.428 -5.553 -6.324 -3.274 -4.598 -5.632 -6.247 -6.707 -4.751 -3.513 -5.065 -7.235 -7.555 -7.616 -5.212
6.97024 -1.108 4.09 3.124 1.421 -1.365 -3.368 -1.483 0.925 -1.496 -3.486 -5.071 -6.148 1.147 -2.216 -4.344 -5.469 -6.24 -3.19 -4.514 -5.548 -6.163 -6.623 -4.667 -3.429 -4.981 -7.151 -7.471 -7.532 -5.128
7.181051 -1.024 4.174 3.208 1.506 -1.281 -3.283 -1.399 1.009 -1.412 -3.402 -4.987 -6.064 1.231 -2.132 -4.26 -5.385 -6.156 -3.106 -4.43 -5.464 -6.079 -6.539 -4.583 -3.345 -4.897 -7.067 -7.387 -7.448 -5.043
7.398237 -0.94 4.258 3.293 1.59 -1.197 -3.199 -1.315 1.093 -1.328 -3.318 -4.902 -5.979 1.316 -2.047 -4.176 -5.301 -6.072 -3.022 -4.346 -5.379 -5.995 -6.454 -4.499 -3.261 -4.813 -6.983 -7.303 -7.364 -4.959
7.621991 -0.856 4.343 3.377 1.674 -1.113 -3.115 -1.23 1.177 -1.244 -3.233 -4.818 -5.895 1.4 -1.963 -4.092 -5.216 -5.987 -2.938 -4.261 -5.295 -5.911 -6.37 -4.415 -3.176 -4.728 -6.899 -7.219 -7.279 -4.875
7.852513 -0.771 4.427 3.461 1.759 -1.028 -3.03 -1.146 1.262 -1.159 -3.149 -4.734 -5.811 1.484 -1.879 -4.007 -5.132 -5.903 -2.853 -4.177 -5.211 -5.826 -6.286 -4.33 -3.092 -4.644 -6.814 -7.134 -7.195 -4.79
8.090007 -0.687 4.512 3.546 1.843 -0.944 -2.946 -1.061 1.346 -1.075 -3.064 -4.649 -5.726 1.569 -1.794 -3.923 -5.048 -5.818 -2.769 -4.092 -5.126 -5.742 -6.201 -4.246 -3.007 -4.56 -6.73 -7.05 -7.11 -4.706
8.334684 -0.602 4.596 3.631 1.928 -0.859 -2.861 -0.977 1.431 -0.99 -2.98 -4.565 -5.641 1.654 -1.709 -3.838 -4.963 -5.734 -2.684 -4.008 -5.041 -5.657 -6.116 -4.161 -2.923 -4.475 -6.645 -6.965 -7.026 -4.621
8.586761 -0.517 4.681 3.715 2.012 -0.774 -2.777 -0.892 1.516 -0.905 -2.895 -4.48 -5.557 1.738 -1.625 -3.753 -4.878 -5.649 -2.599 -3.923 -4.957 -5.572 -6.032 -4.076 -2.838 -4.39 -6.56 -6.88 -6.941 -4.537
8.846461 -0.432 4.766 3.8 2.097 -0.69 -2.692 -0.807 1.6 -0.821 -2.81 -4.395 -5.472 1.823 -1.54 -3.669 -4.793 -5.564 -2.515 -3.838 -4.872 -5.488 -5.947 -3.992 -2.753 -4.305 -6.475 -6.796 -6.856 -4.452
9.114017 -0.348 4.851 3.885 2.182 -0.605 -2.607 -0.722 1.685 -0.736 -2.725 -4.31 -5.387 1.908 -1.455 -3.584 -4.708 -5.479 -2.43 -3.753 -4.787 -5.403 -5.862 -3.907 -2.668 -4.22 -6.39 -6.711 -6.771 -4.367
9.389664 -0.263 4.936 3.97 2.267 -0.52 -2.522 -0.637 1.77 -0.651 -2.64 -4.225 -5.302 1.993 -1.37 -3.499 -4.623 -5.394 -2.345 -3.668 -4.702 -5.318 -5.777 -3.822 -2.583 -4.135 -6.305 -6.626 -6.686 -4.282
9.673648 -0.177 5.021 4.055 2.352 -0.434 -2.437 -0.552 1.855 -0.566 -2.555 -4.14 -5.217 2.078 -1.285 -3.414 -4.538 -5.309 -2.259 -3.583 -4.617 -5.233 -5.692 -3.737 -2.498 -4.05 -6.22 -6.541 -6.601 -4.197
9.966221 -0.092 5.106 4.14 2.438 -0.349 -2.351 -0.467 1.941 -0.48 -2.47 -4.055 -5.132 2.163 -1.2 -3.328 -4.453 -5.224 -2.174 -3.498 -4.532 -5.147 -5.607 -3.651 -2.413 -3.965 -6.135 -6.455 -6.516 -4.111
10.267642 -0.007 5.192 4.226 2.523 -0.264 -2.266 -0.382 2.026 -0.395 -2.385 -3.969 -5.046 2.249 -1.114 -3.243 -4.368 -5.139 -2.089 -3.412 -4.446 -5.062 -5.521 -3.566 -2.328 -3.88 -6.05 -6.37 -6.431 -4.026
10.57818 0.078 5.277 4.311 2.608 -0.179 -2.181 -0.296 2.111 -0.31 -2.299 -3.884 -4.961 2.334 -1.029 -3.158 -4.282 -5.053 -2.004 -3.327 -4.361 -4.977 -5.436 -3.481 -2.242 -3.794 -5.964 -6.285 -6.345 -3.941
10.89811 0.164 5.362 4.397 2.694 -0.093 -2.095 -0.211 2.197 -0.224 -2.214 -3.799 -4.875 2.42 -0.943 -3.072 -4.197 -4.968 -1.918 -3.242 -4.275 -4.891 -5.35 -3.395 -2.157 -3.709 -5.879 -6.199 -6.26 -3.855
11.227716 0.25 5.448 4.482 2.779 -0.008 -2.01 -0.125 2.282 -0.139 -2.128 -3.713 -4.79 2.505 -0.858 -2.987 -4.111 -4.882 -1.833 -3.156 -4.19 -4.806 -5.265 -3.31 -2.071 -3.623 -5.793 -6.114 -6.174 -3.77
11.56729 0.335 5.534 4.568 2.865 0.078 -1.924 -0.04 2.368 -0.053 -2.043 -3.627 -4.704 2.591 -0.772 -2.901 -4.026 -4.797 -1.747 -3.07 -4.104 -4.72 -5.179 -3.224 -1.986 -3.538 -5.708 -6.028 -6.089 -3.684
11.917135 0.421 5.619 4.653 2.951 0.164 -1.838 0.046 2.454 0.033 -1.957 -3.542 -4.618 2.677 -0.687 -2.815 -3.94 -4.711 -1.661 -2.985 -4.019 -4.634 -5.093 -3.138 -1.9 -3.452 -5.622 -5.942 -6.003 -3.598
12.277561 0.507 5.705 4.739 3.036 0.25 -1.753 0.132 2.54 0.119 -1.871 -3.456 -4.533 2.762 -0.601 -2.729 -3.854 -4.625 -1.575 -2.899 -3.933 -4.548 -5.008 -3.052 -1.814 -3.366 -5.536 -5.856 -5.917 -3.513
12.648887 0.593 5.791 4.825 3.122 0.336 -1.667 0.218 2.625 0.204 -1.785 -3.37 -4.447 2.848 -0.515 -2.644 -3.768 -4.539 -1.489 -2.813 -3.847 -4.463 -4.922 -2.967 -1.728 -3.28 -5.45 -5.771 -5.831 -3.427
13.031444 0.679 5.877 4.911 3.208 0.421 -1.581 0.304 2.711 0.29 -1.699 -3.284 -4.361 2.934 -0.429 -2.558 -3.682 -4.453 -1.404 -2.727 -3.761 -4.377 -4.836 -2.881 -1.642 -3.194 -5.364 -5.685 -5.745 -3.341
13.425571 0.765 5.963 4.997 3.294 0.508 -1.495 0.39 2.797 0.377 -1.613 -3.198 -4.275 3.02 -0.343 -2.472 -3.596 -4.367 -1.317 -2.641 -3.675 -4.291 -4.75 -2.795 -1.556 -3.108 -5.278 -5.599 -5.659 -3.255
13.831619 0.851 6.049 5.083 3.38 0.594 -1.409 0.476 2.884 0.463 -1.527 -3.112 -4.189 3.106 -0.257 -2.385 -3.51 -4.281 -1.231 -2.555 -3.589 -4.204 -4.664 -2.708 -1.47 -3.022 -5.192 -5.512 -5.573 -3.169
14.249947 0.937 6.135 5.169 3.467 0.68 -1.322 0.562 2.97 0.549 -1.441 -3.026 -4.102 3.193 -0.171 -2.299 -3.424 -4.195 -1.145 -2.469 -3.503 -4.118 -4.577 -2.622 -1.384 -2.936 -5.106 -5.426 -5.487 -3.082
14.680926 1.023 6.222 5.256 3.553 0.766 -1.236 0.648 3.056 0.635 -1.354 -2.939 -4.016 3.279 -0.084 -2.213 -3.338 -4.108 -1.059 -2.382 -3.416 -4.032 -4.491 -2.536 -1.298 -2.85 -5.02 -5.34 -5.401 -2.996
15.124941 1.11 6.308 5.342 3.639 0.852 -1.15 0.735 3.142 0.721 -1.268 -2.853 -3.93 3.365 0.002 -2.127 -3.251 -4.022 -0.973 -2.296 -3.33 -3.946 -4.405 -2.45 -1.211 -2.763 -4.933 -5.254 -5.314 -2.91
15.582385 1.196 6.394 5.428 3.726 0.939 -1.063 0.821 3.229 0.808 -1.182 -2.767 -3.843 3.452 0.089 -2.04 -3.165 -3.936 -0.886 -2.21 -3.243 -3.859 -4.318 -2.363 -1.125 -2.677 -4.847 -5.167 -5.228 -2.823
16.053663 1.282 6.481 5.515 3.812 1.025 -0.977 0.908 3.315 0.894 -1.095 -2.68 -3.757 3.538 0.175 -1.954 -3.078 -3.849 -0.8 -2.123 -3.157 -3.773 -4.232 -2.277 -1.038 -2.59 -4.76 -5.081 -5.141 -2.737
16.539195 1.369 6.567 5.602 3.899 1.112 -0.89 0.994 3.402 0.981 -1.009 -2.594 -3.67 3.625 0.262 -1.867 -2.992 -3.763 -0.713 -2.037 -3.07 -3.686 -4.145 -2.19 -0.952 -2.504 -4.674 -4.994 -5.055 -2.65
17.039412 1.456 6.654 5.688 3.985 1.199 -0.804 1.081 3.488 1.068 -0.922 -2.507 -3.584 3.711 0.348 -1.781 -2.905 -3.676 -0.626 -1.95 -2.984 -3.6 -4.059 -2.104 -0.865 -2.417 -4.587 -4.908 -4.968 -2.564
17.554757 1.542 6.741 5.775 4.072 1.285 -0.717 1.167 3.575 1.154 -0.835 -2.42 -3.497 3.798 0.435 -1.694 -2.819 -3.589 -0.54 -1.863 -2.897 -3.513 -3.972 -2.017 -0.779 -2.331 -4.501 -4.821 -4.881 -2.477
18.085689 1.629 6.827 5.862 4.159 1.372 -0.63 1.254 3.662 1.241 -0.749 -2.333 -3.41 3.885 0.522 -1.607 -2.732 -3.503 -0.453 -1.777 -2.81 -3.426 -3.885 -1.93 -0.692 -2.244 -4.414 -4.734 -4.795 -2.39
18.632678 1.716 6.914 5.948 4.246 1.459 -0.543 1.341 3.749 1.328 -0.662 -2.247 -3.324 3.971 0.608 -1.52 -2.645 -3.416 -0.366 -1.69 -2.724 -3.339 -3.798 -1.843 -0.605 -2.157 -4.327 -4.647 -4.708 -2.303
19.196211 1.803 7.001 6.035 4.332 1.546 -0.456 1.428 3.836 1.415 -0.575 -2.16 -3.237 4.058 0.695 -1.433 -2.558 -3.329 -0.279 -1.603 -2.637 -3.252 -3.712 -1.756 -0.518 -2.07 -4.24 -4.56 -4.621 -2.217
19.776787 1.89 7.088 6.122 4.419 1.633 -0.37 1.515 3.923 1.502 -0.488 -2.073 -3.15 4.145 0.782 -1.346 -2.471 -3.242 -0.192 -1.516 -2.55 -3.165 -3.625 -1.669 -0.431 -1.983 -4.153 -4.473 -4.534 -2.13
20.374923 1.977 7.175 6.209 4.506 1.72 -0.283 1.602 4.01 1.589 -0.401 -1.986 -3.063 4.232 0.869 -1.259 -2.384 -3.155 -0.105 -1.429 -2.463 -3.078 -3.538 -1.582 -0.344 -1.896 -4.066 -4.386 -4.447 -2.043
20.991149 2.064 7.262 6.296 4.594 1.807 -0.195 1.689 4.097 1.676 -0.314 -1.899 -2.976 4.319 0.956 -1.172 -2.297 -3.068 -0.018 -1.342 -2.376 -2.991 -3.451 -1.495 -0.257 -1.809 -3.979 -4.299 -4.36 -1.955
21.626011 2.151 7.349 6.383 4.681 1.894 -0.108 1.776 4.184 1.763 -0.227 -1.812 -2.888 4.407 1.044 -1.085 -2.21 -2.981 0.069 -1.255 -2.289 -2.904 -3.363 -1.408 -0.17 -1.722 -3.892 -4.212 -4.273 -1.868
22.280075 2.238 7.437 6.471 4.768 1.981 -0.021 1.863 4.271 1.85 -0.14 -1.724 -2.801 4.494 1.131 -0.998 -2.123 -2.894 0.156 -1.167 -2.201 -2.817 -3.276 -1.321 -0.083 -1.635 -3.805 -4.125 -4.186 -1.781
22.953921 2.325 7.524 6.558 4.855 2.068 0.066 1.951 4.358 1.937 -0.052 -1.637 -2.714 4.581 1.218 -0.911 -2.035 -2.806 0.243 -1.08 -2.114 -2.73 -3.189 -1.234 0.005 -1.547 -3.718 -4.038 -4.098 -1.694
23.648147 2.413 7.611 6.645 4.942 2.156 0.153 2.038 4.446 2.025 0.035 -1.55 -2.627 4.668 1.305 -0.823 -1.948 -2.719 0.331 -0.993 -2.027 -2.642 -3.102 -1.146 0.092 -1.46 -3.63 -3.95 -4.011 -1.607
24.363369 2.5 7.699 6.733 5.03 2.243 0.241 2.125 4.533 2.112 0.122 -1.462 -2.539 4.756 1.393 -0.736 -1.861 -2.632 0.418 -0.905 -1.939 -2.555 -3.014 -1.059 0.179 -1.373 -3.543 -3.863 -3.924 -1.519
25.100222 2.587 7.786 6.82 5.117 2.33 0.328 2.213 4.62 2.199 0.21 -1.375 -2.452 4.843 1.48 -0.649 -1.773 -2.544 0.505 -0.818 -1.852 -2.468 -2.927 -0.972 0.267 -1.285 -3.455 -3.776 -3.836 -1.432
25.859362 2.675 7.873 6.908 5.205 2.418 0.416 2.3 4.708 2.287 0.297 -1.288 -2.364 4.931 1.568 -0.561 -1.686 -2.457 0.593 -0.731 -1.764 -2.38 -2.839 -0.884 0.354 -1.198 -3.368 -3.688 -3.749 -1.344
26.64146 2.763 7.961 6.995 5.292 2.505 0.503 2.388 4.795 2.374 0.385 -1.2 -2.277 5.018 1.655 -0.474 -1.598 -2.369 0.68 -0.643 -1.677 -2.293 -2.752 -0.797 0.442 -1.11 -3.28 -3.601 -3.661 -1.257
27.447213 2.85 8.049 7.083 5.38 2.593 0.591 2.475 4.883 2.462 0.472 -1.112 -2.189 5.106 1.743 -0.386 -1.511 -2.282 0.768 -0.555 -1.589 -2.205 -2.664 -0.709 0.529 -1.023 -3.193 -3.513 -3.574 -1.169
28.277335 2.938 8.136 7.17 5.467 2.681 0.678 2.563 4.971 2.55 0.56 -1.025 -2.102 5.193 1.83 -0.298 -1.423 -2.194 0.856 -0.468 -1.502 -2.117 -2.577 -0.621 0.617 -0.935 -3.105 -3.425 -3.486 -1.082
29.132564 3.025 8.224 7.258 5.555 2.768 0.766 2.651 5.058 2.637 0.648 -0.937 -2.014 5.281 1.918 -0.211 -1.335 -2.106 0.943 -0.38 -1.414 -2.03 -2.489 -0.534 0.705 -0.847 -3.017 -3.338 -3.398 -0.994
30.013659 3.113 8.312 7.346 5.643 2.856 0.854 2.738 5.146 2.725 0.736 -0.849 -1.926 5.369 2.006 -0.123 -1.248 -2.018 1.031 -0.292 -1.326 -1.942 -2.401 -0.446 0.792 -0.76 -2.93 -3.25 -3.311 -0.906
30.921401 3.201 8.399 7.434 5.731 2.944 0.942 2.826 5.234 2.813 0.823 -0.762 -1.838 5.457 2.094 -0.035 -1.16 -1.931 1.119 -0.205 -1.238 -1.854 -2.313 -0.358 0.88 -0.672 -2.842 -3.162 -3.223 -0.818
31.856598 3.289 8.487 7.521 5.819 3.032 1.03 2.914 5.322 2.901 0.911 -0.674 -1.751 5.544 2.181 0.053 -1.072 -1.843 1.207 -0.117 -1.151 -1.766 -2.225 -0.27 0.968 -0.584 -2.754 -3.074 -3.135 -0.73
32.820079 3.377 8.575 7.609 5.906 3.12 1.118 3.002 5.41 2.989 0.999 -0.586 -1.663 5.632 2.269 0.141 -0.984 -1.755 1.295 -0.029 -1.063 -1.678 -2.138 -0.182 1.056 -0.496 -2.666 -2.986 -3.047 -0.643
33.8127 3.465 8.663 7.697 5.994 3.208 1.205 3.09 5.498 3.077 1.087 -0.498 -1.575 5.72 2.357 0.229 -0.896 -1.667 1.383 0.059 -0.975 -1.59 -2.05 -0.094 1.144 -0.408 -2.578 -2.898 -2.959 -0.555
34.835342 3.553 8.751 7.785 6.082 3.296 1.293 3.178 5.586 3.165 1.175 -0.41 -1.487 5.808 2.445 0.317 -0.808 -1.579 1.471 0.147 -0.887 -1.502 -1.962 -0.006 1.232 -0.32 -2.49 -2.81 -2.871 -0.467
35.888913 3.641 8.839 7.873 6.17 3.384 1.382 3.266 5.674 3.253 1.263 -0.322 -1.399 5.896 2.533 0.405 -0.72 -1.491 1.559 0.235 -0.799 -1.414 -1.874 0.082 1.32 -0.232 -2.402 -2.722 -2.783 -0.379
36.974349 3.729 8.927 7.961 6.259 3.472 1.47 3.354 5.762 3.341 1.351 -0.234 -1.311 5.984 2.621 0.493 -0.632 -1.403 1.647 0.323 -0.711 -1.326 -1.785 0.17 1.408 -0.144 -2.314 -2.634 -2.695 -0.29
38.092613 3.817 9.015 8.05 6.347 3.56 1.558 3.442 5.85 3.429 1.439 -0.146 -1.222 6.073 2.71 0.581 -0.544 -1.315 1.735 0.411 -0.622 -1.238 -1.697 0.258 1.496 -0.056 -2.226 -2.546 -2.607 -0.202
39.244698 3.905 9.104 8.138 6.435 3.648 1.646 3.53 5.938 3.517 1.528 -0.057 -1.134 6.161 2.798 0.669 -0.456 -1.227 1.823 0.5 -0.534 -1.15 -1.609 0.346 1.584 0.032 -2.138 -2.458 -2.519 -0.114
40.431627 3.993 9.192 8.226 6.523 3.736 1.734 3.619 6.026 3.605 1.616 0.031 -1.046 6.249 2.886 0.757 -0.367 -1.138 1.911 0.588 -0.446 -1.062 -1.521 0.434 1.673 0.121 -2.049 -2.37 -2.43 -0.026
41.654454 4.082 9.28 8.314 6.611 3.825 1.822 3.707 6.115 3.694 1.704 0.119 -0.958 6.337 2.974 0.846 -0.279 -1.05 2.0 0.676 -0.358 -0.973 -1.433 0.523 1.761 0.209 -1.961 -2.281 -2.342 0.062
42.914265 4.17 9.368 8.403 6.7 3.913 1.911 3.795 6.203 3.782 1.792 0.207 -0.869 6.426 3.063 0.934 -0.191 -0.962 2.088 0.764 -0.269 -0.885 -1.344 0.611 1.849 0.297 -1.873 -2.193 -2.254 0.151
44.212178 4.258 9.457 8.491 6.788 4.001 1.999 3.884 6.291 3.87 1.881 0.296 -0.781 6.514 3.151 1.022 -0.102 -0.873 2.176 0.853 -0.181 -0.797 -1.256 0.699 1.938 0.386 -1.785 -2.105 -2.165 0.239
45.549345 4.347 9.545 8.579 6.877 4.09 2.088 3.972 6.38 3.959 1.969 0.384 -0.693 6.602 3.239 1.111 -0.014 -0.785 2.265 0.941 -0.093 -0.708 -1.168 0.788 2.026 0.474 -1.696 -2.016 -2.077 0.328
46.926954 4.435 9.634 8.668 6.965 4.178 2.176 4.06 6.468 4.047 2.058 0.473 -0.604 6.691 3.328 1.199 0.074 -0.696 2.353 1.03 -0.004 -0.62 -1.079 0.876 2.114 0.562 -1.608 -1.928 -1.988 0.416
48.346227 4.524 9.722 8.756 7.053 4.267 2.265 4.149 6.557 4.136 2.146 0.561 -0.516 6.779 3.416 1.288 0.163 -0.608 2.442 1.118 0.084 -0.531 -0.991 0.965 2.203 0.651 -1.519 -1.839 -1.9 0.504
49.808426 4.612 9.811 8.845 7.142 4.355 2.353 4.237 6.645 4.224 2.235 0.65 -0.427 6.868 3.505 1.376 0.251 -0.519 2.53 1.207 0.173 -0.443 -0.902 1.053 2.291 0.739 -1.431 -1.751 -1.811 0.593
51.314848 4.701 9.899 8.933 7.231 4.444 2.442 4.326 6.734 4.313 2.323 0.738 -0.339 6.956 3.593 1.465 0.34 -0.431 2.619 1.295 0.261 -0.354 -0.813 1.142 2.38 0.828 -1.342 -1.662 -1.723 0.682
52.86683 4.789 9.988 9.022 7.319 4.532 2.53 4.415 6.822 4.401 2.412 0.827 -0.25 7.045 3.682 1.553 0.429 -0.342 2.707 1.384 0.35 -0.266 -0.725 1.23 2.469 0.917 -1.253 -1.574 -1.634 0.77
54.465752 4.878 10.077 9.111 7.408 4.621 2.619 4.503 6.911 4.49 2.5 0.916 -0.161 7.134 3.771 1.642 0.517 -0.254 2.796 1.473 0.439 -0.177 -0.636 1.319 2.557 1.005 -1.165 -1.485 -1.546 0.859
56.113031 4.967 10.165 9.199 7.497 4.71 2.708 4.592 7.0 4.579 2.589 1.004 -0.073 7.222 3.859 1.731 0.606 -0.165 2.885 1.561 0.527 -0.088 -0.547 1.408 2.646 1.094 -1.076 -1.396 -1.457 0.948
57.810132 5.056 10.254 9.288 7.585 4.799 2.796 4.681 7.088 4.667 2.678 1.093 0.016 7.311 3.948 1.819 0.695 -0.076 2.974 1.65 0.616 0.0 -0.459 1.496 2.735 1.183 -0.987 -1.308 -1.368 1.036
59.55856 5.144 10.343 9.377 7.674 4.887 2.885 4.77 7.177 4.756 2.767 1.182 0.105 7.4 4.037 1.908 0.784 0.013 3.062 1.739 0.705 0.089 -0.37 1.585 2.824 1.272 -0.899 -1.219 -1.279 1.125
61.359868 5.233 10.432 9.466 7.763 4.976 2.974 4.858 7.266 4.845 2.856 1.271 0.194 7.489 4.126 1.997 0.872 0.102 3.151 1.828 0.794 0.178 -0.281 1.674 2.912 1.36 -0.81 -1.13 -1.191 1.214
63.215655 5.322 10.52 9.555 7.852 5.065 3.063 4.947 7.355 4.934 2.944 1.36 0.283 7.578 4.215 2.086 0.961 0.19 3.24 1.917 0.883 0.267 -0.192 1.763 3.001 1.449 -0.721 -1.041 -1.102 1.303
65.127569 5.411 10.609 9.644 7.941 5.154 3.152 5.036 7.444 5.023 3.033 1.448 0.372 7.667 4.304 2.175 1.05 0.279 3.329 2.005 0.972 0.356 -0.103 1.852 3.09 1.538 -0.632 -0.952 -1.013 1.392
67.097308 5.5 10.698 9.732 8.03 5.243 3.241 5.125 7.533 5.112 3.122 1.537 0.46 7.755 4.392 2.264 1.139 0.368 3.418 2.094 1.06 0.445 -0.014 1.941 3.179 1.627 -0.543 -0.863 -0.924 1.481
69.126621 5.589 10.787 9.821 8.119 5.332 3.33 5.214 7.622 5.201 3.211 1.626 0.549 7.844 4.481 2.353 1.228 0.457 3.507 2.183 1.149 0.534 0.075 2.03 3.268 1.716 -0.454 -0.774 -0.835 1.57
71.217308 5.678 10.876 9.91 8.208 5.421 3.419 5.303 7.711 5.29 3.3 1.715 0.638 7.933 4.57 2.442 1.317 0.546 3.596 2.272 1.238 0.623 0.164 2.119 3.357 1.805 -0.365 -0.685 -0.746 1.659
73.371227 5.767 10.965 9.999 8.297 5.51 3.508 5.392 7.8 5.379 3.389 1.804 0.728 8.022 4.659 2.531 1.406 0.635 3.685 2.361 1.327 0.712 0.253 2.208 3.446 1.894 -0.276 -0.596 -0.657 1.748
75.59029 5.856 11.054 10.089 8.386 5.599 3.597 5.481 7.889 5.468 3.478 1.893 0.817 8.112 4.749 2.62 1.495 0.724 3.774 2.45 1.417 0.801 0.342 2.297 3.535 1.983 -0.187 -0.507 -0.568 1.837
77.876467 5.945 11.144 10.178 8.475 5.688 3.686 5.57 7.978 5.557 3.567 1.983 0.906 8.201 4.838 2.709 1.584 0.813 3.863 2.54 1.506 0.89 0.431 2.386 3.624 2.072 -0.098 -0.418 -0.479 1.926
80.231787 6.034 11.233 10.267 8.564 5.777 3.775 5.659 8.067 5.646 3.657 2.072 0.995 8.29 4.927 2.798 1.673 0.903 3.952 2.629 1.595 0.979 0.52 2.475 3.713 2.161 -0.009 -0.329 -0.39 2.015
82.658343 6.123 11.322 10.356 8.653 5.866 3.864 5.749 8.156 5.735 3.746 2.161 1.084 8.379 5.016 2.887 1.763 0.992 4.041 2.718 1.684 1.068 0.609 2.564 3.803 2.251 0.081 -0.24 -0.3 2.104
85.158288 6.213 11.411 10.445 8.742 5.956 3.953 5.838 8.246 5.825 3.835 2.25 1.173 8.468 5.105 2.976 1.852 1.081 4.131 2.807 1.773 1.157 0.698 2.653 3.892 2.34 0.17 -0.151 -0.211 2.193
87.733843 6.302 11.5 10.534 8.832 6.045 4.043 5.927 8.335 5.914 3.924 2.339 1.262 8.557 5.194 3.066 1.941 1.17 4.22 2.896 1.862 1.247 0.788 2.743 3.981 2.429 0.259 -0.061 -0.122 2.283
90.387293 6.391 11.59 10.624 8.921 6.134 4.132 6.016 8.424 6.003 4.013 2.429 1.352 8.647 5.284 3.155 2.03 1.259 4.309 2.986 1.952 1.336 0.877 2.832 4.07 2.518 0.348 0.028 -0.033 2.372
93.120995 6.48 11.679 10.713 9.01 6.223 4.221 6.106 8.513 6.092 4.103 2.518 1.441 8.736 5.373 3.244 2.12 1.349 4.398 3.075 2.041 1.425 0.966 2.921 4.16 2.608 0.438 0.117 0.057 2.461
95.937376 6.57 11.768 10.802 9.1 6.313 4.311 6.195 8.603 6.182 4.192 2.607 1.53 8.825 5.462 3.334 2.209 1.438 4.488 3.164 2.13 1.515 1.055 3.011 4.249 2.697 0.527 0.207 0.146 2.551
98.838937 6.659 11.858 10.892 9.189 6.402 4.4 6.284 8.692 6.271 4.282 2.697 1.62 8.915 5.552 3.423 2.298 1.527 4.577 3.254 2.22 1.604 1.145 3.1 4.338 2.786 0.616 0.296 0.235 2.64
101.828253 6.749 11.947 10.981 9.278 6.492 4.489 6.374 8.781 6.36 4.371 2.786 1.709 9.004 5.641 3.512 2.388 1.617 4.667 3.343 2.309 1.693 1.234 3.189 4.428 2.876 0.706 0.385 0.325 2.729
104.907979 6.838 12.036 11.071 9.368 6.581 4.579 6.463 8.871 6.45 4.46 2.876 1.799 9.094 5.731 3.602 2.477 1.706 4.756 3.432 2.399 1.783 1.324 3.279 4.517 2.965 0.795 0.475 0.414 2.819
108.080849 6.927 12.126 11.16 9.457 6.67 4.668 6.553 8.96 6.539 4.55 2.965 1.888 9.183 5.82 3.691 2.567 1.796 4.845 3.522 2.488 1.872 1.413 3.368 4.607 3.055 0.885 0.564 0.504 2.908
111.349681 7.017 12.215 11.25 9.547 6.76 4.758 6.642 9.05 6.629 4.639 3.054 1.978 9.273 5.91 3.781 2.656 1.885 4.935 3.611 2.578 1.962 1.503 3.458 4.696 3.144 0.974 0.654 0.593 2.998
114.717376 7.107 12.305 11.339 9.636 6.849 4.847 6.732 9.139 6.718 4.729 3.144 2.067 9.362 5.999 3.87 2.746 1.975 5.024 3.701 2.667 2.051 1.592 3.547 4.786 3.234 1.064 0.743 0.683 3.087
118.186925 7.196 12.395 11.429 9.726 6.939 4.937 6.821 9.229 6.808 4.818 3.234 2.157 9.452 6.089 3.96 2.835 2.064 5.114 3.791 2.757 2.141 1.682 3.637 4.875 3.323 1.153 0.833 0.772 3.177
121.761408 7.286 12.484 11.518 9.815 7.029 5.026 6.911 9.319 6.898 4.908 3.323 2.246 9.541 6.178 4.05 2.925 2.154 5.204 3.88 2.846 2.231 1.771 3.727 4.965 3.413 1.243 0.923 0.862 3.266
125.443999 7.375 12.574 11.608 9.905 7.118 5.116 7.001 9.408 6.987 4.998 3.413 2.336 9.631 6.268 4.139 3.014 2.244 5.293 3.97 2.936 2.32 1.861 3.816 5.055 3.502 1.332 1.012 0.952 3.356
129.237967 7.465 12.663 11.698 9.995 7.208 5.206 7.09 9.498 7.077 5.087 3.502 2.426 9.721 6.358 4.229 3.104 2.333 5.383 4.059 3.026 2.41 1.951 3.906 5.144 3.592 1.422 1.102 1.041 3.446
133.146681 7.555 12.753 11.787 10.084 7.298 5.295 7.18 9.588 7.167 5.177 3.592 2.515 9.81 6.447 4.318 3.194 2.423 5.473 4.149 3.115 2.5 2.04 3.995 5.234 3.682 1.512 1.191 1.131 3.535
137.173612 7.644 12.843 11.877 10.174 7.387 5.385 7.27 9.677 7.256 5.267 3.682 2.605 9.9 6.537 4.408 3.284 2.513 5.562 4.239 3.205 2.589 2.13 4.085 5.324 3.772 1.601 1.281 1.221 3.625
141.322334 7.734 12.933 11.967 10.264 7.477 5.475 7.359 9.767 7.346 5.356 3.772 2.695 9.99 6.627 4.498 3.373 2.602 5.652 4.329 3.295 2.679 2.22 4.175 5.413 3.861 1.691 1.371 1.31 3.715
145.596532 7.824 13.022 12.056 10.354 7.567 5.565 7.449 9.857 7.436 5.446 3.861 2.784 10.079 6.716 4.588 3.463 2.692 5.742 4.418 3.384 2.769 2.31 4.265 5.503 3.951 1.781 1.461 1.4 3.805
150.0 7.914 13.112 12.146 10.443 7.657 5.654 7.539 9.947 7.526 5.536 3.951 2.874 10.169 6.806 4.677 3.553 2.782 5.832 4.508 3.474 2.859 2.399 4.354 5.593 4.041 1.871 1.55 1.49 3.894
