# %ECSV 1.0
# ---
# datatype:
# - {name: time, datatype: float64}
# - {name: swift_uvot_uvw2, datatype: float64}
# - {name: swift_uvot_uvm2, datatype: float64}
# - {name: swift_uvot_uvw1, datatype: float64}
# - {name: swift_uvot_U, datatype: float64}
# - {name: swift_uvot_B, datatype: float64}
# - {name: swift_uvot_V, datatype: float64}
# - {name: swift_uvot_W, datatype: float64}
# - {name: johnson_U, datatype: float64}
# - {name: johnson_B, datatype: float64}
# - {name: johnson_V, datatype: float64}
# - {name: johnson_R, datatype: float64}
# - {name: johnson_I, datatype: float64}
# - {name: sdss_u, datatype: float64}
# - {name: sdss_g, datatype: float64}
# - {name: sdss_r, datatype: float64}
# - {name: sdss_i, datatype: float64}
# - {name: sdss_z, datatype: float64}
# - {name: PS1_g, datatype: float64}
# - {name: PS1_r, datatype: float64}
# - {name: PS1_i, datatype: float64}
# - {name: PS1_z, datatype: float64}
# - {name: PS1_Y, datatype: float64}
# - {name: ukirt_J, datatype: float64}
# - {name: ukirt_H, datatype: float64}
# - {name: ukirt_K, datatype: float64}
# meta: !!omap
# - comment: [E = 4.339649880409358e-06, Eta0 = 8.02, GammaB = 12.0, dL = 0.012188, epsb = 6.760829753919819e-06, epse = 0.1, n = 0.025118864315095822,
#     p = 2.15, theta_obs = 0.29670597283903605, xiN = 1.0, z = 0.0, type = grb, E_kiso = 0.01]
# schema: astropy-2.0
time swift_uvot_uvw2 swift_uvot_uvm2 swift_uvot_uvw1 swift_uvot_U swift_uvot_B swift_uvot_V swift_uvot_W johnson_U johnson_B johnson_V johnson_R johnson_I sdss_u sdss_g sdss_r sdss_i sdss_z PS1_g PS1_r PS1_i PS1_z PS1_Y ukirt_J ukirt_H ukirt_K
0.01 8.011 8.061 7.986 7.793 7.651 7.512 7.872 7.771 7.648 7.506 7.366 7.217 7.776 7.603 7.431 7.311 7.2 7.539 7.397 7.277 7.178 7.01 6.988 6.819 6.628
0.0102 7.987 8.036 7.961 7.768 7.626 7.487 7.847 7.746 7.623 7.482 7.341 7.192 7.751 7.578 7.406 7.286 7.175 7.514 7.372 7.252 7.153 6.985 6.963 6.794 6.603
0.0105 7.962 8.011 7.936 7.743 7.601 7.462 7.823 7.721 7.598 7.457 7.316 7.168 7.726 7.553 7.381 7.261 7.15 7.49 7.347 7.227 7.128 6.96 6.938 6.769 6.579
0.0107 7.937 7.986 7.911 7.718 7.576 7.437 7.798 7.696 7.574 7.432 7.291 7.143 7.701 7.528 7.357 7.236 7.125 7.465 7.322 7.202 7.103 6.935 6.913 6.744 6.554
0.011 7.912 7.961 7.886 7.693 7.551 7.412 7.773 7.671 7.549 7.407 7.266 7.118 7.676 7.504 7.332 7.211 7.1 7.44 7.297 7.177 7.078 6.91 6.888 6.719 6.529
0.0113 7.887 7.936 7.861 7.669 7.526 7.387 7.748 7.646 7.524 7.382 7.241 7.093 7.651 7.479 7.307 7.186 7.075 7.415 7.272 7.152 7.053 6.885 6.863 6.694 6.504
0.0115 7.862 7.911 7.837 7.644 7.501 7.362 7.723 7.621 7.499 7.357 7.216 7.068 7.626 7.454 7.282 7.161 7.05 7.39 7.247 7.128 7.029 6.86 6.839 6.669 6.479
0.0118 7.837 7.887 7.812 7.619 7.476 7.337 7.698 7.596 7.474 7.332 7.192 7.043 7.601 7.429 7.257 7.136 7.026 7.365 7.223 7.103 7.004 6.835 6.814 6.644 6.454
0.0121 7.817 7.866 7.791 7.598 7.456 7.317 7.678 7.576 7.454 7.312 7.171 7.023 7.581 7.409 7.237 7.116 7.005 7.345 7.202 7.082 6.983 6.815 6.793 6.624 6.434
0.0124 7.797 7.846 7.771 7.578 7.436 7.297 7.658 7.556 7.433 7.292 7.151 7.002 7.561 7.388 7.216 7.096 6.985 7.325 7.182 7.062 6.963 6.795 6.773 6.604 6.413
0.0127 7.776 7.826 7.751 7.558 7.416 7.276 7.637 7.536 7.413 7.271 7.131 6.982 7.541 7.368 7.196 7.075 6.965 7.304 7.162 7.042 6.943 6.775 6.753 6.584 6.393
0.013 7.756 7.806 7.731 7.538 7.395 7.256 7.617 7.515 7.393 7.251 7.111 6.962 7.52 7.348 7.176 7.055 6.945 7.284 7.141 7.022 6.923 6.754 6.733 6.563 6.373
0.0133 7.736 7.785 7.71 7.517 7.375 7.236 7.597 7.495 7.373 7.231 7.09 6.942 7.5 7.327 7.156 7.035 6.924 7.264 7.121 7.001 6.902 6.734 6.712 6.543 6.353
0.0136 7.716 7.765 7.69 7.497 7.355 7.216 7.576 7.475 7.352 7.21 7.07 6.921 7.48 7.307 7.135 7.015 6.904 7.243 7.101 6.981 6.882 6.714 6.692 6.523 6.332
0.014 7.695 7.745 7.67 7.477 7.334 7.195 7.556 7.455 7.332 7.19 7.05 6.901 7.46 7.287 7.115 6.994 6.884 7.223 7.081 6.961 6.862 6.694 6.672 6.502 6.312
0.0143 7.675 7.724 7.65 7.457 7.314 7.175 7.536 7.434 7.312 7.17 7.029 6.881 7.439 7.267 7.095 6.974 6.864 7.203 7.06 6.941 6.842 6.673 6.652 6.482 6.292
0.0146 7.655 7.704 7.629 7.436 7.294 7.155 7.516 7.414 7.292 7.15 7.009 6.861 7.419 7.246 7.075 6.954 6.843 7.183 7.04 6.92 6.821 6.653 6.631 6.462 6.272
0.015 7.635 7.685 7.61 7.417 7.274 7.135 7.496 7.394 7.272 7.13 6.99 6.841 7.399 7.227 7.055 6.934 6.824 7.163 7.021 6.901 6.802 6.633 6.612 6.442 6.252
0.0154 7.619 7.669 7.594 7.401 7.259 7.119 7.48 7.379 7.256 7.114 6.974 6.825 7.384 7.211 7.039 6.918 6.808 7.147 7.005 6.885 6.786 6.618 6.596 6.427 6.236
0.0157 7.603 7.653 7.578 7.385 7.243 7.103 7.464 7.363 7.24 7.098 6.958 6.809 7.368 7.195 7.023 6.903 6.792 7.131 6.989 6.869 6.77 6.602 6.58 6.411 6.22
0.0161 7.588 7.637 7.562 7.369 7.227 7.088 7.448 7.347 7.224 7.082 6.942 6.793 7.352 7.179 7.007 6.887 6.776 7.115 6.973 6.853 6.754 6.586 6.564 6.395 6.204
0.0165 7.572 7.621 7.546 7.353 7.211 7.072 7.433 7.331 7.208 7.067 6.926 6.778 7.336 7.163 6.991 6.871 6.76 7.1 6.957 6.837 6.738 6.57 6.548 6.379 6.189
0.0169 7.556 7.605 7.53 7.337 7.195 7.056 7.417 7.315 7.193 7.051 6.91 6.762 7.32 7.147 6.976 6.855 6.744 7.084 6.941 6.821 6.722 6.554 6.532 6.363 6.173
0.0173 7.54 7.589 7.514 7.322 7.179 7.04 7.401 7.299 7.177 7.035 6.894 6.746 7.304 7.132 6.96 6.839 6.728 7.068 6.925 6.805 6.706 6.538 6.516 6.347 6.157
0.0177 7.524 7.573 7.499 7.306 7.163 7.024 7.385 7.283 7.161 7.019 6.878 6.73 7.288 7.116 6.944 6.823 6.713 7.052 6.909 6.79 6.691 6.522 6.501 6.331 6.141
0.0181 7.508 7.558 7.483 7.29 7.147 7.008 7.369 7.267 7.145 7.003 6.863 6.714 7.272 7.1 6.928 6.807 6.697 7.036 6.894 6.774 6.675 6.506 6.485 6.315 6.125
0.0186 7.492 7.542 7.467 7.274 7.131 6.992 7.353 7.251 7.129 6.987 6.847 6.698 7.257 7.084 6.912 6.791 6.681 7.02 6.878 6.758 6.659 6.491 6.469 6.299 6.109
0.019 7.477 7.526 7.451 7.258 7.116 6.977 7.338 7.236 7.114 6.972 6.831 6.683 7.241 7.069 6.897 6.776 6.665 7.005 6.862 6.742 6.643 6.475 6.453 6.284 6.094
0.0195 7.462 7.512 7.437 7.244 7.102 6.963 7.323 7.222 7.099 6.957 6.817 6.668 7.227 7.054 6.882 6.762 6.651 6.99 6.848 6.728 6.629 6.461 6.439 6.27 6.079
0.02 7.448 7.498 7.423 7.23 7.087 6.948 7.309 7.207 7.085 6.943 6.803 6.654 7.212 7.04 6.868 6.747 6.637 6.976 6.834 6.714 6.615 6.446 6.425 6.255 6.065
0.0204 7.434 7.483 7.408 7.215 7.073 6.934 7.295 7.193 7.071 6.929 6.788 6.64 7.198 7.026 6.854 6.733 6.622 6.962 6.819 6.699 6.6 6.432 6.41 6.241 6.051
0.0209 7.419 7.469 7.394 7.201 7.059 6.92 7.28 7.179 7.056 6.914 6.774 6.625 7.184 7.011 6.839 6.719 6.608 6.947 6.805 6.685 6.586 6.418 6.396 6.227 6.036
0.0214 7.405 7.455 7.38 7.187 7.044 6.905 7.266 7.164 7.042 6.9 6.76 6.611 7.169 6.997 6.825 6.704 6.594 6.933 6.791 6.671 6.572 6.403 6.382 6.212 6.022
0.022 7.391 7.44 7.365 7.172 7.03 6.891 7.252 7.15 7.028 6.886 6.745 6.597 7.155 6.982 6.811 6.69 6.579 6.919 6.776 6.656 6.557 6.389 6.367 6.198 6.008
0.0225 7.376 7.426 7.351 7.158 7.016 6.877 7.237 7.136 7.013 6.871 6.731 6.582 7.141 6.968 6.796 6.676 6.565 6.904 6.762 6.642 6.543 6.375 6.353 6.184 5.993
0.023 7.362 7.412 7.337 7.144 7.001 6.862 7.223 7.121 6.999 6.857 6.717 6.568 7.126 6.954 6.782 6.661 6.551 6.89 6.747 6.628 6.529 6.36 6.339 6.169 5.979
0.0236 7.348 7.397 7.322 7.129 6.987 6.848 7.209 7.107 6.985 6.843 6.702 6.554 7.112 6.939 6.768 6.647 6.536 6.876 6.733 6.613 6.514 6.346 6.324 6.155 5.965
0.0242 7.335 7.384 7.309 7.116 6.974 6.835 7.195 7.094 6.971 6.83 6.689 6.54 7.099 6.926 6.754 6.634 6.523 6.863 6.72 6.6 6.501 6.333 6.311 6.142 5.951
0.0247 7.323 7.372 7.297 7.104 6.962 6.823 7.184 7.082 6.96 6.818 6.677 6.529 7.087 6.915 6.743 6.622 6.511 6.851 6.708 6.588 6.489 6.321 6.299 6.13 5.94
0.0253 7.311 7.361 7.286 7.093 6.95 6.811 7.172 7.07 6.948 6.806 6.666 6.517 7.075 6.903 6.731 6.61 6.5 6.839 6.696 6.577 6.478 6.309 6.288 6.118 5.928
0.0259 7.299 7.349 7.274 7.081 6.939 6.799 7.16 7.059 6.936 6.794 6.654 6.505 7.064 6.891 6.719 6.599 6.488 6.827 6.685 6.565 6.466 6.298 6.276 6.107 5.916
0.0266 7.288 7.337 7.262 7.069 6.927 6.788 7.149 7.047 6.924 6.783 6.642 6.494 7.052 6.879 6.707 6.587 6.476 6.816 6.673 6.553 6.454 6.286 6.264 6.095 5.905
0.0272 7.276 7.325 7.25 7.058 6.915 6.776 7.137 7.035 6.913 6.771 6.63 6.482 7.04 6.868 6.696 6.575 6.464 6.804 6.661 6.541 6.442 6.274 6.252 6.083 5.893
0.0279 7.264 7.314 7.239 7.046 6.903 6.764 7.125 7.023 6.901 6.759 6.619 6.47 7.028 6.856 6.684 6.563 6.453 6.792 6.65 6.53 6.431 6.262 6.241 6.071 5.881
0.0285 7.252 7.302 7.227 7.034 6.892 6.753 7.113 7.012 6.889 6.747 6.607 6.458 7.017 6.844 6.672 6.552 6.441 6.78 6.638 6.518 6.419 6.251 6.229 6.06 5.869
0.0292 7.241 7.29 7.215 7.022 6.88 6.741 7.102 7.0 6.878 6.736 6.595 6.447 7.005 6.832 6.661 6.54 6.429 6.769 6.626 6.506 6.407 6.239 6.217 6.048 5.858
0.0299 7.229 7.278 7.204 7.011 6.868 6.729 7.09 6.988 6.866 6.724 6.583 6.435 6.993 6.821 6.649 6.528 6.417 6.757 6.614 6.495 6.395 6.227 6.206 6.036 5.846
0.0307 7.216 7.266 7.191 6.998 6.856 6.717 7.077 6.976 6.853 6.711 6.571 6.422 6.981 6.808 6.636 6.516 6.405 6.744 6.602 6.482 6.383 6.215 6.193 6.024 5.833
0.0314 7.203 7.253 7.178 6.985 6.843 6.703 7.064 6.963 6.84 6.698 6.558 6.409 6.968 6.795 6.623 6.503 6.392 6.731 6.589 6.469 6.37 6.202 6.18 6.011 5.82
0.0322 7.19 7.24 7.165 6.972 6.83 6.69 7.051 6.95 6.827 6.685 6.545 6.396 6.955 6.782 6.61 6.489 6.379 6.718 6.576 6.456 6.357 6.189 6.167 5.998 5.807
0.0329 7.177 7.227 7.152 6.959 6.816 6.677 7.038 6.937 6.814 6.672 6.532 6.383 6.942 6.769 6.597 6.476 6.366 6.705 6.563 6.443 6.344 6.176 6.154 5.984 5.794
0.0337 7.164 7.214 7.139 6.946 6.803 6.664 7.025 6.923 6.801 6.659 6.519 6.37 6.928 6.756 6.584 6.463 6.353 6.692 6.55 6.43 6.331 6.162 6.141 5.971 5.781
0.0345 7.151 7.201 7.126 6.933 6.79 6.651 7.012 6.91 6.788 6.646 6.506 6.357 6.915 6.743 6.571 6.45 6.34 6.679 6.536 6.417 6.318 6.149 6.128 5.958 5.768
0.0354 7.138 7.187 7.113 6.92 6.777 6.638 6.999 6.897 6.775 6.633 6.493 6.344 6.902 6.73 6.558 6.437 6.327 6.666 6.523 6.404 6.305 6.136 6.115 5.945 5.755
0.0362 7.125 7.174 7.1 6.907 6.764 6.625 6.986 6.884 6.762 6.62 6.479 6.331 6.889 6.717 6.545 6.424 6.313 6.653 6.51 6.391 6.292 6.123 6.102 5.932 5.742
0.0371 7.112 7.161 7.087 6.894 6.751 6.612 6.973 6.871 6.749 6.607 6.466 6.318 6.876 6.704 6.532 6.411 6.3 6.64 6.497 6.377 6.278 6.11 6.088 5.919 5.729
0.038 7.099 7.148 7.073 6.88 6.738 6.599 6.96 6.858 6.736 6.594 6.453 6.305 6.863 6.691 6.519 6.398 6.287 6.627 6.484 6.364 6.265 6.097 6.075 5.906 5.716
0.0389 7.083 7.133 7.058 6.865 6.722 6.583 6.944 6.842 6.72 6.578 6.438 6.289 6.847 6.675 6.503 6.382 6.272 6.611 6.469 6.349 6.25 6.081 6.06 5.89 5.7
0.0398 7.067 7.116 7.041 6.848 6.706 6.567 6.927 6.826 6.703 6.562 6.421 6.272 6.831 6.658 6.486 6.366 6.255 6.595 6.452 6.332 6.233 6.065 6.043 5.874 5.683
0.0408 7.05 7.099 7.025 6.832 6.689 6.55 6.911 6.809 6.687 6.545 6.404 6.256 6.814 6.642 6.47 6.349 6.238 6.578 6.435 6.316 6.216 6.048 6.027 5.857 5.667
0.0418 7.033 7.083 7.008 6.815 6.673 6.533 6.894 6.793 6.67 6.528 6.388 6.239 6.798 6.625 6.453 6.332 6.222 6.561 6.419 6.299 6.2 6.032 6.01 5.841 5.65
0.0428 7.017 7.066 6.991 6.798 6.656 6.517 6.878 6.776 6.654 6.512 6.371 6.223 6.781 6.608 6.437 6.316 6.205 6.545 6.402 6.282 6.183 6.015 5.993 5.824 5.634
0.0438 7.0 7.05 6.975 6.782 6.639 6.5 6.861 6.759 6.637 6.495 6.355 6.206 6.764 6.592 6.42 6.299 6.189 6.528 6.385 6.266 6.167 5.998 5.977 5.807 5.617
0.0449 6.983 7.033 6.958 6.765 6.623 6.484 6.844 6.743 6.62 6.478 6.338 6.189 6.748 6.575 6.403 6.283 6.172 6.511 6.369 6.249 6.15 5.982 5.96 5.791 5.6
0.046 6.967 7.016 6.941 6.748 6.606 6.467 6.828 6.726 6.604 6.462 6.321 6.173 6.731 6.559 6.387 6.266 6.155 6.495 6.352 6.232 6.133 5.965 5.943 5.774 5.584
0.0471 6.95 7.0 6.925 6.732 6.589 6.45 6.811 6.709 6.587 6.445 6.305 6.156 6.715 6.542 6.37 6.249 6.139 6.478 6.336 6.216 6.117 5.949 5.927 5.757 5.567
0.0482 6.934 6.983 6.908 6.715 6.573 6.434 6.795 6.693 6.57 6.429 6.288 6.14 6.698 6.525 6.353 6.233 6.122 6.462 6.319 6.199 6.1 5.932 5.91 5.741 5.551
0.0494 6.92 6.969 6.894 6.701 6.559 6.42 6.781 6.679 6.557 6.415 6.274 6.126 6.684 6.512 6.34 6.219 6.108 6.448 6.305 6.185 6.086 5.918 5.896 5.727 5.537
0.0506 6.906 6.956 6.881 6.688 6.546 6.407 6.767 6.666 6.543 6.401 6.261 6.112 6.671 6.498 6.326 6.206 6.095 6.434 6.292 6.172 6.073 5.905 5.883 5.714 5.523
0.0518 6.893 6.943 6.868 6.675 6.532 6.393 6.754 6.652 6.53 6.388 6.248 6.099 6.657 6.485 6.313 6.192 6.082 6.421 6.278 6.159 6.06 5.891 5.87 5.7 5.51
0.053 6.88 6.929 6.854 6.661 6.519 6.38 6.741 6.639 6.517 6.375 6.234 6.086 6.644 6.471 6.3 6.179 6.068 6.408 6.265 6.145 6.046 5.878 5.856 5.687 5.497
0.0543 6.866 6.916 6.841 6.648 6.506 6.366 6.727 6.626 6.503 6.361 6.221 6.072 6.631 6.458 6.286 6.165 6.055 6.394 6.252 6.132 6.033 5.865 5.843 5.674 5.483
0.0556 6.853 6.902 6.828 6.635 6.492 6.353 6.714 6.612 6.49 6.348 6.207 6.059 6.617 6.445 6.273 6.152 6.041 6.381 6.238 6.119 6.019 5.851 5.83 5.66 5.47
0.057 6.84 6.889 6.814 6.621 6.479 6.34 6.7 6.599 6.476 6.335 6.194 6.045 6.604 6.431 6.259 6.139 6.028 6.368 6.225 6.105 6.006 5.838 5.816 5.647 5.456
0.0584 6.826 6.876 6.801 6.608 6.465 6.326 6.687 6.585 6.463 6.321 6.181 6.032 6.59 6.418 6.246 6.125 6.015 6.354 6.212 6.092 5.993 5.824 5.803 5.633 5.443
0.0598 6.813 6.862 6.787 6.594 6.452 6.313 6.674 6.572 6.45 6.308 6.167 6.019 6.577 6.405 6.233 6.112 6.001 6.341 6.198 6.078 5.979 5.811 5.789 5.62 5.43
0.0612 6.799 6.849 6.774 6.581 6.439 6.3 6.66 6.559 6.436 6.294 6.154 6.005 6.564 6.391 6.219 6.099 5.988 6.327 6.185 6.065 5.966 5.798 5.776 5.607 5.416
0.0627 6.783 6.833 6.758 6.565 6.423 6.283 6.644 6.543 6.42 6.278 6.138 5.989 6.548 6.375 6.203 6.082 5.972 6.311 6.169 6.049 5.95 5.782 5.76 5.591 5.4
0.0642 6.767 6.817 6.742 6.549 6.406 6.267 6.628 6.526 6.404 6.262 6.122 5.973 6.532 6.359 6.187 6.066 5.956 6.295 6.153 6.033 5.934 5.765 5.744 5.574 5.384
0.0657 6.751 6.801 6.726 6.533 6.39 6.251 6.612 6.51 6.388 6.246 6.106 5.957 6.515 6.343 6.171 6.05 5.94 6.279 6.137 6.017 5.918 5.749 5.728 5.558 5.368
0.0673 6.735 6.784 6.71 6.517 6.374 6.235 6.596 6.494 6.372 6.23 6.089 5.941 6.499 6.327 6.155 6.034 5.924 6.263 6.12 6.001 5.902 5.733 5.712 5.542 5.352
0.0689 6.719 6.768 6.694 6.501 6.358 6.219 6.58 6.478 6.356 6.214 6.073 5.925 6.483 6.311 6.139 6.018 5.907 6.247 6.104 5.984 5.885 5.717 5.695 5.526 5.336
0.0706 6.703 6.752 6.677 6.484 6.342 6.203 6.564 6.462 6.34 6.198 6.057 5.909 6.467 6.295 6.123 6.002 5.891 6.231 6.088 5.968 5.869 5.701 5.679 5.51 5.32
0.0723 6.687 6.736 6.661 6.468 6.326 6.187 6.548 6.446 6.324 6.182 6.041 5.893 6.451 6.278 6.107 5.986 5.875 6.215 6.072 5.952 5.853 5.685 5.663 5.494 5.304
0.0741 6.671 6.72 6.645 6.452 6.31 6.171 6.532 6.43 6.307 6.166 6.025 5.877 6.435 6.262 6.09 5.97 5.859 6.199 6.056 5.936 5.837 5.669 5.647 5.478 5.288
0.0758 6.655 6.704 6.629 6.436 6.294 6.155 6.515 6.414 6.291 6.149 6.009 5.86 6.419 6.246 6.074 5.954 5.843 6.182 6.04 5.92 5.821 5.653 5.631 5.462 5.271
0.0777 6.639 6.688 6.614 6.421 6.278 6.139 6.5 6.398 6.276 6.134 5.993 5.845 6.403 6.231 6.059 5.938 5.828 6.167 6.024 5.905 5.806 5.637 5.616 5.446 5.256
0.0795 6.626 6.676 6.601 6.408 6.266 6.127 6.487 6.386 6.263 6.121 5.981 5.832 6.391 6.218 6.046 5.926 5.815 6.154 6.012 5.892 5.793 5.625 5.603 5.434 5.243
0.0815 6.614 6.663 6.589 6.396 6.253 6.114 6.475 6.373 6.251 6.109 5.968 5.82 6.378 6.206 6.034 5.913 5.802 6.142 5.999 5.88 5.78 5.612 5.591 5.421 5.231
0.0834 6.601 6.651 6.576 6.383 6.241 6.102 6.462 6.361 6.238 6.096 5.956 5.807 6.366 6.193 6.021 5.901 5.79 6.129 5.987 5.867 5.768 5.6 5.578 5.409 5.218
0.0854 6.589 6.638 6.564 6.371 6.228 6.089 6.45 6.348 6.226 6.084 5.943 5.795 6.353 6.181 6.009 5.888 5.777 6.117 5.974 5.854 5.755 5.587 5.565 5.396 5.206
0.0875 6.576 6.626 6.551 6.358 6.216 6.077 6.437 6.336 6.213 6.071 5.931 5.782 6.341 6.168 5.996 5.876 5.765 6.104 5.962 5.842 5.743 5.575 5.553 5.384 5.193
0.0896 6.564 6.613 6.538 6.346 6.203 6.064 6.425 6.323 6.201 6.059 5.918 5.77 6.328 6.156 5.984 5.863 5.752 6.092 5.949 5.829 5.73 5.562 5.54 5.371 5.181
0.0918 6.551 6.601 6.526 6.333 6.191 6.051 6.412 6.311 6.188 6.046 5.906 5.757 6.316 6.143 5.971 5.851 5.74 6.079 5.937 5.817 5.718 5.55 5.528 5.359 5.168
0.094 6.539 6.588 6.513 6.32 6.178 6.039 6.4 6.298 6.176 6.034 5.893 5.745 6.303 6.131 5.959 5.838 5.727 6.067 5.924 5.804 5.705 5.537 5.515 5.346 5.156
0.0963 6.526 6.576 6.501 6.308 6.166 6.026 6.387 6.286 6.163 6.021 5.881 5.732 6.291 6.118 5.946 5.825 5.715 6.054 5.912 5.792 5.693 5.525 5.503 5.334 5.143
0.0986 6.515 6.565 6.49 6.297 6.155 6.016 6.376 6.275 6.152 6.01 5.87 5.721 6.28 6.107 5.935 5.815 5.704 6.043 5.901 5.781 5.682 5.514 5.492 5.323 5.132
0.101 6.508 6.558 6.483 6.29 6.147 6.008 6.369 6.267 6.145 6.003 5.863 5.714 6.272 6.1 5.928 5.807 5.697 6.036 5.894 5.774 5.675 5.506 5.485 5.315 5.125
0.1034 6.501 6.55 6.476 6.283 6.14 6.001 6.362 6.26 6.138 5.996 5.855 5.707 6.265 6.093 5.921 5.8 5.689 6.029 5.886 5.767 5.668 5.499 5.478 5.308 5.118
0.1059 6.494 6.543 6.468 6.275 6.133 5.994 6.355 6.253 6.131 5.989 5.848 5.7 6.258 6.085 5.914 5.793 5.682 6.022 5.879 5.759 5.66 5.492 5.47 5.301 5.111
0.1084 6.487 6.536 6.461 6.268 6.126 5.987 6.347 6.246 6.123 5.981 5.841 5.692 6.251 6.078 5.906 5.786 5.675 6.014 5.872 5.752 5.653 5.485 5.463 5.294 5.103
0.1111 6.479 6.529 6.454 6.261 6.119 5.979 6.34 6.239 6.116 5.974 5.834 5.685 6.244 6.071 5.899 5.778 5.668 6.007 5.865 5.745 5.646 5.478 5.456 5.287 5.096
0.1137 6.472 6.522 6.447 6.254 6.111 5.972 6.333 6.231 6.109 5.967 5.827 5.678 6.236 6.064 5.892 5.771 5.661 6.0 5.858 5.738 5.639 5.47 5.449 5.279 5.089
0.1165 6.465 6.514 6.44 6.247 6.104 5.965 6.326 6.224 6.102 5.96 5.819 5.671 6.229 6.057 5.885 5.764 5.653 5.993 5.85 5.73 5.631 5.463 5.441 5.272 5.082
0.1193 6.458 6.507 6.432 6.239 6.097 5.958 6.319 6.217 6.095 5.953 5.812 5.664 6.222 6.049 5.878 5.757 5.646 5.986 5.843 5.723 5.624 5.456 5.434 5.265 5.075
0.1222 6.45 6.5 6.425 6.232 6.09 5.951 6.311 6.21 6.087 5.945 5.805 5.656 6.215 6.042 5.87 5.75 5.639 5.978 5.836 5.716 5.617 5.449 5.427 5.258 5.067
0.1251 6.441 6.49 6.416 6.223 6.08 5.941 6.302 6.2 6.078 5.936 5.796 5.647 6.205 6.033 5.861 5.74 5.63 5.969 5.826 5.707 5.608 5.439 5.418 5.248 5.058
0.1281 6.429 6.478 6.403 6.21 6.068 5.929 6.29 6.188 6.066 5.924 5.783 5.635 6.193 6.02 5.849 5.728 5.617 5.957 5.814 5.694 5.595 5.427 5.405 5.236 5.046
0.1312 6.417 6.466 6.391 6.198 6.056 5.917 6.277 6.176 6.053 5.911 5.771 5.622 6.181 6.008 5.836 5.716 5.605 5.944 5.802 5.682 5.583 5.415 5.393 5.224 5.033
0.1344 6.404 6.454 6.379 6.186 6.044 5.904 6.265 6.164 6.041 5.899 5.759 5.61 6.169 5.996 5.824 5.703 5.593 5.932 5.79 5.67 5.571 5.403 5.381 5.212 5.021
0.1376 6.392 6.441 6.367 6.174 6.031 5.892 6.253 6.151 6.029 5.887 5.747 5.598 6.156 5.984 5.812 5.691 5.581 5.92 5.777 5.658 5.559 5.39 5.369 5.199 5.009
0.141 6.38 6.429 6.354 6.161 6.019 5.88 6.241 6.139 6.017 5.875 5.734 5.586 6.144 5.972 5.8 5.679 5.568 5.908 5.765 5.645 5.546 5.378 5.356 5.187 4.997
0.1444 6.368 6.417 6.342 6.149 6.007 5.868 6.228 6.127 6.004 5.863 5.722 5.573 6.132 5.959 5.787 5.667 5.556 5.896 5.753 5.633 5.534 5.366 5.344 5.175 4.984
0.1478 6.355 6.405 6.33 6.137 5.995 5.855 6.216 6.115 5.992 5.85 5.71 5.561 6.12 5.947 5.775 5.654 5.544 5.883 5.741 5.621 5.522 5.354 5.332 5.163 4.972
0.1514 6.343 6.393 6.318 6.125 5.982 5.843 6.204 6.102 5.98 5.838 5.698 5.549 6.107 5.935 5.763 5.642 5.532 5.871 5.728 5.609 5.51 5.341 5.32 5.15 4.96
0.1551 6.331 6.38 6.305 6.112 5.97 5.831 6.192 6.09 5.968 5.826 5.685 5.537 6.095 5.923 5.751 5.63 5.519 5.859 5.716 5.596 5.497 5.329 5.307 5.138 4.948
0.1588 6.322 6.371 6.296 6.103 5.961 5.822 6.182 6.081 5.958 5.817 5.676 5.527 6.086 5.913 5.741 5.621 5.51 5.85 5.707 5.587 5.488 5.32 5.298 5.129 4.938
0.1626 6.314 6.364 6.289 6.096 5.954 5.815 6.175 6.074 5.951 5.809 5.669 5.52 6.079 5.906 5.734 5.614 5.503 5.842 5.7 5.58 5.481 5.313 5.291 5.122 4.931
0.1666 6.307 6.357 6.282 6.089 5.947 5.807 6.168 6.067 5.944 5.802 5.662 5.513 6.072 5.899 5.727 5.606 5.496 5.835 5.693 5.573 5.474 5.306 5.284 5.115 4.924
0.1706 6.3 6.35 6.275 6.082 5.939 5.8 6.161 6.059 5.937 5.795 5.655 5.506 6.064 5.892 5.72 5.599 5.489 5.828 5.686 5.566 5.467 5.298 5.277 5.107 4.917
0.1747 6.293 6.343 6.268 6.075 5.932 5.793 6.154 6.052 5.93 5.788 5.648 5.499 6.057 5.885 5.713 5.592 5.482 5.821 5.678 5.559 5.46 5.291 5.27 5.1 4.91
0.1789 6.286 6.335 6.261 6.068 5.925 5.786 6.147 6.045 5.923 5.781 5.64 5.492 6.05 5.878 5.706 5.585 5.474 5.814 5.671 5.552 5.452 5.284 5.263 5.093 4.903
0.1832 6.279 6.328 6.253 6.06 5.918 5.779 6.14 6.038 5.916 5.774 5.633 5.485 6.043 5.871 5.699 5.578 5.467 5.807 5.664 5.544 5.445 5.277 5.255 5.086 4.896
0.1876 6.272 6.321 6.246 6.053 5.911 5.772 6.133 6.031 5.909 5.767 5.626 5.478 6.036 5.863 5.692 5.571 5.46 5.8 5.657 5.537 5.438 5.27 5.248 5.079 4.889
0.1922 6.265 6.314 6.239 6.046 5.904 5.765 6.125 6.024 5.901 5.76 5.619 5.47 6.029 5.856 5.684 5.564 5.453 5.793 5.65 5.53 5.431 5.263 5.241 5.072 4.881
0.1968 6.257 6.307 6.232 6.039 5.897 5.758 6.118 6.017 5.894 5.752 5.612 5.463 6.022 5.849 5.677 5.557 5.446 5.785 5.643 5.523 5.424 5.256 5.234 5.065 4.874
0.2015 6.254 6.303 6.228 6.035 5.893 5.754 6.115 6.013 5.89 5.749 5.608 5.46 6.018 5.845 5.674 5.553 5.442 5.782 5.639 5.519 5.42 5.252 5.23 5.061 4.871
0.2064 6.251 6.301 6.226 6.033 5.89 5.751 6.112 6.01 5.888 5.746 5.606 5.457 6.015 5.843 5.671 5.55 5.44 5.779 5.636 5.517 5.418 5.249 5.228 5.058 4.868
0.2114 6.249 6.298 6.223 6.03 5.888 5.749 6.109 6.008 5.885 5.744 5.603 5.454 6.013 5.84 5.668 5.548 5.437 5.777 5.634 5.514 5.415 5.247 5.225 5.056 4.865
0.2165 6.246 6.295 6.221 6.028 5.885 5.746 6.107 6.005 5.883 5.741 5.6 5.452 6.01 5.838 5.666 5.545 5.435 5.774 5.631 5.512 5.413 5.244 5.223 5.053 4.863
0.2217 6.243 6.293 6.218 6.025 5.883 5.744 6.104 6.003 5.88 5.738 5.598 5.449 6.008 5.835 5.663 5.543 5.432 5.771 5.629 5.509 5.41 5.242 5.22 5.051 4.86
0.2271 6.241 6.29 6.215 6.023 5.88 5.741 6.102 6.0 5.878 5.736 5.595 5.447 6.005 5.833 5.661 5.54 5.429 5.769 5.626 5.506 5.407 5.239 5.217 5.048 4.858
0.2325 6.238 6.288 6.213 6.02 5.878 5.738 6.099 5.998 5.875 5.733 5.593 5.444 6.003 5.83 5.658 5.538 5.427 5.766 5.624 5.504 5.405 5.237 5.215 5.046 4.855
0.2381 6.236 6.285 6.21 6.017 5.875 5.736 6.097 5.995 5.873 5.731 5.59 5.442 6.0 5.828 5.656 5.535 5.424 5.764 5.621 5.501 5.402 5.234 5.212 5.043 4.853
0.2439 6.233 6.283 6.208 6.015 5.872 5.733 6.094 5.993 5.87 5.728 5.588 5.439 5.998 5.825 5.653 5.532 5.422 5.761 5.619 5.499 5.4 5.232 5.21 5.04 4.85
0.2498 6.231 6.28 6.205 6.012 5.87 5.731 6.092 5.99 5.868 5.726 5.585 5.437 5.995 5.822 5.651 5.53 5.419 5.759 5.616 5.496 5.397 5.229 5.207 5.038 4.848
0.2558 6.204 6.254 6.179 5.986 5.844 5.704 6.065 5.964 5.841 5.699 5.559 5.41 5.969 5.796 5.624 5.503 5.393 5.732 5.59 5.47 5.371 5.203 5.181 5.012 4.821
0.262 6.174 6.224 6.149 5.956 5.814 5.674 6.035 5.934 5.811 5.669 5.529 5.38 5.939 5.766 5.594 5.473 5.363 5.702 5.56 5.44 5.341 5.173 5.151 4.982 4.791
0.2683 6.144 6.194 6.119 5.926 5.784 5.644 6.005 5.904 5.781 5.639 5.499 5.35 5.909 5.736 5.564 5.444 5.333 5.672 5.53 5.41 5.311 5.143 5.121 4.952 4.761
0.2748 6.114 6.164 6.089 5.896 5.754 5.615 5.975 5.874 5.751 5.609 5.469 5.32 5.879 5.706 5.534 5.414 5.303 5.642 5.5 5.38 5.281 5.113 5.091 4.922 4.731
0.2814 6.084 6.134 6.059 5.866 5.724 5.585 5.945 5.844 5.721 5.579 5.439 5.29 5.849 5.676 5.504 5.384 5.273 5.612 5.47 5.35 5.251 5.083 5.061 4.892 4.701
0.2882 6.055 6.104 6.029 5.836 5.694 5.555 5.915 5.814 5.691 5.549 5.409 5.26 5.819 5.646 5.474 5.354 5.243 5.582 5.44 5.32 5.221 5.053 5.031 4.862 4.671
0.2951 6.025 6.074 5.999 5.806 5.664 5.525 5.885 5.784 5.661 5.52 5.379 5.23 5.789 5.616 5.444 5.324 5.213 5.553 5.41 5.29 5.191 5.023 5.001 4.832 4.641
0.3022 5.995 6.044 5.969 5.776 5.634 5.495 5.856 5.754 5.631 5.49 5.349 5.201 5.759 5.586 5.414 5.294 5.183 5.523 5.38 5.26 5.161 4.993 4.971 4.802 4.612
0.3095 5.965 6.014 5.939 5.746 5.604 5.465 5.826 5.724 5.602 5.46 5.319 5.171 5.729 5.556 5.385 5.264 5.153 5.493 5.35 5.23 5.131 4.963 4.941 4.772 4.582
0.317 5.935 5.985 5.91 5.717 5.574 5.435 5.796 5.694 5.572 5.43 5.29 5.141 5.699 5.527 5.355 5.234 5.124 5.463 5.321 5.201 5.102 4.933 4.912 4.742 4.552
0.3247 5.936 5.985 5.91 5.717 5.575 5.436 5.797 5.695 5.573 5.431 5.29 5.142 5.7 5.527 5.356 5.235 5.124 5.464 5.321 5.201 5.102 4.934 4.912 4.743 4.553
0.3325 5.936 5.986 5.911 5.718 5.575 5.436 5.797 5.696 5.573 5.431 5.291 5.142 5.701 5.528 5.356 5.235 5.125 5.464 5.322 5.202 5.103 4.935 4.913 4.743 4.553
0.3405 5.937 5.986 5.911 5.718 5.576 5.437 5.798 5.696 5.574 5.432 5.291 5.143 5.701 5.528 5.357 5.236 5.125 5.465 5.322 5.202 5.103 4.935 4.913 4.744 4.554
0.3487 5.937 5.987 5.912 5.719 5.577 5.437 5.798 5.697 5.574 5.432 5.292 5.143 5.702 5.529 5.357 5.236 5.126 5.465 5.323 5.203 5.104 4.936 4.914 4.745 4.554
0.3571 5.938 5.987 5.912 5.72 5.577 5.438 5.799 5.697 5.575 5.433 5.292 5.144 5.702 5.53 5.358 5.237 5.126 5.466 5.323 5.203 5.104 4.936 4.914 4.745 4.555
0.3657 5.938 5.988 5.913 5.72 5.578 5.439 5.799 5.698 5.575 5.433 5.293 5.144 5.703 5.53 5.358 5.238 5.127 5.466 5.324 5.204 5.105 4.937 4.915 4.746 4.555
0.3746 5.939 5.988 5.914 5.721 5.578 5.439 5.8 5.698 5.576 5.434 5.293 5.145 5.703 5.531 5.359 5.238 5.127 5.467 5.324 5.205 5.105 4.937 4.916 4.746 4.556
0.3836 5.939 5.989 5.914 5.721 5.579 5.44 5.8 5.699 5.576 5.434 5.294 5.145 5.704 5.531 5.359 5.239 5.128 5.467 5.325 5.205 5.106 4.938 4.916 4.747 4.556
0.3929 5.94 5.989 5.915 5.722 5.579 5.44 5.801 5.699 5.577 5.435 5.295 5.146 5.704 5.532 5.36 5.239 5.129 5.468 5.325 5.206 5.107 4.938 4.917 4.747 4.557
0.4023 5.941 5.99 5.915 5.723 5.58 5.441 5.802 5.7 5.578 5.436 5.295 5.147 5.705 5.533 5.361 5.24 5.129 5.469 5.326 5.206 5.107 4.939 4.917 4.748 4.558
0.412 5.943 5.993 5.918 5.725 5.582 5.443 5.804 5.702 5.58 5.438 5.298 5.149 5.707 5.535 5.363 5.242 5.132 5.471 5.329 5.209 5.11 4.941 4.92 4.75 4.56
0.422 5.946 5.995 5.92 5.727 5.585 5.446 5.806 5.705 5.582 5.441 5.3 5.151 5.71 5.537 5.365 5.245 5.134 5.474 5.331 5.211 5.112 4.944 4.922 4.753 4.562
0.4322 5.948 5.997 5.922 5.73 5.587 5.448 5.809 5.707 5.585 5.443 5.302 5.154 5.712 5.54 5.368 5.247 5.136 5.476 5.333 5.213 5.114 4.946 4.924 4.755 4.565
0.4426 5.95 6.0 5.925 5.732 5.589 5.45 5.811 5.709 5.587 5.445 5.305 5.156 5.715 5.542 5.37 5.249 5.139 5.478 5.336 5.216 5.117 4.949 4.927 4.757 4.567
0.4533 5.953 6.002 5.927 5.734 5.592 5.453 5.813 5.712 5.589 5.448 5.307 5.158 5.717 5.544 5.372 5.252 5.141 5.481 5.338 5.218 5.119 4.951 4.929 4.76 4.569
0.4642 5.955 6.004 5.93 5.737 5.594 5.455 5.816 5.714 5.592 5.45 5.309 5.161 5.719 5.547 5.375 5.254 5.143 5.483 5.34 5.22 5.121 4.953 4.931 4.762 4.572
0.4754 5.957 6.007 5.932 5.739 5.596 5.457 5.818 5.717 5.594 5.452 5.312 5.163 5.722 5.549 5.377 5.256 5.146 5.485 5.343 5.223 5.124 4.956 4.934 4.765 4.574
0.4869 5.96 6.009 5.934 5.741 5.599 5.46 5.821 5.719 5.596 5.455 5.314 5.166 5.724 5.551 5.379 5.259 5.148 5.488 5.345 5.225 5.126 4.958 4.936 4.767 4.576
0.4986 5.962 6.011 5.937 5.744 5.601 5.462 5.823 5.721 5.599 5.457 5.316 5.168 5.726 5.554 5.382 5.261 5.15 5.49 5.347 5.228 5.128 4.96 4.939 4.769 4.579
0.5106 5.963 6.013 5.938 5.745 5.602 5.463 5.824 5.722 5.6 5.458 5.318 5.169 5.727 5.555 5.383 5.262 5.152 5.491 5.348 5.229 5.13 4.961 4.94 4.77 4.58
0.523 5.961 6.011 5.936 5.743 5.601 5.461 5.822 5.721 5.598 5.456 5.316 5.167 5.726 5.553 5.381 5.261 5.15 5.489 5.347 5.227 5.128 4.96 4.938 4.769 4.578
0.5356 5.96 6.009 5.934 5.741 5.599 5.46 5.821 5.719 5.596 5.455 5.314 5.166 5.724 5.551 5.379 5.259 5.148 5.488 5.345 5.225 5.126 4.958 4.936 4.767 4.577
0.5485 5.958 6.007 5.933 5.74 5.597 5.458 5.819 5.717 5.595 5.453 5.312 5.164 5.722 5.55 5.378 5.257 5.146 5.486 5.343 5.223 5.124 4.956 4.934 4.765 4.575
0.5617 5.956 6.006 5.931 5.738 5.595 5.456 5.817 5.715 5.593 5.451 5.311 5.162 5.72 5.548 5.376 5.255 5.145 5.484 5.342 5.222 5.123 4.954 4.933 4.763 4.573
0.5753 5.954 6.004 5.929 5.736 5.594 5.455 5.815 5.714 5.591 5.449 5.309 5.16 5.719 5.546 5.374 5.254 5.143 5.482 5.34 5.22 5.121 4.953 4.931 4.762 4.571
0.5891 5.953 6.002 5.927 5.734 5.592 5.453 5.814 5.712 5.59 5.448 5.307 5.159 5.717 5.544 5.373 5.252 5.141 5.481 5.338 5.218 5.119 4.951 4.929 4.76 4.57
0.6034 5.951 6.0 5.926 5.733 5.59 5.451 5.812 5.71 5.588 5.446 5.306 5.157 5.715 5.543 5.371 5.25 5.14 5.479 5.336 5.217 5.118 4.949 4.928 4.758 4.568
0.6179 5.949 5.999 5.924 5.731 5.589 5.449 5.81 5.709 5.586 5.444 5.304 5.155 5.714 5.541 5.369 5.248 5.138 5.477 5.335 5.215 5.116 4.948 4.926 4.757 4.566
0.6328 5.948 5.997 5.922 5.729 5.587 5.448 5.809 5.707 5.584 5.443 5.302 5.153 5.712 5.539 5.367 5.247 5.136 5.476 5.333 5.213 5.114 4.946 4.924 4.755 4.564
0.6481 5.964 6.014 5.939 5.746 5.603 5.464 5.825 5.723 5.601 5.459 5.319 5.17 5.728 5.556 5.384 5.263 5.153 5.492 5.349 5.23 5.131 4.962 4.941 4.771 4.581
0.6637 6.003 6.053 5.978 5.785 5.643 5.503 5.864 5.763 5.64 5.498 5.358 5.209 5.768 5.595 5.423 5.303 5.192 5.531 5.389 5.269 5.17 5.002 4.98 4.811 4.62
0.6797 6.043 6.092 6.017 5.824 5.682 5.543 5.904 5.802 5.68 5.538 5.397 5.249 5.807 5.634 5.463 5.342 5.231 5.571 5.428 5.308 5.209 5.041 5.019 4.85 4.66
0.6961 6.082 6.131 6.057 5.864 5.721 5.582 5.943 5.841 5.719 5.577 5.437 5.288 5.846 5.674 5.502 5.381 5.271 5.61 5.467 5.348 5.249 5.08 5.059 4.889 4.699
0.7129 6.121 6.171 6.096 5.903 5.761 5.621 5.982 5.881 5.758 5.616 5.476 5.327 5.886 5.713 5.541 5.421 5.31 5.649 5.507 5.387 5.288 5.12 5.098 4.929 4.738
0.7301 6.161 6.21 6.135 5.942 5.8 5.661 6.022 5.92 5.798 5.656 5.515 5.367 5.925 5.752 5.581 5.46 5.349 5.689 5.546 5.426 5.327 5.159 5.137 4.968 4.778
0.7477 6.2 6.249 6.175 5.982 5.839 5.7 6.061 5.959 5.837 5.695 5.554 5.406 5.964 5.792 5.62 5.499 5.389 5.728 5.585 5.466 5.367 5.198 5.177 5.007 4.817
0.7658 6.239 6.289 6.214 6.021 5.879 5.739 6.1 5.999 5.876 5.734 5.594 5.445 6.004 5.831 5.659 5.538 5.428 5.767 5.625 5.505 5.406 5.238 5.216 5.047 4.856
0.7842 6.279 6.328 6.253 6.06 5.918 5.779 6.14 6.038 5.915 5.774 5.633 5.485 6.043 5.87 5.698 5.578 5.467 5.807 5.664 5.544 5.445 5.277 5.255 5.086 4.896
0.8032 6.318 6.367 6.293 6.1 5.957 5.818 6.179 6.077 5.955 5.813 5.672 5.524 6.082 5.91 5.738 5.617 5.506 5.846 5.703 5.584 5.484 5.316 5.295 5.125 4.935
0.8225 6.371 6.42 6.346 6.153 6.01 5.871 6.232 6.13 6.008 5.866 5.725 5.577 6.135 5.963 5.791 5.67 5.559 5.899 5.756 5.637 5.538 5.369 5.348 5.178 4.988
0.8424 6.434 6.483 6.408 6.215 6.073 5.934 6.295 6.193 6.07 5.929 5.788 5.64 6.198 6.025 5.854 5.733 5.622 5.962 5.819 5.699 5.6 5.432 5.41 5.241 5.051
0.8627 6.496 6.546 6.471 6.278 6.136 5.996 6.357 6.256 6.133 5.991 5.851 5.702 6.261 6.088 5.916 5.795 5.685 6.024 5.882 5.762 5.663 5.495 5.473 5.304 5.113
0.8835 6.559 6.608 6.534 6.341 6.198 6.059 6.42 6.318 6.196 6.054 5.913 5.765 6.323 6.151 5.979 5.858 5.748 6.087 5.944 5.825 5.726 5.557 5.536 5.366 5.176
0.9048 6.622 6.671 6.596 6.403 6.261 6.122 6.483 6.381 6.259 6.117 5.976 5.828 6.386 6.213 6.042 5.921 5.81 6.15 6.007 5.887 5.788 5.62 5.598 5.429 5.239
0.9266 6.684 6.734 6.659 6.466 6.324 6.184 6.545 6.444 6.321 6.179 6.039 5.89 6.449 6.276 6.104 5.984 5.873 6.212 6.07 5.95 5.851 5.683 5.661 5.492 5.301
0.949 6.747 6.796 6.722 6.529 6.386 6.247 6.608 6.506 6.384 6.242 6.101 5.953 6.511 6.339 6.167 6.046 5.936 6.275 6.132 6.013 5.914 5.745 5.724 5.554 5.364
0.9719 6.81 6.859 6.784 6.591 6.449 6.31 6.671 6.569 6.447 6.305 6.164 6.016 6.574 6.401 6.23 6.109 5.998 6.338 6.195 6.075 5.976 5.808 5.786 5.617 5.427
0.9953 6.872 6.922 6.847 6.654 6.512 6.372 6.733 6.632 6.509 6.367 6.227 6.078 6.637 6.464 6.292 6.172 6.061 6.4 6.258 6.138 6.039 5.871 5.849 5.68 5.489
1.0194 6.935 6.984 6.91 6.717 6.574 6.435 6.796 6.694 6.572 6.43 6.29 6.141 6.699 6.527 6.355 6.234 6.124 6.463 6.32 6.201 6.102 5.933 5.912 5.742 5.552
1.0439 7.004 7.054 6.979 6.786 6.644 6.504 6.865 6.764 6.641 6.499 6.359 6.21 6.769 6.596 6.424 6.303 6.193 6.532 6.39 6.27 6.171 6.003 5.981 5.812 5.621
1.0691 7.076 7.126 7.051 6.858 6.715 6.576 6.937 6.835 6.713 6.571 6.431 6.282 6.84 6.668 6.496 6.375 6.265 6.604 6.461 6.342 6.243 6.074 6.053 5.883 5.693
1.0949 7.148 7.197 7.122 6.929 6.787 6.648 7.009 6.907 6.785 6.643 6.502 6.354 6.912 6.739 6.568 6.447 6.336 6.676 6.533 6.413 6.314 6.146 6.124 5.955 5.765
1.1213 7.22 7.269 7.194 7.001 6.859 6.72 7.08 6.979 6.856 6.714 6.574 6.425 6.984 6.811 6.639 6.519 6.408 6.747 6.605 6.485 6.386 6.218 6.196 6.027 5.836
1.1484 7.291 7.341 7.266 7.073 6.93 6.791 7.152 7.051 6.928 6.786 6.646 6.497 7.056 6.883 6.711 6.59 6.48 6.819 6.677 6.557 6.458 6.29 6.268 6.098 5.908
1.1761 7.363 7.412 7.338 7.145 7.002 6.863 7.224 7.122 7.0 6.858 6.717 6.569 7.127 6.955 6.783 6.662 6.552 6.891 6.748 6.629 6.53 6.361 6.34 6.17 5.98
1.2044 7.435 7.484 7.409 7.216 7.074 6.935 7.296 7.194 7.072 6.93 6.789 6.641 7.199 7.026 6.855 6.734 6.623 6.963 6.82 6.7 6.601 6.433 6.411 6.242 6.052
1.2335 7.506 7.556 7.481 7.288 7.146 7.007 7.367 7.266 7.143 7.001 6.861 6.712 7.271 7.098 6.926 6.806 6.695 7.034 6.892 6.772 6.673 6.505 6.483 6.314 6.123
1.2633 7.578 7.628 7.553 7.36 7.217 7.078 7.439 7.337 7.215 7.073 6.933 6.784 7.342 7.17 6.998 6.877 6.767 7.106 6.964 6.844 6.745 6.576 6.555 6.385 6.195
1.2937 7.65 7.699 7.625 7.432 7.289 7.15 7.511 7.409 7.287 7.145 7.004 6.856 7.414 7.242 7.07 6.949 6.838 7.178 7.035 6.915 6.816 6.648 6.626 6.457 6.267
1.3249 7.722 7.772 7.697 7.504 7.362 7.222 7.583 7.482 7.359 7.217 7.077 6.928 7.487 7.314 7.142 7.022 6.911 7.25 7.108 6.988 6.889 6.721 6.699 6.53 6.339
1.3569 7.795 7.844 7.769 7.577 7.434 7.295 7.656 7.554 7.432 7.29 7.149 7.001 7.559 7.387 7.215 7.094 6.983 7.323 7.18 7.06 6.961 6.793 6.771 6.602 6.412
1.3896 7.867 7.917 7.842 7.649 7.507 7.368 7.728 7.627 7.504 7.362 7.222 7.073 7.632 7.459 7.287 7.167 7.056 7.395 7.253 7.133 7.034 6.866 6.844 6.675 6.484
1.4232 7.94 7.989 7.915 7.722 7.579 7.44 7.801 7.699 7.577 7.435 7.294 7.146 7.704 7.532 7.36 7.239 7.128 7.468 7.325 7.205 7.106 6.938 6.916 6.747 6.557
1.4575 8.012 8.062 7.987 7.794 7.652 7.513 7.873 7.772 7.649 7.507 7.367 7.218 7.777 7.604 7.432 7.312 7.201 7.54 7.398 7.278 7.179 7.011 6.989 6.82 6.629
1.4927 8.085 8.134 8.06 7.867 7.724 7.585 7.946 7.844 7.722 7.58 7.439 7.291 7.849 7.677 7.505 7.384 7.274 7.613 7.47 7.351 7.252 7.083 7.062 6.892 6.702
1.5287 8.158 8.207 8.132 7.939 7.797 7.658 8.018 7.917 7.794 7.652 7.512 7.363 7.922 7.749 7.577 7.457 7.346 7.685 7.543 7.423 7.324 7.156 7.134 6.965 6.774
1.5655 8.23 8.279 8.205 8.012 7.869 7.73 8.091 7.989 7.867 7.725 7.585 7.436 7.994 7.822 7.65 7.529 7.419 7.758 7.615 7.496 7.397 7.228 7.207 7.037 6.847
1.6033 8.303 8.352 8.277 8.084 7.942 7.803 8.163 8.062 7.939 7.798 7.657 7.508 8.067 7.894 7.722 7.602 7.491 7.831 7.688 7.568 7.469 7.301 7.279 7.11 6.919
1.642 8.375 8.424 8.35 8.157 8.014 7.875 8.236 8.134 8.012 7.87 7.729 7.581 8.139 7.967 7.795 7.674 7.564 7.903 7.76 7.641 7.542 7.373 7.352 7.182 6.992
1.6816 8.441 8.49 8.415 8.222 8.08 7.941 8.302 8.2 8.078 7.936 7.795 7.647 8.205 8.032 7.861 7.74 7.629 7.969 7.826 7.706 7.607 7.439 7.417 7.248 7.058
1.7222 8.506 8.556 8.481 8.288 8.146 8.007 8.367 8.266 8.143 8.001 7.861 7.712 8.271 8.098 7.926 7.806 7.695 8.034 7.892 7.772 7.673 7.505 7.483 7.314 7.123
1.7637 8.572 8.622 8.547 8.354 8.211 8.072 8.433 8.331 8.209 8.067 7.927 7.778 8.336 8.164 7.992 7.871 7.761 8.1 7.958 7.838 7.739 7.57 7.549 7.379 7.189
1.8062 8.638 8.687 8.612 8.42 8.277 8.138 8.499 8.397 8.275 8.133 7.992 7.844 8.402 8.23 8.058 7.937 7.826 8.166 8.023 7.903 7.804 7.636 7.614 7.445 7.255
1.8498 8.704 8.753 8.678 8.485 8.343 8.204 8.565 8.463 8.34 8.199 8.058 7.91 8.468 8.295 8.123 8.003 7.892 8.232 8.089 7.969 7.87 7.702 7.68 7.511 7.32
1.8944 8.769 8.819 8.744 8.551 8.409 8.269 8.63 8.529 8.406 8.264 8.124 7.975 8.534 8.361 8.189 8.068 7.958 8.297 8.155 8.035 7.936 7.768 7.746 7.577 7.386
1.9401 8.835 8.884 8.81 8.617 8.474 8.335 8.696 8.594 8.472 8.33 8.19 8.041 8.599 8.427 8.255 8.134 8.024 8.363 8.22 8.101 8.002 7.833 7.812 7.642 7.452
1.9869 8.901 8.95 8.875 8.682 8.54 8.401 8.762 8.66 8.538 8.396 8.255 8.107 8.665 8.492 8.321 8.2 8.089 8.429 8.286 8.166 8.067 7.899 7.877 7.708 7.518
2.0349 8.966 9.016 8.941 8.748 8.606 8.467 8.827 8.726 8.603 8.461 8.321 8.172 8.731 8.558 8.386 8.266 8.155 8.494 8.352 8.232 8.133 7.965 7.943 7.774 7.583
2.084 9.031 9.08 9.005 8.812 8.67 8.531 8.892 8.79 8.667 8.526 8.385 8.237 8.795 8.622 8.451 8.33 8.219 8.559 8.416 8.296 8.197 8.029 8.007 7.838 7.648
2.1342 9.087 9.136 9.061 8.868 8.726 8.587 8.948 8.846 8.724 8.582 8.441 8.293 8.851 8.678 8.507 8.386 8.275 8.615 8.472 8.352 8.253 8.085 8.063 7.894 7.704
2.1857 9.143 9.192 9.117 8.924 8.782 8.643 9.004 8.902 8.78 8.638 8.497 8.349 8.907 8.735 8.563 8.442 8.331 8.671 8.528 8.408 8.309 8.141 8.119 7.95 7.76
2.2384 9.199 9.248 9.174 8.981 8.838 8.699 9.06 8.958 8.836 8.694 8.553 8.405 8.963 8.791 8.619 8.498 8.387 8.727 8.584 8.464 8.365 8.197 8.175 8.006 7.816
2.2924 9.255 9.304 9.23 9.037 8.894 8.755 9.116 9.014 8.892 8.75 8.609 8.461 9.019 8.847 8.675 8.554 8.444 8.783 8.64 8.521 8.422 8.253 8.232 8.062 7.872
2.3477 9.311 9.361 9.286 9.093 8.95 8.811 9.172 9.07 8.948 8.806 8.666 8.517 9.075 8.903 8.731 8.61 8.5 8.839 8.696 8.577 8.478 8.309 8.288 8.118 7.928
2.4044 9.367 9.417 9.342 9.149 9.006 8.867 9.228 9.126 9.004 8.862 8.722 8.573 9.131 8.959 8.787 8.666 8.556 8.895 8.753 8.633 8.534 8.365 8.344 8.174 7.984
2.4624 9.423 9.473 9.398 9.205 9.062 8.923 9.284 9.183 9.06 8.918 8.778 8.629 9.188 9.015 8.843 8.722 8.612 8.951 8.809 8.689 8.59 8.422 8.4 8.231 8.04
2.5218 9.479 9.529 9.454 9.261 9.119 8.979 9.34 9.239 9.116 8.974 8.834 8.685 9.244 9.071 8.899 8.779 8.668 9.007 8.865 8.745 8.646 8.478 8.456 8.287 8.096
2.5826 9.535 9.585 9.51 9.317 9.175 9.036 9.396 9.295 9.172 9.03 8.89 8.741 9.3 9.127 8.955 8.835 8.724 9.063 8.921 8.801 8.702 8.534 8.512 8.343 8.152
2.6449 9.591 9.64 9.566 9.373 9.23 9.091 9.452 9.35 9.228 9.086 8.945 8.797 9.355 9.183 9.011 8.89 8.779 9.119 8.976 8.857 8.757 8.589 8.568 8.398 8.208
2.7087 9.645 9.695 9.62 9.427 9.284 9.145 9.506 9.404 9.282 9.14 9.0 8.851 9.409 9.237 9.065 8.944 8.834 9.173 9.031 8.911 8.812 8.643 8.622 8.452 8.262
2.7741 9.699 9.749 9.674 9.481 9.339 9.2 9.56 9.459 9.336 9.194 9.054 8.905 9.464 9.291 9.119 8.999 8.888 9.227 9.085 8.965 8.866 8.698 8.676 8.507 8.316
2.841 9.754 9.803 9.728 9.535 9.393 9.254 9.615 9.513 9.39 9.249 9.108 8.96 9.518 9.345 9.174 9.053 8.942 9.282 9.139 9.019 8.92 8.752 8.73 8.561 8.371
2.9095 9.808 9.857 9.782 9.59 9.447 9.308 9.669 9.567 9.445 9.303 9.162 9.014 9.572 9.4 9.228 9.107 8.996 9.336 9.193 9.073 8.974 8.806 8.784 8.615 8.425
2.9797 9.862 9.912 9.837 9.644 9.501 9.362 9.723 9.621 9.499 9.357 9.217 9.068 9.626 9.454 9.282 9.161 9.051 9.39 9.247 9.128 9.029 8.86 8.839 8.669 8.479
3.0516 9.916 9.966 9.891 9.698 9.556 9.416 9.777 9.676 9.553 9.411 9.271 9.122 9.681 9.508 9.336 9.215 9.105 9.444 9.302 9.182 9.083 8.915 8.893 8.724 8.533
3.1252 9.971 10.02 9.945 9.752 9.61 9.471 9.831 9.73 9.607 9.466 9.325 9.176 9.735 9.562 9.39 9.27 9.159 9.498 9.356 9.236 9.137 8.969 8.947 8.778 8.587
3.2006 10.025 10.074 9.999 9.806 9.664 9.525 9.886 9.784 9.662 9.52 9.379 9.231 9.789 9.616 9.445 9.324 9.213 9.553 9.41 9.29 9.191 9.023 9.001 8.832 8.642
3.2778 10.079 10.128 10.054 9.861 9.718 9.579 9.94 9.838 9.716 9.574 9.433 9.285 9.843 9.671 9.499 9.378 9.268 9.607 9.464 9.345 9.246 9.077 9.056 8.886 8.696
3.3569 10.131 10.18 10.105 9.912 9.77 9.631 9.992 9.89 9.768 9.626 9.485 9.337 9.895 9.723 9.551 9.43 9.319 9.659 9.516 9.396 9.297 9.129 9.107 8.938 8.748
3.4378 10.18 10.229 10.154 9.961 9.819 9.68 10.041 9.939 9.817 9.675 9.534 9.386 9.944 9.771 9.6 9.479 9.368 9.708 9.565 9.445 9.346 9.178 9.156 8.987 8.797
3.5208 10.229 10.278 10.203 10.01 9.868 9.729 10.089 9.988 9.865 9.724 9.583 9.434 9.993 9.82 9.648 9.528 9.417 9.757 9.614 9.494 9.395 9.227 9.205 9.036 8.845
3.6057 10.277 10.327 10.252 10.059 9.917 9.778 10.138 10.037 9.914 9.772 9.632 9.483 10.042 9.869 9.697 9.577 9.466 9.805 9.663 9.543 9.444 9.276 9.254 9.085 8.894
3.6927 10.326 10.376 10.301 10.108 9.966 9.826 10.187 10.086 9.963 9.821 9.681 9.532 10.091 9.918 9.746 9.625 9.515 9.854 9.712 9.592 9.493 9.325 9.303 9.134 8.943
3.7818 10.375 10.425 10.35 10.157 10.014 9.875 10.236 10.134 10.012 9.87 9.73 9.581 10.139 9.967 9.795 9.674 9.564 9.903 9.761 9.641 9.542 9.373 9.352 9.182 8.992
3.873 10.424 10.473 10.399 10.206 10.063 9.924 10.285 10.183 10.061 9.919 9.778 9.63 10.188 10.016 9.844 9.723 9.613 9.952 9.809 9.69 9.591 9.422 9.401 9.231 9.041
3.9664 10.473 10.522 10.447 10.254 10.112 9.973 10.334 10.232 10.11 9.968 9.827 9.679 10.237 10.065 9.893 9.772 9.661 10.001 9.858 9.738 9.639 9.471 9.449 9.28 9.09
4.0621 10.522 10.571 10.496 10.303 10.161 10.022 10.383 10.281 10.159 10.017 9.876 9.728 10.286 10.113 9.942 9.821 9.71 10.05 9.907 9.787 9.688 9.52 9.498 9.329 9.139
4.1601 10.571 10.62 10.545 10.352 10.21 10.071 10.431 10.33 10.207 10.066 9.925 9.776 10.335 10.162 9.99 9.87 9.759 10.099 9.956 9.836 9.737 9.569 9.547 9.378 9.187
4.2604 10.617 10.666 10.592 10.399 10.256 10.117 10.478 10.376 10.254 10.112 9.972 9.823 10.381 10.209 10.037 9.916 9.806 10.145 10.002 9.883 9.784 9.615 9.594 9.424 9.234
4.3632 10.662 10.711 10.636 10.443 10.301 10.162 10.523 10.421 10.299 10.157 10.016 9.868 10.426 10.254 10.082 9.961 9.85 10.19 10.047 9.927 9.828 9.66 9.638 9.469 9.279
4.4685 10.707 10.756 10.681 10.488 10.346 10.207 10.568 10.466 10.343 10.202 10.061 9.913 10.471 10.298 10.126 10.006 9.895 10.235 10.092 9.972 9.873 9.705 9.683 9.514 9.323
4.5763 10.751 10.801 10.726 10.533 10.391 10.252 10.612 10.511 10.388 10.246 10.106 9.957 10.516 10.343 10.171 10.051 9.94 10.279 10.137 10.017 9.918 9.75 9.728 9.559 9.368
4.6867 10.796 10.846 10.771 10.578 10.435 10.296 10.657 10.555 10.433 10.291 10.151 10.002 10.56 10.388 10.216 10.095 9.985 10.324 10.182 10.062 9.963 9.794 9.773 9.603 9.413
4.7997 10.841 10.89 10.816 10.623 10.48 10.341 10.702 10.6 10.478 10.336 10.195 10.047 10.605 10.433 10.261 10.14 10.03 10.369 10.226 10.107 10.008 9.839 9.818 9.648 9.458
4.9155 10.886 10.935 10.86 10.667 10.525 10.386 10.747 10.645 10.523 10.381 10.24 10.092 10.65 10.477 10.306 10.185 10.074 10.414 10.271 10.151 10.052 9.884 9.862 9.693 9.503
5.0341 10.931 10.98 10.905 10.712 10.57 10.431 10.791 10.69 10.567 10.426 10.285 10.136 10.695 10.522 10.35 10.23 10.119 10.459 10.316 10.196 10.097 9.929 9.907 9.738 9.547
5.1555 10.975 11.025 10.95 10.757 10.615 10.475 10.836 10.735 10.612 10.47 10.33 10.181 10.74 10.567 10.395 10.275 10.164 10.503 10.361 10.241 10.142 9.974 9.952 9.783 9.592
5.2799 11.02 11.07 10.995 10.802 10.659 10.52 10.881 10.779 10.657 10.515 10.375 10.226 10.784 10.612 10.44 10.319 10.209 10.548 10.406 10.286 10.187 10.018 9.997 9.827 9.637
5.4072 11.063 11.113 11.038 10.845 10.703 10.563 10.924 10.823 10.7 10.558 10.418 10.269 10.828 10.655 10.483 10.363 10.252 10.591 10.449 10.329 10.23 10.062 10.04 9.871 9.68
5.5377 11.106 11.155 11.081 10.888 10.745 10.606 10.967 10.865 10.743 10.601 10.46 10.312 10.87 10.698 10.526 10.405 10.295 10.634 10.491 10.372 10.273 10.104 10.083 9.913 9.723
5.6713 11.149 11.198 11.123 10.93 10.788 10.649 11.01 10.908 10.785 10.644 10.503 10.355 10.913 10.74 10.569 10.448 10.337 10.677 10.534 10.414 10.315 10.147 10.125 9.956 9.766
5.8081 11.191 11.241 11.166 10.973 10.831 10.691 11.052 10.951 10.828 10.686 10.546 10.397 10.956 10.783 10.611 10.49 10.38 10.719 10.577 10.457 10.358 10.19 10.168 9.999 9.808
5.9482 11.234 11.283 11.209 11.016 10.873 10.734 11.095 10.993 10.871 10.729 10.588 10.44 10.998 10.826 10.654 10.533 10.422 10.762 10.619 10.499 10.4 10.232 10.21 10.041 9.851
6.0917 11.277 11.326 11.251 11.058 10.916 10.777 11.137 11.036 10.913 10.772 10.631 10.482 11.041 10.868 10.696 10.576 10.465 10.805 10.662 10.542 10.443 10.275 10.253 10.084 9.893
6.2386 11.319 11.369 11.294 11.101 10.958 10.819 11.18 11.078 10.956 10.814 10.674 10.525 11.083 10.911 10.739 10.618 10.508 10.847 10.705 10.585 10.486 10.317 10.296 10.126 9.936
6.3891 11.362 11.411 11.336 11.143 11.001 10.862 11.223 11.121 10.999 10.857 10.716 10.568 11.126 10.954 10.782 10.661 10.55 10.89 10.747 10.627 10.528 10.36 10.338 10.169 9.979
6.5433 11.404 11.454 11.379 11.186 11.044 10.905 11.265 11.164 11.041 10.899 10.759 10.61 11.169 10.996 10.824 10.704 10.593 10.932 10.79 10.67 10.571 10.403 10.381 10.212 10.021
6.7011 11.447 11.497 11.422 11.229 11.086 10.947 11.308 11.206 11.084 10.942 10.802 10.653 11.211 11.039 10.867 10.746 10.636 10.975 10.833 10.713 10.614 10.445 10.424 10.254 10.064
6.8627 11.488 11.538 11.463 11.27 11.127 10.988 11.349 11.247 11.125 10.983 10.843 10.694 11.252 11.08 10.908 10.787 10.677 11.016 10.873 10.754 10.655 10.486 10.465 10.295 10.105
7.0283 11.529 11.578 11.503 11.311 11.168 11.029 11.39 11.288 11.166 11.024 10.883 10.735 11.293 11.121 10.949 10.828 10.717 11.057 10.914 10.794 10.695 10.527 10.505 10.336 10.146
7.1978 11.57 11.619 11.544 11.351 11.209 11.07 11.431 11.329 11.206 11.065 10.924 10.776 11.334 11.161 10.989 10.869 10.758 11.098 10.955 10.835 10.736 10.568 10.546 10.377 10.186
7.3715 11.61 11.66 11.585 11.392 11.25 11.11 11.471 11.37 11.247 11.105 10.965 10.816 11.375 11.202 11.03 10.91 10.799 11.138 10.996 10.876 10.777 10.609 10.587 10.418 10.227
7.5493 11.651 11.701 11.626 11.433 11.29 11.151 11.512 11.41 11.288 11.146 11.006 10.857 11.415 11.243 11.071 10.95 10.84 11.179 11.036 10.917 10.818 10.649 10.628 10.458 10.268
7.7314 11.692 11.741 11.666 11.473 11.331 11.192 11.553 11.451 11.329 11.187 11.046 10.898 11.456 11.284 11.112 10.991 10.88 11.22 11.077 10.957 10.858 10.69 10.668 10.499 10.309
7.9179 11.733 11.782 11.707 11.514 11.372 11.233 11.594 11.492 11.369 11.228 11.087 10.939 11.497 11.324 11.152 11.032 10.921 11.261 11.118 10.998 10.899 10.731 10.709 10.54 10.349
8.1089 11.773 11.823 11.748 11.555 11.413 11.273 11.634 11.533 11.41 11.268 11.128 10.979 11.538 11.365 11.193 11.073 10.962 11.301 11.159 11.039 10.94 10.772 10.75 10.581 10.39
8.3045 11.814 11.864 11.789 11.596 11.453 11.314 11.675 11.573 11.451 11.309 11.169 11.02 11.578 11.406 11.234 11.113 11.003 11.342 11.199 11.08 10.981 10.812 10.791 10.621 10.431
8.5049 11.855 11.904 11.829 11.636 11.494 11.355 11.716 11.614 11.492 11.35 11.209 11.061 11.619 11.446 11.275 11.154 11.043 11.383 11.24 11.12 11.021 10.853 10.831 10.662 10.472
8.71 11.891 11.941 11.866 11.673 11.53 11.391 11.752 11.65 11.528 11.386 11.246 11.097 11.655 11.483 11.311 11.19 11.08 11.419 11.276 11.157 11.058 10.889 10.868 10.698 10.508
8.9201 11.927 11.977 11.902 11.709 11.567 11.428 11.788 11.687 11.564 11.422 11.282 11.133 11.692 11.519 11.347 11.227 11.116 11.455 11.313 11.193 11.094 10.926 10.904 10.735 10.544
9.1353 11.964 12.013 11.938 11.745 11.603 11.464 11.825 11.723 11.601 11.459 11.318 11.17 11.728 11.555 11.384 11.263 11.152 11.492 11.349 11.229 11.13 10.962 10.94 10.771 10.581
9.3557 12.0 12.049 11.975 11.782 11.639 11.5 11.861 11.759 11.637 11.495 11.355 11.206 11.764 11.592 11.42 11.299 11.189 11.528 11.385 11.266 11.167 10.998 10.977 10.807 10.617
9.5814 12.036 12.086 12.011 11.818 11.676 11.536 11.897 11.796 11.673 11.531 11.391 11.242 11.801 11.628 11.456 11.336 11.225 11.564 11.422 11.302 11.203 11.035 11.013 10.844 10.653
9.8125 12.073 12.122 12.047 11.854 11.712 11.573 11.934 11.832 11.71 11.568 11.427 11.279 11.837 11.664 11.493 11.372 11.261 11.601 11.458 11.338 11.239 11.071 11.049 10.88 10.69
10.0492 12.109 12.158 12.084 11.891 11.748 11.609 11.97 11.868 11.746 11.604 11.463 11.315 11.873 11.701 11.529 11.408 11.298 11.637 11.494 11.375 11.276 11.107 11.086 10.916 10.726
10.2917 12.145 12.195 12.12 11.927 11.785 11.645 12.006 11.905 11.782 11.64 11.5 11.351 11.91 11.737 11.565 11.444 11.334 11.673 11.531 11.411 11.312 11.144 11.122 10.953 10.762
10.5399 12.182 12.231 12.156 11.963 11.821 11.682 12.043 11.941 11.818 11.677 11.536 11.388 11.946 11.773 11.602 11.481 11.37 11.71 11.567 11.447 11.348 11.18 11.158 10.989 10.799
10.7942 12.218 12.267 12.192 11.999 11.857 11.718 12.079 11.977 11.855 11.713 11.572 11.424 11.982 11.809 11.638 11.517 11.406 11.746 11.603 11.483 11.384 11.216 11.194 11.025 10.835
11.0546 12.252 12.302 12.227 12.034 11.892 11.752 12.113 12.012 11.889 11.747 11.607 11.458 12.017 11.844 11.672 11.552 11.441 11.78 11.638 11.518 11.419 11.251 11.229 11.06 10.869
11.3212 12.287 12.337 12.262 12.069 11.926 11.787 12.148 12.046 11.924 11.782 11.642 11.493 12.051 11.879 11.707 11.586 11.476 11.815 11.672 11.553 11.454 11.285 11.264 11.094 10.904
11.5943 12.322 12.371 12.296 12.103 11.961 11.822 12.183 12.081 11.959 11.817 11.676 11.528 12.086 11.913 11.742 11.621 11.51 11.85 11.707 11.587 11.488 11.32 11.298 11.129 10.939
11.874 12.356 12.406 12.331 12.138 11.996 11.857 12.217 12.116 11.993 11.851 11.711 11.562 12.121 11.948 11.776 11.656 11.545 11.884 11.742 11.622 11.523 11.355 11.333 11.164 10.973
12.1605 12.391 12.441 12.366 12.173 12.03 11.891 12.252 12.15 12.028 11.886 11.746 11.597 12.155 11.983 11.811 11.69 11.58 11.919 11.776 11.657 11.558 11.389 11.368 11.198 11.008
12.4538 12.426 12.475 12.4 12.207 12.065 11.926 12.287 12.185 12.063 11.921 11.78 11.632 12.19 12.017 11.846 11.725 11.614 11.954 11.811 11.691 11.592 11.424 11.402 11.233 11.043
12.7542 12.46 12.51 12.435 12.242 12.1 11.961 12.321 12.22 12.097 11.955 11.815 11.666 12.225 12.052 11.88 11.76 11.649 11.988 11.846 11.726 11.627 11.459 11.437 11.268 11.077
13.0619 12.495 12.545 12.47 12.277 12.134 11.995 12.356 12.254 12.132 11.99 11.85 11.701 12.259 12.087 11.915 11.794 11.684 12.023 11.88 11.761 11.662 11.493 11.472 11.302 11.112
13.377 12.53 12.579 12.504 12.311 12.169 12.03 12.391 12.289 12.167 12.025 11.884 11.736 12.294 12.121 11.95 11.829 11.718 12.058 11.915 11.795 11.696 11.528 11.506 11.337 11.147
13.6997 12.564 12.613 12.538 12.345 12.203 12.064 12.425 12.323 12.201 12.059 11.918 11.77 12.328 12.156 11.984 11.863 11.752 12.092 11.949 11.829 11.73 11.562 11.54 11.371 11.181
14.0302 12.596 12.646 12.571 12.378 12.236 12.096 12.457 12.356 12.233 12.091 11.951 11.802 12.361 12.188 12.016 11.895 11.785 12.124 11.982 11.862 11.763 11.595 11.573 11.404 11.213
14.3686 12.629 12.678 12.603 12.411 12.268 12.129 12.49 12.388 12.266 12.124 11.983 11.835 12.393 12.221 12.049 11.928 11.817 12.157 12.014 11.894 11.795 11.627 11.605 11.436 11.246
14.7153 12.661 12.711 12.636 12.443 12.301 12.161 12.522 12.421 12.298 12.156 12.016 11.867 12.426 12.253 12.081 11.961 11.85 12.189 12.047 11.927 11.828 11.66 11.638 11.469 11.278
15.0702 12.694 12.743 12.669 12.476 12.333 12.194 12.555 12.453 12.331 12.189 12.048 11.9 12.458 12.286 12.114 11.993 11.882 12.222 12.079 11.959 11.86 11.692 11.67 11.501 11.311
15.4338 12.726 12.776 12.701 12.508 12.366 12.227 12.587 12.486 12.363 12.221 12.081 11.932 12.491 12.318 12.146 12.026 11.915 12.254 12.112 11.992 11.893 11.725 11.703 11.534 11.343
15.8061 12.759 12.808 12.734 12.541 12.398 12.259 12.62 12.518 12.396 12.254 12.113 11.965 12.523 12.351 12.179 12.058 11.947 12.287 12.144 12.025 11.926 11.757 11.736 11.566 11.376
16.1874 12.792 12.841 12.766 12.573 12.431 12.292 12.652 12.551 12.428 12.286 12.146 11.997 12.556 12.383 12.211 12.091 11.98 12.319 12.177 12.057 11.958 11.79 11.768 11.599 11.408
16.5779 12.824 12.873 12.799 12.606 12.463 12.324 12.685 12.583 12.461 12.319 12.179 12.03 12.588 12.416 12.244 12.123 12.013 12.352 12.209 12.09 11.991 11.822 11.801 11.631 11.441
16.9778 12.857 12.906 12.831 12.638 12.496 12.357 12.717 12.616 12.493 12.352 12.211 12.062 12.621 12.448 12.276 12.156 12.045 12.385 12.242 12.122 12.023 11.855 11.833 11.664 11.473
17.3873 12.892 12.942 12.867 12.674 12.532 12.393 12.753 12.652 12.529 12.387 12.247 12.098 12.657 12.484 12.312 12.192 12.081 12.42 12.278 12.158 12.059 11.891 11.869 11.7 11.509
17.8068 12.932 12.982 12.907 12.714 12.572 12.433 12.793 12.692 12.569 12.427 12.287 12.138 12.697 12.524 12.352 12.232 12.121 12.46 12.318 12.198 12.099 11.931 11.909 11.74 11.549
18.2363 12.973 13.022 12.947 12.754 12.612 12.473 12.833 12.732 12.609 12.467 12.327 12.178 12.737 12.564 12.392 12.272 12.161 12.5 12.358 12.238 12.139 11.971 11.949 11.78 11.589
18.6762 13.013 13.062 12.987 12.794 12.652 12.513 12.873 12.772 12.649 12.508 12.367 12.218 12.777 12.604 12.432 12.312 12.201 12.541 12.398 12.278 12.179 12.011 11.989 11.82 11.629
19.1268 13.053 13.102 13.027 12.834 12.692 12.553 12.914 12.812 12.689 12.548 12.407 12.259 12.817 12.644 12.472 12.352 12.241 12.581 12.438 12.318 12.219 12.051 12.029 11.86 11.67
19.5882 13.093 13.142 13.067 12.874 12.732 12.593 12.954 12.852 12.729 12.588 12.447 12.299 12.857 12.684 12.513 12.392 12.281 12.621 12.478 12.358 12.259 12.091 12.069 11.9 11.71
20.0607 13.133 13.182 13.107 12.914 12.772 12.633 12.994 12.892 12.77 12.628 12.487 12.339 12.897 12.724 12.553 12.432 12.321 12.661 12.518 12.398 12.299 12.131 12.109 11.94 11.75
20.5446 13.173 13.222 13.147 12.954 12.812 12.673 13.034 12.932 12.81 12.668 12.527 12.379 12.937 12.764 12.593 12.472 12.361 12.701 12.558 12.438 12.339 12.171 12.149 11.98 11.79
21.0402 13.213 13.262 13.187 12.994 12.852 12.713 13.074 12.972 12.85 12.708 12.567 12.419 12.977 12.805 12.633 12.512 12.401 12.741 12.598 12.478 12.379 12.211 12.189 12.02 11.83
21.5478 13.253 13.302 13.227 13.034 12.892 12.753 13.114 13.012 12.89 12.748 12.607 12.459 13.017 12.845 12.673 12.552 12.441 12.781 12.638 12.518 12.419 12.251 12.229 12.06 11.87
22.0676 13.309 13.359 13.284 13.091 12.948 12.809 13.17 13.068 12.946 12.804 12.664 12.515 13.073 12.901 12.729 12.608 12.498 12.837 12.694 12.575 12.476 12.307 12.286 12.116 11.926
22.5999 13.377 13.426 13.351 13.158 13.016 12.877 13.238 13.136 13.013 12.872 12.731 12.583 13.141 12.968 12.797 12.676 12.565 12.905 12.762 12.642 12.543 12.375 12.353 12.184 11.994
23.1451 13.444 13.494 13.419 13.226 13.083 12.944 13.305 13.203 13.081 12.939 12.799 12.65 13.208 13.036 12.864 12.743 12.633 12.972 12.83 12.71 12.611 12.442 12.421 12.251 12.061
23.7034 13.512 13.561 13.486 13.293 13.151 13.012 13.373 13.271 13.149 13.007 12.866 12.718 13.276 13.103 12.932 12.811 12.7 13.04 12.897 12.777 12.678 12.51 12.488 12.319 12.129
24.2752 13.579 13.629 13.554 13.361 13.219 13.079 13.44 13.339 13.216 13.074 12.934 12.785 13.344 13.171 12.999 12.878 12.768 13.107 12.965 12.845 12.746 12.578 12.556 12.387 12.196
24.8608 13.647 13.696 13.621 13.428 13.286 13.147 13.508 13.406 13.284 13.142 13.001 12.853 13.411 13.239 13.067 12.946 12.835 13.175 13.032 12.912 12.813 12.645 12.623 12.454 12.264
25.4606 13.714 13.764 13.689 13.496 13.354 13.214 13.575 13.474 13.351 13.209 13.069 12.92 13.479 13.306 13.134 13.014 12.903 13.242 13.1 12.98 12.881 12.713 12.691 12.522 12.331
26.0748 13.782 13.831 13.757 13.564 13.421 13.282 13.643 13.541 13.419 13.277 13.136 12.988 13.546 13.374 13.202 13.081 12.97 13.31 13.167 13.047 12.948 12.78 12.758 12.589 12.399
26.7038 13.849 13.899 13.824 13.631 13.489 13.35 13.71 13.609 13.486 13.344 13.204 13.055 13.614 13.441 13.269 13.149 13.038 13.377 13.235 13.115 13.016 12.848 12.826 12.657 12.466
27.3479 13.917 13.966 13.892 13.699 13.556 13.417 13.778 13.676 13.554 13.412 13.271 13.123 13.681 13.509 13.337 13.216 13.106 13.445 13.302 13.183 13.084 12.915 12.894 12.724 12.534
28.0077 14.009 14.059 13.984 13.791 13.649 13.509 13.87 13.769 13.646 13.504 13.364 13.215 13.774 13.601 13.429 13.308 13.198 13.537 13.395 13.275 13.176 13.008 12.986 12.817 12.626
28.6833 14.111 14.16 14.085 13.892 13.75 13.611 13.972 13.87 13.747 13.606 13.465 13.317 13.875 13.702 13.53 13.41 13.299 13.639 13.496 13.376 13.277 13.109 13.087 12.918 12.727
29.3752 14.212 14.261 14.187 13.994 13.851 13.712 14.073 13.971 13.849 13.707 13.566 13.418 13.976 13.804 13.632 13.511 13.4 13.74 13.597 13.477 13.378 13.21 13.189 13.019 12.829
30.0838 14.313 14.363 14.288 14.095 13.953 13.813 14.174 14.073 13.95 13.808 13.668 13.519 14.078 13.905 13.733 13.612 13.502 13.841 13.699 13.579 13.48 13.312 13.29 13.121 12.93
30.8096 14.415 14.464 14.389 14.196 14.054 13.915 14.276 14.174 14.051 13.91 13.769 13.621 14.179 14.006 13.834 13.714 13.603 13.943 13.8 13.68 13.581 13.413 13.391 13.222 13.031
31.5528 14.516 14.565 14.491 14.298 14.155 14.016 14.377 14.275 14.153 14.011 13.87 13.722 14.28 14.108 13.936 13.815 13.704 14.044 13.901 13.781 13.682 13.514 13.492 13.323 13.133
32.3139 14.617 14.667 14.592 14.399 14.256 14.117 14.478 14.377 14.254 14.112 13.972 13.823 14.382 14.209 14.037 13.916 13.806 14.145 14.003 13.883 13.784 13.616 13.594 13.425 13.234
33.0935 14.719 14.768 14.693 14.5 14.358 14.219 14.58 14.478 14.355 14.214 14.073 13.925 14.483 14.31 14.138 14.018 13.907 14.247 14.104 13.984 13.885 13.717 13.695 13.526 13.335
33.8918 14.82 14.869 14.795 14.602 14.459 14.32 14.681 14.579 14.457 14.315 14.174 14.026 14.584 14.412 14.24 14.119 14.008 14.348 14.205 14.085 13.986 13.818 13.796 13.627 13.437
34.7093 14.921 14.971 14.896 14.703 14.56 14.421 14.782 14.681 14.558 14.416 14.276 14.127 14.686 14.513 14.341 14.22 14.11 14.449 14.307 14.187 14.088 13.92 13.898 13.728 13.538
35.5466 15.077 15.127 15.052 14.859 14.717 14.578 14.938 14.837 14.714 14.572 14.432 14.283 14.842 14.669 14.497 14.377 14.266 14.605 14.463 14.343 14.244 14.076 14.054 13.885 13.694
36.4041 15.241 15.291 15.216 15.023 14.881 14.742 15.102 15.001 14.878 14.736 14.596 14.447 15.006 14.833 14.661 14.541 14.43 14.769 14.627 14.507 14.408 14.24 14.218 14.049 13.858
37.2823 15.405 15.455 15.38 15.187 15.045 14.906 15.266 15.165 15.042 14.9 14.76 14.611 15.17 14.997 14.825 14.705 14.594 14.933 14.791 14.671 14.572 14.404 14.382 14.213 14.022
38.1817 15.569 15.619 15.544 15.351 15.209 15.07 15.43 15.329 15.206 15.064 14.924 14.775 15.334 15.161 14.989 14.869 14.758 15.097 14.955 14.835 14.736 14.568 14.546 14.377 14.186
39.1028 15.733 15.783 15.708 15.515 15.373 15.234 15.594 15.493 15.37 15.228 15.088 14.939 15.498 15.325 15.153 15.033 14.922 15.261 15.119 14.999 14.9 14.732 14.71 14.541 14.35
40.046 15.897 15.947 15.872 15.679 15.537 15.398 15.758 15.657 15.534 15.392 15.252 15.103 15.662 15.489 15.317 15.197 15.086 15.425 15.283 15.163 15.064 14.896 14.874 14.705 14.514
41.0121 16.061 16.111 16.036 15.843 15.701 15.562 15.922 15.821 15.698 15.556 15.416 15.267 15.826 15.653 15.481 15.361 15.25 15.589 15.447 15.327 15.228 15.06 15.038 14.869 14.678
42.0014 16.225 16.275 16.2 16.007 15.865 15.726 16.086 15.985 15.862 15.72 15.58 15.431 15.99 15.817 15.645 15.525 15.414 15.753 15.611 15.491 15.392 15.224 15.202 15.033 14.842
43.0146 16.389 16.439 16.364 16.171 16.029 15.89 16.25 16.149 16.026 15.884 15.744 15.595 16.154 15.981 15.809 15.689 15.578 15.917 15.775 15.655 15.556 15.388 15.366 15.197 15.006
44.0523 16.556 16.606 16.531 16.338 16.195 16.056 16.417 16.316 16.193 16.051 15.911 15.762 16.321 16.148 15.976 15.855 15.745 16.084 15.942 15.822 15.723 15.555 15.533 15.363 15.173
45.1149 16.87 16.919 16.844 16.651 16.509 16.37 16.731 16.629 16.507 16.365 16.224 16.076 16.634 16.462 16.29 16.169 16.058 16.398 16.255 16.135 16.036 15.868 15.846 15.677 15.487
46.2033 17.183 17.233 17.158 16.965 16.823 16.684 17.044 16.943 16.82 16.678 16.538 16.389 16.948 16.775 16.603 16.483 16.372 16.711 16.569 16.449 16.35 16.182 16.16 15.991 15.8
47.3178 17.497 17.546 17.472 17.279 17.136 16.997 17.358 17.256 17.134 16.992 16.851 16.703 17.261 17.089 16.917 16.796 16.685 17.025 16.882 16.763 16.663 16.495 16.474 16.304 16.114
48.4593 17.811 17.86 17.785 17.592 17.45 17.311 17.671 17.57 17.447 17.305 17.165 17.016 17.575 17.402 17.23 17.11 16.999 17.338 17.196 17.076 16.977 16.809 16.787 16.618 16.427
49.6283 18.124 18.174 18.099 17.906 17.763 17.624 17.985 17.883 17.761 17.619 17.479 17.33 17.888 17.716 17.544 17.423 17.313 17.652 17.509 17.39 17.291 17.122 17.101 16.931 16.741
50.8255 18.438 18.487 18.412 18.219 18.077 17.938 18.299 18.197 18.074 17.933 17.792 17.644 18.202 18.029 17.858 17.737 17.626 17.966 17.823 17.703 17.604 17.436 17.414 17.245 17.055
52.0515 18.751 18.801 18.726 18.533 18.39 18.251 18.612 18.51 18.388 18.246 18.106 17.957 18.516 18.343 18.171 18.05 17.94 18.279 18.137 18.017 17.918 17.749 17.728 17.558 17.368
53.3072 19.065 19.114 19.039 18.846 18.704 18.565 18.926 18.824 18.702 18.56 18.419 18.271 18.829 18.657 18.485 18.364 18.253 18.593 18.45 18.33 18.231 18.063 18.041 17.872 17.682
54.5931 19.378 19.428 19.353 19.16 19.018 18.878 19.239 19.138 19.015 18.873 18.733 18.584 19.143 18.97 18.798 18.678 18.567 18.906 18.764 18.644 18.545 18.377 18.355 18.186 17.995
55.9101 19.692 19.741 19.667 19.474 19.331 19.192 19.553 19.451 19.329 19.187 19.046 18.898 19.456 19.284 19.112 18.991 18.88 19.22 19.077 18.957 18.858 18.69 18.668 18.499 18.309
57.2588 20.005 20.055 19.98 19.787 19.645 19.506 19.866 19.765 19.642 19.5 19.36 19.211 19.77 19.597 19.425 19.305 19.194 19.533 19.391 19.271 19.172 19.004 18.982 18.813 18.622
58.6401 20.319 20.369 20.294 20.101 19.958 19.819 20.18 20.078 19.956 19.814 19.674 19.525 20.083 19.911 19.739 19.618 19.508 19.847 19.704 19.585 19.486 19.317 19.296 19.126 18.936
60.0546 20.633 20.682 20.607 20.414 20.272 20.133 20.494 20.392 20.269 20.128 19.987 19.839 20.397 20.224 20.052 19.932 19.821 20.161 20.018 19.898 19.799 19.631 19.609 19.44 19.25
61.5034 20.946 20.996 20.921 20.728 20.585 20.446 20.807 20.705 20.583 20.441 20.301 20.152 20.71 20.538 20.366 20.245 20.135 20.474 20.332 20.212 20.113 19.944 19.923 19.753 19.563
62.987 21.26 21.309 21.234 21.041 20.899 20.76 21.121 21.019 20.897 20.755 20.614 20.466 21.024 20.851 20.68 20.559 20.448 20.788 20.645 20.525 20.426 20.258 20.236 20.067 19.877
64.5065 21.573 21.623 21.548 21.355 21.213 21.073 21.434 21.333 21.21 21.068 20.928 20.779 21.338 21.165 20.993 20.872 20.762 21.101 20.959 20.839 20.74 20.572 20.55 20.381 20.19
66.0626 21.887 21.936 21.862 21.669 21.526 21.387 21.748 21.646 21.524 21.382 21.241 21.093 21.651 21.479 21.307 21.186 21.075 21.415 21.272 21.152 21.053 20.885 20.863 20.694 20.504
67.6562 22.2 22.25 22.175 21.982 21.84 21.701 22.061 21.96 21.837 21.695 21.555 21.406 21.965 21.792 21.62 21.5 21.389 21.728 21.586 21.466 21.367 21.199 21.177 21.008 20.817
69.2883 22.514 22.563 22.489 22.296 22.153 22.014 22.375 22.273 22.151 22.009 21.869 21.72 22.278 22.106 21.934 21.813 21.703 22.042 21.899 21.78 21.681 21.512 21.491 21.321 21.131
70.9597 22.828 22.877 22.802 22.609 22.467 22.328 22.689 22.587 22.464 22.323 22.182 22.034 22.592 22.419 22.247 22.127 22.016 22.356 22.213 22.093 21.994 21.826 21.804 21.635 21.444
72.6715 23.141 23.191 23.116 22.923 22.78 22.641 23.002 22.9 22.778 22.636 22.496 22.347 22.905 22.733 22.561 22.44 22.33 22.669 22.527 22.407 22.308 22.139 22.118 21.948 21.758
74.4246 23.455 23.504 23.429 23.236 23.094 22.955 23.316 23.214 23.092 22.95 22.809 22.661 23.219 23.046 22.875 22.754 22.643 22.983 22.84 22.72 22.621 22.453 22.431 22.262 22.072
76.2199 23.768 23.818 23.743 23.55 23.408 23.268 23.629 23.528 23.405 23.263 23.123 22.974 23.533 23.36 23.188 23.067 22.957 23.296 23.154 23.034 22.935 22.767 22.745 22.576 22.385
78.0586 24.082 24.131 24.056 23.864 23.721 23.582 23.943 23.841 23.719 23.577 23.436 23.288 23.846 23.674 23.502 23.381 23.27 23.61 23.467 23.347 23.248 23.08 23.058 22.889 22.699
79.9416 24.395 24.445 24.37 24.177 24.035 23.896 24.256 24.155 24.032 23.89 23.75 23.601 24.16 23.987 23.815 23.695 23.584 23.923 23.781 23.661 23.562 23.394 23.372 23.203 23.012
81.87 24.709 24.758 24.684 24.491 24.348 24.209 24.57 24.468 24.346 24.204 24.063 23.915 24.473 24.301 24.129 24.008 23.898 24.237 24.094 23.975 23.876 23.707 23.686 23.516 23.326
83.845 25.023 25.072 24.997 24.804 24.662 24.523 24.883 24.782 24.659 24.518 24.377 24.228 24.787 24.614 24.442 24.322 24.211 24.551 24.408 24.288 24.189 24.021 23.999 23.83 23.639
85.8676 25.336 25.386 25.311 25.118 24.975 24.836 25.197 25.095 24.973 24.831 24.691 24.542 25.1 24.928 24.756 24.635 24.525 24.864 24.722 24.602 24.503 24.334 24.313 24.143 23.953
87.939 25.65 25.699 25.624 25.431 25.289 25.15 25.511 25.409 25.287 25.145 25.004 24.856 25.414 25.241 25.07 24.949 24.838 25.178 25.035 24.915 24.816 24.648 24.626 24.457 24.267
90.0604 25.963 26.013 25.938 25.745 25.603 25.463 25.824 25.723 25.6 25.458 25.318 25.169 25.728 25.555 25.383 25.262 25.152 25.491 25.349 25.229 25.13 24.962 24.94 24.771 24.58
92.2329 26.277 26.326 26.251 26.058 25.916 25.777 26.138 26.036 25.914 25.772 25.631 25.483 26.041 25.869 25.697 25.576 25.465 25.805 25.662 25.542 25.443 25.275 25.253 25.084 24.894
94.4579 26.59 26.64 26.565 26.372 26.23 26.091 26.451 26.35 26.227 26.085 25.945 25.796 26.355 26.182 26.01 25.89 25.779 26.118 25.976 25.856 25.757 25.589 25.567 25.398 25.207
96.7365 26.904 26.953 26.879 26.686 26.543 26.404 26.765 26.663 26.541 26.399 26.258 26.11 26.668 26.496 26.324 26.203 26.092 26.432 26.289 26.17 26.071 25.902 25.881 25.711 25.521
99.0701 27.218 27.267 27.192 26.999 26.857 26.718 27.078 26.977 26.854 26.713 26.572 26.423 26.982 26.809 26.637 26.517 26.406 26.745 26.603 26.483 26.384 26.216 26.194 26.025 25.834
101.4599 27.531 27.581 27.506 27.313 27.17 27.031 27.392 27.29 27.168 27.026 26.886 26.737 27.295 27.123 26.951 26.83 26.72 27.059 26.917 26.797 26.698 26.529 26.508 26.338 26.148
103.9075 27.845 27.894 27.819 27.626 27.484 27.345 27.706 27.604 27.482 27.34 27.199 27.051 27.609 27.436 27.265 27.144 27.033 27.373 27.23 27.11 27.011 26.843 26.821 26.652 26.462
106.4141 28.158 28.208 28.133 27.94 27.797 27.658 28.019 27.918 27.795 27.653 27.513 27.364 27.923 27.75 27.578 27.457 27.347 27.686 27.544 27.424 27.325 27.157 27.135 26.965 26.775
108.9811 28.472 28.521 28.446 28.253 28.111 27.972 28.333 28.231 28.109 27.967 27.826 27.678 28.236 28.064 27.892 27.771 27.66 28.0 27.857 27.737 27.638 27.47 27.448 27.279 27.089
111.6101 28.785 28.835 28.76 28.567 28.425 28.285 28.646 28.545 28.422 28.28 28.14 27.991 28.55 28.377 28.205 28.085 27.974 28.313 28.171 28.051 27.952 27.784 27.762 27.593 27.402
114.3025 29.099 29.148 29.074 28.881 28.738 28.599 28.96 28.858 28.736 28.594 28.453 28.305 28.863 28.691 28.519 28.398 28.287 28.627 28.484 28.365 28.265 28.097 28.076 27.906 27.716
117.0598 29.413 29.462 29.387 29.194 29.052 28.913 29.273 29.172 29.049 28.907 28.767 28.618 29.177 29.004 28.832 28.712 28.601 28.94 28.798 28.678 28.579 28.411 28.389 28.22 28.029
119.8836 29.726 29.776 29.701 29.508 29.365 29.226 29.587 29.485 29.363 29.221 29.081 28.932 29.49 29.318 29.146 29.025 28.915 29.254 29.111 28.992 28.893 28.724 28.703 28.533 28.343
122.7756 30.04 30.089 30.014 29.821 29.679 29.54 29.901 29.799 29.676 29.535 29.394 29.246 29.804 29.631 29.46 29.339 29.228 29.568 29.425 29.305 29.206 29.038 29.016 28.847 28.657
125.7373 30.353 30.403 30.328 30.135 29.992 29.853 30.214 30.112 29.99 29.848 29.708 29.559 30.118 29.945 29.773 29.652 29.542 29.881 29.739 29.619 29.52 29.351 29.33 29.16 28.97
128.7705 30.667 30.716 30.641 30.448 30.306 30.167 30.528 30.426 30.304 30.162 30.021 29.873 30.431 30.258 30.087 29.966 29.855 30.195 30.052 29.932 29.833 29.665 29.643 29.474 29.284
131.8769 30.98 31.03 30.955 30.762 30.62 30.48 30.841 30.74 30.617 30.475 30.335 30.186 30.745 30.572 30.4 30.28 30.169 30.508 30.366 30.246 30.147 29.979 29.957 29.788 29.597
135.0582 31.294 31.343 31.269 31.076 30.933 30.794 31.155 31.053 30.931 30.789 30.648 30.5 31.058 30.886 30.714 30.593 30.482 30.822 30.679 30.559 30.46 30.292 30.27 30.101 29.911
138.3162 31.607 31.657 31.582 31.389 31.247 31.108 31.468 31.367 31.244 31.102 30.962 30.813 31.372 31.199 31.027 30.907 30.796 31.135 30.993 30.873 30.774 30.606 30.584 30.415 30.224
141.6528 31.921 31.971 31.896 31.703 31.56 31.421 31.782 31.68 31.558 31.416 31.276 31.127 31.685 31.513 31.341 31.22 31.11 31.449 31.306 31.187 31.088 30.919 30.898 30.728 30.538
145.0699 32.235 32.284 32.209 32.016 31.874 31.735 32.096 31.994 31.871 31.73 31.589 31.441 31.999 31.826 31.654 31.534 31.423 31.763 31.62 31.5 31.401 31.233 31.211 31.042 30.852
148.5695 32.548 32.598 32.523 32.33 32.187 32.048 32.409 32.307 32.185 32.043 31.903 31.754 32.312 32.14 31.968 31.847 31.737 32.076 31.934 31.814 31.715 31.546 31.525 31.355 31.165
152.1534 32.862 32.911 32.836 32.643 32.501 32.362 32.723 32.621 32.499 32.357 32.216 32.068 32.626 32.453 32.282 32.161 32.05 32.39 32.247 32.127 32.028 31.86 31.838 31.669 31.479
155.8238 33.175 33.225 33.15 32.957 32.815 32.675 33.036 32.935 32.812 32.67 32.53 32.381 32.94 32.767 32.595 32.474 32.364 32.703 32.561 32.441 32.342 32.174 32.152 31.983 31.792
159.5828 33.489 33.538 33.463 33.271 33.128 32.989 33.35 33.248 33.126 32.984 32.843 32.695 33.253 33.081 32.909 32.788 32.677 33.017 32.874 32.754 32.655 32.487 32.465 32.296 32.106
163.4324 33.802 33.852 33.777 33.584 33.442 33.303 33.663 33.562 33.439 33.297 33.157 33.008 33.567 33.394 33.222 33.102 32.991 33.33 33.188 33.068 32.969 32.801 32.779 32.61 32.419
167.375 34.116 34.165 34.091 33.898 33.755 33.616 33.977 33.875 33.753 33.611 33.471 33.322 33.88 33.708 33.536 33.415 33.305 33.644 33.501 33.382 33.283 33.114 33.093 32.923 32.733
171.4126 34.43 34.479 34.404 34.211 34.069 33.93 34.291 34.189 34.066 33.925 33.784 33.636 34.194 34.021 33.849 33.729 33.618 33.958 33.815 33.695 33.596 33.428 33.406 33.237 33.046
175.5476 34.743 34.793 34.718 34.525 34.382 34.243 34.604 34.502 34.38 34.238 34.098 33.949 34.507 34.335 34.163 34.042 33.932 34.271 34.129 34.009 33.91 33.741 33.72 33.55 33.36
179.7823 35.057 35.106 35.031 34.838 34.696 34.557 34.918 34.816 34.694 34.552 34.411 34.263 34.821 34.648 34.477 34.356 34.245 34.585 34.442 34.322 34.223 34.055 34.033 33.864 33.674
184.1193 35.37 35.42 35.345 35.152 35.01 34.87 35.231 35.13 35.007 34.865 34.725 34.576 35.135 34.962 34.79 34.669 34.559 34.898 34.756 34.636 34.537 34.369 34.347 34.178 33.987
188.5608 35.684 35.733 35.658 35.466 35.323 35.184 35.545 35.443 35.321 35.179 35.038 34.89 35.448 35.276 35.104 34.983 34.872 35.212 35.069 34.949 34.85 34.682 34.66 34.491 34.301
193.1095 35.997 36.047 35.972 35.779 35.637 35.498 35.858 35.757 35.634 35.492 35.352 35.203 35.762 35.589 35.417 35.297 35.186 35.525 35.383 35.263 35.164 34.996 34.974 34.805 34.614
197.7679 36.311 36.36 36.286 36.093 35.95 35.811 36.172 36.07 35.948 35.806 35.665 35.517 36.075 35.903 35.731 35.61 35.5 35.839 35.696 35.577 35.478 35.309 35.288 35.118 34.928
202.5387 36.625 36.674 36.599 36.406 36.264 36.125 36.485 36.384 36.261 36.12 35.979 35.83 36.389 36.216 36.044 35.924 35.813 36.153 36.01 35.89 35.791 35.623 35.601 35.432 35.241
207.4245 36.938 36.988 36.913 36.72 36.577 36.438 36.799 36.697 36.575 36.433 36.293 36.144 36.702 36.53 36.358 36.237 36.127 36.466 36.324 36.204 36.105 35.936 35.915 35.745 35.555
212.4283 37.252 37.301 37.226 37.033 36.891 36.752 37.113 37.011 36.889 36.747 36.606 36.458 37.016 36.843 36.672 36.551 36.44 36.78 36.637 36.517 36.418 36.25 36.228 36.059 35.869
217.5527 37.565 37.615 37.54 37.347 37.205 37.065 37.426 37.325 37.202 37.06 36.92 36.771 37.33 37.157 36.985 36.864 36.754 37.093 36.951 36.831 36.732 36.564 36.542 36.373 36.182
222.8008 37.879 37.928 37.853 37.66 37.518 37.379 37.74 37.638 37.516 37.374 37.233 37.085 37.643 37.471 37.299 37.178 37.067 37.407 37.264 37.144 37.045 36.877 36.855 36.686 36.496
228.1754 38.192 38.242 38.167 37.974 37.832 37.693 38.053 37.952 37.829 37.687 37.547 37.398 37.957 37.784 37.612 37.492 37.381 37.72 37.578 37.458 37.359 37.191 37.169 37.0 36.809
233.6797 38.506 38.555 38.481 38.288 38.145 38.006 38.367 38.265 38.143 38.001 37.86 37.712 38.27 38.098 37.926 37.805 37.694 38.034 37.891 37.772 37.673 37.504 37.483 37.313 37.123
239.3168 38.82 38.869 38.794 38.601 38.459 38.32 38.68 38.579 38.456 38.314 38.174 38.025 38.584 38.411 38.239 38.119 38.008 38.347 38.205 38.085 37.986 37.818 37.796 37.627 37.436
245.0899 39.133 39.183 39.108 38.915 38.772 38.633 38.994 38.892 38.77 38.628 38.488 38.339 38.897 38.725 38.553 38.432 38.322 38.661 38.518 38.399 38.3 38.131 38.11 37.94 37.75
251.0022 39.447 39.496 39.421 39.228 39.086 38.947 39.308 39.206 39.084 38.942 38.801 38.653 39.211 39.038 38.867 38.746 38.635 38.975 38.832 38.712 38.613 38.445 38.423 38.254 38.064
257.0572 39.76 39.81 39.735 39.542 39.399 39.26 39.621 39.519 39.397 39.255 39.115 38.966 39.525 39.352 39.18 39.059 38.949 39.288 39.146 39.026 38.927 38.759 38.737 38.567 38.377
263.2582 40.074 40.123 40.048 39.855 39.713 39.574 39.935 39.833 39.711 39.569 39.428 39.28 39.838 39.666 39.494 39.373 39.262 39.602 39.459 39.339 39.24 39.072 39.05 38.881 38.691
269.6088 40.387 40.437 40.362 40.169 40.027 39.887 40.248 40.147 40.024 39.882 39.742 39.593 40.152 39.979 39.807 39.687 39.576 39.915 39.773 39.653 39.554 39.386 39.364 39.195 39.004
276.1126 40.701 40.75 40.676 40.483 40.34 40.201 40.562 40.46 40.338 40.196 40.055 39.907 40.465 40.293 40.121 40.0 39.889 40.229 40.086 39.967 39.867 39.699 39.678 39.508 39.318
282.7734 41.015 41.064 40.989 40.796 40.654 40.515 40.875 40.774 40.651 40.509 40.369 40.22 40.779 40.606 40.434 40.314 40.203 40.542 40.4 40.28 40.181 40.013 39.991 39.822 39.631
289.5947 41.328 41.378 41.303 41.11 40.967 40.828 41.189 41.087 40.965 40.823 40.683 40.534 41.092 40.92 40.748 40.627 40.517 40.856 40.713 40.594 40.495 40.326 40.305 40.135 39.945
296.5807 41.642 41.691 41.616 41.423 41.281 41.142 41.503 41.401 41.278 41.137 40.996 40.848 41.406 41.233 41.062 40.941 40.83 41.17 41.027 40.907 40.808 40.64 40.618 40.449 40.259
303.7351 41.955 42.005 41.93 41.737 41.594 41.455 41.816 41.714 41.592 41.45 41.31 41.161 41.72 41.547 41.375 41.254 41.144 41.483 41.341 41.221 41.122 40.953 40.932 40.762 40.572
311.0622 42.269 42.318 42.243 42.05 41.908 41.769 42.13 42.028 41.906 41.764 41.623 41.475 42.033 41.86 41.689 41.568 41.457 41.797 41.654 41.534 41.435 41.267 41.245 41.076 40.886
318.566 42.582 42.632 42.557 42.364 42.222 42.082 42.443 42.342 42.219 42.077 41.937 41.788 42.347 42.174 42.002 41.882 41.771 42.11 41.968 41.848 41.749 41.581 41.559 41.39 41.199
326.2508 42.896 42.945 42.871 42.678 42.535 42.396 42.757 42.655 42.533 42.391 42.25 42.102 42.66 42.488 42.316 42.195 42.084 42.424 42.281 42.161 42.062 41.894 41.872 41.703 41.513
334.121 43.209 43.259 43.184 42.991 42.849 42.71 43.07 42.969 42.846 42.704 42.564 42.415 42.974 42.801 42.629 42.509 42.398 42.737 42.595 42.475 42.376 42.208 42.186 42.017 41.826
342.181 43.523 43.572 43.498 43.305 43.162 43.023 43.384 43.282 43.16 43.018 42.878 42.729 43.287 43.115 42.943 42.822 42.712 43.051 42.908 42.789 42.69 42.521 42.5 42.33 42.14
350.4355 43.837 43.886 43.811 43.618 43.476 43.337 43.698 43.596 43.473 43.332 43.191 43.043 43.601 43.428 43.256 43.136 43.025 43.365 43.222 43.102 43.003 42.835 42.813 42.644 42.454
358.8891 44.15 44.2 44.125 43.932 43.789 43.65 44.011 43.909 43.787 43.645 43.505 43.356 43.914 43.742 43.57 43.449 43.339 43.678 43.536 43.416 43.317 43.148 43.127 42.957 42.767
367.5467 44.464 44.513 44.438 44.245 44.103 43.964 44.325 44.223 44.101 43.959 43.818 43.67 44.228 44.055 43.884 43.763 43.652 43.992 43.849 43.729 43.63 43.462 43.44 43.271 43.081
376.4131 44.777 44.827 44.752 44.559 44.417 44.277 44.638 44.537 44.414 44.272 44.132 43.983 44.542 44.369 44.197 44.076 43.966 44.305 44.163 44.043 43.944 43.776 43.754 43.585 43.394
385.4933 45.091 45.14 45.065 44.873 44.73 44.591 44.952 44.85 44.728 44.586 44.445 44.297 44.855 44.683 44.511 44.39 44.279 44.619 44.476 44.356 44.257 44.089 44.067 43.898 43.708
394.7926 45.404 45.454 45.379 45.186 45.044 44.905 45.265 45.164 45.041 44.899 44.759 44.61 45.169 44.996 44.824 44.704 44.593 44.932 44.79 44.67 44.571 44.403 44.381 44.212 44.021
404.3163 45.718 45.767 45.693 45.5 45.357 45.218 45.579 45.477 45.355 45.213 45.072 44.924 45.482 45.31 45.138 45.017 44.907 45.246 45.103 44.984 44.885 44.716 44.695 44.525 44.335
414.0697 46.032 46.081 46.006 45.813 45.671 45.532 45.893 45.791 45.668 45.527 45.386 45.237 45.796 45.623 45.451 45.331 45.22 45.56 45.417 45.297 45.198 45.03 45.008 44.839 44.648
424.0583 46.345 46.395 46.32 46.127 45.984 45.845 46.206 46.104 45.982 45.84 45.7 45.551 46.109 45.937 45.765 45.644 45.534 45.873 45.731 45.611 45.512 45.343 45.322 45.152 44.962
434.2879 46.659 46.708 46.633 46.44 46.298 46.159 46.52 46.418 46.296 46.154 46.013 45.865 46.423 46.25 46.079 45.958 45.847 46.187 46.044 45.924 45.825 45.657 45.635 45.466 45.276
444.7643 46.972 47.022 46.947 46.754 46.612 46.472 46.833 46.732 46.609 46.467 46.327 46.178 46.737 46.564 46.392 46.271 46.161 46.5 46.358 46.238 46.139 45.971 45.949 45.78 45.589
455.4934 47.286 47.335 47.26 47.068 46.925 46.786 47.147 47.045 46.923 46.781 46.64 46.492 47.05 46.878 46.706 46.585 46.474 46.814 46.671 46.551 46.452 46.284 46.262 46.093 45.903
466.4814 47.599 47.649 47.574 47.381 47.239 47.1 47.46 47.359 47.236 47.094 46.954 46.805 47.364 47.191 47.019 46.899 46.788 47.127 46.985 46.865 46.766 46.598 46.576 46.407 46.216
477.7344 47.913 47.962 47.888 47.695 47.552 47.413 47.774 47.672 47.55 47.408 47.267 47.119 47.677 47.505 47.333 47.212 47.102 47.441 47.298 47.179 47.08 46.911 46.89 46.72 46.53
489.2588 48.227 48.276 48.201 48.008 47.866 47.727 48.087 47.986 47.863 47.722 47.581 47.432 47.991 47.818 47.646 47.526 47.415 47.755 47.612 47.492 47.393 47.225 47.203 47.034 46.843
501.0613 48.54 48.59 48.515 48.322 48.179 48.04 48.401 48.299 48.177 48.035 47.895 47.746 48.304 48.132 47.96 47.839 47.729 48.068 47.926 47.806 47.707 47.538 47.517 47.347 47.157
513.1485 48.854 48.903 48.828 48.635 48.493 48.354 48.715 48.613 48.491 48.349 48.208 48.06 48.618 48.445 48.274 48.153 48.042 48.382 48.239 48.119 48.02 47.852 47.83 47.661 47.471
525.5272 49.167 49.217 49.142 48.949 48.806 48.667 49.028 48.927 48.804 48.662 48.522 48.373 48.932 48.759 48.587 48.466 48.356 48.695 48.553 48.433 48.334 48.166 48.144 47.974 47.784
538.2046 49.481 49.53 49.455 49.262 49.12 48.981 49.342 49.24 49.118 48.976 48.835 48.687 49.245 49.073 48.901 48.78 48.669 49.009 48.866 48.746 48.647 48.479 48.457 48.288 48.098
551.1878 49.794 49.844 49.769 49.576 49.434 49.295 49.655 49.554 49.431 49.289 49.149 49.0 49.559 49.386 49.214 49.094 48.983 49.322 49.18 49.06 48.961 48.793 48.771 48.602 48.411
564.4842 50.108 50.157 50.083 49.89 49.747 49.608 49.969 49.867 49.745 49.603 49.462 49.314 49.872 49.7 49.528 49.407 49.296 49.636 49.493 49.374 49.274 49.106 49.085 48.915 48.725
578.1013 50.422 50.471 50.396 50.203 50.061 49.922 50.282 50.181 50.058 49.916 49.776 49.627 50.186 50.013 49.841 49.721 49.61 49.949 49.807 49.687 49.588 49.42 49.398 49.229 49.038
592.0469 50.735 50.785 50.71 50.517 50.374 50.235 50.596 50.494 50.372 50.23 50.09 49.941 50.499 50.327 50.155 50.034 49.924 50.263 50.12 50.001 49.902 49.733 49.712 49.542 49.352
606.329 51.049 51.098 51.023 50.83 50.688 50.549 50.91 50.808 50.685 50.544 50.403 50.255 50.813 50.64 50.469 50.348 50.237 50.577 50.434 50.314 50.215 50.047 50.025 49.856 49.666
620.9555 51.362 51.412 51.337 51.144 51.001 50.862 51.223 51.121 50.999 50.857 50.717 50.568 51.127 50.954 50.782 50.661 50.551 50.89 50.748 50.628 50.529 50.36 50.339 50.169 49.979
635.9349 51.676 51.725 51.65 51.457 51.315 51.176 51.537 51.435 51.313 51.171 51.03 50.882 51.44 51.268 51.096 50.975 50.864 51.204 51.061 50.941 50.842 50.674 50.652 50.483 50.293
651.2757 51.989 52.039 51.964 51.771 51.629 51.489 51.85 51.749 51.626 51.484 51.344 51.195 51.754 51.581 51.409 51.289 51.178 51.517 51.375 51.255 51.156 50.988 50.966 50.797 50.606
666.9865 52.303 52.352 52.278 52.085 51.942 51.803 52.164 52.062 51.94 51.798 51.657 51.509 52.067 51.895 51.723 51.602 51.491 51.831 51.688 51.568 51.469 51.301 51.279 51.11 50.92
683.0763 52.617 52.666 52.591 52.398 52.256 52.117 52.477 52.376 52.253 52.111 51.971 51.822 52.381 52.208 52.036 51.916 51.805 52.144 52.002 51.882 51.783 51.615 51.593 51.424 51.233
699.5543 52.93 52.98 52.905 52.712 52.569 52.43 52.791 52.689 52.567 52.425 52.285 52.136 52.694 52.522 52.35 52.229 52.119 52.458 52.315 52.196 52.097 51.928 51.907 51.737 51.547
716.4297 53.244 53.293 53.218 53.025 52.883 52.744 53.105 53.003 52.88 52.739 52.598 52.45 53.008 52.835 52.663 52.543 52.432 52.772 52.629 52.509 52.41 52.242 52.22 52.051 51.861
733.7123 53.557 53.607 53.532 53.339 53.196 53.057 53.418 53.316 53.194 53.052 52.912 52.763 53.321 53.149 52.977 52.856 52.746 53.085 52.943 52.823 52.724 52.555 52.534 52.364 52.174
751.4117 53.871 53.92 53.845 53.652 53.51 53.371 53.732 53.63 53.508 53.366 53.225 53.077 53.635 53.462 53.291 53.17 53.059 53.399 53.256 53.136 53.037 52.869 52.847 52.678 52.488
769.5381 54.184 54.234 54.159 53.966 53.824 53.684 54.045 53.944 53.821 53.679 53.539 53.39 53.949 53.776 53.604 53.484 53.373 53.712 53.57 53.45 53.351 53.183 53.161 52.992 52.801
788.1018 54.498 54.547 54.473 54.28 54.137 53.998 54.359 54.257 54.135 53.993 53.852 53.704 54.262 54.09 53.918 53.797 53.686 54.026 53.883 53.763 53.664 53.496 53.474 53.305 53.115
807.1133 54.811 54.861 54.786 54.593 54.451 54.312 54.672 54.571 54.448 54.306 54.166 54.017 54.576 54.403 54.231 54.111 54.0 54.339 54.197 54.077 53.978 53.81 53.788 53.619 53.428
826.5834 55.125 55.174 55.1 54.907 54.764 54.625 54.986 54.884 54.762 54.62 54.48 54.331 54.889 54.717 54.545 54.424 54.314 54.653 54.51 54.391 54.292 54.123 54.102 53.932 53.742
846.5232 55.439 55.488 55.413 55.22 55.078 54.939 55.3 55.198 55.075 54.934 54.793 54.645 55.203 55.03 54.858 54.738 54.627 54.967 54.824 54.704 54.605 54.437 54.415 54.246 54.055
866.944 55.752 55.802 55.727 55.534 55.391 55.252 55.613 55.511 55.389 55.247 55.107 54.958 55.516 55.344 55.172 55.051 54.941 55.28 55.138 55.018 54.919 54.75 54.729 54.559 54.369
887.8575 56.066 56.115 56.04 55.847 55.705 55.566 55.927 55.825 55.703 55.561 55.42 55.272 55.83 55.657 55.486 55.365 55.254 55.594 55.451 55.331 55.232 55.064 55.042 54.873 54.683
909.2754 56.379 56.429 56.354 56.161 56.019 55.879 56.24 56.139 56.016 55.874 55.734 55.585 56.144 55.971 55.799 55.678 55.568 55.907 55.765 55.645 55.546 55.378 55.356 55.187 54.996
931.21 56.693 56.742 56.667 56.475 56.332 56.193 56.554 56.452 56.33 56.188 56.047 55.899 56.457 56.285 56.113 55.992 55.881 56.221 56.078 55.958 55.859 55.691 55.669 55.5 55.31
953.6737 57.006 57.056 56.981 56.788 56.646 56.507 56.867 56.766 56.643 56.501 56.361 56.212 56.771 56.598 56.426 56.306 56.195 56.534 56.392 56.272 56.173 56.005 55.983 55.814 55.623
976.6793 57.32 57.369 57.295 57.102 56.959 56.82 57.181 57.079 56.957 56.815 56.674 56.526 57.084 56.912 56.74 56.619 56.509 56.848 56.705 56.586 56.487 56.318 56.297 56.127 55.937
1000.2399 57.634 57.683 57.608 57.415 57.273 57.134 57.494 57.393 57.27 57.129 56.988 56.839 57.398 57.225 57.053 56.933 56.822 57.162 57.019 56.899 56.8 56.632 56.61 56.441 56.25
1024.3688 57.947 57.997 57.922 57.729 57.586 57.447 57.808 57.706 57.584 57.442 57.302 57.153 57.711 57.539 57.367 57.246 57.136 57.475 57.333 57.213 57.114 56.945 56.924 56.754 56.564
1049.0798 58.261 58.31 58.235 58.042 57.9 57.761 58.122 58.02 57.898 57.756 57.615 57.467 58.025 57.852 57.681 57.56 57.449 57.789 57.646 57.526 57.427 57.259 57.237 57.068 56.878
1074.3869 58.574 58.624 58.549 58.356 58.214 58.074 58.435 58.334 58.211 58.069 57.929 57.78 58.339 58.166 57.994 57.873 57.763 58.102 57.96 57.84 57.741 57.573 57.551 57.382 57.191
1100.3045 58.888 58.937 58.862 58.669 58.527 58.388 58.749 58.647 58.525 58.383 58.242 58.094 58.652 58.48 58.308 58.187 58.076 58.416 58.273 58.153 58.054 57.886 57.864 57.695 57.505
1126.8473 59.201 59.251 59.176 58.983 58.841 58.702 59.062 58.961 58.838 58.696 58.556 58.407 58.966 58.793 58.621 58.501 58.39 58.729 58.587 58.467 58.368 58.2 58.178 58.009 57.818
1154.0304 59.515 59.564 59.49 59.297 59.154 59.015 59.376 59.274 59.152 59.01 58.869 58.721 59.279 59.107 58.935 58.814 58.704 59.043 58.9 58.781 58.682 58.513 58.492 58.322 58.132
1181.8693 59.829 59.878 59.803 59.61 59.468 59.329 59.689 59.588 59.465 59.324 59.183 59.034 59.593 59.42 59.248 59.128 59.017 59.357 59.214 59.094 58.995 58.827 58.805 58.636 58.445
1210.3797 60.142 60.192 60.117 59.924 59.781 59.642 60.003 59.901 59.779 59.637 59.497 59.348 59.906 59.734 59.562 59.441 59.331 59.67 59.528 59.408 59.309 59.14 59.119 58.949 58.759
1239.5778 60.456 60.505 60.43 60.237 60.095 59.956 60.317 60.215 60.093 59.951 59.81 59.662 60.22 60.047 59.876 59.755 59.644 59.984 59.841 59.721 59.622 59.454 59.432 59.263 59.073
1269.4803 60.769 60.819 60.744 60.551 60.408 60.269 60.63 60.529 60.406 60.264 60.124 59.975 60.534 60.361 60.189 60.068 59.958 60.297 60.155 60.035 59.936 59.768 59.746 59.576 59.386
1300.1042 61.083 61.132 61.057 60.864 60.722 60.583 60.944 60.842 60.72 60.578 60.437 60.289 60.847 60.675 60.503 60.382 60.271 60.611 60.468 60.348 60.249 60.081 60.059 59.89 59.7
1331.4668 61.396 61.446 61.371 61.178 61.036 60.896 61.257 61.156 61.033 60.891 60.751 60.602 61.161 60.988 60.816 60.696 60.585 60.924 60.782 60.662 60.563 60.395 60.373 60.204 60.013
1363.586 61.71 61.759 61.685 61.492 61.349 61.21 61.571 61.469 61.347 61.205 61.064 60.916 61.474 61.302 61.13 61.009 60.898 61.238 61.095 60.976 60.876 60.708 60.687 60.517 60.327
1396.48 62.024 62.073 61.998 61.805 61.663 61.524 61.884 61.783 61.66 61.518 61.378 61.229 61.788 61.615 61.443 61.323 61.212 61.551 61.409 61.289 61.19 61.022 61.0 60.831 60.64
1430.1675 62.337 62.387 62.312 62.119 61.976 61.837 62.198 62.096 61.974 61.832 61.692 61.543 62.101 61.929 61.757 61.636 61.526 61.865 61.722 61.603 61.504 61.335 61.314 61.144 60.954
1464.6676 62.651 62.7 62.625 62.432 62.29 62.151 62.512 62.41 62.287 62.146 62.005 61.857 62.415 62.242 62.071 61.95 61.839 62.179 62.036 61.916 61.817 61.649 61.627 61.458 61.268
1500.0 62.964 63.014 62.939 62.746 62.603 62.464 62.825 62.723 62.601 62.459 62.319 62.17 62.729 62.556 62.384 62.263 62.153 62.492 62.35 62.23 62.131 61.962 61.941 61.771 61.581
