# %ECSV 1.0
# ---
# datatype:
# - {name: time, datatype: float64}
# - {name: swift_uvot_uvw2, datatype: float64}
# - {name: swift_uvot_uvm2, datatype: float64}
# - {name: swift_uvot_uvw1, datatype: float64}
# - {name: swift_uvot_U, datatype: float64}
# - {name: swift_uvot_B, datatype: float64}
# - {name: swift_uvot_V, datatype: float64}
# - {name: swift_uvot_W, datatype: float64}
# - {name: johnson_U, datatype: float64}
# - {name: johnson_B, datatype: float64}
# - {name: johnson_V, datatype: float64}
# - {name: johnson_R, datatype: float64}
# - {name: johnson_I, datatype: float64}
# - {name: sdss_u, datatype: float64}
# - {name: sdss_g, datatype: float64}
# - {name: sdss_r, datatype: float64}
# - {name: sdss_i, datatype: float64}
# - {name: sdss_z, datatype: float64}
# - {name: PS1_g, datatype: float64}
# - {name: PS1_r, datatype: float64}
# - {name: PS1_i, datatype: float64}
# - {name: PS1_z, datatype: float64}
# - {name: PS1_Y, datatype: float64}
# - {name: PS1_w, datatype: float64}
# - {name: ATLAS_c, datatype: float64}
# - {name: ATLAS_o, datatype: float64}
# - {name: ukirt_J, datatype: float64}
# - {name: ukirt_H, datatype: float64}
# - {name: ukirt_K, datatype: float64}
# - {name: Clear, datatype: float64}
# meta: !!omap
# - comment: [kappa = 3.0, type = villar, mass = 0.006451950121499907, velocity = 0.312, theta_obs = 0.0]
# schema: astropy-2.0
time swift_uvot_uvw2 swift_uvot_uvm2 swift_uvot_uvw1 swift_uvot_U swift_uvot_B swift_uvot_V swift_uvot_W johnson_U johnson_B johnson_V johnson_R johnson_I sdss_u sdss_g sdss_r sdss_i sdss_z PS1_g PS1_r PS1_i PS1_z PS1_Y PS1_w ATLAS_c ATLAS_o ukirt_J ukirt_H ukirt_K Clear
0.001 nan nan nan nan nan nan nan nan nan nan nan nan nan nan nan nan nan nan nan nan nan nan nan nan nan nan nan nan nan
0.00103 -3.689 -3.851 -3.966 -4.118 -4.042 -3.87 -3.928 -4.114 -4.039 -3.863 -3.617 -3.294 -4.117 -3.992 -3.736 -3.497 -3.246 -3.983 -3.748 -3.51 -3.325 -3.243 -3.746 -3.894 -3.636 -2.698 -2.22 -1.646 -3.778
0.001061 -4.523 -4.613 -4.656 -4.665 -4.515 -4.288 -4.564 -4.648 -4.512 -4.279 -3.995 -3.639 -4.653 -4.445 -4.129 -3.859 -3.586 -4.431 -4.145 -3.876 -3.677 -3.602 -4.152 -4.323 -4.017 -3.006 -2.511 -1.922 -4.195
0.001094 -4.972 -5.023 -5.034 -4.973 -4.788 -4.534 -4.922 -4.949 -4.784 -4.525 -4.223 -3.85 -4.956 -4.709 -4.364 -4.079 -3.795 -4.693 -4.382 -4.099 -3.895 -3.826 -4.393 -4.575 -4.245 -3.2 -2.697 -2.101 -4.442
0.001127 -5.279 -5.304 -5.296 -5.191 -4.985 -4.715 -5.173 -5.164 -4.981 -4.706 -4.393 -4.011 -5.171 -4.901 -4.538 -4.244 -3.954 -4.884 -4.558 -4.267 -4.06 -3.997 -4.571 -4.76 -4.416 -3.35 -2.841 -2.242 -4.624
0.001161 -5.513 -5.52 -5.499 -5.365 -5.144 -4.863 -5.37 -5.335 -5.14 -4.853 -4.533 -4.144 -5.342 -5.056 -4.681 -4.381 -4.086 -5.039 -4.702 -4.406 -4.197 -4.139 -4.717 -4.91 -4.557 -3.476 -2.964 -2.361 -4.772
0.001196 -5.704 -5.697 -5.666 -5.51 -5.278 -4.99 -5.533 -5.479 -5.275 -4.98 -4.654 -4.26 -5.486 -5.188 -4.804 -4.5 -4.202 -5.171 -4.827 -4.526 -4.317 -4.263 -4.843 -5.039 -4.679 -3.587 -3.072 -2.468 -4.9
0.001232 -5.866 -5.849 -5.81 -5.637 -5.398 -5.103 -5.674 -5.604 -5.394 -5.093 -4.763 -4.366 -5.612 -5.305 -4.915 -4.607 -4.307 -5.288 -4.938 -4.635 -4.424 -4.374 -4.955 -5.153 -4.788 -3.688 -3.171 -2.565 -5.013
0.001269 -6.007 -5.981 -5.937 -5.752 -5.506 -5.206 -5.8 -5.718 -5.502 -5.196 -4.863 -4.462 -5.725 -5.411 -5.016 -4.705 -4.403 -5.394 -5.04 -4.735 -4.524 -4.476 -5.057 -5.257 -4.888 -3.781 -3.263 -2.656 -5.117
0.001308 -6.134 -6.101 -6.052 -5.856 -5.605 -5.302 -5.913 -5.821 -5.601 -5.292 -4.956 -4.553 -5.829 -5.51 -5.11 -4.797 -4.494 -5.493 -5.135 -4.828 -4.616 -4.571 -5.152 -5.354 -4.981 -3.87 -3.35 -2.742 -5.213
0.001347 -6.248 -6.21 -6.158 -5.953 -5.698 -5.392 -6.017 -5.918 -5.694 -5.382 -5.044 -4.639 -5.926 -5.602 -5.199 -4.884 -4.58 -5.585 -5.225 -4.915 -4.704 -4.661 -5.242 -5.445 -5.069 -3.954 -3.433 -2.824 -5.303
0.001388 -6.353 -6.311 -6.256 -6.044 -5.786 -5.477 -6.114 -6.008 -5.782 -5.467 -5.128 -4.721 -6.016 -5.689 -5.283 -4.967 -4.661 -5.672 -5.309 -4.999 -4.787 -4.746 -5.327 -5.531 -5.153 -4.034 -3.513 -2.903 -5.388
0.00143 -6.451 -6.405 -6.347 -6.131 -5.869 -5.559 -6.205 -6.094 -5.866 -5.549 -5.208 -4.8 -6.102 -5.771 -5.364 -5.047 -4.74 -5.755 -5.39 -5.079 -4.867 -4.828 -5.408 -5.613 -5.233 -4.112 -3.59 -2.98 -5.47
0.001473 -6.543 -6.493 -6.434 -6.213 -5.95 -5.637 -6.291 -6.176 -5.946 -5.627 -5.285 -4.877 -6.184 -5.851 -5.441 -5.124 -4.816 -5.834 -5.469 -5.157 -4.945 -4.907 -5.486 -5.691 -5.31 -4.187 -3.665 -3.054 -5.549
0.001518 -6.629 -6.577 -6.516 -6.292 -6.027 -5.713 -6.373 -6.254 -6.023 -5.703 -5.36 -4.951 -6.262 -5.928 -5.517 -5.198 -4.89 -5.911 -5.544 -5.232 -5.02 -4.983 -5.562 -5.768 -5.385 -4.26 -3.737 -3.126 -5.624
0.001564 -6.711 -6.657 -6.595 -6.367 -6.101 -5.787 -6.451 -6.33 -6.097 -5.777 -5.433 -5.023 -6.338 -6.002 -5.59 -5.271 -4.962 -5.985 -5.617 -5.304 -5.092 -5.056 -5.635 -5.841 -5.458 -4.332 -3.809 -3.197 -5.698
0.001611 -6.789 -6.734 -6.671 -6.441 -6.174 -5.858 -6.527 -6.403 -6.17 -5.848 -5.504 -5.094 -6.411 -6.074 -5.661 -5.341 -5.033 -6.057 -5.689 -5.375 -5.163 -5.128 -5.706 -5.913 -5.529 -4.402 -3.878 -3.267 -5.77
0.00166 -6.864 -6.807 -6.744 -6.512 -6.244 -5.928 -6.599 -6.474 -6.24 -5.918 -5.574 -5.163 -6.483 -6.144 -5.731 -5.411 -5.102 -6.128 -5.759 -5.445 -5.233 -5.198 -5.776 -5.983 -5.599 -4.47 -3.947 -3.335 -5.84
0.00171 -6.936 -6.878 -6.814 -6.581 -6.313 -5.996 -6.67 -6.543 -6.309 -5.987 -5.642 -5.23 -6.552 -6.213 -5.799 -5.479 -5.17 -6.196 -5.827 -5.513 -5.301 -5.266 -5.845 -6.052 -5.667 -4.538 -4.014 -3.402 -5.908
0.001761 -7.005 -6.947 -6.883 -6.649 -6.38 -6.063 -6.738 -6.611 -6.376 -6.054 -5.708 -5.297 -6.619 -6.28 -5.866 -5.545 -5.236 -6.264 -5.894 -5.58 -5.368 -5.333 -5.912 -6.119 -5.734 -4.604 -4.081 -3.469 -5.975
0.001815 -7.072 -7.013 -6.949 -6.715 -6.446 -6.129 -6.804 -6.677 -6.442 -6.119 -5.774 -5.363 -6.685 -6.346 -5.932 -5.611 -5.302 -6.329 -5.96 -5.646 -5.433 -5.399 -5.977 -6.185 -5.8 -4.67 -4.146 -3.534 -6.041
0.00187 -7.137 -7.078 -7.014 -6.78 -6.511 -6.194 -6.869 -6.742 -6.507 -6.184 -5.839 -5.428 -6.75 -6.411 -5.996 -5.676 -5.367 -6.394 -6.024 -5.71 -5.498 -5.464 -6.042 -6.249 -5.864 -4.735 -4.211 -3.599 -6.106
0.001926 -7.2 -7.141 -7.077 -6.844 -6.574 -6.258 -6.932 -6.805 -6.571 -6.248 -5.903 -5.491 -6.814 -6.474 -6.06 -5.74 -5.431 -6.458 -6.088 -5.774 -5.562 -5.528 -6.106 -6.313 -5.928 -4.799 -4.275 -3.663 -6.169
0.001984 -7.261 -7.203 -7.139 -6.906 -6.637 -6.321 -6.994 -6.868 -6.633 -6.311 -5.966 -5.555 -6.876 -6.537 -6.123 -5.803 -5.494 -6.521 -6.151 -5.837 -5.625 -5.591 -6.169 -6.376 -5.991 -4.862 -4.338 -3.726 -6.232
0.002044 -7.32 -7.263 -7.199 -6.967 -6.699 -6.383 -7.055 -6.929 -6.695 -6.373 -6.028 -5.617 -6.938 -6.599 -6.185 -5.865 -5.556 -6.583 -6.213 -5.9 -5.687 -5.653 -6.231 -6.438 -6.053 -4.925 -4.401 -3.789 -6.294
0.002106 -7.379 -7.322 -7.259 -7.028 -6.76 -6.444 -7.114 -6.99 -6.756 -6.434 -6.09 -5.679 -6.998 -6.66 -6.247 -5.927 -5.618 -6.644 -6.275 -5.961 -5.749 -5.714 -6.292 -6.499 -6.115 -4.987 -4.463 -3.852 -6.356
0.00217 -7.435 -7.38 -7.317 -7.087 -6.82 -6.505 -7.173 -7.05 -6.816 -6.495 -6.151 -5.74 -7.058 -6.72 -6.308 -5.988 -5.68 -6.704 -6.335 -6.022 -5.81 -5.774 -6.353 -6.56 -6.176 -5.048 -4.525 -3.913 -6.416
0.002236 -7.491 -7.436 -7.374 -7.146 -6.879 -6.565 -7.23 -7.108 -6.876 -6.555 -6.211 -5.801 -7.117 -6.78 -6.368 -6.049 -5.74 -6.763 -6.396 -6.082 -5.87 -5.834 -6.413 -6.619 -6.236 -5.109 -4.586 -3.975 -6.476
0.002303 -7.545 -7.492 -7.43 -7.204 -6.938 -6.624 -7.287 -7.166 -6.935 -6.614 -6.271 -5.861 -7.175 -6.839 -6.427 -6.109 -5.801 -6.822 -6.455 -6.142 -5.93 -5.894 -6.473 -6.679 -6.296 -5.17 -4.647 -4.036 -6.536
0.002373 -7.599 -7.546 -7.486 -7.261 -6.996 -6.683 -7.342 -7.224 -6.993 -6.673 -6.33 -5.921 -7.232 -6.897 -6.487 -6.168 -5.86 -6.881 -6.514 -6.202 -5.989 -5.952 -6.532 -6.737 -6.355 -5.23 -4.708 -4.096 -6.594
0.002445 -7.651 -7.6 -7.54 -7.318 -7.054 -6.741 -7.397 -7.281 -7.05 -6.731 -6.389 -5.98 -7.289 -6.955 -6.545 -6.227 -5.92 -6.939 -6.573 -6.26 -6.048 -6.011 -6.59 -6.796 -6.414 -5.29 -4.768 -4.157 -6.653
0.002519 -7.702 -7.653 -7.594 -7.374 -7.111 -6.799 -7.451 -7.337 -7.107 -6.789 -6.447 -6.039 -7.345 -7.013 -6.603 -6.286 -5.979 -6.996 -6.631 -6.319 -6.107 -6.068 -6.648 -6.853 -6.473 -5.349 -4.827 -4.217 -6.71
0.002595 -7.753 -7.705 -7.647 -7.429 -7.168 -6.857 -7.505 -7.392 -7.164 -6.847 -6.505 -6.098 -7.401 -7.069 -6.661 -6.344 -6.037 -7.053 -6.688 -6.377 -6.165 -6.126 -6.705 -6.91 -6.53 -5.408 -4.887 -4.276 -6.768
0.002673 -7.802 -7.756 -7.699 -7.484 -7.224 -6.913 -7.557 -7.448 -7.22 -6.904 -6.563 -6.156 -7.456 -7.126 -6.719 -6.402 -6.096 -7.109 -6.745 -6.434 -6.222 -6.183 -6.763 -6.967 -6.588 -5.467 -4.946 -4.335 -6.825
0.002754 -7.851 -7.807 -7.751 -7.538 -7.279 -6.97 -7.609 -7.502 -7.276 -6.96 -6.62 -6.213 -7.51 -7.182 -6.776 -6.459 -6.153 -7.165 -6.802 -6.491 -6.28 -6.239 -6.819 -7.024 -6.645 -5.526 -5.004 -4.395 -6.881
0.002837 -7.899 -7.857 -7.802 -7.592 -7.334 -7.026 -7.661 -7.556 -7.331 -7.016 -6.677 -6.271 -7.564 -7.237 -6.832 -6.517 -6.211 -7.22 -6.858 -6.548 -6.337 -6.295 -6.876 -7.079 -6.702 -5.584 -5.063 -4.453 -6.937
0.002923 -7.946 -7.906 -7.853 -7.646 -7.389 -7.082 -7.712 -7.61 -7.385 -7.072 -6.734 -6.328 -7.618 -7.292 -6.888 -6.573 -6.268 -7.275 -6.914 -6.605 -6.393 -6.351 -6.932 -7.135 -6.759 -5.642 -5.121 -4.512 -6.993
0.003012 -7.992 -7.954 -7.902 -7.698 -7.443 -7.137 -7.762 -7.663 -7.44 -7.128 -6.79 -6.385 -7.671 -7.347 -6.944 -6.63 -6.325 -7.33 -6.97 -6.661 -6.45 -6.407 -6.987 -7.19 -6.815 -5.699 -5.179 -4.57 -7.048
0.003103 -8.038 -8.002 -7.952 -7.751 -7.497 -7.193 -7.812 -7.716 -7.494 -7.183 -6.846 -6.442 -7.724 -7.401 -7.0 -6.686 -6.382 -7.384 -7.026 -6.717 -6.506 -6.462 -7.043 -7.245 -6.871 -5.757 -5.237 -4.628 -7.103
0.003196 -8.083 -8.05 -8.0 -7.803 -7.551 -7.247 -7.861 -7.768 -7.547 -7.238 -6.901 -6.498 -7.776 -7.455 -7.055 -6.742 -6.438 -7.438 -7.081 -6.773 -6.561 -6.517 -7.098 -7.3 -6.926 -5.814 -5.295 -4.686 -7.158
0.003293 -8.128 -8.096 -8.049 -7.855 -7.604 -7.302 -7.909 -7.82 -7.601 -7.292 -6.957 -6.554 -7.828 -7.509 -7.11 -6.798 -6.495 -7.492 -7.135 -6.828 -6.617 -6.571 -7.152 -7.354 -6.981 -5.871 -5.352 -4.744 -7.212
0.003393 -8.172 -8.143 -8.096 -7.906 -7.657 -7.356 -7.958 -7.871 -7.654 -7.346 -7.012 -6.61 -7.879 -7.562 -7.165 -6.853 -6.551 -7.545 -7.19 -6.883 -6.672 -6.626 -7.207 -7.408 -7.036 -5.928 -5.409 -4.801 -7.267
0.003495 -8.215 -8.188 -8.144 -7.957 -7.71 -7.41 -8.006 -7.922 -7.706 -7.4 -7.067 -6.666 -7.93 -7.615 -7.22 -6.909 -6.606 -7.598 -7.244 -6.938 -6.727 -6.68 -7.261 -7.461 -7.091 -5.984 -5.466 -4.859 -7.32
0.003601 -8.258 -8.233 -8.19 -8.007 -7.762 -7.464 -8.053 -7.973 -7.758 -7.454 -7.121 -6.721 -7.981 -7.668 -7.274 -6.964 -6.662 -7.651 -7.298 -6.993 -6.782 -6.734 -7.315 -7.515 -7.146 -6.041 -5.523 -4.916 -7.374
0.00371 -8.3 -8.278 -8.237 -8.057 -7.814 -7.517 -8.1 -8.024 -7.81 -7.507 -7.176 -6.776 -8.031 -7.721 -7.328 -7.018 -6.717 -7.704 -7.352 -7.047 -6.836 -6.787 -7.368 -7.568 -7.2 -6.097 -5.579 -4.973 -7.427
0.003822 -8.341 -8.322 -8.282 -8.107 -7.866 -7.57 -8.146 -8.074 -7.862 -7.56 -7.23 -6.831 -8.082 -7.773 -7.382 -7.073 -6.772 -7.756 -7.405 -7.101 -6.891 -6.841 -7.422 -7.621 -7.254 -6.153 -5.636 -5.03 -7.48
0.003938 -8.383 -8.366 -8.328 -8.157 -7.917 -7.623 -8.192 -8.124 -7.914 -7.613 -7.284 -6.886 -8.131 -7.825 -7.435 -7.127 -6.827 -7.808 -7.459 -7.155 -6.945 -6.894 -7.475 -7.673 -7.308 -6.209 -5.692 -5.086 -7.533
0.004057 -8.423 -8.409 -8.373 -8.206 -7.968 -7.676 -8.238 -8.173 -7.965 -7.666 -7.337 -6.941 -8.181 -7.876 -7.488 -7.181 -6.882 -7.859 -7.512 -7.209 -6.999 -6.947 -7.528 -7.725 -7.362 -6.264 -5.748 -5.143 -7.586
0.00418 -8.463 -8.452 -8.417 -8.254 -8.019 -7.728 -8.283 -8.222 -8.016 -7.718 -7.391 -6.995 -8.23 -7.928 -7.541 -7.235 -6.937 -7.911 -7.564 -7.263 -7.053 -7.0 -7.58 -7.778 -7.415 -6.32 -5.804 -5.199 -7.638
0.004306 -8.503 -8.494 -8.462 -8.303 -8.07 -7.78 -8.328 -8.271 -8.066 -7.771 -7.444 -7.049 -8.279 -7.979 -7.594 -7.289 -6.991 -7.962 -7.617 -7.316 -7.106 -7.053 -7.633 -7.829 -7.468 -6.375 -5.86 -5.255 -7.69
0.004436 -8.542 -8.536 -8.505 -8.351 -8.12 -7.832 -8.373 -8.32 -8.117 -7.823 -7.497 -7.103 -8.327 -8.03 -7.647 -7.343 -7.045 -8.013 -7.669 -7.369 -7.16 -7.105 -7.685 -7.881 -7.521 -6.43 -5.916 -5.311 -7.742
0.00457 -8.58 -8.578 -8.549 -8.399 -8.17 -7.884 -8.417 -8.368 -8.167 -7.874 -7.55 -7.157 -8.375 -8.081 -7.7 -7.396 -7.099 -8.064 -7.722 -7.422 -7.213 -7.158 -7.737 -7.932 -7.574 -6.485 -5.971 -5.367 -7.793
0.004709 -8.618 -8.619 -8.592 -8.447 -8.22 -7.935 -8.461 -8.416 -8.217 -7.926 -7.603 -7.211 -8.423 -8.131 -7.752 -7.449 -7.153 -8.114 -7.774 -7.475 -7.266 -7.21 -7.789 -7.984 -7.627 -6.54 -6.027 -5.423 -7.845
0.004851 -8.656 -8.659 -8.635 -8.494 -8.27 -7.987 -8.505 -8.464 -8.266 -7.977 -7.655 -7.265 -8.471 -8.181 -7.804 -7.502 -7.207 -8.164 -7.826 -7.528 -7.319 -7.262 -7.841 -8.034 -7.679 -6.595 -6.082 -5.479 -7.896
0.004998 -8.693 -8.699 -8.677 -8.541 -8.319 -8.038 -8.548 -8.511 -8.316 -8.029 -7.708 -7.318 -8.519 -8.231 -7.856 -7.555 -7.261 -8.214 -7.877 -7.58 -7.372 -7.314 -7.892 -8.085 -7.732 -6.649 -6.137 -5.535 -7.947
0.005149 -8.73 -8.739 -8.719 -8.588 -8.368 -8.089 -8.591 -8.558 -8.365 -8.08 -7.76 -7.372 -8.566 -8.281 -7.908 -7.608 -7.314 -8.264 -7.929 -7.633 -7.424 -7.365 -7.943 -8.136 -7.784 -6.704 -6.192 -5.59 -7.998
0.005305 -8.766 -8.779 -8.76 -8.634 -8.417 -8.14 -8.633 -8.605 -8.414 -8.13 -7.812 -7.425 -8.613 -8.331 -7.959 -7.661 -7.368 -8.314 -7.98 -7.685 -7.477 -7.417 -7.994 -8.186 -7.836 -6.758 -6.247 -5.646 -8.049
0.005465 -8.802 -8.817 -8.801 -8.681 -8.466 -8.19 -8.676 -8.652 -8.463 -8.181 -7.864 -7.478 -8.659 -8.38 -8.011 -7.713 -7.421 -8.363 -8.031 -7.737 -7.529 -7.469 -8.045 -8.236 -7.887 -6.813 -6.302 -5.701 -8.099
0.00563 -8.838 -8.856 -8.842 -8.727 -8.515 -8.241 -8.717 -8.698 -8.511 -8.231 -7.916 -7.531 -8.706 -8.429 -8.062 -7.765 -7.474 -8.412 -8.082 -7.789 -7.581 -7.52 -8.096 -8.286 -7.939 -6.867 -6.357 -5.756 -8.15
0.005801 -8.873 -8.894 -8.883 -8.772 -8.563 -8.291 -8.759 -8.745 -8.559 -8.282 -7.967 -7.583 -8.752 -8.478 -8.113 -7.818 -7.527 -8.461 -8.133 -7.841 -7.633 -7.571 -8.147 -8.336 -7.991 -6.921 -6.412 -5.812 -8.2
0.005976 -8.907 -8.932 -8.923 -8.818 -8.611 -8.341 -8.8 -8.791 -8.607 -8.332 -8.019 -7.636 -8.798 -8.527 -8.164 -7.87 -7.579 -8.51 -8.183 -7.892 -7.685 -7.622 -8.197 -8.386 -8.042 -6.975 -6.466 -5.867 -8.25
0.006157 -8.941 -8.969 -8.963 -8.863 -8.659 -8.391 -8.841 -8.836 -8.655 -8.382 -8.07 -7.688 -8.843 -8.575 -8.214 -7.921 -7.632 -8.559 -8.234 -7.944 -7.737 -7.673 -8.247 -8.435 -8.093 -7.029 -6.521 -5.922 -8.299
0.006343 -8.975 -9.006 -9.002 -8.908 -8.706 -8.44 -8.882 -8.882 -8.703 -8.431 -8.121 -7.741 -8.888 -8.624 -8.265 -7.973 -7.685 -8.607 -8.284 -7.995 -7.789 -7.724 -8.297 -8.484 -8.144 -7.082 -6.575 -5.976 -8.349
0.006535 -9.008 -9.043 -9.041 -8.953 -8.754 -8.49 -8.922 -8.927 -8.75 -8.481 -8.172 -7.793 -8.934 -8.672 -8.315 -8.025 -7.737 -8.655 -8.334 -8.046 -7.841 -7.775 -8.347 -8.533 -8.195 -7.136 -6.629 -6.031 -8.398
0.006732 -9.041 -9.079 -9.08 -8.997 -8.801 -8.539 -8.963 -8.972 -8.798 -8.53 -8.223 -7.845 -8.978 -8.72 -8.366 -8.076 -7.789 -8.704 -8.384 -8.098 -7.892 -7.826 -8.397 -8.582 -8.246 -7.189 -6.683 -6.086 -8.448
0.006936 -9.074 -9.115 -9.118 -9.041 -8.848 -8.589 -9.002 -9.016 -8.845 -8.579 -8.273 -7.897 -9.023 -8.767 -8.416 -8.127 -7.842 -8.751 -8.434 -8.149 -7.943 -7.877 -8.447 -8.631 -8.296 -7.243 -6.737 -6.141 -8.497
0.007146 -9.106 -9.15 -9.157 -9.085 -8.895 -8.638 -9.042 -9.061 -8.892 -8.628 -8.324 -7.949 -9.067 -8.815 -8.466 -8.179 -7.894 -8.799 -8.484 -8.199 -7.995 -7.927 -8.496 -8.68 -8.347 -7.296 -6.791 -6.195 -8.546
0.007362 -9.137 -9.185 -9.194 -9.129 -8.942 -8.686 -9.081 -9.105 -8.938 -8.677 -8.374 -8.001 -9.112 -8.862 -8.516 -8.23 -7.946 -8.847 -8.534 -8.25 -8.046 -7.977 -8.545 -8.728 -8.397 -7.349 -6.845 -6.25 -8.594
0.007585 -9.169 -9.22 -9.232 -9.172 -8.988 -8.735 -9.12 -9.149 -8.985 -8.726 -8.425 -8.052 -9.155 -8.91 -8.565 -8.281 -7.997 -8.894 -8.583 -8.301 -8.097 -8.028 -8.594 -8.776 -8.447 -7.402 -6.899 -6.304 -8.643
0.007814 -9.199 -9.254 -9.269 -9.216 -9.034 -8.784 -9.159 -9.193 -9.031 -8.775 -8.475 -8.104 -9.199 -8.957 -8.615 -8.331 -8.049 -8.941 -8.632 -8.351 -8.148 -8.078 -8.643 -8.824 -8.497 -7.456 -6.953 -6.359 -8.691
0.00805 -9.23 -9.288 -9.306 -9.259 -9.08 -8.832 -9.197 -9.236 -9.077 -8.823 -8.525 -8.155 -9.243 -9.004 -8.664 -8.382 -8.101 -8.988 -8.681 -8.402 -8.199 -8.128 -8.692 -8.872 -8.547 -7.508 -7.007 -6.413 -8.74
0.008294 -9.26 -9.322 -9.342 -9.301 -9.126 -8.88 -9.235 -9.28 -9.123 -8.871 -8.574 -8.206 -9.286 -9.05 -8.713 -8.433 -8.152 -9.035 -8.73 -8.452 -8.249 -8.178 -8.741 -8.92 -8.597 -7.561 -7.06 -6.467 -8.788
0.008545 -9.289 -9.355 -9.378 -9.344 -9.172 -8.928 -9.273 -9.323 -9.168 -8.919 -8.624 -8.258 -9.329 -9.097 -8.762 -8.483 -8.204 -9.081 -8.779 -8.502 -8.3 -8.228 -8.789 -8.967 -8.646 -7.614 -7.114 -6.521 -8.836
0.008803 -9.319 -9.388 -9.414 -9.386 -9.217 -8.976 -9.311 -9.365 -9.214 -8.967 -8.674 -8.309 -9.371 -9.143 -8.811 -8.533 -8.255 -9.128 -8.828 -8.552 -8.35 -8.278 -8.838 -9.015 -8.696 -7.667 -7.167 -6.575 -8.884
0.009069 -9.347 -9.42 -9.449 -9.428 -9.263 -9.024 -9.348 -9.408 -9.259 -9.015 -8.723 -8.36 -9.414 -9.189 -8.86 -8.584 -8.306 -9.174 -8.877 -8.602 -8.401 -8.328 -8.886 -9.062 -8.745 -7.719 -7.221 -6.629 -8.931
0.009344 -9.376 -9.452 -9.485 -9.47 -9.308 -9.071 -9.385 -9.45 -9.304 -9.063 -8.773 -8.411 -9.456 -9.235 -8.909 -8.634 -8.357 -9.22 -8.925 -8.652 -8.451 -8.378 -8.934 -9.109 -8.794 -7.772 -7.274 -6.683 -8.979
0.009626 -9.404 -9.484 -9.519 -9.511 -9.353 -9.119 -9.422 -9.492 -9.349 -9.11 -8.822 -8.461 -9.498 -9.281 -8.957 -8.684 -8.408 -9.266 -8.973 -8.701 -8.501 -8.427 -8.982 -9.156 -8.843 -7.824 -7.327 -6.737 -9.026
0.009917 -9.431 -9.515 -9.554 -9.552 -9.397 -9.166 -9.459 -9.534 -9.394 -9.157 -8.871 -8.512 -9.54 -9.326 -9.006 -8.733 -8.459 -9.312 -9.022 -8.751 -8.551 -8.477 -9.03 -9.202 -8.892 -7.877 -7.38 -6.791 -9.073
0.010217 -9.458 -9.546 -9.588 -9.593 -9.442 -9.213 -9.495 -9.576 -9.438 -9.204 -8.92 -8.562 -9.581 -9.372 -9.054 -8.783 -8.51 -9.358 -9.07 -8.8 -8.601 -8.526 -9.077 -9.249 -8.941 -7.929 -7.433 -6.845 -9.12
0.010526 -9.485 -9.576 -9.622 -9.634 -9.486 -9.26 -9.531 -9.617 -9.483 -9.251 -8.969 -8.613 -9.623 -9.417 -9.102 -8.833 -8.56 -9.403 -9.118 -8.849 -8.651 -8.576 -9.125 -9.295 -8.99 -7.981 -7.486 -6.898 -9.167
0.010845 -9.511 -9.606 -9.655 -9.675 -9.53 -9.307 -9.566 -9.658 -9.527 -9.298 -9.017 -8.663 -9.664 -9.462 -9.15 -8.882 -8.611 -9.448 -9.165 -8.899 -8.701 -8.625 -9.172 -9.342 -9.038 -8.033 -7.539 -6.952 -9.214
0.011173 -9.537 -9.636 -9.688 -9.715 -9.574 -9.353 -9.602 -9.699 -9.571 -9.345 -9.066 -8.713 -9.704 -9.507 -9.198 -8.932 -8.661 -9.493 -9.213 -8.948 -8.751 -8.674 -9.219 -9.388 -9.087 -8.085 -7.592 -7.006 -9.261
0.011511 -9.562 -9.665 -9.721 -9.755 -9.618 -9.4 -9.637 -9.74 -9.614 -9.391 -9.114 -8.763 -9.745 -9.551 -9.246 -8.981 -8.712 -9.538 -9.26 -8.997 -8.8 -8.723 -9.266 -9.434 -9.135 -8.137 -7.645 -7.059 -9.307
0.011859 -9.587 -9.694 -9.753 -9.795 -9.661 -9.446 -9.672 -9.78 -9.658 -9.438 -9.163 -8.813 -9.785 -9.596 -9.293 -9.03 -8.762 -9.583 -9.308 -9.046 -8.85 -8.772 -9.313 -9.479 -9.183 -8.189 -7.698 -7.113 -9.353
0.012217 -9.612 -9.723 -9.786 -9.834 -9.705 -9.492 -9.707 -9.82 -9.701 -9.484 -9.211 -8.863 -9.825 -9.64 -9.341 -9.079 -8.812 -9.627 -9.355 -9.094 -8.899 -8.821 -9.36 -9.525 -9.231 -8.241 -7.75 -7.166 -9.4
0.012587 -9.636 -9.751 -9.817 -9.874 -9.748 -9.538 -9.741 -9.86 -9.744 -9.53 -9.259 -8.913 -9.865 -9.684 -9.388 -9.128 -8.862 -9.672 -9.402 -9.143 -8.949 -8.87 -9.406 -9.57 -9.279 -8.293 -7.803 -7.219 -9.446
0.012968 -9.66 -9.778 -9.849 -9.913 -9.791 -9.584 -9.775 -9.9 -9.787 -9.576 -9.307 -8.963 -9.905 -9.728 -9.435 -9.177 -8.912 -9.716 -9.449 -9.191 -8.998 -8.919 -9.453 -9.616 -9.327 -8.344 -7.855 -7.273 -9.491
0.01336 -9.683 -9.806 -9.88 -9.951 -9.833 -9.63 -9.809 -9.939 -9.83 -9.622 -9.354 -9.012 -9.944 -9.772 -9.482 -9.225 -8.962 -9.76 -9.496 -9.24 -9.047 -8.968 -9.499 -9.661 -9.375 -8.396 -7.908 -7.326 -9.537
0.013764 -9.706 -9.832 -9.911 -9.99 -9.876 -9.676 -9.843 -9.979 -9.873 -9.667 -9.402 -9.062 -9.983 -9.816 -9.529 -9.274 -9.012 -9.804 -9.542 -9.288 -9.096 -9.017 -9.545 -9.705 -9.422 -8.447 -7.96 -7.379 -9.583
0.01418 -9.729 -9.859 -9.941 -10.028 -9.918 -9.721 -9.876 -10.018 -9.915 -9.713 -9.45 -9.111 -10.022 -9.859 -9.576 -9.322 -9.061 -9.848 -9.589 -9.336 -9.145 -9.065 -9.591 -9.75 -9.47 -8.499 -8.013 -7.432 -9.628
0.014609 -9.751 -9.885 -9.971 -10.066 -9.96 -9.766 -9.909 -10.056 -9.957 -9.758 -9.497 -9.161 -10.061 -9.902 -9.622 -9.371 -9.111 -9.891 -9.635 -9.384 -9.194 -9.114 -9.637 -9.795 -9.517 -8.55 -8.065 -7.485 -9.673
0.015051 -9.772 -9.911 -10.001 -10.104 -10.002 -9.811 -9.942 -10.095 -9.999 -9.803 -9.544 -9.21 -10.099 -9.945 -9.669 -9.419 -9.16 -9.934 -9.682 -9.432 -9.243 -9.162 -9.683 -9.839 -9.564 -8.601 -8.117 -7.538 -9.718
0.015506 -9.793 -9.936 -10.03 -10.141 -10.044 -9.856 -9.974 -10.133 -10.041 -9.848 -9.591 -9.259 -10.137 -9.988 -9.715 -9.467 -9.21 -9.977 -9.728 -9.48 -9.291 -9.211 -9.729 -9.883 -9.611 -8.652 -8.169 -7.591 -9.763
0.015975 -9.814 -9.961 -10.059 -10.178 -10.086 -9.901 -10.007 -10.171 -10.082 -9.893 -9.638 -9.308 -10.175 -10.031 -9.761 -9.515 -9.259 -10.02 -9.774 -9.528 -9.34 -9.259 -9.774 -9.928 -9.658 -8.703 -8.222 -7.644 -9.808
0.016458 -9.834 -9.985 -10.087 -10.215 -10.127 -9.945 -10.039 -10.209 -10.124 -9.937 -9.685 -9.357 -10.212 -10.073 -9.807 -9.563 -9.308 -10.063 -9.82 -9.576 -9.389 -9.307 -9.819 -9.971 -9.705 -8.755 -8.274 -7.697 -9.853
0.016956 -9.854 -10.009 -10.116 -10.252 -10.168 -9.99 -10.071 -10.246 -10.165 -9.982 -9.732 -9.406 -10.25 -10.115 -9.853 -9.61 -9.357 -10.106 -9.865 -9.623 -9.437 -9.356 -9.864 -10.015 -9.751 -8.805 -8.326 -7.75 -9.897
0.017469 -9.873 -10.032 -10.144 -10.288 -10.209 -10.034 -10.102 -10.283 -10.206 -10.026 -9.779 -9.454 -10.287 -10.157 -9.899 -9.658 -9.406 -10.148 -9.911 -9.671 -9.485 -9.404 -9.909 -10.059 -9.798 -8.856 -8.378 -7.803 -9.941
0.017997 -9.892 -10.055 -10.171 -10.324 -10.249 -10.078 -10.133 -10.32 -10.246 -10.07 -9.825 -9.503 -10.324 -10.199 -9.944 -9.705 -9.455 -10.19 -9.956 -9.718 -9.533 -9.452 -9.954 -10.102 -9.844 -8.907 -8.429 -7.855 -9.985
0.018541 -9.911 -10.078 -10.198 -10.36 -10.29 -10.122 -10.164 -10.357 -10.287 -10.114 -9.872 -9.551 -10.36 -10.241 -9.99 -9.753 -9.504 -10.232 -10.002 -9.765 -9.581 -9.5 -9.999 -10.145 -9.89 -8.958 -8.481 -7.908 -10.029
0.019102 -9.929 -10.1 -10.225 -10.396 -10.33 -10.166 -10.195 -10.393 -10.327 -10.158 -9.918 -9.6 -10.396 -10.282 -10.035 -9.8 -9.552 -10.274 -10.047 -9.812 -9.63 -9.548 -10.044 -10.188 -9.937 -9.009 -8.533 -7.961 -10.073
0.01968 -9.946 -10.122 -10.251 -10.431 -10.37 -10.209 -10.226 -10.429 -10.367 -10.202 -9.964 -9.648 -10.432 -10.323 -10.08 -9.847 -9.601 -10.316 -10.092 -9.859 -9.677 -9.595 -10.088 -10.231 -9.982 -9.059 -8.585 -8.013 -10.117
0.020275 -9.963 -10.143 -10.277 -10.466 -10.41 -10.253 -10.256 -10.465 -10.407 -10.245 -10.01 -9.696 -10.468 -10.365 -10.125 -9.894 -9.649 -10.357 -10.137 -9.906 -9.725 -9.643 -10.132 -10.274 -10.028 -9.11 -8.636 -8.066 -10.16
0.020888 -9.98 -10.164 -10.303 -10.501 -10.45 -10.296 -10.286 -10.501 -10.447 -10.289 -10.056 -9.744 -10.503 -10.405 -10.17 -9.941 -9.698 -10.398 -10.181 -9.953 -9.773 -9.691 -10.176 -10.316 -10.074 -9.16 -8.688 -8.118 -10.204
0.02152 -9.996 -10.184 -10.328 -10.535 -10.489 -10.339 -10.315 -10.536 -10.486 -10.332 -10.101 -9.792 -10.539 -10.446 -10.215 -9.988 -9.746 -10.44 -10.226 -9.999 -9.821 -9.738 -10.22 -10.359 -10.119 -9.21 -8.739 -8.171 -10.247
0.022171 -10.012 -10.204 -10.353 -10.569 -10.528 -10.382 -10.345 -10.571 -10.525 -10.375 -10.147 -9.84 -10.573 -10.486 -10.259 -10.035 -9.794 -10.48 -10.27 -10.046 -9.868 -9.786 -10.264 -10.401 -10.165 -9.261 -8.791 -8.223 -10.29
0.022841 -10.027 -10.223 -10.378 -10.603 -10.567 -10.425 -10.374 -10.606 -10.564 -10.417 -10.192 -9.887 -10.608 -10.527 -10.304 -10.081 -9.842 -10.521 -10.315 -10.092 -9.915 -9.833 -10.307 -10.443 -10.21 -9.311 -8.842 -8.276 -10.333
0.023532 -10.041 -10.242 -10.402 -10.637 -10.606 -10.467 -10.403 -10.64 -10.603 -10.46 -10.238 -9.935 -10.642 -10.567 -10.348 -10.127 -9.89 -10.562 -10.359 -10.138 -9.963 -9.881 -10.351 -10.485 -10.255 -9.361 -8.893 -8.328 -10.376
0.024244 -10.056 -10.261 -10.425 -10.67 -10.644 -10.51 -10.431 -10.674 -10.641 -10.502 -10.283 -9.983 -10.676 -10.607 -10.392 -10.174 -9.938 -10.602 -10.403 -10.184 -10.01 -9.928 -10.394 -10.526 -10.3 -9.411 -8.945 -8.38 -10.418
0.024977 -10.069 -10.279 -10.449 -10.703 -10.682 -10.552 -10.46 -10.708 -10.68 -10.545 -10.328 -10.03 -10.71 -10.646 -10.436 -10.22 -9.986 -10.642 -10.446 -10.23 -10.057 -9.975 -10.437 -10.568 -10.345 -9.461 -8.996 -8.432 -10.46
0.025733 -10.082 -10.296 -10.471 -10.735 -10.72 -10.594 -10.488 -10.742 -10.718 -10.587 -10.373 -10.077 -10.743 -10.686 -10.48 -10.266 -10.033 -10.682 -10.49 -10.276 -10.104 -10.022 -10.48 -10.609 -10.39 -9.511 -9.047 -8.484 -10.503
0.026511 -10.095 -10.313 -10.494 -10.768 -10.758 -10.636 -10.516 -10.775 -10.755 -10.629 -10.417 -10.124 -10.776 -10.725 -10.523 -10.312 -10.081 -10.721 -10.534 -10.322 -10.151 -10.069 -10.523 -10.65 -10.434 -9.561 -9.098 -8.536 -10.545
0.027313 -10.107 -10.33 -10.516 -10.8 -10.796 -10.677 -10.543 -10.808 -10.793 -10.67 -10.462 -10.171 -10.809 -10.764 -10.567 -10.358 -10.128 -10.761 -10.577 -10.368 -10.198 -10.116 -10.566 -10.691 -10.479 -9.611 -9.149 -8.589 -10.587
0.028139 -10.119 -10.346 -10.537 -10.831 -10.833 -10.719 -10.571 -10.84 -10.83 -10.712 -10.506 -10.218 -10.842 -10.802 -10.61 -10.403 -10.176 -10.8 -10.62 -10.413 -10.244 -10.163 -10.608 -10.731 -10.523 -9.66 -9.2 -8.641 -10.628
0.02899 -10.13 -10.361 -10.559 -10.863 -10.87 -10.76 -10.598 -10.873 -10.867 -10.753 -10.551 -10.265 -10.874 -10.841 -10.653 -10.449 -10.223 -10.839 -10.663 -10.458 -10.291 -10.21 -10.65 -10.772 -10.567 -9.71 -9.251 -8.692 -10.67
0.029867 -10.141 -10.376 -10.579 -10.894 -10.907 -10.801 -10.624 -10.905 -10.904 -10.794 -10.595 -10.312 -10.906 -10.879 -10.696 -10.494 -10.27 -10.878 -10.706 -10.504 -10.338 -10.256 -10.692 -10.812 -10.611 -9.759 -9.302 -8.744 -10.711
0.03077 -10.151 -10.39 -10.6 -10.925 -10.943 -10.842 -10.651 -10.937 -10.94 -10.835 -10.639 -10.358 -10.937 -10.917 -10.739 -10.539 -10.317 -10.916 -10.749 -10.549 -10.384 -10.303 -10.734 -10.852 -10.655 -9.809 -9.352 -8.796 -10.752
0.031701 -10.161 -10.404 -10.62 -10.955 -10.979 -10.882 -10.677 -10.968 -10.977 -10.876 -10.683 -10.405 -10.968 -10.955 -10.782 -10.584 -10.364 -10.955 -10.791 -10.594 -10.43 -10.349 -10.776 -10.892 -10.698 -9.858 -9.403 -8.848 -10.793
0.032659 -10.17 -10.418 -10.639 -10.985 -11.015 -10.923 -10.703 -10.999 -11.013 -10.916 -10.726 -10.451 -10.999 -10.992 -10.824 -10.629 -10.41 -10.993 -10.833 -10.638 -10.476 -10.396 -10.818 -10.932 -10.742 -9.907 -9.454 -8.9 -10.834
0.033647 -10.178 -10.431 -10.658 -11.015 -11.051 -10.963 -10.728 -11.03 -11.049 -10.957 -10.77 -10.498 -11.03 -11.03 -10.866 -10.674 -10.457 -11.031 -10.876 -10.683 -10.522 -10.442 -10.859 -10.971 -10.785 -9.957 -9.504 -8.951 -10.874
0.034665 -10.186 -10.443 -10.677 -11.044 -11.086 -11.003 -10.754 -11.06 -11.084 -10.997 -10.813 -10.544 -11.06 -11.067 -10.908 -10.719 -10.503 -11.068 -10.918 -10.728 -10.568 -10.488 -10.9 -11.01 -10.828 -10.006 -9.555 -9.003 -10.915
0.035713 -10.194 -10.455 -10.695 -11.073 -11.122 -11.043 -10.779 -11.09 -11.119 -11.037 -10.856 -10.59 -11.09 -11.104 -10.95 -10.763 -10.55 -11.106 -10.959 -10.772 -10.614 -10.534 -10.941 -11.049 -10.871 -10.055 -9.605 -9.055 -10.955
0.036793 -10.201 -10.466 -10.713 -11.102 -11.157 -11.083 -10.804 -11.12 -11.154 -11.076 -10.899 -10.635 -11.119 -11.14 -10.992 -10.808 -10.596 -11.143 -11.001 -10.816 -10.66 -10.581 -10.982 -11.088 -10.914 -10.104 -9.656 -9.106 -10.995
0.037906 -10.207 -10.476 -10.73 -11.13 -11.191 -11.122 -10.828 -11.149 -11.189 -11.116 -10.942 -10.681 -11.149 -11.177 -11.034 -10.852 -10.642 -11.18 -11.043 -10.86 -10.705 -10.626 -11.023 -11.126 -10.957 -10.153 -9.706 -9.158 -11.035
0.039052 -10.213 -10.486 -10.747 -11.158 -11.226 -11.161 -10.853 -11.179 -11.223 -11.155 -10.985 -10.727 -11.177 -11.213 -11.075 -10.896 -10.688 -11.216 -11.084 -10.904 -10.751 -10.672 -11.063 -11.165 -10.999 -10.201 -9.756 -9.209 -11.075
0.040234 -10.218 -10.496 -10.763 -11.185 -11.26 -11.2 -10.876 -11.207 -11.258 -11.194 -11.027 -10.772 -11.206 -11.249 -11.116 -10.94 -10.734 -11.253 -11.125 -10.948 -10.796 -10.718 -11.104 -11.203 -11.041 -10.25 -9.806 -9.26 -11.114
0.04145 -10.223 -10.505 -10.779 -11.213 -11.293 -11.239 -10.9 -11.236 -11.291 -11.233 -11.07 -10.818 -11.234 -11.284 -11.157 -10.984 -10.78 -11.289 -11.166 -10.992 -10.841 -10.764 -11.144 -11.241 -11.083 -10.299 -9.856 -9.312 -11.153
0.042704 -10.227 -10.513 -10.794 -11.239 -11.327 -11.277 -10.924 -11.264 -11.325 -11.272 -11.112 -10.863 -11.262 -11.319 -11.198 -11.027 -10.826 -11.325 -11.207 -11.035 -10.886 -10.809 -11.184 -11.278 -11.125 -10.347 -9.907 -9.363 -11.192
0.043996 -10.231 -10.521 -10.809 -11.266 -11.36 -11.316 -10.947 -11.291 -11.358 -11.31 -11.154 -10.908 -11.289 -11.354 -11.239 -11.071 -10.871 -11.361 -11.247 -11.079 -10.931 -10.855 -11.223 -11.316 -11.167 -10.395 -9.956 -9.414 -11.231
0.045326 -10.234 -10.528 -10.823 -11.292 -11.393 -11.354 -10.969 -11.319 -11.391 -11.348 -11.196 -10.953 -11.316 -11.389 -11.279 -11.114 -10.916 -11.396 -11.287 -11.122 -10.976 -10.9 -11.263 -11.353 -11.209 -10.444 -10.006 -9.465 -11.27
0.046697 -10.236 -10.535 -10.837 -11.318 -11.426 -11.392 -10.992 -11.345 -11.424 -11.386 -11.237 -10.998 -11.343 -11.424 -11.319 -11.157 -10.962 -11.431 -11.328 -11.165 -11.021 -10.945 -11.302 -11.39 -11.25 -10.492 -10.056 -9.517 -11.308
0.048109 -10.238 -10.541 -10.85 -11.343 -11.458 -11.429 -11.014 -11.372 -11.456 -11.424 -11.279 -11.042 -11.369 -11.458 -11.359 -11.2 -11.007 -11.466 -11.367 -11.208 -11.065 -10.99 -11.341 -11.427 -11.291 -10.54 -10.106 -9.568 -11.347
0.049564 -10.239 -10.546 -10.863 -11.368 -11.49 -11.467 -11.036 -11.398 -11.488 -11.462 -11.32 -11.087 -11.395 -11.492 -11.399 -11.243 -11.052 -11.501 -11.407 -11.251 -11.11 -11.035 -11.38 -11.463 -11.332 -10.588 -10.156 -9.619 -11.385
0.051063 -10.24 -10.55 -10.876 -11.392 -11.522 -11.504 -11.058 -11.424 -11.52 -11.499 -11.361 -11.131 -11.42 -11.525 -11.438 -11.285 -11.097 -11.535 -11.447 -11.293 -11.154 -11.08 -11.419 -11.499 -11.373 -10.636 -10.205 -9.67 -11.422
0.052608 -10.24 -10.554 -10.887 -11.416 -11.553 -11.541 -11.079 -11.449 -11.551 -11.536 -11.402 -11.176 -11.445 -11.559 -11.478 -11.328 -11.141 -11.569 -11.486 -11.336 -11.198 -11.125 -11.457 -11.535 -11.414 -10.684 -10.255 -9.72 -11.46
0.054199 -10.239 -10.558 -10.899 -11.44 -11.584 -11.577 -11.1 -11.474 -11.583 -11.573 -11.443 -11.22 -11.47 -11.592 -11.517 -11.37 -11.186 -11.603 -11.525 -11.378 -11.242 -11.17 -11.496 -11.571 -11.454 -10.732 -10.304 -9.771 -11.497
0.055838 -10.238 -10.561 -10.909 -11.463 -11.615 -11.614 -11.121 -11.499 -11.613 -11.609 -11.483 -11.264 -11.494 -11.625 -11.556 -11.412 -11.23 -11.637 -11.564 -11.42 -11.286 -11.214 -11.534 -11.606 -11.495 -10.779 -10.354 -9.822 -11.535
0.057527 -10.236 -10.563 -10.92 -11.486 -11.645 -11.65 -11.141 -11.523 -11.644 -11.645 -11.524 -11.307 -11.518 -11.657 -11.595 -11.454 -11.275 -11.67 -11.603 -11.462 -11.329 -11.259 -11.572 -11.641 -11.535 -10.827 -10.403 -9.873 -11.572
0.059267 -10.234 -10.564 -10.929 -11.508 -11.675 -11.686 -11.162 -11.546 -11.674 -11.681 -11.564 -11.351 -11.541 -11.689 -11.633 -11.496 -11.319 -11.703 -11.641 -11.504 -11.373 -11.303 -11.609 -11.676 -11.575 -10.874 -10.452 -9.923 -11.608
0.061059 -10.23 -10.565 -10.938 -11.53 -11.705 -11.721 -11.181 -11.57 -11.704 -11.717 -11.604 -11.394 -11.564 -11.721 -11.671 -11.538 -11.363 -11.735 -11.679 -11.545 -11.416 -11.347 -11.646 -11.711 -11.614 -10.922 -10.501 -9.974 -11.645
0.062906 -10.227 -10.565 -10.947 -11.552 -11.734 -11.757 -11.201 -11.592 -11.733 -11.752 -11.643 -11.438 -11.587 -11.752 -11.709 -11.579 -11.406 -11.768 -11.717 -11.587 -11.46 -11.391 -11.684 -11.745 -11.654 -10.969 -10.55 -10.025 -11.681
0.064808 -10.222 -10.564 -10.955 -11.573 -11.763 -11.792 -11.22 -11.615 -11.762 -11.788 -11.683 -11.481 -11.609 -11.784 -11.747 -11.62 -11.45 -11.8 -11.755 -11.628 -11.503 -11.435 -11.72 -11.779 -11.693 -11.016 -10.599 -10.075 -11.717
0.066769 -10.217 -10.562 -10.962 -11.593 -11.792 -11.826 -11.239 -11.637 -11.791 -11.823 -11.722 -11.524 -11.631 -11.814 -11.785 -11.661 -11.494 -11.831 -11.793 -11.669 -11.546 -11.479 -11.757 -11.813 -11.732 -11.063 -10.648 -10.125 -11.753
0.068788 -10.212 -10.56 -10.969 -11.613 -11.82 -11.861 -11.258 -11.658 -11.819 -11.857 -11.761 -11.567 -11.652 -11.845 -11.822 -11.702 -11.537 -11.863 -11.83 -11.71 -11.589 -11.522 -11.794 -11.847 -11.771 -11.11 -10.697 -10.176 -11.788
0.070868 -10.206 -10.557 -10.975 -11.633 -11.848 -11.895 -11.276 -11.679 -11.847 -11.892 -11.8 -11.609 -11.672 -11.875 -11.859 -11.743 -11.58 -11.894 -11.867 -11.75 -11.631 -11.566 -11.83 -11.88 -11.809 -11.157 -10.746 -10.226 -11.824
0.073012 -10.199 -10.554 -10.981 -11.652 -11.876 -11.929 -11.294 -11.7 -11.875 -11.926 -11.839 -11.652 -11.693 -11.905 -11.896 -11.783 -11.623 -11.925 -11.904 -11.791 -11.674 -11.609 -11.866 -11.913 -11.848 -11.203 -10.794 -10.276 -11.859
0.07522 -10.191 -10.55 -10.986 -11.67 -11.903 -11.963 -11.311 -11.72 -11.902 -11.959 -11.877 -11.694 -11.712 -11.934 -11.933 -11.823 -11.666 -11.955 -11.94 -11.831 -11.716 -11.653 -11.901 -11.945 -11.886 -11.25 -10.843 -10.326 -11.893
0.077495 -10.183 -10.544 -10.99 -11.689 -11.93 -11.996 -11.329 -11.74 -11.929 -11.993 -11.915 -11.736 -11.732 -11.964 -11.969 -11.863 -11.709 -11.985 -11.977 -11.871 -11.758 -11.696 -11.937 -11.978 -11.924 -11.296 -10.891 -10.377 -11.928
0.079839 -10.174 -10.539 -10.994 -11.706 -11.956 -12.029 -11.346 -11.759 -11.956 -12.026 -11.953 -11.778 -11.75 -11.992 -12.005 -11.903 -11.751 -12.015 -12.013 -11.911 -11.8 -11.739 -11.972 -12.01 -11.961 -11.343 -10.94 -10.427 -11.962
0.082253 -10.164 -10.532 -10.997 -11.723 -11.982 -12.062 -11.362 -11.778 -11.982 -12.059 -11.991 -11.82 -11.769 -12.021 -12.041 -11.943 -11.794 -12.044 -12.048 -11.95 -11.842 -11.781 -12.007 -12.041 -11.999 -11.389 -10.988 -10.476 -11.996
0.084741 -10.154 -10.524 -11.0 -11.74 -12.008 -12.094 -11.378 -11.796 -12.007 -12.091 -12.028 -11.862 -11.786 -12.049 -12.076 -11.982 -11.836 -12.073 -12.084 -11.99 -11.883 -11.824 -12.041 -12.073 -12.036 -11.435 -11.036 -10.526 -12.03
0.087304 -10.143 -10.516 -11.002 -11.756 -12.033 -12.126 -11.394 -11.813 -12.033 -12.124 -12.066 -11.903 -11.804 -12.077 -12.111 -12.021 -11.878 -12.102 -12.119 -12.029 -11.925 -11.867 -12.076 -12.104 -12.073 -11.481 -11.084 -10.576 -12.063
0.089944 -10.131 -10.507 -11.003 -11.771 -12.057 -12.158 -11.41 -11.83 -12.057 -12.156 -12.103 -11.944 -11.82 -12.104 -12.146 -12.06 -11.92 -12.13 -12.154 -12.068 -11.966 -11.909 -12.11 -12.134 -12.109 -11.527 -11.132 -10.626 -12.097
0.092665 -10.118 -10.497 -11.004 -11.786 -12.082 -12.189 -11.425 -11.847 -12.082 -12.187 -12.139 -11.985 -11.837 -12.131 -12.181 -12.099 -11.961 -12.158 -12.189 -12.107 -12.007 -11.951 -12.144 -12.165 -12.146 -11.573 -11.18 -10.675 -12.129
0.095467 -10.105 -10.486 -11.003 -11.801 -12.106 -12.22 -11.44 -11.863 -12.106 -12.218 -12.176 -12.026 -11.852 -12.157 -12.215 -12.137 -12.003 -12.185 -12.223 -12.145 -12.048 -11.993 -12.177 -12.195 -12.182 -11.618 -11.228 -10.725 -12.162
0.098355 -10.091 -10.475 -11.003 -11.814 -12.129 -12.251 -11.454 -11.879 -12.129 -12.249 -12.212 -12.067 -11.867 -12.183 -12.249 -12.176 -12.044 -12.213 -12.257 -12.183 -12.088 -12.035 -12.21 -12.224 -12.218 -11.664 -11.276 -10.775 -12.194
0.101329 -10.077 -10.462 -11.001 -11.828 -12.152 -12.281 -11.468 -11.893 -12.152 -12.28 -12.248 -12.107 -11.882 -12.209 -12.283 -12.214 -12.085 -12.239 -12.291 -12.221 -12.129 -12.077 -12.243 -12.254 -12.253 -11.709 -11.323 -10.824 -12.226
0.104394 -10.062 -10.449 -10.999 -11.84 -12.174 -12.311 -11.482 -11.908 -12.175 -12.31 -12.283 -12.148 -11.896 -12.234 -12.316 -12.251 -12.126 -12.266 -12.324 -12.259 -12.169 -12.118 -12.276 -12.282 -12.289 -11.754 -11.371 -10.873 -12.258
0.107551 -10.046 -10.434 -10.996 -11.852 -12.196 -12.341 -11.495 -11.922 -12.197 -12.34 -12.319 -12.188 -11.909 -12.259 -12.35 -12.289 -12.166 -12.292 -12.357 -12.297 -12.209 -12.159 -12.308 -12.311 -12.324 -11.799 -11.418 -10.922 -12.29
0.110804 -10.029 -10.419 -10.992 -11.864 -12.218 -12.37 -11.508 -11.935 -12.219 -12.369 -12.354 -12.227 -11.922 -12.283 -12.382 -12.326 -12.207 -12.317 -12.39 -12.334 -12.249 -12.201 -12.34 -12.339 -12.358 -11.844 -11.465 -10.972 -12.321
0.114155 -10.011 -10.403 -10.988 -11.875 -12.239 -12.399 -11.521 -11.947 -12.24 -12.398 -12.389 -12.267 -11.934 -12.307 -12.415 -12.363 -12.247 -12.342 -12.423 -12.371 -12.288 -12.241 -12.372 -12.367 -12.393 -11.889 -11.512 -11.021 -12.352
0.117608 -9.993 -10.386 -10.983 -11.885 -12.26 -12.428 -11.533 -11.959 -12.261 -12.427 -12.423 -12.306 -11.945 -12.331 -12.447 -12.4 -12.287 -12.367 -12.455 -12.408 -12.328 -12.282 -12.403 -12.394 -12.427 -11.933 -11.559 -11.07 -12.382
0.121165 -9.974 -10.368 -10.977 -11.894 -12.28 -12.456 -11.545 -11.971 -12.281 -12.455 -12.457 -12.345 -11.956 -12.354 -12.479 -12.436 -12.327 -12.391 -12.487 -12.444 -12.367 -12.323 -12.434 -12.421 -12.461 -11.978 -11.606 -11.119 -12.412
0.124829 -9.955 -10.349 -10.97 -11.903 -12.299 -12.483 -11.556 -11.982 -12.301 -12.483 -12.491 -12.384 -11.966 -12.376 -12.51 -12.472 -12.366 -12.415 -12.518 -12.48 -12.406 -12.363 -12.465 -12.448 -12.494 -12.022 -11.653 -11.167 -12.442
0.128605 -9.934 -10.329 -10.963 -11.911 -12.318 -12.511 -11.567 -11.992 -12.32 -12.511 -12.525 -12.423 -11.976 -12.398 -12.541 -12.508 -12.405 -12.438 -12.549 -12.516 -12.444 -12.403 -12.495 -12.474 -12.527 -12.066 -11.7 -11.216 -12.472
0.132494 -9.913 -10.308 -10.955 -11.919 -12.337 -12.537 -11.578 -12.001 -12.338 -12.538 -12.558 -12.461 -11.985 -12.42 -12.572 -12.544 -12.444 -12.461 -12.58 -12.552 -12.483 -12.443 -12.525 -12.5 -12.56 -12.11 -11.746 -11.265 -12.501
0.136502 -9.891 -10.286 -10.946 -11.926 -12.354 -12.564 -11.588 -12.01 -12.356 -12.564 -12.591 -12.499 -11.993 -12.441 -12.602 -12.579 -12.483 -12.483 -12.61 -12.587 -12.521 -12.483 -12.555 -12.525 -12.593 -12.154 -11.793 -11.313 -12.53
0.14063 -9.868 -10.263 -10.936 -11.932 -12.372 -12.59 -11.597 -12.018 -12.374 -12.59 -12.623 -12.537 -12.0 -12.461 -12.632 -12.614 -12.522 -12.505 -12.64 -12.622 -12.559 -12.522 -12.584 -12.55 -12.625 -12.197 -11.839 -11.362 -12.558
0.144883 -9.845 -10.238 -10.925 -11.937 -12.389 -12.615 -11.607 -12.025 -12.391 -12.616 -12.656 -12.575 -12.007 -12.482 -12.662 -12.649 -12.56 -12.527 -12.67 -12.657 -12.597 -12.562 -12.613 -12.574 -12.657 -12.241 -11.885 -11.41 -12.586
0.149265 -9.821 -10.213 -10.913 -11.942 -12.405 -12.64 -11.615 -12.032 -12.407 -12.641 -12.688 -12.612 -12.013 -12.501 -12.691 -12.683 -12.598 -12.547 -12.699 -12.691 -12.634 -12.601 -12.642 -12.598 -12.688 -12.284 -11.931 -11.458 -12.614
0.15378 -9.796 -10.187 -10.901 -11.946 -12.42 -12.665 -11.624 -12.038 -12.423 -12.666 -12.719 -12.649 -12.019 -12.52 -12.72 -12.717 -12.636 -12.568 -12.728 -12.725 -12.671 -12.64 -12.67 -12.622 -12.719 -12.327 -11.977 -11.506 -12.641
0.15843 -9.77 -10.159 -10.888 -11.949 -12.435 -12.689 -11.631 -12.043 -12.438 -12.691 -12.75 -12.686 -12.023 -12.538 -12.748 -12.75 -12.673 -12.588 -12.757 -12.759 -12.708 -12.678 -12.698 -12.645 -12.75 -12.37 -12.023 -11.554 -12.668
0.163222 -9.743 -10.13 -10.873 -11.951 -12.45 -12.713 -11.639 -12.048 -12.453 -12.715 -12.781 -12.722 -12.027 -12.556 -12.776 -12.784 -12.71 -12.607 -12.785 -12.793 -12.744 -12.717 -12.725 -12.667 -12.78 -12.413 -12.068 -11.602 -12.695
0.168159 -9.716 -10.1 -10.858 -11.952 -12.464 -12.736 -11.646 -12.051 -12.467 -12.738 -12.811 -12.758 -12.03 -12.573 -12.804 -12.817 -12.747 -12.625 -12.812 -12.826 -12.781 -12.755 -12.752 -12.689 -12.81 -12.455 -12.114 -11.65 -12.721
0.173245 -9.688 -10.069 -10.842 -11.953 -12.477 -12.758 -11.652 -12.054 -12.48 -12.761 -12.841 -12.794 -12.032 -12.59 -12.831 -12.849 -12.784 -12.644 -12.839 -12.858 -12.817 -12.792 -12.778 -12.711 -12.84 -12.497 -12.159 -11.698 -12.747
0.178484 -9.659 -10.037 -10.825 -11.953 -12.489 -12.78 -11.658 -12.056 -12.493 -12.783 -12.871 -12.83 -12.034 -12.606 -12.857 -12.882 -12.82 -12.661 -12.866 -12.891 -12.852 -12.83 -12.805 -12.732 -12.869 -12.539 -12.204 -11.745 -12.772
0.183882 -9.63 -10.003 -10.807 -11.952 -12.501 -12.802 -11.663 -12.057 -12.505 -12.805 -12.9 -12.865 -12.034 -12.622 -12.883 -12.913 -12.856 -12.678 -12.892 -12.923 -12.888 -12.867 -12.83 -12.752 -12.898 -12.581 -12.249 -11.793 -12.797
0.189444 -9.6 -9.968 -10.788 -11.95 -12.512 -12.823 -11.668 -12.058 -12.516 -12.826 -12.929 -12.9 -12.034 -12.636 -12.909 -12.945 -12.892 -12.695 -12.918 -12.954 -12.923 -12.904 -12.855 -12.772 -12.926 -12.623 -12.294 -11.84 -12.822
0.195173 -9.569 -9.932 -10.768 -11.947 -12.522 -12.843 -11.672 -12.057 -12.527 -12.847 -12.957 -12.934 -12.033 -12.65 -12.934 -12.976 -12.927 -12.71 -12.943 -12.985 -12.957 -12.941 -12.88 -12.792 -12.954 -12.664 -12.338 -11.887 -12.846
0.201076 -9.537 -9.894 -10.747 -11.943 -12.532 -12.863 -11.676 -12.056 -12.537 -12.867 -12.985 -12.969 -12.03 -12.664 -12.959 -13.007 -12.962 -12.725 -12.968 -13.016 -12.992 -12.977 -12.904 -12.81 -12.981 -12.705 -12.383 -11.934 -12.869
0.207158 -9.505 -9.855 -10.725 -11.939 -12.541 -12.882 -11.679 -12.054 -12.546 -12.887 -13.013 -13.003 -12.027 -12.677 -12.983 -13.037 -12.997 -12.74 -12.992 -13.047 -13.026 -13.013 -12.928 -12.829 -13.008 -12.746 -12.427 -11.981 -12.892
0.213423 -9.472 -9.815 -10.701 -11.933 -12.549 -12.901 -11.681 -12.05 -12.554 -12.905 -13.04 -13.036 -12.023 -12.689 -13.006 -13.067 -13.031 -12.754 -13.016 -13.077 -13.059 -13.049 -12.951 -12.846 -13.035 -12.787 -12.471 -12.028 -12.915
0.219878 -9.438 -9.773 -10.677 -11.927 -12.556 -12.919 -11.683 -12.046 -12.562 -12.924 -13.066 -13.069 -12.018 -12.7 -13.03 -13.096 -13.065 -12.767 -13.039 -13.106 -13.093 -13.085 -12.974 -12.863 -13.061 -12.827 -12.515 -12.074 -12.937
0.226528 -9.404 -9.729 -10.652 -11.919 -12.562 -12.936 -11.684 -12.041 -12.568 -12.941 -13.092 -13.102 -12.012 -12.711 -13.052 -13.125 -13.099 -12.779 -13.062 -13.135 -13.125 -13.12 -12.996 -12.879 -13.086 -12.868 -12.558 -12.121 -12.959
0.233379 -9.369 -9.685 -10.625 -11.91 -12.568 -12.953 -11.685 -12.035 -12.574 -12.959 -13.118 -13.134 -12.005 -12.721 -13.074 -13.154 -13.132 -12.791 -13.084 -13.164 -13.158 -13.155 -13.018 -12.895 -13.111 -12.908 -12.602 -12.167 -12.98
0.240437 -9.334 -9.638 -10.597 -11.9 -12.573 -12.969 -11.685 -12.028 -12.579 -12.975 -13.142 -13.166 -11.997 -12.73 -13.095 -13.182 -13.165 -12.802 -13.106 -13.192 -13.19 -13.189 -13.039 -12.91 -13.136 -12.947 -12.645 -12.213 -13.001
0.247709 -9.298 -9.59 -10.568 -11.889 -12.577 -12.984 -11.684 -12.019 -12.584 -12.991 -13.167 -13.198 -11.988 -12.738 -13.116 -13.209 -13.198 -12.812 -13.127 -13.22 -13.222 -13.223 -13.06 -12.924 -13.16 -12.987 -12.688 -12.259 -13.021
0.255201 -9.261 -9.54 -10.538 -11.877 -12.58 -12.998 -11.683 -12.01 -12.587 -13.005 -13.191 -13.229 -11.978 -12.745 -13.136 -13.236 -13.23 -12.821 -13.147 -13.247 -13.253 -13.257 -13.08 -12.938 -13.183 -13.026 -12.731 -12.305 -13.04
0.262919 -9.224 -9.489 -10.506 -11.864 -12.582 -13.012 -11.681 -12.0 -12.589 -13.02 -13.214 -13.26 -11.966 -12.752 -13.156 -13.262 -13.261 -12.83 -13.166 -13.274 -13.284 -13.29 -13.099 -12.951 -13.206 -13.064 -12.774 -12.35 -13.059
0.270871 -9.186 -9.436 -10.474 -11.85 -12.583 -13.025 -11.678 -11.988 -12.591 -13.033 -13.237 -13.29 -11.954 -12.758 -13.174 -13.288 -13.292 -12.837 -13.185 -13.3 -13.314 -13.323 -13.118 -12.963 -13.228 -13.103 -12.816 -12.396 -13.078
0.279064 -9.148 -9.381 -10.439 -11.834 -12.583 -13.038 -11.674 -11.975 -12.591 -13.046 -13.259 -13.32 -11.94 -12.762 -13.192 -13.314 -13.323 -12.844 -13.204 -13.325 -13.344 -13.356 -13.136 -12.974 -13.249 -13.141 -12.858 -12.441 -13.096
0.287504 -9.11 -9.324 -10.404 -11.817 -12.582 -13.049 -11.67 -11.961 -12.591 -13.058 -13.28 -13.349 -11.925 -12.766 -13.21 -13.339 -13.353 -12.85 -13.221 -13.35 -13.373 -13.388 -13.154 -12.985 -13.27 -13.179 -12.9 -12.486 -13.113
0.296199 -9.071 -9.266 -10.367 -11.799 -12.58 -13.06 -11.665 -11.946 -12.589 -13.069 -13.301 -13.378 -11.908 -12.769 -13.227 -13.363 -13.383 -12.855 -13.238 -13.375 -13.402 -13.419 -13.171 -12.994 -13.29 -13.216 -12.942 -12.531 -13.13
0.305157 -9.032 -9.205 -10.329 -11.78 -12.577 -13.069 -11.659 -11.929 -12.587 -13.079 -13.321 -13.406 -11.891 -12.771 -13.242 -13.386 -13.412 -12.859 -13.255 -13.399 -13.43 -13.451 -13.187 -13.003 -13.31 -13.253 -12.983 -12.576 -13.145
0.314387 -8.993 -9.143 -10.289 -11.759 -12.573 -13.078 -11.652 -11.911 -12.583 -13.088 -13.341 -13.433 -11.872 -12.772 -13.258 -13.409 -13.441 -12.863 -13.27 -13.422 -13.458 -13.481 -13.202 -13.011 -13.329 -13.29 -13.024 -12.62 -13.161
0.323895 -8.954 -9.078 -10.248 -11.736 -12.568 -13.086 -11.644 -11.892 -12.578 -13.097 -13.36 -13.461 -11.851 -12.772 -13.272 -13.432 -13.469 -12.865 -13.285 -13.444 -13.486 -13.512 -13.217 -13.018 -13.347 -13.327 -13.065 -12.664 -13.175
0.333691 -8.914 -9.011 -10.205 -11.712 -12.561 -13.093 -11.636 -11.871 -12.572 -13.104 -13.378 -13.487 -11.829 -12.771 -13.285 -13.453 -13.497 -12.866 -13.298 -13.466 -13.512 -13.541 -13.231 -13.024 -13.365 -13.363 -13.105 -12.708 -13.189
0.343783 -8.875 -8.942 -10.161 -11.687 -12.553 -13.099 -11.626 -11.849 -12.565 -13.111 -13.395 -13.513 -11.806 -12.769 -13.298 -13.474 -13.524 -12.866 -13.311 -13.487 -13.538 -13.571 -13.244 -13.03 -13.381 -13.398 -13.145 -12.752 -13.202
0.354181 -8.835 -8.871 -10.114 -11.66 -12.545 -13.104 -11.616 -11.825 -12.557 -13.116 -13.412 -13.539 -11.781 -12.765 -13.31 -13.495 -13.55 -12.865 -13.323 -13.508 -13.564 -13.599 -13.257 -13.034 -13.397 -13.433 -13.185 -12.796 -13.215
0.364893 -8.796 -8.798 -10.067 -11.631 -12.534 -13.108 -11.604 -11.8 -12.547 -13.121 -13.427 -13.563 -11.754 -12.76 -13.321 -13.514 -13.576 -12.863 -13.335 -13.528 -13.589 -13.627 -13.268 -13.037 -13.412 -13.468 -13.225 -12.839 -13.226
0.375929 -8.757 -8.722 -10.017 -11.601 -12.523 -13.111 -11.592 -11.773 -12.536 -13.124 -13.442 -13.587 -11.726 -12.754 -13.331 -13.533 -13.601 -12.86 -13.345 -13.547 -13.613 -13.655 -13.279 -13.039 -13.426 -13.502 -13.264 -12.882 -13.237
0.387298 -8.718 -8.643 -9.966 -11.569 -12.51 -13.112 -11.578 -11.744 -12.523 -13.127 -13.456 -13.611 -11.696 -12.747 -13.34 -13.551 -13.625 -12.855 -13.354 -13.565 -13.637 -13.682 -13.289 -13.04 -13.44 -13.536 -13.302 -12.925 -13.247
0.399012 -8.68 -8.562 -9.913 -11.535 -12.495 -13.113 -11.563 -11.713 -12.509 -13.128 -13.47 -13.633 -11.664 -12.739 -13.347 -13.568 -13.649 -12.85 -13.362 -13.582 -13.659 -13.708 -13.298 -13.04 -13.452 -13.569 -13.341 -12.967 -13.256
0.41108 -8.642 -8.479 -9.858 -11.499 -12.479 -13.112 -11.548 -11.681 -12.494 -13.128 -13.482 -13.655 -11.63 -12.729 -13.354 -13.584 -13.672 -12.843 -13.37 -13.599 -13.681 -13.734 -13.306 -13.039 -13.464 -13.602 -13.379 -13.009 -13.265
0.423513 -8.604 -8.392 -9.801 -11.462 -12.462 -13.11 -11.53 -11.647 -12.477 -13.126 -13.493 -13.677 -11.595 -12.718 -13.36 -13.599 -13.695 -12.834 -13.376 -13.614 -13.703 -13.759 -13.312 -13.036 -13.474 -13.635 -13.417 -13.051 -13.272
0.436321 -8.568 -8.303 -9.742 -11.422 -12.443 -13.107 -11.512 -11.611 -12.459 -13.124 -13.503 -13.697 -11.557 -12.705 -13.365 -13.613 -13.716 -12.825 -13.381 -13.629 -13.723 -13.783 -13.318 -13.032 -13.484 -13.666 -13.454 -13.093 -13.278
0.449518 -8.532 -8.211 -9.681 -11.38 -12.422 -13.102 -11.493 -11.573 -12.438 -13.12 -13.512 -13.716 -11.518 -12.69 -13.368 -13.627 -13.737 -12.813 -13.385 -13.643 -13.743 -13.807 -13.323 -13.027 -13.492 -13.698 -13.491 -13.134 -13.284
0.463113 -8.497 -8.115 -9.618 -11.336 -12.399 -13.096 -11.472 -11.533 -12.417 -13.114 -13.521 -13.735 -11.476 -12.674 -13.37 -13.639 -13.757 -12.801 -13.387 -13.655 -13.762 -13.83 -13.327 -13.021 -13.499 -13.728 -13.527 -13.175 -13.288
0.47712 -8.463 -8.017 -9.552 -11.29 -12.375 -13.088 -11.449 -11.49 -12.393 -13.108 -13.528 -13.753 -11.432 -12.657 -13.371 -13.651 -13.776 -12.786 -13.389 -13.667 -13.78 -13.852 -13.329 -13.013 -13.505 -13.758 -13.563 -13.215 -13.291
0.49155 -8.43 -7.915 -9.485 -11.241 -12.348 -13.079 -11.426 -11.445 -12.367 -13.099 -13.533 -13.77 -11.385 -12.637 -13.37 -13.661 -13.794 -12.77 -13.389 -13.678 -13.797 -13.873 -13.33 -13.003 -13.51 -13.787 -13.598 -13.255 -13.293
0.506416 -8.398 -7.81 -9.414 -11.19 -12.32 -13.069 -11.4 -11.398 -12.34 -13.089 -13.538 -13.786 -11.336 -12.616 -13.369 -13.67 -13.811 -12.753 -13.387 -13.687 -13.813 -13.893 -13.33 -12.992 -13.514 -13.816 -13.633 -13.295 -13.295
0.521733 -8.368 -7.701 -9.342 -11.136 -12.289 -13.056 -11.374 -11.349 -12.31 -13.078 -13.541 -13.801 -11.285 -12.593 -13.365 -13.678 -13.827 -12.734 -13.385 -13.695 -13.828 -13.912 -13.329 -12.979 -13.516 -13.844 -13.667 -13.334 -13.294
0.537512 -8.338 -7.589 -9.267 -11.08 -12.257 -13.042 -11.345 -11.296 -12.278 -13.064 -13.543 -13.814 -11.231 -12.568 -13.36 -13.684 -13.842 -12.712 -13.38 -13.702 -13.841 -13.931 -13.326 -12.965 -13.517 -13.871 -13.701 -13.373 -13.293
0.553769 -8.31 -7.473 -9.189 -11.02 -12.222 -13.026 -11.315 -11.241 -12.244 -13.049 -13.543 -13.827 -11.174 -12.541 -13.354 -13.689 -13.856 -12.689 -13.374 -13.708 -13.854 -13.948 -13.322 -12.949 -13.517 -13.898 -13.734 -13.411 -13.29
0.570517 -8.284 -7.352 -9.108 -10.958 -12.185 -13.008 -11.283 -11.183 -12.208 -13.032 -13.542 -13.838 -11.114 -12.511 -13.345 -13.693 -13.869 -12.664 -13.367 -13.712 -13.866 -13.965 -13.316 -12.931 -13.515 -13.923 -13.766 -13.449 -13.286
0.587772 -8.258 -7.228 -9.025 -10.893 -12.145 -12.988 -11.249 -11.123 -12.169 -13.013 -13.54 -13.849 -11.051 -12.479 -13.335 -13.696 -13.881 -12.637 -13.358 -13.715 -13.876 -13.98 -13.309 -12.911 -13.511 -13.948 -13.798 -13.487 -13.281
0.605549 -8.235 -7.099 -8.938 -10.824 -12.102 -12.966 -11.213 -11.059 -12.128 -12.992 -13.536 -13.858 -10.985 -12.445 -13.324 -13.696 -13.891 -12.607 -13.347 -13.717 -13.885 -13.994 -13.3 -12.889 -13.506 -13.972 -13.829 -13.524 -13.274
0.623863 -8.212 -6.966 -8.849 -10.752 -12.057 -12.941 -11.175 -10.991 -12.084 -12.969 -13.53 -13.865 -10.916 -12.409 -13.31 -13.696 -13.9 -12.576 -13.334 -13.717 -13.893 -14.007 -13.29 -12.865 -13.499 -13.995 -13.86 -13.56 -13.265
0.642731 -8.191 -6.828 -8.756 -10.676 -12.009 -12.914 -11.135 -10.921 -12.037 -12.943 -13.522 -13.871 -10.843 -12.37 -13.294 -13.693 -13.908 -12.542 -13.319 -13.715 -13.899 -14.019 -13.277 -12.838 -13.491 -14.017 -13.889 -13.596 -13.255
0.66217 -8.171 -6.686 -8.66 -10.597 -11.958 -12.885 -11.093 -10.846 -11.988 -12.915 -13.513 -13.876 -10.766 -12.328 -13.276 -13.689 -13.914 -12.505 -13.301 -13.711 -13.904 -14.029 -13.263 -12.81 -13.48 -14.038 -13.918 -13.631 -13.244
0.682197 -8.152 -6.539 -8.561 -10.514 -11.904 -12.853 -11.048 -10.768 -11.935 -12.885 -13.501 -13.879 -10.685 -12.283 -13.256 -13.683 -13.919 -12.466 -13.282 -13.706 -13.907 -14.038 -13.246 -12.778 -13.467 -14.058 -13.946 -13.665 -13.23
0.70283 -8.135 -6.386 -8.457 -10.426 -11.847 -12.819 -11.0 -10.686 -11.879 -12.851 -13.488 -13.881 -10.601 -12.235 -13.233 -13.675 -13.922 -12.424 -13.261 -13.698 -13.908 -14.046 -13.228 -12.745 -13.453 -14.076 -13.974 -13.699 -13.215
0.724086 -8.119 -6.229 -8.35 -10.334 -11.786 -12.781 -10.95 -10.6 -11.819 -12.815 -13.472 -13.88 -10.512 -12.184 -13.208 -13.665 -13.923 -12.379 -13.237 -13.689 -13.908 -14.052 -13.207 -12.708 -13.436 -14.094 -14.0 -13.732 -13.197
0.745986 -8.103 -6.066 -8.24 -10.238 -11.721 -12.741 -10.898 -10.509 -11.756 -12.776 -13.454 -13.878 -10.418 -12.129 -13.18 -13.653 -13.922 -12.331 -13.21 -13.677 -13.906 -14.056 -13.184 -12.669 -13.416 -14.11 -14.025 -13.765 -13.178
0.768548 -8.089 -5.898 -8.124 -10.137 -11.652 -12.697 -10.842 -10.413 -11.689 -12.734 -13.433 -13.874 -10.32 -12.071 -13.149 -13.638 -13.92 -12.28 -13.181 -13.663 -13.901 -14.058 -13.158 -12.626 -13.394 -14.125 -14.049 -13.796 -13.157
0.791792 -8.075 -5.724 -8.005 -10.03 -11.579 -12.65 -10.783 -10.313 -11.617 -12.689 -13.41 -13.868 -10.216 -12.009 -13.116 -13.621 -13.915 -12.226 -13.148 -13.647 -13.895 -14.059 -13.13 -12.58 -13.37 -14.138 -14.072 -13.827 -13.133
0.815739 -8.062 -5.546 -7.881 -9.918 -11.502 -12.599 -10.721 -10.207 -11.542 -12.64 -13.384 -13.859 -10.107 -11.943 -13.079 -13.601 -13.908 -12.168 -13.113 -13.628 -13.887 -14.058 -13.099 -12.531 -13.343 -14.15 -14.094 -13.857 -13.107
0.840411 -8.049 -5.362 -7.753 -9.8 -11.42 -12.545 -10.656 -10.095 -11.462 -12.587 -13.355 -13.849 -9.992 -11.873 -13.039 -13.579 -13.899 -12.106 -13.075 -13.607 -13.876 -14.055 -13.065 -12.478 -13.313 -14.16 -14.115 -13.885 -13.078
0.865828 -8.037 -5.174 -7.619 -9.676 -11.333 -12.486 -10.586 -9.978 -11.377 -12.53 -13.323 -13.835 -9.872 -11.798 -12.995 -13.554 -13.888 -12.041 -13.033 -13.582 -13.862 -14.049 -13.028 -12.421 -13.279 -14.168 -14.134 -13.913 -13.047
0.892015 -8.024 -4.981 -7.48 -9.546 -11.241 -12.424 -10.513 -9.854 -11.287 -12.469 -13.288 -13.819 -9.744 -11.719 -12.948 -13.525 -13.874 -11.971 -12.987 -13.555 -13.846 -14.041 -12.988 -12.361 -13.243 -14.175 -14.152 -13.94 -13.014
0.918993 -8.012 -4.784 -7.336 -9.409 -11.143 -12.356 -10.436 -9.724 -11.192 -12.404 -13.25 -13.801 -9.61 -11.634 -12.896 -13.493 -13.857 -11.897 -12.938 -13.524 -13.828 -14.031 -12.944 -12.296 -13.202 -14.179 -14.168 -13.966 -12.977
0.946787 -7.999 -4.585 -7.186 -9.264 -11.04 -12.284 -10.355 -9.586 -11.09 -12.334 -13.207 -13.779 -9.469 -11.544 -12.841 -13.458 -13.837 -11.819 -12.884 -13.49 -13.806 -14.018 -12.896 -12.226 -13.159 -14.182 -14.183 -13.99 -12.937
0.975422 -7.986 -4.385 -7.03 -9.112 -10.93 -12.206 -10.269 -9.441 -10.983 -12.259 -13.161 -13.754 -9.32 -11.449 -12.781 -13.419 -13.815 -11.736 -12.827 -13.452 -13.781 -14.002 -12.845 -12.151 -13.111 -14.182 -14.196 -14.013 -12.894
1.004923 -7.972 -4.185 -6.867 -8.951 -10.813 -12.123 -10.178 -9.288 -10.869 -12.178 -13.111 -13.726 -9.163 -11.347 -12.716 -13.376 -13.788 -11.648 -12.764 -13.41 -13.752 -13.983 -12.789 -12.072 -13.059 -14.18 -14.207 -14.035 -12.848
1.035317 -7.957 -3.987 -6.698 -8.781 -10.689 -12.034 -10.082 -9.126 -10.748 -12.092 -13.056 -13.695 -8.996 -11.238 -12.645 -13.329 -13.759 -11.555 -12.697 -13.365 -13.72 -13.961 -12.729 -11.986 -13.002 -14.176 -14.217 -14.056 -12.798
1.066629 -7.941 -3.793 -6.522 -8.602 -10.558 -11.939 -9.98 -8.955 -10.62 -11.999 -12.996 -13.659 -8.821 -11.123 -12.57 -13.277 -13.725 -11.457 -12.624 -13.314 -13.684 -13.935 -12.664 -11.895 -12.94 -14.168 -14.224 -14.075 -12.744
1.098888 -7.924 -3.607 -6.338 -8.412 -10.418 -11.837 -9.873 -8.775 -10.483 -11.9 -12.932 -13.619 -8.635 -11.0 -12.488 -13.22 -13.687 -11.353 -12.546 -13.259 -13.644 -13.906 -12.593 -11.798 -12.874 -14.158 -14.229 -14.092 -12.687
1.132124 -7.906 -3.431 -6.147 -8.212 -10.27 -11.728 -9.759 -8.583 -10.338 -11.794 -12.861 -13.575 -8.438 -10.869 -12.4 -13.158 -13.645 -11.243 -12.462 -13.199 -13.599 -13.873 -12.518 -11.693 -12.801 -14.145 -14.232 -14.107 -12.625
1.166364 -7.885 -3.267 -5.946 -8.0 -10.112 -11.611 -9.639 -8.381 -10.184 -11.68 -12.785 -13.526 -8.23 -10.729 -12.305 -13.091 -13.599 -11.127 -12.372 -13.133 -13.549 -13.836 -12.436 -11.581 -12.723 -14.128 -14.232 -14.12 -12.559
1.20164 -7.863 -3.117 -5.737 -7.775 -9.944 -11.485 -9.512 -8.166 -10.021 -11.559 -12.703 -13.473 -8.01 -10.58 -12.203 -13.017 -13.547 -11.005 -12.274 -13.061 -13.495 -13.794 -12.348 -11.462 -12.639 -14.108 -14.229 -14.132 -12.489
1.237983 -7.838 -2.983 -5.518 -7.537 -9.765 -11.351 -9.377 -7.938 -9.846 -11.428 -12.614 -13.413 -7.776 -10.422 -12.094 -12.937 -13.489 -10.877 -12.17 -12.983 -13.435 -13.748 -12.254 -11.334 -12.547 -14.084 -14.224 -14.141 -12.413
1.275425 -7.811 -2.865 -5.289 -7.284 -9.574 -11.207 -9.234 -7.696 -9.66 -11.288 -12.518 -13.348 -7.527 -10.252 -11.975 -12.85 -13.426 -10.743 -12.058 -12.898 -13.368 -13.696 -12.152 -11.198 -12.448 -14.056 -14.215 -14.148 -12.333
1.313999 -7.781 -2.762 -5.049 -7.016 -9.371 -11.052 -9.083 -7.439 -9.462 -11.138 -12.414 -13.276 -7.263 -10.071 -11.848 -12.755 -13.357 -10.602 -11.937 -12.806 -13.296 -13.639 -12.042 -11.051 -12.342 -14.023 -14.203 -14.152 -12.247
1.35374 -7.749 -2.672 -4.797 -6.731 -9.154 -10.887 -8.923 -7.166 -9.251 -10.977 -12.301 -13.198 -6.983 -9.878 -11.711 -12.652 -13.281 -10.455 -11.808 -12.706 -13.216 -13.575 -11.924 -10.894 -12.227 -13.985 -14.187 -14.154 -12.156
1.394683 -7.713 -2.593 -4.533 -6.427 -8.923 -10.709 -8.754 -6.875 -9.026 -10.805 -12.18 -13.112 -6.684 -9.672 -11.563 -12.541 -13.197 -10.302 -11.67 -12.598 -13.129 -13.505 -11.797 -10.726 -12.102 -13.943 -14.168 -14.153 -12.059
1.436864 -7.673 -2.521 -4.254 -6.104 -8.675 -10.518 -8.574 -6.565 -8.786 -10.619 -12.049 -13.019 -6.366 -9.451 -11.404 -12.42 -13.106 -10.143 -11.521 -12.481 -13.034 -13.428 -11.66 -10.546 -11.968 -13.894 -14.144 -14.148 -11.956
1.480321 -7.63 -2.456 -3.961 -5.76 -8.411 -10.313 -8.384 -6.234 -8.529 -10.42 -11.907 -12.917 -6.026 -9.214 -11.232 -12.288 -13.006 -9.98 -11.362 -12.353 -12.93 -13.344 -11.513 -10.353 -11.823 -13.839 -14.115 -14.14 -11.846
1.525092 -7.582 -2.392 -3.652 -5.393 -8.128 -10.092 -8.182 -5.881 -8.254 -10.206 -11.754 -12.805 -5.664 -8.96 -11.047 -12.146 -12.896 -9.812 -11.191 -12.215 -12.817 -13.251 -11.354 -10.145 -11.666 -13.778 -14.081 -14.128 -11.73
1.571218 -7.53 -2.33 -3.326 -5.0 -7.825 -9.854 -7.969 -5.503 -7.959 -9.976 -11.588 -12.683 -5.276 -8.688 -10.847 -11.991 -12.776 -9.641 -11.008 -12.066 -12.693 -13.15 -11.182 -9.922 -11.497 -13.709 -14.042 -14.112 -11.608
1.618738 -7.472 -2.266 -2.98 -4.58 -7.499 -9.599 -7.743 -5.1 -7.644 -9.728 -11.409 -12.551 -4.862 -8.396 -10.631 -11.823 -12.646 -9.468 -10.813 -11.904 -12.558 -13.039 -10.997 -9.682 -11.314 -13.632 -13.996 -14.092 -11.478
1.667696 -7.41 -2.199 -2.614 -4.131 -7.15 -9.323 -7.505 -4.667 -7.306 -9.461 -11.215 -12.406 -4.418 -8.082 -10.398 -11.64 -12.503 -9.295 -10.605 -11.728 -12.411 -12.918 -10.798 -9.425 -11.116 -13.547 -13.945 -14.067 -11.342
1.718134 -7.341 -2.128 -2.226 -3.649 -6.775 -9.025 -7.253 -4.203 -6.942 -9.173 -11.005 -12.248 -3.941 -7.744 -10.146 -11.442 -12.347 -9.122 -10.383 -11.538 -12.251 -12.786 -10.582 -9.147 -10.901 -13.452 -13.885 -14.036 -11.199
1.770098 -7.266 -2.052 -1.813 -3.131 -6.371 -8.704 -6.989 -3.704 -6.552 -8.863 -10.778 -12.076 -3.43 -7.381 -9.874 -11.226 -12.176 -8.95 -10.148 -11.333 -12.077 -12.641 -10.349 -8.847 -10.669 -13.347 -13.819 -14.0 -11.048
1.823633 -7.184 -1.969 -1.373 -2.575 -5.936 -8.357 -6.712 -3.168 -6.132 -8.527 -10.532 -11.889 -2.879 -6.989 -9.578 -10.992 -11.99 -8.782 -9.899 -11.11 -11.887 -12.484 -10.097 -8.524 -10.418 -13.23 -13.743 -13.958 -10.891
1.878788 -7.095 -1.879 -0.903 -1.976 -5.467 -7.981 -6.423 -2.591 -5.679 -8.164 -10.265 -11.684 -2.287 -6.566 -9.258 -10.736 -11.786 -8.617 -9.636 -10.869 -11.68 -12.313 -9.824 -8.175 -10.145 -13.101 -13.658 -13.908 -10.727
1.93561 -6.997 -1.782 -0.401 -1.33 -4.96 -7.573 -6.124 -1.968 -5.19 -7.771 -9.976 -11.461 -1.648 -6.108 -8.91 -10.458 -11.563 -8.455 -9.361 -10.609 -11.455 -12.126 -9.528 -7.798 -9.849 -12.958 -13.563 -13.851 -10.556
1.994152 -6.891 -1.675 0.137 -0.633 -4.411 -7.131 -5.816 -1.296 -4.663 -7.346 -9.661 -11.217 -0.957 -5.613 -8.532 -10.155 -11.32 -8.296 -9.076 -10.329 -11.209 -11.924 -9.207 -7.389 -9.528 -12.8 -13.456 -13.786 -10.378
2.054463 -6.774 -1.558 0.714 0.121 -3.817 -6.651 -5.503 -0.568 -4.092 -6.884 -9.319 -10.951 -0.21 -5.076 -8.121 -9.824 -11.053 -8.138 -8.782 -10.026 -10.942 -11.703 -8.858 -6.946 -9.179 -12.625 -13.336 -13.711 -10.193
2.116599 -6.647 -1.431 1.334 0.938 -3.173 -6.128 -5.187 0.22 -3.474 -6.382 -8.947 -10.66 0.599 -4.494 -7.673 -9.463 -10.76 -7.979 -8.483 -9.702 -10.652 -11.465 -8.479 -6.464 -8.798 -12.432 -13.203 -13.626 -10.002
2.180614 -6.508 -1.292 2.002 1.824 -2.473 -5.559 -4.875 1.076 -2.804 -5.835 -8.542 -10.341 1.478 -3.861 -7.185 -9.067 -10.439 -7.817 -8.183 -9.354 -10.336 -11.206 -8.065 -5.941 -8.383 -12.218 -13.053 -13.529 -9.804
2.246566 -6.356 -1.14 2.723 2.788 -1.711 -4.937 -4.568 2.007 -2.075 -5.24 -8.099 -9.992 2.434 -3.171 -6.651 -8.634 -10.087 -7.649 -7.885 -8.984 -9.994 -10.927 -7.614 -5.37 -7.93 -11.981 -12.887 -13.42 -9.599
2.314511 -6.189 -0.974 3.503 3.838 -0.88 -4.258 -4.269 3.022 -1.283 -4.591 -7.616 -9.609 3.475 -2.419 -6.067 -8.159 -9.7 -7.471 -7.592 -8.594 -9.624 -10.627 -7.121 -4.748 -7.435 -11.718 -12.701 -13.296 -9.386
2.384512 -6.007 -0.791 4.348 4.984 0.028 -3.513 -3.98 4.129 -0.418 -3.881 -7.087 -9.189 4.612 -1.596 -5.426 -7.637 -9.273 -7.282 -7.305 -8.186 -9.225 -10.305 -6.582 -4.068 -6.893 -11.426 -12.493 -13.157 -9.164
2.45663 -5.807 -0.591 5.266 6.238 1.022 -2.697 -3.698 5.341 0.526 -3.104 -6.508 -8.727 5.856 -0.696 -4.723 -7.062 -8.803 -7.078 -7.025 -7.765 -8.797 -9.962 -5.99 -3.322 -6.298 -11.103 -12.261 -13.0 -8.93
2.530929 -5.587 -0.371 6.265 7.613 2.112 -1.799 -3.418 6.669 1.559 -2.251 -5.872 -8.219 7.219 0.293 -3.95 -6.429 -8.284 -6.855 -6.746 -7.337 -8.343 -9.598 -5.34 -2.504 -5.645 -10.743 -12.002 -12.822 -8.684
2.607475 -5.345 -0.13 7.355 9.123 3.311 -0.809 -3.136 8.13 2.692 -1.315 -5.174 -7.658 8.718 1.38 -3.097 -5.729 -7.71 -6.612 -6.464 -6.91 -7.865 -9.215 -4.624 -1.604 -4.925 -10.343 -11.712 -12.622 -8.421
2.686337 -5.177 0.038 7.561 9.348 3.522 -0.608 -2.967 8.352 2.9 -1.116 -4.985 -7.476 8.942 1.586 -2.901 -5.541 -7.527 -6.444 -6.294 -6.734 -7.687 -9.041 -4.435 -1.407 -4.736 -10.168 -11.542 -12.456 -8.252
2.767583 -5.003 0.213 7.735 9.522 3.696 -0.433 -2.792 8.526 3.074 -0.942 -4.811 -7.301 9.116 1.76 -2.727 -5.366 -7.353 -6.27 -6.12 -6.56 -7.513 -8.867 -4.26 -1.232 -4.562 -9.993 -11.367 -12.282 -8.078
2.851287 -4.818 0.398 7.92 9.708 3.882 -0.248 -2.607 8.712 3.26 -0.756 -4.626 -7.116 9.301 1.946 -2.542 -5.181 -7.167 -6.084 -5.935 -6.375 -7.327 -8.681 -4.075 -1.047 -4.376 -9.808 -11.182 -12.096 -7.892
2.937522 -4.621 0.595 8.117 9.904 4.078 -0.051 -2.41 8.908 3.457 -0.559 -4.429 -6.919 9.498 2.143 -2.345 -4.984 -6.97 -5.887 -5.738 -6.178 -7.131 -8.485 -3.878 -0.85 -4.179 -9.611 -10.985 -11.9 -7.696
3.026365 -4.412 0.804 8.326 10.114 4.288 0.158 -2.201 9.117 3.666 -0.35 -4.22 -6.71 9.707 2.352 -2.136 -4.775 -6.761 -5.678 -5.529 -5.969 -6.921 -8.276 -3.669 -0.641 -3.97 -9.402 -10.776 -11.69 -7.487
3.117896 -4.19 1.026 8.548 10.336 4.51 0.38 -1.979 9.339 3.888 -0.128 -3.998 -6.488 9.929 2.574 -1.914 -4.553 -6.539 -5.456 -5.307 -5.747 -6.699 -8.054 -3.447 -0.419 -3.748 -9.18 -10.554 -11.468 -7.265
3.212194 -3.954 1.262 8.784 10.571 4.745 0.616 -1.743 9.575 4.124 0.107 -3.762 -6.252 10.165 2.809 -1.678 -4.317 -6.304 -5.221 -5.071 -5.511 -6.464 -7.818 -3.211 -0.183 -3.513 -8.944 -10.318 -11.233 -7.029
3.309345 -3.703 1.512 9.035 10.822 4.996 0.866 -1.493 9.826 4.374 0.358 -3.512 -6.002 10.415 3.06 -1.428 -4.067 -6.053 -4.97 -4.821 -5.261 -6.213 -7.567 -2.961 0.067 -3.262 -8.694 -10.068 -10.982 -6.778
3.409434 -3.438 1.778 9.3 11.087 5.261 1.132 -1.227 10.091 4.64 0.624 -3.246 -5.736 10.681 3.326 -1.162 -3.801 -5.787 -4.704 -4.555 -4.995 -5.947 -7.302 -2.695 0.333 -2.996 -8.428 -9.802 -10.716 -6.513
3.51255 -3.156 2.06 9.582 11.37 5.544 1.414 -0.945 10.374 4.922 0.906 -2.964 -5.454 10.963 3.608 -0.88 -3.519 -5.505 -4.422 -4.273 -4.713 -5.665 -7.019 -2.413 0.615 -2.714 -8.146 -9.52 -10.434 -6.23
3.618785 -2.856 2.36 9.882 11.669 5.843 1.713 -0.645 10.673 5.221 1.205 -2.664 -5.155 11.263 3.907 -0.58 -3.219 -5.206 -4.123 -3.973 -4.413 -5.366 -6.72 -2.113 0.914 -2.415 -7.846 -9.22 -10.135 -5.931
3.728232 -2.538 2.678 10.2 11.987 6.161 2.031 -0.327 10.991 5.539 1.523 -2.346 -4.837 11.581 4.225 -0.262 -2.902 -4.888 -3.805 -3.655 -4.095 -5.048 -6.402 -1.795 1.232 -2.097 -7.528 -8.902 -9.817 -5.613
3.84099 -2.2 3.015 10.538 12.325 6.499 2.369 0.01 11.329 5.877 1.861 -2.009 -4.499 11.918 4.563 0.075 -2.564 -4.55 -3.467 -3.318 -3.758 -4.71 -6.064 -1.458 1.57 -1.759 -7.191 -8.565 -9.479 -5.275
3.957158 -1.842 3.373 10.896 12.683 6.857 2.727 0.368 11.687 6.235 2.219 -1.65 -4.141 12.277 4.921 0.434 -2.206 -4.192 -3.109 -2.959 -3.399 -4.352 -5.706 -1.099 1.928 -1.401 -6.833 -8.207 -9.121 -4.917
4.07684 -1.462 3.754 11.276 13.063 7.237 3.108 0.749 12.067 6.615 2.599 -1.27 -3.76 12.657 5.301 0.814 -1.825 -3.812 -2.729 -2.579 -3.019 -3.972 -5.326 -0.719 2.308 -1.021 -6.452 -7.826 -8.741 -4.537
4.200141 -1.058 4.157 11.68 13.467 7.641 3.511 1.152 12.471 7.019 3.003 -0.866 -3.357 13.061 5.705 1.218 -1.422 -3.408 -2.325 -2.175 -2.615 -3.568 -4.922 -0.316 2.712 -0.617 -6.049 -7.423 -8.337 -4.133
4.327172 -0.63 4.586 12.108 13.895 8.069 3.94 1.581 12.899 7.448 3.431 -0.438 -2.928 13.489 6.133 1.646 -0.993 -2.98 -1.897 -1.747 -2.187 -3.14 -4.494 0.113 3.141 -0.189 -5.62 -6.994 -7.909 -3.705
4.458044 -0.175 5.041 12.563 14.35 8.524 4.394 2.036 13.354 7.902 3.886 0.017 -2.474 13.944 6.588 2.101 -0.539 -2.525 -1.442 -1.292 -1.732 -2.685 -4.039 0.568 3.595 0.266 -5.165 -6.539 -7.454 -3.25
4.592874 0.308 5.523 13.046 14.833 9.007 4.877 2.518 13.837 8.385 4.369 0.5 -1.991 14.426 7.071 2.583 -0.056 -2.042 -0.959 -0.809 -1.249 -2.202 -3.556 1.05 4.078 0.749 -4.683 -6.057 -6.971 -2.767
4.731783 0.82 6.036 13.558 15.345 9.519 5.39 3.031 14.349 8.897 4.881 1.012 -1.479 14.939 7.583 3.096 0.457 -1.53 -0.447 -0.297 -0.737 -1.69 -3.044 1.563 4.59 1.261 -4.17 -5.544 -6.459 -2.255
4.874892 1.364 6.579 14.102 15.889 10.063 5.933 3.574 14.893 9.441 5.425 1.556 -0.935 15.483 8.127 3.64 1.0 -0.986 0.097 0.247 -0.193 -1.146 -2.5 2.107 5.134 1.805 -3.627 -5.001 -5.915 -1.711
5.02233 1.941 7.157 14.679 16.466 10.64 6.511 4.152 15.47 10.018 6.002 2.133 -0.358 16.06 8.704 4.217 1.578 -0.409 0.674 0.824 0.384 -0.569 -1.923 2.684 5.711 2.382 -3.049 -4.423 -5.338 -1.134
5.174227 2.554 7.769 15.292 17.079 11.253 7.123 4.764 16.083 10.631 6.615 2.746 0.255 16.672 9.317 4.829 2.19 0.204 1.287 1.437 0.997 0.044 -1.31 3.296 6.324 2.995 -2.437 -3.811 -4.725 -0.521
5.330718 3.204 8.42 15.942 17.729 11.903 7.773 5.414 16.733 11.281 7.265 3.396 0.905 17.323 9.967 5.48 2.84 0.854 1.937 2.087 1.647 0.694 -0.66 3.947 6.974 3.645 -1.786 -3.16 -4.075 0.129
5.491942 3.894 9.11 16.632 18.419 12.593 8.464 6.105 17.423 11.971 7.955 4.086 1.596 18.013 10.657 6.17 3.531 1.544 2.627 2.777 2.337 1.384 0.03 4.637 7.664 4.335 -1.096 -2.47 -3.385 0.819
5.658042 4.627 9.842 17.365 19.152 13.326 9.196 6.837 18.156 12.704 8.688 4.819 2.328 18.745 11.39 6.902 4.263 2.277 3.36 3.51 3.07 2.117 0.763 5.369 8.397 5.068 -0.364 -1.738 -2.652 1.552
5.829166 5.404 10.62 18.142 19.929 14.103 9.974 7.615 18.933 13.482 9.465 5.596 3.106 19.523 12.167 7.68 5.041 3.054 4.137 4.287 3.847 2.894 1.54 6.147 9.175 5.845 0.414 -0.96 -1.875 2.329
6.005465 6.23 11.445 18.968 20.755 14.929 10.799 8.44 19.759 14.307 10.291 6.421 3.931 20.348 12.993 8.505 5.866 3.88 4.963 5.112 4.672 3.72 2.366 6.972 10.0 6.671 1.239 -0.135 -1.049 3.155
6.187096 7.105 12.321 19.843 21.631 15.805 11.675 9.316 20.635 15.183 11.167 7.297 4.807 21.224 13.869 9.381 6.742 4.756 5.839 5.988 5.548 4.596 3.242 7.848 10.876 7.547 2.115 0.741 -0.173 4.031
6.37422 8.035 13.251 20.773 22.56 16.734 12.605 10.246 21.564 16.113 12.096 8.227 5.737 22.154 14.798 10.311 7.672 5.685 6.768 6.918 6.478 5.525 4.171 8.778 11.806 8.476 3.045 1.671 0.756 4.96
6.567004 9.022 14.238 21.76 23.547 17.721 13.592 11.233 22.551 17.099 13.083 9.214 6.723 23.141 15.785 11.298 8.659 6.672 7.755 7.905 7.465 6.512 5.158 9.765 12.792 9.463 4.032 2.658 1.743 5.947
6.765619 10.07 15.285 22.808 24.595 18.769 14.639 12.28 23.599 18.147 14.131 10.261 7.771 24.188 16.833 12.345 9.706 7.72 8.803 8.952 8.512 7.56 6.206 10.812 13.84 10.511 5.079 3.705 2.791 6.995
6.97024 11.181 16.397 23.919 25.706 19.88 15.751 13.392 24.71 19.259 15.242 11.373 8.883 25.3 17.945 13.457 10.818 8.831 9.915 10.064 9.624 8.671 7.317 11.924 14.952 11.623 6.191 4.817 3.902 8.106
7.181051 12.361 17.577 25.099 26.886 21.06 16.931 14.572 25.89 20.439 16.423 12.553 10.063 26.48 19.125 14.637 11.998 10.011 11.095 11.244 10.804 9.851 8.497 13.104 16.132 12.803 7.371 5.997 5.082 9.286
7.398237 13.614 18.829 26.352 28.139 22.313 18.183 15.824 27.143 21.691 17.675 13.806 11.315 27.733 20.377 15.89 13.25 11.264 12.347 12.497 12.057 11.104 9.75 14.356 17.384 14.055 8.623 7.249 6.335 10.539
7.621991 14.943 20.159 27.681 29.468 23.642 19.513 17.154 28.472 23.02 19.004 15.135 12.645 29.062 21.706 17.219 14.58 12.593 13.676 13.826 13.386 12.433 11.079 15.686 18.714 15.384 9.953 8.579 7.664 11.868
7.852513 16.354 21.57 29.092 30.879 25.053 20.924 18.565 29.883 24.431 20.415 16.546 14.056 30.473 23.117 18.63 15.991 14.004 15.087 15.237 14.797 13.844 12.49 17.097 20.125 16.795 11.364 9.99 9.075 13.279
8.090007 17.852 23.067 30.59 32.377 26.551 22.421 20.062 31.381 25.929 21.913 18.044 15.553 31.971 24.615 20.128 17.488 15.502 16.585 16.735 16.295 15.342 13.988 18.594 21.622 18.293 12.861 11.487 10.573 14.777
8.334684 19.441 24.657 32.179 33.967 28.141 24.011 21.652 32.97 27.519 23.503 19.633 17.143 33.56 26.205 21.717 19.078 17.092 18.175 18.324 17.884 16.932 15.577 20.184 23.212 19.883 14.451 13.077 12.163 16.367
8.586761 21.129 26.344 33.867 35.654 29.828 25.698 23.339 34.658 29.206 25.19 21.32 18.83 35.247 27.892 23.404 20.765 18.779 19.862 20.012 19.572 18.619 17.265 21.871 24.899 21.57 16.138 14.764 13.85 18.054
8.846461 22.919 28.135 35.657 37.445 31.619 27.489 25.13 36.448 30.997 26.981 23.111 20.621 37.038 29.683 25.195 22.556 20.57 21.653 21.802 21.362 20.41 19.056 23.662 26.69 23.361 17.929 16.555 15.641 19.845
9.114017 24.82 30.036 37.558 39.345 33.519 29.39 27.031 38.349 32.898 28.881 25.012 22.522 38.939 31.583 27.096 24.457 22.47 23.553 23.703 23.263 22.31 20.956 25.563 28.591 25.261 19.83 18.456 17.541 21.745
9.389664 26.838 32.053 39.576 41.363 35.537 31.407 29.048 40.367 34.915 30.899 27.03 24.539 40.957 33.601 29.114 26.474 24.488 25.571 25.721 25.281 24.328 22.974 27.58 30.608 27.279 21.847 20.473 19.559 23.763
9.673648 28.979 34.195 41.717 43.504 37.678 33.549 31.19 42.508 37.056 33.04 29.171 26.681 43.098 35.742 31.255 28.616 26.629 27.712 27.862 27.422 26.469 25.115 29.722 32.749 29.42 23.989 22.615 21.7 25.904
9.966221 31.252 36.468 43.99 45.777 39.951 35.821 33.463 44.781 39.329 35.313 31.444 28.953 45.371 38.015 33.528 30.888 28.902 29.985 30.135 29.695 28.742 27.388 31.995 35.022 31.693 26.262 24.888 23.973 28.177
10.267642 33.664 38.88 46.402 48.19 42.364 38.234 35.875 47.193 41.742 37.726 33.856 31.366 47.783 40.428 35.94 33.301 31.315 32.398 32.547 32.107 31.155 29.8 34.407 37.435 34.106 28.674 27.3 26.386 30.589
10.57818 36.225 41.441 48.963 50.75 44.924 40.794 38.436 49.754 44.302 40.286 36.417 33.926 50.344 42.988 38.501 35.861 33.875 34.958 35.108 34.668 33.715 32.361 36.968 39.995 36.666 31.235 29.861 28.946 33.15
10.89811 38.943 44.158 51.681 53.468 47.642 43.512 41.153 52.472 47.02 43.004 39.135 36.644 53.062 45.706 41.219 38.579 36.593 37.676 37.826 37.386 36.433 35.079 39.685 42.713 39.384 33.952 32.578 31.664 35.868
11.227716 41.827 47.043 54.565 56.353 50.527 46.397 44.038 55.356 49.905 45.889 42.019 39.529 55.946 48.591 44.103 41.464 39.478 40.561 40.71 40.27 39.318 37.963 42.57 45.598 42.269 36.837 35.463 34.549 38.753
11.56729 44.889 50.105 57.627 59.414 53.588 49.459 47.1 58.418 52.967 48.95 45.081 42.591 59.008 51.652 47.165 44.526 42.539 43.622 43.772 43.332 42.379 41.025 45.632 48.66 45.33 39.899 38.525 37.61 41.814
11.917135 48.139 53.355 60.877 62.664 56.838 52.708 50.35 61.668 56.216 52.2 48.331 45.84 62.258 54.902 50.415 47.776 45.789 46.872 47.022 46.582 45.629 44.275 48.882 51.909 48.58 43.149 41.775 40.86 45.064
12.277561 51.588 56.804 64.326 66.114 60.288 56.158 53.799 65.117 59.666 55.65 51.78 49.29 65.707 58.352 53.864 51.225 49.239 50.322 50.471 50.031 49.079 47.724 52.331 55.359 52.03 46.598 45.224 44.31 48.513
12.648887 55.25 60.465 67.988 69.775 63.949 59.819 57.46 68.779 63.327 59.311 55.441 52.951 69.368 62.013 57.525 54.886 52.9 53.983 54.132 53.692 52.74 51.386 55.992 59.02 55.691 50.259 48.885 47.971 52.175
13.031444 59.135 64.351 71.873 73.661 67.835 63.705 61.346 72.665 67.213 63.197 59.327 56.837 73.254 65.899 61.411 58.772 56.786 57.869 58.018 57.578 56.626 55.272 59.878 62.906 59.577 54.145 52.771 51.857 56.061
13.425571 63.26 68.476 75.998 77.785 71.959 67.83 65.471 76.789 71.337 67.321 63.452 60.961 77.379 70.023 65.536 62.897 60.91 61.993 62.143 61.703 60.75 59.396 64.003 67.03 63.701 58.27 56.896 55.981 60.185
13.831619 67.638 72.854 80.376 82.163 76.337 72.207 69.848 81.167 75.715 71.699 67.83 65.339 81.757 74.401 69.914 67.274 65.288 66.371 66.521 66.081 65.128 63.774 68.381 71.408 68.079 62.647 61.273 60.359 64.563
14.249947 72.285 77.5 85.023 86.81 80.984 76.854 74.495 85.814 80.362 76.346 72.476 69.986 86.403 79.048 74.56 71.921 69.935 71.018 71.167 70.727 69.775 68.421 73.027 76.055 72.726 67.294 65.92 65.006 69.21
14.680926 77.216 82.432 89.954 91.742 85.916 81.786 79.427 90.746 85.294 81.278 77.408 74.918 91.335 83.98 79.492 76.853 74.867 75.95 76.099 75.659 74.707 73.353 77.959 80.987 77.658 72.226 70.852 69.938 74.142
15.124941 82.451 87.667 95.189 96.976 91.15 87.021 84.662 95.98 90.529 86.513 82.643 80.153 96.57 89.215 84.727 82.088 80.101 81.185 81.334 80.894 79.941 78.587 83.194 86.222 82.893 77.461 76.087 75.172 79.376
15.582385 88.008 93.223 100.746 102.533 96.707 92.577 90.218 101.537 96.085 92.069 88.199 85.709 102.126 94.771 90.283 87.644 85.658 86.741 86.89 86.45 85.498 84.144 88.75 91.778 88.449 83.017 81.643 80.729 84.933
16.053663 93.905 99.121 106.643 108.43 102.604 98.474 96.115 107.434 101.982 97.966 94.097 91.606 108.024 100.668 96.181 93.541 91.555 92.638 92.788 92.348 91.395 90.041 94.648 97.675 94.346 88.915 87.541 86.626 90.83
16.539195 100.164 105.38 112.902 114.69 108.864 104.734 102.375 113.694 108.242 104.226 100.356 97.866 114.283 106.928 102.44 99.801 97.815 98.898 99.047 98.607 97.655 96.301 100.907 103.935 100.606 95.174 93.8 92.886 97.09
17.039412 106.808 112.024 119.546 121.334 115.508 111.378 109.019 120.337 114.886 110.87 107.0 104.51 120.927 113.572 109.084 106.445 104.459 105.542 105.691 105.251 104.299 102.944 107.551 110.579 107.25 101.818 100.444 99.53 103.733
17.554757 113.86 119.076 126.598 128.385 122.559 118.43 116.071 127.389 121.938 117.921 114.052 111.562 127.979 120.623 116.136 113.497 111.51 112.593 112.743 112.303 111.35 109.996 114.603 117.631 114.301 108.87 107.496 106.581 110.785
18.085689 121.345 126.561 134.083 135.87 130.044 125.915 123.556 134.874 129.422 125.406 121.537 119.046 135.464 128.108 123.621 120.982 118.995 120.078 120.228 119.788 118.835 117.481 122.088 125.115 121.786 116.355 114.981 114.066 118.27
18.632678 129.289 134.505 142.027 143.815 137.989 133.859 131.5 142.819 137.367 133.351 129.481 126.991 143.408 136.053 131.565 128.926 126.94 128.023 128.172 127.732 126.78 125.426 130.032 133.06 129.731 124.299 122.925 122.011 126.215
19.196211 137.722 142.937 150.46 152.247 146.421 142.291 139.932 151.251 145.799 141.783 137.914 135.423 151.841 144.485 139.998 137.358 135.372 136.455 136.605 136.165 135.212 133.858 138.464 141.492 138.163 132.731 131.357 130.443 134.647
19.776787 146.672 151.887 159.41 161.197 155.371 151.241 148.882 160.201 154.749 150.733 146.864 144.373 160.791 153.435 148.948 146.308 144.322 145.405 145.555 145.115 144.162 142.808 147.414 150.442 147.113 141.681 140.307 139.393 143.597
20.374923 156.171 161.387 168.909 170.697 164.871 160.741 158.382 169.7 164.249 160.233 156.363 153.873 170.29 162.935 158.447 155.808 153.822 154.905 155.054 154.614 153.662 152.307 156.914 159.942 156.613 151.181 149.807 148.893 153.096
20.991149 166.254 171.47 178.992 180.779 174.953 170.824 168.465 179.783 174.332 170.316 166.446 163.956 180.373 173.018 168.53 165.891 163.904 164.988 165.137 164.697 163.744 162.39 166.997 170.025 166.696 161.264 159.89 158.975 163.179
21.626011 176.956 182.172 189.694 191.481 185.655 181.526 179.167 190.485 185.034 181.018 177.148 174.658 191.075 183.72 179.232 176.593 174.607 175.69 175.839 175.399 174.446 173.092 177.699 180.727 177.398 171.966 170.592 169.677 173.881
22.280075 188.315 193.531 201.053 202.841 197.015 192.885 190.526 201.844 196.393 192.377 188.507 186.017 202.434 195.079 190.591 187.952 185.966 187.049 187.198 186.758 185.806 184.452 189.058 192.086 188.757 183.325 181.951 181.037 185.241
22.953921 200.372 205.588 213.11 214.897 209.071 204.942 202.583 213.901 208.449 204.433 200.564 198.074 214.491 207.135 202.648 200.009 198.022 199.105 199.255 198.815 197.862 196.508 201.115 204.142 200.813 195.382 194.008 193.093 197.297
23.648147 213.169 218.385 225.907 227.694 221.868 217.739 215.38 226.698 221.246 217.23 213.361 210.871 227.288 219.932 215.445 212.806 210.819 211.902 212.052 211.612 210.659 209.305 213.912 216.939 213.61 208.179 206.805 205.89 210.094
24.363369 226.752 231.967 239.49 241.277 235.451 231.321 228.962 240.281 234.829 230.813 226.944 224.453 240.871 233.515 229.028 226.388 224.402 225.485 225.635 225.195 224.242 222.888 227.495 230.522 227.193 221.761 220.387 219.473 223.677
25.100222 241.169 246.384 253.907 255.694 249.868 245.738 243.379 254.698 249.246 245.23 241.36 238.87 255.287 247.932 243.444 240.805 238.819 239.902 240.052 239.611 238.659 237.305 241.911 244.939 241.61 236.178 234.804 233.89 238.094
25.859362 256.471 261.686 269.209 270.996 265.17 261.04 258.681 270.0 264.548 260.532 256.662 254.172 270.589 263.234 258.746 256.107 254.121 255.204 255.354 254.914 253.961 252.607 257.213 260.241 256.912 251.48 250.106 249.192 253.396
26.64146 272.712 277.928 285.45 287.237 281.411 277.282 274.923 286.241 280.79 276.773 272.904 270.414 286.831 279.475 274.988 272.349 270.362 271.445 271.595 271.155 270.202 268.848 273.455 276.483 273.153 267.722 266.348 265.433 269.637
27.447213 289.951 295.167 302.689 304.476 298.65 294.521 292.162 303.48 298.028 294.012 290.143 287.653 304.07 296.714 292.227 289.588 287.601 288.684 288.834 288.394 287.441 286.087 290.694 293.721 290.392 284.961 283.587 282.672 286.876
28.277335 308.249 313.464 320.987 322.774 316.948 312.818 310.459 321.778 316.326 312.31 308.44 305.95 322.367 315.012 310.524 307.885 305.899 306.982 307.131 306.691 305.739 304.385 308.991 312.019 308.69 303.258 301.884 300.97 305.174
29.132564 327.67 332.885 340.408 342.195 336.369 332.239 329.88 341.199 335.747 331.731 327.861 325.371 341.788 334.433 329.945 327.306 325.32 326.403 326.552 326.112 325.16 323.806 328.412 331.44 328.111 322.679 321.305 320.391 324.595
30.013659 348.283 353.499 361.021 362.808 356.982 352.852 350.494 361.812 356.36 352.344 348.475 345.984 362.402 355.046 350.559 347.919 345.933 347.016 347.166 346.726 345.773 344.419 349.026 352.053 348.724 343.293 341.919 341.004 345.208
30.921401 370.162 375.378 382.9 384.687 378.861 374.732 372.373 383.691 378.239 374.223 370.354 367.864 384.281 376.925 372.438 369.799 367.812 368.895 369.045 368.605 367.652 366.298 370.905 373.933 370.603 365.172 363.798 362.883 367.087
31.856598 393.385 398.6 406.123 407.91 402.084 397.954 395.595 406.914 401.462 397.446 393.577 391.086 407.504 400.148 395.661 393.021 391.035 392.118 392.268 391.828 390.875 389.521 394.127 397.155 393.826 388.394 387.02 386.106 390.31
32.820079 418.033 423.249 430.771 432.559 426.733 422.603 420.244 431.562 426.111 422.095 418.225 415.735 432.152 424.797 420.309 417.67 415.684 416.767 416.916 416.476 415.524 414.169 418.776 421.804 418.475 413.043 411.669 410.755 414.958
33.8127 444.196 449.411 456.934 458.721 452.895 448.765 446.406 457.725 452.273 448.257 444.387 441.897 458.314 450.959 446.471 443.832 441.846 442.929 443.078 442.638 441.686 440.332 444.938 447.966 444.637 439.205 437.831 436.917 441.121
34.835342 471.964 477.18 484.702 486.489 480.663 476.534 474.175 485.493 480.041 476.025 472.156 469.665 486.083 478.727 474.24 471.601 469.614 470.697 470.847 470.407 469.454 468.1 472.707 475.734 472.405 466.974 465.6 464.685 468.889
35.888913 501.438 506.653 514.176 515.963 510.137 506.007 503.648 514.967 509.515 505.499 501.63 499.139 515.556 508.201 503.713 501.074 499.088 500.171 500.321 499.881 498.928 497.574 502.18 505.208 501.879 496.447 495.073 494.159 498.363
36.974349 532.721 537.937 545.459 547.246 541.42 537.291 534.932 546.25 540.798 536.782 532.913 530.423 546.84 539.484 534.997 532.358 530.371 531.454 531.604 531.164 530.211 528.857 533.464 536.491 533.162 527.731 526.357 525.442 529.646
38.092613 565.925 571.141 578.663 580.451 574.625 570.495 568.136 579.454 574.003 569.987 566.117 563.627 580.044 572.689 568.201 565.562 563.576 564.659 564.808 564.368 563.416 562.061 566.668 569.696 566.367 560.935 559.561 558.647 562.851
39.244698 601.169 606.384 613.907 615.694 609.868 605.738 603.379 614.698 609.246 605.23 601.36 598.87 615.287 607.932 603.444 600.805 598.819 599.902 600.051 599.611 598.659 597.305 601.911 604.939 601.61 596.178 594.804 593.89 598.094
40.431627 638.576 643.791 651.314 653.101 647.275 643.145 640.786 652.105 646.653 642.637 638.768 636.277 652.695 645.339 640.852 638.212 636.226 637.309 637.459 637.019 636.066 634.712 639.318 642.346 639.017 633.585 632.211 631.297 635.501
41.654454 678.28 683.496 691.018 692.805 686.979 682.849 680.491 691.809 686.357 682.341 678.472 675.981 692.399 685.043 680.556 677.916 675.93 677.013 677.163 676.723 675.77 674.416 679.023 682.05 678.721 673.29 671.916 671.001 675.205
42.914265 720.422 725.638 733.16 734.947 729.121 724.992 722.633 733.951 728.499 724.483 720.614 718.124 734.541 727.185 722.698 720.059 718.072 719.155 719.305 718.865 717.912 716.558 721.165 724.192 720.863 715.432 714.058 713.143 717.347
44.212178 765.152 770.368 777.89 779.677 773.851 769.721 767.362 778.681 773.229 769.213 765.344 762.853 779.271 771.915 767.428 764.788 762.802 763.885 764.035 763.595 762.642 761.288 765.895 768.922 765.593 760.161 758.787 757.873 762.077
45.549345 nan nan nan nan nan nan nan nan nan nan nan nan nan nan nan nan nan nan nan nan nan nan nan nan nan nan nan nan nan
46.926954 nan nan nan nan nan nan nan nan nan nan nan nan nan nan nan nan nan nan nan nan nan nan nan nan nan nan nan nan nan
48.346227 nan nan nan nan nan nan nan nan nan nan nan nan nan nan nan nan nan nan nan nan nan nan nan nan nan nan nan nan nan
49.808426 nan nan nan nan nan nan nan nan nan nan nan nan nan nan nan nan nan nan nan nan nan nan nan nan nan nan nan nan nan
51.314848 nan nan nan nan nan nan nan nan nan nan nan nan nan nan nan nan nan nan nan nan nan nan nan nan nan nan nan nan nan
52.86683 nan nan nan nan nan nan nan nan nan nan nan nan nan nan nan nan nan nan nan nan nan nan nan nan nan nan nan nan nan
54.465752 nan nan nan nan nan nan nan nan nan nan nan nan nan nan nan nan nan nan nan nan nan nan nan nan nan nan nan nan nan
56.113031 nan nan nan nan nan nan nan nan nan nan nan nan nan nan nan nan nan nan nan nan nan nan nan nan nan nan nan nan nan
57.810132 nan nan nan nan nan nan nan nan nan nan nan nan nan nan nan nan nan nan nan nan nan nan nan nan nan nan nan nan nan
59.55856 nan nan nan nan nan nan nan nan nan nan nan nan nan nan nan nan nan nan nan nan nan nan nan nan nan nan nan nan nan
61.359868 nan nan nan nan nan nan nan nan nan nan nan nan nan nan nan nan nan nan nan nan nan nan nan nan nan nan nan nan nan
63.215655 nan nan nan nan nan nan nan nan nan nan nan nan nan nan nan nan nan nan nan nan nan nan nan nan nan nan nan nan nan
65.127569 nan nan nan nan nan nan nan nan nan nan nan nan nan nan nan nan nan nan nan nan nan nan nan nan nan nan nan nan nan
67.097308 nan nan nan nan nan nan nan nan nan nan nan nan nan nan nan nan nan nan nan nan nan nan nan nan nan nan nan nan nan
69.126621 nan nan nan nan nan nan nan nan nan nan nan nan nan nan nan nan nan nan nan nan nan nan nan nan nan nan nan nan nan
71.217308 nan nan nan nan nan nan nan nan nan nan nan nan nan nan nan nan nan nan nan nan nan nan nan nan nan nan nan nan nan
73.371227 nan nan nan nan nan nan nan nan nan nan nan nan nan nan nan nan nan nan nan nan nan nan nan nan nan nan nan nan nan
75.59029 nan nan nan nan nan nan nan nan nan nan nan nan nan nan nan nan nan nan nan nan nan nan nan nan nan nan nan nan nan
77.876467 nan nan nan nan nan nan nan nan nan nan nan nan nan nan nan nan nan nan nan nan nan nan nan nan nan nan nan nan nan
80.231787 nan nan nan nan nan nan nan nan nan nan nan nan nan nan nan nan nan nan nan nan nan nan nan nan nan nan nan nan nan
82.658343 nan nan nan nan nan nan nan nan nan nan nan nan nan nan nan nan nan nan nan nan nan nan nan nan nan nan nan nan nan
85.158288 nan nan nan nan nan nan nan nan nan nan nan nan nan nan nan nan nan nan nan nan nan nan nan nan nan nan nan nan nan
87.733843 nan nan nan nan nan nan nan nan nan nan nan nan nan nan nan nan nan nan nan nan nan nan nan nan nan nan nan nan nan
90.387293 nan nan nan nan nan nan nan nan nan nan nan nan nan nan nan nan nan nan nan nan nan nan nan nan nan nan nan nan nan
93.120995 nan nan nan nan nan nan nan nan nan nan nan nan nan nan nan nan nan nan nan nan nan nan nan nan nan nan nan nan nan
95.937376 nan nan nan nan nan nan nan nan nan nan nan nan nan nan nan nan nan nan nan nan nan nan nan nan nan nan nan nan nan
98.838937 nan nan nan nan nan nan nan nan nan nan nan nan nan nan nan nan nan nan nan nan nan nan nan nan nan nan nan nan nan
101.828253 nan nan nan nan nan nan nan nan nan nan nan nan nan nan nan nan nan nan nan nan nan nan nan nan nan nan nan nan nan
104.907979 nan nan nan nan nan nan nan nan nan nan nan nan nan nan nan nan nan nan nan nan nan nan nan nan nan nan nan nan nan
108.080849 nan nan nan nan nan nan nan nan nan nan nan nan nan nan nan nan nan nan nan nan nan nan nan nan nan nan nan nan nan
111.349681 nan nan nan nan nan nan nan nan nan nan nan nan nan nan nan nan nan nan nan nan nan nan nan nan nan nan nan nan nan
114.717376 nan nan nan nan nan nan nan nan nan nan nan nan nan nan nan nan nan nan nan nan nan nan nan nan nan nan nan nan nan
118.186925 nan nan nan nan nan nan nan nan nan nan nan nan nan nan nan nan nan nan nan nan nan nan nan nan nan nan nan nan nan
121.761408 nan nan nan nan nan nan nan nan nan nan nan nan nan nan nan nan nan nan nan nan nan nan nan nan nan nan nan nan nan
125.443999 nan nan nan nan nan nan nan nan nan nan nan nan nan nan nan nan nan nan nan nan nan nan nan nan nan nan nan nan nan
129.237967 nan nan nan nan nan nan nan nan nan nan nan nan nan nan nan nan nan nan nan nan nan nan nan nan nan nan nan nan nan
133.146681 nan nan nan nan nan nan nan nan nan nan nan nan nan nan nan nan nan nan nan nan nan nan nan nan nan nan nan nan nan
137.173612 nan nan nan nan nan nan nan nan nan nan nan nan nan nan nan nan nan nan nan nan nan nan nan nan nan nan nan nan nan
141.322334 nan nan nan nan nan nan nan nan nan nan nan nan nan nan nan nan nan nan nan nan nan nan nan nan nan nan nan nan nan
145.596532 nan nan nan nan nan nan nan nan nan nan nan nan nan nan nan nan nan nan nan nan nan nan nan nan nan nan nan nan nan
150.0 nan nan nan nan nan nan nan nan nan nan nan nan nan nan nan nan nan nan nan nan nan nan nan nan nan nan nan nan nan
