# %ECSV 1.0
# ---
# datatype:
# - {name: time, datatype: float64}
# - {name: swift_uvot_uvw2, datatype: float64}
# - {name: swift_uvot_uvm2, datatype: float64}
# - {name: swift_uvot_uvw1, datatype: float64}
# - {name: swift_uvot_U, datatype: float64}
# - {name: swift_uvot_B, datatype: float64}
# - {name: swift_uvot_V, datatype: float64}
# - {name: swift_uvot_W, datatype: float64}
# - {name: johnson_U, datatype: float64}
# - {name: johnson_B, datatype: float64}
# - {name: johnson_V, datatype: float64}
# - {name: johnson_R, datatype: float64}
# - {name: johnson_I, datatype: float64}
# - {name: sdss_u, datatype: float64}
# - {name: sdss_g, datatype: float64}
# - {name: sdss_r, datatype: float64}
# - {name: sdss_i, datatype: float64}
# - {name: sdss_z, datatype: float64}
# - {name: PS1_g, datatype: float64}
# - {name: PS1_r, datatype: float64}
# - {name: PS1_i, datatype: float64}
# - {name: PS1_z, datatype: float64}
# - {name: PS1_Y, datatype: float64}
# - {name: PS1_w, datatype: float64}
# - {name: ATLAS_c, datatype: float64}
# - {name: ATLAS_o, datatype: float64}
# - {name: ukirt_J, datatype: float64}
# - {name: ukirt_H, datatype: float64}
# - {name: ukirt_K, datatype: float64}
# - {name: Clear, datatype: float64}
# meta: !!omap
# - comment: [kappa = 0.5, type = villar, mass = 0.07749594937791414, velocity = 0.406, theta_obs = 0.0]
# schema: astropy-2.0
time swift_uvot_uvw2 swift_uvot_uvm2 swift_uvot_uvw1 swift_uvot_U swift_uvot_B swift_uvot_V swift_uvot_W johnson_U johnson_B johnson_V johnson_R johnson_I sdss_u sdss_g sdss_r sdss_i sdss_z PS1_g PS1_r PS1_i PS1_z PS1_Y PS1_w ATLAS_c ATLAS_o ukirt_J ukirt_H ukirt_K Clear
0.001 754.256 759.472 782.707 798.877 781.444 773.456 756.525 792.156 779.158 771.407 763.051 758.064 795.154 777.389 768.541 763.022 758.556 752.991 753.195 753.174 752.759 751.013 764.26 770.811 763.994 752.83 749.329 746.703 751.227
0.00103 -6.136 -6.109 -6.064 -5.877 -5.63 -5.33 -5.926 -5.842 -5.626 -5.32 -4.986 -4.585 -5.85 -5.535 -5.139 -4.828 -4.526 -5.518 -5.164 -4.858 -4.647 -4.6 -5.181 -5.381 -5.011 -3.904 -3.386 -2.778 -5.24
0.001061 -6.748 -6.658 -6.576 -6.298 -6.009 -5.676 -6.426 -6.257 -6.005 -5.666 -5.31 -4.889 -6.265 -5.903 -5.472 -5.143 -4.827 -5.888 -5.504 -5.183 -4.971 -4.952 -5.522 -5.735 -5.336 -4.186 -3.657 -3.041 -5.589
0.001094 -7.091 -6.966 -6.867 -6.547 -6.237 -5.889 -6.714 -6.501 -6.233 -5.879 -5.512 -5.082 -6.511 -6.126 -5.678 -5.34 -5.018 -6.113 -5.716 -5.388 -5.178 -5.178 -5.732 -5.951 -5.539 -4.368 -3.834 -3.213 -5.803
0.001127 -7.333 -7.186 -7.076 -6.729 -6.407 -6.05 -6.922 -6.682 -6.403 -6.04 -5.667 -5.231 -6.691 -6.293 -5.835 -5.492 -5.166 -6.282 -5.877 -5.546 -5.337 -5.353 -5.892 -6.115 -5.694 -4.51 -3.973 -3.35 -5.965
0.001161 -7.523 -7.36 -7.243 -6.878 -6.547 -6.184 -7.088 -6.829 -6.543 -6.173 -5.796 -5.356 -6.839 -6.431 -5.966 -5.619 -5.291 -6.422 -6.011 -5.678 -5.471 -5.498 -6.024 -6.25 -5.824 -4.631 -4.091 -3.467 -6.1
0.001196 -7.682 -7.506 -7.384 -7.005 -6.669 -6.301 -7.229 -6.956 -6.665 -6.29 -5.91 -5.466 -6.965 -6.551 -6.08 -5.731 -5.401 -6.543 -6.128 -5.794 -5.588 -5.625 -6.141 -6.368 -5.937 -4.738 -4.197 -3.571 -6.217
0.001232 -7.819 -7.634 -7.508 -7.119 -6.777 -6.406 -7.352 -7.069 -6.774 -6.395 -6.013 -5.567 -7.078 -6.659 -6.184 -5.833 -5.501 -6.652 -6.234 -5.899 -5.694 -5.739 -6.245 -6.474 -6.04 -4.836 -4.294 -3.667 -6.323
0.001269 -7.942 -7.748 -7.619 -7.223 -6.877 -6.503 -7.464 -7.171 -6.874 -6.492 -6.108 -5.66 -7.181 -6.758 -6.28 -5.927 -5.594 -6.752 -6.332 -5.996 -5.793 -5.843 -6.342 -6.572 -6.136 -4.927 -4.385 -3.757 -6.42
0.001308 -8.053 -7.853 -7.722 -7.319 -6.971 -6.594 -7.566 -7.267 -6.967 -6.583 -6.197 -5.748 -7.277 -6.85 -6.37 -6.016 -5.682 -6.845 -6.424 -6.086 -5.885 -5.94 -6.433 -6.663 -6.225 -5.014 -4.47 -3.842 -6.512
0.001347 -8.155 -7.95 -7.817 -7.409 -7.058 -6.68 -7.661 -7.357 -7.055 -6.669 -6.282 -5.832 -7.367 -6.938 -6.455 -6.1 -5.766 -6.933 -6.51 -6.173 -5.972 -6.032 -6.519 -6.75 -6.31 -5.096 -4.552 -3.923 -6.598
0.001388 -8.251 -8.041 -7.907 -7.494 -7.142 -6.762 -7.751 -7.442 -7.138 -6.752 -6.363 -5.912 -7.452 -7.021 -6.537 -6.181 -5.846 -7.017 -6.593 -6.255 -6.055 -6.118 -6.601 -6.832 -6.391 -5.176 -4.631 -4.001 -6.68
0.00143 -8.341 -8.128 -7.992 -7.576 -7.222 -6.841 -7.836 -7.524 -7.218 -6.831 -6.441 -5.99 -7.533 -7.101 -6.615 -6.259 -5.923 -7.097 -6.672 -6.334 -6.134 -6.201 -6.68 -6.912 -6.47 -5.252 -4.707 -4.077 -6.759
0.001473 -8.426 -8.21 -8.073 -7.655 -7.3 -6.918 -7.917 -7.602 -7.296 -6.907 -6.517 -6.065 -7.612 -7.178 -6.691 -6.334 -5.998 -7.175 -6.749 -6.411 -6.211 -6.281 -6.756 -6.988 -6.545 -5.327 -4.781 -4.151 -6.836
0.001518 -8.507 -8.289 -8.151 -7.731 -7.375 -6.992 -7.995 -7.678 -7.371 -6.981 -6.591 -6.138 -7.688 -7.252 -6.765 -6.407 -6.071 -7.25 -6.823 -6.485 -6.286 -6.357 -6.83 -7.063 -6.619 -5.399 -4.854 -4.223 -6.91
0.001564 -8.585 -8.365 -8.227 -7.804 -7.447 -7.064 -8.071 -7.751 -7.444 -7.053 -6.663 -6.21 -7.761 -7.325 -6.837 -6.479 -6.143 -7.323 -6.896 -6.557 -6.359 -6.432 -6.902 -7.135 -6.691 -5.47 -4.924 -4.294 -6.982
0.001611 -8.66 -8.439 -8.3 -7.876 -7.518 -7.135 -8.144 -7.823 -7.515 -7.124 -6.733 -6.279 -7.833 -7.396 -6.908 -6.549 -6.212 -7.394 -6.967 -6.628 -6.43 -6.504 -6.972 -7.206 -6.761 -5.54 -4.994 -4.363 -7.053
0.00166 -8.733 -8.51 -8.371 -7.946 -7.588 -7.204 -8.215 -7.893 -7.584 -7.193 -6.802 -6.348 -7.903 -7.465 -6.976 -6.618 -6.281 -7.464 -7.036 -6.697 -6.499 -6.574 -7.042 -7.275 -6.83 -5.608 -5.062 -4.431 -7.122
0.00171 -8.803 -8.579 -8.44 -8.014 -7.656 -7.272 -8.284 -7.961 -7.652 -7.261 -6.869 -6.416 -7.971 -7.533 -7.044 -6.686 -6.349 -7.532 -7.104 -6.765 -6.567 -6.643 -7.109 -7.343 -6.898 -5.676 -5.129 -4.499 -7.19
0.001761 -8.871 -8.647 -8.507 -8.081 -7.723 -7.338 -8.351 -8.028 -7.719 -7.328 -6.936 -6.482 -8.038 -7.6 -7.111 -6.752 -6.415 -7.599 -7.171 -6.832 -6.634 -6.71 -7.176 -7.409 -6.964 -5.742 -5.196 -4.565 -7.257
0.001815 -8.937 -8.713 -8.573 -8.147 -7.789 -7.404 -8.417 -8.094 -7.785 -7.393 -7.002 -6.548 -8.104 -7.666 -7.176 -6.818 -6.481 -7.664 -7.236 -6.897 -6.7 -6.776 -7.242 -7.475 -7.03 -5.808 -5.261 -4.63 -7.323
0.00187 -9.002 -8.778 -8.638 -8.212 -7.853 -7.469 -8.482 -8.159 -7.85 -7.458 -7.066 -6.612 -8.169 -7.731 -7.241 -6.882 -6.545 -7.729 -7.301 -6.962 -6.765 -6.841 -7.306 -7.54 -7.095 -5.872 -5.326 -4.695 -7.387
0.001926 -9.065 -8.841 -8.702 -8.276 -7.917 -7.533 -8.546 -8.222 -7.913 -7.522 -7.13 -6.676 -8.232 -7.795 -7.305 -6.946 -6.609 -7.793 -7.365 -7.026 -6.828 -6.905 -7.37 -7.604 -7.159 -5.936 -5.39 -4.759 -7.451
0.001984 -9.127 -8.904 -8.764 -8.339 -7.98 -7.596 -8.608 -8.285 -7.976 -7.585 -7.194 -6.74 -8.295 -7.858 -7.368 -7.01 -6.673 -7.856 -7.428 -7.089 -6.892 -6.967 -7.434 -7.667 -7.222 -6.0 -5.454 -4.823 -7.514
0.002044 -9.188 -8.965 -8.826 -8.401 -8.043 -7.658 -8.67 -8.347 -8.039 -7.648 -7.256 -6.802 -8.357 -7.92 -7.431 -7.072 -6.735 -7.918 -7.491 -7.152 -6.954 -7.029 -7.496 -7.729 -7.284 -6.063 -5.516 -4.886 -7.577
0.002106 -9.248 -9.026 -8.886 -8.462 -8.104 -7.72 -8.731 -8.409 -8.1 -7.709 -7.318 -6.865 -8.419 -7.982 -7.493 -7.134 -6.798 -7.98 -7.552 -7.213 -7.015 -7.09 -7.558 -7.791 -7.346 -6.125 -5.579 -4.948 -7.639
0.00217 -9.307 -9.085 -8.946 -8.523 -8.165 -7.781 -8.79 -8.469 -8.161 -7.771 -7.38 -6.926 -8.479 -8.043 -7.554 -7.196 -6.859 -8.041 -7.613 -7.275 -7.077 -7.151 -7.619 -7.852 -7.408 -6.187 -5.641 -5.01 -7.7
0.002236 -9.364 -9.144 -9.005 -8.583 -8.225 -7.842 -8.849 -8.529 -8.222 -7.831 -7.44 -6.987 -8.539 -8.103 -7.615 -7.257 -6.92 -8.101 -7.674 -7.335 -7.137 -7.21 -7.68 -7.913 -7.469 -6.248 -5.702 -5.071 -7.76
0.002303 -9.421 -9.202 -9.064 -8.642 -8.285 -7.902 -8.908 -8.589 -8.281 -7.892 -7.501 -7.048 -8.599 -8.163 -7.675 -7.317 -6.981 -8.161 -7.734 -7.395 -7.197 -7.269 -7.74 -7.973 -7.529 -6.309 -5.763 -5.133 -7.821
0.002373 -9.477 -9.259 -9.121 -8.701 -8.345 -7.962 -8.965 -8.648 -8.341 -7.951 -7.561 -7.108 -8.658 -8.223 -7.735 -7.378 -7.041 -8.22 -7.794 -7.455 -7.256 -7.327 -7.8 -8.033 -7.589 -6.37 -5.824 -5.193 -7.88
0.002445 -9.532 -9.316 -9.178 -8.759 -8.403 -8.021 -9.022 -8.706 -8.4 -8.011 -7.621 -7.168 -8.716 -8.282 -7.795 -7.437 -7.101 -8.279 -7.853 -7.514 -7.315 -7.385 -7.859 -8.092 -7.649 -6.43 -5.884 -5.254 -7.94
0.002519 -9.587 -9.371 -9.235 -8.817 -8.462 -8.08 -9.079 -8.764 -8.458 -8.07 -7.68 -7.228 -8.774 -8.34 -7.854 -7.497 -7.161 -8.337 -7.911 -7.573 -7.374 -7.443 -7.918 -8.151 -7.708 -6.49 -5.944 -5.314 -7.998
0.002595 -9.641 -9.427 -9.291 -8.874 -8.52 -8.139 -9.135 -8.821 -8.516 -8.128 -7.739 -7.287 -8.831 -8.398 -7.913 -7.556 -7.22 -8.395 -7.97 -7.631 -7.432 -7.499 -7.977 -8.209 -7.767 -6.549 -6.004 -5.374 -8.057
0.002673 -9.694 -9.482 -9.346 -8.931 -8.577 -8.197 -9.19 -8.878 -8.574 -8.186 -7.797 -7.346 -8.888 -8.456 -7.971 -7.614 -7.279 -8.453 -8.028 -7.69 -7.49 -7.556 -8.035 -8.267 -7.825 -6.608 -6.063 -5.433 -8.115
0.002754 -9.746 -9.536 -9.401 -8.988 -8.635 -8.255 -9.245 -8.935 -8.631 -8.244 -7.855 -7.404 -8.945 -8.514 -8.029 -7.673 -7.337 -8.51 -8.085 -7.747 -7.547 -7.612 -8.093 -8.325 -7.883 -6.667 -6.122 -5.493 -8.173
0.002837 -9.798 -9.59 -9.455 -9.044 -8.692 -8.312 -9.299 -8.991 -8.688 -8.301 -7.913 -7.462 -9.001 -8.571 -8.087 -7.731 -7.396 -8.567 -8.143 -7.805 -7.604 -7.667 -8.15 -8.382 -7.941 -6.726 -6.181 -5.552 -8.23
0.002923 -9.85 -9.643 -9.509 -9.099 -8.748 -8.369 -9.353 -9.047 -8.744 -8.359 -7.971 -7.52 -9.057 -8.627 -8.144 -7.789 -7.454 -8.623 -8.2 -7.862 -7.661 -7.723 -8.208 -8.439 -7.999 -6.784 -6.24 -5.611 -8.287
0.003012 -9.901 -9.696 -9.563 -9.155 -8.804 -8.426 -9.407 -9.103 -8.801 -8.415 -8.028 -7.578 -9.113 -8.684 -8.201 -7.846 -7.512 -8.679 -8.256 -7.919 -7.718 -7.777 -8.265 -8.496 -8.056 -6.843 -6.298 -5.669 -8.344
0.003103 -9.951 -9.748 -9.616 -9.21 -8.86 -8.483 -9.46 -9.158 -8.856 -8.472 -8.085 -7.636 -9.168 -8.74 -8.258 -7.903 -7.569 -8.735 -8.313 -7.975 -7.774 -7.832 -8.321 -8.552 -8.113 -6.9 -6.357 -5.728 -8.4
0.003196 -10.001 -9.8 -9.669 -9.264 -8.916 -8.539 -9.513 -9.213 -8.912 -8.528 -8.142 -7.693 -9.223 -8.796 -8.315 -7.96 -7.627 -8.791 -8.369 -8.031 -7.83 -7.886 -8.378 -8.608 -8.17 -6.958 -6.415 -5.786 -8.457
0.003293 -10.05 -9.852 -9.721 -9.319 -8.971 -8.595 -9.565 -9.267 -8.967 -8.585 -8.199 -7.75 -9.277 -8.851 -8.371 -8.017 -7.684 -8.846 -8.425 -8.088 -7.885 -7.94 -8.434 -8.664 -8.227 -7.016 -6.472 -5.844 -8.513
0.003393 -10.099 -9.903 -9.773 -9.373 -9.026 -8.651 -9.617 -9.322 -9.023 -8.64 -8.255 -7.807 -9.331 -8.907 -8.427 -8.074 -7.741 -8.901 -8.48 -8.143 -7.941 -7.994 -8.49 -8.72 -8.283 -7.073 -6.53 -5.902 -8.568
0.003495 -10.148 -9.954 -9.825 -9.427 -9.081 -8.707 -9.669 -9.376 -9.077 -8.696 -8.311 -7.863 -9.385 -8.962 -8.483 -8.13 -7.797 -8.956 -8.536 -8.199 -7.996 -8.047 -8.546 -8.775 -8.339 -7.13 -6.587 -5.959 -8.624
0.003601 -10.196 -10.004 -9.876 -9.48 -9.136 -8.762 -9.72 -9.429 -9.132 -8.751 -8.367 -7.92 -9.439 -9.017 -8.539 -8.186 -7.854 -9.01 -8.591 -8.254 -8.051 -8.101 -8.601 -8.831 -8.395 -7.187 -6.645 -6.017 -8.679
0.00371 -10.244 -10.054 -9.927 -9.534 -9.19 -8.817 -9.771 -9.483 -9.186 -8.807 -8.423 -7.976 -9.493 -9.071 -8.595 -8.242 -7.91 -9.065 -8.646 -8.31 -8.106 -8.154 -8.656 -8.886 -8.451 -7.244 -6.702 -6.074 -8.734
0.003822 -10.291 -10.104 -9.977 -9.587 -9.244 -8.872 -9.822 -9.536 -9.24 -8.862 -8.478 -8.032 -9.546 -9.126 -8.65 -8.298 -7.966 -9.119 -8.701 -8.365 -8.161 -8.206 -8.712 -8.94 -8.506 -7.301 -6.759 -6.131 -8.789
0.003938 -10.338 -10.153 -10.028 -9.64 -9.298 -8.927 -9.872 -9.589 -9.294 -8.916 -8.534 -8.088 -9.599 -9.18 -8.705 -8.354 -8.022 -9.173 -8.755 -8.42 -8.215 -8.259 -8.766 -8.995 -8.561 -7.357 -6.816 -6.188 -8.844
0.004057 -10.385 -10.202 -10.078 -9.692 -9.352 -8.981 -9.922 -9.642 -9.348 -8.971 -8.589 -8.144 -9.651 -9.234 -8.76 -8.409 -8.078 -9.226 -8.81 -8.474 -8.27 -8.311 -8.821 -9.049 -8.617 -7.414 -6.872 -6.245 -8.898
0.00418 -10.431 -10.251 -10.128 -9.744 -9.405 -9.036 -9.972 -9.694 -9.402 -9.025 -8.644 -8.199 -9.704 -9.288 -8.815 -8.465 -8.134 -9.28 -8.864 -8.529 -8.324 -8.364 -8.876 -9.103 -8.672 -7.47 -6.929 -6.302 -8.953
0.004306 -10.477 -10.3 -10.177 -9.796 -9.459 -9.09 -10.022 -9.747 -9.455 -9.08 -8.699 -8.255 -9.756 -9.341 -8.87 -8.52 -8.189 -9.333 -8.918 -8.583 -8.378 -8.416 -8.93 -9.157 -8.726 -7.526 -6.985 -6.359 -9.007
0.004436 -10.523 -10.348 -10.226 -9.848 -9.512 -9.144 -10.071 -9.799 -9.508 -9.134 -8.753 -8.31 -9.808 -9.395 -8.924 -8.575 -8.245 -9.386 -8.972 -8.637 -8.432 -8.468 -8.984 -9.211 -8.781 -7.582 -7.041 -6.415 -9.061
0.00457 -10.568 -10.396 -10.275 -9.9 -9.565 -9.198 -10.12 -9.851 -9.561 -9.188 -8.808 -8.365 -9.86 -9.448 -8.978 -8.63 -8.3 -9.439 -9.026 -8.691 -8.485 -8.519 -9.038 -9.265 -8.836 -7.638 -7.098 -6.472 -9.114
0.004709 -10.613 -10.443 -10.324 -9.951 -9.617 -9.252 -10.169 -9.902 -9.614 -9.241 -8.862 -8.42 -9.912 -9.501 -9.032 -8.684 -8.355 -9.492 -9.079 -8.745 -8.539 -8.571 -9.092 -9.318 -8.89 -7.694 -7.154 -6.528 -9.168
0.004851 -10.657 -10.49 -10.372 -10.003 -9.67 -9.305 -10.217 -9.954 -9.666 -9.295 -8.917 -8.475 -9.963 -9.554 -9.086 -8.739 -8.41 -9.545 -9.133 -8.799 -8.592 -8.622 -9.146 -9.372 -8.944 -7.749 -7.21 -6.584 -9.222
0.004998 -10.702 -10.537 -10.42 -10.054 -9.722 -9.359 -10.265 -10.005 -9.719 -9.348 -8.971 -8.53 -10.015 -9.607 -9.14 -8.793 -8.465 -9.597 -9.186 -8.853 -8.646 -8.674 -9.199 -9.425 -8.998 -7.805 -7.265 -6.64 -9.275
0.005149 -10.746 -10.584 -10.468 -10.105 -9.775 -9.412 -10.313 -10.056 -9.771 -9.402 -9.025 -8.585 -10.066 -9.659 -9.194 -8.848 -8.52 -9.649 -9.239 -8.906 -8.699 -8.725 -9.253 -9.478 -9.052 -7.86 -7.321 -6.696 -9.328
0.005305 -10.789 -10.631 -10.516 -10.155 -9.827 -9.465 -10.361 -10.107 -9.823 -9.455 -9.079 -8.639 -10.116 -9.712 -9.248 -8.902 -8.574 -9.701 -9.292 -8.96 -8.752 -8.776 -9.306 -9.531 -9.106 -7.915 -7.377 -6.752 -9.381
0.005465 -10.833 -10.677 -10.563 -10.206 -9.879 -9.518 -10.409 -10.158 -9.875 -9.508 -9.132 -8.694 -10.167 -9.764 -9.301 -8.956 -8.629 -9.753 -9.345 -9.013 -8.805 -8.827 -9.359 -9.583 -9.16 -7.971 -7.432 -6.808 -9.434
0.00563 -10.876 -10.723 -10.61 -10.256 -9.93 -9.571 -10.456 -10.208 -9.927 -9.56 -9.186 -8.748 -10.218 -9.816 -9.354 -9.01 -8.683 -9.805 -9.398 -9.066 -8.858 -8.878 -9.412 -9.636 -9.213 -8.026 -7.488 -6.864 -9.487
0.005801 -10.919 -10.768 -10.657 -10.306 -9.982 -9.624 -10.503 -10.259 -9.978 -9.613 -9.239 -8.802 -10.268 -9.868 -9.408 -9.064 -8.738 -9.857 -9.45 -9.119 -8.91 -8.928 -9.465 -9.688 -9.267 -8.081 -7.543 -6.92 -9.539
0.005976 -10.961 -10.814 -10.704 -10.356 -10.033 -9.676 -10.55 -10.309 -10.03 -9.666 -9.293 -8.856 -10.318 -9.92 -9.461 -9.117 -8.792 -9.908 -9.503 -9.172 -8.963 -8.979 -9.518 -9.741 -9.32 -8.135 -7.598 -6.975 -9.592
0.006157 -11.004 -10.859 -10.75 -10.406 -10.085 -9.729 -10.596 -10.359 -10.081 -9.718 -9.346 -8.91 -10.368 -9.971 -9.514 -9.171 -8.846 -9.96 -9.555 -9.225 -9.016 -9.03 -9.57 -9.793 -9.373 -8.19 -7.654 -7.031 -9.644
0.006343 -11.045 -10.904 -10.796 -10.455 -10.136 -9.781 -10.643 -10.409 -10.132 -9.771 -9.399 -8.964 -10.418 -10.023 -9.566 -9.225 -8.9 -10.011 -9.608 -9.277 -9.068 -9.08 -9.623 -9.845 -9.426 -8.245 -7.709 -7.086 -9.696
0.006535 -11.087 -10.948 -10.842 -10.505 -10.187 -9.833 -10.689 -10.458 -10.183 -9.823 -9.452 -9.018 -10.467 -10.074 -9.619 -9.278 -8.954 -10.062 -9.66 -9.33 -9.12 -9.131 -9.675 -9.897 -9.479 -8.3 -7.764 -7.142 -9.748
0.006732 -11.129 -10.993 -10.888 -10.554 -10.238 -9.885 -10.735 -10.508 -10.234 -9.875 -9.505 -9.072 -10.517 -10.126 -9.672 -9.331 -9.008 -10.113 -9.712 -9.382 -9.173 -9.181 -9.728 -9.949 -9.532 -8.354 -7.819 -7.197 -9.8
0.006936 -11.17 -11.037 -10.934 -10.603 -10.288 -9.937 -10.78 -10.557 -10.284 -9.927 -9.558 -9.125 -10.566 -10.177 -9.724 -9.384 -9.061 -10.164 -9.764 -9.435 -9.225 -9.231 -9.78 -10.0 -9.585 -8.409 -7.874 -7.252 -9.852
0.007146 -11.211 -11.081 -10.979 -10.652 -10.339 -9.989 -10.826 -10.606 -10.335 -9.979 -9.611 -9.179 -10.615 -10.228 -9.777 -9.438 -9.115 -10.215 -9.816 -9.487 -9.277 -9.281 -9.832 -10.052 -9.638 -8.463 -7.928 -7.307 -9.904
0.007362 -11.251 -11.125 -11.024 -10.701 -10.389 -10.041 -10.871 -10.655 -10.385 -10.03 -9.663 -9.232 -10.664 -10.278 -9.829 -9.491 -9.168 -10.265 -9.867 -9.539 -9.329 -9.331 -9.884 -10.103 -9.69 -8.517 -7.983 -7.362 -9.955
0.007585 -11.292 -11.168 -11.069 -10.749 -10.44 -10.092 -10.916 -10.704 -10.436 -10.082 -9.716 -9.285 -10.713 -10.329 -9.881 -9.543 -9.222 -10.316 -9.919 -9.592 -9.381 -9.381 -9.935 -10.154 -9.742 -8.571 -8.038 -7.417 -10.007
0.007814 -11.332 -11.211 -11.114 -10.798 -10.49 -10.144 -10.961 -10.753 -10.486 -10.133 -9.768 -9.339 -10.762 -10.38 -9.933 -9.596 -9.275 -10.366 -9.97 -9.644 -9.433 -9.431 -9.987 -10.206 -9.795 -8.626 -8.092 -7.472 -10.058
0.00805 -11.372 -11.254 -11.158 -10.846 -10.54 -10.195 -11.006 -10.801 -10.536 -10.185 -9.82 -9.392 -10.81 -10.43 -9.985 -9.649 -9.328 -10.417 -10.022 -9.696 -9.484 -9.481 -10.039 -10.257 -9.847 -8.68 -8.147 -7.527 -10.109
0.008294 -11.411 -11.297 -11.202 -10.894 -10.59 -10.246 -11.05 -10.85 -10.586 -10.236 -9.873 -9.445 -10.859 -10.481 -10.037 -9.702 -9.382 -10.467 -10.073 -9.747 -9.536 -9.531 -10.09 -10.308 -9.899 -8.734 -8.201 -7.582 -10.16
0.008545 -11.45 -11.339 -11.246 -10.942 -10.639 -10.297 -11.095 -10.898 -10.636 -10.287 -9.925 -9.498 -10.907 -10.531 -10.089 -9.754 -9.435 -10.517 -10.124 -9.799 -9.588 -9.581 -10.141 -10.358 -9.951 -8.788 -8.256 -7.637 -10.211
0.008803 -11.49 -11.381 -11.29 -10.99 -10.689 -10.348 -11.139 -10.946 -10.685 -10.338 -9.977 -9.551 -10.955 -10.581 -10.14 -9.806 -9.488 -10.567 -10.175 -9.851 -9.639 -9.631 -10.193 -10.409 -10.003 -8.841 -8.31 -7.691 -10.262
0.009069 -11.528 -11.423 -11.334 -11.037 -10.738 -10.399 -11.183 -10.994 -10.735 -10.389 -10.029 -9.603 -11.003 -10.631 -10.192 -9.859 -9.541 -10.616 -10.227 -9.903 -9.691 -9.68 -10.244 -10.46 -10.055 -8.895 -8.364 -7.746 -10.313
0.009344 -11.567 -11.465 -11.377 -11.085 -10.788 -10.45 -11.226 -11.042 -10.784 -10.44 -10.08 -9.656 -11.051 -10.681 -10.243 -9.911 -9.593 -10.666 -10.277 -9.954 -9.742 -9.73 -10.295 -10.51 -10.107 -8.949 -8.418 -7.801 -10.364
0.009626 -11.605 -11.507 -11.42 -11.132 -10.837 -10.501 -11.27 -11.089 -10.833 -10.491 -10.132 -9.709 -11.098 -10.73 -10.295 -9.963 -9.646 -10.715 -10.328 -10.006 -9.794 -9.779 -10.346 -10.561 -10.158 -9.003 -8.472 -7.855 -10.414
0.009917 -11.643 -11.548 -11.463 -11.179 -10.886 -10.551 -11.313 -11.137 -10.882 -10.541 -10.184 -9.761 -11.146 -10.78 -10.346 -10.015 -9.699 -10.765 -10.379 -10.057 -9.845 -9.829 -10.397 -10.611 -10.21 -9.056 -8.527 -7.91 -10.465
0.010217 -11.681 -11.589 -11.506 -11.226 -10.935 -10.602 -11.356 -11.184 -10.931 -10.592 -10.235 -9.814 -11.193 -10.829 -10.397 -10.067 -9.752 -10.814 -10.43 -10.108 -9.896 -9.878 -10.447 -10.661 -10.261 -9.11 -8.581 -7.964 -10.515
0.010526 -11.718 -11.63 -11.548 -11.273 -10.984 -10.652 -11.399 -11.231 -10.98 -10.642 -10.287 -9.866 -11.24 -10.879 -10.448 -10.119 -9.804 -10.863 -10.48 -10.16 -9.947 -9.928 -10.498 -10.711 -10.313 -9.163 -8.635 -8.018 -10.565
0.010845 -11.756 -11.67 -11.59 -11.319 -11.033 -10.703 -11.442 -11.278 -11.029 -10.692 -10.338 -9.919 -11.287 -10.928 -10.499 -10.171 -9.857 -10.913 -10.531 -10.211 -9.998 -9.977 -10.548 -10.761 -10.364 -9.217 -8.688 -8.073 -10.615
0.011173 -11.793 -11.71 -11.633 -11.366 -11.081 -10.753 -11.484 -11.325 -11.077 -10.743 -10.389 -9.971 -11.334 -10.977 -10.55 -10.223 -9.909 -10.962 -10.581 -10.262 -10.05 -10.027 -10.599 -10.811 -10.415 -9.27 -8.742 -8.127 -10.665
0.011511 -11.829 -11.75 -11.674 -11.412 -11.13 -10.803 -11.527 -11.372 -11.126 -10.793 -10.441 -10.023 -11.38 -11.026 -10.601 -10.275 -9.961 -11.01 -10.631 -10.313 -10.101 -10.076 -10.649 -10.86 -10.466 -9.323 -8.796 -8.181 -10.715
0.011859 -11.866 -11.79 -11.716 -11.458 -11.178 -10.853 -11.569 -11.418 -11.174 -10.843 -10.492 -10.075 -11.427 -11.075 -10.651 -10.326 -10.014 -11.059 -10.682 -10.364 -10.151 -10.125 -10.699 -10.91 -10.517 -9.376 -8.85 -8.236 -10.765
0.012217 -11.902 -11.83 -11.757 -11.504 -11.226 -10.903 -11.611 -11.465 -11.223 -10.893 -10.543 -10.127 -11.473 -11.124 -10.702 -10.378 -10.066 -11.108 -10.732 -10.415 -10.202 -10.174 -10.75 -10.959 -10.568 -9.43 -8.904 -8.29 -10.815
0.012587 -11.938 -11.869 -11.799 -11.55 -11.274 -10.952 -11.652 -11.511 -11.271 -10.942 -10.594 -10.179 -11.52 -11.173 -10.752 -10.429 -10.118 -11.156 -10.782 -10.465 -10.253 -10.224 -10.8 -11.009 -10.619 -9.483 -8.957 -8.344 -10.864
0.012968 -11.973 -11.908 -11.84 -11.596 -11.322 -11.002 -11.694 -11.557 -11.319 -10.992 -10.644 -10.231 -11.566 -11.221 -10.803 -10.48 -10.17 -11.205 -10.832 -10.516 -10.304 -10.273 -10.849 -11.058 -10.67 -9.536 -9.011 -8.398 -10.914
0.01336 -12.009 -11.947 -11.88 -11.642 -11.37 -11.052 -11.735 -11.603 -11.366 -11.042 -10.695 -10.283 -11.612 -11.269 -10.853 -10.532 -10.222 -11.253 -10.882 -10.567 -10.355 -10.322 -10.899 -11.107 -10.721 -9.589 -9.064 -8.452 -10.963
0.013764 -12.044 -11.985 -11.921 -11.687 -11.418 -11.101 -11.776 -11.649 -11.414 -11.091 -10.746 -10.335 -11.657 -11.318 -10.903 -10.583 -10.274 -11.301 -10.931 -10.617 -10.405 -10.371 -10.949 -11.156 -10.771 -9.642 -9.118 -8.506 -11.013
0.01418 -12.079 -12.024 -11.961 -11.732 -11.465 -11.15 -11.817 -11.695 -11.462 -11.141 -10.797 -10.386 -11.703 -11.366 -10.953 -10.634 -10.326 -11.349 -10.981 -10.668 -10.456 -10.42 -10.999 -11.205 -10.822 -9.694 -9.171 -8.56 -11.062
0.014609 -12.113 -12.062 -12.001 -11.777 -11.513 -11.2 -11.858 -11.74 -11.509 -11.19 -10.847 -10.438 -11.748 -11.414 -11.003 -10.685 -10.377 -11.397 -11.031 -10.718 -10.506 -10.469 -11.048 -11.254 -10.872 -9.747 -9.225 -8.614 -11.111
0.015051 -12.148 -12.1 -12.041 -11.822 -11.56 -11.249 -11.899 -11.785 -11.557 -11.239 -10.897 -10.489 -11.794 -11.462 -11.053 -10.736 -10.429 -11.445 -11.08 -10.769 -10.557 -10.518 -11.098 -11.303 -10.923 -9.8 -9.278 -8.668 -11.16
0.015506 -12.182 -12.137 -12.081 -11.867 -11.607 -11.298 -11.939 -11.831 -11.604 -11.288 -10.948 -10.541 -11.839 -11.51 -11.103 -10.787 -10.481 -11.493 -11.13 -10.819 -10.607 -10.567 -11.147 -11.351 -10.973 -9.853 -9.331 -8.721 -11.209
0.015975 -12.216 -12.174 -12.12 -11.912 -11.655 -11.347 -11.979 -11.876 -11.651 -11.337 -10.998 -10.592 -11.884 -11.558 -11.153 -10.838 -10.532 -11.541 -11.179 -10.869 -10.658 -10.616 -11.196 -11.4 -11.023 -9.905 -9.385 -8.775 -11.258
0.016458 -12.249 -12.211 -12.16 -11.956 -11.702 -11.396 -12.019 -11.921 -11.698 -11.386 -11.048 -10.644 -11.929 -11.605 -11.203 -10.888 -10.584 -11.588 -11.228 -10.919 -10.708 -10.665 -11.245 -11.448 -11.073 -9.958 -9.438 -8.829 -11.306
0.016956 -12.282 -12.248 -12.199 -12.0 -11.748 -11.444 -12.059 -11.965 -11.745 -11.435 -11.098 -10.695 -11.973 -11.653 -11.252 -10.939 -10.635 -11.636 -11.278 -10.97 -10.758 -10.714 -11.295 -11.497 -11.123 -10.011 -9.491 -8.883 -11.355
0.017469 -12.315 -12.285 -12.237 -12.045 -11.795 -11.493 -12.098 -12.01 -11.791 -11.483 -11.148 -10.746 -12.018 -11.7 -11.302 -10.99 -10.687 -11.683 -11.327 -11.02 -10.808 -10.763 -11.344 -11.545 -11.173 -10.063 -9.544 -8.936 -11.404
0.017997 -12.348 -12.321 -12.276 -12.089 -11.842 -11.542 -12.138 -12.054 -11.838 -11.532 -11.198 -10.797 -12.062 -11.747 -11.351 -11.04 -10.738 -11.73 -11.376 -11.07 -10.858 -10.811 -11.392 -11.593 -11.223 -10.116 -9.597 -8.99 -11.452
0.018541 -12.38 -12.357 -12.314 -12.132 -11.888 -11.59 -12.177 -12.099 -11.884 -11.58 -11.248 -10.848 -12.106 -11.794 -11.4 -11.091 -10.789 -11.777 -11.425 -11.119 -10.909 -10.86 -11.441 -11.641 -11.273 -10.168 -9.65 -9.043 -11.5
0.019102 -12.412 -12.393 -12.352 -12.176 -11.934 -11.638 -12.216 -12.143 -11.931 -11.629 -11.298 -10.899 -12.15 -11.841 -11.45 -11.141 -10.84 -11.824 -11.473 -11.169 -10.959 -10.909 -11.49 -11.689 -11.322 -10.22 -9.703 -9.097 -11.548
0.01968 -12.444 -12.428 -12.39 -12.219 -11.981 -11.687 -12.255 -12.187 -11.977 -11.677 -11.347 -10.95 -12.194 -11.888 -11.499 -11.191 -10.891 -11.871 -11.522 -11.219 -11.009 -10.958 -11.538 -11.737 -11.372 -10.273 -9.756 -9.15 -11.597
0.020275 -12.475 -12.463 -12.428 -12.263 -12.027 -11.735 -12.293 -12.23 -12.023 -11.725 -11.397 -11.001 -12.238 -11.935 -11.548 -11.241 -10.942 -11.918 -11.571 -11.269 -11.059 -11.006 -11.587 -11.784 -11.421 -10.325 -9.809 -9.204 -11.645
0.020888 -12.507 -12.498 -12.465 -12.306 -12.073 -11.783 -12.332 -12.274 -12.069 -11.773 -11.446 -11.052 -12.282 -11.982 -11.597 -11.292 -10.993 -11.965 -11.619 -11.318 -11.108 -11.055 -11.635 -11.832 -11.471 -10.377 -9.862 -9.257 -11.692
0.02152 -12.538 -12.533 -12.502 -12.349 -12.118 -11.831 -12.37 -12.317 -12.115 -11.821 -11.496 -11.102 -12.325 -12.028 -11.646 -11.342 -11.044 -12.011 -11.668 -11.368 -11.158 -11.104 -11.684 -11.879 -11.52 -10.429 -9.915 -9.311 -11.74
0.022171 -12.568 -12.567 -12.539 -12.392 -12.164 -11.878 -12.408 -12.361 -12.16 -11.869 -11.545 -11.153 -12.368 -12.074 -11.694 -11.392 -11.095 -12.058 -11.716 -11.417 -11.208 -11.152 -11.732 -11.927 -11.569 -10.481 -9.968 -9.364 -11.788
0.022841 -12.598 -12.601 -12.576 -12.434 -12.21 -11.926 -12.446 -12.404 -12.206 -11.917 -11.594 -11.204 -12.411 -12.121 -11.743 -11.441 -11.146 -12.104 -11.765 -11.467 -11.258 -11.201 -11.78 -11.974 -11.618 -10.533 -10.02 -9.417 -11.836
0.023532 -12.628 -12.635 -12.612 -12.477 -12.255 -11.974 -12.483 -12.447 -12.251 -11.964 -11.644 -11.254 -12.454 -12.167 -11.792 -11.491 -11.197 -12.15 -11.813 -11.516 -11.307 -11.249 -11.828 -12.021 -11.667 -10.585 -10.073 -9.471 -11.883
0.024244 -12.658 -12.668 -12.648 -12.519 -12.3 -12.021 -12.521 -12.49 -12.297 -12.012 -11.693 -11.305 -12.497 -12.213 -11.84 -11.541 -11.247 -12.196 -11.861 -11.565 -11.357 -11.298 -11.876 -12.068 -11.716 -10.637 -10.126 -9.524 -11.93
0.024977 -12.688 -12.701 -12.684 -12.561 -12.345 -12.069 -12.558 -12.532 -12.342 -12.059 -11.742 -11.355 -12.539 -12.259 -11.888 -11.591 -11.298 -12.242 -11.909 -11.615 -11.407 -11.347 -11.924 -12.115 -11.765 -10.689 -10.178 -9.577 -11.978
0.025733 -12.717 -12.734 -12.72 -12.603 -12.39 -12.116 -12.595 -12.575 -12.387 -12.107 -11.79 -11.405 -12.582 -12.305 -11.937 -11.64 -11.348 -12.288 -11.957 -11.664 -11.456 -11.395 -11.971 -12.162 -11.814 -10.741 -10.231 -9.63 -12.025
0.026511 -12.745 -12.767 -12.755 -12.645 -12.435 -12.163 -12.632 -12.617 -12.432 -12.154 -11.839 -11.455 -12.624 -12.35 -11.985 -11.69 -11.399 -12.334 -12.005 -11.713 -11.505 -11.443 -12.019 -12.208 -11.863 -10.793 -10.284 -9.684 -12.072
0.027313 -12.774 -12.799 -12.79 -12.686 -12.48 -12.21 -12.668 -12.659 -12.476 -12.201 -11.888 -11.506 -12.666 -12.396 -12.033 -11.739 -11.449 -12.379 -12.053 -11.762 -11.555 -11.492 -12.066 -12.255 -11.911 -10.845 -10.336 -9.737 -12.119
0.028139 -12.802 -12.831 -12.825 -12.728 -12.524 -12.257 -12.704 -12.701 -12.521 -12.248 -11.937 -11.556 -12.708 -12.441 -12.081 -11.788 -11.499 -12.425 -12.1 -11.811 -11.604 -11.54 -12.114 -12.301 -11.96 -10.896 -10.388 -9.79 -12.166
0.02899 -12.83 -12.863 -12.86 -12.769 -12.569 -12.304 -12.741 -12.743 -12.565 -12.295 -11.985 -11.606 -12.75 -12.486 -12.129 -11.838 -11.55 -12.47 -12.148 -11.86 -11.653 -11.589 -12.161 -12.348 -12.008 -10.948 -10.441 -9.843 -12.212
0.029867 -12.857 -12.894 -12.894 -12.81 -12.613 -12.351 -12.777 -12.784 -12.61 -12.341 -12.034 -11.656 -12.791 -12.531 -12.177 -11.887 -11.6 -12.515 -12.196 -11.908 -11.703 -11.637 -12.208 -12.394 -12.057 -11.0 -10.493 -9.896 -12.259
0.03077 -12.884 -12.925 -12.928 -12.851 -12.657 -12.397 -12.812 -12.826 -12.654 -12.388 -12.082 -11.705 -12.832 -12.576 -12.224 -11.936 -11.65 -12.56 -12.243 -11.957 -11.752 -11.685 -12.255 -12.44 -12.105 -11.051 -10.546 -9.949 -12.305
0.031701 -12.911 -12.956 -12.962 -12.891 -12.701 -12.444 -12.848 -12.867 -12.698 -12.435 -12.13 -11.755 -12.873 -12.621 -12.272 -11.985 -11.7 -12.605 -12.29 -12.006 -11.801 -11.733 -12.302 -12.486 -12.153 -11.103 -10.598 -10.002 -12.352
0.032659 -12.938 -12.986 -12.996 -12.932 -12.745 -12.49 -12.883 -12.908 -12.742 -12.481 -12.178 -11.805 -12.914 -12.666 -12.32 -12.034 -11.75 -12.65 -12.338 -12.054 -11.85 -11.782 -12.349 -12.532 -12.201 -11.154 -10.65 -10.055 -12.398
0.033647 -12.964 -13.017 -13.029 -12.972 -12.789 -12.536 -12.918 -12.949 -12.785 -12.527 -12.226 -11.855 -12.955 -12.71 -12.367 -12.083 -11.8 -12.695 -12.385 -12.103 -11.899 -11.83 -12.396 -12.577 -12.249 -11.205 -10.702 -10.108 -12.444
0.034665 -12.99 -13.046 -13.062 -13.012 -12.832 -12.583 -12.953 -12.989 -12.829 -12.574 -12.274 -11.904 -12.996 -12.755 -12.414 -12.132 -11.85 -12.739 -12.432 -12.151 -11.948 -11.878 -12.443 -12.623 -12.297 -11.257 -10.754 -10.16 -12.49
0.035713 -13.015 -13.076 -13.095 -13.052 -12.876 -12.629 -12.988 -13.03 -12.872 -12.62 -12.322 -11.954 -13.036 -12.799 -12.461 -12.18 -11.899 -12.784 -12.479 -12.199 -11.997 -11.926 -12.489 -12.668 -12.345 -11.308 -10.807 -10.213 -12.536
0.036793 -13.04 -13.105 -13.127 -13.091 -12.919 -12.674 -13.022 -13.07 -12.915 -12.666 -12.37 -12.003 -13.076 -12.843 -12.509 -12.229 -11.949 -12.828 -12.525 -12.248 -12.046 -11.974 -12.535 -12.714 -12.392 -11.359 -10.859 -10.266 -12.582
0.037906 -13.065 -13.134 -13.16 -13.131 -12.962 -12.72 -13.056 -13.11 -12.958 -12.711 -12.418 -12.053 -13.116 -12.887 -12.556 -12.277 -11.999 -12.872 -12.572 -12.296 -12.094 -12.022 -12.582 -12.759 -12.44 -11.41 -10.911 -10.319 -12.628
0.039052 -13.089 -13.162 -13.192 -13.17 -13.005 -12.766 -13.09 -13.15 -13.001 -12.757 -12.465 -12.102 -13.156 -12.931 -12.602 -12.326 -12.048 -12.916 -12.619 -12.344 -12.143 -12.07 -12.628 -12.804 -12.487 -11.462 -10.963 -10.371 -12.673
0.040234 -13.113 -13.19 -13.223 -13.209 -13.048 -12.811 -13.124 -13.19 -13.044 -12.803 -12.513 -12.151 -13.196 -12.975 -12.649 -12.374 -12.098 -12.96 -12.665 -12.392 -12.192 -12.118 -12.674 -12.849 -12.535 -11.513 -11.015 -10.424 -12.719
0.04145 -13.137 -13.218 -13.254 -13.248 -13.09 -12.857 -13.158 -13.229 -13.087 -12.848 -12.56 -12.2 -13.235 -13.018 -12.696 -12.422 -12.147 -13.004 -12.712 -12.44 -12.24 -12.166 -12.72 -12.894 -12.582 -11.564 -11.067 -10.477 -12.764
0.042704 -13.16 -13.246 -13.286 -13.287 -13.133 -12.902 -13.191 -13.268 -13.129 -12.893 -12.608 -12.249 -13.274 -13.062 -12.742 -12.47 -12.196 -13.048 -12.758 -12.488 -12.289 -12.214 -12.766 -12.938 -12.629 -11.615 -11.118 -10.529 -12.81
0.043996 -13.183 -13.273 -13.316 -13.325 -13.175 -12.947 -13.224 -13.308 -13.171 -12.939 -12.655 -12.298 -13.313 -13.105 -12.789 -12.519 -12.246 -13.091 -12.804 -12.535 -12.337 -12.262 -12.812 -12.983 -12.676 -11.665 -11.17 -10.582 -12.855
0.045326 -13.206 -13.299 -13.347 -13.363 -13.217 -12.992 -13.257 -13.346 -13.214 -12.984 -12.702 -12.347 -13.352 -13.148 -12.835 -12.567 -12.295 -13.135 -12.85 -12.583 -12.385 -12.309 -12.857 -13.027 -12.723 -11.716 -11.222 -10.634 -12.9
0.046697 -13.228 -13.326 -13.377 -13.401 -13.259 -13.037 -13.29 -13.385 -13.256 -13.029 -12.749 -12.396 -13.39 -13.191 -12.881 -12.614 -12.344 -13.178 -12.896 -12.631 -12.434 -12.357 -12.903 -13.072 -12.77 -11.767 -11.274 -10.687 -12.945
0.048109 -13.25 -13.352 -13.407 -13.439 -13.301 -13.082 -13.322 -13.423 -13.297 -13.074 -12.796 -12.445 -13.429 -13.234 -12.928 -12.662 -12.393 -13.221 -12.942 -12.678 -12.482 -12.405 -12.948 -13.116 -12.817 -11.818 -11.325 -10.739 -12.989
0.049564 -13.271 -13.377 -13.436 -13.476 -13.342 -13.127 -13.354 -13.462 -13.339 -13.118 -12.843 -12.493 -13.467 -13.277 -12.974 -12.71 -12.442 -13.264 -12.988 -12.726 -12.53 -12.452 -12.994 -13.16 -12.864 -11.869 -11.377 -10.792 -13.034
0.051063 -13.292 -13.403 -13.465 -13.514 -13.384 -13.171 -13.386 -13.5 -13.38 -13.163 -12.889 -12.542 -13.505 -13.319 -13.019 -12.758 -12.491 -13.306 -13.034 -12.773 -12.578 -12.5 -13.039 -13.204 -12.91 -11.919 -11.429 -10.844 -13.078
0.052608 -13.313 -13.428 -13.494 -13.551 -13.425 -13.216 -13.418 -13.537 -13.422 -13.207 -12.936 -12.59 -13.542 -13.361 -13.065 -12.805 -12.539 -13.349 -13.079 -12.82 -12.626 -12.548 -13.084 -13.247 -12.957 -11.97 -11.48 -10.897 -13.123
0.054199 -13.333 -13.452 -13.523 -13.588 -13.466 -13.26 -13.45 -13.575 -13.463 -13.252 -12.982 -12.639 -13.58 -13.404 -13.111 -12.852 -12.588 -13.391 -13.125 -12.867 -12.674 -12.595 -13.129 -13.291 -13.003 -12.02 -11.532 -10.949 -13.167
0.055838 -13.353 -13.476 -13.551 -13.624 -13.507 -13.304 -13.481 -13.612 -13.504 -13.296 -13.029 -12.687 -13.617 -13.446 -13.156 -12.9 -12.637 -13.434 -13.17 -12.914 -12.722 -12.643 -13.173 -13.335 -13.049 -12.071 -11.583 -11.001 -13.211
0.057527 -13.373 -13.5 -13.579 -13.66 -13.548 -13.348 -13.512 -13.649 -13.544 -13.34 -13.075 -12.735 -13.654 -13.487 -13.202 -12.947 -12.685 -13.476 -13.215 -12.961 -12.77 -12.69 -13.218 -13.378 -13.095 -12.121 -11.635 -11.054 -13.255
0.059267 -13.392 -13.523 -13.607 -13.697 -13.588 -13.392 -13.543 -13.686 -13.585 -13.384 -13.121 -12.784 -13.691 -13.529 -13.247 -12.994 -12.734 -13.518 -13.26 -13.008 -12.817 -12.737 -13.263 -13.421 -13.141 -12.172 -11.686 -11.106 -13.299
0.061059 -13.41 -13.546 -13.634 -13.732 -13.628 -13.436 -13.573 -13.723 -13.625 -13.427 -13.167 -12.832 -13.727 -13.571 -13.292 -13.041 -12.782 -13.56 -13.305 -13.055 -12.865 -12.785 -13.307 -13.464 -13.187 -12.222 -11.737 -11.158 -13.343
0.062906 -13.429 -13.569 -13.661 -13.768 -13.669 -13.479 -13.604 -13.759 -13.665 -13.471 -13.213 -12.88 -13.764 -13.612 -13.337 -13.088 -12.83 -13.601 -13.35 -13.102 -12.912 -12.832 -13.351 -13.507 -13.233 -12.272 -11.789 -11.21 -13.386
0.064808 -13.446 -13.591 -13.687 -13.803 -13.709 -13.522 -13.634 -13.796 -13.705 -13.514 -13.259 -12.928 -13.8 -13.653 -13.382 -13.135 -12.879 -13.643 -13.395 -13.148 -12.96 -12.879 -13.395 -13.549 -13.279 -12.322 -11.84 -11.262 -13.43
0.066769 -13.464 -13.613 -13.714 -13.838 -13.748 -13.566 -13.664 -13.831 -13.745 -13.558 -13.305 -12.975 -13.835 -13.694 -13.427 -13.182 -12.927 -13.684 -13.44 -13.195 -13.007 -12.926 -13.439 -13.592 -13.324 -12.372 -11.891 -11.314 -13.473
0.068788 -13.481 -13.634 -13.74 -13.873 -13.788 -13.609 -13.693 -13.867 -13.785 -13.601 -13.35 -13.023 -13.871 -13.735 -13.472 -13.228 -12.975 -13.725 -13.484 -13.241 -13.055 -12.973 -13.483 -13.634 -13.37 -12.422 -11.942 -11.366 -13.516
0.070868 -13.497 -13.655 -13.765 -13.908 -13.827 -13.652 -13.723 -13.903 -13.824 -13.644 -13.396 -13.071 -13.906 -13.775 -13.516 -13.275 -13.023 -13.766 -13.528 -13.287 -13.102 -13.02 -13.527 -13.677 -13.415 -12.472 -11.993 -11.418 -13.559
0.073012 -13.513 -13.675 -13.79 -13.942 -13.866 -13.695 -13.752 -13.938 -13.863 -13.687 -13.441 -13.118 -13.941 -13.816 -13.561 -13.321 -13.071 -13.807 -13.573 -13.334 -13.149 -13.067 -13.571 -13.719 -13.46 -12.522 -12.044 -11.47 -13.602
0.07522 -13.529 -13.695 -13.815 -13.976 -13.905 -13.737 -13.781 -13.973 -13.902 -13.729 -13.486 -13.166 -13.976 -13.856 -13.605 -13.368 -13.118 -13.848 -13.617 -13.38 -13.196 -13.114 -13.614 -13.761 -13.505 -12.572 -12.095 -11.522 -13.645
0.077495 -13.544 -13.715 -13.84 -14.01 -13.944 -13.78 -13.81 -14.007 -13.941 -13.772 -13.532 -13.213 -14.01 -13.896 -13.649 -13.414 -13.166 -13.888 -13.661 -13.426 -13.243 -13.161 -13.657 -13.802 -13.55 -12.622 -12.146 -11.574 -13.687
0.079839 -13.558 -13.734 -13.864 -14.044 -13.983 -13.822 -13.838 -14.042 -13.98 -13.814 -13.577 -13.26 -14.045 -13.936 -13.693 -13.46 -13.214 -13.928 -13.704 -13.472 -13.29 -13.208 -13.7 -13.844 -13.595 -12.672 -12.197 -11.626 -13.73
0.082253 -13.573 -13.753 -13.887 -14.077 -14.021 -13.864 -13.866 -14.076 -14.018 -13.856 -13.621 -13.308 -14.079 -13.976 -13.737 -13.506 -13.261 -13.968 -13.748 -13.517 -13.337 -13.255 -13.743 -13.885 -13.64 -12.721 -12.248 -11.678 -13.772
0.084741 -13.586 -13.771 -13.911 -14.11 -14.059 -13.906 -13.894 -14.11 -14.056 -13.899 -13.666 -13.355 -14.112 -14.015 -13.78 -13.552 -13.308 -14.008 -13.792 -13.563 -13.384 -13.301 -13.786 -13.926 -13.684 -12.771 -12.299 -11.73 -13.814
0.087304 -13.6 -13.789 -13.934 -14.142 -14.097 -13.948 -13.922 -14.143 -14.094 -13.94 -13.711 -13.402 -14.146 -14.054 -13.824 -13.597 -13.356 -14.048 -13.835 -13.609 -13.43 -13.348 -13.829 -13.967 -13.729 -12.821 -12.35 -11.781 -13.856
0.089944 -13.612 -13.806 -13.956 -14.175 -14.135 -13.989 -13.949 -14.176 -14.132 -13.982 -13.755 -13.448 -14.179 -14.093 -13.867 -13.643 -13.403 -14.087 -13.878 -13.654 -13.477 -13.394 -13.872 -14.008 -13.773 -12.87 -12.4 -11.833 -13.898
0.092665 -13.625 -13.823 -13.978 -14.207 -14.172 -14.031 -13.976 -14.209 -14.169 -14.024 -13.799 -13.495 -14.212 -14.132 -13.911 -13.688 -13.45 -14.127 -13.921 -13.699 -13.523 -13.441 -13.914 -14.049 -13.817 -12.919 -12.451 -11.885 -13.939
0.095467 -13.637 -13.839 -14.0 -14.239 -14.209 -14.072 -14.003 -14.242 -14.206 -14.065 -13.844 -13.542 -14.244 -14.171 -13.954 -13.734 -13.497 -14.166 -13.964 -13.745 -13.569 -13.487 -13.956 -14.089 -13.861 -12.969 -12.502 -11.936 -13.981
0.098355 -13.648 -13.855 -14.021 -14.27 -14.246 -14.113 -14.03 -14.275 -14.243 -14.106 -13.888 -13.588 -14.277 -14.209 -13.997 -13.779 -13.544 -14.205 -14.007 -13.79 -13.616 -13.534 -13.998 -14.13 -13.905 -13.018 -12.552 -11.988 -14.022
0.101329 -13.659 -13.87 -14.042 -14.301 -14.283 -14.154 -14.056 -14.307 -14.28 -14.147 -13.932 -13.635 -14.308 -14.247 -14.039 -13.824 -13.591 -14.243 -14.05 -13.835 -13.662 -13.58 -14.04 -14.17 -13.949 -13.067 -12.603 -12.039 -14.063
0.104394 -13.669 -13.885 -14.063 -14.332 -14.319 -14.195 -14.082 -14.339 -14.317 -14.188 -13.975 -13.681 -14.34 -14.285 -14.082 -13.869 -13.637 -14.282 -14.092 -13.879 -13.708 -13.626 -14.082 -14.21 -13.992 -13.116 -12.653 -12.091 -14.104
0.107551 -13.679 -13.899 -14.083 -14.362 -14.356 -14.236 -14.108 -14.37 -14.353 -14.229 -14.019 -13.727 -14.371 -14.323 -14.124 -13.914 -13.684 -14.32 -14.135 -13.924 -13.754 -13.672 -14.124 -14.25 -14.036 -13.165 -12.703 -12.142 -14.145
0.110804 -13.688 -13.913 -14.103 -14.393 -14.392 -14.276 -14.133 -14.401 -14.389 -14.269 -14.062 -13.774 -14.402 -14.361 -14.167 -13.959 -13.731 -14.358 -14.177 -13.969 -13.8 -13.718 -14.165 -14.289 -14.079 -13.214 -12.754 -12.194 -14.185
0.114155 -13.697 -13.926 -14.122 -14.422 -14.427 -14.316 -14.159 -14.432 -14.425 -14.309 -14.106 -13.82 -14.433 -14.398 -14.209 -14.003 -13.777 -14.396 -14.219 -14.013 -13.845 -13.764 -14.206 -14.328 -14.122 -13.263 -12.804 -12.245 -14.226
0.117608 -13.705 -13.939 -14.141 -14.452 -14.463 -14.356 -14.184 -14.463 -14.46 -14.349 -14.149 -13.865 -14.463 -14.435 -14.251 -14.048 -13.823 -14.434 -14.261 -14.057 -13.891 -13.81 -14.247 -14.367 -14.165 -13.312 -12.854 -12.296 -14.266
0.121165 -13.713 -13.951 -14.159 -14.481 -14.498 -14.396 -14.208 -14.493 -14.496 -14.389 -14.192 -13.911 -14.493 -14.472 -14.293 -14.092 -13.869 -14.471 -14.302 -14.102 -13.937 -13.856 -14.288 -14.406 -14.208 -13.361 -12.904 -12.347 -14.306
0.124829 -13.72 -13.963 -14.177 -14.51 -14.533 -14.435 -14.233 -14.523 -14.531 -14.429 -14.235 -13.957 -14.523 -14.508 -14.334 -14.136 -13.915 -14.508 -14.344 -14.146 -13.982 -13.901 -14.329 -14.445 -14.251 -13.409 -12.954 -12.399 -14.346
0.128605 -13.726 -13.974 -14.194 -14.538 -14.568 -14.475 -14.257 -14.552 -14.565 -14.468 -14.278 -14.002 -14.553 -14.545 -14.376 -14.18 -13.961 -14.545 -14.385 -14.19 -14.027 -13.947 -14.369 -14.484 -14.293 -13.458 -13.004 -12.45 -14.386
0.132494 -13.732 -13.984 -14.211 -14.567 -14.602 -14.514 -14.281 -14.582 -14.6 -14.507 -14.32 -14.048 -14.582 -14.581 -14.417 -14.224 -14.007 -14.582 -14.426 -14.233 -14.072 -13.992 -14.41 -14.522 -14.335 -13.506 -13.054 -12.501 -14.425
0.136502 -13.738 -13.994 -14.228 -14.594 -14.636 -14.553 -14.304 -14.61 -14.634 -14.546 -14.362 -14.093 -14.61 -14.617 -14.458 -14.268 -14.053 -14.618 -14.467 -14.277 -14.117 -14.038 -14.45 -14.56 -14.378 -13.555 -13.104 -12.552 -14.464
0.14063 -13.743 -14.004 -14.244 -14.622 -14.67 -14.591 -14.328 -14.639 -14.668 -14.585 -14.405 -14.138 -14.638 -14.652 -14.499 -14.312 -14.098 -14.654 -14.508 -14.32 -14.162 -14.083 -14.49 -14.598 -14.42 -13.603 -13.154 -12.603 -14.504
0.144883 -13.747 -14.012 -14.259 -14.649 -14.704 -14.63 -14.351 -14.667 -14.701 -14.624 -14.447 -14.183 -14.666 -14.688 -14.539 -14.355 -14.144 -14.69 -14.548 -14.364 -14.207 -14.128 -14.53 -14.635 -14.461 -13.651 -13.203 -12.654 -14.542
0.149265 -13.751 -14.02 -14.274 -14.675 -14.737 -14.668 -14.373 -14.695 -14.735 -14.662 -14.488 -14.228 -14.694 -14.723 -14.58 -14.398 -14.189 -14.726 -14.589 -14.407 -14.252 -14.173 -14.569 -14.673 -14.503 -13.699 -13.253 -12.705 -14.581
0.15378 -13.754 -14.028 -14.289 -14.701 -14.77 -14.706 -14.396 -14.722 -14.768 -14.7 -14.53 -14.273 -14.721 -14.757 -14.62 -14.441 -14.234 -14.761 -14.629 -14.45 -14.296 -14.218 -14.609 -14.71 -14.544 -13.747 -13.303 -12.756 -14.62
0.15843 -13.756 -14.035 -14.303 -14.727 -14.803 -14.744 -14.418 -14.749 -14.8 -14.738 -14.572 -14.317 -14.748 -14.792 -14.66 -14.484 -14.279 -14.796 -14.669 -14.493 -14.341 -14.263 -14.648 -14.746 -14.586 -13.795 -13.352 -12.806 -14.658
0.163222 -13.758 -14.041 -14.316 -14.753 -14.835 -14.781 -14.439 -14.776 -14.833 -14.776 -14.613 -14.362 -14.774 -14.826 -14.7 -14.527 -14.324 -14.831 -14.709 -14.536 -14.385 -14.308 -14.687 -14.783 -14.627 -13.843 -13.401 -12.857 -14.696
0.168159 -13.759 -14.047 -14.329 -14.778 -14.867 -14.819 -14.461 -14.802 -14.865 -14.813 -14.654 -14.406 -14.8 -14.86 -14.74 -14.57 -14.369 -14.866 -14.748 -14.578 -14.429 -14.352 -14.725 -14.819 -14.668 -13.891 -13.451 -12.908 -14.734
0.173245 -13.76 -14.052 -14.342 -14.802 -14.899 -14.856 -14.482 -14.828 -14.897 -14.85 -14.695 -14.45 -14.826 -14.893 -14.779 -14.612 -14.413 -14.9 -14.788 -14.62 -14.473 -14.397 -14.764 -14.855 -14.708 -13.939 -13.5 -12.958 -14.771
0.178484 -13.76 -14.056 -14.353 -14.826 -14.93 -14.893 -14.503 -14.853 -14.928 -14.887 -14.736 -14.494 -14.851 -14.927 -14.818 -14.654 -14.458 -14.934 -14.827 -14.663 -14.517 -14.441 -14.802 -14.891 -14.749 -13.986 -13.549 -13.009 -14.809
0.183882 -13.759 -14.059 -14.365 -14.85 -14.961 -14.929 -14.523 -14.878 -14.959 -14.924 -14.776 -14.538 -14.876 -14.96 -14.857 -14.696 -14.502 -14.968 -14.866 -14.705 -14.561 -14.485 -14.84 -14.927 -14.789 -14.033 -13.598 -13.059 -14.846
0.189444 -13.758 -14.062 -14.375 -14.873 -14.992 -14.965 -14.543 -14.903 -14.99 -14.96 -14.816 -14.581 -14.9 -14.992 -14.896 -14.738 -14.546 -15.001 -14.904 -14.746 -14.604 -14.53 -14.878 -14.962 -14.829 -14.081 -13.647 -13.11 -14.883
0.195173 -13.756 -14.064 -14.386 -14.896 -15.022 -15.001 -14.563 -14.927 -15.02 -14.996 -14.857 -14.625 -14.924 -15.025 -14.935 -14.78 -14.59 -15.034 -14.943 -14.788 -14.648 -14.574 -14.916 -14.997 -14.869 -14.128 -13.696 -13.16 -14.92
0.201076 -13.753 -14.066 -14.395 -14.918 -15.052 -15.037 -14.583 -14.951 -15.05 -15.032 -14.896 -14.668 -14.947 -15.057 -14.973 -14.822 -14.634 -15.067 -14.981 -14.829 -14.691 -14.618 -14.953 -15.032 -14.908 -14.175 -13.745 -13.21 -14.956
0.207158 -13.749 -14.066 -14.404 -14.94 -15.081 -15.072 -14.602 -14.974 -15.08 -15.067 -14.936 -14.711 -14.97 -15.088 -15.011 -14.863 -14.678 -15.099 -15.019 -14.871 -14.734 -14.661 -14.99 -15.066 -14.948 -14.222 -13.794 -13.26 -14.992
0.213423 -13.745 -14.066 -14.412 -14.962 -15.111 -15.107 -14.62 -14.997 -15.109 -15.103 -14.975 -14.754 -14.992 -15.12 -15.049 -14.904 -14.721 -15.131 -15.057 -14.912 -14.777 -14.705 -15.027 -15.1 -14.987 -14.269 -13.843 -13.311 -15.028
0.219878 -13.74 -14.066 -14.42 -14.982 -15.139 -15.142 -14.639 -15.019 -15.138 -15.138 -15.015 -14.797 -15.014 -15.15 -15.086 -14.945 -14.764 -15.163 -15.094 -14.953 -14.819 -14.748 -15.063 -15.134 -15.026 -14.316 -13.891 -13.361 -15.064
0.226528 -13.735 -14.064 -14.427 -15.003 -15.168 -15.177 -14.657 -15.041 -15.166 -15.172 -15.054 -14.84 -15.036 -15.181 -15.123 -14.985 -14.807 -15.194 -15.131 -14.993 -14.862 -14.792 -15.1 -15.168 -15.065 -14.362 -13.94 -13.411 -15.099
0.233379 -13.728 -14.061 -14.433 -15.023 -15.196 -15.211 -14.674 -15.062 -15.194 -15.207 -15.092 -14.882 -15.057 -15.211 -15.16 -15.026 -14.85 -15.226 -15.168 -15.034 -14.904 -14.835 -15.136 -15.201 -15.103 -14.409 -13.988 -13.46 -15.134
0.240437 -13.721 -14.058 -14.439 -15.042 -15.223 -15.245 -14.691 -15.083 -15.222 -15.241 -15.131 -14.925 -15.077 -15.241 -15.197 -15.066 -14.893 -15.256 -15.205 -15.074 -14.946 -14.878 -15.171 -15.233 -15.141 -14.455 -14.036 -13.51 -15.169
0.247709 -13.713 -14.054 -14.444 -15.061 -15.25 -15.278 -14.708 -15.103 -15.249 -15.274 -15.169 -14.967 -15.097 -15.27 -15.233 -15.106 -14.936 -15.286 -15.241 -15.114 -14.988 -14.921 -15.207 -15.266 -15.179 -14.501 -14.084 -13.56 -15.203
0.255201 -13.704 -14.049 -14.448 -15.079 -15.277 -15.311 -14.725 -15.122 -15.276 -15.307 -15.207 -15.008 -15.116 -15.3 -15.27 -15.146 -14.978 -15.316 -15.277 -15.153 -15.03 -14.963 -15.242 -15.298 -15.217 -14.547 -14.132 -13.61 -15.238
0.262919 -13.695 -14.043 -14.452 -15.096 -15.303 -15.344 -14.741 -15.141 -15.302 -15.34 -15.244 -15.05 -15.135 -15.328 -15.305 -15.185 -15.02 -15.346 -15.313 -15.193 -15.072 -15.006 -15.277 -15.33 -15.254 -14.593 -14.18 -13.659 -15.271
0.270871 -13.684 -14.037 -14.455 -15.113 -15.329 -15.377 -14.756 -15.16 -15.328 -15.373 -15.282 -15.091 -15.153 -15.356 -15.341 -15.225 -15.062 -15.375 -15.349 -15.232 -15.113 -15.048 -15.311 -15.361 -15.291 -14.639 -14.228 -13.709 -15.305
0.279064 -13.673 -14.029 -14.457 -15.13 -15.355 -15.409 -14.771 -15.178 -15.354 -15.405 -15.319 -15.133 -15.171 -15.384 -15.376 -15.264 -15.104 -15.404 -15.384 -15.271 -15.154 -15.09 -15.346 -15.392 -15.328 -14.685 -14.276 -13.758 -15.338
0.287504 -13.661 -14.02 -14.458 -15.145 -15.379 -15.44 -14.786 -15.195 -15.379 -15.437 -15.356 -15.174 -15.188 -15.411 -15.411 -15.302 -15.145 -15.432 -15.418 -15.31 -15.195 -15.132 -15.379 -15.423 -15.364 -14.73 -14.323 -13.807 -15.371
0.296199 -13.648 -14.011 -14.459 -15.161 -15.404 -15.472 -14.8 -15.212 -15.403 -15.469 -15.392 -15.214 -15.204 -15.438 -15.445 -15.341 -15.187 -15.46 -15.453 -15.348 -15.236 -15.174 -15.413 -15.453 -15.401 -14.775 -14.371 -13.856 -15.404
0.305157 -13.634 -14.0 -14.459 -15.175 -15.427 -15.503 -14.814 -15.228 -15.427 -15.5 -15.428 -15.255 -15.22 -15.465 -15.479 -15.379 -15.228 -15.487 -15.487 -15.386 -15.276 -15.215 -15.446 -15.483 -15.436 -14.821 -14.418 -13.905 -15.436
0.314387 -13.619 -13.988 -14.458 -15.189 -15.451 -15.533 -14.827 -15.244 -15.45 -15.53 -15.464 -15.295 -15.235 -15.491 -15.513 -15.417 -15.269 -15.514 -15.521 -15.424 -15.316 -15.257 -15.479 -15.512 -15.472 -14.865 -14.465 -13.954 -15.468
0.323895 -13.604 -13.976 -14.456 -15.202 -15.473 -15.563 -14.84 -15.258 -15.473 -15.56 -15.5 -15.335 -15.249 -15.516 -15.546 -15.454 -15.309 -15.541 -15.554 -15.462 -15.356 -15.298 -15.511 -15.541 -15.507 -14.91 -14.512 -14.003 -15.5
0.333691 -13.587 -13.962 -14.453 -15.214 -15.496 -15.593 -14.853 -15.272 -15.496 -15.59 -15.535 -15.375 -15.263 -15.541 -15.58 -15.492 -15.349 -15.567 -15.587 -15.499 -15.396 -15.339 -15.544 -15.57 -15.542 -14.955 -14.559 -14.052 -15.531
0.343783 -13.569 -13.947 -14.449 -15.226 -15.517 -15.622 -14.864 -15.286 -15.517 -15.62 -15.57 -15.414 -15.275 -15.565 -15.612 -15.529 -15.39 -15.592 -15.62 -15.536 -15.436 -15.379 -15.575 -15.598 -15.576 -14.999 -14.606 -14.1 -15.561
0.354181 -13.551 -13.931 -14.444 -15.237 -15.538 -15.651 -14.876 -15.298 -15.538 -15.648 -15.604 -15.453 -15.288 -15.589 -15.644 -15.565 -15.429 -15.617 -15.652 -15.573 -15.475 -15.42 -15.607 -15.625 -15.61 -15.043 -14.652 -14.149 -15.592
0.364893 -13.531 -13.914 -14.439 -15.247 -15.559 -15.679 -14.886 -15.31 -15.559 -15.677 -15.638 -15.492 -15.299 -15.612 -15.676 -15.601 -15.469 -15.641 -15.684 -15.609 -15.513 -15.46 -15.637 -15.652 -15.644 -15.087 -14.699 -14.197 -15.622
0.375929 -13.51 -13.895 -14.432 -15.256 -15.578 -15.706 -14.896 -15.321 -15.579 -15.705 -15.672 -15.531 -15.31 -15.635 -15.707 -15.637 -15.508 -15.665 -15.715 -15.645 -15.552 -15.5 -15.668 -15.679 -15.677 -15.131 -14.745 -14.245 -15.651
0.387298 -13.488 -13.875 -14.424 -15.264 -15.597 -15.734 -14.906 -15.332 -15.598 -15.732 -15.705 -15.569 -15.319 -15.657 -15.738 -15.673 -15.547 -15.688 -15.746 -15.681 -15.59 -15.539 -15.698 -15.705 -15.71 -15.175 -14.791 -14.294 -15.68
0.399012 -13.465 -13.854 -14.416 -15.272 -15.616 -15.76 -14.915 -15.341 -15.616 -15.759 -15.738 -15.607 -15.328 -15.678 -15.769 -15.708 -15.585 -15.711 -15.776 -15.716 -15.628 -15.578 -15.727 -15.73 -15.743 -15.218 -14.837 -14.341 -15.709
0.41108 -13.441 -13.832 -14.406 -15.278 -15.633 -15.786 -14.923 -15.35 -15.634 -15.785 -15.77 -15.644 -15.336 -15.699 -15.799 -15.743 -15.624 -15.733 -15.806 -15.751 -15.666 -15.617 -15.756 -15.755 -15.775 -15.261 -14.883 -14.389 -15.737
0.423513 -13.416 -13.808 -14.395 -15.284 -15.65 -15.812 -14.931 -15.357 -15.651 -15.811 -15.802 -15.681 -15.344 -15.719 -15.828 -15.777 -15.661 -15.754 -15.836 -15.785 -15.703 -15.656 -15.785 -15.779 -15.806 -15.304 -14.928 -14.437 -15.765
0.436321 -13.39 -13.783 -14.383 -15.289 -15.666 -15.837 -14.938 -15.364 -15.668 -15.836 -15.834 -15.718 -15.35 -15.738 -15.857 -15.811 -15.699 -15.775 -15.865 -15.819 -15.74 -15.695 -15.813 -15.803 -15.838 -15.347 -14.973 -14.484 -15.792
0.449518 -13.362 -13.756 -14.37 -15.293 -15.682 -15.861 -14.944 -15.37 -15.683 -15.86 -15.865 -15.755 -15.355 -15.757 -15.885 -15.844 -15.736 -15.795 -15.893 -15.852 -15.776 -15.733 -15.841 -15.826 -15.868 -15.389 -15.018 -14.532 -15.818
0.463113 -13.333 -13.728 -14.355 -15.295 -15.696 -15.884 -14.95 -15.375 -15.698 -15.884 -15.895 -15.791 -15.359 -15.775 -15.913 -15.877 -15.773 -15.814 -15.921 -15.885 -15.812 -15.77 -15.868 -15.849 -15.898 -15.431 -15.063 -14.579 -15.844
0.47712 -13.303 -13.698 -14.339 -15.297 -15.71 -15.907 -14.955 -15.378 -15.712 -15.907 -15.925 -15.826 -15.362 -15.792 -15.94 -15.91 -15.809 -15.833 -15.948 -15.918 -15.848 -15.808 -15.894 -15.87 -15.928 -15.473 -15.108 -14.626 -15.87
0.49155 -13.272 -13.666 -14.322 -15.297 -15.723 -15.93 -14.959 -15.381 -15.725 -15.93 -15.955 -15.861 -15.364 -15.808 -15.967 -15.942 -15.845 -15.85 -15.975 -15.95 -15.883 -15.845 -15.92 -15.891 -15.957 -15.514 -15.152 -14.672 -15.895
0.506416 -13.239 -13.633 -14.304 -15.297 -15.735 -15.951 -14.962 -15.383 -15.737 -15.952 -15.984 -15.896 -15.365 -15.824 -15.993 -15.973 -15.881 -15.867 -16.001 -15.982 -15.918 -15.881 -15.945 -15.912 -15.985 -15.555 -15.196 -14.719 -15.919
0.521733 -13.204 -13.598 -14.284 -15.295 -15.746 -15.972 -14.964 -15.383 -15.748 -15.973 -16.012 -15.93 -15.365 -15.838 -16.018 -16.004 -15.916 -15.883 -16.026 -16.013 -15.952 -15.917 -15.97 -15.931 -16.013 -15.596 -15.24 -14.765 -15.943
0.537512 -13.169 -13.561 -14.262 -15.292 -15.756 -15.992 -14.966 -15.382 -15.758 -15.993 -16.039 -15.964 -15.364 -15.852 -16.043 -16.035 -15.95 -15.899 -16.051 -16.043 -15.986 -15.953 -15.993 -15.95 -16.04 -15.637 -15.284 -14.811 -15.965
0.553769 -13.132 -13.522 -14.239 -15.287 -15.765 -16.011 -14.966 -15.38 -15.767 -16.012 -16.066 -15.997 -15.361 -15.865 -16.067 -16.065 -15.984 -15.913 -16.075 -16.073 -16.02 -15.988 -16.017 -15.968 -16.067 -15.677 -15.327 -14.857 -15.988
0.570517 -13.093 -13.481 -14.215 -15.282 -15.772 -16.029 -14.966 -15.377 -15.775 -16.031 -16.093 -16.03 -15.357 -15.877 -16.09 -16.094 -16.018 -15.926 -16.098 -16.103 -16.052 -16.023 -16.039 -15.985 -16.092 -15.716 -15.37 -14.903 -16.009
0.587772 -13.053 -13.438 -14.189 -15.274 -15.779 -16.046 -14.965 -15.372 -15.782 -16.048 -16.118 -16.062 -15.351 -15.887 -16.112 -16.122 -16.051 -15.938 -16.121 -16.131 -16.085 -16.058 -16.061 -16.001 -16.118 -15.756 -15.413 -14.948 -16.03
0.605549 -13.011 -13.393 -14.161 -15.266 -15.785 -16.063 -14.962 -15.366 -15.788 -16.065 -16.143 -16.094 -15.344 -15.897 -16.133 -16.15 -16.083 -15.95 -16.142 -16.159 -16.116 -16.091 -16.082 -16.016 -16.142 -15.795 -15.455 -14.993 -16.05
0.623863 -12.967 -13.345 -14.131 -15.255 -15.789 -16.078 -14.959 -15.358 -15.793 -16.081 -16.167 -16.125 -15.336 -15.905 -16.154 -16.177 -16.115 -15.96 -16.163 -16.186 -16.147 -16.125 -16.102 -16.03 -16.166 -15.833 -15.497 -15.038 -16.069
0.642731 -12.922 -13.295 -14.099 -15.243 -15.792 -16.092 -14.954 -15.349 -15.796 -16.096 -16.191 -16.155 -15.325 -15.912 -16.174 -16.204 -16.147 -15.969 -16.183 -16.213 -16.178 -16.157 -16.121 -16.043 -16.188 -15.871 -15.539 -15.082 -16.088
0.66217 -12.875 -13.243 -14.065 -15.23 -15.793 -16.106 -14.948 -15.338 -15.798 -16.109 -16.213 -16.185 -15.314 -15.918 -16.193 -16.229 -16.177 -15.977 -16.202 -16.239 -16.208 -16.19 -16.139 -16.055 -16.21 -15.909 -15.58 -15.127 -16.105
0.682197 -12.827 -13.188 -14.029 -15.214 -15.793 -16.118 -14.941 -15.325 -15.798 -16.122 -16.235 -16.214 -15.3 -15.923 -16.21 -16.254 -16.207 -15.983 -16.22 -16.264 -16.237 -16.221 -16.156 -16.066 -16.231 -15.946 -15.621 -15.171 -16.122
0.70283 -12.776 -13.13 -13.991 -15.197 -15.792 -16.129 -14.933 -15.311 -15.797 -16.133 -16.255 -16.242 -15.285 -15.926 -16.227 -16.278 -16.236 -15.989 -16.237 -16.288 -16.265 -16.252 -16.173 -16.076 -16.251 -15.982 -15.661 -15.214 -16.137
0.724086 -12.724 -13.069 -13.951 -15.178 -15.789 -16.138 -14.923 -15.294 -15.794 -16.143 -16.275 -16.269 -15.267 -15.928 -16.243 -16.301 -16.265 -15.993 -16.252 -16.311 -16.293 -16.282 -16.188 -16.084 -16.27 -16.018 -15.701 -15.257 -16.152
0.745986 -12.67 -13.005 -13.908 -15.156 -15.785 -16.147 -14.912 -15.276 -15.79 -16.152 -16.293 -16.296 -15.248 -15.929 -16.257 -16.323 -16.292 -15.995 -16.267 -16.333 -16.319 -16.311 -16.202 -16.091 -16.288 -16.054 -15.741 -15.3 -16.165
0.768548 -12.614 -12.938 -13.863 -15.133 -15.778 -16.154 -14.899 -15.255 -15.784 -16.159 -16.311 -16.322 -15.226 -15.927 -16.27 -16.344 -16.319 -15.996 -16.28 -16.355 -16.345 -16.34 -16.215 -16.097 -16.305 -16.089 -15.78 -15.343 -16.177
0.791792 -12.556 -12.868 -13.815 -15.107 -15.77 -16.159 -14.885 -15.233 -15.777 -16.165 -16.327 -16.347 -15.203 -15.924 -16.282 -16.364 -16.345 -15.995 -16.293 -16.375 -16.37 -16.368 -16.227 -16.101 -16.321 -16.123 -15.819 -15.385 -16.188
0.815739 -12.496 -12.794 -13.764 -15.079 -15.76 -16.163 -14.869 -15.208 -15.767 -16.169 -16.342 -16.371 -15.176 -15.92 -16.293 -16.383 -16.37 -15.993 -16.303 -16.394 -16.394 -16.395 -16.237 -16.104 -16.335 -16.156 -15.857 -15.426 -16.198
0.840411 -12.435 -12.716 -13.711 -15.048 -15.748 -16.165 -14.852 -15.18 -15.755 -16.172 -16.356 -16.393 -15.148 -15.913 -16.302 -16.401 -16.394 -15.989 -16.313 -16.412 -16.417 -16.421 -16.246 -16.105 -16.348 -16.189 -15.894 -15.467 -16.207
0.865828 -12.371 -12.634 -13.654 -15.014 -15.734 -16.166 -14.832 -15.15 -15.741 -16.173 -16.369 -16.415 -15.117 -15.904 -16.31 -16.418 -16.417 -15.982 -16.321 -16.429 -16.439 -16.446 -16.254 -16.104 -16.36 -16.221 -15.931 -15.508 -16.214
0.892015 -12.305 -12.548 -13.594 -14.978 -15.717 -16.164 -14.811 -15.117 -15.725 -16.172 -16.38 -16.436 -15.082 -15.894 -16.316 -16.433 -16.439 -15.974 -16.327 -16.444 -16.46 -16.47 -16.26 -16.102 -16.371 -16.252 -15.967 -15.548 -16.219
0.918993 -12.238 -12.458 -13.531 -14.938 -15.698 -16.161 -14.787 -15.081 -15.707 -16.17 -16.389 -16.455 -15.045 -15.881 -16.32 -16.447 -16.459 -15.964 -16.332 -16.458 -16.48 -16.493 -16.264 -16.097 -16.379 -16.283 -16.002 -15.588 -16.223
0.946787 -12.168 -12.363 -13.464 -14.896 -15.677 -16.156 -14.761 -15.042 -15.686 -16.165 -16.397 -16.473 -15.005 -15.866 -16.323 -16.459 -16.479 -15.952 -16.334 -16.471 -16.498 -16.515 -16.267 -16.091 -16.387 -16.312 -16.037 -15.627 -16.226
0.975422 -12.097 -12.264 -13.394 -14.85 -15.652 -16.148 -14.733 -15.0 -15.662 -16.158 -16.404 -16.49 -14.962 -15.848 -16.323 -16.47 -16.497 -15.937 -16.335 -16.482 -16.515 -16.536 -16.268 -16.082 -16.392 -16.341 -16.071 -15.665 -16.226
1.004923 -12.024 -12.159 -13.319 -14.8 -15.625 -16.139 -14.703 -14.955 -15.636 -16.149 -16.408 -16.506 -14.915 -15.828 -16.322 -16.479 -16.514 -15.92 -16.334 -16.491 -16.531 -16.555 -16.267 -16.071 -16.396 -16.368 -16.104 -15.703 -16.225
1.035317 -11.95 -12.048 -13.241 -14.747 -15.595 -16.126 -14.67 -14.906 -15.606 -16.138 -16.411 -16.52 -14.864 -15.805 -16.318 -16.486 -16.529 -15.9 -16.331 -16.499 -16.545 -16.574 -16.264 -16.058 -16.397 -16.394 -16.137 -15.74 -16.222
1.066629 -11.873 -11.932 -13.158 -14.69 -15.562 -16.111 -14.634 -14.853 -15.573 -16.123 -16.411 -16.532 -14.809 -15.778 -16.313 -16.491 -16.542 -15.877 -16.326 -16.505 -16.557 -16.59 -16.259 -16.042 -16.397 -16.42 -16.168 -15.776 -16.217
1.098888 -11.796 -11.809 -13.07 -14.628 -15.525 -16.094 -14.595 -14.795 -15.537 -16.107 -16.41 -16.542 -14.75 -15.749 -16.304 -16.495 -16.555 -15.851 -16.318 -16.508 -16.568 -16.605 -16.252 -16.023 -16.395 -16.444 -16.199 -15.812 -16.21
1.132124 -11.717 -11.68 -12.977 -14.562 -15.485 -16.073 -14.554 -14.734 -15.498 -16.087 -16.406 -16.551 -14.687 -15.717 -16.294 -16.496 -16.565 -15.822 -16.308 -16.51 -16.577 -16.619 -16.242 -16.002 -16.39 -16.467 -16.228 -15.847 -16.2
1.166364 -11.638 -11.544 -12.879 -14.491 -15.44 -16.05 -14.509 -14.667 -15.454 -16.064 -16.399 -16.558 -14.619 -15.681 -16.28 -16.495 -16.573 -15.79 -16.295 -16.51 -16.584 -16.631 -16.23 -15.977 -16.382 -16.488 -16.257 -15.881 -16.188
1.20164 -11.557 -11.401 -12.776 -14.415 -15.392 -16.023 -14.46 -14.596 -15.407 -16.038 -16.39 -16.563 -14.546 -15.641 -16.264 -16.492 -16.579 -15.754 -16.279 -16.507 -16.589 -16.641 -16.215 -15.949 -16.372 -16.508 -16.284 -15.914 -16.174
1.237983 -11.476 -11.25 -12.667 -14.333 -15.339 -15.992 -14.408 -14.52 -15.355 -16.008 -16.379 -16.565 -14.467 -15.597 -16.244 -16.486 -16.584 -15.714 -16.26 -16.501 -16.591 -16.649 -16.197 -15.918 -16.36 -16.526 -16.31 -15.946 -16.156
1.275425 -11.395 -11.09 -12.552 -14.246 -15.281 -15.957 -14.352 -14.437 -15.298 -15.975 -16.364 -16.565 -14.382 -15.548 -16.221 -16.477 -16.585 -15.67 -16.238 -16.493 -16.592 -16.654 -16.176 -15.883 -16.344 -16.543 -16.335 -15.977 -16.136
1.313999 -11.315 -10.921 -12.43 -14.152 -15.219 -15.919 -14.292 -14.349 -15.236 -15.937 -16.346 -16.563 -14.292 -15.495 -16.195 -16.466 -16.585 -15.622 -16.212 -16.482 -16.589 -16.658 -16.151 -15.843 -16.325 -16.558 -16.358 -16.006 -16.113
1.35374 -11.234 -10.743 -12.301 -14.051 -15.151 -15.876 -14.227 -14.254 -15.169 -15.896 -16.325 -16.558 -14.194 -15.437 -16.164 -16.451 -16.581 -15.569 -16.182 -16.468 -16.584 -16.659 -16.123 -15.8 -16.302 -16.571 -16.38 -16.035 -16.086
1.394683 -11.155 -10.555 -12.165 -13.943 -15.077 -15.828 -14.158 -14.152 -15.097 -15.849 -16.3 -16.55 -14.09 -15.374 -16.13 -16.433 -16.575 -15.512 -16.149 -16.45 -16.577 -16.658 -16.092 -15.752 -16.276 -16.582 -16.4 -16.063 -16.056
1.436864 -11.077 -10.356 -12.021 -13.827 -14.997 -15.776 -14.084 -14.043 -15.018 -15.798 -16.271 -16.539 -13.978 -15.305 -16.091 -16.411 -16.566 -15.448 -16.111 -16.429 -16.566 -16.654 -16.056 -15.699 -16.246 -16.591 -16.418 -16.089 -16.022
1.480321 -11.0 -10.145 -11.869 -13.704 -14.91 -15.717 -14.004 -13.926 -14.933 -15.741 -16.238 -16.524 -13.858 -15.23 -16.047 -16.385 -16.554 -15.379 -16.068 -16.404 -16.551 -16.646 -16.016 -15.64 -16.211 -16.597 -16.435 -16.113 -15.984
1.525092 -10.925 -9.922 -11.708 -13.571 -14.816 -15.653 -13.918 -13.8 -14.84 -15.679 -16.201 -16.506 -13.729 -15.148 -15.998 -16.355 -16.538 -15.305 -16.02 -16.375 -16.533 -16.636 -15.971 -15.577 -16.173 -16.601 -16.45 -16.136 -15.942
1.571218 -10.852 -9.687 -11.538 -13.428 -14.714 -15.583 -13.827 -13.664 -14.74 -15.61 -16.158 -16.484 -13.59 -15.06 -15.944 -16.321 -16.518 -15.223 -15.967 -16.341 -16.512 -16.622 -15.922 -15.507 -16.129 -16.603 -16.462 -16.158 -15.896
1.618738 -10.781 -9.437 -11.358 -13.275 -14.604 -15.506 -13.729 -13.519 -14.632 -15.535 -16.111 -16.458 -13.441 -14.963 -15.884 -16.281 -16.494 -15.134 -15.908 -16.302 -16.486 -16.605 -15.867 -15.43 -16.079 -16.601 -16.472 -16.178 -15.844
1.667696 -10.713 -9.173 -11.168 -13.111 -14.485 -15.422 -13.623 -13.363 -14.515 -15.452 -16.058 -16.427 -13.282 -14.859 -15.817 -16.237 -16.466 -15.038 -15.843 -16.259 -16.455 -16.583 -15.806 -15.346 -16.025 -16.596 -16.48 -16.195 -15.788
1.718134 -10.646 -8.894 -10.966 -12.935 -14.357 -15.329 -13.511 -13.195 -14.388 -15.362 -15.999 -16.392 -13.11 -14.745 -15.744 -16.186 -16.433 -14.934 -15.771 -16.209 -16.42 -16.557 -15.739 -15.255 -15.964 -16.588 -16.485 -16.211 -15.726
1.770098 -10.581 -8.599 -10.753 -12.746 -14.217 -15.228 -13.39 -13.015 -14.252 -15.263 -15.933 -16.351 -12.925 -14.622 -15.663 -16.13 -16.395 -14.821 -15.692 -16.154 -16.379 -16.527 -15.665 -15.156 -15.896 -16.576 -16.488 -16.225 -15.658
1.823633 -10.518 -8.288 -10.528 -12.543 -14.067 -15.118 -13.26 -12.821 -14.104 -15.156 -15.86 -16.305 -12.727 -14.489 -15.574 -16.066 -16.351 -14.699 -15.605 -16.092 -16.332 -16.491 -15.584 -15.047 -15.821 -16.56 -16.487 -16.236 -15.583
1.878788 -10.455 -7.961 -10.289 -12.325 -13.904 -14.998 -13.121 -12.612 -13.944 -15.038 -15.779 -16.252 -12.513 -14.344 -15.476 -15.996 -16.301 -14.567 -15.51 -16.023 -16.28 -16.45 -15.495 -14.929 -15.738 -16.54 -16.483 -16.245 -15.502
1.93561 -10.394 -7.619 -10.037 -12.09 -13.728 -14.867 -12.972 -12.388 -13.771 -14.91 -15.691 -16.193 -12.283 -14.187 -15.368 -15.917 -16.245 -14.425 -15.405 -15.946 -16.22 -16.403 -15.398 -14.801 -15.647 -16.515 -16.475 -16.251 -15.414
1.994152 -10.332 -7.263 -9.77 -11.836 -13.537 -14.724 -12.812 -12.146 -13.583 -14.77 -15.593 -16.127 -12.035 -14.017 -15.25 -15.83 -16.181 -14.271 -15.29 -15.86 -16.153 -16.349 -15.291 -14.661 -15.547 -16.485 -16.464 -16.253 -15.318
2.054463 -10.27 -6.896 -9.487 -11.564 -13.33 -14.568 -12.641 -11.884 -13.381 -14.617 -15.485 -16.052 -11.768 -13.832 -15.121 -15.734 -16.11 -14.104 -15.164 -15.766 -16.079 -16.289 -15.175 -14.509 -15.436 -16.45 -16.448 -16.253 -15.214
2.116599 -10.206 -6.525 -9.187 -11.27 -13.107 -14.397 -12.456 -11.603 -13.161 -14.451 -15.366 -15.969 -11.479 -13.632 -14.979 -15.627 -16.03 -13.925 -15.026 -15.661 -15.995 -16.22 -15.047 -14.344 -15.315 -16.408 -16.427 -16.249 -15.101
2.180614 -10.141 -6.156 -8.87 -10.952 -12.864 -14.212 -12.259 -11.298 -12.923 -14.269 -15.236 -15.877 -11.168 -13.414 -14.824 -15.51 -15.941 -13.732 -14.876 -15.545 -15.902 -16.144 -14.908 -14.164 -15.182 -16.36 -16.402 -16.242 -14.979
2.246566 -10.072 -5.801 -8.533 -10.609 -12.601 -14.009 -12.046 -10.969 -12.665 -14.071 -15.093 -15.774 -10.831 -13.178 -14.654 -15.38 -15.841 -13.525 -14.711 -15.418 -15.798 -16.058 -14.756 -13.968 -15.036 -16.304 -16.371 -16.23 -14.846
2.314511 -10.0 -5.471 -8.176 -10.238 -12.315 -13.788 -11.818 -10.613 -12.385 -13.855 -14.936 -15.659 -10.466 -12.921 -14.468 -15.236 -15.73 -13.303 -14.531 -15.277 -15.683 -15.962 -14.59 -13.755 -14.875 -16.241 -16.333 -16.213 -14.703
2.384512 -9.923 -5.178 -7.798 -9.836 -12.004 -13.546 -11.572 -10.226 -12.081 -13.619 -14.763 -15.533 -10.07 -12.641 -14.264 -15.078 -15.607 -13.066 -14.335 -15.122 -15.555 -15.855 -14.409 -13.523 -14.699 -16.168 -16.29 -16.192 -14.549
2.45663 -9.841 -4.927 -7.396 -9.4 -11.666 -13.281 -11.308 -9.808 -11.751 -13.361 -14.574 -15.393 -9.641 -12.336 -14.04 -14.903 -15.47 -12.813 -14.12 -14.95 -15.413 -15.735 -14.21 -13.269 -14.506 -16.086 -16.238 -16.165 -14.383
2.530929 -9.753 -4.718 -6.968 -8.927 -11.298 -12.992 -11.024 -9.353 -11.391 -13.079 -14.366 -15.237 -9.175 -12.004 -13.795 -14.71 -15.318 -12.546 -13.886 -14.762 -15.256 -15.603 -13.993 -12.993 -14.294 -15.994 -16.179 -16.132 -14.205
2.607475 -9.658 -4.544 -6.512 -8.412 -10.897 -12.675 -10.719 -8.858 -11.0 -12.77 -14.138 -15.065 -8.668 -11.642 -13.525 -14.498 -15.15 -12.264 -13.63 -14.554 -15.082 -15.456 -13.756 -12.691 -14.061 -15.889 -16.111 -16.093 -14.013
2.686337 -9.555 -4.392 -6.025 -7.853 -10.459 -12.328 -10.39 -8.319 -10.573 -12.432 -13.887 -14.875 -8.116 -11.247 -13.229 -14.263 -14.963 -11.971 -13.351 -14.325 -14.889 -15.292 -13.496 -12.361 -13.805 -15.771 -16.032 -16.046 -13.808
2.767583 -9.444 -4.254 -5.504 -7.242 -9.98 -11.947 -10.038 -7.731 -10.107 -12.061 -13.611 -14.664 -7.513 -10.814 -12.903 -14.004 -14.755 -11.669 -13.048 -14.073 -14.676 -15.111 -13.211 -12.001 -13.523 -15.639 -15.943 -15.991 -13.589
2.851287 -9.322 -4.118 -4.945 -6.575 -9.456 -11.528 -9.66 -7.088 -9.597 -11.654 -13.307 -14.431 -6.855 -10.34 -12.545 -13.717 -14.525 -11.363 -12.718 -13.795 -14.439 -14.911 -12.898 -11.605 -13.214 -15.49 -15.842 -15.927 -13.357
2.937522 -9.19 -3.979 -4.344 -5.846 -8.882 -11.067 -9.256 -6.385 -9.039 -11.207 -12.973 -14.172 -6.134 -9.82 -12.15 -13.4 -14.269 -11.057 -12.361 -13.489 -14.177 -14.688 -12.555 -11.172 -12.873 -15.323 -15.726 -15.853 -13.11
3.026365 -9.045 -3.831 -3.695 -5.046 -8.251 -10.559 -8.825 -5.614 -8.428 -10.714 -12.604 -13.885 -5.343 -9.249 -11.714 -13.049 -13.985 -10.757 -11.976 -13.152 -13.887 -14.442 -12.177 -10.695 -12.497 -15.136 -15.595 -15.768 -12.85
3.117896 -8.887 -3.672 -2.993 -4.168 -7.557 -9.998 -8.371 -4.766 -7.756 -10.171 -12.197 -13.567 -4.474 -8.62 -11.231 -12.659 -13.668 -10.467 -11.564 -12.78 -13.565 -14.17 -11.761 -10.171 -12.082 -14.925 -15.447 -15.669 -12.577
3.212194 -8.714 -3.499 -2.232 -3.202 -6.792 -9.378 -7.896 -3.833 -7.018 -9.572 -11.747 -13.214 -3.517 -7.927 -10.698 -12.227 -13.316 -10.189 -11.127 -12.372 -13.208 -13.869 -11.301 -9.594 -11.623 -14.689 -15.279 -15.557 -12.293
3.309345 -8.525 -3.309 -1.402 -2.136 -5.947 -8.69 -7.408 -2.804 -6.203 -8.909 -11.249 -12.821 -2.461 -7.161 -10.106 -11.745 -12.923 -9.921 -10.672 -11.924 -12.812 -13.536 -10.793 -8.956 -11.114 -14.423 -15.09 -15.429 -11.997
3.409434 -8.316 -3.101 -0.496 -0.957 -5.012 -7.927 -6.916 -1.666 -5.304 -8.174 -10.697 -12.383 -1.293 -6.313 -9.448 -11.209 -12.484 -9.658 -10.206 -11.435 -12.375 -13.17 -10.231 -8.25 -10.55 -14.123 -14.875 -15.282 -11.692
3.51255 -8.087 -2.871 0.496 0.349 -3.974 -7.078 -6.432 -0.403 -4.309 -7.358 -10.084 -11.895 0.002 -5.371 -8.715 -10.611 -11.993 -9.394 -9.741 -10.905 -11.891 -12.769 -9.606 -7.466 -9.924 -13.786 -14.631 -15.114 -11.376
3.618785 -7.834 -2.618 1.586 1.801 -2.82 -6.13 -5.968 1.0 -3.205 -6.45 -9.401 -11.35 1.442 -4.324 -7.897 -9.941 -11.443 -9.12 -9.289 -10.336 -11.358 -12.33 -8.911 -6.595 -9.226 -13.406 -14.355 -14.922 -11.05
3.728232 -7.554 -2.338 2.789 3.419 -1.533 -5.071 -5.528 2.565 -1.978 -5.438 -8.641 -10.741 3.047 -3.155 -6.982 -9.19 -10.825 -8.829 -8.854 -9.737 -10.776 -11.855 -8.135 -5.624 -8.447 -12.975 -14.041 -14.703 -10.711
3.84099 -7.243 -2.028 4.118 5.229 -0.093 -3.883 -5.109 4.314 -0.61 -4.306 -7.791 -10.057 4.842 -1.848 -5.955 -8.346 -10.129 -8.513 -8.436 -9.12 -10.145 -11.344 -7.267 -4.538 -7.574 -12.488 -13.684 -14.453 -10.356
3.957158 -6.898 -1.682 5.594 7.258 1.523 -2.546 -4.697 6.277 0.92 -3.039 -6.839 -9.289 6.855 -0.381 -4.8 -7.395 -9.345 -8.165 -8.025 -8.504 -9.474 -10.801 -6.293 -3.319 -6.596 -11.935 -13.277 -14.165 -9.978
4.07684 -6.512 -1.297 7.239 9.542 3.341 -1.039 -4.275 8.485 2.636 -1.615 -5.77 -8.425 9.121 1.271 -3.497 -6.32 -8.458 -7.778 -7.603 -7.904 -8.775 -10.232 -5.197 -1.948 -5.494 -11.306 -12.813 -13.835 -9.571
4.200141 -6.08 -0.865 9.08 12.123 5.395 0.668 -3.825 10.979 4.567 -0.011 -4.567 -7.45 11.679 3.137 -2.022 -5.101 -7.452 -7.346 -7.153 -7.324 -8.069 -9.641 -3.958 -0.398 -4.25 -10.587 -12.281 -13.456 -9.125
4.327172 -5.595 -0.379 11.152 15.049 7.723 2.605 -3.331 13.806 6.748 1.801 -3.209 -6.347 14.58 5.254 -0.346 -3.715 -6.308 -6.86 -6.659 -6.751 -7.37 -9.03 -2.553 1.358 -2.84 -9.766 -11.671 -13.018 -8.631
4.458044 -5.046 0.17 13.494 18.381 10.374 4.815 -2.779 17.023 9.221 3.855 -1.67 -5.096 17.88 7.663 1.565 -2.133 -5.004 -6.311 -6.108 -6.157 -6.68 -8.393 -0.954 3.358 -1.235 -8.822 -10.969 -12.512 -8.078
4.592874 -4.423 0.793 16.157 22.192 13.404 7.344 -2.155 20.7 12.037 6.19 0.079 -3.672 21.651 10.418 3.752 -0.32 -3.511 -5.688 -5.484 -5.515 -5.977 -7.716 0.875 5.645 0.598 -7.735 -10.159 -11.926 -7.453
4.731783 -3.712 1.503 19.203 26.57 16.884 10.25 -1.444 24.921 15.257 8.854 2.073 -2.048 25.98 13.582 6.267 1.765 -1.798 -4.978 -4.773 -4.797 -5.229 -6.975 2.975 8.272 2.703 -6.479 -9.22 -11.243 -6.742
4.874892 -2.898 2.318 22.708 31.625 20.899 13.607 -0.629 29.787 18.959 11.906 4.357 -0.186 30.971 17.232 9.171 4.174 0.176 -4.163 -3.959 -3.981 -4.4 -6.147 5.398 11.304 5.13 -5.019 -8.13 -10.446 -5.927
5.02233 -2.01 3.206 26.441 37.007 25.178 17.19 0.259 34.964 22.893 15.141 6.785 1.798 36.278 21.123 12.276 6.756 2.29 -3.275 -3.07 -3.092 -3.507 -5.253 7.994 14.545 7.728 -3.436 -6.937 -9.563 -5.039
5.174227 -1.611 3.604 26.839 37.405 25.577 17.588 0.657 35.362 23.291 15.54 7.183 2.196 36.676 21.522 12.674 7.154 2.688 -2.877 -2.672 -2.694 -3.109 -4.855 8.392 14.943 8.127 -3.038 -6.539 -9.165 -4.641
5.330718 -1.189 4.027 27.262 37.828 25.999 18.011 1.08 35.785 23.714 15.962 7.606 2.619 37.099 21.944 13.096 7.577 3.111 -2.454 -2.25 -2.271 -2.686 -4.432 8.815 15.366 8.549 -2.615 -6.116 -8.742 -4.218
5.491942 -0.74 4.475 27.71 38.276 26.448 18.46 1.528 36.233 24.162 16.411 8.054 3.067 37.547 22.393 13.545 8.025 3.56 -2.006 -1.801 -1.823 -2.238 -3.984 9.263 15.815 8.998 -2.167 -5.667 -8.293 -3.77
5.658042 -0.264 4.952 28.187 38.753 26.924 18.936 2.004 36.709 24.638 16.887 8.53 3.544 38.024 22.869 14.021 8.501 4.036 -1.53 -1.325 -1.346 -1.762 -3.508 9.739 16.291 9.474 -1.691 -5.191 -7.817 -3.293
5.829166 0.241 5.457 28.692 39.258 27.429 19.441 2.51 37.215 25.144 17.392 9.036 4.049 38.529 23.374 14.527 9.007 4.541 -1.024 -0.819 -0.841 -1.256 -3.002 10.245 16.796 9.98 -1.185 -4.686 -7.312 -2.788
6.005465 0.778 5.994 29.228 39.795 27.966 19.978 3.046 37.751 25.68 17.929 9.572 4.585 39.065 23.911 15.063 9.543 5.078 -0.488 -0.283 -0.304 -0.72 -2.466 10.781 17.333 10.516 -0.649 -4.149 -6.775 -2.252
6.187096 1.347 6.563 29.798 40.364 28.535 20.547 3.616 38.321 26.25 18.498 10.142 5.155 39.635 24.48 15.633 10.113 5.647 0.082 0.286 0.265 -0.15 -1.896 11.351 17.902 11.085 -0.079 -3.58 -6.206 -1.682
6.37422 1.952 7.167 30.402 40.968 29.14 21.151 4.22 38.925 26.854 19.103 10.746 5.759 40.239 25.085 16.237 10.717 6.251 0.686 0.891 0.869 0.454 -1.292 11.955 18.507 11.69 0.525 -2.976 -5.601 -1.078
6.567004 2.593 7.809 31.044 41.61 29.781 21.793 4.862 39.567 27.495 19.744 11.388 6.401 40.881 25.726 16.878 11.359 6.893 1.328 1.532 1.511 1.096 -0.65 12.597 19.148 12.331 1.166 -2.334 -4.96 -0.436
6.765619 3.274 8.49 31.725 42.291 30.462 22.474 5.542 40.247 28.176 20.425 12.068 7.082 41.562 26.407 17.559 12.039 7.574 2.008 2.213 2.192 1.776 0.03 13.277 19.829 13.012 1.847 -1.653 -4.279 0.245
6.97024 3.997 9.212 32.447 43.013 31.185 23.196 6.265 40.97 28.899 21.148 12.791 7.804 42.284 27.13 18.282 12.762 8.297 2.731 2.936 2.914 2.499 0.753 14.0 20.552 13.735 2.57 -0.931 -3.556 0.967
7.181051 4.764 9.979 33.214 43.78 31.952 23.963 7.032 41.737 29.666 21.915 13.558 8.571 43.051 27.897 19.049 13.529 9.064 3.498 3.703 3.681 3.266 1.52 14.767 21.319 14.502 3.337 -0.164 -2.789 1.734
7.398237 5.578 10.794 34.028 44.595 32.766 24.778 7.846 42.551 30.48 22.729 14.372 9.385 43.865 28.711 19.863 14.343 9.878 4.312 4.517 4.496 4.08 2.334 15.581 22.133 15.316 4.151 0.651 -1.975 2.548
7.621991 6.442 11.658 34.893 45.459 33.63 25.642 8.71 43.415 31.344 23.593 15.236 10.25 44.73 29.575 20.727 15.207 10.742 5.176 5.381 5.36 4.944 3.199 16.445 22.997 16.18 5.015 1.515 -1.111 3.413
7.852513 7.359 12.575 35.81 46.376 34.547 26.559 9.628 44.333 32.262 24.51 16.154 11.167 45.647 30.492 21.644 16.125 11.659 6.094 6.298 6.277 5.862 4.116 17.363 23.914 17.097 5.933 2.432 -0.194 4.33
8.090007 8.333 13.548 36.783 47.349 35.521 27.532 10.601 45.306 33.235 25.484 17.127 12.14 46.62 31.466 22.618 17.098 12.633 7.067 7.272 7.25 6.835 5.089 18.336 24.888 18.071 6.906 3.405 0.78 5.303
8.334684 9.366 14.582 37.817 48.383 36.554 28.566 11.634 46.34 34.268 26.517 18.16 13.174 47.654 32.499 23.651 18.131 13.666 8.1 8.305 8.284 7.868 6.123 19.369 25.921 19.104 7.939 4.439 1.813 6.337
8.586761 10.463 15.678 38.913 49.479 37.651 29.663 12.731 47.436 35.365 27.614 19.257 14.27 48.75 33.596 24.748 19.228 14.763 9.197 9.402 9.38 8.965 7.219 20.466 27.018 20.201 9.036 5.536 2.91 7.433
8.846461 11.627 16.843 40.077 50.644 38.815 30.827 13.895 48.6 36.529 28.778 20.421 15.434 49.914 34.76 25.912 20.392 15.927 10.361 10.566 10.545 10.129 8.383 21.63 28.182 21.365 10.2 6.7 4.074 8.597
9.114017 12.862 18.078 41.313 51.879 40.05 32.062 15.131 49.836 37.765 30.013 21.657 16.67 51.15 35.995 27.148 21.628 17.162 11.597 11.802 11.78 11.365 9.619 22.866 29.417 22.601 11.436 7.935 5.309 9.833
9.389664 14.174 19.39 42.624 53.191 41.362 33.374 16.442 51.147 39.076 31.325 22.968 17.981 52.461 37.307 28.459 22.939 18.474 12.908 13.113 13.092 12.676 10.93 24.177 30.729 23.912 12.747 9.247 6.621 11.144
9.673648 15.566 20.782 44.016 54.582 42.754 34.766 17.834 52.539 40.468 32.717 24.36 19.373 53.853 38.699 29.851 24.331 19.866 14.3 14.505 14.484 14.068 12.322 25.569 32.121 25.304 14.139 10.639 8.013 12.536
9.966221 17.043 22.259 45.494 56.06 44.231 36.243 19.312 54.017 41.946 34.194 25.838 20.851 55.331 40.176 31.329 25.809 21.343 15.778 15.982 15.961 15.546 13.8 27.047 33.598 26.781 15.617 12.116 9.49 14.014
10.267642 18.611 23.827 47.062 57.628 45.799 37.811 20.88 55.585 43.514 35.762 27.406 22.419 56.899 41.744 32.897 27.377 22.911 17.346 17.551 17.529 17.114 15.368 28.615 35.166 28.35 17.185 13.684 11.058 15.582
10.57818 20.276 25.492 48.726 59.293 47.464 39.476 22.544 57.249 45.178 37.427 29.07 24.083 58.563 43.409 34.561 29.041 24.576 19.01 19.215 19.194 18.778 17.032 30.279 36.831 30.014 18.849 15.349 12.723 17.246
10.89811 22.043 27.258 50.493 61.059 49.231 41.242 24.311 59.016 46.945 39.194 30.837 25.85 60.33 45.176 36.328 30.808 26.342 20.777 20.982 20.96 20.545 18.799 32.046 38.597 31.781 20.616 17.115 14.489 19.013
11.227716 23.918 29.133 52.368 62.934 51.106 43.117 26.186 60.891 48.82 41.069 32.712 27.725 62.205 47.051 38.203 32.683 28.218 22.652 22.857 22.835 22.42 20.674 33.921 40.473 33.656 22.491 18.99 16.365 20.888
11.56729 25.908 31.124 54.358 64.925 53.096 45.108 28.176 62.881 50.81 43.059 34.702 29.715 64.195 49.041 40.193 34.673 30.208 24.642 24.847 24.826 24.41 22.664 35.911 42.463 35.646 24.481 20.981 18.355 22.878
11.917135 28.02 33.236 56.471 67.037 55.208 47.22 30.289 64.994 52.923 45.171 36.815 31.828 66.308 51.153 42.306 36.786 32.32 26.755 26.96 26.938 26.523 24.777 38.024 44.575 37.759 26.594 23.093 20.467 24.991
12.277561 30.263 35.478 58.713 69.279 57.451 49.462 32.531 67.236 55.165 47.414 39.057 34.07 68.55 53.396 44.548 39.028 34.562 28.997 29.202 29.18 28.765 27.019 40.266 46.818 40.001 28.836 25.335 22.709 27.233
12.648887 32.642 37.858 61.093 71.659 59.83 51.842 34.911 69.616 57.545 49.793 41.437 36.45 70.93 55.775 46.928 41.408 36.942 31.377 31.582 31.56 31.145 29.399 42.646 49.197 42.381 31.216 27.715 25.089 29.613
13.031444 35.168 40.384 63.619 74.185 62.356 54.368 37.437 72.142 60.071 52.319 43.963 38.976 73.456 58.301 49.454 43.934 39.468 33.903 34.108 34.086 33.671 31.925 45.172 51.723 44.907 33.742 30.241 27.615 32.139
13.425571 37.85 43.065 66.3 76.866 65.038 57.049 40.118 74.823 62.752 55.001 46.644 41.657 76.137 60.983 52.135 46.615 42.149 36.584 36.789 36.767 36.352 34.606 47.853 54.404 47.588 36.423 32.922 30.296 34.82
13.831619 40.695 45.911 69.146 79.712 67.883 59.895 42.964 77.669 65.598 57.846 49.49 44.503 78.983 63.828 54.981 49.461 44.995 39.43 39.634 39.613 39.198 37.452 50.699 57.25 50.433 39.269 35.768 33.142 37.666
14.249947 43.716 48.931 72.166 82.732 70.904 62.915 45.984 80.689 68.618 60.867 52.51 47.523 82.003 66.849 58.001 52.481 48.016 42.45 42.655 42.633 42.218 40.472 53.719 60.271 53.454 42.289 38.788 36.163 40.686
14.680926 46.922 52.137 75.372 85.938 74.11 66.121 49.19 83.895 71.824 64.073 55.716 50.729 85.209 70.055 61.207 55.687 51.222 45.656 45.861 45.839 45.424 43.678 56.925 63.477 56.66 45.495 41.994 39.369 43.892
15.124941 50.324 55.54 78.775 89.341 77.512 69.524 52.593 87.298 75.227 67.475 59.119 54.132 88.612 73.457 64.61 59.09 54.624 49.059 49.264 49.242 48.827 47.081 60.328 66.879 60.063 48.898 45.397 42.771 47.295
15.582385 53.936 59.152 82.387 92.953 81.124 73.136 56.205 90.91 78.839 71.087 62.731 57.744 92.224 77.069 68.221 62.702 58.236 52.671 52.875 52.854 52.439 50.693 63.94 70.491 63.674 52.51 49.009 46.383 50.907
16.053663 57.77 62.985 86.22 96.786 84.958 76.969 60.038 94.743 82.672 74.921 66.564 61.577 96.057 80.903 72.055 66.535 62.07 56.504 56.709 56.687 56.272 54.526 67.773 74.325 67.508 56.343 52.842 50.217 54.74
16.539195 61.839 67.054 90.289 100.855 89.027 81.038 64.107 98.812 86.741 78.99 70.633 65.646 100.126 84.972 76.124 70.604 66.138 60.573 60.778 60.756 60.341 58.595 71.842 78.394 71.577 60.412 56.911 54.285 58.809
17.039412 66.157 71.373 94.608 105.174 93.345 85.357 68.426 103.131 91.06 83.308 74.952 69.965 104.445 89.29 80.443 74.923 70.457 64.892 65.097 65.075 64.66 62.914 76.161 82.712 75.895 64.731 61.23 58.604 63.128
17.554757 70.741 75.957 99.192 109.758 97.929 89.941 73.01 107.715 95.644 87.892 79.536 74.549 109.029 93.874 85.026 79.507 75.041 69.476 69.68 69.659 69.244 67.498 80.745 87.296 80.479 69.315 65.814 63.188 67.712
18.085689 75.607 80.822 104.057 114.623 102.795 94.806 77.875 112.58 100.509 92.758 84.401 79.414 113.894 98.74 89.892 84.372 79.906 74.341 74.546 74.524 74.109 72.363 85.61 92.162 85.345 74.18 70.679 68.054 72.577
18.632678 80.771 85.986 109.221 119.787 107.959 99.971 83.039 117.744 105.673 97.922 89.565 84.578 119.058 103.904 95.056 89.536 85.071 79.505 79.71 79.688 79.273 77.527 90.774 97.326 90.509 79.344 75.844 73.218 77.741
19.196211 86.252 91.468 114.703 125.269 113.44 105.452 88.52 123.226 111.154 103.403 95.046 90.06 124.54 109.385 100.537 95.017 90.552 84.986 85.191 85.17 84.754 83.009 96.255 102.807 95.99 84.825 81.325 78.699 83.223
19.776787 92.07 97.286 120.52 131.086 119.258 111.27 94.338 129.043 116.972 109.221 100.864 95.877 130.357 115.203 106.355 100.835 96.37 90.804 91.009 90.988 90.572 88.826 102.073 108.625 101.808 90.643 87.143 84.517 89.04
20.374923 98.245 103.461 126.695 137.262 125.433 117.445 100.513 135.218 123.147 115.396 107.039 102.052 136.532 121.378 112.53 107.01 102.545 96.979 97.184 97.163 96.747 95.001 108.248 114.8 107.983 96.818 93.318 90.692 95.215
20.991149 104.799 110.015 133.25 143.816 131.987 123.999 107.068 141.773 129.701 121.95 113.594 108.607 143.087 127.932 119.084 113.565 109.099 103.534 103.738 103.717 103.301 101.556 114.803 121.354 114.537 103.372 99.872 97.246 101.77
21.626011 111.756 116.971 140.206 150.772 138.944 130.955 114.024 148.729 136.658 128.907 120.55 115.563 150.043 134.889 126.041 120.521 116.056 110.49 110.695 110.673 110.258 108.512 121.759 128.311 121.494 110.329 106.828 104.203 108.726
22.280075 119.14 124.355 147.59 158.156 146.328 138.339 121.408 156.113 144.042 136.291 127.934 122.947 157.427 142.273 133.425 127.905 123.439 117.874 118.079 118.057 117.642 115.896 129.143 135.694 128.878 117.713 114.212 111.586 116.11
22.953921 126.977 132.192 155.427 165.993 154.165 146.177 129.245 163.95 151.879 144.128 135.771 130.784 165.264 150.11 141.262 135.742 131.277 125.711 125.916 125.894 125.479 123.733 136.98 143.532 136.715 125.55 122.049 119.424 123.947
23.648147 135.295 140.511 163.746 174.312 162.483 154.495 137.564 172.269 160.198 152.446 144.09 139.103 173.583 158.428 149.58 144.061 139.595 134.03 134.234 134.213 133.798 132.052 145.299 151.85 145.033 133.869 130.368 127.742 132.266
24.363369 144.124 149.34 172.575 183.141 171.312 163.324 146.393 181.098 169.027 161.275 152.919 147.932 182.412 167.257 158.41 152.89 148.424 142.859 143.064 143.042 142.627 140.881 154.128 160.679 153.863 142.698 139.197 136.571 141.095
25.100222 153.496 158.711 181.946 192.512 180.684 172.696 155.764 190.469 178.398 170.647 162.29 157.303 191.783 176.629 167.781 162.261 157.796 152.23 152.435 152.413 151.998 150.252 163.499 170.051 163.234 152.069 148.569 145.943 150.466
25.859362 163.443 168.658 191.893 202.459 190.631 182.642 165.711 200.416 188.345 180.594 172.237 167.25 201.73 186.576 177.728 172.208 167.742 162.177 162.382 162.36 161.945 160.199 173.446 179.998 173.181 162.016 158.515 155.889 160.413
26.64146 174.0 179.216 202.451 213.017 201.188 193.2 176.269 210.974 198.902 191.151 182.795 177.808 212.288 197.133 188.285 182.766 178.3 172.735 172.939 172.918 172.503 170.757 184.004 190.555 183.738 172.574 169.073 166.447 170.971
27.447213 185.206 190.422 213.657 224.223 212.394 204.406 187.474 222.179 210.108 202.357 194.0 189.014 223.493 208.339 199.491 193.971 189.506 183.94 184.145 184.124 183.708 181.962 195.209 201.761 194.944 183.779 180.279 177.653 182.177
28.277335 197.1 202.316 225.55 236.117 224.288 216.3 199.368 234.073 222.002 214.251 205.894 200.907 235.387 220.233 211.385 205.865 201.4 195.834 196.039 196.018 195.602 193.856 207.103 213.655 206.838 195.673 192.173 189.547 194.07
29.132564 209.724 214.94 238.175 248.741 236.912 228.924 211.993 246.698 234.626 226.875 218.519 213.532 248.012 232.857 224.009 218.49 214.024 208.459 208.663 208.642 208.227 206.481 219.728 226.279 219.462 208.298 204.797 202.171 206.695
30.013659 223.124 228.339 251.574 262.14 250.312 242.323 225.392 260.097 248.026 240.275 231.918 226.931 261.411 246.257 237.409 231.889 227.423 221.858 222.063 222.041 221.626 219.88 233.127 239.678 232.862 221.697 218.196 215.57 220.094
30.921401 237.346 242.561 265.796 276.362 264.534 256.545 239.614 274.319 262.248 254.497 246.14 241.153 275.633 260.479 251.631 246.111 241.646 236.08 236.285 236.263 235.848 234.102 247.349 253.901 247.084 235.919 232.418 229.793 234.316
31.856598 252.441 257.657 280.892 291.458 279.629 271.641 254.71 289.415 277.343 269.592 261.236 256.249 290.729 275.574 266.726 261.207 256.741 251.176 251.38 251.359 250.944 249.198 262.445 268.996 262.179 251.015 247.514 244.888 249.412
32.820079 268.464 273.679 296.914 307.48 295.652 287.663 270.732 305.437 293.366 285.615 277.258 272.271 306.751 291.597 282.749 277.229 272.763 267.198 267.403 267.381 266.966 265.22 278.467 285.018 278.202 267.037 263.536 260.91 265.434
33.8127 285.47 290.685 313.92 324.486 312.658 304.67 287.738 322.443 310.372 302.621 294.264 289.277 323.757 308.603 299.755 294.235 289.77 284.204 284.409 284.387 283.972 282.226 295.473 302.025 295.208 284.043 280.542 277.917 282.44
34.835342 303.52 308.736 331.971 342.537 330.708 322.72 305.789 340.494 328.423 320.671 312.315 307.328 341.808 326.653 317.805 312.286 307.82 302.255 302.459 302.438 302.023 300.277 313.524 320.075 313.258 302.094 298.593 295.967 300.491
35.888913 322.679 327.895 351.13 361.696 349.867 341.879 324.947 359.652 347.581 339.83 331.473 326.487 360.967 345.812 336.964 331.444 326.979 321.413 321.618 321.597 321.181 319.435 332.682 339.234 332.417 321.252 317.752 315.126 319.65
36.974349 343.014 348.23 371.465 382.031 370.202 362.214 345.283 379.988 367.917 360.165 351.809 346.822 381.302 366.147 357.299 351.78 347.314 341.749 341.953 341.932 341.517 339.771 353.018 359.569 352.752 341.588 338.087 335.461 339.985
38.092613 364.598 369.814 393.049 403.615 391.786 383.798 366.867 401.572 389.5 381.749 373.393 368.406 402.886 387.731 378.883 373.364 368.898 363.333 363.537 363.516 363.1 361.355 374.602 381.153 374.336 363.171 359.671 357.045 361.569
39.244698 387.507 392.723 415.958 426.524 414.695 406.707 389.776 424.481 412.41 404.658 396.302 391.315 425.795 410.64 401.793 396.273 391.807 386.242 386.446 386.425 386.01 384.264 397.511 404.062 397.245 386.081 382.58 379.954 384.478
40.431627 411.823 417.039 440.274 450.84 439.011 431.023 414.092 448.797 436.725 428.974 420.618 415.631 450.111 434.956 426.108 420.589 416.123 410.558 410.762 410.741 410.326 408.58 421.827 428.378 421.561 410.397 406.896 404.27 408.794
41.654454 437.632 442.848 466.083 476.649 464.82 456.832 439.901 474.606 462.534 454.783 446.427 441.44 475.92 460.765 451.917 446.398 441.932 436.367 436.571 436.55 436.134 434.389 447.636 454.187 447.37 436.205 432.705 430.079 434.603
42.914265 465.026 470.242 493.476 504.042 492.214 484.226 467.294 501.999 489.928 482.177 473.82 468.833 503.313 488.159 479.311 473.791 469.326 463.76 463.965 463.944 463.528 461.782 475.029 481.581 474.764 463.599 460.099 457.473 461.996
44.212178 494.102 499.317 522.552 533.118 521.29 513.301 496.37 531.075 519.004 511.253 502.896 497.909 532.389 517.235 508.387 502.867 498.401 492.836 493.041 493.019 492.604 490.858 504.105 510.657 503.84 492.675 489.174 486.549 491.072
45.549345 524.963 530.178 553.413 563.979 552.151 544.163 527.231 561.936 549.865 542.114 533.757 528.77 563.25 548.096 539.248 533.728 529.263 523.697 523.902 523.88 523.465 521.719 534.966 541.518 534.701 523.536 520.035 517.41 521.933
46.926954 557.719 562.935 586.169 596.736 584.907 576.919 559.987 594.692 582.621 574.87 566.513 561.526 596.006 580.852 572.004 566.484 562.019 556.453 556.658 556.637 556.221 554.475 567.722 574.274 567.457 556.292 552.792 550.166 554.689
48.346227 592.486 597.702 620.937 631.503 619.674 611.686 594.755 629.46 617.389 609.637 601.281 596.294 630.774 615.619 606.772 601.252 596.786 591.221 591.426 591.404 590.989 589.243 602.49 609.041 602.225 591.06 587.559 584.933 589.457
49.808426 629.389 634.604 657.839 668.405 656.577 648.588 631.657 666.362 654.291 646.54 638.183 633.196 667.676 652.522 643.674 638.154 633.688 628.123 628.328 628.306 627.891 626.145 639.392 645.944 639.127 627.962 624.461 621.836 626.359
51.314848 668.557 673.773 697.007 707.573 695.745 687.757 670.825 705.53 693.459 685.708 677.351 672.364 706.844 691.69 682.842 677.322 672.857 667.291 667.496 667.475 667.059 665.313 678.56 685.112 678.295 667.13 663.63 661.004 665.527
52.86683 710.13 715.346 738.581 749.147 737.318 729.33 712.399 747.104 735.032 727.281 718.925 713.938 748.418 733.263 724.415 718.896 714.43 708.865 709.069 709.048 708.632 706.887 720.134 726.685 719.868 708.703 705.203 702.577 707.101
54.465752 754.256 759.472 782.707 798.877 781.444 773.456 756.525 792.156 779.158 771.407 763.051 758.064 795.154 777.389 768.541 763.022 758.556 752.991 753.195 753.174 752.759 751.013 764.26 770.811 763.994 752.83 749.329 746.703 751.227
56.113031 754.256 759.472 782.707 798.877 781.444 773.456 756.525 792.156 779.158 771.407 763.051 758.064 795.154 777.389 768.541 763.022 758.556 752.991 753.195 753.174 752.759 751.013 764.26 770.811 763.994 752.83 749.329 746.703 751.227
57.810132 754.256 759.472 782.707 798.877 781.444 773.456 756.525 792.156 779.158 771.407 763.051 758.064 795.154 777.389 768.541 763.022 758.556 752.991 753.195 753.174 752.759 751.013 764.26 770.811 763.994 752.83 749.329 746.703 751.227
59.55856 754.256 759.472 782.707 798.877 781.444 773.456 756.525 792.156 779.158 771.407 763.051 758.064 795.154 777.389 768.541 763.022 758.556 752.991 753.195 753.174 752.759 751.013 764.26 770.811 763.994 752.83 749.329 746.703 751.227
61.359868 754.256 759.472 782.707 798.877 781.444 773.456 756.525 792.156 779.158 771.407 763.051 758.064 795.154 777.389 768.541 763.022 758.556 752.991 753.195 753.174 752.759 751.013 764.26 770.811 763.994 752.83 749.329 746.703 751.227
63.215655 754.256 759.472 782.707 798.877 781.444 773.456 756.525 792.156 779.158 771.407 763.051 758.064 795.154 777.389 768.541 763.022 758.556 752.991 753.195 753.174 752.759 751.013 764.26 770.811 763.994 752.83 749.329 746.703 751.227
65.127569 754.256 759.472 782.707 798.877 781.444 773.456 756.525 792.156 779.158 771.407 763.051 758.064 795.154 777.389 768.541 763.022 758.556 752.991 753.195 753.174 752.759 751.013 764.26 770.811 763.994 752.83 749.329 746.703 751.227
67.097308 754.256 759.472 782.707 798.877 781.444 773.456 756.525 792.156 779.158 771.407 763.051 758.064 795.154 777.389 768.541 763.022 758.556 752.991 753.195 753.174 752.759 751.013 764.26 770.811 763.994 752.83 749.329 746.703 751.227
69.126621 754.256 759.472 782.707 798.877 781.444 773.456 756.525 792.156 779.158 771.407 763.051 758.064 795.154 777.389 768.541 763.022 758.556 752.991 753.195 753.174 752.759 751.013 764.26 770.811 763.994 752.83 749.329 746.703 751.227
71.217308 754.256 759.472 782.707 798.877 781.444 773.456 756.525 792.156 779.158 771.407 763.051 758.064 795.154 777.389 768.541 763.022 758.556 752.991 753.195 753.174 752.759 751.013 764.26 770.811 763.994 752.83 749.329 746.703 751.227
73.371227 754.256 759.472 782.707 798.877 781.444 773.456 756.525 792.156 779.158 771.407 763.051 758.064 795.154 777.389 768.541 763.022 758.556 752.991 753.195 753.174 752.759 751.013 764.26 770.811 763.994 752.83 749.329 746.703 751.227
75.59029 754.256 759.472 782.707 798.877 781.444 773.456 756.525 792.156 779.158 771.407 763.051 758.064 795.154 777.389 768.541 763.022 758.556 752.991 753.195 753.174 752.759 751.013 764.26 770.811 763.994 752.83 749.329 746.703 751.227
77.876467 754.256 759.472 782.707 798.877 781.444 773.456 756.525 792.156 779.158 771.407 763.051 758.064 795.154 777.389 768.541 763.022 758.556 752.991 753.195 753.174 752.759 751.013 764.26 770.811 763.994 752.83 749.329 746.703 751.227
80.231787 754.256 759.472 782.707 798.877 781.444 773.456 756.525 792.156 779.158 771.407 763.051 758.064 795.154 777.389 768.541 763.022 758.556 752.991 753.195 753.174 752.759 751.013 764.26 770.811 763.994 752.83 749.329 746.703 751.227
82.658343 754.256 759.472 782.707 798.877 781.444 773.456 756.525 792.156 779.158 771.407 763.051 758.064 795.154 777.389 768.541 763.022 758.556 752.991 753.195 753.174 752.759 751.013 764.26 770.811 763.994 752.83 749.329 746.703 751.227
85.158288 754.256 759.472 782.707 798.877 781.444 773.456 756.525 792.156 779.158 771.407 763.051 758.064 795.154 777.389 768.541 763.022 758.556 752.991 753.195 753.174 752.759 751.013 764.26 770.811 763.994 752.83 749.329 746.703 751.227
87.733843 754.256 759.472 782.707 798.877 781.444 773.456 756.525 792.156 779.158 771.407 763.051 758.064 795.154 777.389 768.541 763.022 758.556 752.991 753.195 753.174 752.759 751.013 764.26 770.811 763.994 752.83 749.329 746.703 751.227
90.387293 754.256 759.472 782.707 798.877 781.444 773.456 756.525 792.156 779.158 771.407 763.051 758.064 795.154 777.389 768.541 763.022 758.556 752.991 753.195 753.174 752.759 751.013 764.26 770.811 763.994 752.83 749.329 746.703 751.227
93.120995 754.256 759.472 782.707 798.877 781.444 773.456 756.525 792.156 779.158 771.407 763.051 758.064 795.154 777.389 768.541 763.022 758.556 752.991 753.195 753.174 752.759 751.013 764.26 770.811 763.994 752.83 749.329 746.703 751.227
95.937376 754.256 759.472 782.707 798.877 781.444 773.456 756.525 792.156 779.158 771.407 763.051 758.064 795.154 777.389 768.541 763.022 758.556 752.991 753.195 753.174 752.759 751.013 764.26 770.811 763.994 752.83 749.329 746.703 751.227
98.838937 754.256 759.472 782.707 798.877 781.444 773.456 756.525 792.156 779.158 771.407 763.051 758.064 795.154 777.389 768.541 763.022 758.556 752.991 753.195 753.174 752.759 751.013 764.26 770.811 763.994 752.83 749.329 746.703 751.227
101.828253 754.256 759.472 782.707 798.877 781.444 773.456 756.525 792.156 779.158 771.407 763.051 758.064 795.154 777.389 768.541 763.022 758.556 752.991 753.195 753.174 752.759 751.013 764.26 770.811 763.994 752.83 749.329 746.703 751.227
104.907979 754.256 759.472 782.707 798.877 781.444 773.456 756.525 792.156 779.158 771.407 763.051 758.064 795.154 777.389 768.541 763.022 758.556 752.991 753.195 753.174 752.759 751.013 764.26 770.811 763.994 752.83 749.329 746.703 751.227
108.080849 754.256 759.472 782.707 798.877 781.444 773.456 756.525 792.156 779.158 771.407 763.051 758.064 795.154 777.389 768.541 763.022 758.556 752.991 753.195 753.174 752.759 751.013 764.26 770.811 763.994 752.83 749.329 746.703 751.227
111.349681 754.256 759.472 782.707 798.877 781.444 773.456 756.525 792.156 779.158 771.407 763.051 758.064 795.154 777.389 768.541 763.022 758.556 752.991 753.195 753.174 752.759 751.013 764.26 770.811 763.994 752.83 749.329 746.703 751.227
114.717376 754.256 759.472 782.707 798.877 781.444 773.456 756.525 792.156 779.158 771.407 763.051 758.064 795.154 777.389 768.541 763.022 758.556 752.991 753.195 753.174 752.759 751.013 764.26 770.811 763.994 752.83 749.329 746.703 751.227
118.186925 754.256 759.472 782.707 798.877 781.444 773.456 756.525 792.156 779.158 771.407 763.051 758.064 795.154 777.389 768.541 763.022 758.556 752.991 753.195 753.174 752.759 751.013 764.26 770.811 763.994 752.83 749.329 746.703 751.227
121.761408 754.256 759.472 782.707 798.877 781.444 773.456 756.525 792.156 779.158 771.407 763.051 758.064 795.154 777.389 768.541 763.022 758.556 752.991 753.195 753.174 752.759 751.013 764.26 770.811 763.994 752.83 749.329 746.703 751.227
125.443999 754.256 759.472 782.707 798.877 781.444 773.456 756.525 792.156 779.158 771.407 763.051 758.064 795.154 777.389 768.541 763.022 758.556 752.991 753.195 753.174 752.759 751.013 764.26 770.811 763.994 752.83 749.329 746.703 751.227
129.237967 754.256 759.472 782.707 798.877 781.444 773.456 756.525 792.156 779.158 771.407 763.051 758.064 795.154 777.389 768.541 763.022 758.556 752.991 753.195 753.174 752.759 751.013 764.26 770.811 763.994 752.83 749.329 746.703 751.227
133.146681 754.256 759.472 782.707 798.877 781.444 773.456 756.525 792.156 779.158 771.407 763.051 758.064 795.154 777.389 768.541 763.022 758.556 752.991 753.195 753.174 752.759 751.013 764.26 770.811 763.994 752.83 749.329 746.703 751.227
137.173612 754.256 759.472 782.707 798.877 781.444 773.456 756.525 792.156 779.158 771.407 763.051 758.064 795.154 777.389 768.541 763.022 758.556 752.991 753.195 753.174 752.759 751.013 764.26 770.811 763.994 752.83 749.329 746.703 751.227
141.322334 754.256 759.472 782.707 798.877 781.444 773.456 756.525 792.156 779.158 771.407 763.051 758.064 795.154 777.389 768.541 763.022 758.556 752.991 753.195 753.174 752.759 751.013 764.26 770.811 763.994 752.83 749.329 746.703 751.227
145.596532 754.256 759.472 782.707 798.877 781.444 773.456 756.525 792.156 779.158 771.407 763.051 758.064 795.154 777.389 768.541 763.022 758.556 752.991 753.195 753.174 752.759 751.013 764.26 770.811 763.994 752.83 749.329 746.703 751.227
150.0 754.256 759.472 782.707 798.877 781.444 773.456 756.525 792.156 779.158 771.407 763.051 758.064 795.154 777.389 768.541 763.022 758.556 752.991 753.195 753.174 752.759 751.013 764.26 770.811 763.994 752.83 749.329 746.703 751.227
