# %ECSV 1.0
# ---
# datatype:
# - {name: time, datatype: float64}
# - {name: swift_uvot_uvw2, datatype: float64}
# - {name: swift_uvot_uvm2, datatype: float64}
# - {name: swift_uvot_uvw1, datatype: float64}
# - {name: swift_uvot_U, datatype: float64}
# - {name: swift_uvot_B, datatype: float64}
# - {name: swift_uvot_V, datatype: float64}
# - {name: swift_uvot_W, datatype: float64}
# - {name: johnson_U, datatype: float64}
# - {name: johnson_B, datatype: float64}
# - {name: johnson_V, datatype: float64}
# - {name: johnson_R, datatype: float64}
# - {name: johnson_I, datatype: float64}
# - {name: sdss_u, datatype: float64}
# - {name: sdss_g, datatype: float64}
# - {name: sdss_r, datatype: float64}
# - {name: sdss_i, datatype: float64}
# - {name: sdss_z, datatype: float64}
# - {name: PS1_g, datatype: float64}
# - {name: PS1_r, datatype: float64}
# - {name: PS1_i, datatype: float64}
# - {name: PS1_z, datatype: float64}
# - {name: PS1_Y, datatype: float64}
# - {name: PS1_w, datatype: float64}
# - {name: ATLAS_c, datatype: float64}
# - {name: ATLAS_o, datatype: float64}
# - {name: ukirt_J, datatype: float64}
# - {name: ukirt_H, datatype: float64}
# - {name: ukirt_K, datatype: float64}
# - {name: Clear, datatype: float64}
# meta: !!omap
# - comment: [kappa = 3.0, type = villar, mass = 0.014775890654408853, velocity = 0.265, theta_obs = 0.0, tfloor = 2500.0]
# schema: astropy-2.0
time swift_uvot_uvw2 swift_uvot_uvm2 swift_uvot_uvw1 swift_uvot_U swift_uvot_B swift_uvot_V swift_uvot_W johnson_U johnson_B johnson_V johnson_R johnson_I sdss_u sdss_g sdss_r sdss_i sdss_z PS1_g PS1_r PS1_i PS1_z PS1_Y PS1_w ATLAS_c ATLAS_o ukirt_J ukirt_H ukirt_K Clear
0.001 -17.495 -14.037 -11.376 -10.653 -10.16 -9.671 -11.241 -10.577 -10.157 -9.659 -9.195 -8.672 -10.589 -10.004 -9.397 -8.977 -8.594 -14.551 -14.342 -14.36 -14.77 -15.76 -9.496 -9.768 -9.228 -7.854 -7.27 -6.606 -9.606
0.00103 -17.476 -14.023 -11.408 -10.686 -10.193 -9.703 -11.273 -10.61 -10.189 -9.692 -9.227 -8.704 -10.621 -10.036 -9.429 -9.009 -8.627 -14.533 -14.324 -14.341 -14.751 -15.74 -9.528 -9.801 -9.26 -7.886 -7.302 -6.639 -9.638
0.001061 -17.457 -14.009 -11.44 -10.718 -10.225 -9.736 -11.306 -10.642 -10.222 -9.724 -9.26 -8.737 -10.654 -10.069 -9.462 -9.042 -8.66 -14.514 -14.305 -14.322 -14.732 -15.721 -9.561 -9.833 -9.293 -7.919 -7.335 -6.672 -9.671
0.001094 -17.438 -13.997 -11.473 -10.752 -10.259 -9.77 -11.339 -10.676 -10.255 -9.758 -9.293 -8.771 -10.688 -10.102 -9.496 -9.075 -8.693 -14.496 -14.287 -14.304 -14.713 -15.702 -9.594 -9.867 -9.326 -7.953 -7.369 -6.705 -9.705
0.001127 -17.42 -13.984 -11.507 -10.785 -10.292 -9.804 -11.372 -10.709 -10.289 -9.792 -9.327 -8.805 -10.721 -10.136 -9.529 -9.109 -8.727 -14.479 -14.269 -14.286 -14.695 -15.684 -9.628 -9.901 -9.36 -7.987 -7.403 -6.739 -9.738
0.001161 -17.402 -13.973 -11.541 -10.82 -10.327 -9.838 -11.406 -10.744 -10.323 -9.826 -9.362 -8.839 -10.755 -10.17 -9.564 -9.144 -8.762 -14.461 -14.251 -14.268 -14.677 -15.666 -9.662 -9.935 -9.395 -8.021 -7.437 -6.774 -9.773
0.001196 -17.385 -13.962 -11.575 -10.854 -10.361 -9.873 -11.441 -10.778 -10.358 -9.861 -9.396 -8.874 -10.79 -10.205 -9.598 -9.179 -8.796 -14.445 -14.234 -14.251 -14.659 -15.648 -9.697 -9.97 -9.429 -8.056 -7.472 -6.809 -9.807
0.001232 -17.368 -13.952 -11.61 -10.889 -10.396 -9.908 -11.475 -10.813 -10.393 -9.896 -9.431 -8.909 -10.825 -10.24 -9.634 -9.214 -8.832 -14.428 -14.217 -14.233 -14.642 -15.631 -9.732 -10.005 -9.465 -8.091 -7.507 -6.844 -9.843
0.001269 -17.351 -13.942 -11.645 -10.924 -10.432 -9.943 -11.511 -10.848 -10.428 -9.931 -9.467 -8.945 -10.86 -10.275 -9.669 -9.249 -8.867 -14.412 -14.201 -14.217 -14.625 -15.613 -9.768 -10.04 -9.5 -8.127 -7.543 -6.879 -9.878
0.001308 -17.334 -13.933 -11.681 -10.96 -10.467 -9.979 -11.546 -10.884 -10.464 -9.967 -9.503 -8.98 -10.896 -10.311 -9.705 -9.285 -8.903 -14.396 -14.185 -14.2 -14.608 -15.596 -9.803 -10.076 -9.536 -8.163 -7.579 -6.915 -9.914
0.001347 -17.317 -13.924 -11.716 -10.996 -10.503 -10.015 -11.582 -10.92 -10.5 -10.003 -9.539 -9.017 -10.932 -10.347 -9.741 -9.321 -8.939 -14.38 -14.168 -14.184 -14.591 -15.579 -9.839 -10.112 -9.572 -8.199 -7.615 -6.952 -9.95
0.001388 -17.301 -13.916 -11.752 -11.032 -10.539 -10.051 -11.617 -10.956 -10.536 -10.039 -9.575 -9.053 -10.968 -10.383 -9.777 -9.357 -8.975 -14.364 -14.153 -14.167 -14.575 -15.563 -9.876 -10.148 -9.608 -8.235 -7.651 -6.988 -9.986
0.00143 -17.285 -13.908 -11.788 -11.068 -10.576 -10.087 -11.653 -10.992 -10.572 -10.076 -9.611 -9.089 -11.004 -10.419 -9.814 -9.394 -9.012 -14.349 -14.137 -14.151 -14.559 -15.546 -9.912 -10.184 -9.645 -8.272 -7.688 -7.025 -10.022
0.001473 -17.269 -13.901 -11.825 -11.105 -10.612 -10.124 -11.69 -11.029 -10.609 -10.112 -9.648 -9.126 -11.041 -10.456 -9.85 -9.431 -9.048 -14.334 -14.121 -14.136 -14.542 -15.53 -9.949 -10.221 -9.681 -8.309 -7.725 -7.061 -10.059
0.001518 -17.253 -13.894 -11.861 -11.141 -10.649 -10.161 -11.726 -11.065 -10.645 -10.149 -9.685 -9.163 -11.077 -10.493 -9.887 -9.467 -9.085 -14.319 -14.106 -14.12 -14.526 -15.514 -9.985 -10.258 -9.718 -8.345 -7.762 -7.098 -10.096
0.001564 -17.237 -13.888 -11.898 -11.178 -10.686 -10.198 -11.763 -11.102 -10.682 -10.186 -9.722 -9.2 -11.114 -10.529 -9.924 -9.504 -9.122 -14.304 -14.091 -14.104 -14.511 -15.497 -10.022 -10.295 -9.755 -8.383 -7.799 -7.136 -10.133
0.001611 -17.222 -13.882 -11.934 -11.215 -10.723 -10.235 -11.799 -11.139 -10.719 -10.223 -9.759 -9.237 -11.151 -10.566 -9.961 -9.541 -9.16 -14.29 -14.076 -14.089 -14.495 -15.481 -10.059 -10.332 -9.792 -8.42 -7.836 -7.173 -10.17
0.00166 -17.206 -13.877 -11.971 -11.252 -10.76 -10.272 -11.836 -11.176 -10.756 -10.26 -9.796 -9.274 -11.188 -10.604 -9.998 -9.579 -9.197 -14.275 -14.061 -14.074 -14.479 -15.465 -10.097 -10.369 -9.829 -8.457 -7.873 -7.21 -10.207
0.00171 -17.191 -13.873 -12.008 -11.289 -10.797 -10.309 -11.873 -11.213 -10.793 -10.297 -9.833 -9.312 -11.225 -10.641 -10.035 -9.616 -9.234 -14.261 -14.046 -14.059 -14.464 -15.45 -10.134 -10.406 -9.867 -8.494 -7.911 -7.248 -10.244
0.001761 -17.175 -13.869 -12.045 -11.326 -10.834 -10.346 -11.91 -11.25 -10.83 -10.335 -9.871 -9.349 -11.262 -10.678 -10.073 -9.653 -9.272 -14.247 -14.032 -14.044 -14.448 -15.434 -10.171 -10.443 -9.904 -8.532 -7.948 -7.285 -10.281
0.001815 -17.16 -13.865 -12.081 -11.363 -10.871 -10.384 -11.946 -11.287 -10.868 -10.372 -9.908 -9.387 -11.299 -10.715 -10.11 -9.691 -9.309 -14.233 -14.017 -14.029 -14.433 -15.418 -10.208 -10.481 -9.941 -8.569 -7.986 -7.323 -10.318
0.00187 -17.145 -13.862 -12.118 -11.4 -10.909 -10.421 -11.983 -11.324 -10.905 -10.409 -9.946 -9.424 -11.336 -10.752 -10.147 -9.728 -9.346 -14.219 -14.003 -14.014 -14.417 -15.403 -10.246 -10.518 -9.979 -8.607 -8.023 -7.36 -10.356
0.001926 -17.13 -13.859 -12.155 -11.437 -10.946 -10.458 -12.02 -11.362 -10.942 -10.447 -9.983 -9.462 -11.373 -10.79 -10.185 -9.766 -9.384 -14.205 -13.989 -13.999 -14.402 -15.387 -10.283 -10.555 -10.016 -8.645 -8.061 -7.398 -10.393
0.001984 -17.115 -13.857 -12.192 -11.475 -10.983 -10.496 -12.057 -11.399 -10.98 -10.484 -10.021 -9.499 -11.411 -10.827 -10.222 -9.803 -9.422 -14.192 -13.975 -13.984 -14.387 -15.371 -10.321 -10.593 -10.054 -8.682 -8.099 -7.436 -10.431
0.002044 -17.1 -13.855 -12.229 -11.512 -11.021 -10.533 -12.094 -11.436 -11.017 -10.522 -10.058 -9.537 -11.448 -10.865 -10.26 -9.841 -9.459 -14.178 -13.961 -13.97 -14.372 -15.356 -10.358 -10.63 -10.091 -8.72 -8.136 -7.473 -10.468
0.002106 -17.085 -13.854 -12.266 -11.549 -11.058 -10.571 -12.131 -11.473 -11.054 -10.559 -10.096 -9.574 -11.485 -10.902 -10.297 -9.878 -9.497 -14.165 -13.947 -13.955 -14.357 -15.34 -10.396 -10.668 -10.129 -8.758 -8.174 -7.511 -10.506
0.00217 -17.07 -13.854 -12.303 -11.586 -11.096 -10.608 -12.168 -11.511 -11.092 -10.597 -10.133 -9.612 -11.523 -10.939 -10.335 -9.916 -9.534 -14.152 -13.933 -13.941 -14.342 -15.325 -10.433 -10.705 -10.166 -8.795 -8.212 -7.549 -10.543
0.002236 -17.056 -13.854 -12.34 -11.624 -11.133 -10.646 -12.205 -11.548 -11.129 -10.634 -10.171 -9.65 -11.56 -10.977 -10.373 -9.954 -9.572 -14.139 -13.919 -13.927 -14.327 -15.309 -10.471 -10.743 -10.204 -8.833 -8.249 -7.587 -10.58
0.002303 -17.041 -13.854 -12.377 -11.661 -11.17 -10.683 -12.242 -11.585 -11.167 -10.672 -10.208 -9.687 -11.597 -11.014 -10.41 -9.991 -9.61 -14.126 -13.906 -13.912 -14.312 -15.294 -10.508 -10.78 -10.241 -8.871 -8.287 -7.625 -10.618
0.002373 -17.026 -13.856 -12.414 -11.698 -11.208 -10.721 -12.279 -11.623 -11.204 -10.709 -10.246 -9.725 -11.634 -11.052 -10.448 -10.029 -9.647 -14.113 -13.892 -13.898 -14.297 -15.279 -10.546 -10.817 -10.279 -8.908 -8.325 -7.662 -10.655
0.002445 -17.012 -13.857 -12.451 -11.735 -11.245 -10.758 -12.316 -11.66 -11.241 -10.747 -10.284 -9.763 -11.672 -11.089 -10.485 -10.066 -9.685 -14.101 -13.879 -13.884 -14.282 -15.263 -10.583 -10.855 -10.317 -8.946 -8.363 -7.7 -10.693
0.002519 -16.997 -13.859 -12.488 -11.773 -11.283 -10.796 -12.353 -11.697 -11.279 -10.784 -10.321 -9.8 -11.709 -11.127 -10.523 -10.104 -9.723 -14.088 -13.866 -13.87 -14.267 -15.248 -10.621 -10.892 -10.354 -8.984 -8.401 -7.738 -10.73
0.002595 -16.983 -13.862 -12.525 -11.81 -11.32 -10.833 -12.39 -11.734 -11.316 -10.822 -10.359 -9.838 -11.746 -11.164 -10.56 -10.142 -9.76 -14.076 -13.852 -13.856 -14.253 -15.233 -10.658 -10.93 -10.392 -9.022 -8.438 -7.776 -10.768
0.002673 -16.968 -13.866 -12.562 -11.847 -11.357 -10.871 -12.427 -11.772 -11.353 -10.859 -10.396 -9.875 -11.783 -11.201 -10.598 -10.179 -9.798 -14.064 -13.839 -13.842 -14.238 -15.217 -10.696 -10.967 -10.429 -9.059 -8.476 -7.814 -10.805
0.002754 -16.954 -13.869 -12.599 -11.884 -11.395 -10.908 -12.463 -11.809 -11.391 -10.896 -10.434 -9.913 -11.821 -11.239 -10.635 -10.217 -9.836 -14.052 -13.827 -13.828 -14.223 -15.202 -10.733 -11.005 -10.467 -9.097 -8.514 -7.851 -10.843
0.002837 -16.94 -13.874 -12.636 -11.921 -11.432 -10.946 -12.5 -11.846 -11.428 -10.934 -10.471 -9.951 -11.858 -11.276 -10.673 -10.254 -9.873 -14.04 -13.814 -13.815 -14.209 -15.187 -10.771 -11.042 -10.504 -9.135 -8.552 -7.889 -10.88
0.002923 -16.926 -13.879 -12.673 -11.959 -11.469 -10.983 -12.537 -11.883 -11.465 -10.971 -10.509 -9.988 -11.895 -11.313 -10.71 -10.292 -9.911 -14.028 -13.801 -13.801 -14.194 -15.171 -10.808 -11.08 -10.542 -9.173 -8.589 -7.927 -10.918
0.003012 -16.912 -13.885 -12.709 -11.996 -11.507 -11.021 -12.574 -11.92 -11.503 -11.009 -10.546 -10.026 -11.932 -11.351 -10.748 -10.33 -9.949 -14.017 -13.789 -13.788 -14.18 -15.156 -10.845 -11.117 -10.579 -9.21 -8.627 -7.965 -10.955
0.003103 -16.897 -13.891 -12.746 -12.033 -11.544 -11.058 -12.61 -11.958 -11.54 -11.046 -10.584 -10.064 -11.969 -11.388 -10.785 -10.367 -9.986 -14.006 -13.776 -13.774 -14.165 -15.141 -10.883 -11.154 -10.617 -9.248 -8.665 -8.003 -10.992
0.003196 -16.883 -13.898 -12.783 -12.07 -11.581 -11.095 -12.647 -11.995 -11.577 -11.084 -10.621 -10.101 -12.006 -11.425 -10.823 -10.405 -10.024 -13.995 -13.764 -13.761 -14.151 -15.126 -10.92 -11.192 -10.654 -9.286 -8.703 -8.041 -11.03
0.003293 -16.87 -13.906 -12.82 -12.107 -11.618 -11.133 -12.684 -12.032 -11.615 -11.121 -10.659 -10.139 -12.044 -11.463 -10.86 -10.442 -10.061 -13.984 -13.752 -13.748 -14.137 -15.111 -10.958 -11.229 -10.692 -9.323 -8.741 -8.078 -11.067
0.003393 -16.856 -13.914 -12.856 -12.144 -11.656 -11.17 -12.72 -12.069 -11.652 -11.158 -10.696 -10.176 -12.081 -11.5 -10.898 -10.48 -10.099 -13.973 -13.741 -13.735 -14.122 -15.096 -10.995 -11.266 -10.729 -9.361 -8.778 -8.116 -11.105
0.003495 -16.842 -13.923 -12.893 -12.181 -11.693 -11.208 -12.757 -12.106 -11.689 -11.196 -10.734 -10.214 -12.118 -11.537 -10.935 -10.517 -10.137 -13.963 -13.729 -13.722 -14.108 -15.08 -11.033 -11.304 -10.767 -9.399 -8.816 -8.154 -11.142
0.003601 -16.828 -13.932 -12.929 -12.218 -11.73 -11.245 -12.794 -12.143 -11.726 -11.233 -10.771 -10.252 -12.155 -11.575 -10.973 -10.555 -10.174 -13.953 -13.717 -13.709 -14.094 -15.065 -11.07 -11.341 -10.804 -9.437 -8.854 -8.192 -11.179
0.00371 -16.815 -13.942 -12.966 -12.255 -11.767 -11.282 -12.83 -12.18 -11.764 -11.271 -10.809 -10.289 -12.192 -11.612 -11.01 -10.592 -10.212 -13.943 -13.706 -13.697 -14.08 -15.05 -11.107 -11.378 -10.842 -9.474 -8.892 -8.23 -11.217
0.003822 -16.801 -13.952 -13.003 -12.292 -11.804 -11.32 -12.867 -12.217 -11.801 -11.308 -10.846 -10.327 -12.229 -11.649 -11.047 -10.63 -10.249 -13.933 -13.695 -13.684 -14.066 -15.035 -11.145 -11.416 -10.879 -9.512 -8.929 -8.267 -11.254
0.003938 -16.788 -13.964 -13.039 -12.329 -11.842 -11.357 -12.903 -12.254 -11.838 -11.345 -10.884 -10.364 -12.266 -11.686 -11.085 -10.667 -10.287 -13.924 -13.684 -13.672 -14.052 -15.02 -11.182 -11.453 -10.917 -9.55 -8.967 -8.305 -11.291
0.004057 -16.775 -13.975 -13.076 -12.366 -11.879 -11.394 -12.939 -12.291 -11.875 -11.383 -10.921 -10.402 -12.303 -11.723 -11.122 -10.705 -10.325 -13.915 -13.674 -13.66 -14.038 -15.005 -11.219 -11.49 -10.954 -9.587 -9.005 -8.343 -11.328
0.00418 -16.762 -13.988 -13.112 -12.403 -11.916 -11.432 -12.976 -12.328 -11.912 -11.42 -10.959 -10.439 -12.34 -11.761 -11.16 -10.742 -10.362 -13.906 -13.663 -13.647 -14.025 -14.99 -11.257 -11.528 -10.991 -9.625 -9.042 -8.381 -11.366
0.004306 -16.749 -14.001 -13.148 -12.44 -11.953 -11.469 -13.012 -12.365 -11.949 -11.457 -10.996 -10.477 -12.377 -11.798 -11.197 -10.78 -10.4 -13.897 -13.653 -13.636 -14.011 -14.975 -11.294 -11.565 -11.029 -9.663 -9.08 -8.418 -11.403
0.004436 -16.736 -14.014 -13.185 -12.477 -11.99 -11.506 -13.048 -12.402 -11.986 -11.494 -11.033 -10.514 -12.414 -11.835 -11.234 -10.817 -10.437 -13.889 -13.643 -13.624 -13.998 -14.961 -11.331 -11.602 -11.066 -9.7 -9.118 -8.456 -11.44
0.00457 -16.723 -14.028 -13.221 -12.514 -12.027 -11.543 -13.085 -12.439 -12.023 -11.532 -11.071 -10.552 -12.45 -11.872 -11.272 -10.855 -10.475 -13.881 -13.633 -13.612 -13.984 -14.946 -11.368 -11.639 -11.104 -9.738 -9.156 -8.494 -11.477
0.004709 -16.71 -14.043 -13.257 -12.55 -12.064 -11.581 -13.121 -12.475 -12.06 -11.569 -11.108 -10.589 -12.487 -11.909 -11.309 -10.892 -10.512 -13.874 -13.624 -13.601 -13.971 -14.931 -11.406 -11.676 -11.141 -9.775 -9.193 -8.532 -11.514
0.004851 -16.697 -14.058 -13.294 -12.587 -12.101 -11.618 -13.157 -12.512 -12.097 -11.606 -11.145 -10.627 -12.524 -11.946 -11.346 -10.929 -10.55 -13.866 -13.614 -13.59 -13.958 -14.916 -11.443 -11.713 -11.178 -9.813 -9.231 -8.57 -11.552
0.004998 -16.685 -14.074 -13.33 -12.624 -12.138 -11.655 -13.193 -12.549 -12.134 -11.643 -11.183 -10.664 -12.561 -11.983 -11.383 -10.967 -10.587 -13.859 -13.606 -13.579 -13.945 -14.901 -11.48 -11.751 -11.216 -9.851 -9.269 -8.607 -11.589
0.005149 -16.673 -14.09 -13.366 -12.661 -12.175 -11.692 -13.229 -12.586 -12.171 -11.68 -11.22 -10.702 -12.598 -12.02 -11.421 -11.004 -10.625 -13.853 -13.597 -13.568 -13.932 -14.887 -11.517 -11.788 -11.253 -9.888 -9.306 -8.645 -11.626
0.005305 -16.661 -14.107 -13.402 -12.697 -12.212 -11.729 -13.265 -12.622 -12.208 -11.717 -11.257 -10.739 -12.634 -12.057 -11.458 -11.042 -10.662 -13.846 -13.589 -13.558 -13.919 -14.872 -11.554 -11.825 -11.29 -9.926 -9.344 -8.683 -11.663
0.005465 -16.649 -14.125 -13.438 -12.734 -12.249 -11.766 -13.301 -12.659 -12.245 -11.755 -11.295 -10.777 -12.671 -12.094 -11.495 -11.079 -10.7 -13.84 -13.581 -13.547 -13.906 -14.857 -11.592 -11.862 -11.327 -9.964 -9.382 -8.721 -11.7
0.00563 -16.637 -14.143 -13.474 -12.77 -12.286 -11.803 -13.337 -12.696 -12.282 -11.792 -11.332 -10.814 -12.708 -12.131 -11.532 -11.116 -10.737 -13.835 -13.573 -13.537 -13.893 -14.843 -11.629 -11.899 -11.365 -10.001 -9.419 -8.758 -11.737
0.005801 -16.625 -14.161 -13.51 -12.807 -12.323 -11.841 -13.373 -12.732 -12.319 -11.829 -11.369 -10.851 -12.744 -12.168 -11.569 -11.154 -10.774 -13.83 -13.565 -13.527 -13.881 -14.828 -11.666 -11.936 -11.402 -10.039 -9.457 -8.796 -11.774
0.005976 -16.614 -14.18 -13.546 -12.844 -12.36 -11.878 -13.409 -12.769 -12.356 -11.866 -11.406 -10.889 -12.781 -12.205 -11.607 -11.191 -10.812 -13.825 -13.558 -13.518 -13.869 -14.814 -11.703 -11.973 -11.439 -10.076 -9.495 -8.834 -11.811
0.006157 -16.602 -14.2 -13.582 -12.88 -12.396 -11.915 -13.445 -12.806 -12.393 -11.903 -11.444 -10.926 -12.817 -12.242 -11.644 -11.228 -10.849 -13.821 -13.552 -13.508 -13.856 -14.799 -11.74 -12.01 -11.476 -10.114 -9.532 -8.871 -11.848
0.006343 -16.591 -14.22 -13.618 -12.917 -12.433 -11.952 -13.48 -12.842 -12.429 -11.94 -11.481 -10.963 -12.854 -12.279 -11.681 -11.265 -10.887 -13.817 -13.545 -13.499 -13.844 -14.785 -11.777 -12.047 -11.513 -10.151 -9.57 -8.909 -11.885
0.006535 -16.58 -14.24 -13.653 -12.953 -12.47 -11.989 -13.516 -12.879 -12.466 -11.977 -11.518 -11.001 -12.89 -12.316 -11.718 -11.303 -10.924 -13.814 -13.539 -13.491 -13.833 -14.771 -11.814 -12.084 -11.551 -10.189 -9.608 -8.947 -11.922
0.006732 -16.569 -14.261 -13.689 -12.989 -12.507 -12.026 -13.552 -12.915 -12.503 -12.014 -11.555 -11.038 -12.927 -12.352 -11.755 -11.34 -10.961 -13.811 -13.534 -13.482 -13.821 -14.757 -11.851 -12.121 -11.588 -10.226 -9.645 -8.985 -11.959
0.006936 -16.559 -14.282 -13.725 -13.026 -12.543 -12.063 -13.587 -12.951 -12.539 -12.051 -11.592 -11.075 -12.963 -12.389 -11.792 -11.377 -10.999 -13.808 -13.528 -13.474 -13.809 -14.742 -11.888 -12.158 -11.625 -10.264 -9.683 -9.022 -11.996
0.007146 -16.548 -14.304 -13.76 -13.062 -12.58 -12.099 -13.623 -12.988 -12.576 -12.088 -11.629 -11.113 -13.0 -12.426 -11.829 -11.414 -11.036 -13.806 -13.524 -13.466 -13.798 -14.728 -11.925 -12.194 -11.662 -10.301 -9.72 -9.06 -12.033
0.007362 -16.538 -14.326 -13.796 -13.098 -12.616 -12.136 -13.658 -13.024 -12.613 -12.125 -11.666 -11.15 -13.036 -12.463 -11.866 -11.452 -11.073 -13.805 -13.519 -13.458 -13.787 -14.714 -11.962 -12.231 -11.699 -10.339 -9.758 -9.098 -12.07
0.007585 -16.528 -14.349 -13.831 -13.135 -12.653 -12.173 -13.693 -13.06 -12.649 -12.162 -11.703 -11.187 -13.072 -12.499 -11.903 -11.489 -11.11 -13.804 -13.515 -13.451 -13.776 -14.7 -11.999 -12.268 -11.736 -10.376 -9.796 -9.135 -12.106
0.007814 -16.518 -14.372 -13.867 -13.171 -12.69 -12.21 -13.729 -13.097 -12.686 -12.198 -11.74 -11.224 -13.108 -12.536 -11.94 -11.526 -11.148 -13.803 -13.512 -13.444 -13.765 -14.686 -12.036 -12.305 -11.773 -10.414 -9.833 -9.173 -12.143
0.00805 -16.509 -14.395 -13.902 -13.207 -12.726 -12.247 -13.764 -13.133 -12.722 -12.235 -11.777 -11.262 -13.145 -12.573 -11.977 -11.563 -11.185 -13.803 -13.509 -13.438 -13.755 -14.673 -12.072 -12.342 -11.81 -10.451 -9.871 -9.211 -12.18
0.008294 -16.499 -14.419 -13.937 -13.243 -12.763 -12.284 -13.799 -13.169 -12.759 -12.272 -11.814 -11.299 -13.181 -12.609 -12.014 -11.6 -11.222 -13.803 -13.506 -13.432 -13.745 -14.659 -12.109 -12.378 -11.847 -10.489 -9.908 -9.248 -12.217
0.008545 -16.49 -14.443 -13.972 -13.279 -12.799 -12.32 -13.834 -13.205 -12.795 -12.309 -11.851 -11.336 -13.217 -12.646 -12.051 -11.637 -11.259 -13.804 -13.504 -13.426 -13.734 -14.645 -12.146 -12.415 -11.884 -10.526 -9.946 -9.286 -12.253
0.008803 -16.482 -14.467 -14.007 -13.315 -12.835 -12.357 -13.869 -13.241 -12.832 -12.345 -11.888 -11.373 -13.253 -12.682 -12.088 -11.674 -11.297 -13.806 -13.502 -13.42 -13.725 -14.632 -12.183 -12.452 -11.921 -10.564 -9.983 -9.324 -12.29
0.009069 -16.473 -14.492 -14.042 -13.351 -12.872 -12.394 -13.904 -13.277 -12.868 -12.382 -11.925 -11.41 -13.289 -12.719 -12.125 -11.711 -11.334 -13.808 -13.501 -13.415 -13.715 -14.618 -12.22 -12.488 -11.958 -10.601 -10.021 -9.361 -12.327
0.009344 -16.465 -14.517 -14.077 -13.387 -12.908 -12.43 -13.939 -13.313 -12.904 -12.419 -11.962 -11.447 -13.325 -12.755 -12.161 -11.748 -11.371 -13.81 -13.5 -13.411 -13.706 -14.605 -12.256 -12.525 -11.995 -10.638 -10.058 -9.399 -12.363
0.009626 -16.457 -14.542 -14.112 -13.423 -12.944 -12.467 -13.974 -13.349 -12.941 -12.455 -11.999 -11.485 -13.361 -12.791 -12.198 -11.785 -11.408 -13.814 -13.5 -13.407 -13.697 -14.592 -12.293 -12.561 -12.032 -10.676 -10.096 -9.436 -12.4
0.009917 -16.449 -14.567 -14.147 -13.458 -12.98 -12.504 -14.008 -13.385 -12.977 -12.492 -12.036 -11.522 -13.397 -12.828 -12.235 -11.822 -11.445 -13.817 -13.5 -13.403 -13.688 -14.578 -12.329 -12.598 -12.068 -10.713 -10.133 -9.474 -12.436
0.010217 -16.442 -14.593 -14.182 -13.494 -13.017 -12.54 -14.043 -13.421 -13.013 -12.528 -12.073 -11.559 -13.432 -12.864 -12.272 -11.859 -11.482 -13.822 -13.501 -13.399 -13.68 -14.565 -12.366 -12.634 -12.105 -10.75 -10.171 -9.512 -12.473
0.010526 -16.435 -14.619 -14.216 -13.53 -13.053 -12.577 -14.077 -13.456 -13.049 -12.565 -12.109 -11.596 -13.468 -12.9 -12.308 -11.896 -11.519 -13.827 -13.503 -13.397 -13.671 -14.552 -12.403 -12.671 -12.142 -10.788 -10.208 -9.549 -12.509
0.010845 -16.428 -14.645 -14.251 -13.565 -13.089 -12.613 -14.112 -13.492 -13.085 -12.601 -12.146 -11.633 -13.504 -12.936 -12.345 -11.933 -11.556 -13.832 -13.505 -13.394 -13.664 -14.54 -12.439 -12.707 -12.179 -10.825 -10.246 -9.587 -12.546
0.011173 -16.421 -14.672 -14.285 -13.601 -13.125 -12.65 -14.146 -13.528 -13.121 -12.638 -12.183 -11.67 -13.539 -12.973 -12.381 -11.97 -11.593 -13.838 -13.507 -13.392 -13.656 -14.527 -12.476 -12.743 -12.215 -10.862 -10.283 -9.624 -12.582
0.011511 -16.415 -14.699 -14.32 -13.636 -13.161 -12.686 -14.18 -13.563 -13.157 -12.674 -12.22 -11.707 -13.575 -13.009 -12.418 -12.006 -11.63 -13.845 -13.51 -13.391 -13.649 -14.514 -12.512 -12.779 -12.252 -10.899 -10.321 -9.662 -12.618
0.011859 -16.409 -14.725 -14.354 -13.672 -13.197 -12.722 -14.215 -13.599 -13.193 -12.711 -12.256 -11.743 -13.61 -13.045 -12.455 -12.043 -11.667 -13.852 -13.514 -13.39 -13.642 -14.502 -12.548 -12.816 -12.289 -10.937 -10.358 -9.699 -12.655
0.012217 -16.404 -14.753 -14.388 -13.707 -13.233 -12.759 -14.249 -13.634 -13.229 -12.747 -12.293 -11.78 -13.646 -13.081 -12.491 -12.08 -11.704 -13.859 -13.518 -13.389 -13.635 -14.49 -12.585 -12.852 -12.325 -10.974 -10.395 -9.737 -12.691
0.012587 -16.398 -14.78 -14.422 -13.742 -13.269 -12.795 -14.283 -13.669 -13.265 -12.783 -12.329 -11.817 -13.681 -13.117 -12.528 -12.117 -11.741 -13.868 -13.523 -13.389 -13.629 -14.478 -12.621 -12.888 -12.362 -11.011 -10.433 -9.774 -12.727
0.012968 -16.393 -14.807 -14.456 -13.778 -13.304 -12.831 -14.316 -13.705 -13.301 -12.819 -12.366 -11.854 -13.716 -13.153 -12.564 -12.153 -11.778 -13.877 -13.528 -13.39 -13.623 -14.466 -12.657 -12.924 -12.398 -11.048 -10.47 -9.812 -12.763
0.01336 -16.389 -14.835 -14.49 -13.813 -13.34 -12.867 -14.35 -13.74 -13.336 -12.856 -12.402 -11.891 -13.752 -13.188 -12.6 -12.19 -11.815 -13.886 -13.534 -13.391 -13.618 -14.454 -12.694 -12.96 -12.435 -11.085 -10.507 -9.849 -12.799
0.013764 -16.385 -14.862 -14.524 -13.848 -13.376 -12.903 -14.384 -13.775 -13.372 -12.892 -12.439 -11.928 -13.787 -13.224 -12.637 -12.227 -11.852 -13.896 -13.54 -13.393 -13.613 -14.442 -12.73 -12.996 -12.471 -11.123 -10.545 -9.887 -12.835
0.01418 -16.381 -14.89 -14.557 -13.883 -13.411 -12.939 -14.417 -13.81 -13.407 -12.928 -12.475 -11.964 -13.822 -13.26 -12.673 -12.263 -11.889 -13.907 -13.548 -13.395 -13.608 -14.431 -12.766 -13.032 -12.508 -11.16 -10.582 -9.924 -12.871
0.014609 -16.377 -14.918 -14.591 -13.918 -13.447 -12.975 -14.45 -13.845 -13.443 -12.964 -12.512 -12.001 -13.857 -13.296 -12.709 -12.3 -11.925 -13.918 -13.555 -13.398 -13.604 -14.419 -12.802 -13.068 -12.544 -11.197 -10.619 -9.962 -12.907
0.015051 -16.374 -14.946 -14.624 -13.952 -13.482 -13.011 -14.484 -13.88 -13.478 -13.0 -12.548 -12.038 -13.892 -13.331 -12.745 -12.336 -11.962 -13.93 -13.563 -13.401 -13.601 -14.408 -12.838 -13.104 -12.58 -11.234 -10.657 -9.999 -12.943
0.015506 -16.371 -14.974 -14.658 -13.987 -13.518 -13.047 -14.517 -13.915 -13.514 -13.036 -12.584 -12.074 -13.927 -13.367 -12.782 -12.373 -11.999 -13.943 -13.572 -13.405 -13.597 -14.397 -12.874 -13.14 -12.617 -11.271 -10.694 -10.037 -12.979
0.015975 -16.369 -15.002 -14.691 -14.022 -13.553 -13.083 -14.55 -13.95 -13.549 -13.072 -12.621 -12.111 -13.961 -13.402 -12.818 -12.409 -12.035 -13.956 -13.582 -13.409 -13.594 -14.387 -12.91 -13.175 -12.653 -11.308 -10.731 -10.074 -13.015
0.016458 -16.367 -15.03 -14.724 -14.056 -13.588 -13.119 -14.583 -13.984 -13.584 -13.107 -12.657 -12.148 -13.996 -13.438 -12.854 -12.445 -12.072 -13.969 -13.592 -13.414 -13.592 -14.376 -12.946 -13.211 -12.689 -11.345 -10.768 -10.111 -13.05
0.016956 -16.365 -15.058 -14.757 -14.091 -13.623 -13.155 -14.615 -14.019 -13.62 -13.143 -12.693 -12.184 -14.031 -13.473 -12.89 -12.482 -12.109 -13.983 -13.602 -13.42 -13.59 -14.366 -12.982 -13.247 -12.725 -11.382 -10.805 -10.149 -13.086
0.017469 -16.364 -15.087 -14.789 -14.125 -13.658 -13.19 -14.648 -14.053 -13.655 -13.179 -12.729 -12.221 -14.065 -13.509 -12.926 -12.518 -12.145 -13.998 -13.614 -13.426 -13.588 -14.356 -13.017 -13.282 -12.761 -11.419 -10.843 -10.186 -13.122
0.017997 -16.363 -15.115 -14.822 -14.159 -13.694 -13.226 -14.68 -14.088 -13.69 -13.214 -12.765 -12.257 -14.099 -13.544 -12.962 -12.554 -12.182 -14.013 -13.625 -13.433 -13.588 -14.346 -13.053 -13.318 -12.797 -11.456 -10.88 -10.224 -13.157
0.018541 -16.363 -15.143 -14.854 -14.194 -13.728 -13.262 -14.713 -14.122 -13.725 -13.25 -12.801 -12.294 -14.134 -13.579 -12.997 -12.591 -12.218 -14.028 -13.638 -13.44 -13.587 -14.337 -13.089 -13.353 -12.833 -11.493 -10.917 -10.261 -13.193
0.019102 -16.362 -15.171 -14.887 -14.228 -13.763 -13.297 -14.745 -14.156 -13.76 -13.286 -12.837 -12.33 -14.168 -13.614 -13.033 -12.627 -12.255 -14.045 -13.651 -13.448 -13.587 -14.328 -13.124 -13.388 -12.869 -11.53 -10.954 -10.298 -13.228
0.01968 -16.363 -15.2 -14.919 -14.262 -13.798 -13.333 -14.777 -14.191 -13.794 -13.321 -12.873 -12.366 -14.202 -13.649 -13.069 -12.663 -12.291 -14.061 -13.664 -13.457 -13.588 -14.319 -13.16 -13.424 -12.905 -11.566 -10.991 -10.335 -13.263
0.020275 -16.363 -15.228 -14.951 -14.296 -13.833 -13.368 -14.809 -14.225 -13.829 -13.356 -12.909 -12.403 -14.236 -13.684 -13.105 -12.699 -12.327 -14.079 -13.678 -13.466 -13.589 -14.31 -13.195 -13.459 -12.941 -11.603 -11.028 -10.373 -13.299
0.020888 -16.364 -15.256 -14.983 -14.329 -13.868 -13.403 -14.84 -14.258 -13.864 -13.392 -12.945 -12.439 -14.27 -13.719 -13.14 -12.735 -12.364 -14.096 -13.693 -13.476 -13.59 -14.301 -13.231 -13.494 -12.977 -11.64 -11.065 -10.41 -13.334
0.02152 -16.366 -15.284 -15.015 -14.363 -13.902 -13.438 -14.872 -14.292 -13.898 -13.427 -12.98 -12.475 -14.304 -13.754 -13.176 -12.771 -12.4 -14.114 -13.708 -13.486 -13.592 -14.293 -13.266 -13.529 -13.012 -11.677 -11.102 -10.447 -13.369
0.022171 -16.367 -15.312 -15.046 -14.397 -13.936 -13.474 -14.903 -14.326 -13.933 -13.462 -13.016 -12.511 -14.337 -13.788 -13.211 -12.807 -12.436 -14.133 -13.724 -13.497 -13.595 -14.285 -13.301 -13.564 -13.048 -11.713 -11.139 -10.484 -13.404
0.022841 -16.369 -15.34 -15.077 -14.43 -13.971 -13.509 -14.934 -14.36 -13.967 -13.497 -13.052 -12.547 -14.371 -13.823 -13.247 -12.843 -12.472 -14.152 -13.74 -13.508 -13.598 -14.278 -13.336 -13.599 -13.083 -11.75 -11.176 -10.522 -13.439
0.023532 -16.372 -15.368 -15.109 -14.463 -14.005 -13.544 -14.965 -14.393 -14.001 -13.532 -13.087 -12.583 -14.404 -13.857 -13.282 -12.879 -12.509 -14.171 -13.757 -13.52 -13.602 -14.271 -13.371 -13.634 -13.119 -11.787 -11.213 -10.559 -13.474
0.024244 -16.374 -15.396 -15.14 -14.496 -14.039 -13.579 -14.996 -14.426 -14.035 -13.567 -13.123 -12.619 -14.438 -13.892 -13.317 -12.914 -12.545 -14.191 -13.774 -13.533 -13.606 -14.264 -13.406 -13.669 -13.154 -11.823 -11.25 -10.596 -13.509
0.024977 -16.377 -15.424 -15.17 -14.529 -14.073 -13.614 -15.027 -14.46 -14.07 -13.602 -13.158 -12.655 -14.471 -13.926 -13.353 -12.95 -12.581 -14.212 -13.792 -13.546 -13.611 -14.257 -13.441 -13.703 -13.19 -11.86 -11.287 -10.633 -13.543
0.025733 -16.381 -15.452 -15.201 -14.562 -14.107 -13.648 -15.057 -14.493 -14.103 -13.637 -13.193 -12.691 -14.504 -13.96 -13.388 -12.986 -12.617 -14.232 -13.81 -13.56 -13.617 -14.251 -13.476 -13.738 -13.225 -11.896 -11.324 -10.67 -13.578
0.026511 -16.385 -15.479 -15.231 -14.595 -14.141 -13.683 -15.087 -14.526 -14.137 -13.672 -13.229 -12.727 -14.537 -13.994 -13.423 -13.021 -12.653 -14.253 -13.829 -13.574 -13.623 -14.245 -13.511 -13.772 -13.26 -11.933 -11.36 -10.707 -13.613
0.027313 -16.389 -15.506 -15.262 -14.628 -14.175 -13.718 -15.117 -14.558 -14.171 -13.706 -13.264 -12.763 -14.57 -14.028 -13.458 -13.057 -12.688 -14.275 -13.848 -13.589 -13.629 -14.24 -13.546 -13.807 -13.296 -11.969 -11.397 -10.744 -13.647
0.028139 -16.393 -15.534 -15.292 -14.66 -14.208 -13.752 -15.147 -14.591 -14.205 -13.741 -13.299 -12.799 -14.602 -14.062 -13.493 -13.092 -12.724 -14.296 -13.867 -13.604 -13.637 -14.235 -13.58 -13.841 -13.331 -12.006 -11.434 -10.781 -13.681
0.02899 -16.398 -15.561 -15.321 -14.693 -14.242 -13.787 -15.176 -14.624 -14.238 -13.775 -13.334 -12.834 -14.635 -14.096 -13.527 -13.127 -12.76 -14.319 -13.887 -13.62 -13.644 -14.23 -13.615 -13.875 -13.366 -12.042 -11.471 -10.818 -13.716
0.029867 -16.403 -15.588 -15.351 -14.725 -14.275 -13.821 -15.206 -14.656 -14.272 -13.809 -13.369 -12.87 -14.667 -14.13 -13.562 -13.163 -12.796 -14.341 -13.908 -13.637 -13.653 -14.226 -13.649 -13.909 -13.401 -12.078 -11.507 -10.855 -13.75
0.03077 -16.408 -15.614 -15.38 -14.757 -14.309 -13.855 -15.235 -14.688 -14.305 -13.844 -13.404 -12.905 -14.7 -14.163 -13.597 -13.198 -12.831 -14.364 -13.929 -13.654 -13.662 -14.222 -13.684 -13.943 -13.436 -12.115 -11.544 -10.892 -13.784
0.031701 -16.413 -15.641 -15.409 -14.789 -14.342 -13.889 -15.263 -14.72 -14.338 -13.878 -13.439 -12.941 -14.732 -14.197 -13.631 -13.233 -12.867 -14.387 -13.95 -13.671 -13.671 -14.219 -13.718 -13.977 -13.47 -12.151 -11.581 -10.929 -13.818
0.032659 -16.419 -15.667 -15.438 -14.82 -14.375 -13.923 -15.292 -14.752 -14.371 -13.912 -13.474 -12.976 -14.764 -14.23 -13.666 -13.268 -12.903 -14.41 -13.972 -13.689 -13.681 -14.216 -13.752 -14.011 -13.505 -12.187 -11.617 -10.966 -13.852
0.033647 -16.425 -15.694 -15.467 -14.852 -14.408 -13.957 -15.32 -14.784 -14.404 -13.946 -13.508 -13.012 -14.795 -14.263 -13.7 -13.303 -12.938 -14.434 -13.994 -13.707 -13.692 -14.213 -13.786 -14.045 -13.54 -12.223 -11.654 -11.003 -13.885
0.034665 -16.431 -15.72 -15.495 -14.883 -14.44 -13.991 -15.348 -14.816 -14.437 -13.98 -13.543 -13.047 -14.827 -14.296 -13.735 -13.338 -12.973 -14.458 -14.016 -13.726 -13.703 -14.211 -13.82 -14.078 -13.574 -12.259 -11.69 -11.04 -13.919
0.035713 -16.437 -15.745 -15.523 -14.914 -14.473 -14.025 -15.376 -14.847 -14.469 -14.013 -13.577 -13.082 -14.858 -14.329 -13.769 -13.373 -13.009 -14.482 -14.039 -13.746 -13.715 -14.209 -13.854 -14.111 -13.609 -12.295 -11.727 -11.076 -13.953
0.036793 -16.444 -15.771 -15.551 -14.945 -14.505 -14.058 -15.404 -14.878 -14.502 -14.047 -13.612 -13.117 -14.889 -14.362 -13.803 -13.408 -13.044 -14.506 -14.062 -13.765 -13.727 -14.208 -13.888 -14.145 -13.643 -12.331 -11.763 -11.113 -13.986
0.037906 -16.451 -15.796 -15.578 -14.976 -14.538 -14.092 -15.431 -14.909 -14.534 -14.08 -13.646 -13.152 -14.92 -14.395 -13.837 -13.442 -13.079 -14.53 -14.085 -13.785 -13.74 -14.208 -13.921 -14.178 -13.677 -12.367 -11.799 -11.15 -14.019
0.039052 -16.457 -15.821 -15.605 -15.007 -14.57 -14.125 -15.458 -14.94 -14.566 -14.114 -13.68 -13.187 -14.951 -14.427 -13.871 -13.477 -13.114 -14.555 -14.109 -13.806 -13.753 -14.207 -13.955 -14.211 -13.711 -12.403 -11.836 -11.187 -14.052
0.040234 -16.464 -15.846 -15.632 -15.037 -14.602 -14.158 -15.484 -14.971 -14.598 -14.147 -13.714 -13.222 -14.982 -14.46 -13.905 -13.511 -13.149 -14.58 -14.132 -13.827 -13.767 -14.208 -13.988 -14.244 -13.745 -12.439 -11.872 -11.223 -14.085
0.04145 -16.471 -15.87 -15.659 -15.067 -14.634 -14.191 -15.51 -15.001 -14.63 -14.18 -13.748 -13.257 -15.012 -14.492 -13.938 -13.546 -13.184 -14.605 -14.157 -13.848 -13.781 -14.208 -14.021 -14.277 -13.779 -12.475 -11.908 -11.26 -14.118
0.042704 -16.478 -15.894 -15.685 -15.097 -14.665 -14.224 -15.536 -15.031 -14.661 -14.213 -13.782 -13.292 -15.043 -14.524 -13.972 -13.58 -13.219 -14.63 -14.181 -13.87 -13.796 -14.21 -14.054 -14.309 -13.813 -12.511 -11.944 -11.296 -14.151
0.043996 -16.486 -15.918 -15.711 -15.127 -14.697 -14.257 -15.562 -15.062 -14.693 -14.246 -13.816 -13.326 -15.073 -14.556 -14.005 -13.614 -13.254 -14.655 -14.206 -13.892 -13.812 -14.211 -14.087 -14.342 -13.847 -12.546 -11.98 -11.333 -14.184
0.045326 -16.493 -15.941 -15.737 -15.157 -14.728 -14.29 -15.587 -15.091 -14.724 -14.278 -13.85 -13.361 -15.102 -14.588 -14.038 -13.648 -13.289 -14.681 -14.23 -13.915 -13.828 -14.214 -14.12 -14.374 -13.88 -12.582 -12.017 -11.37 -14.216
0.046697 -16.5 -15.964 -15.762 -15.186 -14.759 -14.322 -15.612 -15.121 -14.755 -14.311 -13.883 -13.395 -15.132 -14.619 -14.072 -13.682 -13.323 -14.706 -14.256 -13.937 -13.844 -14.217 -14.153 -14.406 -13.914 -12.617 -12.053 -11.406 -14.248
0.048109 -16.507 -15.987 -15.787 -15.215 -14.79 -14.355 -15.637 -15.15 -14.786 -14.343 -13.916 -13.43 -15.161 -14.651 -14.105 -13.716 -13.358 -14.732 -14.281 -13.96 -13.861 -14.22 -14.186 -14.438 -13.947 -12.653 -12.089 -11.442 -14.281
0.049564 -16.515 -16.009 -15.811 -15.244 -14.821 -14.387 -15.661 -15.179 -14.817 -14.376 -13.95 -13.464 -15.19 -14.682 -14.137 -13.75 -13.392 -14.757 -14.306 -13.984 -13.878 -14.224 -14.218 -14.47 -13.98 -12.688 -12.124 -11.479 -14.313
0.051063 -16.522 -16.031 -15.835 -15.272 -14.851 -14.419 -15.685 -15.208 -14.848 -14.408 -13.983 -13.498 -15.219 -14.713 -14.17 -13.784 -13.426 -14.783 -14.332 -14.007 -13.896 -14.228 -14.25 -14.502 -14.013 -12.723 -12.16 -11.515 -14.344
0.052608 -16.529 -16.053 -15.859 -15.3 -14.882 -14.451 -15.708 -15.237 -14.878 -14.44 -14.016 -13.532 -15.248 -14.744 -14.203 -13.817 -13.461 -14.809 -14.357 -14.031 -13.914 -14.233 -14.282 -14.533 -14.046 -12.759 -12.196 -11.551 -14.376
0.054199 -16.536 -16.074 -15.882 -15.328 -14.912 -14.483 -15.731 -15.265 -14.908 -14.471 -14.049 -13.566 -15.276 -14.774 -14.235 -13.851 -13.495 -14.834 -14.383 -14.055 -13.933 -14.238 -14.314 -14.565 -14.079 -12.794 -12.232 -11.588 -14.408
0.055838 -16.542 -16.095 -15.905 -15.356 -14.942 -14.514 -15.754 -15.293 -14.938 -14.503 -14.082 -13.6 -15.304 -14.805 -14.268 -13.884 -13.529 -14.86 -14.409 -14.08 -13.952 -14.244 -14.346 -14.596 -14.112 -12.829 -12.268 -11.624 -14.439
0.057527 -16.549 -16.115 -15.928 -15.384 -14.971 -14.546 -15.776 -15.321 -14.967 -14.534 -14.114 -13.634 -15.332 -14.835 -14.3 -13.917 -13.563 -14.886 -14.435 -14.104 -13.972 -14.251 -14.378 -14.627 -14.144 -12.864 -12.303 -11.66 -14.47
0.059267 -16.556 -16.135 -15.95 -15.411 -15.001 -14.577 -15.798 -15.349 -14.997 -14.566 -14.147 -13.667 -15.359 -14.865 -14.332 -13.95 -13.596 -14.912 -14.462 -14.129 -13.991 -14.258 -14.409 -14.658 -14.177 -12.899 -12.339 -11.696 -14.501
0.061059 -16.562 -16.154 -15.971 -15.438 -15.03 -14.608 -15.819 -15.376 -15.026 -14.597 -14.179 -13.701 -15.387 -14.895 -14.364 -13.983 -13.63 -14.937 -14.488 -14.154 -14.012 -14.265 -14.44 -14.688 -14.209 -12.934 -12.374 -11.732 -14.532
0.062906 -16.568 -16.173 -15.992 -15.464 -15.059 -14.639 -15.84 -15.403 -15.055 -14.628 -14.211 -13.734 -15.413 -14.924 -14.395 -14.016 -13.664 -14.963 -14.514 -14.179 -14.032 -14.273 -14.471 -14.718 -14.241 -12.968 -12.41 -11.768 -14.562
0.064808 -16.574 -16.191 -16.013 -15.49 -15.088 -14.669 -15.86 -15.429 -15.084 -14.658 -14.243 -13.768 -15.44 -14.954 -14.427 -14.048 -13.697 -14.989 -14.54 -14.205 -14.053 -14.282 -14.502 -14.749 -14.273 -13.003 -12.445 -11.804 -14.593
0.066769 -16.579 -16.209 -16.033 -15.516 -15.116 -14.7 -15.88 -15.456 -15.112 -14.689 -14.275 -13.801 -15.466 -14.983 -14.458 -14.081 -13.73 -15.014 -14.567 -14.23 -14.074 -14.291 -14.533 -14.779 -14.305 -13.038 -12.48 -11.84 -14.623
0.068788 -16.584 -16.226 -16.053 -15.541 -15.144 -14.73 -15.899 -15.481 -15.14 -14.719 -14.307 -13.834 -15.492 -15.012 -14.489 -14.113 -13.764 -15.04 -14.593 -14.256 -14.096 -14.301 -14.563 -14.808 -14.336 -13.072 -12.516 -11.876 -14.653
0.070868 -16.589 -16.242 -16.072 -15.567 -15.172 -14.76 -15.918 -15.507 -15.168 -14.749 -14.338 -13.867 -15.518 -15.04 -14.52 -14.145 -13.797 -15.065 -14.62 -14.282 -14.118 -14.311 -14.594 -14.838 -14.368 -13.107 -12.551 -11.912 -14.682
0.073012 -16.593 -16.258 -16.09 -15.591 -15.2 -14.79 -15.936 -15.532 -15.196 -14.779 -14.369 -13.899 -15.543 -15.069 -14.551 -14.177 -13.83 -15.09 -14.646 -14.307 -14.14 -14.321 -14.624 -14.867 -14.399 -13.141 -12.586 -11.947 -14.712
0.07522 -16.597 -16.274 -16.108 -15.616 -15.227 -14.819 -15.954 -15.557 -15.223 -14.808 -14.4 -13.932 -15.568 -15.097 -14.581 -14.209 -13.862 -15.116 -14.672 -14.333 -14.162 -14.332 -14.654 -14.896 -14.43 -13.175 -12.621 -11.983 -14.741
0.077495 -16.601 -16.288 -16.125 -15.64 -15.254 -14.848 -15.971 -15.582 -15.25 -14.838 -14.431 -13.964 -15.592 -15.124 -14.612 -14.241 -13.895 -15.141 -14.699 -14.359 -14.185 -14.344 -14.683 -14.925 -14.461 -13.209 -12.656 -12.019 -14.77
0.079839 -16.603 -16.302 -16.142 -15.663 -15.28 -14.878 -15.987 -15.606 -15.277 -14.867 -14.462 -13.996 -15.616 -15.152 -14.642 -14.272 -13.928 -15.166 -14.725 -14.385 -14.207 -14.356 -14.713 -14.953 -14.491 -13.243 -12.691 -12.054 -14.799
0.082253 -16.606 -16.316 -16.158 -15.686 -15.307 -14.906 -16.003 -15.629 -15.303 -14.895 -14.493 -14.029 -15.64 -15.179 -14.672 -14.304 -13.96 -15.19 -14.751 -14.411 -14.23 -14.368 -14.742 -14.981 -14.522 -13.277 -12.725 -12.09 -14.827
0.084741 -16.608 -16.328 -16.174 -15.709 -15.333 -14.935 -16.018 -15.653 -15.329 -14.924 -14.523 -14.061 -15.663 -15.206 -14.701 -14.335 -13.992 -15.215 -14.777 -14.438 -14.254 -14.381 -14.771 -15.009 -14.552 -13.311 -12.76 -12.125 -14.855
0.087304 -16.609 -16.34 -16.188 -15.731 -15.358 -14.963 -16.033 -15.675 -15.355 -14.952 -14.553 -14.092 -15.686 -15.232 -14.731 -14.366 -14.024 -15.239 -14.804 -14.464 -14.277 -14.394 -14.799 -15.037 -14.582 -13.344 -12.794 -12.16 -14.883
0.089944 -16.609 -16.351 -16.202 -15.753 -15.384 -14.991 -16.047 -15.698 -15.38 -14.98 -14.583 -14.124 -15.708 -15.258 -14.76 -14.396 -14.056 -15.263 -14.83 -14.49 -14.3 -14.408 -14.828 -15.064 -14.612 -13.378 -12.829 -12.196 -14.911
0.092665 -16.609 -16.362 -16.216 -15.774 -15.409 -15.019 -16.06 -15.72 -15.405 -15.008 -14.613 -14.155 -15.73 -15.284 -14.789 -14.427 -14.088 -15.287 -14.855 -14.516 -14.324 -14.422 -14.856 -15.091 -14.641 -13.411 -12.863 -12.231 -14.938
0.095467 -16.608 -16.371 -16.228 -15.795 -15.433 -15.046 -16.072 -15.741 -15.429 -15.035 -14.642 -14.187 -15.751 -15.31 -14.818 -14.457 -14.119 -15.311 -14.881 -14.542 -14.348 -14.437 -14.883 -15.118 -14.67 -13.445 -12.898 -12.266 -14.965
0.098355 -16.607 -16.38 -16.24 -15.815 -15.457 -15.073 -16.084 -15.762 -15.454 -15.063 -14.671 -14.218 -15.772 -15.335 -14.846 -14.487 -14.151 -15.334 -14.907 -14.568 -14.372 -14.452 -14.911 -15.144 -14.7 -13.478 -12.932 -12.301 -14.992
0.101329 -16.604 -16.387 -16.251 -15.835 -15.481 -15.1 -16.095 -15.782 -15.477 -15.089 -14.7 -14.248 -15.792 -15.36 -14.874 -14.517 -14.182 -15.357 -14.932 -14.594 -14.396 -14.467 -14.938 -15.17 -14.728 -13.511 -12.966 -12.336 -15.019
0.104394 -16.601 -16.394 -16.261 -15.854 -15.504 -15.127 -16.106 -15.802 -15.501 -15.116 -14.729 -14.279 -15.812 -15.384 -14.902 -14.547 -14.213 -15.38 -14.957 -14.62 -14.42 -14.482 -14.965 -15.196 -14.757 -13.544 -13.0 -12.371 -15.045
0.107551 -16.597 -16.4 -16.271 -15.873 -15.527 -15.153 -16.115 -15.822 -15.523 -15.142 -14.757 -14.31 -15.832 -15.408 -14.929 -14.576 -14.243 -15.403 -14.983 -14.646 -14.444 -14.498 -14.992 -15.221 -14.785 -13.576 -13.033 -12.405 -15.07
0.110804 -16.592 -16.405 -16.279 -15.891 -15.55 -15.178 -16.124 -15.841 -15.546 -15.168 -14.785 -14.34 -15.85 -15.431 -14.957 -14.605 -14.274 -15.425 -15.007 -14.672 -14.468 -14.515 -15.018 -15.246 -14.813 -13.609 -13.067 -12.44 -15.096
0.114155 -16.586 -16.409 -16.287 -15.908 -15.572 -15.204 -16.132 -15.859 -15.568 -15.193 -14.813 -14.37 -15.868 -15.455 -14.984 -14.634 -14.304 -15.447 -15.032 -14.698 -14.493 -14.531 -15.044 -15.271 -14.841 -13.641 -13.101 -12.475 -15.121
0.117608 -16.579 -16.411 -16.293 -15.925 -15.593 -15.229 -16.138 -15.876 -15.589 -15.218 -14.841 -14.4 -15.886 -15.477 -15.01 -14.663 -14.334 -15.468 -15.057 -14.723 -14.517 -14.548 -15.069 -15.295 -14.868 -13.674 -13.134 -12.509 -15.145
0.121165 -16.571 -16.413 -16.299 -15.941 -15.614 -15.254 -16.145 -15.893 -15.61 -15.243 -14.868 -14.429 -15.903 -15.499 -15.037 -14.691 -14.364 -15.489 -15.081 -14.749 -14.541 -14.565 -15.095 -15.319 -14.895 -13.706 -13.168 -12.543 -15.17
0.124829 -16.561 -16.413 -16.304 -15.957 -15.635 -15.278 -16.15 -15.91 -15.631 -15.267 -14.895 -14.458 -15.919 -15.521 -15.062 -14.719 -14.394 -15.51 -15.105 -14.774 -14.566 -14.583 -15.12 -15.342 -14.922 -13.738 -13.201 -12.578 -15.194
0.128605 -16.551 -16.413 -16.308 -15.972 -15.655 -15.302 -16.154 -15.925 -15.651 -15.291 -14.921 -14.487 -15.935 -15.542 -15.088 -14.747 -14.423 -15.53 -15.129 -14.799 -14.59 -14.6 -15.144 -15.365 -14.948 -13.77 -13.234 -12.612 -15.217
0.132494 -16.539 -16.411 -16.31 -15.986 -15.674 -15.325 -16.157 -15.94 -15.67 -15.315 -14.948 -14.516 -15.95 -15.563 -15.113 -14.775 -14.452 -15.55 -15.152 -14.824 -14.614 -14.618 -15.168 -15.388 -14.974 -13.801 -13.267 -12.646 -15.24
0.136502 -16.526 -16.408 -16.312 -15.999 -15.693 -15.348 -16.16 -15.955 -15.689 -15.338 -14.974 -14.545 -15.964 -15.583 -15.138 -14.802 -14.481 -15.57 -15.175 -14.849 -14.638 -14.636 -15.192 -15.41 -15.0 -13.833 -13.3 -12.68 -15.263
0.14063 -16.512 -16.403 -16.312 -16.012 -15.711 -15.371 -16.161 -15.968 -15.707 -15.361 -14.999 -14.573 -15.977 -15.603 -15.163 -14.829 -14.51 -15.589 -15.198 -14.874 -14.662 -14.654 -15.215 -15.431 -15.026 -13.864 -13.332 -12.714 -15.285
0.144883 -16.496 -16.398 -16.311 -16.024 -15.729 -15.393 -16.161 -15.981 -15.725 -15.383 -15.024 -14.601 -15.99 -15.622 -15.187 -14.855 -14.538 -15.608 -15.221 -14.898 -14.686 -14.673 -15.238 -15.453 -15.051 -13.895 -13.365 -12.748 -15.307
0.149265 -16.479 -16.391 -16.309 -16.035 -15.746 -15.415 -16.16 -15.993 -15.742 -15.404 -15.049 -14.629 -16.002 -15.641 -15.21 -14.882 -14.567 -15.626 -15.243 -14.922 -14.71 -14.691 -15.26 -15.473 -15.075 -13.926 -13.397 -12.781 -15.328
0.15378 -16.461 -16.382 -16.306 -16.045 -15.762 -15.436 -16.158 -16.004 -15.759 -15.426 -15.074 -14.656 -16.013 -15.659 -15.234 -14.908 -14.594 -15.643 -15.264 -14.946 -14.734 -14.71 -15.282 -15.493 -15.099 -13.956 -13.429 -12.815 -15.348
0.15843 -16.441 -16.372 -16.302 -16.054 -15.778 -15.456 -16.155 -16.015 -15.774 -15.446 -15.098 -14.683 -16.023 -15.676 -15.256 -14.933 -14.622 -15.66 -15.286 -14.97 -14.757 -14.729 -15.303 -15.513 -15.123 -13.987 -13.461 -12.848 -15.369
0.163222 -16.419 -16.36 -16.296 -16.062 -15.793 -15.476 -16.151 -16.024 -15.789 -15.466 -15.121 -14.71 -16.032 -15.693 -15.279 -14.958 -14.649 -15.677 -15.307 -14.993 -14.781 -14.747 -15.324 -15.532 -15.147 -14.017 -13.493 -12.881 -15.388
0.168159 -16.396 -16.347 -16.289 -16.07 -15.807 -15.496 -16.146 -16.033 -15.804 -15.486 -15.144 -14.736 -16.041 -15.709 -15.3 -14.983 -14.676 -15.692 -15.327 -15.016 -14.804 -14.766 -15.345 -15.55 -15.17 -14.047 -13.525 -12.914 -15.408
0.173245 -16.37 -16.332 -16.28 -16.076 -15.821 -15.515 -16.139 -16.04 -15.817 -15.505 -15.167 -14.762 -16.048 -15.724 -15.322 -15.007 -14.703 -15.708 -15.348 -15.039 -14.827 -14.785 -15.365 -15.568 -15.192 -14.077 -13.557 -12.947 -15.426
0.178484 -16.343 -16.316 -16.27 -16.081 -15.834 -15.533 -16.132 -16.047 -15.83 -15.524 -15.189 -14.788 -16.055 -15.739 -15.343 -15.031 -14.729 -15.722 -15.367 -15.061 -14.85 -14.804 -15.384 -15.585 -15.214 -14.106 -13.588 -12.98 -15.444
0.183882 -16.315 -16.297 -16.258 -16.086 -15.846 -15.551 -16.123 -16.053 -15.842 -15.541 -15.211 -14.813 -16.06 -15.753 -15.363 -15.055 -14.755 -15.736 -15.387 -15.083 -14.873 -14.823 -15.403 -15.601 -15.236 -14.136 -13.619 -13.013 -15.462
0.189444 -16.284 -16.277 -16.245 -16.089 -15.857 -15.568 -16.112 -16.057 -15.853 -15.559 -15.233 -14.838 -16.065 -15.766 -15.383 -15.078 -14.78 -15.749 -15.405 -15.105 -14.895 -14.842 -15.421 -15.617 -15.257 -14.165 -13.65 -13.046 -15.478
0.195173 -16.251 -16.255 -16.231 -16.091 -15.867 -15.585 -16.101 -16.061 -15.864 -15.575 -15.253 -14.863 -16.068 -15.779 -15.402 -15.101 -14.805 -15.762 -15.424 -15.126 -14.917 -14.861 -15.439 -15.632 -15.277 -14.193 -13.681 -13.078 -15.494
0.201076 -16.216 -16.231 -16.214 -16.092 -15.877 -15.601 -16.088 -16.063 -15.873 -15.591 -15.274 -14.887 -16.07 -15.79 -15.421 -15.123 -14.83 -15.774 -15.441 -15.147 -14.939 -14.88 -15.456 -15.647 -15.297 -14.222 -13.711 -13.11 -15.51
0.207158 -16.179 -16.205 -16.196 -16.092 -15.885 -15.616 -16.074 -16.065 -15.882 -15.606 -15.293 -14.911 -16.072 -15.801 -15.439 -15.145 -14.855 -15.785 -15.458 -15.167 -14.961 -14.898 -15.472 -15.66 -15.317 -14.25 -13.742 -13.142 -15.525
0.213423 -16.14 -16.176 -16.176 -16.09 -15.893 -15.63 -16.058 -16.065 -15.889 -15.621 -15.313 -14.934 -16.071 -15.811 -15.456 -15.166 -14.879 -15.795 -15.475 -15.188 -14.982 -14.917 -15.488 -15.673 -15.336 -14.278 -13.772 -13.174 -15.539
0.219878 -16.099 -16.146 -16.154 -16.088 -15.9 -15.644 -16.041 -16.064 -15.896 -15.635 -15.331 -14.957 -16.07 -15.82 -15.473 -15.187 -14.902 -15.804 -15.491 -15.207 -15.003 -14.936 -15.503 -15.685 -15.354 -14.306 -13.802 -13.206 -15.552
0.226528 -16.055 -16.113 -16.13 -16.083 -15.905 -15.657 -16.022 -16.061 -15.902 -15.648 -15.349 -14.98 -16.067 -15.828 -15.489 -15.207 -14.925 -15.813 -15.506 -15.226 -15.023 -14.954 -15.517 -15.697 -15.372 -14.333 -13.831 -13.237 -15.565
0.233379 -16.008 -16.078 -16.105 -16.078 -15.91 -15.669 -16.002 -16.057 -15.906 -15.66 -15.367 -15.002 -16.063 -15.835 -15.504 -15.226 -14.948 -15.82 -15.521 -15.245 -15.044 -14.972 -15.53 -15.707 -15.389 -14.36 -13.861 -13.269 -15.577
0.240437 -15.96 -16.041 -16.077 -16.071 -15.913 -15.68 -15.98 -16.052 -15.91 -15.671 -15.383 -15.023 -16.058 -15.841 -15.519 -15.245 -14.97 -15.827 -15.535 -15.263 -15.063 -14.99 -15.543 -15.717 -15.405 -14.387 -13.89 -13.3 -15.588
0.247709 -15.908 -16.001 -16.047 -16.062 -15.916 -15.69 -15.957 -16.046 -15.912 -15.682 -15.4 -15.044 -16.051 -15.847 -15.533 -15.264 -14.992 -15.833 -15.548 -15.281 -15.083 -15.008 -15.555 -15.725 -15.421 -14.413 -13.919 -13.331 -15.598
0.255201 -15.854 -15.958 -16.015 -16.052 -15.917 -15.7 -15.933 -16.037 -15.913 -15.691 -15.415 -15.065 -16.043 -15.851 -15.546 -15.282 -15.013 -15.838 -15.561 -15.298 -15.102 -15.025 -15.566 -15.733 -15.436 -14.439 -13.947 -13.362 -15.608
0.262919 -15.797 -15.913 -15.981 -16.041 -15.917 -15.708 -15.906 -16.028 -15.913 -15.7 -15.43 -15.085 -16.033 -15.854 -15.559 -15.299 -15.034 -15.841 -15.573 -15.314 -15.12 -15.043 -15.577 -15.74 -15.45 -14.465 -13.976 -13.392 -15.616
0.270871 -15.737 -15.865 -15.945 -16.027 -15.915 -15.716 -15.878 -16.017 -15.912 -15.708 -15.444 -15.104 -16.021 -15.855 -15.57 -15.316 -15.054 -15.844 -15.584 -15.33 -15.138 -15.06 -15.586 -15.746 -15.464 -14.49 -14.004 -13.423 -15.624
0.279064 -15.675 -15.814 -15.906 -16.012 -15.913 -15.723 -15.849 -16.004 -15.909 -15.715 -15.457 -15.123 -16.008 -15.856 -15.581 -15.332 -15.074 -15.845 -15.594 -15.345 -15.156 -15.076 -15.595 -15.751 -15.477 -14.515 -14.032 -13.453 -15.63
0.287504 -15.609 -15.761 -15.865 -15.996 -15.909 -15.728 -15.817 -15.989 -15.906 -15.72 -15.469 -15.141 -15.993 -15.855 -15.591 -15.347 -15.093 -15.846 -15.603 -15.36 -15.173 -15.093 -15.603 -15.754 -15.489 -14.54 -14.059 -13.483 -15.636
0.296199 -15.54 -15.704 -15.821 -15.977 -15.903 -15.733 -15.785 -15.973 -15.9 -15.725 -15.481 -15.159 -15.976 -15.853 -15.6 -15.361 -15.111 -15.845 -15.612 -15.374 -15.19 -15.109 -15.609 -15.757 -15.5 -14.564 -14.086 -13.513 -15.641
0.305157 -15.468 -15.644 -15.775 -15.956 -15.896 -15.736 -15.75 -15.955 -15.893 -15.729 -15.491 -15.176 -15.958 -15.85 -15.608 -15.375 -15.129 -15.842 -15.619 -15.387 -15.206 -15.124 -15.615 -15.758 -15.51 -14.588 -14.113 -13.542 -15.645
0.314387 -15.392 -15.581 -15.726 -15.934 -15.888 -15.739 -15.713 -15.935 -15.885 -15.731 -15.501 -15.192 -15.937 -15.845 -15.615 -15.388 -15.146 -15.839 -15.626 -15.399 -15.221 -15.14 -15.62 -15.758 -15.519 -14.611 -14.14 -13.571 -15.647
0.323895 -15.314 -15.514 -15.674 -15.909 -15.878 -15.74 -15.675 -15.912 -15.875 -15.732 -15.51 -15.208 -15.915 -15.839 -15.621 -15.4 -15.163 -15.834 -15.631 -15.411 -15.236 -15.154 -15.623 -15.757 -15.528 -14.634 -14.166 -13.6 -15.649
0.333691 -15.231 -15.445 -15.619 -15.882 -15.867 -15.74 -15.635 -15.888 -15.864 -15.733 -15.518 -15.223 -15.89 -15.832 -15.626 -15.411 -15.179 -15.828 -15.636 -15.422 -15.25 -15.169 -15.626 -15.755 -15.535 -14.656 -14.192 -13.629 -15.649
0.343783 -15.146 -15.371 -15.562 -15.853 -15.853 -15.738 -15.593 -15.862 -15.851 -15.731 -15.525 -15.237 -15.863 -15.823 -15.629 -15.422 -15.194 -15.82 -15.639 -15.432 -15.263 -15.183 -15.628 -15.751 -15.542 -14.678 -14.218 -13.658 -15.648
0.354181 -15.056 -15.294 -15.501 -15.822 -15.838 -15.735 -15.55 -15.834 -15.836 -15.729 -15.531 -15.25 -15.834 -15.812 -15.632 -15.431 -15.208 -15.811 -15.642 -15.441 -15.276 -15.196 -15.628 -15.746 -15.547 -14.699 -14.243 -13.686 -15.647
0.364893 -14.963 -15.213 -15.437 -15.788 -15.822 -15.731 -15.504 -15.803 -15.819 -15.725 -15.536 -15.263 -15.803 -15.8 -15.634 -15.44 -15.222 -15.8 -15.643 -15.449 -15.288 -15.209 -15.627 -15.74 -15.552 -14.72 -14.267 -13.714 -15.643
0.375929 -14.866 -15.128 -15.37 -15.752 -15.803 -15.726 -15.457 -15.77 -15.801 -15.72 -15.54 -15.275 -15.769 -15.786 -15.634 -15.448 -15.235 -15.788 -15.643 -15.457 -15.299 -15.221 -15.625 -15.732 -15.555 -14.741 -14.292 -13.742 -15.639
0.387298 -14.765 -15.039 -15.3 -15.713 -15.782 -15.719 -15.407 -15.734 -15.78 -15.713 -15.543 -15.286 -15.733 -15.77 -15.633 -15.454 -15.247 -15.774 -15.642 -15.463 -15.31 -15.233 -15.621 -15.722 -15.557 -14.761 -14.316 -13.769 -15.633
0.399012 -14.659 -14.946 -15.227 -15.672 -15.76 -15.71 -15.356 -15.696 -15.758 -15.705 -15.545 -15.296 -15.694 -15.752 -15.631 -15.46 -15.258 -15.758 -15.639 -15.468 -15.319 -15.243 -15.617 -15.711 -15.558 -14.78 -14.339 -13.796 -15.626
0.41108 -14.55 -14.848 -15.149 -15.628 -15.735 -15.7 -15.303 -15.656 -15.733 -15.695 -15.545 -15.305 -15.653 -15.733 -15.627 -15.465 -15.269 -15.74 -15.636 -15.473 -15.328 -15.254 -15.61 -15.698 -15.558 -14.799 -14.363 -13.823 -15.618
0.423513 -14.437 -14.746 -15.069 -15.581 -15.708 -15.688 -15.248 -15.612 -15.706 -15.683 -15.544 -15.313 -15.609 -15.711 -15.622 -15.468 -15.278 -15.721 -15.63 -15.476 -15.336 -15.263 -15.603 -15.684 -15.556 -14.817 -14.385 -13.849 -15.608
0.436321 -14.319 -14.64 -14.984 -15.531 -15.679 -15.675 -15.19 -15.566 -15.677 -15.67 -15.542 -15.321 -15.562 -15.688 -15.616 -15.47 -15.287 -15.699 -15.624 -15.478 -15.343 -15.272 -15.594 -15.668 -15.554 -14.834 -14.408 -13.875 -15.596
0.449518 -14.197 -14.529 -14.896 -15.478 -15.648 -15.66 -15.131 -15.517 -15.646 -15.655 -15.539 -15.327 -15.512 -15.662 -15.608 -15.471 -15.295 -15.676 -15.616 -15.479 -15.349 -15.28 -15.583 -15.65 -15.549 -14.851 -14.429 -13.901 -15.583
0.463113 -14.071 -14.413 -14.804 -15.422 -15.614 -15.642 -15.07 -15.465 -15.613 -15.638 -15.534 -15.332 -15.459 -15.634 -15.598 -15.471 -15.301 -15.65 -15.606 -15.479 -15.354 -15.288 -15.571 -15.63 -15.544 -14.867 -14.451 -13.927 -15.569
0.47712 -13.94 -14.291 -14.708 -15.363 -15.577 -15.623 -15.006 -15.41 -15.576 -15.62 -15.527 -15.336 -15.403 -15.604 -15.587 -15.47 -15.307 -15.623 -15.595 -15.478 -15.358 -15.294 -15.558 -15.608 -15.537 -14.883 -14.472 -13.952 -15.553
0.49155 -13.805 -14.165 -14.608 -15.301 -15.538 -15.602 -14.941 -15.351 -15.538 -15.599 -15.52 -15.339 -15.343 -15.571 -15.574 -15.467 -15.311 -15.593 -15.582 -15.475 -15.361 -15.3 -15.542 -15.584 -15.528 -14.898 -14.492 -13.976 -15.535
0.506416 -13.665 -14.034 -14.503 -15.235 -15.497 -15.579 -14.873 -15.289 -15.496 -15.576 -15.51 -15.341 -15.28 -15.537 -15.559 -15.463 -15.315 -15.56 -15.567 -15.471 -15.363 -15.305 -15.525 -15.558 -15.518 -14.912 -14.512 -14.001 -15.515
0.521733 -13.521 -13.897 -14.394 -15.165 -15.452 -15.554 -14.803 -15.224 -15.452 -15.552 -15.5 -15.342 -15.214 -15.499 -15.543 -15.458 -15.317 -15.526 -15.551 -15.465 -15.364 -15.308 -15.506 -15.53 -15.506 -14.925 -14.531 -14.025 -15.494
0.537512 -13.372 -13.754 -14.281 -15.092 -15.405 -15.527 -14.731 -15.156 -15.405 -15.525 -15.487 -15.342 -15.144 -15.459 -15.524 -15.451 -15.318 -15.489 -15.532 -15.458 -15.363 -15.311 -15.486 -15.5 -15.493 -14.938 -14.549 -14.048 -15.471
0.553769 -13.218 -13.606 -14.163 -15.014 -15.355 -15.497 -14.657 -15.083 -15.356 -15.495 -15.473 -15.34 -15.071 -15.416 -15.504 -15.442 -15.318 -15.449 -15.512 -15.45 -15.362 -15.313 -15.463 -15.467 -15.478 -14.95 -14.568 -14.071 -15.446
0.570517 -13.06 -13.451 -14.041 -14.933 -15.302 -15.465 -14.58 -15.007 -15.303 -15.464 -15.457 -15.337 -14.993 -15.371 -15.482 -15.432 -15.317 -15.407 -15.49 -15.44 -15.359 -15.314 -15.439 -15.432 -15.461 -14.961 -14.585 -14.094 -15.419
0.587772 -12.897 -13.291 -13.914 -14.848 -15.245 -15.43 -14.502 -14.927 -15.247 -15.43 -15.439 -15.332 -14.911 -15.323 -15.457 -15.42 -15.314 -15.362 -15.466 -15.428 -15.354 -15.313 -15.412 -15.395 -15.442 -14.971 -14.602 -14.117 -15.391
0.605549 -12.731 -13.124 -13.782 -14.759 -15.185 -15.393 -14.42 -14.843 -15.187 -15.394 -15.419 -15.326 -14.826 -15.271 -15.431 -15.407 -15.31 -15.314 -15.439 -15.415 -15.349 -15.312 -15.384 -15.355 -15.421 -14.98 -14.618 -14.138 -15.36
0.623863 -12.559 -12.951 -13.645 -14.665 -15.122 -15.353 -14.337 -14.754 -15.125 -15.354 -15.397 -15.319 -14.736 -15.217 -15.402 -15.391 -15.305 -15.263 -15.411 -15.4 -15.341 -15.309 -15.353 -15.312 -15.398 -14.988 -14.634 -14.16 -15.327
0.642731 -12.384 -12.771 -13.503 -14.567 -15.056 -15.311 -14.25 -14.662 -15.059 -15.313 -15.374 -15.31 -14.642 -15.159 -15.371 -15.374 -15.298 -15.209 -15.38 -15.383 -15.333 -15.305 -15.32 -15.267 -15.373 -14.995 -14.649 -14.181 -15.292
0.66217 -12.205 -12.585 -13.355 -14.464 -14.986 -15.266 -14.162 -14.565 -14.989 -15.268 -15.348 -15.3 -14.543 -15.099 -15.337 -15.355 -15.289 -15.152 -15.346 -15.365 -15.323 -15.3 -15.285 -15.219 -15.346 -15.002 -14.663 -14.201 -15.256
0.682197 -12.023 -12.391 -13.203 -14.356 -14.912 -15.217 -14.071 -14.463 -14.916 -15.221 -15.32 -15.288 -14.439 -15.034 -15.301 -15.334 -15.279 -15.092 -15.311 -15.344 -15.311 -15.293 -15.248 -15.168 -15.317 -15.007 -14.676 -14.221 -15.216
0.70283 -11.837 -12.19 -13.045 -14.244 -14.834 -15.166 -13.977 -14.357 -14.839 -15.17 -15.29 -15.274 -14.331 -14.967 -15.263 -15.311 -15.268 -15.029 -15.272 -15.321 -15.297 -15.285 -15.208 -15.114 -15.286 -15.012 -14.689 -14.241 -15.175
0.724086 -11.649 -11.982 -12.882 -14.126 -14.752 -15.112 -13.881 -14.246 -14.758 -15.117 -15.257 -15.258 -14.218 -14.895 -15.221 -15.286 -15.254 -14.962 -15.232 -15.297 -15.282 -15.276 -15.166 -15.057 -15.252 -15.015 -14.701 -14.26 -15.132
0.745986 -11.459 -11.767 -12.713 -14.004 -14.666 -15.054 -13.782 -14.129 -14.673 -15.06 -15.222 -15.241 -14.099 -14.82 -15.177 -15.259 -15.239 -14.891 -15.188 -15.27 -15.265 -15.265 -15.122 -14.997 -15.216 -15.017 -14.712 -14.278 -15.086
0.768548 -11.267 -11.543 -12.538 -13.876 -14.576 -14.994 -13.68 -14.008 -14.583 -15.001 -15.185 -15.222 -13.976 -14.741 -15.131 -15.23 -15.223 -14.817 -15.142 -15.241 -15.246 -15.252 -15.075 -14.933 -15.177 -15.018 -14.723 -14.296 -15.037
0.791792 -11.075 -11.312 -12.358 -13.742 -14.482 -14.929 -13.575 -13.881 -14.49 -14.937 -15.145 -15.201 -13.847 -14.659 -15.081 -15.198 -15.204 -14.74 -15.092 -15.21 -15.226 -15.238 -15.025 -14.866 -15.136 -15.018 -14.732 -14.314 -14.987
0.815739 -10.884 -11.073 -12.172 -13.603 -14.383 -14.861 -13.468 -13.749 -14.392 -14.871 -15.102 -15.178 -13.712 -14.572 -15.028 -15.164 -15.183 -14.658 -15.04 -15.176 -15.203 -15.222 -14.972 -14.796 -15.092 -15.016 -14.741 -14.33 -14.934
0.840411 -10.694 -10.825 -11.981 -13.458 -14.279 -14.79 -13.357 -13.612 -14.29 -14.8 -15.057 -15.153 -13.572 -14.481 -14.972 -15.127 -15.161 -14.573 -14.985 -15.14 -15.179 -15.205 -14.917 -14.723 -15.045 -15.014 -14.749 -14.347 -14.878
0.865828 -10.507 -10.569 -11.783 -13.307 -14.171 -14.715 -13.244 -13.468 -14.183 -14.726 -15.009 -15.126 -13.426 -14.385 -14.913 -15.088 -15.136 -14.484 -14.926 -15.101 -15.152 -15.186 -14.859 -14.645 -14.995 -15.01 -14.756 -14.362 -14.82
0.892015 -10.324 -10.304 -11.58 -13.15 -14.058 -14.636 -13.128 -13.319 -14.071 -14.649 -14.958 -15.097 -13.273 -14.286 -14.85 -15.046 -15.11 -14.39 -14.865 -15.06 -15.123 -15.165 -14.798 -14.564 -14.943 -15.004 -14.762 -14.378 -14.76
0.918993 -10.147 -10.03 -11.371 -12.987 -13.94 -14.552 -13.008 -13.164 -13.954 -14.567 -14.905 -15.065 -13.115 -14.181 -14.784 -15.001 -15.081 -14.292 -14.8 -15.016 -15.092 -15.142 -14.734 -14.48 -14.888 -14.998 -14.767 -14.392 -14.696
0.946787 -9.977 -9.748 -11.156 -12.817 -13.817 -14.465 -12.886 -13.002 -13.832 -14.481 -14.848 -15.031 -12.95 -14.072 -14.715 -14.954 -15.05 -14.19 -14.731 -14.97 -15.058 -15.117 -14.667 -14.391 -14.829 -14.989 -14.771 -14.406 -14.631
0.975422 -9.815 -9.456 -10.935 -12.64 -13.688 -14.374 -12.76 -12.834 -13.705 -14.391 -14.788 -14.995 -12.778 -13.959 -14.642 -14.904 -15.016 -14.084 -14.659 -14.92 -15.022 -15.09 -14.597 -14.298 -14.767 -14.98 -14.774 -14.419 -14.562
1.004923 -9.663 -9.155 -10.709 -12.457 -13.554 -14.278 -12.631 -12.66 -13.573 -14.297 -14.725 -14.957 -12.6 -13.84 -14.565 -14.85 -14.98 -13.973 -14.584 -14.868 -14.984 -15.061 -14.524 -14.202 -14.702 -14.969 -14.777 -14.432 -14.491
1.035317 -9.521 -8.845 -10.477 -12.267 -13.415 -14.177 -12.498 -12.478 -13.435 -14.199 -14.659 -14.915 -12.415 -13.716 -14.484 -14.794 -14.942 -13.858 -14.504 -14.812 -14.943 -15.03 -14.448 -14.101 -14.634 -14.956 -14.778 -14.443 -14.418
1.066629 -9.39 -8.525 -10.239 -12.069 -13.269 -14.072 -12.362 -12.29 -13.292 -14.096 -14.589 -14.872 -12.223 -13.588 -14.4 -14.735 -14.901 -13.738 -14.421 -14.754 -14.9 -14.997 -14.368 -13.995 -14.562 -14.942 -14.778 -14.455 -14.341
1.098888 -9.27 -8.197 -9.995 -11.864 -13.118 -13.962 -12.223 -12.095 -13.143 -13.988 -14.516 -14.825 -12.023 -13.453 -14.311 -14.672 -14.858 -13.613 -14.334 -14.692 -14.854 -14.961 -14.285 -13.886 -14.487 -14.926 -14.776 -14.465 -14.262
1.132124 -9.161 -7.859 -9.747 -11.652 -12.961 -13.848 -12.08 -11.892 -12.988 -13.876 -14.439 -14.776 -11.816 -13.314 -14.218 -14.606 -14.812 -13.484 -14.243 -14.627 -14.805 -14.923 -14.198 -13.771 -14.408 -14.908 -14.774 -14.475 -14.181
1.166364 -9.062 -7.512 -9.492 -11.432 -12.798 -13.728 -11.934 -11.682 -12.827 -13.758 -14.359 -14.724 -11.601 -13.169 -14.121 -14.536 -14.763 -13.35 -14.147 -14.559 -14.753 -14.883 -14.108 -13.653 -14.326 -14.889 -14.771 -14.484 -14.096
1.20164 -8.973 -7.158 -9.233 -11.204 -12.628 -13.603 -11.784 -11.464 -12.66 -13.636 -14.275 -14.67 -11.379 -13.018 -14.019 -14.463 -14.711 -13.211 -14.048 -14.487 -14.698 -14.84 -14.014 -13.529 -14.24 -14.868 -14.766 -14.492 -14.01
1.237983 -8.892 -6.796 -8.969 -10.968 -12.452 -13.473 -11.63 -11.239 -12.487 -13.509 -14.187 -14.612 -11.148 -12.861 -13.913 -14.386 -14.656 -13.067 -13.944 -14.412 -14.641 -14.795 -13.917 -13.401 -14.149 -14.844 -14.76 -14.5 -13.92
1.275425 -8.82 -6.429 -8.7 -10.723 -12.269 -13.338 -11.472 -11.005 -12.307 -13.376 -14.095 -14.551 -10.909 -12.698 -13.802 -14.306 -14.599 -12.918 -13.836 -14.333 -14.58 -14.747 -13.816 -13.268 -14.055 -14.819 -14.753 -14.507 -13.828
1.313999 -8.754 -6.058 -8.426 -10.471 -12.08 -13.197 -11.311 -10.764 -12.121 -13.238 -13.999 -14.487 -10.662 -12.53 -13.686 -14.221 -14.538 -12.765 -13.723 -14.25 -14.516 -14.696 -13.711 -13.129 -13.957 -14.793 -14.744 -14.513 -13.733
1.35374 -8.693 -5.686 -8.148 -10.209 -11.883 -13.05 -11.146 -10.514 -11.928 -13.095 -13.9 -14.42 -10.406 -12.354 -13.566 -14.133 -14.474 -12.607 -13.606 -14.163 -14.449 -14.643 -13.602 -12.986 -13.855 -14.764 -14.734 -14.518 -13.636
1.394683 -8.637 -5.318 -7.865 -9.939 -11.68 -12.897 -10.977 -10.255 -11.728 -12.946 -13.796 -14.35 -10.141 -12.173 -13.44 -14.041 -14.407 -12.445 -13.484 -14.073 -14.378 -14.587 -13.489 -12.837 -13.748 -14.732 -14.723 -14.522 -13.536
1.436864 -8.585 -4.959 -7.578 -9.659 -11.469 -12.739 -10.804 -9.987 -11.522 -12.791 -13.688 -14.277 -9.867 -11.985 -13.31 -13.944 -14.336 -12.278 -13.358 -13.978 -14.304 -14.528 -13.372 -12.683 -13.637 -14.699 -14.71 -14.526 -13.434
1.480321 -8.536 -4.617 -7.287 -9.37 -11.251 -12.574 -10.627 -9.711 -11.308 -12.63 -13.575 -14.199 -9.584 -11.79 -13.174 -13.843 -14.262 -12.107 -13.226 -13.88 -14.227 -14.467 -13.251 -12.524 -13.522 -14.664 -14.696 -14.529 -13.33
1.525092 -8.489 -4.298 -6.992 -9.072 -11.025 -12.403 -10.447 -9.425 -11.087 -12.463 -13.458 -14.119 -9.291 -11.589 -13.033 -13.738 -14.185 -11.933 -13.09 -13.777 -14.146 -14.402 -13.126 -12.359 -13.402 -14.626 -14.681 -14.53 -13.224
1.571218 -8.444 -4.011 -6.693 -8.764 -10.791 -12.226 -10.262 -9.13 -10.858 -12.29 -13.336 -14.035 -8.989 -11.38 -12.886 -13.629 -14.104 -11.755 -12.949 -13.67 -14.061 -14.334 -12.996 -12.189 -13.278 -14.586 -14.664 -14.531 -13.115
1.618738 -8.4 -3.761 -6.391 -8.446 -10.55 -12.042 -10.073 -8.826 -10.622 -12.111 -13.21 -13.947 -8.676 -11.164 -12.733 -13.515 -14.019 -11.575 -12.803 -13.558 -13.972 -14.263 -12.862 -12.012 -13.149 -14.544 -14.645 -14.531 -13.005
1.667696 -8.358 -3.552 -6.084 -8.118 -10.3 -11.852 -9.881 -8.511 -10.378 -11.926 -13.08 -13.856 -8.353 -10.941 -12.575 -13.396 -13.93 -11.392 -12.652 -13.443 -13.88 -14.189 -12.723 -11.83 -13.015 -14.499 -14.625 -14.53 -12.893
1.718134 -8.316 -3.381 -5.773 -7.779 -10.042 -11.654 -9.684 -8.186 -10.126 -11.733 -12.944 -13.76 -8.02 -10.711 -12.411 -13.272 -13.838 -11.209 -12.497 -13.322 -13.784 -14.112 -12.58 -11.641 -12.876 -14.452 -14.603 -14.529 -12.78
1.770098 -8.274 -3.246 -5.458 -7.43 -9.775 -11.449 -9.484 -7.851 -9.866 -11.534 -12.803 -13.661 -7.676 -10.472 -12.241 -13.143 -13.741 -11.024 -12.336 -13.197 -13.684 -14.032 -12.433 -11.447 -12.732 -14.402 -14.579 -14.526 -12.665
1.823633 -8.233 -3.139 -5.139 -7.069 -9.5 -11.238 -9.28 -7.505 -9.598 -11.329 -12.658 -13.558 -7.322 -10.226 -12.065 -13.01 -13.641 -10.841 -12.171 -13.068 -13.579 -13.948 -12.28 -11.246 -12.583 -14.35 -14.554 -14.522 -12.55
1.878788 -8.193 -3.053 -4.816 -6.698 -9.215 -11.018 -9.073 -7.148 -9.321 -11.116 -12.507 -13.451 -6.955 -9.972 -11.882 -12.871 -13.536 -10.66 -12.001 -12.933 -13.471 -13.861 -12.122 -11.039 -12.428 -14.294 -14.527 -14.517 -12.434
1.93561 -8.152 -2.983 -4.487 -6.314 -8.922 -10.791 -8.862 -6.781 -9.035 -10.896 -12.351 -13.339 -6.578 -9.71 -11.693 -12.727 -13.427 -10.482 -11.826 -12.794 -13.358 -13.771 -11.96 -10.825 -12.269 -14.236 -14.498 -14.512 -12.317
1.994152 -8.111 -2.924 -4.154 -5.919 -8.619 -10.557 -8.648 -6.401 -8.741 -10.668 -12.19 -13.224 -6.188 -9.439 -11.497 -12.577 -13.314 -10.31 -11.648 -12.65 -13.241 -13.677 -11.792 -10.604 -12.104 -14.175 -14.467 -14.505 -12.2
2.054463 -8.069 -2.871 -3.837 -5.539 -8.326 -10.328 -8.444 -6.036 -8.457 -10.447 -12.032 -13.109 -5.814 -9.177 -11.305 -12.43 -13.201 -10.151 -11.475 -12.509 -13.124 -13.584 -11.628 -10.39 -11.942 -14.112 -14.432 -14.493 -12.088
2.116599 -8.01 -2.812 -3.778 -5.481 -8.267 -10.27 -8.385 -5.978 -8.399 -10.388 -11.973 -13.05 -5.755 -9.118 -11.247 -12.371 -13.142 -10.092 -11.416 -12.45 -13.066 -13.525 -11.57 -10.331 -11.883 -14.053 -14.374 -14.434 -12.03
2.180614 -7.952 -2.753 -3.719 -5.422 -8.209 -10.211 -8.326 -5.919 -8.34 -10.329 -11.914 -12.991 -5.696 -9.059 -11.188 -12.312 -13.083 -10.034 -11.357 -12.391 -13.007 -13.466 -11.511 -10.272 -11.824 -13.995 -14.315 -14.375 -11.971
2.246566 -7.893 -2.694 -3.66 -5.363 -8.15 -10.152 -8.268 -5.86 -8.281 -10.271 -11.855 -12.932 -5.637 -9.0 -11.129 -12.254 -13.025 -9.975 -11.298 -12.332 -12.948 -13.407 -11.452 -10.214 -11.766 -13.936 -14.256 -14.317 -11.912
2.314511 -7.834 -2.636 -3.601 -5.304 -8.091 -10.093 -8.209 -5.801 -8.222 -10.212 -11.797 -12.873 -5.578 -8.941 -11.07 -12.195 -12.966 -9.916 -11.24 -12.273 -12.889 -13.348 -11.393 -10.155 -11.707 -13.877 -14.197 -14.258 -11.853
2.384512 -7.775 -2.577 -3.543 -5.246 -8.032 -10.035 -8.15 -5.742 -8.163 -10.153 -11.738 -12.815 -5.52 -8.883 -11.011 -12.136 -12.907 -9.857 -11.181 -12.215 -12.83 -13.29 -11.334 -10.096 -11.648 -13.818 -14.138 -14.199 -11.795
2.45663 -7.716 -2.518 -3.484 -5.187 -7.974 -9.976 -8.091 -5.684 -8.105 -10.094 -11.679 -12.756 -5.461 -8.824 -10.953 -12.077 -12.848 -9.799 -11.122 -12.156 -12.772 -13.231 -11.276 -10.037 -11.589 -13.759 -14.08 -14.14 -11.736
2.530929 -7.658 -2.459 -3.425 -5.128 -7.915 -9.917 -8.032 -5.625 -8.046 -10.035 -11.62 -12.697 -5.402 -8.765 -10.894 -12.018 -12.789 -9.74 -11.063 -12.097 -12.713 -13.172 -11.217 -9.978 -11.531 -13.701 -14.021 -14.081 -11.677
2.607475 -7.599 -2.4 -3.366 -5.069 -7.856 -9.858 -7.974 -5.566 -7.987 -9.976 -11.561 -12.638 -5.343 -8.706 -10.835 -11.96 -12.73 -9.681 -11.004 -12.038 -12.654 -13.113 -11.158 -9.92 -11.472 -13.642 -13.962 -14.023 -11.618
2.686337 -7.54 -2.341 -3.307 -5.01 -7.797 -9.799 -7.915 -5.507 -7.928 -9.918 -11.502 -12.579 -5.284 -8.647 -10.776 -11.901 -12.672 -9.622 -10.945 -11.979 -12.595 -13.054 -11.099 -9.861 -11.413 -13.583 -13.903 -13.964 -11.559
2.767583 -7.481 -2.283 -3.248 -4.951 -7.738 -9.74 -7.856 -5.448 -7.869 -9.859 -11.444 -12.52 -5.225 -8.588 -10.717 -11.842 -12.613 -9.563 -10.887 -11.92 -12.536 -12.995 -11.04 -9.802 -11.354 -13.524 -13.844 -13.905 -11.5
2.851287 -7.422 -2.224 -3.189 -4.892 -7.679 -9.681 -7.797 -5.389 -7.81 -9.8 -11.385 -12.461 -5.166 -8.529 -10.658 -11.783 -12.554 -9.504 -10.828 -11.861 -12.477 -12.936 -10.981 -9.743 -11.295 -13.465 -13.785 -13.846 -11.441
2.937522 -7.363 -2.165 -3.13 -4.833 -7.62 -9.622 -7.738 -5.33 -7.751 -9.741 -11.326 -12.402 -5.107 -8.47 -10.599 -11.724 -12.495 -9.445 -10.769 -11.802 -12.418 -12.877 -10.922 -9.684 -11.236 -13.406 -13.726 -13.787 -11.382
3.026365 -7.304 -2.105 -3.071 -4.774 -7.561 -9.563 -7.679 -5.271 -7.692 -9.682 -11.266 -12.343 -5.048 -8.411 -10.54 -11.665 -12.436 -9.386 -10.709 -11.743 -12.359 -12.818 -10.863 -9.625 -11.177 -13.347 -13.667 -13.728 -11.323
3.117896 -7.245 -2.046 -3.012 -4.715 -7.502 -9.504 -7.619 -5.212 -7.633 -9.622 -11.207 -12.284 -4.989 -8.352 -10.481 -11.605 -12.376 -9.327 -10.65 -11.684 -12.3 -12.759 -10.804 -9.565 -11.118 -13.288 -13.608 -13.668 -11.264
3.212194 -7.185 -1.987 -2.953 -4.656 -7.442 -9.445 -7.56 -5.152 -7.573 -9.563 -11.148 -12.225 -4.93 -8.293 -10.422 -11.546 -12.317 -9.267 -10.591 -11.625 -12.24 -12.7 -10.745 -9.506 -11.058 -13.228 -13.549 -13.609 -11.205
3.309345 -7.126 -1.928 -2.893 -4.596 -7.383 -9.385 -7.501 -5.093 -7.514 -9.504 -11.088 -12.165 -4.87 -8.233 -10.362 -11.487 -12.258 -9.208 -10.531 -11.565 -12.181 -12.64 -10.685 -9.447 -10.999 -13.169 -13.489 -13.55 -11.145
3.409434 -7.066 -1.868 -2.834 -4.537 -7.324 -9.326 -7.441 -5.034 -7.455 -9.444 -11.029 -12.106 -4.811 -8.174 -10.303 -11.427 -12.198 -9.149 -10.472 -11.506 -12.122 -12.581 -10.626 -9.387 -10.939 -13.109 -13.43 -13.49 -11.086
3.51255 -7.007 -1.808 -2.774 -4.477 -7.264 -9.266 -7.382 -4.974 -7.395 -9.384 -10.969 -12.046 -4.751 -8.114 -10.243 -11.368 -12.138 -9.089 -10.412 -11.446 -12.062 -12.521 -10.566 -9.328 -10.88 -13.05 -13.37 -13.431 -11.026
3.618785 -6.947 -1.749 -2.714 -4.417 -7.204 -9.206 -7.322 -4.914 -7.335 -9.325 -10.91 -11.986 -4.691 -8.054 -10.183 -11.308 -12.079 -9.029 -10.353 -11.386 -12.002 -12.461 -10.506 -9.268 -10.82 -12.99 -13.31 -13.371 -10.966
3.728232 -6.887 -1.689 -2.655 -4.357 -7.144 -9.146 -7.262 -4.854 -7.275 -9.265 -10.85 -11.926 -4.631 -7.994 -10.123 -11.248 -12.019 -8.969 -10.293 -11.326 -11.942 -12.401 -10.446 -9.208 -10.76 -12.93 -13.25 -13.311 -10.906
3.84099 -6.827 -1.629 -2.594 -4.297 -7.084 -9.086 -7.202 -4.794 -7.215 -9.205 -10.79 -11.866 -4.571 -7.934 -10.063 -11.188 -11.959 -8.909 -10.233 -11.266 -11.882 -12.341 -10.386 -9.148 -10.7 -12.87 -13.19 -13.251 -10.846
3.957158 -6.767 -1.568 -2.534 -4.237 -7.024 -9.026 -7.142 -4.734 -7.155 -9.144 -10.729 -11.806 -4.511 -7.874 -10.003 -11.128 -11.898 -8.849 -10.172 -11.206 -11.822 -12.281 -10.326 -9.088 -10.64 -12.81 -13.13 -13.19 -10.786
4.07684 -6.706 -1.508 -2.474 -4.177 -6.963 -8.966 -7.081 -4.673 -7.094 -9.084 -10.669 -11.746 -4.451 -7.814 -9.943 -11.067 -11.838 -8.788 -10.112 -11.146 -11.761 -12.221 -10.266 -9.027 -10.579 -12.749 -13.069 -13.13 -10.726
4.200141 -6.646 -1.447 -2.413 -4.116 -6.903 -8.905 -7.021 -4.613 -7.034 -9.023 -10.608 -11.685 -4.39 -7.753 -9.882 -11.007 -11.777 -8.728 -10.051 -11.085 -11.701 -12.16 -10.205 -8.967 -10.519 -12.689 -13.009 -13.07 -10.665
4.327172 -6.585 -1.387 -2.352 -4.055 -6.842 -8.844 -6.96 -4.552 -6.973 -8.963 -10.548 -11.624 -4.329 -7.692 -9.821 -10.946 -11.717 -8.667 -9.991 -11.024 -11.64 -12.099 -10.144 -8.906 -10.458 -12.628 -12.948 -13.009 -10.604
4.458044 -6.524 -1.326 -2.292 -3.994 -6.781 -8.783 -6.899 -4.491 -6.912 -8.902 -10.487 -11.563 -4.268 -7.632 -9.76 -10.885 -11.656 -8.606 -9.93 -10.964 -11.579 -12.038 -10.083 -8.845 -10.397 -12.567 -12.887 -12.948 -10.543
4.592874 -6.463 -1.265 -2.23 -3.933 -6.72 -8.722 -6.838 -4.43 -6.851 -8.841 -10.425 -11.502 -4.207 -7.57 -9.699 -10.824 -11.595 -8.545 -9.869 -10.902 -11.518 -11.977 -10.022 -8.784 -10.336 -12.506 -12.826 -12.887 -10.482
4.731783 -6.402 -1.203 -2.169 -3.872 -6.659 -8.661 -6.776 -4.369 -6.79 -8.779 -10.364 -11.441 -4.146 -7.509 -9.638 -10.762 -11.533 -8.484 -9.807 -10.841 -11.457 -11.916 -9.961 -8.722 -10.274 -12.445 -12.765 -12.825 -10.421
4.874892 -6.34 -1.142 -2.108 -3.81 -6.597 -8.599 -6.715 -4.307 -6.728 -8.718 -10.303 -11.38 -4.085 -7.448 -9.576 -10.701 -11.472 -8.422 -9.746 -10.78 -11.395 -11.854 -9.899 -8.661 -10.213 -12.383 -12.703 -12.764 -10.359
5.02233 -6.278 -1.08 -2.046 -3.749 -6.536 -8.538 -6.653 -4.246 -6.667 -8.656 -10.241 -11.318 -4.023 -7.386 -9.515 -10.639 -11.41 -8.361 -9.684 -10.718 -11.334 -11.793 -9.838 -8.599 -10.151 -12.321 -12.642 -12.702 -10.298
5.174227 -6.217 -1.018 -1.984 -3.687 -6.474 -8.476 -6.591 -4.184 -6.605 -8.594 -10.179 -11.256 -3.961 -7.324 -9.453 -10.577 -11.348 -8.299 -9.622 -10.656 -11.272 -11.731 -9.776 -8.537 -10.089 -12.259 -12.58 -12.64 -10.236
5.330718 -6.154 -0.956 -1.922 -3.625 -6.412 -8.414 -6.529 -4.122 -6.543 -8.532 -10.117 -11.194 -3.899 -7.262 -9.391 -10.515 -11.286 -8.237 -9.56 -10.594 -11.21 -11.669 -9.714 -8.475 -10.027 -12.197 -12.518 -12.578 -10.174
5.491942 -6.092 -0.894 -1.86 -3.562 -6.349 -8.351 -6.467 -4.059 -6.48 -8.47 -10.055 -11.132 -3.837 -7.2 -9.328 -10.453 -11.224 -8.174 -9.498 -10.532 -11.147 -11.606 -9.651 -8.413 -9.965 -12.135 -12.455 -12.516 -10.111
5.658042 -6.03 -0.831 -1.797 -3.5 -6.287 -8.289 -6.404 -3.997 -6.418 -8.407 -9.992 -11.069 -3.774 -7.137 -9.266 -10.39 -11.161 -8.112 -9.435 -10.469 -11.085 -11.544 -9.589 -8.35 -9.903 -12.073 -12.393 -12.453 -10.049
5.829166 -5.967 -0.769 -1.734 -3.437 -6.224 -8.226 -6.342 -3.934 -6.355 -8.345 -9.929 -11.006 -3.711 -7.074 -9.203 -10.328 -11.099 -8.049 -9.373 -10.406 -11.022 -11.481 -9.526 -8.288 -9.84 -12.01 -12.33 -12.391 -9.986
6.005465 -5.904 -0.706 -1.672 -3.374 -6.161 -8.163 -6.279 -3.871 -6.292 -8.282 -9.867 -10.943 -3.648 -7.011 -9.14 -10.265 -11.036 -7.986 -9.31 -10.343 -10.959 -11.418 -9.463 -8.225 -9.777 -11.947 -12.267 -12.328 -9.923
6.187096 -5.841 -0.643 -1.608 -3.311 -6.098 -8.1 -6.216 -3.808 -6.229 -8.219 -9.803 -10.88 -3.585 -6.948 -9.077 -10.202 -10.973 -7.923 -9.247 -10.28 -10.896 -11.355 -9.4 -8.162 -9.714 -11.884 -12.204 -12.265 -9.86
6.37422 -5.778 -0.579 -1.545 -3.248 -6.035 -8.037 -6.152 -3.745 -6.166 -8.155 -9.74 -10.817 -3.522 -6.885 -9.014 -10.139 -10.909 -7.86 -9.183 -10.217 -10.833 -11.292 -9.337 -8.098 -9.651 -11.821 -12.141 -12.201 -9.797
6.567004 -5.714 -0.516 -1.482 -3.184 -5.971 -7.973 -6.089 -3.681 -6.102 -8.092 -9.677 -10.754 -3.459 -6.822 -8.95 -10.075 -10.846 -7.796 -9.12 -10.154 -10.769 -11.228 -9.273 -8.035 -9.587 -11.757 -12.077 -12.138 -9.733
6.765619 -5.65 -0.452 -1.418 -3.121 -5.908 -7.91 -6.025 -3.618 -6.039 -8.028 -9.613 -10.69 -3.395 -6.758 -8.887 -10.011 -10.782 -7.733 -9.056 -10.09 -10.706 -11.165 -9.21 -7.971 -9.523 -11.693 -12.014 -12.074 -9.67
6.97024 -5.587 -0.388 -1.354 -3.057 -5.844 -7.846 -5.961 -3.554 -5.975 -7.964 -9.549 -10.626 -3.331 -6.694 -8.823 -9.947 -10.718 -7.669 -8.992 -10.026 -10.642 -11.101 -9.146 -7.907 -9.459 -11.629 -11.95 -12.01 -9.606
7.181051 -5.523 -0.324 -1.29 -2.993 -5.78 -7.782 -5.897 -3.49 -5.911 -7.9 -9.485 -10.562 -3.267 -6.63 -8.759 -9.883 -10.654 -7.605 -8.928 -9.962 -10.578 -11.037 -9.082 -7.843 -9.395 -11.565 -11.886 -11.946 -9.542
7.398237 -5.458 -0.26 -1.226 -2.929 -5.715 -7.717 -5.833 -3.425 -5.846 -7.836 -9.421 -10.498 -3.203 -6.566 -8.694 -9.819 -10.59 -7.54 -8.864 -9.898 -10.513 -10.973 -9.017 -7.779 -9.331 -11.501 -11.821 -11.882 -9.478
7.621991 -5.394 -0.195 -1.161 -2.864 -5.651 -7.653 -5.769 -3.361 -5.782 -7.771 -9.356 -10.433 -3.138 -6.501 -8.63 -9.755 -10.525 -7.476 -8.799 -9.833 -10.449 -10.908 -8.953 -7.715 -9.267 -11.437 -11.757 -11.818 -9.413
7.852513 -5.329 -0.131 -1.097 -2.799 -5.586 -7.588 -5.704 -3.296 -5.717 -7.707 -9.292 -10.369 -3.074 -6.437 -8.565 -9.69 -10.461 -7.411 -8.735 -9.769 -10.384 -10.843 -8.888 -7.65 -9.202 -11.372 -11.692 -11.753 -9.348
8.090007 -5.264 -0.066 -1.032 -2.735 -5.521 -7.524 -5.639 -3.231 -5.652 -7.642 -9.227 -10.304 -3.009 -6.372 -8.5 -9.625 -10.396 -7.346 -8.67 -9.704 -10.319 -10.779 -8.824 -7.585 -9.137 -11.307 -11.627 -11.688 -9.284
8.334684 -5.199 -0.001 -0.967 -2.67 -5.456 -7.459 -5.574 -3.166 -5.587 -7.577 -9.162 -10.239 -2.944 -6.307 -8.435 -9.56 -10.331 -7.281 -8.605 -9.639 -10.254 -10.714 -8.758 -7.52 -9.072 -11.242 -11.562 -11.623 -9.219
8.586761 -5.134 0.064 -0.902 -2.604 -5.391 -7.393 -5.509 -3.101 -5.522 -7.512 -9.097 -10.173 -2.878 -6.242 -8.37 -9.495 -10.266 -7.216 -8.54 -9.574 -10.189 -10.648 -8.693 -7.455 -9.007 -11.177 -11.497 -11.558 -9.153
8.846461 -5.069 0.13 -0.836 -2.539 -5.326 -7.328 -5.444 -3.036 -5.457 -7.446 -9.031 -10.108 -2.813 -6.176 -8.305 -9.43 -10.2 -7.151 -8.474 -9.508 -10.124 -10.583 -8.628 -7.39 -8.942 -11.112 -11.432 -11.492 -9.088
9.114017 -5.003 0.195 -0.771 -2.473 -5.26 -7.262 -5.378 -2.97 -5.391 -7.381 -8.966 -10.043 -2.748 -6.111 -8.239 -9.364 -10.135 -7.085 -8.409 -9.443 -10.058 -10.517 -8.562 -7.324 -8.876 -11.046 -11.366 -11.427 -9.022
9.389664 -4.937 0.261 -0.705 -2.408 -5.195 -7.197 -5.312 -2.905 -5.326 -7.315 -8.9 -9.977 -2.682 -6.045 -8.174 -9.298 -10.069 -7.02 -8.343 -9.377 -9.993 -10.452 -8.497 -7.258 -8.81 -10.98 -11.301 -11.361 -8.957
9.673648 -4.872 0.327 -0.639 -2.342 -5.129 -7.131 -5.246 -2.839 -5.26 -7.249 -8.834 -9.911 -2.616 -5.979 -8.108 -9.232 -10.003 -6.954 -8.277 -9.311 -9.927 -10.386 -8.431 -7.192 -8.744 -10.914 -11.235 -11.295 -8.891
9.966221 -4.805 0.393 -0.573 -2.276 -5.063 -7.065 -5.18 -2.773 -5.194 -7.183 -8.768 -9.845 -2.55 -5.913 -8.042 -9.166 -9.937 -6.888 -8.211 -9.245 -9.861 -10.32 -8.365 -7.126 -8.678 -10.848 -11.169 -11.229 -8.825
10.267642 -4.739 0.459 -0.507 -2.21 -4.996 -6.999 -5.114 -2.706 -5.127 -7.117 -8.702 -9.779 -2.484 -5.847 -7.975 -9.1 -9.871 -6.821 -8.145 -9.179 -9.794 -10.254 -8.298 -7.06 -8.612 -10.782 -11.102 -11.163 -8.759
10.57818 -4.673 0.526 -0.44 -2.143 -4.93 -6.932 -5.048 -2.64 -5.061 -7.051 -8.635 -9.712 -2.417 -5.78 -7.909 -9.034 -9.805 -6.755 -8.078 -9.112 -9.728 -10.187 -8.232 -6.994 -8.546 -10.716 -11.036 -11.097 -8.692
10.89811 -4.606 0.592 -0.374 -2.077 -4.863 -6.866 -4.981 -2.573 -4.994 -6.984 -8.569 -9.646 -2.351 -5.714 -7.842 -8.967 -9.738 -6.688 -8.012 -9.046 -9.661 -10.121 -8.165 -6.927 -8.479 -10.649 -10.969 -11.03 -8.626
11.227716 -4.54 0.659 -0.307 -2.01 -4.797 -6.799 -4.914 -2.507 -4.928 -6.917 -8.502 -9.579 -2.284 -5.647 -7.776 -8.9 -9.671 -6.622 -7.945 -8.979 -9.595 -10.054 -8.099 -6.86 -8.412 -10.582 -10.903 -10.963 -8.559
11.56729 -4.473 0.726 -0.24 -1.943 -4.73 -6.732 -4.848 -2.44 -4.861 -6.85 -8.435 -9.512 -2.217 -5.58 -7.709 -8.834 -9.604 -6.555 -7.878 -8.912 -9.528 -9.987 -8.032 -6.793 -8.346 -10.516 -10.836 -10.896 -8.492
11.917135 -4.406 0.793 -0.173 -1.876 -4.663 -6.665 -4.78 -2.373 -4.794 -6.783 -8.368 -9.445 -2.15 -5.513 -7.642 -8.766 -9.537 -6.488 -7.811 -8.845 -9.461 -9.92 -7.965 -6.726 -8.279 -10.449 -10.769 -10.829 -8.425
12.277561 -4.338 0.86 -0.106 -1.809 -4.596 -6.598 -4.713 -2.306 -4.727 -6.716 -8.301 -9.378 -2.083 -5.446 -7.575 -8.699 -9.47 -6.421 -7.744 -8.778 -9.394 -9.853 -7.898 -6.659 -8.211 -10.381 -10.702 -10.762 -8.358
12.648887 -4.271 0.927 -0.039 -1.741 -4.528 -6.53 -4.646 -2.238 -4.659 -6.649 -8.234 -9.311 -2.016 -5.379 -7.507 -8.632 -9.403 -6.353 -7.677 -8.711 -9.326 -9.785 -7.83 -6.592 -8.144 -10.314 -10.634 -10.695 -8.29
13.031444 -4.204 0.995 0.029 -1.674 -4.461 -6.463 -4.578 -2.171 -4.592 -6.581 -8.166 -9.243 -1.948 -5.311 -7.44 -8.564 -9.335 -6.286 -7.609 -8.643 -9.259 -9.718 -7.763 -6.524 -8.076 -10.247 -10.567 -10.627 -8.223
13.425571 -4.136 1.062 0.097 -1.606 -4.393 -6.395 -4.511 -2.103 -4.524 -6.514 -8.099 -9.175 -1.88 -5.243 -7.372 -8.497 -9.268 -6.218 -7.542 -8.575 -9.191 -9.65 -7.695 -6.457 -8.009 -10.179 -10.499 -10.56 -8.155
13.831619 -4.068 1.13 0.164 -1.538 -4.325 -6.327 -4.443 -2.035 -4.456 -6.446 -8.031 -9.108 -1.813 -5.176 -7.304 -8.429 -9.2 -6.15 -7.474 -8.508 -9.123 -9.583 -7.627 -6.389 -7.941 -10.111 -10.431 -10.492 -8.087
14.249947 -4.0 1.198 0.232 -1.471 -4.257 -6.26 -4.375 -1.967 -4.388 -6.378 -7.963 -9.04 -1.745 -5.108 -7.236 -8.361 -9.132 -6.082 -7.406 -8.44 -9.055 -9.515 -7.559 -6.321 -7.873 -10.043 -10.363 -10.424 -8.02
14.680926 -3.932 1.266 0.3 -1.402 -4.189 -6.191 -4.307 -1.899 -4.32 -6.31 -7.895 -8.972 -1.677 -5.04 -7.168 -8.293 -9.064 -6.014 -7.338 -8.372 -8.987 -9.447 -7.491 -6.253 -7.805 -9.975 -10.295 -10.356 -7.952
15.124941 -3.864 1.334 0.369 -1.334 -4.121 -6.123 -4.239 -1.831 -4.252 -6.242 -7.827 -8.903 -1.608 -4.971 -7.1 -8.225 -8.996 -5.946 -7.27 -8.303 -8.919 -9.378 -7.423 -6.185 -7.737 -9.907 -10.227 -10.288 -7.883
15.582385 -3.796 1.403 0.437 -1.266 -4.053 -6.055 -4.17 -1.763 -4.184 -6.173 -7.758 -8.835 -1.54 -4.903 -7.032 -8.156 -8.927 -5.878 -7.201 -8.235 -8.851 -9.31 -7.355 -6.116 -7.669 -9.839 -10.159 -10.219 -7.815
16.053663 -3.727 1.471 0.505 -1.197 -3.984 -5.986 -4.102 -1.694 -4.115 -6.105 -7.69 -8.767 -1.472 -4.835 -6.963 -8.088 -8.859 -5.809 -7.133 -8.167 -8.782 -9.242 -7.286 -6.048 -7.6 -9.77 -10.09 -10.151 -7.746
16.539195 -3.659 1.54 0.574 -1.129 -3.916 -5.918 -4.033 -1.626 -4.047 -6.036 -7.621 -8.698 -1.403 -4.766 -6.895 -8.019 -8.79 -5.741 -7.064 -8.098 -8.714 -9.173 -7.218 -5.979 -7.531 -9.701 -10.022 -10.082 -7.678
17.039412 -3.59 1.609 0.643 -1.06 -3.847 -5.849 -3.965 -1.557 -3.978 -5.968 -7.552 -8.629 -1.334 -4.697 -6.826 -7.951 -8.722 -5.672 -6.995 -8.029 -8.645 -9.104 -7.149 -5.911 -7.463 -9.633 -9.953 -10.014 -7.609
17.554757 -3.521 1.677 0.712 -0.991 -3.778 -5.78 -3.896 -1.488 -3.909 -5.899 -7.483 -8.56 -1.265 -4.628 -6.757 -7.882 -8.653 -5.603 -6.927 -7.96 -8.576 -9.035 -7.08 -5.842 -7.394 -9.564 -9.884 -9.945 -7.54
18.085689 -3.452 1.746 0.781 -0.922 -3.709 -5.711 -3.827 -1.419 -3.84 -5.83 -7.414 -8.491 -1.196 -4.559 -6.688 -7.813 -8.584 -5.534 -6.858 -7.891 -8.507 -8.966 -7.011 -5.773 -7.325 -9.495 -9.815 -9.876 -7.471
18.632678 -3.383 1.816 0.85 -0.853 -3.64 -5.642 -3.758 -1.35 -3.771 -5.761 -7.345 -8.422 -1.127 -4.49 -6.619 -7.744 -8.515 -5.465 -6.788 -7.822 -8.438 -8.897 -6.942 -5.704 -7.256 -9.426 -9.746 -9.807 -7.402
19.196211 -3.314 1.885 0.919 -0.784 -3.571 -5.573 -3.688 -1.281 -3.702 -5.691 -7.276 -8.353 -1.058 -4.421 -6.55 -7.674 -8.445 -5.396 -6.719 -7.753 -8.369 -8.828 -6.873 -5.634 -7.186 -9.356 -9.677 -9.737 -7.333
19.776787 -3.244 1.954 0.988 -0.714 -3.501 -5.503 -3.619 -1.211 -3.632 -5.622 -7.207 -8.284 -0.989 -4.352 -6.48 -7.605 -8.376 -5.326 -6.65 -7.684 -8.299 -8.759 -6.803 -5.565 -7.117 -9.287 -9.607 -9.668 -7.263
20.374923 -3.175 2.024 1.058 -0.645 -3.432 -5.434 -3.55 -1.142 -3.563 -5.552 -7.137 -8.214 -0.919 -4.282 -6.411 -7.536 -8.306 -5.257 -6.58 -7.614 -8.23 -8.689 -6.734 -5.496 -7.048 -9.218 -9.538 -9.598 -7.194
20.991149 -3.105 2.093 1.127 -0.575 -3.362 -5.364 -3.48 -1.072 -3.493 -5.483 -7.068 -8.144 -0.849 -4.213 -6.341 -7.466 -8.237 -5.187 -6.511 -7.545 -8.16 -8.619 -6.664 -5.426 -6.978 -9.148 -9.468 -9.529 -7.124
21.626011 -3.035 2.163 1.197 -0.506 -3.292 -5.295 -3.41 -1.002 -3.423 -5.413 -6.998 -8.075 -0.78 -4.143 -6.272 -7.396 -8.167 -5.117 -6.441 -7.475 -8.091 -8.55 -6.595 -5.356 -6.908 -9.078 -9.399 -9.459 -7.055
22.280075 -2.966 2.233 1.267 -0.436 -3.223 -5.225 -3.34 -0.933 -3.354 -5.343 -6.928 -8.005 -0.71 -4.073 -6.202 -7.326 -8.097 -5.048 -6.371 -7.405 -8.021 -8.48 -6.525 -5.286 -6.838 -9.008 -9.329 -9.389 -6.985
22.953921 -2.896 2.303 1.337 -0.366 -3.153 -5.155 -3.27 -0.863 -3.284 -5.273 -6.858 -7.935 -0.64 -4.003 -6.132 -7.256 -8.027 -4.978 -6.301 -7.335 -7.951 -8.41 -6.455 -5.216 -6.768 -8.938 -9.259 -9.319 -6.915
23.648147 -2.826 2.373 1.407 -0.296 -3.083 -5.085 -3.2 -0.793 -3.214 -5.203 -6.788 -7.865 -0.57 -3.933 -6.062 -7.186 -7.957 -4.908 -6.231 -7.265 -7.881 -8.34 -6.385 -5.146 -6.698 -8.868 -9.189 -9.249 -6.845
24.363369 -2.755 2.443 1.477 -0.226 -3.012 -5.015 -3.13 -0.722 -3.143 -5.133 -6.718 -7.795 -0.5 -3.863 -5.992 -7.116 -7.887 -4.837 -6.161 -7.195 -7.81 -8.27 -6.315 -5.076 -6.628 -8.798 -9.118 -9.179 -6.775
25.100222 -2.685 2.513 1.548 -0.155 -2.942 -4.944 -3.06 -0.652 -3.073 -5.063 -6.648 -7.724 -0.429 -3.792 -5.921 -7.046 -7.817 -4.767 -6.091 -7.124 -7.74 -8.199 -6.244 -5.006 -6.558 -8.728 -9.048 -9.109 -6.704
25.859362 -2.615 2.584 1.618 -0.085 -2.872 -4.874 -2.989 -0.582 -3.003 -4.992 -6.577 -7.654 -0.359 -3.722 -5.851 -6.975 -7.746 -4.697 -6.02 -7.054 -7.67 -8.129 -6.174 -4.935 -6.488 -8.658 -8.978 -9.038 -6.634
26.64146 -2.544 2.654 1.688 -0.014 -2.801 -4.803 -2.919 -0.511 -2.932 -4.922 -6.507 -7.584 -0.289 -3.652 -5.78 -6.905 -7.676 -4.626 -5.95 -6.984 -7.599 -8.058 -6.103 -4.865 -6.417 -8.587 -8.907 -8.968 -6.563
27.447213 -2.474 2.725 1.759 0.056 -2.731 -4.733 -2.848 -0.441 -2.862 -4.851 -6.436 -7.513 -0.218 -3.581 -5.71 -6.834 -7.605 -4.556 -5.879 -6.913 -7.529 -7.988 -6.033 -4.794 -6.346 -8.516 -8.837 -8.897 -6.493
28.277335 -2.403 2.796 1.83 0.127 -2.66 -4.662 -2.778 -0.37 -2.791 -4.781 -6.365 -7.442 -0.147 -3.51 -5.639 -6.764 -7.535 -4.485 -5.808 -6.842 -7.458 -7.917 -5.962 -4.724 -6.276 -8.446 -8.766 -8.827 -6.422
29.132564 -2.332 2.866 1.9 0.198 -2.589 -4.591 -2.707 -0.299 -2.72 -4.71 -6.295 -7.371 -0.076 -3.439 -5.568 -6.693 -7.464 -4.414 -5.738 -6.771 -7.387 -7.846 -5.891 -4.653 -6.205 -8.375 -8.695 -8.756 -6.351
30.013659 -2.261 2.937 1.971 0.269 -2.518 -4.52 -2.636 -0.228 -2.649 -4.639 -6.224 -7.301 -0.006 -3.369 -5.497 -6.622 -7.393 -4.343 -5.667 -6.701 -7.316 -7.775 -5.82 -4.582 -6.134 -8.304 -8.624 -8.685 -6.28
30.921401 -2.19 3.008 2.042 0.34 -2.447 -4.449 -2.565 -0.157 -2.578 -4.568 -6.153 -7.23 0.065 -3.298 -5.426 -6.551 -7.322 -4.272 -5.596 -6.63 -7.245 -7.704 -5.749 -4.511 -6.063 -8.233 -8.553 -8.614 -6.209
31.856598 -2.119 3.079 2.113 0.411 -2.376 -4.378 -2.494 -0.086 -2.507 -4.497 -6.082 -7.158 0.137 -3.226 -5.355 -6.48 -7.251 -4.201 -5.525 -6.559 -7.174 -7.633 -5.678 -4.44 -5.992 -8.162 -8.482 -8.543 -6.138
32.820079 -2.048 3.151 2.185 0.482 -2.305 -4.307 -2.423 -0.015 -2.436 -4.426 -6.01 -7.087 0.208 -3.155 -5.284 -6.409 -7.18 -4.13 -5.453 -6.487 -7.103 -7.562 -5.607 -4.369 -5.921 -8.091 -8.411 -8.472 -6.067
33.8127 -1.977 3.222 2.256 0.553 -2.234 -4.236 -2.351 0.056 -2.365 -4.354 -5.939 -7.016 0.279 -3.084 -5.213 -6.337 -7.108 -4.059 -5.382 -6.416 -7.032 -7.491 -5.536 -4.297 -5.849 -8.019 -8.34 -8.4 -5.996
34.835342 -1.905 3.293 2.327 0.624 -2.162 -4.164 -2.28 0.128 -2.293 -4.283 -5.868 -6.945 0.35 -3.013 -5.141 -6.266 -7.037 -3.987 -5.311 -6.345 -6.96 -7.42 -5.464 -4.226 -5.778 -7.948 -8.268 -8.329 -5.925
35.888913 -1.834 3.365 2.399 0.696 -2.091 -4.093 -2.209 0.199 -2.222 -4.211 -5.796 -6.873 0.422 -2.941 -5.07 -6.195 -6.965 -3.916 -5.239 -6.273 -6.889 -7.348 -5.393 -4.155 -5.707 -7.877 -8.197 -8.258 -5.853
36.974349 -1.762 3.436 2.47 0.768 -2.019 -4.021 -2.137 0.271 -2.15 -4.14 -5.725 -6.802 0.493 -2.87 -4.998 -6.123 -6.894 -3.844 -5.168 -6.202 -6.817 -7.277 -5.321 -4.083 -5.635 -7.805 -8.125 -8.186 -5.781
38.092613 -1.691 3.508 2.542 0.839 -1.948 -3.95 -2.065 0.342 -2.079 -4.068 -5.653 -6.73 0.565 -2.798 -4.927 -6.051 -6.822 -3.773 -5.096 -6.13 -6.746 -7.205 -5.25 -4.011 -5.563 -7.733 -8.054 -8.114 -5.71
39.244698 -1.619 3.58 2.614 0.911 -1.876 -3.878 -1.994 0.414 -2.007 -3.997 -5.581 -6.658 0.637 -2.726 -4.855 -5.98 -6.751 -3.701 -5.024 -6.058 -6.674 -7.133 -5.178 -3.94 -5.492 -7.662 -7.982 -8.043 -5.638
40.431627 -1.547 3.651 2.686 0.983 -1.804 -3.806 -1.922 0.486 -1.935 -3.925 -5.51 -6.586 0.709 -2.654 -4.783 -5.908 -6.679 -3.629 -4.953 -5.986 -6.602 -7.061 -5.106 -3.868 -5.42 -7.59 -7.91 -7.971 -5.566
41.654454 -1.475 3.723 2.757 1.055 -1.732 -3.734 -1.85 0.558 -1.863 -3.853 -5.438 -6.515 0.78 -2.583 -4.711 -5.836 -6.607 -3.557 -4.881 -5.915 -6.53 -6.989 -5.034 -3.796 -5.348 -7.518 -7.838 -7.899 -5.494
42.914265 -1.403 3.795 2.829 1.127 -1.66 -3.662 -1.778 0.63 -1.791 -3.781 -5.366 -6.443 0.852 -2.511 -4.639 -5.764 -6.535 -3.485 -4.809 -5.843 -6.458 -6.917 -4.962 -3.724 -5.276 -7.446 -7.766 -7.827 -5.422
44.212178 -1.331 3.867 2.901 1.199 -1.588 -3.59 -1.706 0.702 -1.719 -3.709 -5.294 -6.37 0.925 -2.439 -4.567 -5.692 -6.463 -3.413 -4.737 -5.771 -6.386 -6.845 -4.89 -3.652 -5.204 -7.374 -7.694 -7.755 -5.35
45.549345 -1.259 3.939 2.974 1.271 -1.516 -3.518 -1.634 0.774 -1.647 -3.637 -5.221 -6.298 0.997 -2.366 -4.495 -5.62 -6.391 -3.341 -4.665 -5.698 -6.314 -6.773 -4.818 -3.58 -5.132 -7.302 -7.622 -7.683 -5.278
46.926954 -1.187 4.012 3.046 1.343 -1.444 -3.446 -1.562 0.846 -1.575 -3.564 -5.149 -6.226 1.069 -2.294 -4.423 -5.548 -6.318 -3.269 -4.592 -5.626 -6.242 -6.701 -4.746 -3.508 -5.06 -7.23 -7.55 -7.61 -5.206
48.346227 -1.114 4.084 3.118 1.415 -1.372 -3.374 -1.489 0.918 -1.503 -3.492 -5.077 -6.154 1.141 -2.222 -4.351 -5.475 -6.246 -3.197 -4.52 -5.554 -6.17 -6.629 -4.674 -3.435 -4.987 -7.157 -7.478 -7.538 -5.134
49.808426 -1.042 4.156 3.191 1.488 -1.299 -3.301 -1.417 0.991 -1.43 -3.42 -5.005 -6.081 1.214 -2.149 -4.278 -5.403 -6.174 -3.124 -4.448 -5.481 -6.097 -6.556 -4.601 -3.363 -4.915 -7.085 -7.405 -7.466 -5.061
51.314848 -0.97 4.229 3.263 1.56 -1.227 -3.229 -1.344 1.063 -1.358 -3.347 -4.932 -6.009 1.286 -2.077 -4.206 -5.33 -6.101 -3.052 -4.375 -5.409 -6.025 -6.484 -4.529 -3.29 -4.842 -7.012 -7.333 -7.393 -4.989
52.86683 -0.897 4.301 3.335 1.633 -1.154 -3.156 -1.272 1.136 -1.285 -3.275 -4.86 -5.936 1.359 -2.004 -4.133 -5.258 -6.029 -2.979 -4.303 -5.337 -5.952 -6.411 -4.456 -3.218 -4.77 -6.94 -7.26 -7.321 -4.916
54.465752 -0.824 4.374 3.408 1.705 -1.082 -3.084 -1.199 1.208 -1.213 -3.202 -4.787 -5.864 1.431 -1.932 -4.061 -5.185 -5.956 -2.907 -4.23 -5.264 -5.88 -6.339 -4.384 -3.145 -4.697 -6.867 -7.188 -7.248 -4.844
56.113031 -0.752 4.447 3.481 1.778 -1.009 -3.011 -1.127 1.281 -1.14 -3.129 -4.714 -5.791 1.504 -1.859 -3.988 -5.113 -5.883 -2.834 -4.157 -5.191 -5.807 -6.266 -4.311 -3.073 -4.625 -6.795 -7.115 -7.176 -4.771
57.810132 -0.679 4.519 3.554 1.851 -0.936 -2.938 -1.054 1.354 -1.067 -3.057 -4.642 -5.718 1.577 -1.786 -3.915 -5.04 -5.811 -2.761 -4.085 -5.118 -5.734 -6.193 -4.238 -3.0 -4.552 -6.722 -7.042 -7.103 -4.698
59.55856 -0.606 4.592 3.626 1.923 -0.863 -2.865 -0.981 1.427 -0.994 -2.984 -4.569 -5.646 1.649 -1.714 -3.842 -4.967 -5.738 -2.688 -4.012 -5.046 -5.661 -6.121 -4.165 -2.927 -4.479 -6.649 -6.969 -7.03 -4.626
61.359868 -0.533 4.665 3.699 1.996 -0.79 -2.793 -0.908 1.5 -0.921 -2.911 -4.496 -5.573 1.722 -1.641 -3.77 -4.894 -5.665 -2.615 -3.939 -4.973 -5.588 -6.048 -4.093 -2.854 -4.406 -6.576 -6.897 -6.957 -4.553
63.215655 -0.46 4.738 3.772 2.069 -0.717 -2.72 -0.835 1.573 -0.848 -2.838 -4.423 -5.5 1.795 -1.568 -3.697 -4.821 -5.592 -2.542 -3.866 -4.9 -5.516 -5.975 -4.02 -2.781 -4.333 -6.503 -6.824 -6.884 -4.48
65.127569 -0.387 4.811 3.845 2.142 -0.644 -2.647 -0.762 1.646 -0.775 -2.765 -4.35 -5.427 1.868 -1.495 -3.624 -4.748 -5.519 -2.469 -3.793 -4.827 -5.443 -5.902 -3.947 -2.708 -4.26 -6.43 -6.751 -6.811 -4.407
67.097308 -0.314 4.884 3.918 2.215 -0.571 -2.574 -0.689 1.719 -0.702 -2.692 -4.277 -5.354 1.941 -1.422 -3.55 -4.675 -5.446 -2.396 -3.72 -4.754 -5.369 -5.829 -3.873 -2.635 -4.187 -6.357 -6.677 -6.738 -4.334
69.126621 -0.241 4.957 3.991 2.289 -0.498 -2.5 -0.616 1.792 -0.629 -2.619 -4.204 -5.28 2.014 -1.349 -3.477 -4.602 -5.373 -2.323 -3.647 -4.681 -5.296 -5.755 -3.8 -2.562 -4.114 -6.284 -6.604 -6.665 -4.26
71.217308 -0.168 5.031 4.065 2.362 -0.425 -2.427 -0.543 1.865 -0.556 -2.546 -4.13 -5.207 2.088 -1.275 -3.404 -4.529 -5.3 -2.25 -3.573 -4.607 -5.223 -5.682 -3.727 -2.489 -4.041 -6.211 -6.531 -6.592 -4.187
73.371227 -0.095 5.104 4.138 2.435 -0.352 -2.354 -0.469 1.938 -0.483 -2.472 -4.057 -5.134 2.161 -1.202 -3.331 -4.455 -5.226 -2.177 -3.5 -4.534 -5.15 -5.609 -3.654 -2.415 -3.967 -6.137 -6.458 -6.518 -4.114
75.59029 -0.021 5.177 4.211 2.508 -0.278 -2.28 -0.396 2.012 -0.409 -2.399 -3.984 -5.061 2.234 -1.129 -3.257 -4.382 -5.153 -2.103 -3.427 -4.461 -5.076 -5.536 -3.58 -2.342 -3.894 -6.064 -6.384 -6.445 -4.041
77.876467 0.052 5.251 4.285 2.582 -0.205 -2.207 -0.323 2.085 -0.336 -2.326 -3.91 -4.987 2.308 -1.055 -3.184 -4.309 -5.08 -2.03 -3.353 -4.387 -5.003 -5.462 -3.507 -2.269 -3.821 -5.991 -6.311 -6.372 -3.967
80.231787 0.126 5.324 4.358 2.655 -0.131 -2.134 -0.249 2.159 -0.262 -2.252 -3.837 -4.914 2.381 -0.982 -3.111 -4.235 -5.006 -1.956 -3.28 -4.314 -4.929 -5.389 -3.434 -2.195 -3.747 -5.917 -6.238 -6.298 -3.894
82.658343 0.199 5.398 4.432 2.729 -0.058 -2.06 -0.176 2.232 -0.189 -2.178 -3.763 -4.84 2.455 -0.908 -3.037 -4.162 -4.933 -1.883 -3.206 -4.24 -4.856 -5.315 -3.36 -2.122 -3.674 -5.844 -6.164 -6.225 -3.82
85.158288 0.273 5.471 4.505 2.803 0.016 -1.986 -0.102 2.306 -0.115 -2.105 -3.69 -4.767 2.528 -0.835 -2.963 -4.088 -4.859 -1.809 -3.133 -4.167 -4.782 -5.242 -3.286 -2.048 -3.6 -5.77 -6.09 -6.151 -3.747
87.733843 0.346 5.545 4.579 2.876 0.089 -1.913 -0.028 2.379 -0.042 -2.031 -3.616 -4.693 2.602 -0.761 -2.89 -4.014 -4.785 -1.736 -3.059 -4.093 -4.709 -5.168 -3.213 -1.974 -3.526 -5.696 -6.017 -6.077 -3.673
90.387293 0.42 5.619 4.653 2.95 0.163 -1.839 0.045 2.453 0.032 -1.958 -3.542 -4.619 2.676 -0.687 -2.816 -3.941 -4.712 -1.662 -2.985 -4.019 -4.635 -5.094 -3.139 -1.901 -3.453 -5.623 -5.943 -6.004 -3.599
93.120995 0.494 5.692 4.726 3.024 0.237 -1.765 0.119 2.527 0.106 -1.884 -3.469 -4.545 2.75 -0.614 -2.742 -3.867 -4.638 -1.588 -2.912 -3.946 -4.561 -5.02 -3.065 -1.827 -3.379 -5.549 -5.869 -5.93 -3.525
95.937376 0.568 5.766 4.8 3.097 0.311 -1.691 0.193 2.601 0.18 -1.81 -3.395 -4.472 2.823 -0.54 -2.668 -3.793 -4.564 -1.514 -2.838 -3.872 -4.487 -4.947 -2.991 -1.753 -3.305 -5.475 -5.795 -5.856 -3.452
98.838937 0.642 5.84 4.874 3.171 0.385 -1.618 0.267 2.675 0.254 -1.736 -3.321 -4.398 2.897 -0.466 -2.595 -3.719 -4.49 -1.44 -2.764 -3.798 -4.414 -4.873 -2.918 -1.679 -3.231 -5.401 -5.722 -5.782 -3.378
101.828253 0.716 5.914 4.948 3.245 0.458 -1.544 0.341 2.748 0.327 -1.662 -3.247 -4.324 2.971 -0.392 -2.521 -3.645 -4.416 -1.367 -2.69 -3.724 -4.34 -4.799 -2.844 -1.605 -3.157 -5.327 -5.648 -5.708 -3.304
104.907979 0.79 5.988 5.022 3.319 0.532 -1.47 0.415 2.822 0.401 -1.588 -3.173 -4.25 3.045 -0.318 -2.447 -3.571 -4.342 -1.293 -2.616 -3.65 -4.266 -4.725 -2.77 -1.531 -3.083 -5.253 -5.574 -5.634 -3.23
108.080849 0.864 6.062 5.096 3.393 0.607 -1.396 0.489 2.897 0.476 -1.514 -3.099 -4.176 3.119 -0.244 -2.373 -3.497 -4.268 -1.218 -2.542 -3.576 -4.192 -4.651 -2.696 -1.457 -3.009 -5.179 -5.5 -5.56 -3.156
111.349681 0.938 6.136 5.17 3.467 0.681 -1.322 0.563 2.971 0.55 -1.44 -3.025 -4.102 3.193 -0.17 -2.298 -3.423 -4.194 -1.144 -2.468 -3.502 -4.117 -4.577 -2.621 -1.383 -2.935 -5.105 -5.425 -5.486 -3.082
114.717376 1.012 6.21 5.244 3.542 0.755 -1.247 0.637 3.045 0.624 -1.366 -2.951 -4.027 3.267 -0.096 -2.224 -3.349 -4.12 -1.07 -2.394 -3.428 -4.043 -4.502 -2.547 -1.309 -2.861 -5.031 -5.351 -5.412 -3.007
118.186925 1.086 6.285 5.319 3.616 0.829 -1.173 0.711 3.119 0.698 -1.292 -2.876 -3.953 3.342 -0.021 -2.15 -3.275 -4.046 -0.996 -2.319 -3.353 -3.969 -4.428 -2.473 -1.235 -2.787 -4.957 -5.277 -5.338 -2.933
121.761408 1.16 6.359 5.393 3.69 0.903 -1.099 0.786 3.193 0.772 -1.217 -2.802 -3.879 3.416 0.053 -2.076 -3.2 -3.971 -0.922 -2.245 -3.279 -3.895 -4.354 -2.399 -1.16 -2.712 -4.883 -5.203 -5.263 -2.859
125.443999 1.235 6.433 5.467 3.764 0.978 -1.025 0.86 3.268 0.847 -1.143 -2.728 -3.805 3.49 0.127 -2.002 -3.126 -3.897 -0.847 -2.171 -3.205 -3.82 -4.28 -2.325 -1.086 -2.638 -4.808 -5.128 -5.189 -2.785
129.237967 1.309 6.507 5.542 3.839 1.052 -0.95 0.934 3.342 0.921 -1.069 -2.653 -3.73 3.565 0.202 -1.927 -3.052 -3.823 -0.773 -2.097 -3.13 -3.746 -4.205 -2.25 -1.012 -2.564 -4.734 -5.054 -5.115 -2.71
133.146681 1.383 6.582 5.616 3.913 1.126 -0.876 1.009 3.416 0.995 -0.994 -2.579 -3.656 3.639 0.276 -1.853 -2.977 -3.748 -0.699 -2.022 -3.056 -3.672 -4.131 -2.176 -0.937 -2.489 -4.659 -4.98 -5.04 -2.636
137.173612 1.458 6.656 5.69 3.988 1.201 -0.801 1.083 3.491 1.07 -0.92 -2.505 -3.581 3.714 0.35 -1.778 -2.903 -3.674 -0.624 -1.948 -2.982 -3.597 -4.056 -2.101 -0.863 -2.415 -4.585 -4.905 -4.966 -2.561
141.322334 1.532 6.731 5.765 4.062 1.275 -0.727 1.158 3.565 1.144 -0.845 -2.43 -3.507 3.788 0.425 -1.704 -2.828 -3.599 -0.55 -1.873 -2.907 -3.523 -3.982 -2.027 -0.788 -2.34 -4.51 -4.831 -4.891 -2.487
145.596532 1.607 6.805 5.84 4.137 1.35 -0.652 1.232 3.64 1.219 -0.771 -2.356 -3.432 3.863 0.5 -1.629 -2.754 -3.525 -0.475 -1.799 -2.832 -3.448 -3.907 -1.952 -0.714 -2.266 -4.436 -4.756 -4.817 -2.412
150.0 1.682 6.88 5.914 4.211 1.424 -0.578 1.307 3.714 1.293 -0.696 -2.281 -3.358 3.937 0.574 -1.555 -2.679 -3.45 -0.401 -1.724 -2.758 -3.374 -3.833 -1.878 -0.639 -2.191 -4.361 -4.682 -4.742 -2.338
